45 0.51361 0.532786 0.971502 0.910157 0.884678
51 0.180373 0.675082 0.171515 0.233727 0.837153
45 0.27903 0.0751635 0.268587 0.149609 0.785201
41 0.707519 0.0674935 0.190624 0.134621 0.730585
51 0.508117 0.424694 0.474247 0.515008 0.711955
41 0.960176 0.153004 0.0796471 0.302802 0.709264
60 0.483983 0.502667 0.967783 0.994666 0.63244
51 0.400123 0.636339 0.259642 0.0986791 0.29337
51 0.399001 0.605371 0.259333 0.157246 0.21756
41 0.279868 0.0741829 0.266645 0.148366 0.165098
51 0.357286 0.493838 0.16756 0.242397 0.132234
51 0.554038 0.331609 0.138593 0.163824 0.117866
51 0.182418 0.473695 0.0884293 0.0361305 0.0992659
51 0.549585 0.526959 0.0785911 0.250409 0.0860068
41 0.934189 0.201814 0.131432 0.397431 0.0815632
51 0.400908 0.53734 0.266087 0.326379 0.0814573
51 0.380511 0.474233 0.184564 0.273413 0.0761751
51 0.471619 0.20943 0.0295498 0.0896268 0.0712965
51 0.367828 0.35645 0.111937 0.0824401 0.0621908
51 0.647934 0.454333 0.190117 0.11621 0.0563602
51 0.310606 0.848564 0.0747301 0.0603823 0.0553552
51 0.33596 0.612339 0.137881 0.0598003 0.0513857
51 0.35011 0.356266 0.0752057 0.0798934 0.0433146
51 0.566773 0.352367 0.0844925 0.126635 0.0418448
51 0.440879 0.49453 0.0861797 0.273777 0.0381937
51 0.534155 0.799505 0.021954 0.0314069 0.0355245
51 0.574117 0.362795 0.0691695 0.105785 0.0355231
51 0.478459 0.40153 0.0556482 0.046214 0.0343616
51 0.53823 0.492841 0.100082 0.308948 0.0338863
60 0.0758526 0.488447 0.149393 0.967095 0.0323452
51 0.399277 0.457597 0.192631 0.346014 0.0315193
51 0.427675 0.486755 0.0974175 0.298588 0.0306458
51 0.467804 0.654615 0.124692 0.0615701 0.0289932
51 0.527886 0.383549 0.0669246 0.171014 0.0288869
60 0.507634 0.173893 0.984732 0.342625 0.0286323
51 0.606524 0.475353 0.244269 0.344993 0.0266092
51 0.445165 0.470491 0.109049 0.337189 0.0265731
51 0.455314 0.5236 0.146909 0.311422 0.0264334
51 0.471253 0.241596 0.0305792 0.156485 0.0253678
51 0.412406 0.491362 0.0943748 0.281086 0.0228138
51 0.555652 0.348874 0.105463 0.144619 0.021361
51 0.136025 0.634651 0.0872138 0.150982 0.0213395
51 0.488005 0.291414 0.2856 0.246204 0.0213
51 0.307069 0.844556 0.0667088 0.0452515 0.021018
51 0.54138 0.481842 0.0676842 0.215941 0.0204594
51 0.562301 0.494319 0.0462118 0.243161 0.0201959
51 0.442194 0.330427 0.0999629 0.085894 0.0199192
51 0.51927 0.420249 0.0535338 0.199619 0.0192709
51 0.280025 0.647365 0.0479089 0.0811043 0.0192706
51 0.404626 0.265363 0.123942 0.0895753 0.0185081
51 0.423391 0.509378 0.0538629 0.244944 0.0178004
51 0.273792 0.875949 0.160459 0.140348 0.0170284
51 0.428527 0.272133 0.0975847 0.0803692 0.0169922
51 0.530649 0.401963 0.0561926 0.177846 0.0163123
51 0.207501 0.733161 0.110988 0.116753 0.0160551
51 0.435093 0.481239 0.0450586 0.285938 0.0160336
51 0.55695 0.529427 0.0606363 0.205171 0.0156352
51 0.565622 0.504537 0.0389661 0.180342 0.0155696
51 0.51136 0.388985 0.0743984 0.153515 0.0152958
43 0.0174681 0.834598 0.0345469 0.309114 0.0152646
51 0.537701 0.305854 0.113436 0.115426 0.0149116
51 0.455926 0.209404 0.0609209 0.0899422 0.0147913
51 0.52912 0.452078 0.0529398 0.170772 0.0141535
51 0.419857 0.537786 0.0548719 0.196242 0.0141388
51 0.526193 0.296701 0.0926277 0.0960977 0.0139684
51 0.497763 0.40263 0.100213 0.175235 0.0136455
42 0.0170076 0.837023 0.0328864 0.311451 0.0133022
51 0.472279 0.409348 0.0718657 0.0757822 0.0129862
51 0.449793 0.246749 0.0729197 0.141018 0.0129507
51 0.601064 0.337946 0.0688018 0.0708263 0.0128585
51 0.437132 0.478223 0.0353172 0.250183 0.0128108
50 0.273394 0.29783 0.130999 0.141981 0.0127153
51 0.825919 0.723136 0.0383482 0.0398628 0.0121622
51 0.824716 0.715251 0.0451447 0.056734 0.0120915
51 0.521052 0.351112 0.0674339 0.11072 0.0118
51 0.435927 0.321607 0.0856955 0.0677054 0.0117959
60 0.934315 0.834247 0.13137 0.321261 0.0117711
51 0.311932 0.874567 0.0838159 0.12997 0.0117184
51 0.536069 0.262027 0.0209889 0.0343624 0.0117083
51 0.494641 0.39537 0.322805 0.465554 0.0116065
51 0.43362 0.257069 0.101509 0.113205 0.0106407
44 0.0171154 0.837154 0.0334541 0.311929 0.0105943
51 0.520221 0.252095 0.0158083 0.0375814 0.0105523
51 0.536404 0.413416 0.0416487 0.175087 0.0101076
51 0.514119 0.335329 0.0606909 0.0968126 0.00980455
51 0.414082 0.242346 0.147637 0.155611 0.00976589
51 0.535057 0.456716 0.0588351 0.214562 0.00953412
51 0.545002 0.433142 0.0480873 0.182058 0.00949344
60 0.521579 0.103159 0.956842 0.203134 0.00943914
51 0.515801 0.377403 0.0579916 0.14401 0.00922781
51 0.643685 0.454763 0.155989 0.0958576 0.0091266
41 0.525766 0.03816 0.18363 0.0750906 0.00908726
51 0.479907 0.465512 0.230719 0.371173 0.00862801
51 0.429845 0.282357 0.0698219 0.0577657 0.00861564
51 0.622454 0.432801 0.156192 0.0709535 0.00835586
51 0.564188 0.340465 0.139471 0.126387 0.00804317
60 0.0760852 0.32598 0.149537 0.647605 0.00800514
51 0.462422 0.251021 0.0350843 0.136322 0.00796229
51 0.1756 0.471566 0.0759132 0.029543 0.00793177
51 0.510899 0.332607 0.0647754 0.132346 0.00788233
51 0.614686 0.487334 0.10773 0.09495 0.00785604
51 0.465487 0.447002 0.0878267 0.155997 0.00782874
51 0.625584 0.442882 0.155938 0.0982312 0.00773031
51 0.334973 0.544769 0.0847467 0.13942 0.00772715
51 0.36713 0.341678 0.114018 0.120401 0.00753811
50 0.727091 0.855673 0.207461 0.228371 0.00743672
51 0.555846 0.466604 0.0497066 0.267873 0.00738806
51 0.58314 0.367004 0.0530943 0.10058 0.00738773
51 0.235695 0.787309 0.240548 0.321997 0.00734568
51 0.361371 0.369149 0.0949101 0.105117 0.00722855
51 0.546919 0.463309 0.0481446 0.190431 0.00716823
51 0.604992 0.421643 0.258789 0.306824 0.00705403
40 0.169419 0.132818 0.144523 0.1904 0.00705045
51 0.725375 0.531653 0.028771 0.0394793 0.00695813
51 0.434282 0.313569 0.0734915 0.0584108 0.00682276
51 0.559883 0.562726 0.0550724 0.189429 0.00675136
51 0.442973 0.454418 0.0359326 0.191335 0.00654933
51 0.722696 0.541182 0.0362803 0.0618141 0.00643393
60 0.087234 0.865866 0.169206 0.259241 0.00635278
41 0.0903558 0.0216631 0.0538432 0.0420783 0.0063383
51 0.527345 0.465306 0.127296 0.37117 0.00632152
51 0.459755 0.64697 0.115518 0.0601271 0.00630969
51 0.311461 0.863357 0.0819773 0.0918627 0.00616169
51 0.593247 0.487862 0.0765871 0.101653 0.00608855
51 0.469755 0.328785 0.0401493 0.0820614 0.00604308
51 0.419765 0.280941 0.086409 0.0803688 0.0059557
41 0.172695 0.128 0.151522 0.198629 0.00595418
51 0.404744 0.431929 0.0791914 0.147869 0.00590912
51 0.160675 0.640358 0.133977 0.163205 0.00590119
50 0.183103 0.442579 0.0773615 0.0893806 0.0057773
51 0.491886 0.292798 0.0298948 0.0762379 0.00577623
50 0.277594 0.331026 0.2627 0.21766 0.00571176
51 0.814155 0.713829 0.0685657 0.0630404 0.00560942
51 0.435666 0.310796 0.0911696 0.0910145 0.00556263
51 0.414071 0.416723 0.0836639 0.137687 0.00554991
50 0.252123 0.32126 0.0890859 0.0982661 0.00542161
51 0.360686 0.509916 0.10385 0.160508 0.00523868
51 0.47509 0.360085 0.0344303 0.0551134 0.00523371
51 0.55416 0.362377 0.142447 0.229257 0.00513956
51 0.720465 0.548505 0.0413965 0.0773982 0.00513321
60 0.212261 0.496205 0.421455 0.981661 0.0050807
51 0.348784 0.523859 0.0936431 0.141673 0.00506285
50 0.261504 0.317474 0.143438 0.181496 0.00503278
51 0.32679 0.557599 0.109799 0.146123 0.00500199
51 0.38928 0.407086 0.159318 0.226053 0.00498244
51 0.4791 0.661832 0.102727 0.0385076 0.00497496
51 0.452737 0.33944 0.0753996 0.105319 0.00495511
51 0.468105 0.344904 0.0466007 0.0963456 0.00487542
41 0.869092 0.106736 0.143332 0.209716 0.00486958
51 0.273373 0.846408 0.161039 0.193953 0.00482962
39 0.707824 0.0679344 0.190266 0.134802 0.00481763
51 0.485843 0.330015 0.293818 0.212596 0.00473472
51 0.469452 0.250418 0.0753689 0.152675 0.00453827
51 0.474315 0.320304 0.030102 0.0609799 0.00449732
51 0.436022 0.259317 0.196796 0.191601 0.00447693
51 0.378947 0.240875 0.0754318 0.0447463 0.00446901
51 0.457709 0.373373 0.0961733 0.185957 0.00446379
51 0.645617 0.484607 0.169022 0.0900674 0.00440818
60 0.110201 0.845302 0.216136 0.295637 0.0043776
51 0.628342 0.457541 0.150008 0.0776929 0.00429237
51 0.269802 0.787051 0.169411 0.316397 0.00424236
51 0.528804 0.255618 0.0345552 0.0497903 0.00421283
51 0.43961 0.353052 0.0976261 0.126195 0.0041334
51 0.471588 0.311925 0.03171 0.0561226 0.00409165
51 0.476244 0.308654 0.0261404 0.0469439 0.00409123
51 0.580048 0.496936 0.0486853 0.0951803 0.00407976
51 0.422089 0.318353 0.0907471 0.0709969 0.00404695
51 0.194571 0.699097 0.141395 0.184165 0.00403339
51 0.568323 0.430772 0.0975928 0.182974 0.00398991
51 0.164899 0.606353 0.1227 0.297923 0.00385362
51 0.398397 0.535674 0.0993526 0.189744 0.0038361
51 0.49542 0.282949 0.0638822 0.0933201 0.00381801
51 0.495164 0.45853 0.0939541 0.117139 0.00375837
51 0.514613 0.28772 0.0697603 0.0960648 0.00371331
51 0.342656 0.388597 0.272205 0.207057 0.00368661
50 0.270083 0.278537 0.122885 0.108649 0.00364491
51 0.456923 0.352196 0.0640888 0.116889 0.00363967
51 0.354539 0.533401 0.171012 0.204743 0.00360921
50 0.226229 0.337008 0.126294 0.149553 0.00357389
51 0.479374 0.21196 0.0497352 0.101009 0.00354671
51 0.570217 0.528828 0.0329779 0.111798 0.00351775
50 0.257228 0.308185 0.0974485 0.128707 0.00350916
51 0.485195 0.374875 0.0655061 0.106396 0.00349355
51 0.474349 0.361607 0.0380661 0.0762132 0.00348774
51 0.526951 0.452179 0.327367 0.362651 0.00348663
51 0.482839 0.277807 0.0389536 0.0983482 0.00340453
51 0.292276 0.647271 0.062344 0.0793528 0.00337312
43 0.0147309 0.811351 0.0289174 0.236501 0.00336447
51 0.579626 0.486106 0.080444 0.21022 0.00331452
51 0.369771 0.23683 0.0572754 0.0384242 0.00331274
39 0.960693 0.154084 0.0786137 0.304899 0.00330219
51 0.569731 0.507503 0.032929 0.0919825 0.00329149
51 0.517066 0.458944 0.0534955 0.100513 0.00329116
51 0.505419 0.247759 0.0412748 0.0419266 0.00328735
51 0.556097 0.402963 0.0825435 0.138401 0.00327873
51 0.441716 0.300084 0.0978806 0.128566 0.00321147
50 0.240428 0.341889 0.196166 0.246019 0.00318593
51 0.38728 0.334451 0.0582828 0.0324487 0.00318122
51 0.580944 0.411045 0.0705005 0.0555166 0.00313589
50 0.18655 0.437119 0.0568585 0.065383 0.00313002
51 0.422953 0.407484 0.093906 0.163977 0.00312436
51 0.499633 0.357248 0.0348912 0.0752633 0.00302836
39 0.935176 0.205085 0.129404 0.402433 0.00299752
51 0.392713 0.334692 0.16292 0.133493 0.00299343
51 0.444953 0.230754 0.0368662 0.0417641 0.0029293
51 0.18743 0.468497 0.0955584 0.0415443 0.0029076
60 0.650415 0.501335 0.697304 0.997331 0.00290132
50 0.207938 0.442578 0.0621447 0.0719962 0.00289679
51 0.431511 0.422935 0.0941032 0.203446 0.00288817
51 0.417489 0.292247 0.0727992 0.0504545 0.00279686
51 0.487745 0.414257 0.0787912 0.0734431 0.00279179
51 0.306204 0.622871 0.104702 0.136535 0.00278673
51 0.566697 0.552437 0.0422119 0.180265 0.00277209
45 0.443386 0.243003 0.850374 0.316008 0.00274891
51 0.596906 0.421686 0.104566 0.0741472 0.00273886
51 0.532602 0.316339 0.0934 0.103109 0.0027369
51 0.484867 0.242186 0.0599014 0.157873 0.00269434
51 0.4173 0.560686 0.0437504 0.149916 0.00266832
41 0.433265 0.0479789 0.108008 0.093553 0.00261691
51 0.356489 0.592767 0.164453 0.115943 0.00260586
51 0.127828 0.623635 0.068931 0.128352 0.00259796
51 0.433209 0.618931 0.145416 0.118786 0.00256252
51 0.577507 0.337859 0.101324 0.0876621 0.00248608
51 0.41469 0.276036 0.152178 0.120013 0.00247735
43 0.0244383 0.836525 0.0479164 0.319299 0.00245133
51 0.42147 0.462099 0.0770283 0.211978 0.00244135
51 0.451425 0.227248 0.0476076 0.0478142 0.00241807
51 0.396581 0.685875 0.274998 0.214185 0.00240028
51 0.60807 0.526055 0.275651 0.258604 0.00238231
50 0.203352 0.440053 0.0434399 0.0661654 0.00236586
42 0.799961 0.0919642 0.0474215 0.052832 0.00233763
51 0.341821 0.533464 0.0815831 0.113391 0.00228924
43 0.0178574 0.701337 0.0346197 0.545276 0.00225422
51 0.460208 0.445453 0.0888325 0.200343 0.00222093
51 0.58305 0.391428 0.0675961 0.0618056 0.00220588
51 0.440177 0.391972 0.0908934 0.179647 0.00219885
50 0.272473 0.872868 0.161374 0.142497 0.00215799
44 0.0162642 0.811634 0.0313187 0.230941 0.0021511
44 0.0244383 0.836525 0.0479164 0.319299 0.00212353
51 0.797068 0.718961 0.104339 0.0702939 0.00212333
51 0.608138 0.40928 0.275244 0.206581 0.00211743
51 0.449918 0.430671 0.228524 0.391857 0.00211164
41 0.578835 0.0325898 0.295966 0.0643862 0.0021072
51 0.345146 0.365818 0.067653 0.0796141 0.00209931
45 0.172695 0.128 0.151522 0.198629 0.00201774
51 0.182032 0.492196 0.0888007 0.0715891 0.00200391
51 0.5372 0.273534 0.029461 0.0560256 0.00200036
42 0.0244383 0.836525 0.0479164 0.319299 0.0019877
51 0.374269 0.600088 0.142623 0.139615 0.00198051
51 0.391337 0.326758 0.138617 0.0607588 0.00196862
51 0.387541 0.249011 0.0932208 0.0610774 0.0019587
44 0.0178574 0.701337 0.0346197 0.545276 0.00194278
51 0.793831 0.742892 0.0903862 0.100847 0.00194138
51 0.558951 0.37999 0.0465311 0.0580914 0.00193095
51 0.588879 0.497616 0.0607599 0.102161 0.00192982
41 0.968276 0.0656313 0.0625134 0.127618 0.00191647
51 0.477657 0.460457 0.0604397 0.121414 0.00190166
60 0.147839 0.273986 0.292755 0.54438 0.00188524
51 0.37137 0.495032 0.105563 0.181147 0.00188309
50 0.297253 0.306811 0.19294 0.162605 0.00187185
51 0.180374 0.479857 0.0840855 0.0417021 0.00186807
50 0.242461 0.323917 0.0629456 0.0877101 0.00185743
51 0.319955 0.379996 0.21926 0.177945 0.00184086
51 0.401332 0.332572 0.120503 0.0465853 0.00182223
51 0.456647 0.522498 0.284329 0.281136 0.00182071
41 0.890796 0.201785 0.21543 0.397405 0.00180897
51 0.519955 0.476046 0.0668362 0.140251 0.0018003
40 0.934929 0.208514 0.129807 0.407088 0.00179112
40 0.19129 0.116526 0.189104 0.222414 0.00178429
40 0.433265 0.0479789 0.108008 0.093553 0.00177181
42 0.0147309 0.811351 0.0289174 0.236501 0.00175831
51 0.492109 0.51663 0.206047 0.27816 0.0017572
40 0.0903558 0.0216631 0.0538432 0.0420783 0.00174558
69 0.510939 0.535689 0.972187 0.915367 0.00172529
51 0.292822 0.88212 0.114271 0.124702 0.00171834
51 0.347727 0.441417 0.288282 0.325201 0.00170973
51 0.139178 0.661346 0.0910352 0.204333 0.00170618
51 0.431332 0.441057 0.323783 0.486173 0.0016771
51 0.47854 0.648997 0.212104 0.0876931 0.00167504
50 0.778456 0.673211 0.261957 0.369631 0.00166938
51 0.4871 0.228366 0.121259 0.0761012 0.0016681
40 0.960632 0.153053 0.0783661 0.304328 0.0016658
60 0.301532 0.189095 0.601832 0.37214 0.0016644
51 0.166487 0.598239 0.154733 0.240244 0.00164485
60 0.5 0.31352 1 0.61989 0.00162607
51 0.599836 0.498222 0.0760155 0.105978 0.00162253
51 0.600428 0.462807 0.10199 0.0916718 0.00159296
50 0.714165 0.42127 0.102738 0.154857 0.00158215
51 0.587741 0.474296 0.0903396 0.163629 0.00157931
42 0.0178574 0.701337 0.0346197 0.545276 0.00157493
50 0.188877 0.358607 0.0853921 0.13962 0.00156233
50 0.187065 0.38445 0.0792502 0.132402 0.00153163
50 0.187998 0.447189 0.101653 0.0793123 0.00151584
51 0.810273 0.737265 0.0945019 0.113439 0.00151342
44 0.799961 0.0919642 0.0474215 0.052832 0.0015091
51 0.414293 0.578507 0.0425999 0.114104 0.00148749
60 0.808599 0.210706 0.379496 0.415653 0.00144857
51 0.43145 0.498866 0.0608581 0.250514 0.00144848
51 0.27771 0.471281 0.0526376 0.0419478 0.00144514
51 0.280549 0.476544 0.0591205 0.0537556 0.00142276
