0 0.591383 0.740936 0.276727 0.429383 0.90108
56 0.180888 0.460992 0.0903916 0.0346651 0.589595
56 0.675006 0.458028 0.0998317 0.0355345 0.56799
56 0.27968 0.460125 0.0933746 0.0361468 0.557639
56 0.312615 0.421731 0.0933776 0.037144 0.540907
56 0.162064 0.385403 0.0873589 0.0362114 0.534646
56 0.78222 0.457121 0.0991523 0.0343566 0.506482
0 0.939116 0.376989 0.120236 0.120879 0.502109
56 0.217529 0.422452 0.0932076 0.0373022 0.497148
38 0.689918 0.707751 0.176383 0.0606948 0.493113
56 0.435087 0.382303 0.0916072 0.0397233 0.48338
56 0.0858208 0.460984 0.0887517 0.0334381 0.461224
56 0.343742 0.381787 0.0892687 0.0370874 0.445041
56 0.252371 0.383623 0.0890569 0.0383435 0.441154
56 0.633588 0.50413 0.105244 0.0449546 0.439379
56 0.524638 0.516209 0.107752 0.0665468 0.422286
56 0.124276 0.424049 0.0920092 0.0370668 0.39146
56 0.072134 0.385684 0.0876812 0.0348841 0.391285
56 0.407819 0.421537 0.0927781 0.0374798 0.382603
56 0.797751 0.420835 0.103273 0.0473738 0.363679
56 0.124073 0.518338 0.113096 0.0672543 0.360415
56 0.85563 0.513963 0.116497 0.0687902 0.332835
56 0.858252 0.502217 0.110733 0.0457006 0.325183
56 0.887834 0.455224 0.100808 0.0343212 0.323311
0 0.928 0.392461 0.142251 0.153998 0.318114
56 0.129878 0.508169 0.100417 0.0468185 0.301849
56 0.74191 0.515502 0.112727 0.0699621 0.289703
56 0.039 0.428676 0.0770237 0.0434547 0.285413
56 0.528654 0.381065 0.0916659 0.0395767 0.269754
56 0.52589 0.505885 0.105605 0.0464801 0.257756
56 0.0394307 0.506502 0.0777489 0.0435699 0.257699
56 0.958296 0.501089 0.0834089 0.043103 0.225256
56 0.743629 0.501701 0.107711 0.0429508 0.219915
56 0.5126 0.417502 0.124987 0.112011 0.21466
56 0.631088 0.514769 0.108729 0.0663729 0.210527
56 0.0392714 0.517914 0.0774509 0.0679549 0.161478
56 0.956222 0.511036 0.0875553 0.0626548 0.16006
56 0.122415 0.435187 0.0977482 0.0590864 0.150589
56 0.0187702 0.461731 0.036262 0.0328964 0.145566
56 0.972075 0.457121 0.0553047 0.035928 0.142323
38 0.664659 0.729777 0.222307 0.105538 0.135917
56 0.0393018 0.437928 0.0786035 0.0625565 0.129909
56 0.0711161 0.399596 0.0932643 0.0618268 0.0993623
56 0.405422 0.434737 0.0994011 0.0629113 0.0946152
56 0.403663 0.458277 0.102508 0.111183 0.0793644
38 0.67662 0.703701 0.146376 0.0475025 0.0730898
56 0.778753 0.480405 0.110179 0.0794491 0.0717528
56 0.428199 0.398791 0.105592 0.073308 0.0663422
56 0.254965 0.517364 0.133424 0.0717478 0.0597534
56 0.214282 0.43713 0.101056 0.06686 0.0573192
56 0.248196 0.396143 0.0997805 0.061869 0.0529548
56 0.259319 0.497846 0.131817 0.108156 0.050725
56 0.384176 0.476104 0.135701 0.149554 0.0504687
56 0.309383 0.432274 0.100703 0.057574 0.0458688
38 0.506772 0.661894 0.0765224 0.101939 0.0449517
38 0.680653 0.715517 0.155705 0.0474556 0.0408216
38 0.697731 0.699613 0.171769 0.0448455 0.0401163
56 0.116194 0.539225 0.105968 0.0266826 0.0391146
56 0.0146179 0.386853 0.0287145 0.0359528 0.037941
56 0.511869 0.421937 0.111872 0.0775551 0.0372415
38 0.533842 0.673417 0.0638402 0.0739625 0.0348096
38 0.652248 0.749286 0.0765785 0.067947 0.0336307
38 0.681788 0.72494 0.150235 0.0296848 0.0331994
56 0.394652 0.45533 0.114062 0.0544334 0.0318832
38 0.690182 0.722542 0.177773 0.0917717 0.0288166
56 0.295853 0.457266 0.12174 0.0354823 0.0285155
56 0.377709 0.497277 0.128665 0.112382 0.0280961
0 0.934912 0.434272 0.127244 0.0687277 0.028075
56 0.331724 0.399814 0.114581 0.0730968 0.0276161
38 0.644131 0.742253 0.0967796 0.0816242 0.0272992
56 0.956331 0.497142 0.0867925 0.0647488 0.025967
56 0.907426 0.37486 0.094813 0.0398348 0.0258135
56 0.374814 0.519559 0.125485 0.0704755 0.0254813
56 0.508681 0.436768 0.111878 0.0795783 0.025369
56 0.161518 0.399336 0.0910231 0.0630137 0.0252773
56 0.886375 0.468728 0.106185 0.0612644 0.0240669
56 0.304217 0.443831 0.148067 0.0699489 0.0231516
38 0.608229 0.731564 0.161271 0.106551 0.0217802
56 0.850395 0.533712 0.114515 0.0304365 0.0206985
38 0.675469 0.748186 0.14237 0.0705942 0.0188025
56 0.388799 0.465209 0.11254 0.052748 0.0180427
38 0.62277 0.720042 0.20876 0.0973232 0.0171898
56 0.202771 0.455419 0.102 0.0342469 0.0166707
56 0.397211 0.443714 0.114055 0.0699366 0.0163062
38 0.627794 0.720644 0.124845 0.0362734 0.015971
56 0.397426 0.471964 0.112375 0.0765825 0.0146289
38 0.733798 0.652819 0.0361758 0.0846645 0.0138281
0 0.916103 0.402515 0.149529 0.106196 0.013619
56 0.254177 0.512965 0.104416 0.0609295 0.0132565
56 0.0305388 0.45389 0.0610776 0.0472496 0.0131236
0 0.97059 0.454889 0.0588198 0.0372837 0.0127485
56 0.0349787 0.537804 0.0699575 0.0300688 0.0126722
56 0.951056 0.521022 0.0978876 0.0550432 0.0125396
38 0.546894 0.67404 0.0373812 0.0542586 0.012329
38 0.673793 0.700946 0.135659 0.0353285 0.0112262
38 0.561487 0.687608 0.0915038 0.0792616 0.0106745
38 0.539761 0.670634 0.0522879 0.0514605 0.0105261
38 0.650294 0.712716 0.168687 0.0558745 0.0105252
56 0.959376 0.480414 0.0812477 0.0841652 0.010471
38 0.644583 0.721813 0.0939114 0.0353559 0.010179
0 0.910138 0.374575 0.0978037 0.0413268 0.0101367
56 0.87644 0.480867 0.144715 0.0854162 0.00988445
56 0.394825 0.402839 0.178414 0.0796266 0.00931635
38 0.564892 0.703888 0.0962609 0.0516108 0.00904894
56 0.0831902 0.484265 0.0941267 0.0806938 0.00895098
0 0.910588 0.40648 0.0716699 0.0500761 0.00871286
38 0.739994 0.664113 0.0519974 0.110446 0.00837094
56 0.525146 0.398472 0.100471 0.07279 0.00818002
56 0.278128 0.495454 0.0961662 0.106041 0.00791621
56 0.37765 0.47411 0.113813 0.0699378 0.00786284
56 0.140897 0.41795 0.10904 0.0427843 0.00761259
0 0.956729 0.435836 0.0855272 0.0722898 0.00755239
38 0.728279 0.648869 0.0337452 0.0772102 0.00754341
56 0.729726 0.536167 0.112425 0.0296001 0.00733405
56 0.331754 0.491788 0.212747 0.118751 0.00707361
56 0.0594413 0.404581 0.116017 0.0717193 0.00690538
56 0.418972 0.450125 0.11983 0.131723 0.00690076
56 0.0987068 0.440953 0.126371 0.0723375 0.00679737
0 0.615925 0.624366 0.226517 0.196595 0.00676078
56 0.152913 0.404664 0.122629 0.0735906 0.00673556
38 0.543827 0.697704 0.0466561 0.0382143 0.00667471
56 0.577623 0.515953 0.221182 0.0696938 0.00583676
56 0.508919 0.442613 0.130632 0.126131 0.00579658
0 0.939983 0.424617 0.119173 0.0549748 0.00571558
38 0.579748 0.685082 0.151494 0.103299 0.00553721
56 0.493638 0.425497 0.166952 0.125673 0.00528383
38 0.534195 0.660732 0.133447 0.10778 0.00518087
13 0.78194 0.457113 0.0995705 0.0339407 0.00513306
32 0.542062 0.696254 0.044832 0.0246315 0.00507191
56 0.373159 0.49879 0.106016 0.0436569 0.00501952
38 0.681283 0.676336 0.180769 0.132265 0.00500664
13 0.674848 0.457791 0.100242 0.0350086 0.00486895
56 0.0191616 0.479515 0.0383231 0.0694986 0.00486505
13 0.797805 0.421013 0.102288 0.047707 0.00480586
38 0.489049 0.671266 0.0417023 0.0800566 0.00476858
0 0.909851 0.38146 0.100519 0.0581053 0.00464559
38 0.538657 0.691397 0.0625401 0.0583107 0.00455779
38 0.699606 0.634209 0.0716473 0.107012 0.00431386
38 0.720702 0.695875 0.115207 0.042555 0.00428978
38 0.73452 0.675937 0.0456041 0.130079 0.00428218
38 0.725395 0.666561 0.0817777 0.118541 0.00416696
56 0.24474 0.471654 0.180238 0.161007 0.00402722
38 0.64107 0.719334 0.184071 0.0389992 0.00397703
56 0.299406 0.403411 0.183286 0.0763136 0.00390264
38 0.543837 0.674935 0.108364 0.107083 0.00384766
56 0.175336 0.491953 0.112314 0.10036 0.0037975
38 0.683919 0.750642 0.190768 0.120283 0.00379363
56 0.194393 0.442464 0.123151 0.0692513 0.00369972
56 0.396113 0.456108 0.106648 0.0371534 0.00355774
38 0.705895 0.648019 0.0600841 0.0855847 0.00348669
13 0.217221 0.422606 0.0923337 0.036614 0.00341979
56 0.291135 0.462501 0.347632 0.19554 0.00336403
13 0.40818 0.421963 0.0945635 0.0376461 0.00327712
0 0.900924 0.395971 0.114632 0.0839846 0.0031428
56 0.368298 0.5266 0.118096 0.0516136 0.00312299
13 0.312287 0.422103 0.0929258 0.036138 0.00311506
38 0.641195 0.787141 0.096379 0.130488 0.0030959
56 0.0681672 0.487063 0.132886 0.0773773 0.00306493
38 0.644066 0.771568 0.0860214 0.110304 0.00300795
38 0.991292 0.667307 0.0168809 0.0677288 0.00293964
56 0.388323 0.45604 0.157932 0.163094 0.00293908
56 0.455643 0.4737 0.225808 0.143362 0.00289655
32 0.545355 0.700249 0.046407 0.032646 0.00285965
13 0.886674 0.454563 0.102853 0.0331141 0.0028539
56 0.123384 0.406729 0.186651 0.0750333 0.00281602
56 0.243288 0.521903 0.12167 0.0598448 0.00280237
13 0.124156 0.424299 0.0907889 0.0375959 0.00269851
56 0.62914 0.53545 0.118341 0.0304651 0.00265393
38 0.542062 0.696254 0.044832 0.0246315 0.00265086
56 0.0425865 0.419918 0.0851731 0.0483351 0.00260034
38 0.551323 0.683107 0.0598427 0.0740631 0.00256908
56 0.372243 0.462179 0.11874 0.0454926 0.00256774
56 0.209754 0.405552 0.180704 0.073913 0.00251842
56 0.789137 0.434749 0.113894 0.077347 0.00248963
56 0.950774 0.534515 0.0969771 0.0295943 0.00247341
13 0.279663 0.459986 0.0941082 0.0353021 0.00247243
13 0.252002 0.383386 0.0897088 0.0381387 0.0024111
56 0.500801 0.449829 0.112109 0.053858 0.00236681
56 0.396867 0.424191 0.402703 0.12665 0.00233176
38 0.624043 0.792807 0.0644327 0.115849 0.00232345
0 0.91692 0.448054 0.165568 0.181381 0.00231022
38 0.497497 0.665505 0.0577057 0.0917341 0.0022974
0 0.976555 0.344859 0.0453104 0.058836 0.00225377
0 0.891089 0.410999 0.083709 0.0477036 0.00220221
13 0.162115 0.385867 0.0884326 0.0366212 0.00215966
13 0.182145 0.460722 0.0923808 0.0350063 0.00212723
56 0.492041 0.511425 0.18202 0.0822779 0.00211683
0 0.888555 0.400896 0.157676 0.0991039 0.0020797
56 0.911141 0.39175 0.0936589 0.0755735 0.00207761
13 0.343003 0.382224 0.0889219 0.0374672 0.00205442
56 0.498982 0.470182 0.115321 0.0353553 0.00205219
38 0.581256 0.71632 0.0724917 0.0228607 0.00203994
0 0.933342 0.391282 0.121757 0.0787881 0.00202903
13 0.435218 0.381207 0.0903029 0.0374322 0.00202248
38 0.547412 0.705089 0.0507143 0.0423794 0.00197217
56 0.635583 0.49879 0.117965 0.0596048 0.00196213
56 0.0290053 0.391078 0.0542825 0.0459149 0.00191316
56 0.200314 0.466924 0.285659 0.177698 0.00189817
0 0.888125 0.427413 0.117657 0.0791134 0.00184515
38 0.582324 0.672821 0.21532 0.0889574 0.00181955
38 0.61696 0.687419 0.219756 0.085712 0.00181007
38 0.626581 0.766594 0.130476 0.162116 0.00177577
56 0.354419 0.457992 0.173271 0.0403782 0.00177145
38 0.721376 0.63604 0.0470176 0.10302 0.00173429
13 0.5283 0.380883 0.0926454 0.0393585 0.00173274
13 0.0388284 0.426392 0.0776476 0.0386111 0.00171927
32 0.532977 0.632028 0.0329181 0.0257348 0.00170916
13 0.0871489 0.46124 0.0910954 0.0338828 0.00168535
56 0.673865 0.474329 0.10535 0.0666397 0.00165263
56 0.481994 0.381667 0.193064 0.0483904 0.00161982
38 0.711304 0.667454 0.126097 0.127496 0.00157732
56 0.91692 0.448054 0.165568 0.181381 0.00153011
56 0.388545 0.511194 0.108804 0.0849602 0.00153005
74 0.991292 0.667307 0.0168809 0.0677288 0.00148684
56 0.360122 0.496211 0.1171 0.0781187 0.00147864
0 0.892569 0.409038 0.10166 0.0570881 0.00147802
0 0.987948 0.343868 0.022707 0.0569088 0.00146982
56 0.321328 0.473525 0.194216 0.0669537 0.00144264
0 0.958651 0.363866 0.0821531 0.0966658 0.00143969
56 0.961265 0.468694 0.0774705 0.05982 0.00142473
56 0.501555 0.479923 0.1238 0.0560493 0.0014191
13 0.633405 0.50406 0.105173 0.0453987 0.00141028
0 0.967634 0.347648 0.0633714 0.065509 0.00135717
38 0.620534 0.709537 0.185948 0.0436965 0.00132549
56 0.240067 0.449698 0.3373 0.169693 0.00131121
56 0.157586 0.51623 0.141208 0.071739 0.00129226
38 0.613952 0.697942 0.192518 0.0674099 0.00127947
56 0.502215 0.456905 0.123198 0.042688 0.00127831
56 0.218174 0.443108 0.30831 0.122266 0.00126028
56 0.498988 0.464681 0.107403 0.0240234 0.00124899
13 0.972135 0.460486 0.055731 0.0433422 0.00123662
13 0.524638 0.516209 0.107752 0.0665468 0.00123519
0 0.851275 0.41905 0.221088 0.0990827 0.00118074
56 0.730212 0.487401 0.221298 0.100766 0.00117522
13 0.0733894 0.385989 0.0860697 0.0347542 0.00116321
13 0.0394228 0.506533 0.0771821 0.043688 0.00115961
56 0.515803 0.53718 0.103514 0.0275698 0.00115308
13 0.858252 0.502217 0.110733 0.0457006 0.00113156
56 0.425515 0.378689 0.071223 0.0322683 0.00112727
0 0.563471 0.817356 0.215924 0.267338 0.00112471
56 0.279999 0.43942 0.451317 0.154238 0.00112295
0 0.869527 0.412221 0.0473257 0.0451166 0.00111547
56 0.317322 0.458679 0.148081 0.0368299 0.00110832
13 0.958195 0.50164 0.0836107 0.0434317 0.0011057
38 0.657938 0.662283 0.138206 0.107017 0.00110427
56 0.399749 0.467701 0.198894 0.177414 0.00110042
56 0.919267 0.375327 0.118864 0.0455137 0.00108421
56 0.0170239 0.400721 0.0340477 0.0649433 0.00108227
56 0.517773 0.483866 0.155603 0.050191 0.00107253
13 0.525761 0.506432 0.106202 0.046903 0.00106692
56 0.39245 0.484069 0.122087 0.0926722 0.00104851
13 0.744214 0.501544 0.10802 0.0426959 0.00102127
56 0.162045 0.504006 0.133209 0.0765242 0.00101733
38 0.635556 0.718277 0.158898 0.0306957 0.00101668
38 0.612624 0.796186 0.0408424 0.108272 0.00101137
56 0.851966 0.455412 0.0476828 0.0273998 0.00100356
