6 0.367637 0.531653 0.732932 0.518461 0.818603
58 0.669308 0.666742 0.0962868 0.161886 0.743332
58 0.750338 0.637499 0.0772257 0.124739 0.328617
58 0.772381 0.635923 0.124634 0.127496 0.126866
58 0.798972 0.625131 0.0441139 0.0909027 0.0881789
58 0.350921 0.80576 0.0573742 0.123428 0.0625885
58 0.806867 0.62513 0.053408 0.0990354 0.0437689
58 0.677735 0.659228 0.0633415 0.145206 0.0297062
58 0.348302 0.819913 0.0512806 0.0946696 0.0259183
0 0.723463 0.514398 0.0131437 0.038887 0.0226631
58 0.644646 0.668931 0.0468395 0.141557 0.0217387
58 0.762137 0.633158 0.0524511 0.119366 0.0150579
58 0.792427 0.629205 0.0536562 0.108343 0.0148171
58 0.806649 0.622719 0.0372761 0.0906183 0.0143491
58 0.818091 0.623726 0.0516918 0.0955166 0.0124107
10 0.904533 0.573523 0.1506 0.581311 0.0119919
58 0.649384 0.654602 0.05638 0.128589 0.0117848
58 0.668566 0.714345 0.0573347 0.0665886 0.0110736
58 0.780502 0.637982 0.0257542 0.110445 0.0106732
58 0.774858 0.633533 0.0581417 0.118358 0.0095332
58 0.666897 0.725147 0.0560944 0.0466578 0.0094589
58 0.671407 0.688067 0.0653416 0.11961 0.00835297
58 0.905496 0.572823 0.148552 0.578358 0.00769037
58 0.666754 0.717485 0.0397361 0.0592745 0.00743678
58 0.799956 0.622983 0.0772102 0.101425 0.00714174
58 0.548206 0.784747 0.148843 0.0952731 0.0070695
58 0.690198 0.642552 0.0513454 0.112978 0.00669417
58 0.72693 0.627842 0.0319778 0.0431557 0.00667164
58 0.642018 0.639358 0.0410707 0.0856199 0.00643358
58 0.332598 0.80263 0.114339 0.131792 0.00627103
58 0.665527 0.832108 0.165483 0.161201 0.00613368
6 0.906274 0.574971 0.156547 0.600636 0.00601336
58 0.727984 0.637352 0.0347363 0.0644946 0.00592154
0 0.743262 0.513616 0.0113049 0.034366 0.00528064
58 0.810437 0.632192 0.0348688 0.0800279 0.00522748
58 0.546407 0.810043 0.160526 0.14711 0.00507078
58 0.431979 0.801877 0.0399977 0.0667422 0.00493228
58 0.461654 0.789154 0.0285654 0.0718853 0.0049234
58 0.465583 0.809973 0.0415246 0.11646 0.00486085
58 0.513554 0.779639 0.0802066 0.0839534 0.00463295
58 0.659425 0.677108 0.0583267 0.139219 0.00451553
58 0.429562 0.814432 0.0336876 0.0345914 0.00446817
58 0.593225 0.783475 0.0414126 0.0708614 0.00442654
58 0.731583 0.647322 0.0424972 0.085525 0.00442564
58 0.757243 0.649273 0.0483503 0.100359 0.00431812
58 0.427906 0.818801 0.0428062 0.0432284 0.00408012
58 0.58959 0.77652 0.0315046 0.0608569 0.00399292
58 0.554982 0.778956 0.091601 0.087146 0.00398469
58 0.522337 0.816167 0.21716 0.162521 0.00397247
58 0.534646 0.779578 0.0901583 0.0866633 0.00382936
58 0.640469 0.830395 0.132244 0.163223 0.00351927
58 0.730656 0.806951 0.040344 0.0492299 0.00336704
58 0.636461 0.637237 0.0301508 0.0705128 0.00333491
58 0.585439 0.823297 0.235523 0.175942 0.00327045
58 0.726286 0.626207 0.0340703 0.0596965 0.00324994
58 0.776988 0.622384 0.0240188 0.0991069 0.00316617
58 0.597129 0.804092 0.052528 0.094945 0.00308356
58 0.442275 0.807125 0.0729689 0.107432 0.00292546
58 0.343685 0.796338 0.0421686 0.10987 0.00284627
58 0.593484 0.79282 0.0565731 0.0885235 0.00283372
58 0.828267 0.625582 0.0372976 0.0949567 0.00278381
58 0.340429 0.80264 0.0796604 0.1288 0.00272754
6 0.373099 0.657508 0.74078 0.258369 0.00263965
58 0.801151 0.639706 0.046965 0.0910342 0.0024119
58 0.748131 0.655045 0.0567587 0.0887034 0.00239944
58 0.597857 0.779408 0.0550417 0.0752814 0.0023227
58 0.746337 0.622713 0.0525127 0.0927851 0.00225693
58 0.427839 0.829573 0.04665 0.067365 0.00207236
58 0.654255 0.808191 0.0727248 0.108148 0.00200811
58 0.57822 0.778562 0.0606004 0.0861557 0.00197306
58 0.477214 0.877716 0.0634909 0.154313 0.00194785
58 0.354538 0.79496 0.0711654 0.118522 0.00191996
58 0.443597 0.796836 0.0558859 0.0815997 0.00181514
58 0.599665 0.818988 0.0525311 0.109397 0.00180802
58 0.703929 0.843718 0.0641342 0.0907934 0.00179541
58 0.702455 0.636752 0.0333626 0.0826714 0.00179139
58 0.605014 0.805216 0.0350824 0.0789169 0.00178722
58 0.599012 0.78917 0.0470795 0.0591436 0.00175503
49 0.342157 0.754925 0.0351484 0.0269073 0.00170523
58 0.779312 0.658152 0.023234 0.0759982 0.00169849
6 0.783235 0.533195 0.119869 0.134891 0.00163648
58 0.625166 0.809869 0.150412 0.15337 0.00163627
58 0.692927 0.608879 0.0240221 0.0458636 0.00160143
58 0.369999 0.806628 0.0696475 0.084289 0.00159401
58 0.708276 0.627802 0.033186 0.0736364 0.00156859
58 0.706871 0.610967 0.0313828 0.0478447 0.00154051
58 0.681786 0.673065 0.0578218 0.0839706 0.00153446
51 0.258431 0.754147 0.0805206 0.0431071 0.00146827
49 0.258431 0.754147 0.0805206 0.0431071 0.00146654
58 0.45247 0.826998 0.0990472 0.147755 0.00145474
58 0.477178 0.816329 0.0645969 0.107878 0.00145316
58 0.475533 0.810904 0.557037 0.172628 0.00143602
58 0.474376 0.838871 0.0533701 0.0870392 0.00138867
58 0.366381 0.803014 0.115976 0.125535 0.00132543
58 0.642407 0.828893 0.0890743 0.142826 0.00128114
0 0.805655 0.51388 0.0134398 0.040896 0.00127617
58 0.473618 0.846296 0.112151 0.191328 0.00127539
58 0.608254 0.790604 0.0222164 0.0486791 0.0012534
0 0.886386 0.507458 0.0214561 0.0570326 0.00124615
58 0.484706 0.859538 0.0784214 0.131561 0.00121045
58 0.46317 0.846424 0.0285748 0.0380526 0.00115448
0 0.634097 0.481365 0.0194208 0.0352448 0.00110143
58 0.474942 0.797936 0.0617253 0.0938385 0.00109783
58 0.612204 0.805919 0.0311743 0.0848923 0.00109342
75 0.666754 0.717485 0.0397361 0.0592745 0.00106549
58 0.678337 0.644914 0.0443365 0.113956 0.00104958
58 0.522169 0.782379 0.0592962 0.0829569 0.00102541
6 0.405669 0.424057 0.807005 0.323017 0.00101936
0 0.891241 0.388025 0.0240948 0.034837 0.00101912
58 0.689143 0.835619 0.0944853 0.129306 0.0010035
58 0.670015 0.796906 0.16241 0.187069 0.00100273
58 0.714353 0.834484 0.0768132 0.110367 0.0010016
