58 0.503826 0.505744 0.964625 0.988511 0.129317
47 0.187946 0.443742 0.188795 0.172277 0.120672
9 0.184013 0.44119 0.189962 0.168655 0.0586318
47 0.17937 0.308244 0.204172 0.16815 0.0502772
9 0.154438 0.543018 0.193448 0.132617 0.043317
0 0.824028 0.468836 0.222578 0.50348 0.0384977
9 0.638252 0.821191 0.250435 0.25351 0.0325312
9 0.677113 0.454453 0.143387 0.490987 0.0324162
0 0.819061 0.562317 0.231001 0.323696 0.0225038
9 0.404352 0.667215 0.236901 0.201593 0.0181126
0 0.180835 0.593397 0.212381 0.774764 0.0178745
47 0.848849 0.793773 0.208486 0.3035 0.0171171
39 0.187247 0.442755 0.18603 0.170197 0.0168828
47 0.391996 0.417479 0.230163 0.205748 0.0165493
14 0.631066 0.819481 0.262904 0.255595 0.0137431
59 0.503826 0.505744 0.964625 0.988511 0.0136994
75 0.677113 0.454453 0.143387 0.490987 0.0133966
47 0.3953 0.54376 0.267203 0.183466 0.0124845
47 0.40674 0.674322 0.234003 0.208369 0.0112837
47 0.686306 0.607404 0.130267 0.179351 0.0109884
47 0.676265 0.455354 0.142361 0.495438 0.0105003
39 0.178042 0.647194 0.237199 0.158061 0.0104714
39 0.179949 0.790212 0.248579 0.249054 0.0103856
47 0.156526 0.548731 0.19825 0.143473 0.0102009
14 0.38592 0.547085 0.248939 0.179135 0.0101959
75 0.631066 0.819481 0.262904 0.255595 0.0096285
47 0.83166 0.323906 0.192482 0.206666 0.0094085
62 0.632117 0.819124 0.264925 0.254679 0.00928897
14 0.178042 0.647194 0.237199 0.158061 0.00895911
39 0.384866 0.308524 0.234559 0.140623 0.00847992
14 0.385342 0.307376 0.236897 0.141383 0.00788835
9 0.17732 0.646003 0.235609 0.15472 0.00783503
39 0.40674 0.674322 0.234003 0.208369 0.00735706
39 0.820479 0.569026 0.232115 0.313838 0.00730205
24 0.178042 0.647194 0.237199 0.158061 0.00682405
62 0.676838 0.454552 0.143056 0.491257 0.00679216
32 0.154122 0.544884 0.193319 0.135368 0.00630713
14 0.17842 0.790162 0.252118 0.244594 0.00630403
47 0.37832 0.845089 0.281457 0.193628 0.00598577
9 0.38592 0.547085 0.248939 0.179135 0.00577202
41 0.675014 0.409973 0.138891 0.406105 0.00543913
0 0.187247 0.442755 0.18603 0.170197 0.00542346
62 0.184259 0.442607 0.189459 0.173032 0.00540245
47 0.638252 0.821191 0.250435 0.25351 0.00538474
9 0.848849 0.793773 0.208486 0.3035 0.00527978
62 0.850289 0.792388 0.207856 0.30761 0.00511551
58 0.438503 0.465139 0.341126 0.518479 0.0050863
57 0.52865 0.509387 0.9427 0.981226 0.00480399
75 0.500161 0.502549 0.98013 0.994901 0.00469443
25 0 0.745145 0 0.509711 0.00446376
9 0.17897 0.743817 0.246926 0.151955 0.00445521
72 0 0.297724 0 0.595448 0.0042887
9 0.179107 0.788148 0.247778 0.242817 0.00425798
14 0.40674 0.674322 0.234003 0.208369 0.004242
28 0.519884 0.506119 0.930979 0.987763 0.00419778
19 0.631066 0.819481 0.262904 0.255595 0.00417984
58 0.308109 0.531291 0.616218 0.937418 0.00413993
0 0.17865 0.735598 0.254206 0.354647 0.00412133
37 0 0.745145 0 0.509711 0.00396568
74 0.631066 0.819481 0.262904 0.255595 0.00395468
39 0.8366 0.530798 0.198418 0.24427 0.00388539
47 0.685843 0.55985 0.132322 0.272006 0.00384501
9 0.519747 0.279833 0.103763 0.134881 0.00383994
32 0.178042 0.647194 0.237199 0.158061 0.00352031
9 0.375452 0.197573 0.20186 0.193121 0.0034903
60 0.52865 0.509387 0.9427 0.981226 0.00345719
0 0.437732 0.451586 0.335883 0.518452 0.00337982
69 0.371839 0.520008 0.743678 0.959984 0.00335374
55 0.500161 0.502549 0.98013 0.994901 0.003241
74 0.829205 0.327506 0.187332 0.225072 0.00320369
25 0.500161 0.502549 0.98013 0.994901 0.00316891
9 0.431296 0.281311 0.282569 0.139653 0.00313911
47 0.177007 0.376413 0.201929 0.297633 0.00302133
64 0.154363 0.547357 0.195045 0.140527 0.00298458
62 0.155359 0.544368 0.19505 0.135172 0.0029709
9 0.16126 0.607328 0.205329 0.088169 0.00292778
47 0.820479 0.569026 0.232115 0.313838 0.00290155
69 0.53344 0.50839 0.907123 0.983219 0.00280541
47 0.8366 0.530798 0.198418 0.24427 0.00271308
58 0.676838 0.454552 0.143056 0.491257 0.0026578
14 0.154243 0.549654 0.193688 0.144722 0.00264427
72 0.487818 0.501939 0.975636 0.996122 0.00261605
9 0.546691 0.514063 0.133726 0.384454 0.00256902
74 0.8366 0.530798 0.198418 0.24427 0.00252974
0 0.679021 0.457293 0.148569 0.484624 0.00251701
39 0.675014 0.409973 0.138891 0.406105 0.00249863
56 0.52865 0.509387 0.9427 0.981226 0.0024721
36 0.154438 0.543018 0.193448 0.132617 0.00239658
9 0.685504 0.606951 0.129837 0.180587 0.00229675
9 0.685843 0.55985 0.132322 0.272006 0.00228468
6 0.487818 0.501939 0.975636 0.996122 0.00227162
15 0.17842 0.790162 0.252118 0.244594 0.00226325
72 0 0.745145 0 0.509711 0.00224516
43 0.426905 0.283505 0.294121 0.138083 0.00217804
35 0.17864 0.647484 0.234653 0.159449 0.00217572
33 0.631066 0.819481 0.262904 0.255595 0.00217098
74 0.820479 0.569026 0.232115 0.313838 0.0021618
47 0.438503 0.465139 0.341126 0.518479 0.0021334
24 0.179107 0.788148 0.247778 0.242817 0.00211847
9 0.384866 0.308524 0.234559 0.140623 0.00206482
32 0.187946 0.443742 0.188795 0.172277 0.00206059
67 0.179949 0.790212 0.248579 0.249054 0.00199401
39 0.177883 0.749659 0.242953 0.165686 0.00198874
47 0.391995 0.488595 0.247951 0.305627 0.00198179
10 0.500161 0.502549 0.98013 0.994901 0.001968
13 0.500161 0.502549 0.98013 0.994901 0.00195977
47 0.389398 0.311038 0.242455 0.151131 0.00195891
0 0.226613 0 0.453226 0 0.00193295
41 0.384866 0.308524 0.234559 0.140623 0.00191563
49 0.686306 0.607404 0.130267 0.179351 0.00190935
14 0.8366 0.530798 0.198418 0.24427 0.00187597
14 0.83106 0.320442 0.194717 0.205859 0.00184777
74 0.182365 0.804541 0.0801148 0.0496971 0.00184023
32 0.83166 0.323906 0.192482 0.206666 0.00183123
25 0 0.660687 0 0.678626 0.00182548
67 0.408848 0.677181 0.235438 0.205681 0.00176954
46 0.385342 0.307376 0.236897 0.141383 0.00174397
32 0.179949 0.790212 0.248579 0.249054 0.00172758
14 0.17897 0.743817 0.246926 0.151955 0.00172755
71 0.244037 0 0.488074 0 0.00172001
43 0.385833 0.30172 0.235173 0.128197 0.00171986
26 0.177824 0.647908 0.236627 0.158133 0.00171432
60 0.470898 0.0191805 0.941796 0.0383611 0.00171393
65 0.179949 0.790212 0.248579 0.249054 0.00168258
78 0.179949 0.790212 0.248579 0.249054 0.00168067
64 0.17842 0.790162 0.252118 0.244594 0.00165859
32 0.385342 0.307376 0.236897 0.141383 0.00164151
9 0.388861 0.417267 0.225038 0.199061 0.00162783
14 0.187247 0.442755 0.18603 0.170197 0.00161278
47 0.431296 0.281311 0.282569 0.139653 0.00159943
14 0.426905 0.283505 0.294121 0.138083 0.00156677
67 0.155359 0.544368 0.19505 0.135172 0.00155568
49 0.187946 0.443742 0.188795 0.172277 0.0015448
61 0.487818 0.501939 0.975636 0.996122 0.00153485
67 0.677361 0.456323 0.143164 0.497063 0.00153482
39 0.382128 0.285416 0.22221 0.0929609 0.00150219
77 0.678138 0.45582 0.146002 0.488623 0.00150126
47 0.185565 0.264027 0.210991 0.257347 0.00149173
39 0.849437 0.794567 0.207855 0.302108 0.00148791
45 0.438933 0.452253 0.336692 0.505169 0.00145918
33 0.38592 0.547085 0.248939 0.179135 0.00145125
74 0.166747 0.80499 0.0435466 0.0444673 0.00142092
43 0.184259 0.442607 0.189459 0.173032 0.00141892
37 0 0.660687 0 0.678626 0.00141385
9 0.37832 0.845089 0.281457 0.193628 0.00140849
21 0.187247 0.442755 0.18603 0.170197 0.00140741
0 0.848898 0.792174 0.205589 0.307464 0.00139675
74 0.180527 0.793278 0.249439 0.244375 0.00137794
0 0.824028 0.656843 0.24474 0.592596 0.00137484
0 0.763047 0.460476 0.318888 0.497775 0.00136295
0 0.179273 0.622252 0.251598 0.582483 0.00136214
64 0.848849 0.793773 0.208486 0.3035 0.00134796
43 0.727923 0.219981 0.499515 0.0954027 0.00132087
43 0 0.745145 0 0.509711 0.00131154
14 0.382128 0.285416 0.22221 0.0929609 0.00129855
32 0.410082 0.687091 0.234081 0.182989 0.00129771
65 0.389398 0.311038 0.242455 0.151131 0.00129598
28 0.154883 0.535903 0.193816 0.119021 0.00128546
56 0.676437 0.455938 0.143553 0.4951 0.00127301
46 0.17842 0.790162 0.252118 0.244594 0.00126293
60 0.00170462 0.515516 0.00340925 0.968969 0.0012562
39 0.38592 0.547085 0.248939 0.179135 0.00125575
28 0.185639 0.443761 0.186696 0.171338 0.00125211
9 0.382128 0.285416 0.22221 0.0929609 0.00124329
41 0.17842 0.790162 0.252118 0.244594 0.0012359
16 0.17842 0.790162 0.252118 0.244594 0.00122744
64 0.408848 0.677181 0.235438 0.205681 0.00122628
45 0.179947 0.735343 0.244929 0.360556 0.0012221
39 0.541476 0.512846 0.131335 0.381849 0.00122195
24 0.177883 0.749659 0.242953 0.165686 0.00121397
78 0.178042 0.647194 0.237199 0.158061 0.00120273
9 0.440955 0.539768 0.319102 0.329459 0.00120258
0 0.632117 0.819124 0.264925 0.254679 0.00119367
36 0.184259 0.442607 0.189459 0.173032 0.00119168
14 0.67867 0.45532 0.14546 0.487145 0.00118032
19 0.386639 0.54382 0.250776 0.180038 0.00117397
14 0.37832 0.845089 0.281457 0.193628 0.00117308
58 0.631066 0.819481 0.262904 0.255595 0.00117201
77 0.17842 0.790162 0.252118 0.244594 0.00114778
74 0.404235 0.669678 0.238644 0.205531 0.00114715
14 0.820479 0.569026 0.232115 0.313838 0.00114179
75 0.436411 0.469243 0.345047 0.515683 0.00113475
43 0.812433 0.57692 0.227283 0.296796 0.00113213
26 0.179298 0.791137 0.249262 0.244402 0.00112841
52 0.385342 0.307376 0.236897 0.141383 0.00112352
62 0.68826 0.812171 0.55478 0.352501 0.00111881
71 0.487818 0.501939 0.975636 0.996122 0.00110644
0 0.541476 0.512846 0.131335 0.381849 0.00110257
75 0.187247 0.442755 0.18603 0.170197 0.00106832
14 0.38732 0.416366 0.22122 0.206957 0.0010654
14 0.849437 0.794567 0.207855 0.302108 0.00106478
0 0.431545 0.352621 0.298831 0.285151 0.00106251
39 0.178609 0.30746 0.200576 0.164183 0.00106046
77 0.385342 0.307376 0.236897 0.141383 0.00102502
0 0.775277 0 0.449447 0 0.00102481
55 0.820479 0.569026 0.232115 0.313838 0.00100872
44 0.262694 0.952115 0.510033 0.085761 0.00100029
