25 0.469386 0.455274 0.924582 0.719984 0.655037
59 0.476585 0.459812 0.95317 0.726091 0.034024
25 0.00145955 0.497442 0.00291909 0.994884 0.0262026
33 0.47576 0.480682 0.940898 0.772392 0.0245582
28 0.655704 0.69383 0.266472 0.132081 0.0162283
58 0.00220748 0.514169 0.00441496 0.971662 0.0152769
0 0.62239 0.750543 0.377971 0.485238 0.0132912
55 0.476192 0.474119 0.952385 0.759068 0.0131824
0 0.674938 0.659289 0.592021 0.681422 0.0126005
50 0.132706 0.908708 0.26406 0.0997215 0.0108422
0 0.484825 0.70456 0.124498 0.255001 0.0108352
58 0.480129 0.46082 0.946153 0.731779 0.00955051
0 0.679461 0.731472 0.53866 0.52068 0.00938985
14 0.621333 0.867337 0.357022 0.254203 0.00708601
27 0.0021999 0.512373 0.0043998 0.975255 0.00626358
27 0.658721 0.689741 0.256377 0.12686 0.00604883
0 0.574583 0.577149 0.437119 0.845702 0.00531572
14 0.476585 0.459812 0.95317 0.726091 0.00525635
56 0.00220748 0.514169 0.00441496 0.971662 0.00523028
17 0.47576 0.480682 0.940898 0.772392 0.00488064
0 0.460484 0.70479 0.174872 0.261952 0.00484833
59 0.487247 0.597002 0.974494 0.805996 0.00476167
37 0.476192 0.474119 0.952385 0.759068 0.00450805
25 0.352206 0.594381 0.673011 0.677832 0.00384012
50 0.248352 0.900431 0.496704 0.109767 0.0036484
0 0.559467 0.433879 0.180941 0.213163 0.00349203
25 0.49989 0.351097 0.99978 0.702193 0.00333428
0 0.42862 0.630886 0.628017 0.738229 0.0032115
73 0.65683 0.692702 0.263357 0.131396 0.00309259
60 0.476585 0.459812 0.95317 0.726091 0.00298047
0 0.595602 0.407428 0.258034 0.271427 0.00294325
25 0.229221 0.415233 0.448053 0.620387 0.00272444
0 0.453708 0.654157 0.182217 0.351489 0.00271925
75 0.620639 0.820567 0.354404 0.345961 0.00269347
27 0.620639 0.820567 0.354404 0.345961 0.00266206
0 0.492318 0.678751 0.109088 0.204523 0.00265807
27 0.748567 0.736008 0.452022 0.512795 0.00256896
13 0.476192 0.474119 0.952385 0.759068 0.00256169
14 0.615107 0.762383 0.356679 0.458409 0.00254565
26 0.655704 0.69383 0.266472 0.132081 0.00252235
36 0.00220748 0.514169 0.00441496 0.971662 0.00250983
27 0.65864 0.71387 0.267918 0.18826 0.00223899
25 0.453708 0.654157 0.182217 0.351489 0.00223893
43 0.454018 0.60041 0.185656 0.33616 0.00217536
58 0.49989 0.351097 0.99978 0.702193 0.00217474
26 0.00163856 0.509783 0.00327712 0.980434 0.00215384
0 0.620639 0.820567 0.354404 0.345961 0.00204757
59 0.00180762 0.499409 0.00361524 0.998818 0.00204653
59 0.659285 0.6487 0.608207 0.7026 0.0020358
27 0.453708 0.654157 0.182217 0.351489 0.00197375
25 0.511341 0.545915 0.297503 0.603648 0.00180289
46 0.825926 0.394848 0.348148 0.789697 0.00177601
57 0.00220748 0.514169 0.00441496 0.971662 0.00175694
58 0.453708 0.654157 0.182217 0.351489 0.00172892
24 0.654142 0.694823 0.26238 0.131064 0.00172174
0 0.00220748 0.514169 0.00441496 0.971662 0.00171801
60 0.00180762 0.499409 0.00361524 0.998818 0.00171328
25 0.547413 0.61079 0.370252 0.77842 0.00170845
43 0.640946 0.523813 0.243633 0.263733 0.00170082
25 0.922688 0.562104 0.154625 0.875792 0.00169322
24 0.453708 0.654157 0.182217 0.351489 0.00167915
57 0.487247 0.597002 0.974494 0.805996 0.00161561
28 0.682228 0.698123 0.254864 0.0972998 0.00159511
73 0.841021 0.0600707 0.317957 0.116423 0.00159144
58 0.574583 0.577149 0.437119 0.845702 0.00152078
37 0.833935 0.0684974 0.332131 0.123416 0.00151908
37 0.00220748 0.514169 0.00441496 0.971662 0.00150585
26 0.453708 0.654157 0.182217 0.351489 0.00148711
25 0.824188 0.403413 0.351624 0.806826 0.00146669
27 0.650131 0.753269 0.271554 0.0878296 0.00143501
27 0.547413 0.61079 0.370252 0.77842 0.00142968
33 0.472965 0.652533 0.945054 0.692529 0.00141868
28 0.65864 0.71387 0.267918 0.18826 0.00140676
33 0.00220748 0.514169 0.00441496 0.971662 0.00134206
0 0.476585 0.459812 0.95317 0.726091 0.00131452
0 0.354842 0.525963 0.61863 0.540911 0.0013122
43 0.00163856 0.509783 0.00327712 0.980434 0.00130302
37 0 0.135383 0 0.270767 0.0012987
65 0.660136 0.690833 0.256612 0.132147 0.00126109
58 0.647098 0.643981 0.586413 0.712038 0.00126067
25 0.847329 0.0584751 0.305341 0.114657 0.00124043
58 0.622555 0.773757 0.359555 0.438569 0.001239
58 0.911672 0.54948 0.176655 0.901039 0.00123432
27 0.825926 0.394848 0.348148 0.789697 0.00121108
57 0.476585 0.459812 0.95317 0.726091 0.00120255
76 0.00220748 0.514169 0.00441496 0.971662 0.00119331
24 0.628666 0.809712 0.302089 0.12577 0.00118536
0 0.536225 0.389464 0.122951 0.0916754 0.0011639
43 0.42705 0.628222 0.130553 0.264005 0.00110301
39 0.466641 0.707634 0.162666 0.258173 0.00109756
24 0.620493 0.895223 0.349362 0.184143 0.00109568
25 0.818854 0.559012 0.360445 0.881976 0.00108343
0 0.511341 0.545915 0.297503 0.603648 0.00106293
28 0.685361 0.659618 0.229016 0.0646646 0.00104728
28 0.659285 0.6487 0.608207 0.7026 0.00102854
25 0.838845 0.0911282 0.322309 0.174744 0.00102255
14 0.453708 0.654157 0.182217 0.351489 0.00102037
