0 0.405306 0.605246 0.112023 0.33061 0.210263
14 0.206389 0.464013 0.0226654 0.022327 0.149011
0 0.27062 0.568813 0.0790622 0.263038 0.104791
0 0.740146 0.578337 0.058963 0.29452 0.080498
0 0.377181 0.600832 0.163871 0.330329 0.0628831
0 0.582322 0.587489 0.106065 0.229888 0.0518475
77 0.590722 0.585714 0.0892007 0.230545 0.0498659
0 0.780152 0.578403 0.139557 0.295503 0.0330869
35 0.206389 0.464013 0.0226654 0.022327 0.0261571
14 0.481122 0.257579 0.0262012 0.0246267 0.0221309
0 0.442334 0.609394 0.155434 0.325181 0.0201111
0 0.531474 0.589308 0.084052 0.246204 0.0188925
0 0.500991 0.591512 0.124857 0.261759 0.0177338
0 0.329884 0.561828 0.0952533 0.240852 0.0146183
24 0.747963 0.330052 0.04738 0.0873412 0.0135695
0 0.393055 0.546384 0.0947436 0.252541 0.0133213
0 0.706041 0.556753 0.140197 0.336969 0.0132942
14 0.322234 0.456849 0.0340892 0.0500867 0.0121356
67 0.206389 0.464013 0.0226654 0.022327 0.0121129
24 0.606374 0.296644 0.0601994 0.11673 0.0105962
26 0.298223 0.601108 0.0396799 0.0611615 0.00995466
24 0.298223 0.601108 0.0396799 0.0611615 0.00914115
24 0.302796 0.580567 0.0533001 0.123505 0.00862598
0 0.320951 0.578311 0.0749076 0.204077 0.00858632
24 0.25654 0.527348 0.0524215 0.103906 0.00854698
0 0.308498 0.539724 0.0739225 0.221171 0.00851622
0 0.35756 0.565844 0.151854 0.261239 0.0083349
0 0.472838 0.589203 0.0823142 0.254889 0.00813133
0 0.459382 0.332819 0.0271154 0.0708785 0.00774944
24 0.472838 0.589203 0.0823142 0.254889 0.00770488
0 0.28931 0.497972 0.0419703 0.124352 0.00750694
32 0.206389 0.464013 0.0226654 0.022327 0.00740731
14 0.466403 0.327124 0.0847223 0.0946133 0.00738296
0 0.270204 0.504686 0.0774755 0.143242 0.00717759
0 0.284069 0.501989 0.0631269 0.138583 0.00716516
19 0.206389 0.464013 0.0226654 0.022327 0.00690737
26 0.25654 0.527348 0.0524215 0.103906 0.00666952
0 0.306677 0.506356 0.0718898 0.158075 0.00657171
24 0.267083 0.527554 0.0714833 0.106909 0.00641099
16 0.472838 0.589203 0.0823142 0.254889 0.00636324
24 0.291381 0.61955 0.0605073 0.112894 0.00630513
28 0.420691 0.691779 0.0709076 0.15231 0.00630406
26 0.302796 0.580567 0.0533001 0.123505 0.00628367
14 0.741099 0.570046 0.0570463 0.31124 0.00612319
0 0.417172 0.582835 0.145652 0.2923 0.00610411
14 0.472838 0.589203 0.0823142 0.254889 0.00561351
77 0.525266 0.585542 0.0739246 0.246703 0.00548625
28 0.418802 0.712339 0.073373 0.104729 0.00507531
36 0.440138 0.291308 0.0460752 0.0214652 0.0049547
24 0.3217 0.580775 0.0739884 0.211627 0.00459182
26 0.422221 0.674586 0.0713043 0.189423 0.00452134
26 0.323204 0.59454 0.0763924 0.178946 0.00434622
16 0.500991 0.591512 0.124857 0.261759 0.00427327
77 0.585413 0.515004 0.081245 0.176839 0.00420174
26 0.311042 0.5647 0.0721502 0.166435 0.00404409
77 0.496811 0.58542 0.126973 0.25093 0.00401545
0 0.786395 0.515503 0.171746 0.425663 0.00394303
26 0.455988 0.607408 0.0528482 0.182178 0.00382498
64 0.206389 0.464013 0.0226654 0.022327 0.00373986
14 0.694885 0.563476 0.151622 0.308478 0.00370505
14 0.574592 0.454314 0.033943 0.0257886 0.00368825
14 0.734717 0.603632 0.238897 0.229729 0.0036532
14 0.462108 0.308727 0.0923937 0.134362 0.00364411
44 0.206389 0.464013 0.0226654 0.022327 0.00364047
0 0.322234 0.456849 0.0340892 0.0500867 0.00357857
0 0.326358 0.585 0.261435 0.370804 0.00355184
14 0.434972 0.291475 0.0326267 0.0200243 0.00354773
77 0.588064 0.548343 0.073045 0.148208 0.00353503
0 0.787402 0.645284 0.158364 0.157861 0.0033848
24 0.436966 0.618784 0.0968475 0.291052 0.00336215
0 0.323026 0.518711 0.079643 0.182076 0.00334877
14 0.459382 0.332819 0.0271154 0.0708785 0.00332466
16 0.206389 0.464013 0.0226654 0.022327 0.00331548
77 0.570709 0.499268 0.10666 0.207404 0.00330883
26 0.746936 0.329098 0.049991 0.0864417 0.00323859
14 0.784871 0.56267 0.151815 0.325449 0.00323364
14 0.475579 0.331023 0.0674753 0.0812531 0.00322294
26 0.419832 0.699297 0.0686146 0.137387 0.00320965
24 0.450408 0.61722 0.065608 0.288905 0.00316641
37 0.00051987 0.811664 0.00103974 0.376673 0.0031561
26 0.266458 0.527603 0.0627274 0.1027 0.00314632
13 0.686388 0.618143 0.359918 0.210289 0.00313067
0 0.43647 0.618304 0.0933081 0.294531 0.0031158
77 0.475576 0.590399 0.0765246 0.255902 0.00311282
45 0.730142 0.420538 0.0351827 0.0230819 0.00310555
24 0.311042 0.5647 0.0721502 0.166435 0.00310549
0 0.453212 0.599891 0.0621516 0.270455 0.00307292
24 0.420691 0.691779 0.0709076 0.15231 0.00297958
24 0.278776 0.521565 0.0438854 0.101393 0.0029636
36 0.812167 0.626495 0.110636 0.105796 0.00295064
0 0.734717 0.603632 0.238897 0.229729 0.00292808
25 0.00051987 0.811664 0.00103974 0.376673 0.00292215
0 0.570709 0.499268 0.10666 0.207404 0.00290036
24 0.519969 0.508222 0.0585914 0.084028 0.00272781
14 0.526245 0.302109 0.214824 0.171782 0.00265747
24 0.480454 0.546995 0.0655413 0.164564 0.00265217
37 0.0798895 0.633932 0.158226 0.0893693 0.00264588
16 0.741099 0.570046 0.0570463 0.31124 0.0025849
30 0.333086 0.698538 0.137379 0.0437756 0.00257558
2 0.206389 0.464013 0.0226654 0.022327 0.00248834
30 0.733409 0.71664 0.0539106 0.0197557 0.00245655
26 0.278776 0.521565 0.0438854 0.101393 0.00244015
77 0.320197 0.571861 0.0785297 0.218067 0.00232002
26 0.291381 0.61955 0.0605073 0.112894 0.00228143
26 0.450408 0.61722 0.065608 0.288905 0.0022493
77 0.521375 0.503486 0.0538156 0.0795973 0.00223598
54 0.206389 0.464013 0.0226654 0.022327 0.00220808
0 0.585413 0.515004 0.081245 0.176839 0.00220779
25 0.32241 0.53973 0.064729 0.130617 0.00217247
0 0.474734 0.332393 0.0672747 0.0801853 0.00216168
58 0.587837 0.587017 0.0941067 0.228835 0.00211522
14 0.491441 0.320137 0.138586 0.113128 0.00211138
14 0.503224 0.320106 0.168175 0.150996 0.00210607
14 0.403849 0.411936 0.0439374 0.0377805 0.00208497
0 0.423618 0.547054 0.177023 0.309096 0.00208366
45 0.730667 0.433059 0.0360189 0.050181 0.00208184
77 0.271148 0.570239 0.0798023 0.247528 0.00208026
26 0.478104 0.586953 0.0516002 0.233629 0.00206831
36 0.206389 0.464013 0.0226654 0.022327 0.00206354
16 0.590722 0.585714 0.0892007 0.230545 0.00205779
0 0.499296 0.511737 0.1145 0.11341 0.00205246
14 0.457357 0.343201 0.0295675 0.0558576 0.00199777
37 0.68143 0.557548 0.152788 0.0746357 0.00198799
13 0.608828 0.617813 0.514729 0.249825 0.00197381
26 0.43647 0.618304 0.0933081 0.294531 0.00195614
16 0.27062 0.568813 0.0790622 0.263038 0.00193134
24 0.588064 0.548343 0.073045 0.148208 0.00191468
36 0.584714 0.676931 0.103537 0.0500236 0.00189087
74 0.206389 0.464013 0.0226654 0.022327 0.00186366
0 0.527176 0.510702 0.0684319 0.127649 0.00185847
50 0.481122 0.257579 0.0262012 0.0246267 0.00185177
14 0.269092 0.56995 0.0790953 0.256608 0.00183761
0 0.289908 0.468173 0.0395578 0.066745 0.0018295
26 0.605629 0.293188 0.0600099 0.107995 0.00182846
36 0.434972 0.291475 0.0326267 0.0200243 0.00182274
4 0.454592 0.321079 0.106499 0.115581 0.00179604
63 0.664833 0.553226 0.118373 0.0705278 0.0017831
4 0.526245 0.302109 0.214824 0.171782 0.00177622
26 0.483865 0.545035 0.0564123 0.156142 0.00175861
45 0.730349 0.425319 0.0354444 0.0333509 0.0017527
30 0.443495 0.609714 0.112113 0.291784 0.00170848
37 0.664833 0.553226 0.118373 0.0705278 0.00162572
25 0.000309771 0.328158 0.000619543 0.656317 0.00162023
61 0.730406 0.437071 0.0359901 0.0570822 0.00161952
14 0.450408 0.61722 0.065608 0.288905 0.0015873
30 0.469675 0.604983 0.0869935 0.282911 0.00158459
77 0.517907 0.49152 0.0578843 0.0758412 0.00156945
2 0.434972 0.291475 0.0326267 0.0200243 0.00155991
24 0.527945 0.513385 0.0451604 0.0699962 0.00155458
14 0.590722 0.585714 0.0892007 0.230545 0.00154608
14 0.289908 0.468173 0.0395578 0.066745 0.00154364
14 0.440138 0.291308 0.0460752 0.0214652 0.00153217
77 0.308498 0.539724 0.0739225 0.221171 0.00151318
29 0.206389 0.464013 0.0226654 0.022327 0.00150889
0 0.554013 0.562681 0.0363163 0.0727612 0.00150371
24 0.206569 0.464903 0.0227238 0.0238597 0.00150141
28 0.404071 0.70924 0.0945642 0.100179 0.0014976
27 0.589274 0.538286 0.0702433 0.124308 0.00149554
24 0.502329 0.507492 0.0894238 0.0924521 0.00149006
26 0.540205 0.539906 0.046361 0.0843571 0.00147969
0 0.605629 0.293188 0.0600099 0.107995 0.00146854
33 0.474408 0.595486 0.0748997 0.262468 0.00146428
26 0.465516 0.591625 0.0418392 0.228698 0.00143668
0 0.454105 0.596956 0.121126 0.267046 0.00143364
26 0.469675 0.604983 0.0869935 0.282911 0.00143206
14 0.0794892 0.634582 0.158227 0.0908344 0.00143194
37 0.692833 0.571303 0.159959 0.301713 0.00141466
65 0.206389 0.464013 0.0226654 0.022327 0.00141072
24 0.45925 0.542572 0.0489143 0.159551 0.00140989
37 0.000309771 0.328158 0.000619543 0.656317 0.00140643
33 0.206389 0.464013 0.0226654 0.022327 0.00140172
25 0.00597155 0.413582 0.0119431 0.827164 0.00140148
26 0.457396 0.642111 0.0538418 0.133525 0.00137994
4 0.450647 0.336861 0.116233 0.110299 0.0013797
24 0.282536 0.629499 0.0472986 0.123405 0.00136703
36 0.458687 0.330825 0.0288751 0.0752695 0.00136355
43 0.891324 0.316703 0.0362545 0.0302219 0.00136247
41 0.730406 0.437071 0.0359901 0.0570822 0.00136235
0 0.542696 0.54629 0.0490808 0.103969 0.00135952
77 0.330396 0.54922 0.0983234 0.23528 0.00135684
26 0.443869 0.613001 0.026832 0.146652 0.00132805
24 0.452766 0.530918 0.0583658 0.147737 0.00132772
18 0.206389 0.464013 0.0226654 0.022327 0.00132194
26 0.565934 0.427368 0.0962568 0.0970429 0.00130785
14 0.524408 0.338391 0.053997 0.0894972 0.00128981
15 0.206389 0.464013 0.0226654 0.022327 0.00127006
4 0.503224 0.320106 0.168175 0.150996 0.00126383
0 0.596816 0.506993 0.11051 0.233254 0.00124764
24 0.678725 0.627273 0.0885564 0.0939914 0.0012463
24 0.418802 0.712339 0.073373 0.104729 0.00123471
36 0.333086 0.698538 0.137379 0.0437756 0.00122151
30 0.727462 0.717354 0.0431157 0.0173065 0.00122121
26 0.284327 0.501894 0.0501876 0.127562 0.00122106
27 0.483865 0.545035 0.0564123 0.156142 0.00122032
30 0.336704 0.71431 0.162521 0.0353593 0.00121707
59 0.498052 0.9969 0.906899 0.00620049 0.00120923
27 0.450408 0.61722 0.065608 0.288905 0.00119981
27 0.260635 0.529474 0.0590644 0.102231 0.00119856
26 0.444607 0.647202 0.0814716 0.177236 0.00118774
36 0.404071 0.70924 0.0945642 0.100179 0.00118473
24 0.284176 0.611009 0.0455095 0.120686 0.00118363
35 0.532417 0.372722 0.0397421 0.0411716 0.00118321
26 0.341802 0.580606 0.0462374 0.185768 0.0011813
0 0.462108 0.308727 0.0923937 0.134362 0.00117853
16 0.522137 0.588249 0.0891867 0.251413 0.00116584
0 0.286275 0.614739 0.103201 0.297816 0.00116378
0 0.156032 0.561444 0.0190943 0.028011 0.00115773
45 0.206389 0.464013 0.0226654 0.022327 0.00115049
14 0.465377 0.337601 0.046629 0.0702093 0.00114819
30 0.584714 0.676931 0.103537 0.0500236 0.00114673
20 0.206389 0.464013 0.0226654 0.022327 0.00114536
24 0.631621 0.30306 0.114987 0.184355 0.00114125
24 0.720486 0.311255 0.0465497 0.119789 0.00113961
14 0.49526 0.341512 0.141295 0.136768 0.00112706
16 0.28931 0.497972 0.0419703 0.124352 0.00112045
30 0.325572 0.695798 0.101982 0.0482222 0.00111887
0 0.466403 0.327124 0.0847223 0.0946133 0.00111017
58 0.404535 0.60889 0.122863 0.322779 0.00110975
0 0.357659 0.529786 0.0425092 0.172295 0.00110561
37 0.579939 1 0.248447 0 0.00109595
27 0.443495 0.609714 0.112113 0.291784 0.00108361
31 0.469675 0.604983 0.0869935 0.282911 0.00107926
27 0.469675 0.604983 0.0869935 0.282911 0.00107741
36 0.606348 0.638507 0.0530846 0.124043 0.00107467
19 0.472838 0.589203 0.0823142 0.254889 0.00106949
31 0.440138 0.291308 0.0460752 0.0214652 0.00106457
36 0.326528 0.689488 0.103314 0.0339348 0.00105259
4 0.692127 0.578712 0.157941 0.288181 0.00105074
77 0.499296 0.511737 0.1145 0.11341 0.00104812
37 0.787531 0.647547 0.15899 0.150957 0.00104344
37 0.742062 0.513121 0.0478432 0.130723 0.00103813
36 0.594091 0.686237 0.0843228 0.0211562 0.00103325
14 0.455781 0.274038 0.0862473 0.068098 0.00103164
26 0.848251 0.382152 0.136537 0.171968 0.0010244
37 0.695096 0.594138 0.165708 0.216325 0.00102338
26 0.30857 0.616751 0.0447062 0.115159 0.00102019
26 0.282536 0.629499 0.0472986 0.123405 0.00101355
14 0.203564 0.465305 0.0286876 0.0254538 0.00100857
14 0.500991 0.591512 0.124857 0.261759 0.00100818
0 0.529163 0.611706 0.0717768 0.203394 0.00100517
14 0.532417 0.372722 0.0397421 0.0411716 0.00100285
24 0.531699 0.51067 0.0626539 0.0849608 0.00100175
