45 0.692572 0.846495 0.258655 0.292539 0.896251
45 0.776821 0.610136 0.231769 0.234314 0.89536
60 0.51363 0.546288 0.97274 0.907425 0.879747
45 0.530248 0.186542 0.206531 0.132062 0.878512
45 0.90169 0.799651 0.196441 0.283463 0.877882
44 0.891696 0.649787 0.112241 0.255731 0.805363
45 0.63595 0.163109 0.150582 0.123173 0.746567
44 0.418688 0.134769 0.114252 0.0949518 0.739511
45 0.498826 0.504224 0.272257 0.189649 0.713757
51 0.300218 0.78914 0.0563523 0.0789693 0.687932
45 0.626467 0.39407 0.218601 0.148918 0.685376
45 0.337499 0.735599 0.569836 0.511893 0.645658
45 0.141914 0.293633 0.177271 0.127232 0.626657
51 0.607013 0.847645 0.0457448 0.0444571 0.62216
51 0.639493 0.858976 0.0534994 0.150589 0.568195
51 0.732184 0.831154 0.0617949 0.14454 0.543012
44 0.551806 0.467747 0.32871 0.108995 0.519067
45 0.0565506 0.37658 0.112929 0.14325 0.495906
51 0.687892 0.874949 0.0908122 0.0656288 0.494011
51 0.696548 0.808028 0.0162512 0.0552577 0.486653
45 0.656181 0.3048 0.242153 0.129192 0.426066
44 0.751482 0.280386 0.0739971 0.0632286 0.413477
51 0.634127 0.83796 0.04198 0.108577 0.404303
44 0.387287 0.90875 0.156326 0.17839 0.395087
45 0.366437 0.187178 0.140177 0.0727352 0.380377
44 0.886229 0.49208 0.155062 0.0874762 0.365248
51 0.473439 0.750511 0.0369726 0.0428343 0.361696
45 0.254466 0.231761 0.147199 0.0971618 0.35161
51 0.621853 0.895131 0.0559402 0.0608729 0.322547
44 0.837689 0.937844 0.153996 0.118751 0.320661
51 0.956379 0.799918 0.0430857 0.0233765 0.297449
51 0.717362 0.798664 0.0344298 0.086436 0.283217
44 0.489054 0.468056 0.196955 0.110774 0.262807
43 0.886929 0.491129 0.156466 0.0875879 0.232579
45 0.0424224 0.764722 0.0843297 0.297367 0.230922
44 0.764905 0.280502 0.0592374 0.0581989 0.220009
51 0.696202 0.938935 0.0284435 0.0218544 0.217897
51 0.250444 0.602694 0.0305723 0.0506195 0.159212
50 0.35978 0.686647 0.049046 0.0457648 0.15394
51 0.911601 0.801339 0.0202068 0.0308815 0.149726
50 0.281542 0.589031 0.0347335 0.0692169 0.119549
51 0.736499 0.849264 0.0554708 0.108973 0.112358
50 0.468588 0.849073 0.0605345 0.0602675 0.111268
51 0.373591 0.881206 0.03596 0.0476387 0.108354
51 0.656408 0.903094 0.0194029 0.0634689 0.105158
45 0.138052 0.484508 0.275134 0.206726 0.102658
50 0.43132 0.586441 0.0501406 0.0554319 0.101343
50 0.66744 0.780662 0.0452814 0.0528028 0.100096
44 0.402846 0.922591 0.124091 0.152455 0.0996491
72 0.167431 0.154635 0.33393 0.306262 0.0973483
50 0.108736 0.650263 0.0525429 0.0734283 0.0968741
42 0.387287 0.90875 0.156326 0.17839 0.0885959
44 0.537572 0.643995 0.174136 0.154892 0.0860998
72 0.479127 0.0822099 0.292255 0.163201 0.0847996
50 0.116613 0.63981 0.0673097 0.0924043 0.0843719
51 0.617006 0.877137 0.0643374 0.0952227 0.0831541
45 0.358242 0.343994 0.365159 0.249706 0.0806278
42 0.891696 0.649787 0.112241 0.255731 0.0792763
51 0.143795 0.655973 0.0299085 0.0287688 0.0762491
50 0.454678 0.796887 0.055443 0.0583665 0.0734795
51 0.165744 0.601778 0.0323171 0.0370374 0.0678667
50 0.290493 0.725007 0.0570614 0.0484164 0.0672406
50 0.40828 0.733975 0.0648201 0.0533604 0.0623614
50 0.473889 0.751308 0.0371836 0.0448148 0.0619512
50 0.212006 0.731786 0.0627877 0.0618805 0.0618379
50 0.448 0.790949 0.0788549 0.06974 0.060846
51 0.349186 0.726181 0.0305626 0.0287546 0.0600593
50 0.482551 0.840147 0.086731 0.0771905 0.0594689
44 0.902629 0.633654 0.0868202 0.221067 0.0594534
45 0.685808 0.918303 0.21926 0.156859 0.0593783
50 0.362562 0.836337 0.0284656 0.04785 0.0592107
50 0.673278 0.777421 0.0385276 0.0511534 0.0589822
50 0.282333 0.707102 0.0753259 0.0813199 0.0586177
45 0.883422 0.34448 0.222141 0.141515 0.0576531
50 0.482195 0.693716 0.0449947 0.0897949 0.0574317
44 0.806674 0.922186 0.223498 0.150771 0.0568057
50 0.199202 0.576986 0.0534345 0.063355 0.0557151
42 0.751482 0.280386 0.0739971 0.0632286 0.0550392
45 0.764758 0.236632 0.174673 0.0807569 0.0546989
51 0.420344 0.816688 0.021367 0.0874519 0.0532739
51 0.710927 0.794663 0.0247139 0.0815577 0.0527894
44 0.58618 0.440129 0.274156 0.0443282 0.051484
50 0.417842 0.73148 0.0448732 0.047364 0.0502741
50 0.501518 0.825342 0.0540041 0.0389727 0.0501781
50 0.452917 0.80144 0.0445429 0.0489536 0.0471325
50 0.463761 0.647488 0.0272104 0.0533857 0.046282
45 0.842736 0.450448 0.236037 0.132514 0.0452098
43 0.555325 0.463773 0.336621 0.105643 0.0451986
50 0.919806 0.771419 0.126228 0.108066 0.0446393
50 0.451519 0.777492 0.078144 0.0966652 0.0446255
51 0.679836 0.81488 0.0237143 0.0390825 0.0438649
51 0.605963 0.841136 0.0463714 0.0615125 0.0436804
50 0.0951627 0.649778 0.0247741 0.0553088 0.0435419
50 0.351058 0.57323 0.0479936 0.0469002 0.0435177
50 0.22924 0.769644 0.103568 0.122256 0.0425526
50 0.464299 0.638874 0.0292509 0.071022 0.0422184
44 0.880982 0.563971 0.0578251 0.0838496 0.0414079
51 0.708719 0.879979 0.0445008 0.0545531 0.041073
60 0.51317 0.262972 0.963813 0.342373 0.0406032
50 0.63354 0.769553 0.0208851 0.032422 0.0403576
50 0.20864 0.64892 0.0651964 0.0710904 0.0393274
60 0.279088 0.603362 0.558176 0.779319 0.038223
50 0.412155 0.631048 0.0825189 0.0562781 0.0381097
45 0.907109 0.506691 0.183773 0.132714 0.0376819
50 0.120713 0.672366 0.039519 0.0306122 0.0375905
50 0.345342 0.565297 0.0654287 0.0612663 0.035763
44 0.559819 0.440703 0.321495 0.0575531 0.0353717
50 0.314031 0.622792 0.0331643 0.0344168 0.0349602
44 0.65783 0.304828 0.235302 0.128252 0.0341639
72 0.946739 0.185717 0.106523 0.362604 0.0340922
51 0.443972 0.621224 0.015929 0.0223521 0.0338079
50 0.296371 0.523172 0.0389138 0.0589589 0.0336873
50 0.264417 0.684548 0.0426787 0.0358409 0.0330574
45 0.50795 0.52689 0.249943 0.142028 0.0325359
42 0.886453 0.491742 0.15719 0.0882345 0.0317434
50 0.269433 0.706548 0.0538434 0.0782183 0.0316797
50 0.294462 0.889234 0.0539749 0.0743034 0.0316607
50 0.533605 0.729228 0.0838976 0.0727917 0.0315314
50 0.720397 0.923807 0.0911287 0.0527664 0.0307893
45 0.887024 0.491229 0.154091 0.0897758 0.0295145
51 0.671045 0.812527 0.0325377 0.030291 0.0289717
51 0.435009 0.832808 0.01824 0.0389798 0.0283523
50 0.363669 0.705194 0.0565176 0.0599201 0.0280636
45 0.793009 0.447337 0.137434 0.123187 0.0279525
50 0.367944 0.773273 0.0598916 0.0663024 0.0277645
50 0.234596 0.785524 0.100917 0.0877561 0.027425
50 0.343045 0.630204 0.224758 0.243484 0.0272648
50 0.276325 0.597309 0.0432615 0.0846664 0.0272312
51 0.641438 0.890187 0.0511181 0.0923042 0.0269906
44 0.787593 0.883101 0.213447 0.231815 0.0269802
50 0.29575 0.516403 0.0362203 0.0424573 0.02688
60 0.509004 0.710402 0.981992 0.558434 0.0266252
51 0.638634 0.880354 0.0321177 0.101259 0.0265376
51 0.740879 0.865672 0.0471603 0.0759463 0.0264502
42 0.418842 0.135036 0.114049 0.0940217 0.0261768
50 0.341098 0.675014 0.0842232 0.0976234 0.0257526
44 0.605271 0.437959 0.26008 0.0628506 0.0254108
50 0.492727 0.830488 0.0862895 0.0603402 0.0251366
50 0.284143 0.565007 0.03276 0.0419744 0.0242808
50 0.294266 0.601539 0.0692056 0.092922 0.0242224
42 0.555325 0.463773 0.336621 0.105643 0.0239538
50 0.215122 0.740539 0.071165 0.0633586 0.0238909
50 0.42565 0.635951 0.0585605 0.0578331 0.0237962
50 0.474479 0.800969 0.118422 0.153566 0.0236465
42 0.763383 0.279165 0.0559101 0.0582734 0.0236272
45 0.253066 0.218615 0.138266 0.06948 0.0231779
50 0.20229 0.586381 0.0482952 0.0457494 0.0229075
50 0.310876 0.6084 0.0464568 0.0658847 0.0228277
51 0.709941 0.829925 0.109925 0.156501 0.0227585
44 0.579089 0.446377 0.242364 0.0422033 0.022461
50 0.251755 0.602707 0.0337311 0.0741418 0.0213468
50 0.420482 0.81496 0.0261072 0.0889673 0.0212995
50 0.508971 0.704876 0.0952648 0.0709371 0.0212245
45 0.796825 0.896592 0.259276 0.186213 0.0207456
50 0.186321 0.578041 0.0269225 0.0482021 0.0207258
50 0.306219 0.646217 0.129416 0.195766 0.0205745
50 0.320357 0.672619 0.055305 0.106849 0.0205732
50 0.88311 0.790501 0.109613 0.139494 0.0204523
42 0.402846 0.922591 0.124091 0.152455 0.0199635
50 0.261767 0.60202 0.0532859 0.0749378 0.0198911
50 0.934906 0.839607 0.123029 0.0837463 0.0197031
45 0.86345 0.475597 0.271416 0.167198 0.0194738
50 0.493068 0.770205 0.0468803 0.0689665 0.0192825
50 0.446103 0.639029 0.0708525 0.0685755 0.0191322
50 0.463494 0.829297 0.0630524 0.101021 0.0191295
51 0.145193 0.657108 0.0358384 0.0344293 0.019123
50 0.371378 0.71189 0.0424628 0.0372879 0.0190731
50 0.507985 0.724532 0.0986717 0.0729741 0.018874
50 0.196327 0.680596 0.097695 0.120721 0.0188541
50 0.632698 0.775759 0.0260818 0.0411377 0.0187941
50 0.325716 0.557445 0.0283095 0.0535604 0.018595
50 0.203722 0.663067 0.0784968 0.0890003 0.0184835
50 0.321001 0.622815 0.048292 0.0341391 0.0183882
50 0.698127 0.93463 0.0358163 0.0307987 0.0179902
51 0.628919 0.866156 0.0889792 0.122447 0.0176831
50 0.251609 0.782622 0.0710125 0.0883781 0.0175896
50 0.464913 0.623223 0.0287375 0.0418903 0.0175828
51 0.763452 0.44805 0.0496271 0.0416151 0.0175701
50 0.486153 0.781853 0.0598548 0.082409 0.0173498
50 0.362575 0.674715 0.0572281 0.0706449 0.0172789
50 0.394244 0.842026 0.0386668 0.0631301 0.0171684
50 0.331041 0.550137 0.0367989 0.0470848 0.0170777
50 0.132667 0.615757 0.0377382 0.0513705 0.01702
50 0.532789 0.723808 0.0683573 0.0623506 0.0169671
50 0.679004 0.817731 0.0244746 0.033176 0.0168705
50 0.366448 0.796681 0.0658486 0.111891 0.0168567
51 0.430106 0.832806 0.0284935 0.0534372 0.0168346
50 0.960885 0.781522 0.051878 0.0555506 0.0167581
50 0.234799 0.799068 0.0942441 0.0723642 0.0167253
43 0.559819 0.440703 0.321495 0.0575531 0.0166761
43 0.837446 0.937059 0.152888 0.120844 0.0166683
51 0.207474 0.604901 0.0265773 0.016067 0.016655
44 0.566956 0.447399 0.211548 0.025905 0.0165035
50 0.268719 0.640718 0.0270757 0.0228727 0.0160922
50 0.47494 0.778731 0.0817294 0.0892019 0.0160346
50 0.282482 0.676776 0.058174 0.0567034 0.0159542
45 0.748333 0.849037 0.381425 0.288604 0.0159227
50 0.527495 0.716218 0.0592234 0.0472585 0.0159122
50 0.167235 0.70327 0.0463694 0.0494498 0.0159106
50 0.482501 0.709923 0.0461899 0.0534767 0.0157437
50 0.528851 0.678508 0.0473488 0.0360542 0.0156879
50 0.27658 0.637911 0.0454059 0.0309708 0.0156548
50 0.532845 0.673481 0.039642 0.0322121 0.015552
51 0.683487 0.790251 0.0175995 0.0292956 0.0155063
50 0.964312 0.783138 0.0599623 0.0686244 0.0154769
50 0.324204 0.651593 0.0483347 0.0772903 0.0153815
50 0.263321 0.808826 0.0379756 0.0322156 0.0153203
44 0.50215 0.478862 0.202752 0.0847555 0.0153056
50 0.429892 0.646166 0.0428864 0.0478285 0.01526
43 0.58618 0.440129 0.274156 0.0443282 0.0151041
50 0.416496 0.579206 0.0652851 0.0639023 0.014989
50 0.425698 0.592537 0.0567307 0.0524119 0.0149029
43 0.751482 0.280386 0.0739971 0.0632286 0.0148138
50 0.400063 0.858302 0.0507517 0.0851738 0.0144182
50 0.732516 0.925674 0.0447054 0.0494397 0.0143498
51 0.61184 0.856302 0.0543928 0.0618647 0.0143426
50 0.966681 0.816591 0.0654907 0.131396 0.0143217
50 0.392691 0.859159 0.0357086 0.0397319 0.0142208
43 0.763383 0.279165 0.0559101 0.0582734 0.0142207
50 0.499038 0.762186 0.0375751 0.0534351 0.0141715
50 0.96514 0.83764 0.0655964 0.0861922 0.0140444
50 0.941472 0.775677 0.0828131 0.0722285 0.0139921
50 0.165527 0.71539 0.0452928 0.0663336 0.0138526
51 0.693399 0.795894 0.0238373 0.0835904 0.0137826
42 0.837446 0.937059 0.152888 0.120844 0.0137301
50 0.326792 0.571832 0.0428702 0.0815358 0.0137242
44 0.0214264 0.718036 0.0418923 0.122982 0.0135095
50 0.720489 0.900437 0.092964 0.101262 0.0134817
44 0.486081 0.426904 0.126543 0.0364115 0.0133433
50 0.469688 0.639687 0.0391239 0.0770129 0.0133322
50 0.213481 0.722175 0.0504936 0.070444 0.0133266
50 0.402912 0.624657 0.0911804 0.0454023 0.0133228
44 0.913686 0.615724 0.0723194 0.19348 0.0133008
50 0.316516 0.608852 0.0411728 0.0579739 0.0132413
50 0.317337 0.510807 0.0208741 0.0294734 0.0130261
50 0.442221 0.596878 0.0263677 0.055352 0.01296
50 0.303335 0.686006 0.0671942 0.088308 0.0129412
50 0.346679 0.545347 0.0649938 0.0508581 0.0128973
44 0.556522 0.451497 0.172664 0.0237509 0.0127739
50 0.262163 0.78502 0.0536355 0.0837758 0.0127656
50 0.215776 0.772919 0.0749862 0.116268 0.0127186
50 0.320453 0.616513 0.051255 0.0480535 0.0127047
50 0.374719 0.668086 0.077292 0.0766898 0.0126975
50 0.736048 0.925677 0.0647074 0.0512138 0.0126824
45 0.762943 0.253318 0.177395 0.102703 0.0126816
50 0.24707 0.783984 0.136833 0.136546 0.0126274
50 0.509202 0.715006 0.107845 0.123091 0.0125754
50 0.233648 0.749419 0.104577 0.0773555 0.0124892
50 0.508868 0.758931 0.0722828 0.0668785 0.0124027
50 0.394209 0.751327 0.094871 0.0914726 0.012378
51 0.697219 0.935033 0.0326906 0.0292099 0.0123492
50 0.335514 0.593987 0.0753852 0.0877836 0.0123466
50 0.49741 0.75122 0.154266 0.180861 0.0123282
44 0.497376 0.434026 0.177556 0.0452056 0.0121906
51 0.631757 0.827656 0.123192 0.114459 0.0121628
50 0.542127 0.727225 0.0656021 0.0557322 0.0121549
51 0.687767 0.880355 0.0759192 0.0461001 0.0121456
50 0.316497 0.689205 0.0375499 0.0793009 0.0121287
51 0.684207 0.85369 0.0792162 0.0911889 0.0120311
44 0.72917 0.306115 0.030278 0.0177194 0.0119552
45 0.649868 0.198229 0.100871 0.0617151 0.0119412
50 0.680869 0.906538 0.043191 0.0644381 0.0119381
50 0.18126 0.680143 0.075046 0.0914022 0.0118172
51 0.244572 0.600201 0.0391872 0.0448196 0.0117943
50 0.212699 0.663709 0.0537055 0.0609492 0.011754
50 0.338954 0.691213 0.0942079 0.0841609 0.0116462
51 0.932655 0.772868 0.0958849 0.100595 0.0115941
50 0.501656 0.698129 0.0941658 0.0961408 0.0115793
51 0.675819 0.817201 0.0310022 0.0364761 0.0115689
50 0.696801 0.938852 0.0322879 0.0244904 0.0114965
50 0.290226 0.540483 0.0277999 0.0306129 0.0114634
44 0.728166 0.304809 0.094734 0.119126 0.0113202
50 0.741678 0.85095 0.04533 0.102967 0.0113104
42 0.537572 0.643995 0.174136 0.154892 0.0111815
50 0.479505 0.819138 0.0968111 0.119688 0.011169
50 0.952101 0.780168 0.0602625 0.0587171 0.0111252
50 0.207737 0.806774 0.0442246 0.0523773 0.0111214
50 0.219673 0.799102 0.0704671 0.0728092 0.0109913
50 0.493559 0.815152 0.0584024 0.0416974 0.0108116
50 0.380066 0.841171 0.0621729 0.0615509 0.0106701
50 0.433399 0.637799 0.0949787 0.0719854 0.0106421
50 0.713041 0.934437 0.0493416 0.0313772 0.0106
50 0.429325 0.785094 0.123393 0.159191 0.0105757
51 0.3821 0.806611 0.0206359 0.0354179 0.0105418
44 0.881385 0.550313 0.0576244 0.0584007 0.0105114
50 0.667512 0.795836 0.0446384 0.0707817 0.0104811
44 0.746067 0.294535 0.0653631 0.0407828 0.0104727
50 0.21277 0.804675 0.0515697 0.0611318 0.0103662
50 0.747782 0.833923 0.0471309 0.0751643 0.0103354
50 0.195131 0.670679 0.0866902 0.0936328 0.0103112
50 0.316024 0.709389 0.0287032 0.0344092 0.0102755
50 0.304753 0.518091 0.0488961 0.042594 0.0100574
50 0.626585 0.789317 0.0391357 0.0716122 0.0100178
50 0.397458 0.825607 0.0286972 0.0426676 0.00996909
51 0.679313 0.886048 0.0850693 0.0976659 0.00990042
50 0.310768 0.718367 0.0337575 0.0433739 0.00988939
50 0.979129 0.773849 0.0397366 0.0747812 0.00986713
50 0.243053 0.725552 0.158267 0.229201 0.0098362
51 0.662944 0.818016 0.0656004 0.0881349 0.00983542
50 0.272333 0.580721 0.0542779 0.0613635 0.00982058
