0 0.586275 0.367189 0.464005 0.56087 0.921148
0 0.195035 0.403474 0.373898 0.698829 0.912158
0 0.910106 0.419395 0.178692 0.523483 0.882372
55 0.670603 0.782892 0.616221 0.217033 0.856704
56 0.396443 0.648272 0.37178 0.108245 0.850459
41 0.244828 0.759584 0.102566 0.0866188 0.804718
43 0.66936 0.638298 0.122397 0.132468 0.798028
60 0.527467 0.803596 0.945065 0.371972 0.740504
41 0.712328 0.169353 0.0634243 0.040508 0.645646
56 0.116841 0.949803 0.171134 0.0985836 0.560519
41 0.714063 0.119745 0.0666929 0.0511039 0.465716
41 0.85942 0.121374 0.0605027 0.0403875 0.338749
41 0.853047 0.1679 0.0591046 0.040607 0.256614
41 0.935325 0.16986 0.0467491 0.038041 0.160326
43 0.651834 0.623708 0.0852988 0.0989447 0.151462
41 0.443422 0.185119 0.0479714 0.0428609 0.133345
45 0.714219 0.119688 0.0657073 0.04969 0.0764132
41 0.450478 0.233099 0.0539219 0.0392702 0.0751749
45 0.712247 0.169945 0.0641914 0.0397302 0.0600796
69 0.0459027 0.607841 0.0915309 0.23593 0.0559441
43 0.677335 0.648267 0.102592 0.107362 0.0488395
43 0.688389 0.66436 0.100073 0.0807058 0.0452256
39 0.846998 0.311857 0.0772142 0.125007 0.0409431
41 0.78717 0.210546 0.0421137 0.0410937 0.0336984
45 0.859102 0.12137 0.058387 0.0399281 0.0331394
56 0.182995 0.950376 0.309251 0.0992481 0.0260524
41 0.853146 0.263554 0.0424372 0.0278239 0.0258094
44 0.854495 0.166095 0.0592833 0.0412987 0.0225375
45 0.788484 0.656303 0.155735 0.0584392 0.0199291
43 0.647663 0.591761 0.137621 0.125124 0.0182606
41 0.94481 0.171314 0.0654285 0.0375749 0.0178663
39 0.713813 0.119163 0.0655098 0.0500314 0.0164851
41 0.762716 0.211801 0.0579012 0.0435416 0.0151779
41 0.35975 0.229629 0.0480348 0.0386325 0.0151438
45 0.443182 0.184778 0.0488197 0.0420012 0.0151198
75 0.859141 0.120674 0.0585785 0.0399203 0.0143564
39 0.859141 0.120674 0.0585785 0.0399203 0.0142747
41 0.845265 0.32446 0.0744875 0.0975616 0.0142502
41 0.800744 0.151521 0.0238944 0.0173947 0.0139285
46 0.362066 0.231442 0.0441388 0.0365959 0.0134001
43 0.618915 0.586317 0.150985 0.116808 0.0126858
56 0.718905 0.590107 0.0588826 0.100576 0.0124355
41 0.457718 0.228217 0.0671685 0.0480604 0.0116735
41 0.934778 0.159478 0.0276595 0.0301225 0.0115836
43 0.661237 0.629148 0.0862946 0.0776803 0.0112785
45 0.362066 0.231442 0.0441388 0.0365959 0.0106786
39 0.44404 0.184368 0.0501752 0.0446328 0.00948682
56 0.140546 0.873113 0.213043 0.250389 0.00928512
43 0.704319 0.58619 0.0837743 0.119828 0.00879127
45 0.942636 0.17132 0.0620939 0.0359588 0.00877446
39 0.854495 0.166095 0.0592833 0.0412987 0.00823072
39 0.45201 0.230411 0.0556052 0.0437955 0.0079495
45 0.450356 0.233504 0.0530366 0.0373665 0.00794885
45 0.853047 0.1679 0.0591046 0.040607 0.00739157
76 0.670044 0.638383 0.123789 0.131246 0.00739157
41 0.453239 0.18695 0.0690215 0.0489189 0.00672933
43 0.653959 0.545742 0.039706 0.03172 0.00623852
41 0.451985 0.210377 0.0641774 0.0831916 0.00608617
41 0.496308 0.2328 0.0478718 0.0346669 0.00593826
43 0.658804 0.585275 0.0505864 0.114399 0.00591484
41 0.754571 0.150918 0.0239988 0.0166932 0.00563321
46 0.450356 0.233504 0.0530366 0.0373665 0.00557652
56 0.181883 0.923367 0.300556 0.149371 0.00554734
41 0.7802 0.208716 0.0564178 0.0455048 0.00538442
75 0.712247 0.169945 0.0641914 0.0397302 0.00534809
41 0.751565 0.211993 0.0454078 0.0449492 0.00516728
43 0.679869 0.660647 0.146646 0.168093 0.00509852
41 0.757394 0.102294 0.0181794 0.0138343 0.00506651
69 0.052518 0.692954 0.105036 0.456826 0.00503254
60 0.325213 0.802786 0.553636 0.348954 0.00499052
45 0.930726 0.170156 0.0394994 0.0371295 0.00489575
58 0.0202662 0.248773 0.0404962 0.127879 0.00472653
43 0.632022 0.636994 0.0430591 0.0783941 0.00451088
45 0.78991 0.646982 0.134213 0.0318043 0.0044947
43 0.701717 0.66959 0.08383 0.0712518 0.00440675
75 0.714171 0.119516 0.0659012 0.0498311 0.00420958
39 0.934778 0.159478 0.0276595 0.0301225 0.00409651
56 0.364113 0.546195 0.0423494 0.161561 0.00381318
43 0.65674 0.614714 0.145129 0.150331 0.00364637
41 0.455085 0.216536 0.0673169 0.0494118 0.00362656
47 0.7145 0.120701 0.0648974 0.0470036 0.0035758
41 0.710928 0.19004 0.0710542 0.0851818 0.00353998
43 0.690276 0.578527 0.110009 0.119512 0.00340691
42 0.734874 0.75676 0.0364144 0.0264858 0.00335222
41 0.809152 0.144755 0.0443891 0.0335796 0.00325093
75 0.853644 0.16748 0.0594119 0.0414463 0.00311729
55 0.786636 0.656386 0.155506 0.0556797 0.00311616
39 0.86704 0.31345 0.0385224 0.0790085 0.0030587
76 0.854495 0.166095 0.0592833 0.0412987 0.00303781
46 0.355642 0.228509 0.0593835 0.0432211 0.0030027
79 0.854495 0.166095 0.0592833 0.0412987 0.00297832
49 0.450356 0.233504 0.0530366 0.0373665 0.00295234
40 0.783124 0.211189 0.044823 0.0412866 0.00294021
43 0.647299 0.59923 0.0738398 0.149347 0.00291318
56 0.862242 0.648954 0.262421 0.0663311 0.00288722
56 0.244072 0.865129 0.377273 0.263413 0.00283927
45 0.354887 0.227881 0.0583788 0.0404439 0.00283054
56 0.0191339 0.459159 0.0379024 0.0554292 0.00276887
75 0.937568 0.170903 0.0519092 0.0358553 0.00272945
56 0.432756 0.289035 0.144723 0.0860877 0.00271034
41 0.467083 0.222508 0.0874029 0.0546064 0.00264943
41 0.657756 0.0959483 0.0207787 0.0127903 0.00263107
43 0.626015 0.606698 0.0841692 0.078047 0.00259009
39 0.930726 0.170156 0.0394994 0.0371295 0.00258127
60 0.79839 0.498813 0.129296 0.272574 0.00251806
56 0.991047 0.631403 0.0179068 0.103928 0.00248599
43 0.647033 0.651883 0.0409461 0.053965 0.0024052
72 0.0459787 0.609902 0.0919574 0.239653 0.00239471
39 0.361145 0.229025 0.0456189 0.0387993 0.00237447
39 0.493913 0.229206 0.0516946 0.0397713 0.00235844
41 0.710009 0.208805 0.0718042 0.0674317 0.00235537
43 0.593837 0.592355 0.135617 0.117753 0.00235441
55 0.568034 0.750078 0.392606 0.155683 0.00235248
39 0.451985 0.210377 0.0641774 0.0831916 0.00234798
56 0.796364 0.509732 0.130524 0.248236 0.00234184
44 0.934778 0.159478 0.0276595 0.0301225 0.00232735
42 0.67203 0.638244 0.130081 0.130857 0.00232604
43 0.63386 0.587711 0.226515 0.125736 0.00230509
39 0.00822047 0.342659 0.0163207 0.0498672 0.00230178
55 0.454823 0.726281 0.445509 0.193753 0.00218287
68 0.846998 0.311857 0.0772142 0.125007 0.00218174
60 0.861154 0.65013 0.263977 0.066873 0.00216916
60 0.781205 0.93789 0.437362 0.113765 0.00215816
41 0.807963 0.154619 0.0410259 0.034426 0.00213727
43 0.520726 0.586281 0.13705 0.0230232 0.00212562
43 0.665242 0.591473 0.0752942 0.129865 0.00212246
44 0.67203 0.638244 0.130081 0.130857 0.0020366
39 0.244879 0.75917 0.103 0.0872483 0.0020026
49 0.362066 0.231442 0.0441388 0.0365959 0.00199771
44 0.45201 0.230411 0.0556052 0.0437955 0.00197944
41 0.690368 0.200203 0.110713 0.0858731 0.00197294
41 0.781073 0.21516 0.0871451 0.0507364 0.00195044
39 0.712327 0.168795 0.0638661 0.0404915 0.00194481
41 0.886842 0.168561 0.101889 0.037373 0.00194263
39 0.800892 0.151202 0.0256535 0.0183623 0.00185046
44 0.910717 0.114426 0.0232679 0.0267076 0.0018501
41 0.901629 0.168037 0.0941988 0.0408322 0.00180298
75 0.44404 0.184368 0.0501752 0.0446328 0.00178295
77 0.450694 0.232953 0.0538165 0.0384763 0.00176212
43 0.659043 0.602913 0.0830216 0.0856273 0.00175846
40 0.762716 0.211801 0.0579012 0.0435416 0.00175038
41 0.80728 0.14059 0.0461413 0.0443934 0.00174531
41 0.796274 0.160121 0.0503977 0.0381993 0.00171807
41 0.262126 0.737375 0.0678899 0.0717299 0.00169232
46 0.496941 0.233126 0.0468088 0.0338104 0.00167525
71 0.824729 0.406028 0.0425879 0.0189831 0.001656
54 0.859102 0.12137 0.058387 0.0399281 0.00163162
56 0.0181111 0.465711 0.0362223 0.0407639 0.00159624
43 0.590298 0.566528 0.104314 0.064787 0.00159097
44 0.713813 0.119163 0.0655098 0.0500314 0.00156537
39 0.757394 0.102294 0.0181794 0.0138343 0.00155935
43 0.779151 0.705203 0.408631 0.257096 0.00153178
41 0.687456 0.215283 0.112651 0.0584993 0.00153127
39 0.453239 0.18695 0.0690215 0.0489189 0.0015198
68 0.0459027 0.607841 0.0915309 0.23593 0.00150505
56 0.715042 0.583242 0.0703303 0.124679 0.0014846
39 0.455085 0.216536 0.0673169 0.0494118 0.00148052
0 0.971464 0.319434 0.0568085 0.0559452 0.00147718
41 0.897628 0.167363 0.0641568 0.039301 0.00147149
56 0.513612 0.802581 0.970834 0.377254 0.00147101
60 0.855349 0.937633 0.288024 0.112864 0.00146866
45 0.496308 0.2328 0.0478718 0.0346669 0.00144616
44 0.892094 0.152481 0.0165592 0.0136655 0.00143284
56 0.750202 0.307194 0.124391 0.118354 0.00142875
43 0.638078 0.613944 0.058691 0.0856261 0.00141487
45 0.800744 0.151521 0.0238944 0.0173947 0.00139037
47 0.362066 0.231442 0.0441388 0.0365959 0.00137958
44 0.712218 0.168715 0.0642542 0.0414772 0.00137514
41 0.654281 0.0953688 0.0282516 0.0139813 0.00136408
74 0.859462 0.121192 0.0581691 0.0405097 0.00136015
13 0.855349 0.937633 0.288024 0.112864 0.00135544
69 0.79839 0.498813 0.129296 0.272574 0.00134811
43 0.708394 0.682243 0.0680954 0.0477442 0.0013186
41 0.46492 0.200184 0.0843496 0.0720088 0.0013133
69 0.0885914 0.615898 0.109994 0.260446 0.00130644
56 0.725294 0.308253 0.164593 0.121188 0.00130641
41 0.859055 0.129445 0.059722 0.0574109 0.00130409
41 0.892094 0.152481 0.0165592 0.0136655 0.0013001
44 0.451985 0.210377 0.0641774 0.0831916 0.00129825
44 0.935769 0.151892 0.0234076 0.0210494 0.00129464
43 0.641803 0.575017 0.066911 0.106997 0.00127283
41 0.803326 0.161533 0.0438919 0.0417094 0.00126818
40 0.809299 0.03955 0.0512842 0.0614173 0.00125322
43 0.731431 0.650206 0.252186 0.121495 0.00124702
43 0.63665 0.603752 0.0626555 0.122598 0.00123534
41 0.750074 0.215837 0.0680887 0.0517658 0.00123134
40 0.854495 0.166095 0.0592833 0.0412987 0.00123107
32 0.713965 0.119735 0.0657368 0.0496397 0.00122288
43 0.525818 0.582736 0.144622 0.0197989 0.00121865
45 0.244305 0.75997 0.102555 0.0873307 0.0012185
43 0.609218 0.614056 0.0496713 0.0706813 0.00121439
71 0.819142 0.393777 0.0502938 0.0345222 0.00121418
26 0.67203 0.638244 0.130081 0.130857 0.00121412
42 0.854495 0.166095 0.0592833 0.0412987 0.00120598
39 0.942523 0.168651 0.0567554 0.0418419 0.00120306
41 0.343776 0.227627 0.0764364 0.0426363 0.00120196
60 0.580996 0.934371 0.832487 0.116726 0.00120151
44 0.361146 0.229361 0.0459529 0.0391866 0.00119969
41 0.815966 0.424107 0.0229442 0.0447443 0.00119817
43 0.521216 0.583083 0.130627 0.0148071 0.00118604
43 0.712681 0.655611 0.210903 0.151023 0.00118223
41 0.900049 0.116591 0.0348989 0.0339794 0.00117826
39 0.869291 0.289536 0.0357287 0.0543188 0.00116959
39 0.00964234 0.336438 0.0186327 0.0589584 0.0011659
56 0.322593 0.787215 0.554293 0.352514 0.00113937
41 0.798274 0.161453 0.0760354 0.0464083 0.00113294
41 0.871859 0.262868 0.0293454 0.0282711 0.00112712
40 0.361145 0.229025 0.0456189 0.0387993 0.00112569
40 0.934778 0.159478 0.0276595 0.0301225 0.00112301
40 0.781586 0.214781 0.0549522 0.0490673 0.00112203
39 0.911122 0.113668 0.0232719 0.0268725 0.00111407
75 0.450478 0.233099 0.0539219 0.0392702 0.00111288
0 0.930105 0.257246 0.139055 0.196538 0.0011127
40 0.712056 0.169427 0.0634182 0.0407713 0.00110951
44 0.651834 0.623708 0.0852988 0.0989447 0.00109988
69 0.0635518 0.612111 0.095976 0.272289 0.00108081
43 0.703432 0.683056 0.0793965 0.0735826 0.00107843
56 0.0482415 0.610506 0.0960413 0.246288 0.00106415
13 0.117133 0.950602 0.172638 0.0978302 0.00106311
40 0.942523 0.168651 0.0567554 0.0418419 0.00105453
56 0.814661 0.634663 0.177295 0.039595 0.00105205
44 0.757394 0.102294 0.0181794 0.0138343 0.00105023
55 0.785277 0.647157 0.146252 0.0321833 0.00104418
43 0.669169 0.584882 0.148754 0.11871 0.0010426
45 0.343776 0.227627 0.0764364 0.0426363 0.00103965
48 0.450356 0.233504 0.0530366 0.0373665 0.0010384
75 0.35975 0.229629 0.0480348 0.0386325 0.00103527
54 0.450356 0.233504 0.0530366 0.0373665 0.00103301
42 0.725364 0.750711 0.0570423 0.0380053 0.00102711
39 0.657756 0.0959483 0.0207787 0.0127903 0.00102144
32 0.362066 0.231442 0.0441388 0.0365959 0.00101793
72 0.0617827 0.710648 0.104503 0.441616 0.00101209
60 0.435487 0.288883 0.148264 0.0863068 0.0010007
