23 0.752343 0.496593 0.37351 0.694123 0.895186
23 0.160636 0.904415 0.17092 0.124216 0.0621715
23 0.184508 0.900337 0.219944 0.139552 0.0211068
23 0.684959 0.542889 0.106356 0.645644 0.0062663
23 0.685716 0.565951 0.0805731 0.549554 0.00449097
23 0.6823 0.679838 0.0611019 0.318261 0.00409219
22 0.160918 0.90475 0.172041 0.127411 0.00396952
23 0.700783 0.593998 0.123738 0.501193 0.00372514
23 0.722069 0.794326 0.0262946 0.0819775 0.00361428
23 0.679715 0.622181 0.0724339 0.435332 0.00307325
23 0.709684 0.647537 0.117142 0.366557 0.00296971
22 0.13336 0.931598 0.113861 0.0759295 0.00266284
23 0.599952 0.685516 0.102573 0.324919 0.00229567
23 0.633342 0.7823 0.0377623 0.131397 0.00207984
23 0.186616 0.891451 0.100575 0.104455 0.00191912
23 0.256367 0.880174 0.0911499 0.0803329 0.00169015
23 0.570309 0.782154 0.0448057 0.143834 0.0014236
23 0.602263 0.780102 0.102044 0.14136 0.0012773
23 0.746323 0.672391 0.186532 0.309873 0.00118983
23 0.70102 0.681858 0.0954887 0.311962 0.00114125
0 0.722069 0.794326 0.0262946 0.0819775 0.00112826
23 0.243862 0.874652 0.0879126 0.0838422 0.00108635
14 0.174616 0.548381 0.0305659 0.0283772 0.00106451
23 0.202846 0.886063 0.0669681 0.0910842 0.00103086
