45 0.692399 0.846212 0.252136 0.292855 0.882452
45 0.776184 0.6094 0.228846 0.233071 0.870455
45 0.90011 0.805255 0.196609 0.271821 0.866943
45 0.636037 0.163914 0.146278 0.123524 0.777962
45 0.496458 0.504461 0.273354 0.19326 0.744795
45 0.625054 0.395108 0.21404 0.147217 0.583527
51 0.2988 0.788387 0.0586243 0.0782379 0.582432
51 0.633109 0.847249 0.0385639 0.122239 0.567448
45 0.496998 0.17162 0.273186 0.162476 0.561376
51 0.645591 0.862954 0.0502357 0.148506 0.550609
45 0.0571179 0.379709 0.113241 0.14883 0.538991
45 0.532734 0.180378 0.200552 0.137038 0.508746
60 0.514412 0.548894 0.971175 0.896628 0.500615
51 0.638591 0.858913 0.0346296 0.147028 0.500208
45 0.142956 0.29598 0.176602 0.132533 0.492966
44 0.893141 0.640492 0.108313 0.23917 0.48972
44 0.887678 0.487833 0.15593 0.0876617 0.433172
45 0.824683 0.609276 0.326047 0.228914 0.410746
45 0.513825 0.524898 0.237923 0.141465 0.405655
44 0.418996 0.144435 0.11739 0.111499 0.375516
45 0.651986 0.302734 0.243637 0.133961 0.373968
51 0.656127 0.90489 0.0208658 0.0613266 0.365395
51 0.732854 0.826745 0.0645453 0.146308 0.344941
45 0.251877 0.230587 0.153101 0.0967478 0.32842
45 0.137872 0.488159 0.275225 0.221826 0.326802
45 0.810176 0.452372 0.172871 0.132606 0.323001
45 0.883795 0.34823 0.220485 0.152383 0.311301
51 0.688487 0.871074 0.0888319 0.0759219 0.294057
45 0.334275 0.738013 0.575087 0.521287 0.288802
45 0.844348 0.454532 0.240139 0.135036 0.284342
45 0.0418733 0.758454 0.0837466 0.278583 0.264012
45 0.372483 0.189424 0.146685 0.0750319 0.201906
51 0.607587 0.843845 0.0496786 0.0578686 0.20078
51 0.698803 0.876522 0.0661104 0.0655755 0.199054
44 0.858814 0.487482 0.22308 0.104318 0.18495
51 0.742165 0.858384 0.0444166 0.0809778 0.167825
72 0.16735 0.157166 0.334132 0.307485 0.167375
43 0.837173 0.935971 0.153958 0.118059 0.153053
51 0.695108 0.939243 0.0268858 0.020461 0.151617
51 0.735352 0.854083 0.0582443 0.0863714 0.145416
51 0.605704 0.863321 0.0516957 0.105591 0.143528
51 0.145979 0.654189 0.0329575 0.0300382 0.131054
51 0.618456 0.842199 0.0486278 0.0965618 0.129835
45 0.766475 0.246688 0.177794 0.0996902 0.126206
44 0.875708 0.68592 0.142304 0.337649 0.123045
51 0.624035 0.898023 0.0442849 0.0555481 0.118241
51 0.623704 0.882417 0.0519622 0.096162 0.118239
51 0.723898 0.813317 0.0476427 0.113995 0.117158
51 0.614424 0.861759 0.0720405 0.132892 0.112782
51 0.696084 0.80622 0.0205682 0.0592485 0.110861
51 0.692978 0.8283 0.144726 0.148041 0.110615
51 0.708695 0.879498 0.0452868 0.0544197 0.106877
51 0.670019 0.851498 0.114629 0.158537 0.102904
45 0.386214 0.197427 0.174568 0.0921664 0.095022
44 0.835507 0.937623 0.154511 0.117176 0.0888246
44 0.481941 0.162185 0.240745 0.151696 0.0866727
45 0.43126 0.466497 0.102184 0.11063 0.0739575
45 0.896883 0.511604 0.201756 0.145039 0.070323
42 0.885787 0.65125 0.124599 0.263751 0.0701654
50 0.910395 0.775316 0.1448 0.118329 0.0694686
44 0.781371 0.922142 0.275211 0.149261 0.0687825
51 0.639832 0.883765 0.047035 0.102113 0.0681191
50 0.280997 0.589724 0.0378665 0.0713521 0.0674016
44 0.400494 0.920893 0.135233 0.158215 0.0669393
51 0.713062 0.7995 0.0266238 0.0881355 0.0669366
51 0.679261 0.882204 0.107906 0.096154 0.0667478
51 0.694909 0.893867 0.232417 0.202799 0.065119
51 0.251411 0.606031 0.0310189 0.0606089 0.0622399
43 0.781371 0.922142 0.275211 0.149261 0.062168
42 0.835507 0.937623 0.154511 0.117176 0.061703
51 0.956203 0.802782 0.040777 0.0253052 0.06126
50 0.36297 0.686398 0.0464236 0.044869 0.0600383
45 0.364981 0.178284 0.136413 0.0526061 0.0559782
44 0.493536 0.464785 0.249526 0.112589 0.0558777
45 0.337275 0.344367 0.398897 0.241013 0.0557849
45 0.688742 0.921538 0.213955 0.148407 0.0548894
50 0.4182 0.732372 0.0550571 0.0503298 0.0522928
42 0.386626 0.906404 0.160249 0.187193 0.0517475
44 0.82213 0.515351 0.341892 0.163192 0.0510977
43 0.406438 0.925114 0.122926 0.149771 0.0506871
51 0.473456 0.751962 0.0358968 0.0459131 0.0466917
51 0.689399 0.938817 0.0410433 0.0230016 0.0466059
42 0.781371 0.922142 0.275211 0.149261 0.0460966
51 0.621264 0.891376 0.0572428 0.0624503 0.0442919
44 0.355814 0.397018 0.370308 0.180922 0.0425505
44 0.739917 0.295804 0.0525834 0.0383502 0.0423779
50 0.216406 0.729817 0.0622658 0.0671466 0.0421325
51 0.16616 0.600871 0.0322824 0.037333 0.0404242
44 0.386626 0.906404 0.160249 0.187193 0.0382653
44 0.469569 0.446121 0.198824 0.0776841 0.0374134
45 0.0577942 0.420422 0.115069 0.231644 0.0355857
42 0.495157 0.881862 0.149385 0.189171 0.0353566
44 0.753177 0.283224 0.0781578 0.0591308 0.0341519
51 0.697309 0.797189 0.0233765 0.0741007 0.0329989
44 0.554439 0.464169 0.38473 0.114037 0.0327389
43 0.887533 0.487406 0.153778 0.0865903 0.032653
43 0.985653 0.967582 0.0264297 0.0647119 0.0323268
43 0.389267 0.909498 0.157966 0.180993 0.032308
50 0.279534 0.602399 0.0445073 0.094952 0.0322754
45 0.656872 0.19792 0.0944542 0.0610677 0.0319834
50 0.45627 0.789063 0.0619952 0.0747218 0.0311937
44 0.845212 0.457685 0.24436 0.14653 0.0304681
42 0.400494 0.920893 0.135233 0.158215 0.0301374
50 0.106745 0.657491 0.0361882 0.0470886 0.0295575
44 0.786261 0.88756 0.265948 0.221159 0.0289394
44 0.851514 0.515704 0.23493 0.154701 0.0282748
51 0.734346 0.845357 0.117301 0.186686 0.0276267
44 0.881498 0.582447 0.0626509 0.118386 0.0266321
43 0.495835 0.878391 0.146882 0.188156 0.0259474
44 0.899259 0.637144 0.075478 0.214064 0.0258897
44 0.497321 0.878659 0.148036 0.187586 0.0257703
50 0.106321 0.645889 0.0354636 0.0416687 0.0251653
44 0.880309 0.632621 0.0678375 0.216958 0.0250453
51 0.652161 0.90262 0.0264353 0.0644396 0.0249885
45 0.0542274 0.36086 0.107388 0.108944 0.0247908
50 0.669273 0.786599 0.0466997 0.0664032 0.0245895
50 0.459854 0.64259 0.0430225 0.066581 0.0237747
44 0.435646 0.466436 0.102862 0.110804 0.023716
43 0.536585 0.470814 0.137138 0.0272136 0.023557
45 0.887793 0.486812 0.15448 0.0843385 0.0228475
50 0.728866 0.923804 0.119674 0.0544912 0.0224571
44 0.879508 0.562798 0.0609692 0.0779462 0.022184
45 0.538307 0.609613 0.121568 0.0673419 0.0221312
44 0.351416 0.34503 0.371867 0.242852 0.021946
50 0.880072 0.778284 0.100884 0.133903 0.0211859
44 0.45939 0.465785 0.169439 0.10877 0.0211126
50 0.167559 0.703942 0.0419273 0.0435051 0.0209106
44 0.407843 0.133103 0.0947766 0.0885898 0.020849
45 0.534996 0.606414 0.186668 0.0752736 0.0208137
45 0.727884 0.23713 0.0997873 0.07526 0.0207216
45 0.661198 0.172781 0.0931507 0.0896723 0.0205377
44 0.894418 0.571185 0.151659 0.264143 0.0204503
42 0.421051 0.14392 0.120526 0.10998 0.0204257
44 0.56751 0.460909 0.218307 0.0348913 0.0203125
50 0.119763 0.674862 0.0374997 0.0329744 0.0202953
42 0.875708 0.68592 0.142304 0.337649 0.0202737
44 0.916876 0.590197 0.155143 0.292819 0.0199254
43 0.265422 0.398143 0.267435 0.132735 0.0196499
51 0.704318 0.844054 0.168056 0.183995 0.0189367
50 0.673611 0.794514 0.0614722 0.0823254 0.0189038
44 0.894761 0.592288 0.0964329 0.142885 0.0188383
50 0.463953 0.649479 0.0299 0.0521782 0.0187649
45 0.686636 0.29763 0.326868 0.14406 0.0183873
50 0.193538 0.670121 0.0936309 0.105159 0.0176508
50 0.508498 0.824808 0.0547529 0.0468102 0.0176395
72 0.943236 0.184962 0.110247 0.360064 0.0175088
45 0.74693 0.843788 0.359486 0.289607 0.0174387
44 0.43255 0.154852 0.136489 0.128667 0.0173483
44 0.572497 0.465598 0.247214 0.0285357 0.0173246
42 0.786261 0.88756 0.265948 0.221159 0.0171963
43 0.786261 0.88756 0.265948 0.221159 0.0169601
50 0.441722 0.646451 0.0763578 0.0668432 0.0168474
51 0.910913 0.804724 0.0192043 0.0372817 0.0166568
50 0.113184 0.664823 0.0451028 0.0514889 0.0166396
50 0.74241 0.925669 0.0754895 0.0504616 0.016622
42 0.355814 0.397018 0.370308 0.180922 0.0166158
50 0.92998 0.769708 0.10266 0.0937091 0.016614
44 0.536585 0.470814 0.137138 0.0272136 0.0166122
45 0.0566751 0.477825 0.112053 0.154428 0.0164317
48 0.204518 0.476419 0.0904968 0.133321 0.0163936
42 0.536585 0.470814 0.137138 0.0272136 0.0163613
50 0.228834 0.739108 0.0915293 0.0759663 0.0163434
42 0.541538 0.460289 0.145838 0.0338319 0.0163016
42 0.351416 0.34503 0.371867 0.242852 0.0162897
50 0.949339 0.782514 0.0626625 0.0613483 0.0162274
51 0.727045 0.807088 0.0234759 0.0608589 0.0160964
50 0.475036 0.701049 0.0629196 0.0932353 0.0159341
43 0.355814 0.397018 0.370308 0.180922 0.0157797
51 0.383128 0.806152 0.021978 0.0349378 0.0157245
55 0.0542274 0.36086 0.107388 0.108944 0.0157208
50 0.536541 0.726254 0.0791062 0.0589434 0.01556
45 0.444343 0.200488 0.29337 0.100593 0.0155302
45 0.640483 0.133789 0.147646 0.0658229 0.0154511
50 0.107886 0.655596 0.0380101 0.0659719 0.0153687
48 0.129405 0.494235 0.076017 0.114673 0.015169
50 0.466453 0.849863 0.0593294 0.0604108 0.015162
44 0.563453 0.434317 0.395294 0.0581135 0.015105
50 0.427408 0.637545 0.100505 0.0645096 0.0150939
43 0.554439 0.464169 0.38473 0.114037 0.0150653
45 0.0223132 0.759408 0.0442918 0.24544 0.0149356
51 0.697656 0.885503 0.0879799 0.0769062 0.0149146
50 0.207803 0.650834 0.0640506 0.0701172 0.0148799
44 0.491447 0.431801 0.199558 0.0478433 0.0146749
50 0.291678 0.711512 0.0698278 0.0707119 0.0146529
50 0.213408 0.714177 0.0512726 0.0491572 0.0144241
51 0.350328 0.725797 0.0291686 0.0272044 0.0143859
50 0.299953 0.529352 0.0264748 0.0579198 0.0143363
45 0.646133 0.197915 0.0629065 0.0528891 0.0141605
43 0.420041 0.139035 0.119915 0.0988783 0.014157
45 0.484326 0.465349 0.240274 0.112948 0.0141193
50 0.296986 0.530086 0.034844 0.0630751 0.0139982
44 0.492709 0.456028 0.223733 0.0554364 0.0139363
42 0.529804 0.456951 0.145196 0.0270931 0.0138046
42 0.492709 0.456028 0.223733 0.0554364 0.013693
42 0.528023 0.464599 0.323741 0.113135 0.0136606
48 0.191116 0.469036 0.0611475 0.115319 0.0136103
44 0.541538 0.460289 0.145838 0.0338319 0.0135923
50 0.313362 0.624022 0.0310341 0.0303136 0.0135698
43 0.351929 0.398329 0.449357 0.135018 0.0135331
50 0.326481 0.55416 0.0276962 0.0478374 0.0133287
42 0.858814 0.487482 0.22308 0.104318 0.01318
50 0.171604 0.701141 0.0522688 0.0556486 0.0131631
43 0.541538 0.460289 0.145838 0.0338319 0.0131526
50 0.299427 0.600865 0.0705043 0.079341 0.0130045
44 0.73599 0.30013 0.0413877 0.028636 0.0129686
44 0.768709 0.281755 0.11333 0.0554953 0.0129025
50 0.36519 0.692822 0.053635 0.0564379 0.0128804
50 0.213628 0.738862 0.0728688 0.0822833 0.0127786
45 0.794046 0.443375 0.128452 0.100491 0.0127369
50 0.884247 0.781845 0.0796528 0.102392 0.0126962
51 0.652188 0.820471 0.173531 0.223669 0.0126652
50 0.93017 0.839194 0.139659 0.0848073 0.0126631
51 0.713311 0.821084 0.0763987 0.127718 0.0125477
50 0.292424 0.723095 0.0565701 0.0485827 0.0125408
44 0.508307 0.424338 0.114558 0.0356523 0.0123557
50 0.254099 0.763395 0.152393 0.130846 0.0123294
51 0.668319 0.816217 0.206709 0.178658 0.0121953
50 0.664818 0.782417 0.0434358 0.0555253 0.0121667
44 0.509743 0.436707 0.160497 0.0385986 0.0121445
50 0.293034 0.540733 0.0300035 0.0359815 0.0118773
45 0.512077 0.818959 0.245463 0.333807 0.0118698
50 0.286927 0.701894 0.0842104 0.0924291 0.0117637
50 0.915392 0.760861 0.132536 0.0886884 0.0116667
45 0.866944 0.342182 0.187538 0.121942 0.0116386
44 0.528981 0.44724 0.197382 0.0209822 0.0116361
45 0.0221018 0.725436 0.0437821 0.1702 0.0115172
42 0.518003 0.79526 0.212394 0.377469 0.0114968
44 0.858136 0.554071 0.10732 0.0876043 0.0113663
42 0.509743 0.436707 0.160497 0.0385986 0.0113487
44 0.903714 0.51357 0.188913 0.141385 0.0113411
44 0.529804 0.456951 0.145196 0.0270931 0.0112724
50 0.371138 0.766877 0.0516514 0.052476 0.0112603
43 0.509743 0.436707 0.160497 0.0385986 0.0112327
50 0.464946 0.634584 0.0323515 0.0572589 0.0111751
43 0.529804 0.456951 0.145196 0.0270931 0.0111659
60 0.521195 0.699483 0.945653 0.585454 0.0111028
50 0.307321 0.70859 0.0495868 0.065638 0.0111
48 0.0839062 0.472547 0.166707 0.16867 0.0110675
45 0.827079 0.557335 0.329727 0.227758 0.0109904
44 0.790603 0.501692 0.0933378 0.0451437 0.0109192
50 0.909396 0.816257 0.180166 0.240887 0.0108626
50 0.957415 0.783236 0.0459408 0.0554399 0.0108449
44 0.389602 0.461362 0.360299 0.124464 0.0108074
51 0.68554 0.93597 0.0502661 0.0255207 0.0106877
42 0.528981 0.44724 0.197382 0.0209822 0.0106031
50 0.213228 0.662139 0.0594264 0.0727509 0.0105096
50 0.555223 0.723745 0.0405397 0.0327876 0.0105016
43 0.492709 0.456028 0.223733 0.0554364 0.010473
45 0.848682 0.486654 0.257683 0.204524 0.0104344
50 0.63402 0.770615 0.0218731 0.0328211 0.010361
42 0.898893 0.634872 0.0973866 0.227801 0.0103313
48 0.0558424 0.479627 0.110094 0.144109 0.0103117
50 0.310219 0.715197 0.0432885 0.0515004 0.0103081
45 0.0213014 0.712634 0.0394735 0.112584 0.0101492
50 0.53608 0.732393 0.083156 0.0861015 0.0100825
45 0.489858 0.144509 0.0998805 0.0556011 0.0100701
50 0.362545 0.676382 0.0478766 0.0721809 0.0100218
44 0.519983 0.480727 0.175277 0.0633692 0.0100147
42 0.482209 0.46234 0.241681 0.106599 0.00988969
42 0.890708 0.485757 0.150338 0.0906841 0.00988621
43 0.62156 0.440804 0.244312 0.0328391 0.00987262
50 0.409482 0.734637 0.0638945 0.0459084 0.00986519
44 0.467325 0.427734 0.196024 0.0468717 0.00979024
44 0.900922 0.804156 0.197878 0.27946 0.00976238
45 0.81312 0.737849 0.369579 0.490816 0.0097324
43 0.858814 0.487482 0.22308 0.104318 0.0097276
50 0.234347 0.748487 0.10719 0.0935699 0.00970656
43 0.491447 0.431801 0.199558 0.0478433 0.00969699
44 0.887844 0.713132 0.171526 0.252694 0.00968352
51 0.695196 0.934956 0.0325473 0.0297791 0.00964451
45 0.252735 0.21477 0.146322 0.0635704 0.00961336
45 0.694909 0.893867 0.232417 0.202799 0.00960904
50 0.435107 0.596354 0.0518929 0.053212 0.00954434
45 0.472191 0.758557 0.306638 0.460508 0.00949943
44 0.752367 0.881718 0.366372 0.235688 0.0094735
48 0.189382 0.455393 0.0567778 0.0853803 0.00943914
45 0.805052 0.515871 0.152632 0.0428846 0.00943476
51 0.689798 0.854155 0.104697 0.114184 0.00940537
44 0.957117 0.670796 0.0840847 0.103523 0.00939485
43 0.469569 0.446121 0.198824 0.0776841 0.00931093
42 0.469569 0.446121 0.198824 0.0776841 0.00923952
44 0.636999 0.852497 0.0434334 0.136655 0.00919437
44 0.45519 0.891066 0.238284 0.217868 0.00912187
44 0.735393 0.281549 0.0581032 0.0603273 0.0090673
51 0.685113 0.900649 0.0751247 0.0951773 0.0090287
42 0.752367 0.881718 0.366372 0.235688 0.00901943
44 0.521451 0.920636 0.113729 0.154205 0.00898704
51 0.742874 0.854399 0.169902 0.291201 0.00895429
43 0.508307 0.424338 0.114558 0.0356523 0.00894889
45 0.736784 0.280075 0.229794 0.170939 0.00890997
50 0.483376 0.697732 0.0443707 0.0828232 0.00890261
43 0.351416 0.34503 0.371867 0.242852 0.00889286
51 0.427475 0.81458 0.0346203 0.0932149 0.00889102
50 0.670438 0.812094 0.0367844 0.0313118 0.00885513
51 0.720084 0.875562 0.0479147 0.0563894 0.00879431
50 0.199826 0.647079 0.0542253 0.0749535 0.008699
42 0.56751 0.460909 0.218307 0.0348913 0.00866008
44 0.351929 0.398329 0.449357 0.135018 0.00865582
50 0.443913 0.621436 0.0175423 0.0211714 0.00863746
44 0.518003 0.79526 0.212394 0.377469 0.00849283
