0 0.415758 0.541557 0.25428 0.626816 0.831822
3 0.553161 0.711161 0.525971 0.529646 0.656624
1 0.55105 0.712243 0.527262 0.5306 0.502644
0 0.918907 0.422204 0.0327834 0.0413234 0.173269
26 0.641964 0.532326 0.267798 0.164577 0.0930205
0 0.412357 0.379722 0.247395 0.300937 0.0603701
0 0.877546 0.421894 0.0270933 0.0327645 0.052255
14 0.919989 0.421942 0.0348871 0.0400638 0.0256502
19 0.877546 0.421894 0.0270933 0.0327645 0.0140931
24 0.642093 0.537387 0.264267 0.166871 0.0135717
0 0.881395 0.421899 0.0335881 0.0372775 0.0112541
26 0.620443 0.55156 0.17411 0.100492 0.0110738
1 0.393397 0.713264 0.159315 0.258267 0.0103137
0 0.532464 0.5457 0.484934 0.635461 0.00959313
26 0.607246 0.535214 0.170482 0.132051 0.00918081
1 0.347554 0.710597 0.0703271 0.248908 0.00805229
1 0.407221 0.646281 0.185834 0.33835 0.00796014
1 0.401251 0.634008 0.175028 0.234312 0.00719398
28 0.641964 0.532326 0.267798 0.164577 0.00577897
14 0.877546 0.421894 0.0270933 0.0327645 0.00546458
1 0.347995 0.65455 0.0688495 0.131208 0.00531188
16 0.919804 0.421911 0.0346103 0.0405886 0.00400561
1 0.3695 0.71709 0.126024 0.279505 0.00392964
1 0.635998 0.718689 0.359027 0.51633 0.00366133
19 0.919888 0.421791 0.0348086 0.0389418 0.00335318
26 0.576288 0.534974 0.442599 0.181736 0.00332955
0 0.574795 0.446346 0.0846821 0.0697737 0.00279143
17 0.919804 0.421911 0.0346103 0.0405886 0.00276759
16 0.877546 0.421894 0.0270933 0.0327645 0.00275955
17 0.877546 0.421894 0.0270933 0.0327645 0.00258651
55 0.638885 0.531531 0.271041 0.162681 0.00223795
9 0.877546 0.421894 0.0270933 0.0327645 0.00208652
37 0.63623 0.532821 0.273231 0.162494 0.00204816
0 0.567498 0.434886 0.0700392 0.0542177 0.0019426
0 0.922628 0.218 0.0422862 0.0566573 0.00185922
0 0.878582 0.432955 0.0299249 0.0562099 0.00183138
3 0.877546 0.421894 0.0270933 0.0327645 0.0017322
25 0.63623 0.532821 0.273231 0.162494 0.00167757
1 0.877871 0.422103 0.0275866 0.0328674 0.00166461
1 0.35105 0.718078 0.0995567 0.260686 0.00163788
0 0.560331 0.430711 0.0517793 0.0370209 0.00150454
1 0.323123 0.70741 0.132908 0.260386 0.00148594
1 0.345806 0.71822 0.146458 0.273674 0.00148413
39 0.478893 0.767538 0.0653834 0.143223 0.00146332
1 0.919477 0.422068 0.0339375 0.0392038 0.00138494
0 0.428272 0.628265 0.176862 0.38154 0.00131062
1 0.350401 0.618508 0.0768854 0.213264 0.00129801
0 0.406764 0.6565 0.135232 0.404959 0.00125468
0 0.893432 0.42199 0.0586687 0.0366308 0.00124177
0 0.87285 0.437008 0.0212072 0.0504517 0.0011819
0 0.177741 0.430094 0.027157 0.0597021 0.00111032
26 0.64115 0.495415 0.265068 0.0917267 0.00107354
34 0.295579 0.478304 0.0353224 0.137222 0.00104481
