63 0.685731 0.390021 0.59257 0.583828 0.817014
0 0.692183 0.322695 0.120434 0.186237 0.638149
63 0.547143 0.557082 0.848477 0.838275 0.317323
63 0.596352 0.439866 0.726408 0.657385 0.167958
67 0.681476 0.405498 0.589127 0.566041 0.126449
67 0.685371 0.331842 0.323329 0.215225 0.119389
62 0.684193 0.326291 0.319943 0.219976 0.0850588
67 0.558312 0.32635 0.0687269 0.200247 0.0398734
62 0.681476 0.405498 0.589127 0.566041 0.0304497
63 0.41576 0.441069 0.364153 0.653105 0.0237305
62 0.605888 0.437378 0.741178 0.667376 0.0160343
63 0.684193 0.326291 0.319943 0.219976 0.0158774
28 0.561353 0.564294 0.877294 0.822114 0.00903124
63 0.398098 0.564717 0.335855 0.41132 0.00899476
0 0.757543 0.353789 0.0647497 0.117846 0.00852394
73 0.596352 0.439866 0.726408 0.657385 0.008147
56 0.561353 0.564294 0.877294 0.822114 0.00801763
65 0.558726 0.326209 0.0687685 0.200555 0.00700495
28 0.686244 0.393235 0.593212 0.584837 0.00665262
32 0.760868 0.333066 0.0548832 0.0713552 0.00608501
62 0.547143 0.557082 0.848477 0.838275 0.00565836
68 0.605888 0.437378 0.741178 0.667376 0.00466195
73 0.560223 0.570031 0.87414 0.813875 0.00454965
13 0.561353 0.564294 0.877294 0.822114 0.00439313
73 0.686191 0.325883 0.325076 0.223928 0.00422785
66 0.685731 0.390021 0.59257 0.583828 0.00392634
73 0.36921 0.438344 0.274328 0.655461 0.00387147
59 0.561353 0.564294 0.877294 0.822114 0.00375533
57 0.604961 0.433505 0.744582 0.667348 0.00344568
67 0.188005 0.929634 0.0384592 0.0448914 0.00328293
73 0.686244 0.393235 0.593212 0.584837 0.00325543
67 0.679672 0.508253 0.106361 0.0401686 0.00290379
66 0.605888 0.437378 0.741178 0.667376 0.00285709
59 0.604961 0.433505 0.744582 0.667348 0.00284389
39 0.487137 0.0562366 0.0294804 0.10595 0.00272956
0 0.603632 0.433067 0.740168 0.662949 0.002482
68 0.547143 0.557082 0.848477 0.838275 0.00217777
64 0.51254 0.598942 0.0993565 0.142621 0.00216219
57 0.561353 0.564294 0.877294 0.822114 0.00202385
28 0.605888 0.437378 0.741178 0.667376 0.00200158
72 0.544597 0.561371 0.846835 0.829561 0.00189194
66 0.548289 0.548058 0.853061 0.8569 0.00186604
69 0.548055 0.538366 0.855369 0.871939 0.00180903
60 0.560223 0.570031 0.87414 0.813875 0.00173098
15 0.603632 0.433067 0.740168 0.662949 0.0016948
66 0.686191 0.325883 0.325076 0.223928 0.0016295
73 0.379781 0.568557 0.299291 0.400685 0.00162518
0 0.691651 0.324357 0.0877415 0.172709 0.00156328
45 0.686191 0.325883 0.325076 0.223928 0.00152767
68 0.686191 0.325883 0.325076 0.223928 0.00151882
60 0.604961 0.433505 0.744582 0.667348 0.00147483
64 0.0198091 0.354155 0.0396181 0.0736229 0.00140834
68 0.686244 0.393235 0.593212 0.584837 0.00140807
0 0.760403 0.333137 0.0564321 0.0688628 0.00139961
56 0.603632 0.433067 0.740168 0.662949 0.00133851
74 0.684193 0.326291 0.319943 0.219976 0.001335
67 0.60969 0.433804 0.74971 0.680596 0.00131869
65 0.685731 0.390021 0.59257 0.583828 0.00127158
67 0.617186 0.324759 0.0588356 0.18906 0.00124434
56 0.684193 0.326291 0.319943 0.219976 0.0011799
62 0.41576 0.441069 0.364153 0.653105 0.00115946
67 0.607039 0.326962 0.0363413 0.188915 0.00114012
13 0.603632 0.433067 0.740168 0.662949 0.00109681
9 0.682271 0.326041 0.321304 0.221891 0.00106567
