1 0.127904 0.378279 0.254266 0.750837 0.942886
16 0.330019 0.768709 0.457956 0.242321 0.921122
0 0.746346 0.297838 0.0510036 0.104842 0.705773
0 0.520627 0.290945 0.0286459 0.125635 0.578555
0 0.475706 0.290486 0.0398709 0.142783 0.424452
0 0.562393 0.285031 0.0343296 0.124245 0.210728
0 0.438329 0.278502 0.0372286 0.151206 0.183267
25 0.453797 0.183367 0.0397408 0.0333638 0.117044
0 0.442991 0.295571 0.0285372 0.123794 0.110467
2 0.393725 0.30761 0.0415813 0.0510662 0.0746938
1 0.437226 0.326662 0.0274817 0.0613425 0.0736154
1 0.348203 0.322039 0.0239364 0.12725 0.0684136
1 0.569456 0.313397 0.0163462 0.0691606 0.0592816
0 0.347691 0.321006 0.027198 0.12913 0.058901
0 0.487102 0.290021 0.0262838 0.134932 0.0563819
0 0.448253 0.286302 0.0254066 0.117843 0.0548227
0 0.431774 0.274487 0.0218998 0.140037 0.0509191
2 0.398981 0.304019 0.05266 0.0596945 0.0395362
0 0.490703 0.281007 0.0235466 0.118007 0.039186
0 0.568613 0.311604 0.0215036 0.0728718 0.0367907
0 0.554291 0.29453 0.0304383 0.110789 0.034677
1 0.442052 0.301321 0.0276632 0.113415 0.0345327
25 0.486788 0.209161 0.0556178 0.0334094 0.0343084
1 0.563857 0.310601 0.0325344 0.0756526 0.0328803
1 0.349846 0.342039 0.0238203 0.0881212 0.0324824
25 0.519132 0.216384 0.0328815 0.0408203 0.0318697
0 0.495856 0.276159 0.0242325 0.129222 0.0304577
1 0.572689 0.313409 0.0238371 0.0704965 0.0253296
0 0.431119 0.238149 0.0190281 0.0679272 0.0236714
0 0.547306 0.295105 0.028719 0.10049 0.0226901
0 0.428935 0.2744 0.0323687 0.135811 0.0220459
2 0.398635 0.285822 0.0520425 0.0947961 0.021338
0 0.574406 0.285179 0.0336416 0.123499 0.0200216
0 0.54174 0.27905 0.0250206 0.106848 0.0189745
0 0.539443 0.291577 0.0205736 0.088941 0.0188205
1 0.546984 0.310453 0.0260653 0.0753573 0.0185742
0 0.451257 0.274517 0.0220393 0.093491 0.0183228
1 0.526468 0.318112 0.0279651 0.0753649 0.0171362
0 0.505625 0.27813 0.0282891 0.112341 0.0169411
25 0.4974 0.211679 0.0735037 0.0403733 0.0161867
25 0.448713 0.184208 0.0507185 0.037956 0.0156189
9 0.796836 0.0525552 0.0422424 0.0769332 0.0155811
0 0.758848 0.287945 0.0270783 0.0806727 0.0152714
25 0.527726 0.222545 0.0488861 0.0568689 0.0150888
1 0.353486 0.331508 0.0280804 0.109697 0.0122425
0 0.592132 0.28127 0.0232594 0.0849914 0.0112936
0 0.572702 0.313257 0.0238829 0.0695289 0.0108093
0 0.575505 0.284536 0.0494858 0.117926 0.0107137
13 0.75737 0.320852 0.0300117 0.0579691 0.0100667
1 0.559546 0.302752 0.0343454 0.0888968 0.00993043
0 0.505522 0.284162 0.0207502 0.0933155 0.00969115
1 0.544944 0.307856 0.033585 0.0884196 0.0089879
13 0.760389 0.325708 0.0273523 0.0468645 0.00886923
1 0.478164 0.322853 0.0220522 0.0755688 0.00875112
0 0.471606 0.296101 0.0289286 0.128987 0.00868949
0 0.559546 0.302752 0.0343454 0.0888968 0.00865903
1 0.438963 0.287675 0.0369007 0.138153 0.00712556
0 0.520744 0.274623 0.0270466 0.0922181 0.00653964
13 0.760199 0.312966 0.0269608 0.0708227 0.00650802
0 0.546682 0.306358 0.0253119 0.0759455 0.0063436
0 0.563857 0.310601 0.0325344 0.0756526 0.00631171
0 0.500638 0.247974 0.0245301 0.0754104 0.00578424
13 0.748116 0.312797 0.0496181 0.0722756 0.00577763
0 0.538853 0.249989 0.0232502 0.070313 0.00566468
0 0.544944 0.307856 0.033585 0.0884196 0.0055806
1 0.576489 0.313541 0.0392933 0.069717 0.00551268
1 0.402741 0.306975 0.052926 0.0546003 0.00537768
25 0.497134 0.230738 0.0277195 0.0496246 0.00518724
13 0.904537 0.351237 0.0682709 0.0385585 0.00506684
25 0.57563 0.196144 0.0378693 0.0393111 0.00495514
1 0.547306 0.295105 0.028719 0.10049 0.00489059
1 0.488897 0.299339 0.0254505 0.117959 0.00488207
25 0.543286 0.215125 0.0272455 0.0516708 0.00486052
0 0.503935 0.295177 0.0228977 0.0761995 0.00478053
1 0.490862 0.292535 0.0222307 0.0916133 0.00472447
0 0.520236 0.259621 0.0269806 0.0614375 0.00471348
1 0.430375 0.316286 0.0328796 0.0767179 0.00456601
25 0.539107 0.22807 0.0273697 0.0666326 0.0045056
56 0.75737 0.320852 0.0300117 0.0579691 0.00449952
2 0.390528 0.28477 0.0346001 0.0976872 0.00429094
0 0.426879 0.257014 0.0272391 0.0919828 0.00407574
1 0.533305 0.328192 0.0356196 0.0808249 0.00403801
0 0.555223 0.27291 0.0271063 0.10213 0.00396678
25 0.458906 0.208675 0.0672226 0.0574325 0.00381601
25 0.531727 0.214296 0.0552215 0.0575719 0.00379124
0 0.349846 0.342039 0.0238203 0.0881212 0.0037556
0 0.576489 0.313541 0.0392933 0.069717 0.00373909
2 0.600834 0.300617 0.0298344 0.0463946 0.00372392
2 0.599079 0.293365 0.0337953 0.0636648 0.00372204
1 0.12793 0.524346 0.253875 0.45199 0.00368458
0 0.589623 0.294617 0.0286053 0.0833867 0.00361302
0 0.455514 0.284349 0.0675439 0.14929 0.00356138
56 0.760199 0.312966 0.0269608 0.0708227 0.0035038
0 0.496577 0.289195 0.0218218 0.0886862 0.00346932
1 0.503935 0.295177 0.0228977 0.0761995 0.00343701
1 0.539443 0.291577 0.0205736 0.088941 0.00333515
0 0.390528 0.28477 0.0346001 0.0976872 0.00315705
25 0.513622 0.224787 0.0255313 0.0458293 0.00303641
1 0.582399 0.305129 0.0350068 0.0858657 0.00301307
0 0.596895 0.27731 0.032695 0.097259 0.0030064
1 0.505678 0.305986 0.0492458 0.103111 0.00292021
1 0.358172 0.348043 0.0263046 0.0778486 0.00282755
1 0.520937 0.292033 0.0299315 0.127132 0.00280228
1 0.076567 0.173259 0.151869 0.340596 0.00264913
0 0.582399 0.305129 0.0350068 0.0858657 0.00247365
0 0.386499 0.258999 0.0218504 0.048026 0.00244316
1 0.562203 0.285068 0.0352318 0.124466 0.00242105
1 0.44761 0.292306 0.0251295 0.116903 0.00241479
0 0.756894 0.276269 0.0277028 0.0668682 0.00241047
25 0.402096 0.218524 0.056685 0.0533906 0.00235158
10 0.347691 0.321006 0.027198 0.12913 0.00233501
1 0.471606 0.296101 0.0289286 0.128987 0.00232261
1 0.390877 0.308553 0.0356867 0.0510085 0.0023194
0 0.447647 0.225716 0.025997 0.0564578 0.00231543
12 0.569364 0.312297 0.0166636 0.0713012 0.00228465
77 0.329742 0.768712 0.457943 0.242531 0.00221127
15 0.329742 0.768712 0.457943 0.242531 0.00217214
25 0.546154 0.211144 0.0217183 0.0509596 0.00212538
1 0.477224 0.289804 0.0459765 0.141011 0.00205955
25 0.572149 0.205461 0.0467562 0.0530782 0.00200644
0 0.390281 0.257643 0.0281866 0.0517747 0.00200298
25 0.519916 0.21169 0.0394211 0.0507751 0.00198737
0 0.405858 0.252572 0.0238302 0.0575142 0.00197333
56 0.760389 0.325708 0.0273523 0.0468645 0.00197029
2 0.405564 0.268886 0.0662211 0.134593 0.00192243
0 0.398958 0.283542 0.0522969 0.101933 0.00190482
1 0.589623 0.294617 0.0286053 0.0833867 0.00188932
25 0.482132 0.238426 0.0386572 0.0406744 0.00182861
13 0.760232 0.297032 0.0252635 0.0789094 0.0017806
25 0.445323 0.219205 0.035935 0.0503796 0.00176114
3 0.128236 0.378053 0.255201 0.750662 0.00173271
25 0.40014 0.24029 0.0533955 0.0955915 0.00171131
3 0.568613 0.311604 0.0215036 0.0728718 0.00163737
2 0.593226 0.285282 0.0276981 0.0801846 0.00155655
9 0.759717 0.0872275 0.0239714 0.0738647 0.00154781
0 0.306726 0.335159 0.0251076 0.122296 0.00153482
56 0.760232 0.297032 0.0252635 0.0789094 0.00151792
0 0.472747 0.32065 0.0237326 0.082812 0.0015049
12 0.347368 0.320111 0.0264173 0.128202 0.00148442
1 0.452756 0.31887 0.0514387 0.087643 0.0014554
1 0.487938 0.316436 0.025328 0.0906989 0.00134972
13 0.398716 0.307364 0.0522238 0.0521499 0.00132704
0 0.760199 0.312966 0.0269608 0.0708227 0.00131246
0 0.342283 0.317726 0.0285794 0.123865 0.00125554
58 0.347691 0.321006 0.027198 0.12913 0.00123253
1 0.472747 0.32065 0.0237326 0.082812 0.0011799
0 0.402741 0.306975 0.052926 0.0546003 0.00117785
0 0.471225 0.246416 0.0296722 0.0541398 0.00115824
9 0.758777 0.0763223 0.0263027 0.0963276 0.00114331
0 0.405564 0.268886 0.0662211 0.134593 0.00111803
25 0.448297 0.216334 0.0252596 0.0437135 0.00111508
0 0.513622 0.224787 0.0255313 0.0458293 0.00110203
13 0.886439 0.34909 0.104632 0.0405545 0.00104359
26 0.520236 0.259621 0.0269806 0.0614375 0.00101304
