31 0.127755 0.5 0.255511 1 0.999992
31 0.260259 0.5 0.520518 1 0.999986
31 0.215442 0.5 0.430885 1 0.999985
31 0.351901 0.5 0.558181 1 0.999972
31 0.25136 0.5 0.50272 1 0.999959
31 0.286021 0.500467 0.527029 0.999066 0.999952
31 0.414436 0.501279 0.585681 0.997441 0.999951
31 0.160919 0.5 0.321838 1 0.999945
31 0.599195 0.5 0.537246 1 0.999943
31 0.203347 0.5 0.406695 1 0.999939
31 0.652124 0.5 0.558098 1 0.999926
31 0.142712 0.5 0.285424 1 0.999921
31 0.222672 0.482242 0.445343 0.964484 0.999919
31 0.4843 0.5 0.523201 1 0.999895
31 0.429409 0.5 0.515167 1 0.99987
31 0.288255 0.5 0.533481 1 0.999866
31 0.280653 0.572924 0.561307 0.854153 0.999845
31 0.388275 0.5 0.533318 1 0.999838
31 0.131847 0.482206 0.263694 0.964412 0.999836
31 0.655383 0.482019 0.419982 0.964039 0.999835
31 0.397643 0.575309 0.653348 0.849382 0.999815
31 0.172094 0.5 0.344188 1 0.999806
31 0.686308 0.503375 0.627383 0.99325 0.99978
31 0.176466 0.444867 0.352932 0.889735 0.99973
31 0.338434 0.482069 0.506841 0.964139 0.99972
31 0.734618 0.48201 0.406377 0.964021 0.999676
31 0.476632 0.482095 0.418273 0.96419 0.999554
31 0.532221 0.5 0.520545 1 0.999517
31 0.245371 0.444837 0.405196 0.889674 0.999492
31 0.341685 0.444765 0.41067 0.88953 0.999485
31 0.64164 0.58155 0.539405 0.836899 0.999454
31 0.599872 0.5 0.556339 1 0.999401
31 0.710641 0.5 0.502756 1 0.999275
31 0.337714 0.5 0.625658 1 0.999273
31 0.208068 0.571691 0.416136 0.856618 0.99926
31 0.552838 0.482065 0.401788 0.964129 0.999081
31 0.419122 0.444755 0.350151 0.889509 0.998411
31 0.122654 0.575775 0.245308 0.848451 0.998257
31 0.17556 0.534577 0.351119 0.930846 0.998039
31 0.477358 0.444781 0.323655 0.889562 0.997519
31 0.675858 0.444704 0.358899 0.889407 0.997168
31 0.162378 0.574223 0.324755 0.851553 0.995889
55 0.684646 0.387637 0.241321 0.350788 0.995443
55 0.741553 0.289872 0.225803 0.377271 0.994826
55 0.546516 0.842981 0.227208 0.213539 0.99458
31 0.766308 0.444721 0.35091 0.889443 0.993984
55 0.716407 0.330304 0.232677 0.307159 0.99367
31 0.0842521 0.5 0.168504 1 0.993611
55 0.682293 0.733857 0.249814 0.218595 0.993605
55 0.510279 0.867883 0.164464 0.264233 0.99309
31 0.575457 0.444703 0.332662 0.889407 0.992846
55 0.714936 0.532509 0.160815 0.264184 0.99274
55 0.751081 0.341829 0.24152 0.330588 0.992544
55 0.955102 0.160276 0.0897964 0.193326 0.992355
55 0.696506 0.452927 0.259574 0.329561 0.991986
55 0.713458 0.592764 0.190792 0.385839 0.991427
55 0.735561 0.241797 0.217406 0.208096 0.991284
55 0.717672 0.52402 0.22102 0.32241 0.991109
55 0.956264 0.113712 0.0874712 0.176357 0.990867
55 0.695507 0.679827 0.240089 0.185243 0.99081
31 0.828608 0.48181 0.334206 0.963621 0.99053
55 0.502471 0.849755 0.202771 0.30049 0.990101
55 0.960318 0.200749 0.0793648 0.273566 0.989704
55 0.593292 0.775141 0.215443 0.304033 0.989234
55 0.733772 0.469618 0.260122 0.362526 0.989177
55 0.703143 0.267627 0.309718 0.407646 0.989012
55 0.76548 0.257433 0.224686 0.387756 0.988583
55 0.723319 0.407421 0.207234 0.312283 0.988556
55 0.699301 0.721527 0.206141 0.272901 0.988102
55 0.750922 0.483334 0.218626 0.241221 0.98796
55 0.952714 0.199554 0.0945712 0.198735 0.987767
55 0.654993 0.689874 0.249985 0.503695 0.987761
55 0.726884 0.535746 0.268765 0.419632 0.987639
55 0.723945 0.216581 0.276156 0.382095 0.987531
55 0.605171 0.684832 0.289509 0.494442 0.987431
55 0.616797 0.364899 0.219174 0.30476 0.986282
31 0.0817734 0.5 0.163547 1 0.986213
55 0.688517 0.733901 0.242705 0.367148 0.986156
55 0.727219 0.377983 0.221989 0.48202 0.985787
55 0.561348 0.767865 0.293814 0.435116 0.985605
55 0.617854 0.759744 0.150113 0.269504 0.985502
55 0.654228 0.831276 0.214634 0.337448 0.985235
55 0.937133 0.242942 0.125733 0.208659 0.98523
55 0.651296 0.341911 0.243877 0.259303 0.985122
55 0.614482 0.803877 0.198208 0.284386 0.985079
55 0.930091 0.350943 0.139819 0.349788 0.984316
31 0.489514 0.616198 0.537289 0.767605 0.984238
55 0.911596 0.114336 0.176807 0.173794 0.984011
55 0.0301597 0.411768 0.0603193 0.322269 0.983323
55 0.642659 0.735342 0.147409 0.222214 0.983249
55 0.684162 0.769752 0.176751 0.289789 0.982476
55 0.634807 0.367942 0.259803 0.38606 0.98224
55 0.749165 0.48479 0.218515 0.168468 0.982174
55 0.71271 0.67485 0.156587 0.399369 0.982123
55 0.929434 0.425299 0.141132 0.424319 0.981949
55 0.761709 0.299616 0.208315 0.171511 0.981796
55 0.752291 0.180792 0.203503 0.361584 0.980973
55 0.57993 0.468388 0.18566 0.440684 0.980912
31 0.153704 0.614606 0.307409 0.770788 0.980903
55 0.73407 0.279225 0.142016 0.280751 0.980837
55 0.566178 0.763667 0.187614 0.202597 0.980778
55 0.892315 0.112324 0.206963 0.170656 0.979825
55 0.675236 0.681913 0.195343 0.413704 0.979771
55 0.75884 0.430191 0.241437 0.433224 0.979552
55 0.539468 0.769001 0.23321 0.363888 0.97913
55 0.617493 0.74189 0.261224 0.308186 0.979064
31 0.732026 0.596038 0.521381 0.807924 0.978999
55 0.52572 0.83823 0.195503 0.129121 0.978975
55 0.0274436 0.356436 0.0548873 0.360461 0.978508
55 0.965841 0.317333 0.0683182 0.208169 0.977795
55 0.744635 0.369645 0.11469 0.387303 0.977619
55 0.660006 0.63732 0.179881 0.400125 0.977282
55 0.934219 0.24244 0.131562 0.28404 0.977179
55 0.557141 0.868255 0.216921 0.26349 0.976879
55 0.935901 0.301305 0.128198 0.253706 0.975934
55 0.570606 0.756318 0.226871 0.487364 0.97576
55 0.506348 0.866556 0.227828 0.259585 0.975061
55 0.690162 0.55056 0.235942 0.376746 0.974778
55 0.567365 0.41422 0.214146 0.404142 0.974441
55 0.678828 0.680755 0.130058 0.412072 0.97412
55 0.458126 0.883099 0.241822 0.218973 0.974001
55 0.752686 0.590513 0.157351 0.310741 0.97389
55 0.9143 0.249422 0.1714 0.370747 0.973864
55 0.888862 0.0882089 0.222276 0.176418 0.973068
55 0.580155 0.474985 0.243804 0.37604 0.972878
55 0.961806 0.281697 0.0763882 0.211684 0.972685
55 0.933207 0.123135 0.133587 0.192969 0.97249
55 0.441306 0.518347 0.233647 0.389865 0.972431
31 0.684765 0.673637 0.52816 0.652727 0.972404
55 0.647639 0.475064 0.220824 0.375334 0.971982
55 0.654052 0.706007 0.157495 0.237385 0.971313
55 0.740807 0.296146 0.185707 0.241791 0.971284
55 0.63558 0.569956 0.25435 0.340018 0.970477
55 0.800456 0.25795 0.204317 0.238109 0.969153
55 0.971245 0.163915 0.0575094 0.260429 0.968288
55 0.511452 0.483266 0.251095 0.46426 0.968011
55 0.733942 0.442172 0.143225 0.232221 0.967456
55 0.939567 0.127239 0.120866 0.254478 0.96722
55 0.56639 0.849811 0.16252 0.300378 0.966642
55 0.797143 0.189873 0.204234 0.328046 0.966636
31 0.120178 0.407454 0.240356 0.814908 0.966307
55 0.970407 0.113871 0.059185 0.227742 0.966244
55 0.929504 0.184659 0.140992 0.317119 0.966217
55 0.631749 0.775051 0.268327 0.449898 0.965343
55 0.935779 0.15403 0.128443 0.30806 0.96523
55 0.0241571 0.298097 0.0483142 0.319095 0.965087
55 0.853923 0.104518 0.247033 0.209036 0.964909
55 0.64827 0.549014 0.195084 0.374262 0.964091
55 0.779509 0.319064 0.145274 0.210541 0.963899
55 0.878838 0.272092 0.179911 0.195091 0.963566
55 0.918719 0.265027 0.162562 0.180459 0.962976
55 0.609413 0.612594 0.239152 0.426331 0.962915
55 0.592947 0.666117 0.200658 0.382447 0.962655
55 0.794082 0.0705022 0.233987 0.141004 0.96228
55 0.531974 0.546438 0.231397 0.36764 0.961966
55 0.390229 0.503975 0.255423 0.360922 0.960086
55 0.959093 0.352581 0.0675304 0.205796 0.959839
55 0.691888 0.34848 0.267425 0.494124 0.959069
55 0.537723 0.787191 0.208231 0.250081 0.958366
55 0.405371 0.76882 0.180652 0.289171 0.958299
55 0.0251067 0.512198 0.0502134 0.373149 0.957707
55 0.898913 0.542715 0.202175 0.358842 0.9573
55 0.646905 0.849738 0.197041 0.300523 0.957295
55 0.903984 0.243584 0.192033 0.209311 0.957258
55 0.873182 0.228336 0.18967 0.328983 0.957243
55 0.658554 0.238075 0.315502 0.425882 0.957172
55 0.95541 0.312681 0.08918 0.200281 0.956568
55 0.928964 0.474659 0.142071 0.448913 0.955964
55 0.541607 0.640031 0.285818 0.403698 0.955958
55 0.794821 0.284784 0.177165 0.221223 0.952776
55 0.653368 0.889606 0.184274 0.156808 0.951126
55 0.620581 0.812078 0.237556 0.224274 0.950537
55 0.545692 0.495599 0.229043 0.340928 0.95038
55 0.513024 0.423462 0.218149 0.419582 0.949175
31 0.885331 0.481174 0.226874 0.962348 0.948731
55 0.65187 0.40923 0.206356 0.167638 0.948444
55 0.734966 0.409664 0.173629 0.242694 0.946376
55 0.975463 0.199717 0.0490732 0.253911 0.945717
55 0.633282 0.596932 0.128793 0.392983 0.945706
55 0.786243 0.134729 0.180788 0.216874 0.945671
55 0.636649 0.876703 0.23039 0.205649 0.944982
55 0.446416 0.463588 0.208784 0.351069 0.944939
55 0.413812 0.746353 0.214806 0.392538 0.944777
55 0.734458 0.247226 0.239766 0.494452 0.944159
55 0.667295 0.651774 0.257136 0.277411 0.942583
55 0.791874 0.213695 0.179979 0.223779 0.94252
31 0.76223 0.511708 0.47554 0.976583 0.942439
55 0.661294 0.849888 0.143135 0.300224 0.941414
55 0.742131 0.642001 0.160339 0.3337 0.939546
55 0.422373 0.798923 0.217809 0.274768 0.938888
55 0.760286 0.384427 0.173169 0.266554 0.938603
55 0.578483 0.586114 0.23908 0.447013 0.937433
55 0.919866 0.411087 0.160268 0.247711 0.936422
55 0.388299 0.811119 0.196908 0.374655 0.934759
55 0.364068 0.792353 0.142097 0.415294 0.933975
31 0.730626 0.817464 0.520128 0.365072 0.931047
55 0.791158 0.0981868 0.160373 0.196374 0.930355
31 0.307866 0.407441 0.413595 0.814882 0.930161
55 0.832122 0.128101 0.150742 0.20304 0.928216
55 0.475575 0.573175 0.243223 0.420471 0.927866
55 0.679265 0.862835 0.202616 0.178875 0.927863
55 0.354777 0.662213 0.201642 0.30058 0.927089
55 0.475717 0.830781 0.249976 0.338438 0.927042
55 0.726148 0.498703 0.14334 0.273646 0.926374
55 0.9484 0.369195 0.1032 0.239042 0.926192
31 0.198982 0.407472 0.397963 0.814944 0.92608
55 0.956386 0.503664 0.0872275 0.209894 0.925501
55 0.494519 0.885975 0.154329 0.22805 0.925403
55 0.820885 0.0871851 0.202516 0.17437 0.9251
55 0.901432 0.581934 0.111488 0.288293 0.924798
55 0.964602 0.492511 0.0658329 0.18839 0.924308
13 0.155301 0.623069 0.310601 0.753862 0.922854
55 0.834882 0.283433 0.157459 0.217013 0.922678
55 0.406247 0.500854 0.177779 0.359769 0.921912
55 0.0244892 0.594063 0.0489784 0.387263 0.920599
55 0.530372 0.535514 0.17315 0.424664 0.9197
55 0.526175 0.470268 0.137529 0.363814 0.919416
55 0.581881 0.341566 0.233475 0.33134 0.918859
55 0.858737 0.273558 0.144029 0.270684 0.918373
55 0.0478847 0.197624 0.0957694 0.342086 0.917455
55 0.388211 0.790521 0.143079 0.413904 0.916013
55 0.749654 0.417706 0.149084 0.183892 0.914368
55 0.662932 0.86831 0.173235 0.26338 0.91423
55 0.913486 0.557831 0.132897 0.465472 0.912317
55 0.338363 0.774688 0.153335 0.448724 0.91217
55 0.828004 0.194748 0.184218 0.263265 0.909523
55 0.962258 0.398628 0.0731537 0.227938 0.908424
55 0.659838 0.894543 0.119466 0.166172 0.906746
55 0.021154 0.679616 0.042308 0.4089 0.905823
55 0.961957 0.466961 0.076086 0.290157 0.905594
55 0.712395 0.549754 0.235704 0.226378 0.904655
31 0.11173 0.5 0.22346 1 0.903252
55 0.0201795 0.756246 0.040359 0.41258 0.901558
55 0.584914 0.303607 0.175492 0.332539 0.900443
55 0.968623 0.545742 0.0627547 0.218137 0.899217
55 0.5552 0.657051 0.195645 0.439355 0.896449
55 0.534698 0.886623 0.251994 0.226754 0.89638
55 0.554242 0.90603 0.228064 0.18794 0.89487
55 0.90973 0.794243 0.18054 0.189613 0.894775
55 0.738046 0.506136 0.123178 0.211601 0.892845
55 0.642135 0.446897 0.204783 0.167698 0.891604
55 0.916269 0.510569 0.167462 0.444686 0.891004
31 0.0847871 0.648303 0.169574 0.703394 0.889969
55 0.595411 0.924295 0.176702 0.15141 0.889468
55 0.640566 0.924402 0.133907 0.151195 0.888677
55 0.855393 0.326106 0.187725 0.22488 0.888556
55 0.644882 0.88661 0.149871 0.226781 0.887168
55 0.975473 0.239481 0.0490548 0.247092 0.886626
55 0.486305 0.371821 0.192285 0.392367 0.886251
55 0.737956 0.628992 0.153838 0.233598 0.886164
55 0.0205542 0.81241 0.0411085 0.375181 0.885383
55 0.601778 0.51481 0.259059 0.379214 0.885273
55 0.431094 0.794688 0.179257 0.340795 0.884649
55 0.0222204 0.887175 0.0444408 0.22565 0.884141
55 0.886089 0.320435 0.195258 0.214273 0.882856
55 0.947641 0.583889 0.104719 0.219373 0.882751
55 0.927285 0.546765 0.14543 0.219213 0.881721
55 0.919621 0.444104 0.154177 0.461633 0.880528
55 0.00725632 0.458937 0.0145126 0.441209 0.880348
55 0.0659059 0.269705 0.0968033 0.187284 0.878675
55 0.501009 0.540791 0.14173 0.356074 0.878663
55 0.393732 0.546287 0.139756 0.368288 0.877318
55 0.822281 0.326847 0.133274 0.226426 0.876044
55 0.0514463 0.0888262 0.102893 0.177652 0.875585
55 0.530356 0.369845 0.260252 0.389256 0.874887
55 0.909492 0.846776 0.181017 0.219373 0.874748
55 0.958018 0.528927 0.0839632 0.184852 0.874237
55 0.0645623 0.316335 0.0693424 0.205745 0.87341
55 0.890417 0.647873 0.176785 0.345441 0.873022
55 0.868797 0.531023 0.178728 0.337283 0.872154
55 0.946332 0.4144 0.107336 0.256987 0.871343
55 0.487048 0.680635 0.244808 0.48787 0.870091
55 0.957183 0.637265 0.0856333 0.250454 0.869317
55 0.853561 0.274228 0.112316 0.350565 0.868778
55 0.773733 0.32546 0.153629 0.150402 0.86834
55 0.937375 0.82884 0.125249 0.183134 0.867766
55 0.734156 0.579088 0.223755 0.207753 0.865627
55 0.368608 0.736939 0.203377 0.374716 0.865569
55 0.835286 0.264067 0.176961 0.326172 0.864795
55 0.461398 0.868433 0.137277 0.263134 0.864222
31 0.318742 0.652098 0.60793 0.695804 0.863248
55 0.492472 0.347348 0.251948 0.347211 0.860799
31 0.761181 0.653968 0.477638 0.692064 0.855467
55 0.44395 0.433663 0.112078 0.36478 0.85543
13 0.0847871 0.648303 0.169574 0.703394 0.855254
55 0.753514 0.378111 0.13116 0.179361 0.855178
55 0.0172162 0.962098 0.0344325 0.0758047 0.853909
55 0.723801 0.681565 0.148531 0.263899 0.853007
55 0.537357 0.867957 0.179239 0.264086 0.85127
55 0.0104066 0.384928 0.0208133 0.441047 0.850339
55 0.905683 0.549058 0.0854668 0.296815 0.847021
55 0.897503 0.586293 0.163731 0.371288 0.846701
55 0.539943 0.666751 0.24282 0.233603 0.845809
55 0.938467 0.445412 0.123066 0.167011 0.845676
55 0.522461 0.377269 0.175827 0.404528 0.842548
55 0.412124 0.687418 0.232019 0.349832 0.839316
55 0.373626 0.6156 0.172816 0.207697 0.838386
55 0.961139 0.466688 0.0777226 0.210733 0.838222
55 0.895991 0.698476 0.146104 0.371652 0.835937
55 0.722165 0.148005 0.106996 0.29601 0.834988
