61 0.44195 0.553565 0.545792 0.830559 0.91513
60 0.501162 0.502235 0.997677 0.980721 0.0104943
61 0.443825 0.738833 0.533703 0.453974 0.0091463
0 0.378505 0.734366 0.0343817 0.0366567 0.00435346
60 0.493411 0.722767 0.984691 0.523034 0.0035468
13 0.50135 0.524396 0.9973 0.93869 0.00280684
61 0.476336 0.337521 0.422434 0.385133 0.00202933
77 0.443064 0.552252 0.544349 0.826779 0.00200731
56 0.441957 0.553096 0.54527 0.828463 0.00177014
0 0.800395 0.924928 0.335053 0.132534 0.00174713
61 0.493411 0.722767 0.984691 0.523034 0.00173843
60 0.9996 0.506618 0.000799688 0.96636 0.00103894
