0 0.689969 0.494155 0.524448 0.982263 0.720735
77 0.483692 0.525366 0.966039 0.936224 0.32884
77 0.298742 0.53289 0.597485 0.921919 0.30376
0 0.484254 0.510559 0.968397 0.955615 0.168368
0 0.298734 0.528823 0.595812 0.930756 0.162175
77 0.713414 0.65942 0.497996 0.630079 0.13723
73 0.904876 0.27845 0.0883006 0.136977 0.113135
0 0.674955 0.269526 0.462927 0.503007 0.111657
73 0.919706 0.272956 0.0633013 0.117996 0.0827088
73 0.895823 0.264239 0.079231 0.113087 0.0783116
56 0.852718 0.578189 0.292846 0.803914 0.0777117
73 0.922237 0.272865 0.0914364 0.137185 0.073032
73 0.850053 0.269545 0.099887 0.122809 0.0689469
16 0.310735 0.521226 0.617527 0.935552 0.0680001
73 0.947912 0.269757 0.0557144 0.11259 0.0669108
73 0.881331 0.265245 0.084286 0.117451 0.0639771
73 0.882911 0.29722 0.0733265 0.121952 0.060993
73 0.938784 0.27101 0.0706438 0.121146 0.0605991
73 0.930443 0.274343 0.040713 0.106304 0.0575388
73 0.877873 0.282665 0.0579898 0.067379 0.0573328
73 0.905564 0.236413 0.0567665 0.0633397 0.054423
73 0.894734 0.289638 0.0906919 0.131985 0.0541681
73 0.878782 0.270508 0.0600878 0.0843881 0.0538153
73 0.899764 0.256041 0.0577657 0.104501 0.0511998
56 0.868411 0.647502 0.261574 0.452668 0.0494205
73 0.960175 0.248182 0.0342616 0.0702662 0.0475785
56 0.860089 0.308738 0.276899 0.244747 0.0421044
73 0.868235 0.277597 0.203454 0.154061 0.0398617
73 0.93447 0.257554 0.0662681 0.0880361 0.0374492
77 0.698208 0.536358 0.470159 0.243854 0.0371832
73 0.858042 0.27323 0.0781024 0.088684 0.0371739
62 0.87206 0.0765455 0.254489 0.148826 0.0336798
56 0.706738 0.53903 0.581786 0.891728 0.0329701
73 0.9335 0.295068 0.0360308 0.0606953 0.031682
16 0.471315 0.523853 0.94263 0.941105 0.0283562
73 0.951697 0.277871 0.0432335 0.0934028 0.0273879
73 0.83599 0.259696 0.094647 0.0966976 0.0256779
73 0.877601 0.242967 0.0528516 0.0646421 0.0256192
73 0.930194 0.291608 0.040958 0.0805296 0.0252994
0 0.720995 0.679246 0.496359 0.602121 0.021719
73 0.838182 0.281211 0.113931 0.119982 0.0208392
73 0.855642 0.292297 0.0890165 0.107965 0.0207463
73 0.933485 0.24734 0.0505658 0.0544172 0.0186764
56 0.940454 0.526145 0.118862 0.19962 0.0158897
56 0.820029 0.653192 0.352091 0.515336 0.0149072
73 0.820492 0.236591 0.037727 0.0366471 0.0148576
77 0.0572074 0.875878 0.112015 0.244474 0.0145073
73 0.932491 0.416179 0.0938278 0.0627495 0.0129665
73 0.958482 0.30265 0.027592 0.0405025 0.0121994
56 0.858762 0.381511 0.282476 0.399998 0.0120561
73 0.816363 0.239285 0.0478472 0.0406171 0.0119159
73 0.907019 0.296295 0.0765623 0.107329 0.0115464
57 0.0567436 0.873528 0.111288 0.246914 0.0111411
73 0.819821 0.25735 0.068707 0.0858264 0.0108524
73 0.932254 0.304682 0.0606929 0.0881216 0.0104551
73 0.941577 0.228998 0.085114 0.0721649 0.0104282
73 0.860637 0.233394 0.0371171 0.0435029 0.0103481
73 0.840709 0.22881 0.0323762 0.0323148 0.00981948
73 0.869655 0.2995 0.085412 0.122714 0.00943533
15 0.310735 0.521226 0.617527 0.935552 0.00902635
56 0.935713 0.603525 0.128466 0.393901 0.0089274
73 0.953288 0.250223 0.0509616 0.0761618 0.0086363
77 0.696009 0.485248 0.530356 0.942653 0.00848213
73 0.969695 0.261652 0.0239049 0.1114 0.00715318
56 0.840189 0.278254 0.233738 0.157659 0.00704429
73 0.83 0.233881 0.060573 0.0469884 0.00698459
73 0.915596 0.297838 0.148646 0.210283 0.00602913
56 0.945284 0.678954 0.108922 0.159081 0.00569493
56 0.870544 0.725208 0.258911 0.30239 0.00565928
73 0.85658 0.229004 0.0348273 0.0386447 0.00555456
56 0.928973 0.473562 0.141259 0.248204 0.00554544
56 0.928728 0.413618 0.105795 0.0683145 0.00549245
73 0.98309 0.285085 0.0324836 0.189429 0.00524253
57 0.867013 0.646363 0.264263 0.452159 0.00511199
60 0.939879 0.516289 0.119514 0.177225 0.00485072
59 0.0553378 0.868891 0.108226 0.248311 0.00479859
57 0.51383 0.767871 0.968167 0.441414 0.00456151
73 0.888744 0.335044 0.0495287 0.041521 0.00452492
59 0.859958 0.307438 0.277085 0.238876 0.00452086
0 0.46156 0.376973 0.906816 0.706302 0.00450963
73 0.881115 0.322007 0.0556406 0.0697246 0.00426459
28 0.872176 0.076407 0.253685 0.146124 0.0040969
68 0.87206 0.0765455 0.254489 0.148826 0.00403771
57 0.487944 0.513038 0.971604 0.956872 0.0040051
0 0.702271 0.359858 0.382497 0.291769 0.0039643
77 0.259482 0.300012 0.51417 0.496992 0.0038929
13 0.860089 0.308738 0.276899 0.244747 0.00384074
73 0.868704 0.318716 0.250505 0.233763 0.00375476
59 0.487944 0.513038 0.971604 0.956872 0.00336921
73 0.900528 0.320568 0.0400783 0.0634682 0.00307816
73 0.785183 0.248882 0.130388 0.101088 0.00306505
56 0.867156 0.106009 0.263421 0.205703 0.00305673
26 0.944674 0.680315 0.110115 0.157524 0.00300038
18 0.487944 0.513038 0.971604 0.956872 0.00298327
73 0.806785 0.265978 0.0941833 0.0919562 0.00291783
56 0.0569445 0.873206 0.111065 0.248096 0.00281817
18 0.310735 0.521226 0.617527 0.935552 0.00278267
56 0.926584 0.718738 0.146519 0.312721 0.00275484
21 0.310735 0.521226 0.617527 0.935552 0.00274852
56 0.928114 0.317885 0.142283 0.259044 0.00259387
72 0.872176 0.076407 0.253685 0.146124 0.00259078
59 0.862876 0.643529 0.270537 0.460347 0.00256765
16 0.712791 0.682193 0.498503 0.585975 0.00251317
57 0.861801 0.555893 0.272748 0.659805 0.00249404
60 0.0553378 0.868891 0.108226 0.248311 0.00249076
26 0.871164 0.759663 0.257671 0.237389 0.0024547
73 0.946129 0.300735 0.0549235 0.0864097 0.00245428
59 0.501628 0.871572 0.983275 0.233208 0.00238472
57 0.846224 0.8742 0.306466 0.245574 0.00235981
77 0.266947 0.408483 0.5283 0.707728 0.00232288
20 0.417856 0.521102 0.835712 0.943457 0.00229448
56 0.862296 0.216176 0.274555 0.432351 0.00227568
59 0.498773 0.815812 0.993377 0.341048 0.00224471
73 0.932046 0.266827 0.123418 0.15701 0.00223023
57 0.820029 0.653192 0.352091 0.515336 0.0022245
21 0.471315 0.523853 0.94263 0.941105 0.00219804
62 0.854901 0.277627 0.238846 0.155657 0.00218308
20 0.295712 0.542869 0.591027 0.907166 0.00216356
59 0.843115 0.868095 0.313769 0.249896 0.00215313
56 0.926451 0.539271 0.146659 0.246729 0.00215185
59 0.861801 0.555893 0.272748 0.659805 0.00213894
0 0.863527 0.635226 0.271463 0.483529 0.00211909
57 0.758559 0.773575 0.482059 0.434345 0.00208351
0 0.855987 0.525814 0.284686 0.726451 0.00206992
0 0.757366 0.52737 0.475703 0.800095 0.00204262
73 0.930495 0.408496 0.109518 0.0730648 0.00202382
73 0.885895 0.338015 0.0389553 0.0359317 0.00200501
56 0.875311 0.500904 0.248866 0.306636 0.00196081
54 0.705429 0.542387 0.484608 0.233713 0.00188977
56 0.487944 0.513038 0.971604 0.956872 0.00185546
15 0.471315 0.523853 0.94263 0.941105 0.00184292
26 0.85425 0.2773 0.223432 0.153341 0.00180039
16 0.0572074 0.875878 0.112015 0.244474 0.00179279
57 0.50348 0.844334 0.993039 0.287928 0.0017671
27 0.549856 0.374568 0.0999596 0.0985335 0.00171447
73 0.9877 0.2752 0.0238998 0.164616 0.00170583
55 0.705429 0.542387 0.484608 0.233713 0.00167534
13 0.862338 0.633467 0.274403 0.491339 0.00165603
57 0.324018 0.752903 0.647478 0.481621 0.00163212
60 0.868411 0.647502 0.261574 0.452668 0.00161117
18 0.0572074 0.875878 0.112015 0.244474 0.00160256
13 0.854983 0.530563 0.290002 0.731112 0.00157097
56 0.925368 0.419231 0.146109 0.178218 0.00148129
28 0.854901 0.277627 0.238846 0.155657 0.00147867
53 0.694902 0.534879 0.459797 0.251792 0.00140181
0 0.846164 0.796558 0.306784 0.393171 0.00133026
16 0.705429 0.542387 0.484608 0.233713 0.00131795
39 0.122184 0.0862852 0.0766077 0.064764 0.00129598
56 0.923725 0.398826 0.123227 0.101002 0.00128219
56 0.872034 0.0756849 0.253967 0.145132 0.00127673
0 0.0570178 0.871764 0.111727 0.2519 0.00127038
0 0.860422 0.734957 0.277757 0.472302 0.00126323
39 0.850053 0.269545 0.099887 0.122809 0.00125796
73 0.942171 0.310078 0.0639931 0.084069 0.00125077
56 0.846224 0.8742 0.306466 0.245574 0.00124523
72 0.32165 0.0579131 0.208146 0.111323 0.00121415
73 0.972605 0.269511 0.017898 0.11427 0.00119692
73 0.790633 0.261478 0.115908 0.0991631 0.00119242
73 0.862976 0.264168 0.261931 0.174407 0.00118616
73 0.98666 0.406458 0.0254166 0.0504839 0.00117967
60 0.861086 0.294562 0.274854 0.262151 0.00113997
59 0.820029 0.653192 0.352091 0.515336 0.00113848
28 0.870092 0.754801 0.259815 0.244365 0.00112653
13 0.706738 0.53903 0.581786 0.891728 0.00112322
24 0.871164 0.759663 0.257671 0.237389 0.00110784
57 0.314913 0.872388 0.627441 0.24402 0.00110582
56 0.893251 0.621567 0.212424 0.279463 0.00109968
56 0.867679 0.240233 0.263707 0.209407 0.00108287
15 0.705429 0.542387 0.484608 0.233713 0.00108278
48 0.694902 0.534879 0.459797 0.251792 0.00107709
73 0.832375 0.28349 0.227507 0.167204 0.00106442
56 0.51383 0.767871 0.968167 0.441414 0.00106177
56 0.897369 0.331926 0.202746 0.238197 0.00105432
59 0.706738 0.53903 0.581786 0.891728 0.00105089
57 0.859958 0.307438 0.277085 0.238876 0.00102472
57 0.838838 0.798768 0.321821 0.387065 0.00100088
