0 0.51853 0.616459 0.670187 0.749208 0.92381
0 0.0633783 0.602608 0.123305 0.475393 0.859885
0 0.187706 0.644746 0.129442 0.386073 0.812469
0 0.903636 0.673635 0.173488 0.643458 0.41509
0 0.285991 0.524214 0.0920182 0.227991 0.333347
0 0.869955 0.674815 0.210759 0.639513 0.299153
0 0.826314 0.549625 0.145791 0.379822 0.296883
0 0.75975 0.533396 0.105749 0.191027 0.266308
0 0.963488 0.684546 0.0649109 0.606373 0.254265
0 0.196388 0.456775 0.0800419 0.138726 0.254073
0 0.79749 0.402573 0.0671436 0.118414 0.243861
0 0.706099 0.447453 0.0702697 0.209732 0.231844
0 0.832454 0.673088 0.148552 0.632475 0.220255
67 0.471341 0.519368 0.0363033 0.04852 0.210993
0 0.939924 0.678398 0.109146 0.630646 0.209994
0 0.665709 0.457026 0.0803597 0.197027 0.172819
0 0.295087 0.546952 0.105524 0.284555 0.14222
0 0.201934 0.439423 0.0673231 0.105312 0.12025
0 0.249172 0.459779 0.0582691 0.178339 0.114554
0 0.0210492 0.435819 0.0420984 0.118554 0.103961
0 0.121745 0.485534 0.0740794 0.207865 0.101944
0 0.706269 0.418073 0.0666336 0.130102 0.100936
0 0.923574 0.448252 0.0891724 0.210598 0.0972139
0 0.679265 0.450639 0.106944 0.212383 0.09332
0 0.123655 0.543041 0.0783681 0.323496 0.0861959
0 0.301355 0.624426 0.0998623 0.132808 0.0855983
0 0.247455 0.437489 0.0595165 0.126472 0.0816608
0 0.247187 0.501185 0.0582128 0.258652 0.0731242
0 0.429242 0.220678 0.0811567 0.0826479 0.0703939
0 0.745672 0.518558 0.07505 0.145545 0.059958
0 0.92016 0.403639 0.0810146 0.118254 0.0573317
0 0.976523 0.477153 0.0461788 0.12102 0.0540812
0 0.795622 0.398514 0.0605659 0.0911619 0.0514958
0 0.110626 0.459458 0.0590623 0.146399 0.0474469
0 0.02045 0.555956 0.0406115 0.359209 0.0470872
0 0.853669 0.423914 0.0849649 0.124654 0.0428048
0 0.252415 0.422108 0.0513645 0.0993516 0.0397957
67 0.488099 0.510865 0.0682375 0.0814175 0.0379014
0 0.729984 0.446953 0.0676716 0.207191 0.036664
0 0.966814 0.421074 0.051617 0.106872 0.036472
0 0.43892 0.219548 0.0581232 0.0781313 0.034887
0 0.125633 0.458913 0.0771625 0.157486 0.0331319
0 0.956321 0.423726 0.037335 0.0955215 0.031833
0 0.141161 0.463324 0.0523585 0.13899 0.0312316
0 0.981757 0.416665 0.0345444 0.1118 0.0309922
0 0.0199978 0.495744 0.0394914 0.231193 0.0309325
0 0.788137 0.564499 0.0912498 0.247021 0.0306758
67 0.575199 0.483566 0.032749 0.108473 0.0304378
0 0.90247 0.468004 0.12717 0.240862 0.0303836
0 0.833969 0.48766 0.126041 0.257611 0.0302936
0 0.981835 0.73067 0.0363295 0.452748 0.0295084
0 0.963799 0.77437 0.0701279 0.446424 0.0290331
67 0.472473 0.509033 0.0407986 0.068884 0.0289348
67 0.536083 0.488584 0.184623 0.13333 0.0270944
0 0.775151 0.569702 0.131979 0.280837 0.0258094
0 0.22041 0.401777 0.0354622 0.0682696 0.0242774
26 0.881536 0.609726 0.111567 0.10652 0.0239674
0 0.276168 0.555306 0.153101 0.301891 0.0237086
0 0.0211453 0.683035 0.0395707 0.274344 0.0236961
0 0.838784 0.444071 0.115448 0.170714 0.0227518
0 0.0186433 0.43034 0.0361673 0.0963096 0.022406
0 0.65977 0.406511 0.0633675 0.084484 0.0219125
0 0.306884 0.497058 0.0877373 0.18736 0.0215605
0 0.739246 0.431195 0.0541353 0.183923 0.0210822
0 0.714101 0.422684 0.077311 0.150772 0.0205741
0 0.979478 0.458679 0.0405825 0.0891599 0.0203275
0 0.974889 0.43396 0.0502213 0.148329 0.0193765
67 0.592837 0.494518 0.0327518 0.125059 0.0189482
0 0.192785 0.435327 0.0757021 0.0909824 0.0185055
0 0.119256 0.434972 0.0674785 0.113312 0.0184627
0 0.240648 0.418801 0.0541067 0.0837535 0.0184473
0 0.196491 0.418687 0.0476092 0.0686469 0.0184209
0 0.759336 0.513459 0.0886013 0.147334 0.0182877
0 0.29105 0.656914 0.119431 0.196045 0.0179193
0 0.760087 0.392678 0.0387455 0.0800826 0.0172414
0 0.75104 0.393738 0.0467344 0.0829245 0.0170432
0 0.972037 0.648211 0.0546764 0.458155 0.0168295
0 0.258253 0.408438 0.0399549 0.0722941 0.0166783
0 0.284367 0.47672 0.124483 0.221223 0.0164311
0 0.28045 0.523588 0.120499 0.305215 0.016214
67 0.6014 0.494873 0.0475638 0.131874 0.0161603
0 0.111906 0.431814 0.0542509 0.0996558 0.0160631
0 0.0179089 0.411704 0.0338425 0.0593487 0.0152543
0 0.168491 0.432888 0.0326487 0.0816865 0.0152492
67 0.591804 0.482026 0.0529617 0.112484 0.0148864
0 0.158547 0.444665 0.045219 0.126881 0.014801
0 0.975936 0.601009 0.0468529 0.374845 0.0144185
0 0.210385 0.44409 0.0449528 0.0988885 0.0143799
0 0.143972 0.430834 0.0418643 0.0900902 0.0143206
32 0.854531 0.268784 0.0692999 0.0628231 0.0142511
0 0.168372 0.423991 0.027647 0.0722722 0.0142088
0 0.976048 0.49909 0.0471716 0.0620133 0.0141131
67 0.464808 0.527547 0.0513765 0.0628707 0.0140105
24 0.286101 0.517114 0.0763886 0.123341 0.0139985
0 0.128177 0.591943 0.0660939 0.360443 0.0137431
0 0.735932 0.414953 0.0560842 0.137767 0.0133431
67 0.456095 0.51921 0.0661411 0.0494875 0.0130321
0 0.212943 0.42486 0.0500905 0.0867463 0.0128438
24 0.785513 0.592162 0.0692717 0.132655 0.0127375
0 0.981613 0.444106 0.0360264 0.0622399 0.0124266
0 0.310882 0.537587 0.086726 0.269909 0.0122735
0 0.114562 0.418434 0.0552659 0.0825164 0.0121623
0 0.199902 0.412029 0.0358442 0.05884 0.0121065
0 0.446797 0.21565 0.0405983 0.0705307 0.0119998
0 0.929921 0.503603 0.072226 0.146316 0.0118582
0 0.279219 0.675433 0.143326 0.238348 0.0117535
0 0.229396 0.41412 0.0405709 0.0813552 0.0115677
0 0.851387 0.315604 0.0798779 0.15979 0.0115419
0 0.724444 0.402176 0.0784696 0.135433 0.0115352
0 0.248937 0.408092 0.0554974 0.0693208 0.0113957
0 0.947025 0.781743 0.0703356 0.435527 0.0113258
0 0.0177944 0.642366 0.0345871 0.41049 0.0112512
0 0.0247495 0.7001 0.0454686 0.21577 0.0112399
0 0.149485 0.440062 0.0372207 0.0862471 0.0112101
0 0.741852 0.482275 0.112811 0.16977 0.011056
0 0.804996 0.586437 0.106784 0.275188 0.0109586
0 0.743938 0.406473 0.0565758 0.110087 0.0108638
0 0.208614 0.408763 0.0478465 0.0584954 0.010606
0 0.209794 0.528266 0.102465 0.288095 0.0105044
0 0.897114 0.568315 0.148458 0.425676 0.0102892
25 0.854889 0.268946 0.0698017 0.0615967 0.00985479
0 0.065502 0.357025 0.0333741 0.0608681 0.00963396
0 0.110727 0.411526 0.0497243 0.0600659 0.00961384
0 0.177258 0.423793 0.0398673 0.0713958 0.00912377
0 0.147556 0.454296 0.040097 0.116928 0.00912333
30 0.0724039 0.829804 0.0797916 0.0313803 0.00905359
67 0.455543 0.531333 0.0665155 0.0542289 0.00869185
0 0.12702 0.42273 0.073153 0.0928227 0.00868502
41 0.975588 0.500036 0.0463108 0.0604423 0.00864589
0 0.235717 0.460169 0.0500071 0.131449 0.00838265
0 0.181213 0.454494 0.0820193 0.136433 0.00833875
9 0.574212 0.24881 0.0406027 0.0409099 0.0082401
67 0.557159 0.460147 0.0199698 0.0579363 0.00822371
0 0.983773 0.387711 0.0301182 0.0563325 0.00813699
0 0.698062 0.450053 0.115354 0.219352 0.00806871
67 0.577913 0.491217 0.0415875 0.126932 0.00805259
67 0.499053 0.516801 0.0472233 0.0716107 0.00801623
0 0.149257 0.421759 0.0421078 0.0851661 0.00799334
0 0.76669 0.498638 0.0883804 0.124483 0.00789732
24 0.0631886 0.534666 0.0973884 0.183741 0.00763252
0 0.214777 0.462884 0.0422028 0.126279 0.00758484
0 0.214186 0.39722 0.0408456 0.0612521 0.0074515
0 0.842951 0.607006 0.272034 0.368206 0.00738677
67 0.472198 0.530311 0.0955722 0.0792013 0.0071764
24 0.611154 0.592965 0.125603 0.229994 0.00708437
0 0.740065 0.388818 0.0527693 0.134093 0.0070008
0 0.0214856 0.401164 0.0405034 0.0716961 0.00686893
67 0.565805 0.471467 0.0551428 0.0893404 0.00681219
67 0.554588 0.447075 0.110815 0.0832171 0.00670922
0 0.891547 0.497833 0.150217 0.291497 0.00669211
0 0.0190709 0.622886 0.0375488 0.544828 0.00664067
26 0.878004 0.583654 0.124714 0.15078 0.0066061
67 0.551134 0.460237 0.109591 0.0882919 0.00620976
0 0.104959 0.411273 0.0422501 0.0529379 0.00618279
67 0.559038 0.457709 0.0338455 0.0583357 0.00615439
0 0.219856 0.384775 0.0297164 0.0480845 0.00608605
0 0.230454 0.542093 0.0813702 0.303 0.00605053
0 0.773311 0.431136 0.115177 0.174639 0.00602835
0 0.935705 0.559743 0.106715 0.425689 0.00586879
0 0.108021 0.420975 0.0491514 0.065619 0.00582501
0 0.242232 0.415884 0.0671433 0.118232 0.0054695
67 0.452039 0.527518 0.0590557 0.0380533 0.0053941
0 0.253201 0.392446 0.0509961 0.072004 0.0053471
0 0.0240236 0.434183 0.045321 0.158797 0.00525495
0 0.312822 0.474848 0.0813926 0.193954 0.00523672
0 0.183666 0.432213 0.0540051 0.0800833 0.00520253
0 0.922934 0.389342 0.0712231 0.0892711 0.0051688
0 0.89551 0.740174 0.148481 0.513412 0.00511712
26 0.139609 0.644136 0.043605 0.13607 0.00510177
0 0.152173 0.489558 0.0673464 0.202879 0.00510007
26 0.878253 0.559768 0.123107 0.237839 0.00508338
0 0.577207 0.259273 0.0481667 0.0627179 0.00504097
0 0.326222 0.50189 0.0498215 0.148384 0.00502053
0 0.770557 0.372581 0.0250259 0.0437056 0.00497743
0 0.0170383 0.65217 0.0321463 0.117285 0.00491688
24 0.786258 0.564618 0.0725365 0.172596 0.00483865
0 0.226469 0.47648 0.0295658 0.121479 0.00482035
0 0.044086 0.433738 0.0849117 0.141498 0.00468102
0 0.11014 0.596177 0.0562261 0.416704 0.00467101
30 0.0698627 0.824939 0.0836297 0.0507746 0.00466713
67 0.599424 0.470543 0.0492681 0.0917277 0.00461534
0 0.746748 0.380736 0.0570095 0.100005 0.00456399
0 0.877109 0.539028 0.124865 0.324856 0.00451955
0 0.14426 0.411618 0.0385168 0.0705992 0.00448182
39 0.976048 0.49909 0.0471716 0.0620133 0.00446248
0 0.582572 0.266286 0.0625439 0.0787228 0.00439769
26 0.0120351 0.553796 0.0215348 0.104383 0.00431299
0 0.959042 0.400163 0.034507 0.0726826 0.00410604
0 0.243943 0.482106 0.0551378 0.180035 0.00408691
0 0.894772 0.785309 0.0926067 0.429382 0.00406829
67 0.589045 0.468751 0.066542 0.0972004 0.00402203
67 0.574334 0.466304 0.0365534 0.0754008 0.00401151
0 0.0176186 0.394585 0.0322089 0.0807047 0.00396633
24 0.560722 0.571249 0.253424 0.306776 0.0039098
0 0.174607 0.411875 0.0330242 0.0672904 0.00390175
25 0.705373 0.35165 0.0672156 0.0469501 0.00385582
67 0.536432 0.447335 0.0734026 0.0797843 0.00372842
26 0.0592048 0.537559 0.0943267 0.173078 0.00370219
26 0.785976 0.593346 0.0702292 0.157195 0.00363401
0 0.177939 0.541957 0.105379 0.191419 0.00360075
0 0.929552 0.462181 0.0742228 0.174561 0.00360063
0 0.0322242 0.675591 0.0611545 0.289441 0.00358206
67 0.443771 0.524958 0.0420218 0.0295107 0.00352669
0 0.174562 0.463901 0.0434165 0.10276 0.00352284
0 0.0606669 0.364293 0.0434871 0.052333 0.00347579
0 0.835963 0.418074 0.117638 0.135124 0.00345802
0 0.137181 0.498639 0.0435019 0.189928 0.00345787
9 0.43892 0.219548 0.0581232 0.0781313 0.00342938
26 0.948126 0.662991 0.0475597 0.169459 0.00340921
25 0.470296 0.171532 0.184483 0.146173 0.00336292
0 0.033294 0.624923 0.0631819 0.402511 0.00335431
26 0.878813 0.614931 0.0844612 0.098971 0.00331405
0 0.730606 0.390784 0.0631418 0.115993 0.00326115
0 0.200811 0.394235 0.0477573 0.0488477 0.00324202
9 0.577882 0.262336 0.0500339 0.0676525 0.00317222
0 0.0624021 0.346003 0.0252089 0.0375676 0.00316089
67 0.975829 0.501471 0.0459789 0.0631656 0.00313497
9 0.344828 0.157926 0.0359057 0.0715744 0.00313359
0 0.170804 0.405472 0.0276095 0.0605751 0.00312716
0 0.782567 0.514503 0.21298 0.316794 0.00309148
0 0.245825 0.685274 0.0821682 0.262124 0.0030756
0 0.930387 0.418917 0.0749317 0.0967029 0.00307551
67 0.491031 0.488737 0.08431 0.120577 0.00305438
9 0.824748 0.321489 0.0253578 0.0531513 0.0030295
26 0.97908 0.968031 0.0412338 0.0639385 0.00302309
67 0.563128 0.494499 0.0644543 0.14434 0.0030086
0 0.970995 0.38953 0.0455225 0.0576791 0.0029873
67 0.510393 0.503501 0.104262 0.121328 0.00298461
67 0.54124 0.498285 0.112336 0.142099 0.00295591
0 0.677921 0.376735 0.0383278 0.083577 0.00293458
0 0.185305 0.484075 0.0620716 0.0878588 0.00292191
0 0.600528 0.292988 0.0965857 0.125044 0.00290874
0 0.675483 0.394255 0.0487394 0.112838 0.00289264
0 0.670574 0.384071 0.046898 0.0871754 0.00289071
0 0.975213 0.512847 0.0466965 0.0859162 0.00286356
30 0.0827517 0.826892 0.0579426 0.0288204 0.00286302
0 0.0687793 0.480054 0.124016 0.228423 0.002855
0 0.0211224 0.461936 0.0422275 0.0795749 0.00282469
0 0.403147 0.619608 0.437613 0.738845 0.00282362
0 0.737157 0.333931 0.039831 0.0639548 0.00277817
24 0.881536 0.609726 0.111567 0.10652 0.00277439
26 0.147414 0.641012 0.0279332 0.135255 0.00276804
0 0.493544 0.223407 0.218769 0.0906167 0.00276342
0 0.141676 0.478657 0.0391914 0.154877 0.00276256
0 0.133297 0.40873 0.0597162 0.0655295 0.00271815
24 0.393186 0.810165 0.17778 0.353924 0.00268826
2 0.704717 0.355141 0.0684725 0.0531233 0.00267032
0 0.0565587 0.449363 0.110436 0.172831 0.00266594
67 0.540706 0.448177 0.190673 0.220572 0.00264105
0 0.975977 0.778273 0.0480152 0.435878 0.00262195
0 0.914109 0.433664 0.0733257 0.150139 0.00261265
0 0.0154346 0.371851 0.0265191 0.0363433 0.00261167
26 0.131914 0.655729 0.0610715 0.119521 0.00260735
9 0.275342 0.220483 0.0270553 0.0848826 0.00257069
26 0.286101 0.517114 0.0763886 0.123341 0.00252092
0 0.421663 0.234213 0.108516 0.112809 0.00245398
67 0.596844 0.455575 0.0518126 0.068677 0.00242895
0 0.597222 0.355998 0.0918517 0.252185 0.00241891
0 0.777409 0.461368 0.0699041 0.0464762 0.002408
26 0.0123397 0.578093 0.0228015 0.0561711 0.00240707
67 0.914293 0.529702 0.0249214 0.0388183 0.00235167
0 0.822841 0.382444 0.0262737 0.0477003 0.00234133
0 0.925936 0.374901 0.0669054 0.0595309 0.00233755
0 0.179575 0.474583 0.050029 0.0809198 0.00229549
0 0.651571 0.45435 0.0610442 0.154357 0.00229269
0 0.708472 0.365455 0.0777938 0.0707309 0.00228816
0 0.949537 0.417522 0.046236 0.0923251 0.00228
0 0.911098 0.411885 0.0689005 0.106355 0.00225985
0 0.908147 0.398099 0.0610016 0.080626 0.0022532
0 0.825901 0.378042 0.0310144 0.0569675 0.00225067
0 0.779864 0.391658 0.0358181 0.0792295 0.00219965
0 0.69667 0.365202 0.0632468 0.068673 0.00219557
26 0.70736 0.435249 0.0611376 0.101186 0.00219342
0 0.669133 0.411717 0.0604279 0.124339 0.00219047
29 0.854531 0.268784 0.0692999 0.0628231 0.00218973
0 0.195394 0.511695 0.147501 0.267054 0.00216758
24 0.80151 0.582522 0.100573 0.273449 0.0021621
0 0.234775 0.677424 0.0615763 0.257269 0.00213972
30 0.0721724 0.783162 0.0814765 0.118612 0.00211576
24 0.84249 0.570466 0.180576 0.369354 0.00210032
0 0.247002 0.506658 0.0465624 0.179794 0.0020988
0 0.77494 0.486703 0.0768732 0.0993695 0.00209546
26 0.116994 0.555103 0.0329501 0.148725 0.00209281
26 0.859924 0.600661 0.100787 0.108023 0.00207776
0 0.122011 0.399506 0.0334795 0.0472696 0.00207329
0 0.214676 0.484748 0.0369 0.0796075 0.00207233
0 0.753769 0.550503 0.0761324 0.158841 0.00206989
0 0.178209 0.391383 0.0257336 0.0376543 0.00206304
26 0.781804 0.576223 0.0671757 0.124008 0.00206271
0 0.973767 0.531702 0.0507786 0.122921 0.00205538
26 0.786258 0.564618 0.0725365 0.172596 0.00204572
0 0.227 0.383072 0.038061 0.052163 0.00200588
26 0.791395 0.58791 0.0581036 0.117316 0.00199267
24 0.627656 0.572602 0.157994 0.270439 0.00198615
0 0.251436 0.380493 0.0477083 0.0596888 0.00195506
0 0.772741 0.487246 0.108207 0.215605 0.00194606
26 0.798262 0.602468 0.0749191 0.197322 0.00193235
0 0.652207 0.395644 0.046715 0.0621458 0.0019109
0 0.792241 0.37094 0.0483263 0.0777402 0.00190875
26 0.850904 0.587857 0.0808098 0.135758 0.00189951
