14 0.522006 0.411009 0.155366 0.304243 0.833266
14 0.820821 0.561359 0.212324 0.351605 0.82078
14 0.489836 0.699163 0.176901 0.311086 0.784379
14 0.29957 0.341277 0.144823 0.266125 0.770045
14 0.135248 0.17917 0.170593 0.290797 0.768292
14 0.268181 0.796191 0.155132 0.320485 0.713084
14 0.289877 0.602931 0.186456 0.290452 0.632042
14 0.855598 0.814275 0.157512 0.281735 0.569993
47 0.298886 0.339979 0.144583 0.262251 0.381094
14 0.824306 0.671175 0.21285 0.564943 0.105056
14 0.522548 0.500213 0.157706 0.482892 0.0420746
14 0.290765 0.479373 0.16878 0.535555 0.0352565
14 0.534785 0.558339 0.194363 0.612305 0.0341852
47 0.854715 0.809112 0.15674 0.282909 0.0299889
14 0.48697 0.659416 0.163396 0.231576 0.0289143
14 0.281095 0.708608 0.174183 0.527304 0.0251798
47 0.288855 0.604138 0.184387 0.278615 0.0246338
14 0.299141 0.79026 0.0958673 0.248594 0.0182278
14 0.234964 0.819797 0.0914034 0.353024 0.0166321
21 0.820892 0.562642 0.213445 0.353788 0.0144891
21 0.289858 0.601731 0.18463 0.292202 0.0143021
14 0.394864 0.673833 0.400225 0.326078 0.0142671
14 0.558308 0.761467 0.323214 0.451995 0.0140097
21 0.134906 0.178947 0.169775 0.289587 0.0140078
14 0.540117 0.452036 0.191623 0.38829 0.0133784
14 0.335065 0.607987 0.0966375 0.278082 0.00974274
14 0.514404 0.655344 0.177477 0.389692 0.00969398
14 0.403399 0.574988 0.412626 0.646189 0.00890517
14 0.551782 0.629057 0.285246 0.741886 0.0080176
47 0.521429 0.409106 0.154079 0.299553 0.00790951
14 0.619172 0.464784 0.0618236 0.15606 0.00751019
14 0.587693 0.759601 0.0353137 0.0778059 0.00616339
46 0.299004 0.340307 0.144323 0.262856 0.00608921
14 0.206073 0.831115 0.14551 0.32252 0.00570083
21 0.855598 0.814275 0.157512 0.281735 0.005422
14 0.540045 0.708784 0.167119 0.350349 0.00519824
14 0.603123 0.473789 0.0928537 0.174006 0.00486487
14 0.530141 0.626728 0.0762885 0.169471 0.00485396
21 0.299335 0.341555 0.144868 0.263651 0.00475475
46 0.568272 0.536975 0.0643231 0.0489688 0.00461608
14 0.558921 0.626269 0.133478 0.173252 0.00449777
14 0.57151 0.832349 0.080288 0.233002 0.00431186
14 0.248377 0.810147 0.230265 0.334996 0.00346777
46 0.288493 0.598571 0.183496 0.27376 0.00339457
14 0.527614 0.660843 0.0814223 0.238232 0.00325859
14 0.591388 0.765913 0.0473081 0.091606 0.00318664
14 0.489583 0.810818 0.0561686 0.106104 0.00313488
14 0.810101 0.283174 0.0894134 0.21814 0.00312465
47 0.286938 0.532831 0.179918 0.214622 0.00306797
14 0.374117 0.722415 0.428469 0.441855 0.00305429
47 0.135075 0.176367 0.168809 0.285889 0.00295705
14 0.607617 0.828168 0.155672 0.286342 0.00292873
14 0.591477 0.53395 0.112686 0.294434 0.00284296
54 0.298886 0.339979 0.144583 0.262251 0.00264376
15 0.820575 0.560501 0.212417 0.351959 0.00260219
25 0.820575 0.560501 0.212417 0.351959 0.00251013
25 0.135059 0.178081 0.169383 0.286867 0.00248605
16 0.267454 0.793537 0.158623 0.308963 0.00246122
14 0.186353 0.817345 0.1031 0.212026 0.00231507
14 0.808831 0.74194 0.257417 0.440944 0.00226423
14 0.619173 0.437055 0.060934 0.101166 0.00216791
49 0.572986 0.53886 0.0535878 0.0431326 0.00213328
14 0.284093 0.666057 0.194521 0.387759 0.00211063
0 0.289349 0.59935 0.183765 0.296478 0.00206161
21 0.489836 0.699163 0.176901 0.311086 0.00191534
47 0.8469 0.940274 0.0493729 0.0258176 0.00188765
46 0.572889 0.540387 0.052512 0.0374054 0.00187275
14 0.580061 0.757643 0.0524765 0.084595 0.00186419
0 0.855984 0.810817 0.156947 0.288257 0.00185218
18 0.135059 0.178081 0.169383 0.286867 0.00177848
14 0.546805 0.624992 0.0481959 0.171762 0.00171721
47 0.270928 0.556434 0.147627 0.159836 0.0017148
16 0.820575 0.560501 0.212417 0.351959 0.00169608
16 0.289349 0.59935 0.183765 0.296478 0.00168794
14 0.345441 0.599584 0.147687 0.286841 0.00167736
14 0.468148 0.739491 0.638761 0.505181 0.00163126
0 0.13521 0.180209 0.170446 0.295497 0.00160074
47 0.268174 0.809318 0.157853 0.334599 0.00158292
14 0.57031 0.770569 0.0756076 0.111446 0.00154611
14 0.56295 0.871412 0.0575451 0.105222 0.00152963
46 0.235531 0.537144 0.0517318 0.0291481 0.00152603
14 0.58783 0.481726 0.121918 0.193718 0.00152472
14 0.566754 0.800307 0.0890412 0.246398 0.00148115
46 0.854715 0.809112 0.15674 0.282909 0.00145647
14 0.610499 0.766544 0.0863376 0.100543 0.0014447
47 0.48697 0.659416 0.163396 0.231576 0.00142926
77 0.135521 0.179944 0.170671 0.290393 0.00142008
14 0.551011 0.720669 0.116587 0.252537 0.00141826
47 0.235531 0.537144 0.0517318 0.0291481 0.00141016
46 0.549479 0.522798 0.103864 0.0796815 0.00140792
14 0.832058 0.231293 0.0469076 0.115525 0.00140464
14 0.290351 0.539908 0.186674 0.267833 0.00139394
14 0.568918 0.743872 0.0718397 0.112205 0.00135902
14 0.289905 0.465307 0.167806 0.203926 0.00132924
14 0.587547 0.811853 0.0540998 0.199437 0.00131777
14 0.577054 0.606565 0.108388 0.3382 0.00131169
14 0.591341 0.589863 0.106271 0.447018 0.00130352
14 0.275267 0.722801 0.175318 0.36959 0.0012638
14 0.49178 0.82382 0.0620606 0.139879 0.00125414
14 0.534495 0.698553 0.0882434 0.309172 0.00124782
16 0.135521 0.179944 0.170671 0.290393 0.00121358
21 0.267454 0.793537 0.158623 0.308963 0.00119337
14 0.567388 0.652895 0.118701 0.248337 0.00116423
14 0.615833 0.578688 0.36039 0.661309 0.00111848
47 0.257955 0.53393 0.121913 0.206225 0.00110734
14 0.164782 0.786053 0.0606498 0.148351 0.0011057
46 0.521429 0.409106 0.154079 0.299553 0.00110114
21 0.522006 0.411009 0.155366 0.304243 0.00103173
21 0.290765 0.479373 0.16878 0.535555 0.00102803
16 0.855598 0.814275 0.157512 0.281735 0.0010125
47 0.23658 0.57368 0.0782986 0.116662 0.00100824
0 0.206973 0.411337 0.358045 0.749837 0.00100634
