72 0.129406 0.387532 0.229199 0.440825 0.948897
69 0.500098 0.450359 0.191686 0.297376 0.890613
74 0.547978 0.0946 0.103551 0.12054 0.874786
75 0.366379 0.137842 0.0506417 0.0834368 0.820496
75 0.687443 0.145398 0.0275114 0.0699182 0.722877
45 0.283152 0.337233 0.0691441 0.0320091 0.640743
71 0.876537 0.397935 0.207823 0.103682 0.613696
58 0.907035 0.12984 0.0848934 0.101772 0.608359
75 0.291804 0.126291 0.0893076 0.106435 0.585473
0 0.310863 0.833997 0.10987 0.304842 0.567279
39 0.847183 0.139167 0.0507015 0.0844716 0.532619
69 0.537631 0.815915 0.0665079 0.212959 0.313806
75 0.846826 0.139236 0.0504532 0.0848664 0.278753
71 0.86415 0.36768 0.178424 0.0304456 0.247002
63 0.866128 0.828886 0.258754 0.299959 0.244494
75 0.902818 0.157497 0.0473839 0.0462006 0.210056
71 0.862594 0.359415 0.190514 0.035192 0.172828
74 0.547218 0.0962937 0.0741363 0.0817343 0.151371
68 0.537733 0.815363 0.0662378 0.213315 0.122901
71 0.690223 0.359249 0.207279 0.0386322 0.10698
41 0.934735 0.159438 0.0221367 0.0434793 0.0759246
41 0.902786 0.157815 0.0471813 0.0469131 0.0754397
71 0.867124 0.358317 0.163619 0.0260536 0.0685885
62 0.76993 0.120887 0.122812 0.105407 0.060813
75 0.934735 0.159438 0.0221367 0.0434793 0.0561188
69 0.501323 0.339314 0.188187 0.0744857 0.05587
71 0.854188 0.351443 0.187184 0.0164686 0.0545681
62 0.865399 0.830178 0.259998 0.303655 0.054083
71 0.773588 0.359425 0.3642 0.0383409 0.049251
74 0.0874453 0.777162 0.0383407 0.0394468 0.0490303
74 0.0881069 0.775288 0.0301609 0.0218308 0.0481699
15 0.310902 0.832805 0.110374 0.303818 0.0432205
68 0.76993 0.120887 0.122812 0.105407 0.040907
45 0.281092 0.332151 0.065363 0.0210699 0.0376731
75 0.413681 0.152098 0.0440329 0.0547487 0.0373882
45 0.683205 0.410345 0.0431128 0.0185232 0.0367716
62 0.537996 0.815032 0.0667738 0.214077 0.0346497
39 0.366699 0.137428 0.0498196 0.0840697 0.0325727
75 0.311152 0.833859 0.110309 0.304819 0.0323788
75 0.907012 0.130366 0.0824223 0.101535 0.0297124
45 0.545605 0.336753 0.0671028 0.054326 0.0273155
73 0.864806 0.830336 0.261763 0.301609 0.0227854
74 0.41277 0.152169 0.0443075 0.0545481 0.0226285
43 0.290881 0.358119 0.0875077 0.0352528 0.0225275
58 0.846515 0.139208 0.0514236 0.0845843 0.0221891
39 0.859969 0.312127 0.0213902 0.072209 0.0221596
39 0.162997 0.752389 0.0412977 0.0864992 0.0219731
44 0.314407 0.357637 0.0422073 0.0333772 0.0206663
32 0.75515 0.52286 0.0176332 0.0231235 0.0199094
17 0.310745 0.833909 0.110222 0.308072 0.0190469
43 0.312793 0.357927 0.0429859 0.0333078 0.0189226
58 0.311257 0.834185 0.11 0.304924 0.0174197
16 0.310745 0.833909 0.110222 0.308072 0.0173684
74 0.545586 0.294536 0.0449354 0.0263251 0.0171842
68 0.380854 0.833166 0.24966 0.30771 0.0169235
74 0.76968 0.120428 0.122547 0.103743 0.0165206
39 0.310833 0.833311 0.110101 0.30665 0.0153421
71 0.850614 0.355188 0.17254 0.022595 0.0148926
69 0.690223 0.359249 0.207279 0.0386322 0.0142858
44 0.290881 0.358119 0.0875077 0.0352528 0.0142486
41 0.413 0.151871 0.0446465 0.0544588 0.0131572
45 0.175877 0.846731 0.031042 0.0141612 0.0120414
45 0.282994 0.344269 0.0705215 0.0226888 0.0120309
73 0.429229 0.908509 0.136353 0.155195 0.011688
68 0.865399 0.830178 0.259998 0.303655 0.0112777
72 0.377201 0.834341 0.257605 0.306976 0.0109335
42 0.312793 0.357927 0.0429859 0.0333078 0.0108964
41 0.846861 0.139232 0.0505379 0.0850909 0.0103423
59 0.582065 0.944885 0.156204 0.0834833 0.0101713
32 0.693456 0.894802 0.0222906 0.0259756 0.00996354
39 0.251433 0.187886 0.02173 0.101823 0.00989506
71 0.786197 0.394621 0.386973 0.111291 0.00971335
39 0.934487 0.159313 0.021707 0.0435539 0.0096783
42 0.290881 0.358119 0.0875077 0.0352528 0.00951257
69 0.865399 0.830178 0.259998 0.303655 0.00949743
72 0.865399 0.830178 0.259998 0.303655 0.00944328
39 0.687294 0.14616 0.0278992 0.0701201 0.00936812
58 0.080668 0.73517 0.0636519 0.0361868 0.00920892
75 0.241925 0.189319 0.041162 0.100916 0.00908527
74 0.0817418 0.766215 0.0639134 0.0672618 0.00865832
74 0.0854275 0.772615 0.0482929 0.0541348 0.00864485
0 0.380652 0.835273 0.251233 0.306815 0.00846863
41 0.344262 0.330548 0.016646 0.021309 0.00842595
6 0.38052 0.833452 0.249878 0.307695 0.0079459
39 0.252096 0.158338 0.0167495 0.0420772 0.00774974
70 0.500285 0.339653 0.185085 0.0736048 0.00727537
69 0.525499 0.818521 0.0443483 0.182675 0.0072706
39 0.869487 0.572235 0.0176311 0.0446558 0.00702724
14 0.311257 0.834185 0.11 0.304924 0.00678477
39 0.824547 0.569269 0.0301828 0.0480322 0.00673661
74 0.538524 0.0989344 0.0485168 0.0676741 0.00666997
71 0.679657 0.359372 0.147551 0.0340377 0.00656694
39 0.241925 0.189319 0.041162 0.100916 0.0064638
39 0.830121 0.571338 0.0188618 0.0458631 0.00638333
19 0.311257 0.834185 0.11 0.304924 0.00612813
39 0.855757 0.570972 0.0163898 0.041251 0.00583795
66 0.210608 0.802391 0.0688973 0.0258074 0.00583649
71 0.872592 0.369475 0.214592 0.159709 0.00581288
75 0.240586 0.204393 0.0446079 0.0715723 0.00579402
58 0.927831 0.147986 0.0417492 0.0660666 0.00568444
39 0.847787 0.577693 0.0186365 0.0323024 0.00562119
5 0.380236 0.833397 0.250976 0.306824 0.00554335
71 0.875943 0.413848 0.189671 0.0711069 0.00545746
26 0.310833 0.833311 0.110101 0.30665 0.00506994
74 0.0785629 0.749391 0.0889092 0.101963 0.00480831
45 0.460781 0.354996 0.0522078 0.0156165 0.00480032
39 0.85115 0.576416 0.0187443 0.0365532 0.00476518
71 0.846712 0.363022 0.160629 0.03508 0.00476077
41 0.310833 0.833311 0.110101 0.30665 0.00474501
58 0.366467 0.137055 0.0497894 0.0841237 0.00473395
69 0.381767 0.833757 0.248219 0.305708 0.00466168
71 0.858829 0.336831 0.191448 0.0819737 0.00466082
58 0.0814415 0.750718 0.0635721 0.0675301 0.00455037
74 0.556526 0.100572 0.054143 0.0528329 0.00446358
45 0.902721 0.157772 0.0464182 0.0466893 0.00428438
77 0.310745 0.833909 0.110222 0.308072 0.0042423
39 0.846424 0.572873 0.0195049 0.0392361 0.00423664
75 0.162997 0.752389 0.0412977 0.0864992 0.00407583
71 0.978958 0.950112 0.0339998 0.0337609 0.00406528
45 0.413681 0.152098 0.0440329 0.0547487 0.00404662
75 0.251433 0.187886 0.02173 0.101823 0.00402936
47 0.75515 0.52286 0.0176332 0.0231235 0.00400522
72 0.537631 0.815915 0.0665079 0.212959 0.00399247
68 0.501323 0.339314 0.188187 0.0744857 0.00393659
61 0.978394 0.950156 0.0334309 0.0331281 0.00391716
45 0.284258 0.352262 0.0720372 0.0172722 0.00359809
45 0.0533847 0.846131 0.0342908 0.0145975 0.0035859
45 0.649854 0.276862 0.0688751 0.0736996 0.00350925
45 0.290623 0.349427 0.087853 0.0243495 0.00350818
71 0.878797 0.351993 0.133836 0.0168969 0.00346401
74 0.902786 0.157815 0.0471813 0.0469131 0.0034056
71 0.875458 0.36913 0.172373 0.0225694 0.00334057
39 0.821793 0.56113 0.0191019 0.0274215 0.00325602
62 0.524232 0.820208 0.0422596 0.185008 0.00320399
43 0.285401 0.37828 0.0830577 0.0202615 0.00315508
74 0.543759 0.116843 0.0321558 0.0399132 0.00311363
6 0.603361 0.83246 0.749508 0.30458 0.00306419
75 0.252096 0.158338 0.0167495 0.0420772 0.003048
73 0.428349 0.876401 0.141463 0.219264 0.00301874
64 0.175877 0.846731 0.031042 0.0141612 0.00295734
71 0.333334 0.357984 0.176688 0.0368084 0.00295365
14 0.900947 0.819936 0.0371325 0.0276752 0.0029529
39 0.38052 0.833452 0.249878 0.307695 0.00292522
71 0.365169 0.358106 0.111043 0.037075 0.00286949
68 0.525499 0.818521 0.0443483 0.182675 0.00285834
71 0.501515 0.339867 0.188063 0.0756589 0.0028314
39 0.242165 0.203789 0.0403018 0.0717234 0.00282547
60 0.701324 0.640135 0.430488 0.0694624 0.00278354
71 0.876183 0.47151 0.206064 0.252359 0.00270915
66 0.173032 0.802847 0.143935 0.0284162 0.00270852
41 0.847787 0.577693 0.0186365 0.0323024 0.00264335
58 0.687459 0.145405 0.0273469 0.0696861 0.0025872
12 0.380854 0.833166 0.24966 0.30771 0.00258669
75 0.922167 0.160542 0.0509413 0.0432824 0.00256476
68 0.49879 0.487766 0.188637 0.222832 0.0025602
73 0.41277 0.152169 0.0443075 0.0545481 0.00255612
44 0.284258 0.352262 0.0720372 0.0172722 0.00251514
71 0.722396 0.358104 0.140168 0.0321667 0.00248146
71 0.510667 0.359981 0.19862 0.0387521 0.00246668
67 0.429461 0.878112 0.147097 0.222756 0.00242475
72 0.428447 0.875426 0.143295 0.220263 0.0024223
69 0.496448 0.488438 0.18128 0.217584 0.00240993
74 0.649911 0.276765 0.0688757 0.0737885 0.00234768
62 0.38052 0.833452 0.249878 0.307695 0.00234365
73 0.934487 0.159313 0.021707 0.0435539 0.0023059
75 0.369202 0.118509 0.0479852 0.0452761 0.00222579
39 0.854509 0.577534 0.0307842 0.0369214 0.00221521
43 0.383622 0.356833 0.0724971 0.0315888 0.00218344
73 0.902848 0.157822 0.0470137 0.0469409 0.00216249
71 0.683546 0.409518 0.0431668 0.020021 0.0021461
41 0.607803 0.327311 0.0341028 0.0311971 0.00213996
74 0.175877 0.846731 0.031042 0.0141612 0.00213921
71 0.384054 0.357238 0.0766086 0.0344686 0.00211224
64 0.683336 0.410159 0.0433431 0.0178191 0.00209928
45 0.29167 0.126468 0.0892023 0.106658 0.00207984
41 0.922167 0.160542 0.0509413 0.0432824 0.00207362
74 0.428332 0.908412 0.139044 0.155298 0.00204498
39 0.80665 0.509047 0.0174129 0.0255542 0.00204292
73 0.210074 0.802302 0.0699055 0.0255302 0.00204194
39 0.821112 0.509155 0.0153337 0.0249969 0.00201842
28 0.866128 0.828886 0.258754 0.299959 0.00200897
67 0.380854 0.833166 0.24966 0.30771 0.00198847
41 0.251671 0.158409 0.0167069 0.0409328 0.00196654
39 0.902848 0.157822 0.0470137 0.0469409 0.00195625
74 0.563329 0.104723 0.0398973 0.0551387 0.00194058
47 0.284256 0.337035 0.0677946 0.0325202 0.00193599
58 0.079462 0.74608 0.0986896 0.11068 0.00193352
75 0.406763 0.152847 0.032638 0.052645 0.00191721
41 0.68796 0.145134 0.0284445 0.0702276 0.00191703
58 0.291876 0.126888 0.0877109 0.108367 0.00189838
41 0.85115 0.576416 0.0187443 0.0365532 0.00188595
71 0.107558 0.809511 0.175361 0.0173828 0.00187379
42 0.383622 0.356833 0.0724971 0.0315888 0.00184241
69 0.30441 0.412141 0.132866 0.0687073 0.0018335
49 0.284256 0.337035 0.0677946 0.0325202 0.00179935
25 0.310833 0.833311 0.110101 0.30665 0.00179011
41 0.593478 0.293253 0.0134073 0.0343704 0.00176841
69 0.510667 0.359981 0.19862 0.0387521 0.00171494
41 0.134089 0.802138 0.0158204 0.0178943 0.00171411
69 0.428447 0.875426 0.143295 0.220263 0.00170729
69 0.59287 0.80731 0.174028 0.252628 0.00170484
68 0.428447 0.875426 0.143295 0.220263 0.00169668
58 0.0878454 0.775129 0.0362637 0.0394585 0.00169364
71 0.837502 0.352476 0.138736 0.0184345 0.00168201
74 0.639222 0.747715 0.0353144 0.0188174 0.00167584
44 0.290623 0.349427 0.087853 0.0243495 0.00166938
41 0.544554 0.295563 0.0471189 0.0263481 0.0016467
59 0.552531 0.947552 0.0988773 0.0749968 0.00164491
39 0.885087 0.568846 0.0171795 0.0439308 0.00162625
71 0.595342 0.35831 0.398244 0.0366603 0.0016236
39 0.907012 0.130366 0.0824223 0.101535 0.00162324
32 0.376614 0.520464 0.0195761 0.0221146 0.00161383
62 0.428447 0.875426 0.143295 0.220263 0.00161046
75 0.903617 0.150414 0.0675552 0.063345 0.00159383
41 0.597143 0.292537 0.0222268 0.0345135 0.00159213
75 0.0878454 0.775129 0.0362637 0.0394585 0.00159115
41 0.660397 0.218223 0.0227301 0.0457841 0.00158781
71 0.123806 0.808991 0.247613 0.0187171 0.00158194
69 0.878249 0.397645 0.205303 0.105537 0.00158167
42 0.355232 0.356611 0.0840737 0.0306505 0.00155759
43 0.284258 0.352262 0.0720372 0.0172722 0.00154653
43 0.355098 0.356959 0.0966039 0.0315439 0.00152671
45 0.713997 0.259438 0.0539173 0.0587953 0.00152361
26 0.545268 0.336249 0.0670248 0.0536961 0.0015159
74 0.162173 0.751013 0.0404043 0.083164 0.00150082
69 0.303252 0.399023 0.137665 0.0964298 0.00150025
39 0.661178 0.217092 0.0218911 0.0434306 0.00149697
39 0.907595 0.573995 0.098303 0.0438289 0.00145534
41 0.602247 0.29233 0.0263052 0.0362469 0.00143722
41 0.240586 0.204393 0.0446079 0.0715723 0.00143492
59 0.311152 0.833859 0.110309 0.304819 0.00143319
74 0.713803 0.258822 0.0533878 0.0586312 0.00140437
41 0.593047 0.328737 0.0145618 0.0272411 0.00139397
74 0.428349 0.876401 0.141463 0.219264 0.00139323
71 0.865049 0.322659 0.163226 0.0903966 0.00137934
75 0.397686 0.15241 0.0182934 0.0537119 0.00136772
56 0.978326 0.949988 0.0334743 0.0335387 0.00135425
45 0.875253 0.397202 0.205623 0.106717 0.00135425
71 0.461291 0.353869 0.0528461 0.0172095 0.00133994
44 0.355232 0.356611 0.0840737 0.0306505 0.00133201
70 0.474827 0.325172 0.102362 0.0431591 0.00132921
41 0.545647 0.336372 0.0681837 0.0541239 0.00131682
45 0.480594 0.324291 0.1174 0.0423396 0.0013079
41 0.291854 0.1262 0.0889307 0.106791 0.00130087
70 0.461291 0.353869 0.0528461 0.0172095 0.0012874
41 0.855757 0.570972 0.0163898 0.041251 0.00128695
73 0.84681 0.138947 0.0491844 0.0852409 0.00128186
71 0.159889 0.808662 0.176669 0.0166785 0.00127608
58 0.903283 0.157244 0.046249 0.0460865 0.00127116
60 0.518984 0.626983 0.914527 0.0666235 0.00126991
39 0.806905 0.562378 0.0146425 0.027734 0.00126573
44 0.383622 0.356833 0.0724971 0.0315888 0.00125799
76 0.290881 0.358119 0.0875077 0.0352528 0.00125444
71 0.83353 0.346649 0.144032 0.0170041 0.00125152
74 0.683336 0.410159 0.0433431 0.0178191 0.00124764
69 0.316811 0.361067 0.202148 0.0427439 0.00123149
60 0.690318 0.35944 0.207734 0.040063 0.00122839
45 0.314407 0.357637 0.0422073 0.0333772 0.0012219
44 0.282695 0.33755 0.0693139 0.0291747 0.00121948
69 0.76993 0.120887 0.122812 0.105407 0.00121242
43 0.288884 0.383419 0.105544 0.016389 0.00120667
45 0.0874453 0.777162 0.0383407 0.0394468 0.00120425
56 0.310833 0.833311 0.110101 0.30665 0.00120154
65 0.428332 0.908412 0.139044 0.155298 0.00119817
71 0.945966 0.965895 0.0951668 0.0415591 0.00117952
45 0.922167 0.160542 0.0509413 0.0432824 0.00117537
45 0.292747 0.357991 0.0850144 0.0326448 0.00117126
32 0.105312 0.923867 0.0143848 0.0172309 0.0011712
69 0.595342 0.35831 0.398244 0.0366603 0.00116321
74 0.747416 0.129915 0.0412216 0.0624995 0.00115895
71 0.925187 0.352047 0.040988 0.016153 0.00115871
71 0.0725298 0.809446 0.0834458 0.0168834 0.00113717
40 0.311152 0.833859 0.110309 0.304819 0.00113264
64 0.639222 0.747715 0.0353144 0.0188174 0.00112227
74 0.550616 0.10659 0.0647598 0.0616499 0.00111964
39 0.344262 0.330548 0.016646 0.021309 0.00110096
72 0.310833 0.833311 0.110101 0.30665 0.00108895
41 0.175877 0.846731 0.031042 0.0141612 0.00108573
69 0.782786 0.393557 0.391861 0.113614 0.00107741
39 0.856188 0.559594 0.0168743 0.0301141 0.00107649
75 0.380196 0.124835 0.0313361 0.0544814 0.00107253
72 0.525499 0.818521 0.0443483 0.182675 0.00107223
71 0.868833 0.395228 0.193345 0.048692 0.00105754
76 0.312793 0.357927 0.0429859 0.0333078 0.00105694
71 0.162107 0.801379 0.0417486 0.0203997 0.00105548
73 0.289682 0.384358 0.102948 0.0150028 0.00105125
74 0.105059 0.11397 0.0129328 0.0172696 0.00104594
69 0.280892 0.360379 0.111495 0.0412304 0.00103909
56 0.38052 0.833452 0.249878 0.307695 0.0010359
49 0.75515 0.52286 0.0176332 0.0231235 0.00102788
67 0.865399 0.830178 0.259998 0.303655 0.00102448
73 0.384054 0.357238 0.0766086 0.0344686 0.00102293
22 0.310863 0.833997 0.10987 0.304842 0.00102076
63 0.76993 0.120887 0.122812 0.105407 0.00101864
70 0.545647 0.336372 0.0681837 0.0541239 0.00101241
41 0.241925 0.189319 0.041162 0.100916 0.00101191
44 0.281092 0.332151 0.065363 0.0210699 0.00101101
