53 0.506935 0.535888 0.98613 0.917301 0.856277
50 0.158947 0.554025 0.195639 0.127429 0.349569
60 0.485817 0.501098 0.970989 0.986062 0.291578
50 0.180023 0.386716 0.147237 0.0974194 0.274706
43 0.857467 0.928269 0.17566 0.13426 0.124993
50 0.836876 0.213079 0.0795727 0.12227 0.0835119
50 0.574922 0.78707 0.0829992 0.365703 0.0595469
41 0.0252462 0.149321 0.048922 0.291031 0.0491876
50 0.28677 0.179441 0.064807 0.105627 0.0457035
50 0.597612 0.778591 0.123513 0.351513 0.0298295
42 0.0244128 0.157419 0.0479802 0.307129 0.0268236
50 0.127489 0.44668 0.141299 0.115722 0.0262888
50 0.863825 0.397939 0.192412 0.209396 0.0220515
50 0.802117 0.607534 0.172513 0.165347 0.0199188
60 0.502559 0.122993 0.994883 0.239978 0.0198009
50 0.554953 0.787591 0.129156 0.374934 0.0179591
48 0.485467 0.53466 0.963457 0.916214 0.0171304
50 0.796418 0.543869 0.189941 0.296133 0.0165369
43 0.0244819 0.158799 0.0481302 0.313007 0.0152788
60 0.340133 0.168727 0.669429 0.32405 0.0152642
50 0.879251 0.242213 0.171046 0.182946 0.0140123
43 0.863638 0.880902 0.188704 0.225362 0.0140002
50 0.271945 0.644108 0.144019 0.246725 0.0133689
60 0.179841 0.056921 0.346053 0.106584 0.0133286
40 0.0252462 0.149321 0.048922 0.291031 0.0128756
60 0.182399 0.16009 0.354316 0.308655 0.0125207
50 0.246586 0.335384 0.295521 0.389544 0.0114348
44 0.857467 0.928269 0.17566 0.13426 0.011377
50 0.553768 0.649857 0.117224 0.155152 0.0106498
53 0.419705 0.701768 0.807248 0.579834 0.0105697
60 0.180666 0.0815295 0.350115 0.156165 0.0102231
39 0.0252462 0.149321 0.048922 0.291031 0.0101952
50 0.148476 0.445724 0.186884 0.131172 0.00981796
60 0.113129 0.151694 0.218726 0.216871 0.00966904
50 0.260475 0.379323 0.319032 0.291775 0.00958961
50 0.578438 0.682423 0.0763851 0.160349 0.00947297
60 0.800907 0.142837 0.396125 0.273747 0.00947061
50 0.892324 0.498831 0.135473 0.101782 0.0093675
53 0.49483 0.299954 0.940163 0.437607 0.00913489
50 0.521492 0.537499 0.114841 0.132088 0.00906891
53 0.811149 0.55298 0.374584 0.655947 0.00840488
50 0.876738 0.338506 0.228411 0.363094 0.00816354
50 0.210917 0.641677 0.258827 0.259292 0.00777504
60 0.106904 0.197755 0.208673 0.261154 0.00756943
42 0.853872 0.920992 0.1746 0.145918 0.00755388
60 0.884405 0.861461 0.22848 0.260312 0.00746039
50 0.857914 0.353446 0.204534 0.265985 0.00735617
50 0.125467 0.463854 0.1644 0.15645 0.00712204
50 0.868321 0.258338 0.21391 0.219608 0.00708097
60 0.434579 0.0796389 0.857582 0.152736 0.00705621
50 0.765084 0.473053 0.163679 0.135894 0.00698838
50 0.828363 0.220395 0.0644348 0.110006 0.00696778
60 0.127328 0.182236 0.252009 0.333061 0.00695658
53 0.827354 0.654228 0.341658 0.461966 0.00677559
50 0.823345 0.227416 0.104486 0.147034 0.00672549
50 0.161308 0.521511 0.205954 0.185978 0.00671211
50 0.849307 0.471973 0.0508633 0.045223 0.00664619
50 0.207616 0.463968 0.27154 0.260553 0.00646755
50 0.858266 0.426076 0.220857 0.262542 0.00643843
50 0.203033 0.596568 0.272077 0.209872 0.0062297
44 0.0244128 0.157419 0.0479802 0.307129 0.00610232
50 0.691 0.32157 0.166905 0.164475 0.00610214
60 0.164948 0.124489 0.288663 0.248067 0.00609958
43 0.797286 0.836066 0.296425 0.320288 0.00595936
43 0.884405 0.861461 0.22848 0.260312 0.00590238
50 0.54093 0.742536 0.163121 0.338069 0.00588581
50 0.717327 0.333514 0.214343 0.197164 0.0058485
50 0.320816 0.179047 0.132619 0.1225 0.00582865
0 0.16731 0.0494265 0.312698 0.0937307 0.00579309
50 0.536706 0.620738 0.151274 0.215136 0.00578189
45 0.497758 0.491809 0.990033 0.971401 0.0055643
50 0.287075 0.420947 0.392067 0.231184 0.00542724
60 0.560323 0.163564 0.878585 0.308488 0.00530532
50 0.701732 0.222293 0.122225 0.0674031 0.00515965
50 0.170203 0.324533 0.187312 0.233772 0.00512168
50 0.746853 0.54642 0.285649 0.306078 0.00500345
50 0.809883 0.414849 0.33089 0.269936 0.0046868
50 0.864549 0.474699 0.0829998 0.0583245 0.00457832
50 0.418251 0.214256 0.317807 0.273221 0.00452244
56 0.0243223 0.159302 0.0467767 0.309923 0.00450099
50 0.778925 0.655544 0.109591 0.0742859 0.00450024
50 0.87145 0.497614 0.0993462 0.109198 0.00448346
50 0.722279 0.218575 0.0703747 0.0536967 0.00443089
53 0.494929 0.24086 0.581461 0.320761 0.00442231
50 0.120033 0.277174 0.0925403 0.115636 0.00424471
60 0.482547 0.927514 0.917869 0.138602 0.00410092
50 0.216925 0.540353 0.294308 0.158318 0.00406128
50 0.523171 0.664158 0.184745 0.401505 0.00403765
60 0.111297 0.269858 0.221426 0.398074 0.00396815
50 0.52505 0.595087 0.138663 0.252165 0.00391388
60 0.454269 0.203601 0.902645 0.390074 0.00381953
50 0.708811 0.210503 0.0351458 0.0360851 0.00377953
50 0.247895 0.480005 0.353726 0.301828 0.0037764
42 0.854918 0.872802 0.194333 0.241125 0.00377524
50 0.671556 0.223681 0.0552572 0.0622141 0.00375229
53 0.769854 0.51878 0.454378 0.79151 0.00364459
50 0.768478 0.336912 0.379611 0.217571 0.00364199
50 0.588861 0.174301 0.164466 0.158057 0.00351459
50 0.409869 0.732785 0.153648 0.149108 0.00350803
50 0.535165 0.541164 0.0873699 0.114667 0.00346154
50 0.87019 0.487769 0.0932159 0.0780471 0.00339499
44 0.854918 0.872802 0.194333 0.241125 0.00337669
44 0.797286 0.836066 0.296425 0.320288 0.00335866
50 0.526261 0.691453 0.203769 0.272339 0.00332075
50 0.142162 0.500267 0.236785 0.243668 0.00326431
53 0.86728 0.56185 0.263885 0.643414 0.00316435
51 0.751032 0.578685 0.0348121 0.0371719 0.00309947
43 0.807102 0.878547 0.295813 0.22943 0.00303131
50 0.521372 0.715769 0.167157 0.204725 0.00300506
50 0.339889 0.650702 0.405287 0.34403 0.00293717
50 0.370796 0.638158 0.278794 0.37757 0.00292209
50 0.711819 0.384032 0.239021 0.301056 0.00291461
50 0.530496 0.750899 0.189133 0.257612 0.00290379
50 0.778044 0.381 0.388484 0.258373 0.00289378
50 0.174836 0.261704 0.07922 0.0910438 0.00288364
50 0.707806 0.216716 0.0473671 0.050504 0.00281659
50 0.934664 0.515727 0.0540585 0.0594261 0.00281176
50 0.777477 0.292744 0.369431 0.32752 0.00276703
0 0.800907 0.142837 0.396125 0.273747 0.0027484
50 0.775404 0.526471 0.186651 0.248763 0.00272295
50 0.884043 0.307149 0.11146 0.0784299 0.00270116
50 0.418177 0.63196 0.191233 0.372756 0.00269902
60 0.0244819 0.158799 0.0481302 0.313007 0.00266641
50 0.301823 0.239465 0.106354 0.0929975 0.00266558
50 0.291605 0.451324 0.461853 0.267647 0.00264573
50 0.849055 0.219091 0.101057 0.138691 0.00261724
53 0.504739 0.244046 0.822571 0.328558 0.00260442
42 0.807102 0.878547 0.295813 0.22943 0.00260082
50 0.822867 0.467534 0.313343 0.183761 0.00259015
50 0.699539 0.433122 0.309293 0.432984 0.00258109
50 0.284606 0.212746 0.059218 0.0511854 0.00255993
50 0.823731 0.547242 0.322548 0.311795 0.00252387
60 0.179411 0.455582 0.354896 0.887111 0.00251833
50 0.289814 0.218783 0.0708511 0.0708808 0.00250435
43 0.603148 0.913902 0.681237 0.159426 0.00246313
50 0.499249 0.538015 0.0838719 0.133372 0.00244606
50 0.199188 0.311356 0.23165 0.25993 0.00243649
50 0.122195 0.276673 0.0825882 0.0577011 0.0024215
50 0.310332 0.249767 0.116856 0.0903419 0.00239873
60 0.875582 0.614729 0.248836 0.75839 0.00239855
50 0.54178 0.556717 0.072493 0.0780701 0.00237384
0 0.600706 0.142457 0.796074 0.272391 0.00228295
50 0.246503 0.256078 0.262301 0.267579 0.00226256
50 0.727923 0.343897 0.096139 0.14629 0.00225556
50 0.485273 0.724739 0.115609 0.181402 0.00223842
50 0.44994 0.712301 0.0714273 0.0772204 0.00222328
50 0.305284 0.172698 0.0954206 0.110013 0.00217777
52 0.485467 0.53466 0.963457 0.916214 0.00215745
50 0.924943 0.505894 0.0736416 0.0790379 0.00213853
50 0.758093 0.403717 0.092502 0.066131 0.00213373
50 0.165785 0.53903 0.181499 0.0857867 0.00213373
50 0.447812 0.699045 0.0730896 0.0706652 0.00213262
50 0.583513 0.239378 0.208509 0.297984 0.00207007
50 0.477486 0.665034 0.274848 0.45486 0.00205481
50 0.511487 0.201188 0.352794 0.246729 0.00205314
53 0.453884 0.789087 0.718139 0.405461 0.00199136
50 0.745932 0.42505 0.307243 0.390028 0.00195986
50 0.878699 0.509524 0.0654652 0.0821916 0.00194556
44 0.807102 0.878547 0.295813 0.22943 0.00194144
50 0.537369 0.666065 0.070805 0.12849 0.00193021
50 0.568536 0.634421 0.187421 0.241141 0.00188625
60 0.526915 0.832189 0.88171 0.323297 0.00183845
50 0.824068 0.590343 0.130073 0.139212 0.0018377
50 0.762764 0.237272 0.316396 0.242847 0.00182691
42 0.797286 0.836066 0.296425 0.320288 0.00182116
0 0.0262883 0.146789 0.0511876 0.285901 0.0017617
50 0.570275 0.423408 0.0801896 0.0694201 0.00175595
50 0.433577 0.73042 0.197061 0.163894 0.00174838
50 0.549159 0.534646 0.0622433 0.114236 0.00174081
50 0.529997 0.78783 0.224843 0.382239 0.00173706
50 0.318772 0.2123 0.137541 0.197218 0.00172612
50 0.123297 0.266241 0.0814843 0.0877052 0.00171629
50 0.570984 0.411411 0.074239 0.0446973 0.00169644
50 0.442387 0.666965 0.238394 0.304161 0.00169641
50 0.152706 0.446889 0.209612 0.225918 0.00166643
50 0.543125 0.589412 0.181215 0.388638 0.00165471
50 0.301883 0.231692 0.0900125 0.0708014 0.00163257
50 0.50142 0.26385 0.0457275 0.0524269 0.00163126
50 0.671486 0.387106 0.269308 0.315774 0.00162923
50 0.503192 0.261684 0.0508566 0.0692241 0.00162563
50 0.55707 0.630846 0.102973 0.132912 0.00161183
50 0.350235 0.434259 0.0530798 0.0686384 0.00160488
50 0.348448 0.445662 0.0660893 0.0932021 0.0015938
50 0.738541 0.617451 0.315591 0.441045 0.00159141
51 0.749876 0.584251 0.0391351 0.0470708 0.00159127
50 0.780474 0.625418 0.126712 0.130063 0.00157386
50 0.50574 0.249147 0.0572362 0.0962184 0.00156751
50 0.346457 0.397147 0.300274 0.310514 0.00156093
50 0.594966 0.705618 0.125817 0.208518 0.00154731
50 0.34035 0.19996 0.176602 0.188046 0.00153244
55 0.494085 0.535895 0.98137 0.916326 0.00153029
50 0.145551 0.257477 0.119056 0.102806 0.00152558
50 0.647105 0.794521 0.245726 0.405701 0.00152054
50 0.258681 0.237247 0.254483 0.196255 0.00150847
50 0.454139 0.695901 0.0608764 0.0559076 0.00147495
50 0.552042 0.291694 0.118138 0.140037 0.00147414
50 0.787991 0.319353 0.0381304 0.0453705 0.00146595
50 0.554746 0.551329 0.0502435 0.0573652 0.00141105
50 0.852825 0.367195 0.167508 0.151377 0.00139859
50 0.483065 0.607064 0.224547 0.313023 0.00139654
69 0.507782 0.497419 0.984437 0.966549 0.00137132
42 0.603148 0.913902 0.681237 0.159426 0.00134832
50 0.231986 0.641999 0.0510159 0.0451633 0.00133896
50 0.968117 0.453018 0.0622604 0.0838945 0.001335
50 0.198416 0.467076 0.089329 0.0969857 0.00132895
50 0.229887 0.607809 0.0624867 0.116835 0.00130934
50 0.820581 0.499151 0.0598536 0.0608743 0.00129992
43 0.838929 0.705308 0.314918 0.579684 0.00129488
53 0.269596 0.657949 0.534737 0.651898 0.00126952
50 0.805767 0.647447 0.155307 0.081662 0.00126886
50 0.560187 0.519913 0.0744764 0.0844945 0.00126857
50 0.792545 0.481519 0.116624 0.0995063 0.00126377
53 0.585987 0.791771 0.451984 0.39893 0.00124365
50 0.968579 0.472962 0.0617353 0.118478 0.00124034
50 0.563591 0.507448 0.0836269 0.148713 0.00123623
60 0.151418 0.162412 0.259696 0.19684 0.00122926
50 0.827585 0.584082 0.121761 0.099039 0.00122759
50 0.319785 0.265299 0.107212 0.0884682 0.00122294
50 0.302315 0.403159 0.262004 0.292645 0.00121281
50 0.504883 0.536509 0.980103 0.914871 0.0011839
50 0.405769 0.691653 0.170954 0.24307 0.00116411
50 0.563075 0.163356 0.100198 0.105692 0.00116321
50 0.192098 0.271587 0.0880525 0.0947257 0.00116292
50 0.446803 0.718704 0.234388 0.23665 0.00115827
50 0.587598 0.197982 0.176938 0.210022 0.00115386
50 0.134826 0.298405 0.0871634 0.0948464 0.00114983
50 0.876983 0.322479 0.121985 0.0565889 0.00114816
45 0.500337 0.117685 0.99317 0.229151 0.00114352
50 0.230011 0.633045 0.055622 0.0618744 0.00112444
50 0.854731 0.33457 0.163839 0.0791059 0.00112188
50 0.365228 0.181801 0.117418 0.133327 0.00111729
50 0.33547 0.181098 0.066818 0.130526 0.00111562
56 0.16731 0.0494265 0.312698 0.0937307 0.00109491
50 0.11239 0.469232 0.212674 0.18819 0.001093
53 0.441002 0.908432 0.863246 0.16712 0.00109109
42 0.838929 0.705308 0.314918 0.579684 0.00108492
50 0.576521 0.152619 0.116986 0.118086 0.00107613
50 0.409252 0.540336 0.156167 0.208503 0.00105745
51 0.576577 0.786521 0.0853743 0.376813 0.00105226
50 0.854522 0.439597 0.0478962 0.0421321 0.00104991
50 0.568073 0.597668 0.295171 0.456993 0.00104961
60 0.859152 0.930252 0.173018 0.135802 0.00104675
50 0.555606 0.183563 0.0974247 0.129651 0.00103304
50 0.172441 0.523923 0.156467 0.0761538 0.00102931
50 0.819673 0.377798 0.10922 0.142803 0.00101626
50 0.906102 0.508517 0.115228 0.0820419 0.00101286
0 0.517823 0.503597 0.964354 0.974813 0.00100982
53 0.674778 0.178512 0.362216 0.175935 0.00100869
50 0.178889 0.367723 0.142938 0.0648282 0.0010041
