15 0.367421 0.54489 0.521997 0.896408 0.9171
65 0.823284 0.589345 0.275067 0.221732 0.854554
65 0.76874 0.489162 0.298536 0.161602 0.733773
58 0.912721 0.291207 0.173369 0.566618 0.693621
57 0.494463 0.498179 0.946506 0.992981 0.610915
65 0.785166 0.556055 0.353326 0.293387 0.560711
58 0.912188 0.47808 0.173917 0.948246 0.450465
56 0.458131 0.499657 0.896416 0.997029 0.152993
57 0.299744 0.282757 0.596731 0.549346 0.0478217
0 0.477673 0.502021 0.940069 0.993651 0.0346276
58 0.759532 0.489638 0.47583 0.963245 0.0319635
59 0.498975 0.500436 0.952841 0.999127 0.030391
65 0.676985 0.374435 0.0890699 0.0823231 0.0223202
73 0.776451 0.534166 0.329581 0.274977 0.0200005
65 0.802829 0.508937 0.228989 0.127648 0.0131432
28 0.746098 0.723473 0.450754 0.52188 0.0120291
57 0.367607 0.746856 0.728721 0.480939 0.0110566
26 0.746062 0.711162 0.452266 0.541768 0.0101423
57 0.501137 0.706267 0.940208 0.568389 0.0082562
24 0.745845 0.728877 0.448563 0.508554 0.00729519
65 0.750042 0.470193 0.280243 0.126679 0.00727355
67 0.768793 0.4926 0.293383 0.158454 0.00659177
57 0.751239 0.503334 0.490467 0.980676 0.00620657
73 0.788595 0.587621 0.344228 0.231561 0.00583121
28 0.399055 0.749232 0.79317 0.481121 0.00469881
64 0.676985 0.374435 0.0890699 0.0823231 0.00460964
56 0.399055 0.749232 0.79317 0.481121 0.00437486
39 0.788595 0.587621 0.344228 0.231561 0.00431034
57 0.69519 0.336295 0.580874 0.667712 0.00414765
39 0.776451 0.534166 0.329581 0.274977 0.00409901
67 0.824083 0.593425 0.277591 0.215795 0.00367337
56 0.301094 0.295594 0.599883 0.573993 0.00357574
26 0.492524 0.57366 0.955636 0.828933 0.00338292
58 0.941181 0.484483 0.114424 0.36033 0.00326899
59 0.399055 0.749232 0.79317 0.481121 0.00325093
57 0.434958 0.207708 0.823577 0.409523 0.00316751
57 0.12059 0.750423 0.240277 0.47562 0.00297377
0 0.299744 0.282757 0.596731 0.549346 0.00294244
57 0.898353 0.500942 0.198586 0.969903 0.00293526
24 0.517517 0.72192 0.906492 0.531024 0.0029276
79 0.76884 0.491775 0.293887 0.161108 0.00289544
26 0.501137 0.706267 0.940208 0.568389 0.00286517
57 0.746691 0.694935 0.452452 0.581489 0.0027805
39 0.76884 0.491775 0.293887 0.161108 0.00275743
66 0.776451 0.534166 0.329581 0.274977 0.00275198
58 0.938705 0.589146 0.120113 0.570215 0.00272426
56 0.501137 0.706267 0.940208 0.568389 0.00263911
57 0.0639756 0.74901 0.127346 0.473078 0.00258353
63 0.78162 0.548696 0.335255 0.295674 0.00245142
24 0.492524 0.57366 0.955636 0.828933 0.00240308
16 0.365522 0.546938 0.522156 0.887719 0.00231951
58 0.920443 0.444623 0.155828 0.281707 0.00230935
13 0.434755 0.503423 0.866756 0.993154 0.0022862
58 0.875938 0.502378 0.245165 0.408365 0.00226036
78 0.76884 0.491775 0.293887 0.161108 0.00225058
0 0.751239 0.503334 0.490467 0.980676 0.00223994
58 0.911571 0.117458 0.171898 0.226036 0.00220475
60 0.498975 0.500436 0.952841 0.999127 0.00216746
57 0.37893 0.42664 0.74695 0.842042 0.00200251
79 0.788595 0.587621 0.344228 0.231561 0.00198564
67 0.78162 0.548696 0.335255 0.295674 0.00187922
66 0.769707 0.486729 0.299033 0.158839 0.00160176
0 0.898353 0.500942 0.198586 0.969903 0.00150135
28 0.512065 0.718875 0.918027 0.545865 0.00146812
58 0.890171 0.103503 0.131905 0.188334 0.00146452
78 0.823529 0.588641 0.274556 0.217539 0.00146165
28 0.492524 0.57366 0.955636 0.828933 0.00145736
56 0.69519 0.336295 0.580874 0.667712 0.00144395
57 0.786243 0.554731 0.340715 0.303277 0.00139561
26 0.383521 0.748718 0.764521 0.474593 0.0013544
60 0.751239 0.503334 0.490467 0.980676 0.00135341
65 0.902099 0.635278 0.115343 0.125835 0.00133896
59 0.0684098 0.740315 0.134895 0.432892 0.00131917
65 0.783229 0.491313 0.392569 0.558617 0.00129616
73 0.768624 0.488988 0.295628 0.160341 0.00128716
24 0.383521 0.748718 0.764521 0.474593 0.00124457
58 0.924342 0.192341 0.150916 0.365634 0.00124308
0 0.399055 0.749232 0.79317 0.481121 0.00119776
57 0.528736 0.761585 0.678442 0.460877 0.00119609
57 0.214912 0.750232 0.427076 0.479096 0.00119054
59 0.512065 0.718875 0.918027 0.545865 0.00118384
56 0.434958 0.207708 0.823577 0.409523 0.00113916
59 0.12059 0.750423 0.240277 0.47562 0.00113261
59 0.301094 0.295594 0.599883 0.573993 0.00110269
27 0.788595 0.587621 0.344228 0.231561 0.00106409
65 0.833974 0.56086 0.246452 0.15227 0.00104818
75 0.911269 0.270556 0.174955 0.529189 0.00103936
57 0.699489 0.238077 0.321743 0.468252 0.00101915
