31 0.607432 0.483583 0.178686 0.881247 0.719968
31 0.529586 0.483019 0.181038 0.845949 0.64061
0 0.970668 0.476458 0.019367 0.0463429 0.5986
31 0.56705 0.483003 0.23632 0.869737 0.381053
0 0.926741 0.471597 0.0120632 0.0514633 0.332456
31 0.639623 0.498085 0.251427 0.859372 0.295861
31 0.403833 0.451764 0.156246 0.687511 0.263161
30 0.401851 0.458682 0.152732 0.70495 0.22946
31 0.500012 0.47203 0.1458 0.781967 0.22908
31 0.474558 0.460624 0.152341 0.726774 0.182158
31 0.432865 0.46059 0.216315 0.717193 0.153145
0 0.923656 0.469922 0.0133743 0.0490081 0.091621
0 0.909972 0.465093 0.0132568 0.0722856 0.0843212
0 0.894826 0.460266 0.0202539 0.0927046 0.0802
0 0.908587 0.45993 0.0124611 0.088865 0.0760728
30 0.551741 0.468135 0.256193 0.844758 0.0642851
0 0.921314 0.46918 0.013763 0.0520454 0.061033
0 0.913092 0.452005 0.0212395 0.100536 0.0569864
31 0.745456 0.504963 0.468024 0.885848 0.0518407
30 0.558765 0.448984 0.44176 0.82117 0.0507837
30 0.500012 0.47203 0.1458 0.781967 0.0491424
31 0.434292 0.516256 0.111272 0.610406 0.049
31 0.704339 0.274467 0.116379 0.401156 0.0421147
30 0.287541 0.611206 0.166665 0.142883 0.0405355
30 0.445904 0.46592 0.234655 0.725631 0.0399982
30 0.434292 0.516256 0.111272 0.610406 0.0388142
0 0.703977 0.276574 0.118589 0.399653 0.038389
30 0.340576 0.4908 0.259032 0.374761 0.0372838
30 0.290302 0.502306 0.171762 0.360233 0.0351237
31 0.452089 0.610075 0.0883477 0.443138 0.0341413
0 0.915738 0.447458 0.0285038 0.106398 0.0325068
30 0.505314 0.414682 0.128674 0.599293 0.029765
31 0.382426 0.497831 0.112915 0.602597 0.0272316
31 0.638509 0.605999 0.119036 0.507501 0.0251608
31 0.505314 0.414682 0.128674 0.599293 0.0212162
30 0.476729 0.51358 0.132623 0.661631 0.0204404
30 0.743224 0.514112 0.482191 0.88209 0.0197432
30 0.852432 0.555472 0.270624 0.799863 0.0174271
31 0.556188 0.474082 0.411954 0.827383 0.0173699
31 0.406408 0.413172 0.118305 0.615908 0.01729
31 0.455834 0.409385 0.118072 0.597654 0.0172494
31 0.425782 0.589982 0.0940792 0.421531 0.0168203
31 0.467859 0.577904 0.106903 0.527385 0.0165103
30 0.452089 0.610075 0.0883477 0.443138 0.0163709
30 0.382599 0.501989 0.112025 0.578542 0.0155285
31 0.648547 0.266604 0.228106 0.432891 0.014583
30 0.850004 0.86017 0.271159 0.204415 0.0140125
0 0.340576 0.4908 0.259032 0.374761 0.0139359
30 0.343052 0.444369 0.24888 0.66749 0.0136699
31 0.53674 0.336035 0.446481 0.560053 0.0133672
31 0.584937 0.342674 0.182489 0.606155 0.0133632
30 0.542116 0.356235 0.436136 0.61122 0.0129359
30 0.284408 0.635357 0.158251 0.0954263 0.0128753
0 0.637709 0.494123 0.248658 0.861733 0.0125724
30 0.455834 0.409385 0.118072 0.597654 0.0123389
0 0.558765 0.448984 0.44176 0.82117 0.0121712
31 0.605687 0.230942 0.131529 0.362747 0.0120417
31 0.61574 0.326245 0.155997 0.571542 0.0118061
30 0.635505 0.49832 0.240172 0.857642 0.0107221
0 0.53674 0.336035 0.446481 0.560053 0.0106685
30 0.346186 0.461979 0.110972 0.34253 0.0103751
31 0.632323 0.24173 0.169952 0.351512 0.0103369
31 0.47893 0.524515 0.12475 0.64128 0.00947043
30 0.406408 0.413172 0.118305 0.615908 0.00934622
30 0.467859 0.577904 0.106903 0.527385 0.00918052
0 0.278787 0.360677 0.0272513 0.0968691 0.00909123
0 0.280438 0.370902 0.0190446 0.074087 0.0088104
0 0.014767 0.405722 0.0152631 0.0178967 0.00855577
0 0.0174943 0.405037 0.0101403 0.0209426 0.0082657
30 0.319669 0.488741 0.131922 0.365772 0.00811064
30 0.325656 0.472948 0.087784 0.324508 0.00793996
0 0.914858 0.428142 0.0319325 0.117684 0.00790882
31 0.51758 0.52361 0.196631 0.645244 0.00736195
0 0.89711 0.454491 0.0259003 0.0994693 0.00721753
30 0.425782 0.589982 0.0940792 0.421531 0.00680897
0 0.899132 0.447039 0.0309124 0.121236 0.00669959
30 0.649043 0.326614 0.222893 0.566594 0.00667644
0 0.735505 0.504135 0.443814 0.880842 0.00666639
30 0.529586 0.483019 0.181038 0.845949 0.0062457
30 0.51758 0.52361 0.196631 0.645244 0.00585896
31 0.409752 0.595827 0.0638101 0.406282 0.00583258
0 0.38537 0.327487 0.036474 0.0817556 0.00563934
30 0.363492 0.459369 0.0780976 0.341024 0.00557619
31 0.525816 0.598523 0.172005 0.606914 0.00528264
30 0.444229 0.667323 0.058456 0.338914 0.00526536
31 0.642501 0.34711 0.249286 0.57715 0.0052543
31 0.340576 0.4908 0.259032 0.374761 0.00524688
0 0.551741 0.468135 0.256193 0.844758 0.00505051
31 0.516794 0.654488 0.143882 0.487966 0.0049189
31 0.52164 0.356869 0.0886137 0.495405 0.00465134
30 0.861378 0.887292 0.267297 0.144463 0.00458747
0 0.967123 0.47727 0.0239031 0.0452812 0.00457817
0 0.347816 0.581068 0.0374451 0.0855998 0.00455841
0 0.584937 0.342674 0.182489 0.606155 0.00449416
30 0.315632 0.530956 0.199302 0.37956 0.00439841
30 0.409752 0.595827 0.0638101 0.406282 0.00429067
30 0.639628 0.58254 0.11756 0.441901 0.00420156
30 0.272692 0.644201 0.140468 0.0763661 0.00416109
30 0.531311 0.272072 0.463297 0.425215 0.00414455
0 0.187457 0.405716 0.00823936 0.0233358 0.00408822
0 0.931449 0.474856 0.0182854 0.0465514 0.00386217
0 0.97108 0.463012 0.0244257 0.0723848 0.00371659
0 0.901404 0.431101 0.0353664 0.152221 0.00368935
31 0.375144 0.556844 0.0945799 0.470453 0.003573
0 0.396379 0.456948 0.145306 0.681099 0.00320885
31 0.523781 0.27981 0.0839254 0.342462 0.00319561
31 0.642334 0.448507 0.127563 0.792305 0.00318483
31 0.363492 0.459369 0.0780976 0.341024 0.00311396
0 0.848943 0.51828 0.133858 0.483926 0.00302574
31 0.346186 0.461979 0.110972 0.34253 0.00302354
0 0.873615 0.521868 0.0799797 0.492841 0.00283065
31 0.553602 0.457679 0.15107 0.705521 0.00265002
31 0.845414 0.53503 0.277739 0.845318 0.00264502
31 0.604313 0.529359 0.18888 0.583687 0.00260967
31 0.44533 0.638813 0.0617743 0.396753 0.00256798
31 0.47175 0.358344 0.0890438 0.481319 0.00256124
30 0.366146 0.529499 0.098897 0.547264 0.00247967
30 0.284087 0.649385 0.15983 0.0562487 0.00243118
30 0.301647 0.484423 0.0736881 0.343313 0.00240937
31 0.58251 0.251365 0.178054 0.339154 0.00236344
0 0.103756 0.402178 0.00800419 0.0199894 0.00227407
30 0.299726 0.495827 0.109125 0.362384 0.00219136
30 0.694689 0.274615 0.137627 0.404031 0.00216052
30 0.288848 0.630341 0.0977816 0.0842599 0.00208065
31 0.433177 0.701023 0.0507113 0.269736 0.00203103
30 0.631632 0.254321 0.153274 0.334639 0.00202188
0 0.300668 0.50013 0.169412 0.362075 0.00201553
30 0.275373 0.63539 0.115814 0.0840962 0.00200379
0 0.914007 0.401263 0.0326204 0.0777552 0.00198492
31 0.300668 0.50013 0.169412 0.362075 0.0019373
0 0.917578 0.43475 0.0313114 0.0780123 0.00191736
31 0.343052 0.444369 0.24888 0.66749 0.00186172
17 0.970668 0.476458 0.019367 0.0463429 0.00183073
0 0.78647 0.387541 0.0146292 0.0328845 0.00175697
24 0.970668 0.476458 0.019367 0.0463429 0.00173295
31 0.325656 0.472948 0.087784 0.324508 0.00172767
0 0.343911 0.457951 0.115566 0.330159 0.0017179
30 0.607915 0.538702 0.17697 0.776178 0.00170213
30 0.441104 0.45768 0.144472 0.772504 0.0016982
30 0.857663 0.682431 0.276579 0.558633 0.00169128
30 0.553602 0.457679 0.15107 0.705521 0.00168461
31 0.708588 0.209657 0.107738 0.26786 0.00165886
31 0.428129 0.71818 0.0720169 0.243169 0.00164461
0 0.297105 0.475628 0.066567 0.324961 0.00164247
30 0.519635 0.38775 0.0938345 0.560177 0.00161833
31 0.615913 0.419626 0.268596 0.759525 0.00161451
30 0.622477 0.429198 0.147774 0.733961 0.00161096
0 0.501282 0.473935 0.147001 0.774258 0.00158247
30 0.374356 0.582487 0.0919552 0.412338 0.00156894
0 0.382285 0.357913 0.0430307 0.14766 0.00149012
0 0.890982 0.457408 0.0310841 0.101964 0.00145066
0 0.184261 0.404368 0.00962467 0.0251405 0.00143802
30 0.324412 0.590889 0.0839355 0.112432 0.00143185
0 0.649043 0.326614 0.222893 0.566594 0.00142846
30 0.525816 0.598523 0.172005 0.606914 0.00140649
30 0.372736 0.647219 0.0902149 0.279095 0.00137922
0 0.889112 0.412536 0.0338879 0.197975 0.00136927
16 0.970492 0.475476 0.0199436 0.0465822 0.00133803
30 0.897282 0.849548 0.18941 0.0579928 0.00133291
31 0.417172 0.382815 0.0865052 0.556255 0.00132644
31 0.431032 0.424506 0.161681 0.633169 0.00132549
31 0.372736 0.647219 0.0902149 0.279095 0.00132146
30 0.3735 0.489936 0.375029 0.654309 0.0013203
31 0.411813 0.688777 0.0686848 0.264594 0.00131589
30 0.279106 0.360539 0.0281059 0.090928 0.0013051
30 0.417172 0.382815 0.0865052 0.556255 0.00129688
30 0.580918 0.449643 0.165432 0.6841 0.00129402
30 0.625277 0.59873 0.146487 0.569745 0.00128946
30 0.428129 0.71818 0.0720169 0.243169 0.0012877
30 0.876932 0.863424 0.232074 0.0858609 0.0012863
30 0.470185 0.367674 0.086636 0.499835 0.00128153
0 0.38436 0.395521 0.0377694 0.230694 0.00126705
30 0.310565 0.593034 0.106076 0.121951 0.00126165
0 0.772127 0.278975 0.250129 0.407664 0.00124088
30 0.305977 0.623711 0.095401 0.0586534 0.00123549
0 0.184279 0.408002 0.0109918 0.0301683 0.00122359
30 0.600966 0.368432 0.154912 0.619122 0.00121129
31 0.580918 0.449643 0.165432 0.6841 0.00120535
30 0.266039 0.657508 0.125814 0.0505659 0.00118506
0 0.563405 0.114837 0.0284163 0.0418263 0.00117049
30 0.331964 0.440653 0.140168 0.283273 0.001158
3 0.558765 0.448984 0.44176 0.82117 0.00114498
31 0.583 0.756365 0.126832 0.34381 0.00114208
30 0.516794 0.654488 0.143882 0.487966 0.00110593
0 0.299726 0.495827 0.109125 0.362384 0.00110286
0 0.915658 0.406597 0.0343857 0.0296409 0.0010947
0 0.889284 0.469536 0.0210131 0.0770128 0.00109342
0 0.246369 0.39591 0.0106607 0.045739 0.00107643
31 0.287541 0.611206 0.166665 0.142883 0.00102454
30 0.416149 0.658061 0.15395 0.360884 0.00100619
30 0.380883 0.473491 0.172399 0.383233 0.00100297
