0 0.664962 0.490818 0.670076 0.974937 0.926403
0 0.197092 0.564227 0.390472 0.595956 0.920225
53 0.473127 0.895975 0.535223 0.193035 0.827317
0 0.49413 0.145315 0.197428 0.286181 0.805346
0 0.588839 0.0975682 0.111165 0.190383 0.782785
0 0.103008 0.17841 0.20245 0.345274 0.742975
56 0.423519 0.336221 0.0935263 0.111459 0.435914
0 0.657274 0.0869479 0.0644005 0.170227 0.427693
0 0.276304 0.0720416 0.114058 0.138609 0.403535
0 0.390223 0.0890175 0.0801069 0.173803 0.400399
53 0.608643 0.929554 0.26952 0.13449 0.399687
41 0.303981 0.177196 0.0295901 0.0473926 0.369422
0 0.372264 0.0914408 0.114656 0.17992 0.310448
60 0.292044 0.224389 0.222012 0.14262 0.31024
0 0.26657 0.0882067 0.137595 0.170098 0.297159
41 0.303056 0.183762 0.0294639 0.0393691 0.279917
60 0.476752 0.899829 0.947822 0.175473 0.273378
60 0.315392 0.231724 0.176703 0.0839789 0.260813
60 0.295377 0.219461 0.21606 0.102331 0.227362
0 0.0355299 0.459368 0.0690464 0.353455 0.227003
41 0.270063 0.178695 0.0272899 0.0655497 0.223884
60 0.315947 0.272523 0.176486 0.166538 0.21121
56 0.331492 0.361338 0.0820924 0.147346 0.189871
0 0.227348 0.0576888 0.0406369 0.112351 0.186479
60 0.292723 0.267014 0.220599 0.216692 0.180779
41 0.276822 0.174759 0.0248706 0.0657169 0.1748
60 0.535541 0.860029 0.90724 0.255635 0.144622
0 0.365917 0.0565955 0.0601394 0.109818 0.137044
56 0.312301 0.359055 0.122637 0.147515 0.133848
60 0.52471 0.946727 0.934013 0.0886436 0.133663
41 0.343611 0.182404 0.0286565 0.0302642 0.117538
56 0.0356592 0.459932 0.069962 0.356248 0.114684
0 0.658202 0.0303876 0.0628554 0.0582077 0.106918
56 0.662297 0.178042 0.0363158 0.0334963 0.0993361
41 0.366719 0.184251 0.0275975 0.0289522 0.0970381
0 0.192646 0.0620313 0.0775729 0.120253 0.0931329
0 0.372553 0.0722621 0.10168 0.142386 0.0924312
0 0.35183 0.0919548 0.108553 0.178119 0.0864557
0 0.321506 0.0432008 0.0441313 0.0828099 0.0855856
60 0.140549 0.909552 0.278512 0.16316 0.0854767
53 0.387968 0.902834 0.34743 0.187579 0.0804441
0 0.629372 0.0277877 0.0479387 0.0532504 0.0786565
39 0.178965 0.234207 0.0364973 0.0899382 0.0733122
0 0.301703 0.0432982 0.0803553 0.0825483 0.071006
56 0.430443 0.323793 0.0782938 0.0844243 0.0690938
60 0.299211 0.909571 0.597268 0.161767 0.0684788
40 0.279286 0.169553 0.0198585 0.0710314 0.0677879
0 0.217657 0.0632107 0.0584763 0.122569 0.0671158
0 0.395805 0.0656041 0.0705999 0.127251 0.0660283
0 0.335456 0.0433424 0.0693529 0.0824849 0.0655748
41 0.360408 0.184041 0.0357882 0.0330991 0.0647801
53 0.486718 0.898938 0.112931 0.186483 0.063493
41 0.179246 0.23537 0.0350384 0.0888526 0.0623856
40 0.304091 0.182235 0.0293837 0.0407863 0.0619892
41 0.304011 0.167321 0.0303738 0.0637269 0.0619062
60 0.168368 0.921811 0.219227 0.148342 0.0614994
0 0.391758 0.123365 0.0813781 0.246244 0.0604535
60 0.838052 0.95562 0.257733 0.0853826 0.0567262
60 0.30153 0.185871 0.200009 0.0794156 0.0557773
43 0.539429 0.895378 0.158526 0.186747 0.0556161
41 0.368887 0.178705 0.0287165 0.0349365 0.0520735
56 0.290719 0.360333 0.166109 0.167576 0.0484447
56 0.404218 0.338542 0.136154 0.119408 0.0471238
60 0.347599 0.283521 0.237824 0.193649 0.0466683
39 0.229024 0.115943 0.0156683 0.046715 0.0457513
40 0.304011 0.167321 0.0303738 0.0637269 0.0425325
0 0.355451 0.0457843 0.0538224 0.0886548 0.0424283
0 0.189727 0.088462 0.0773249 0.169439 0.0421581
40 0.270868 0.172611 0.0259832 0.0701184 0.0412893
40 0.275296 0.177471 0.0290578 0.0653677 0.0409022
0 0.0882418 0.347985 0.174941 0.670044 0.0399862
40 0.298569 0.1655 0.0238795 0.066594 0.0393068
41 0.269 0.18886 0.0235933 0.0553291 0.0389827
0 0.216947 0.0873631 0.107722 0.170835 0.0382067
40 0.269 0.18886 0.0235933 0.0553291 0.037185
60 0.844256 0.942106 0.308081 0.105335 0.0360239
41 0.340777 0.174477 0.0350029 0.0399046 0.0356636
56 0.320783 0.4349 0.102418 0.293432 0.0350021
41 0.229046 0.112549 0.0147822 0.0409681 0.033979
41 0.266271 0.182864 0.0250162 0.0522267 0.0338148
0 0.387363 0.102967 0.0735838 0.12202 0.0337485
0 0.259416 0.0684359 0.0987643 0.130978 0.0335565
0 0.298998 0.0859232 0.125185 0.16576 0.0311068
56 0.42323 0.382859 0.0985904 0.210793 0.0310378
56 0.309585 0.367834 0.0694652 0.138943 0.0294121
60 0.288618 0.354566 0.17414 0.173812 0.0289915
56 0.294948 0.421607 0.15692 0.279578 0.0277679
0 0.287152 0.108691 0.0896541 0.149241 0.0275516
60 0.202581 0.341441 0.366712 0.365981 0.0272938
0 0.638106 0.0284418 0.0375889 0.052451 0.0271968
40 0.278214 0.151284 0.0248956 0.0618635 0.0267271
41 0.323957 0.170494 0.0162395 0.0493277 0.0265994
40 0.343611 0.182404 0.0286565 0.0302642 0.0258009
58 0.350924 0.592394 0.069299 0.128102 0.0256484
0 0.649897 0.0535608 0.0760956 0.102088 0.0245621
41 0.347333 0.181374 0.0411627 0.032714 0.0244995
0 0.0236522 0.0791492 0.0465987 0.152239 0.0236152
42 0.427977 0.774706 0.0181503 0.0551402 0.0233735
60 0.314968 0.328164 0.174178 0.201473 0.0231927
60 0.296337 0.235833 0.125613 0.0770238 0.0230142
0 0.186987 0.349446 0.373974 0.689642 0.0229787
41 0.298569 0.1655 0.0238795 0.066594 0.0227309
60 0.287838 0.307345 0.245119 0.255514 0.0219095
0 0.41804 0.113627 0.135746 0.223569 0.0217768
0 0.28734 0.0440129 0.0993637 0.0855743 0.0215196
27 0.570092 0.0771139 0.0201574 0.0317047 0.021089
40 0.366719 0.184251 0.0275975 0.0289522 0.0209197
0 0.184527 0.0510572 0.0626109 0.100651 0.02066
41 0.242778 0.110935 0.0177176 0.040066 0.0204082
39 0.279286 0.169553 0.0198585 0.0710314 0.0201574
56 0.641695 0.176469 0.0156017 0.036938 0.0199906
40 0.360408 0.184041 0.0357882 0.0330991 0.0199509
56 0.314968 0.328164 0.174178 0.201473 0.0197942
56 0.637153 0.165774 0.0233905 0.0579375 0.0196494
56 0.637189 0.145134 0.0212302 0.100359 0.0195166
60 0.261123 0.187884 0.202218 0.078845 0.0193202
60 0.191624 0.386979 0.372947 0.542243 0.019138
0 0.957852 0.202321 0.0838482 0.162263 0.0189699
0 0.609176 0.0254533 0.032868 0.0469047 0.0188115
0 0.3171 0.57198 0.134676 0.322822 0.0187766
60 0.199837 0.281995 0.391505 0.395872 0.0187477
27 0.574395 0.0705631 0.0268707 0.0504507 0.0186354
39 0.270868 0.172611 0.0259832 0.0701184 0.0181557
41 0.371369 0.163277 0.0260569 0.046304 0.0180709
40 0.368887 0.178705 0.0287165 0.0349365 0.017973
0 0.346907 0.0439711 0.0527143 0.0856225 0.0178624
60 0.291397 0.201569 0.228447 0.20203 0.0176949
56 0.650038 0.16251 0.0509868 0.0691695 0.0176831
0 0.297887 0.50556 0.0808043 0.175098 0.0176353
0 0.405748 0.0600291 0.0518347 0.117458 0.017568
0 0.197066 0.101831 0.0551532 0.0652014 0.0174973
27 0.57323 0.131889 0.0327658 0.100575 0.0174629
41 0.030599 0.971557 0.0608563 0.056441 0.0174548
56 0.651418 0.175574 0.0506981 0.0394804 0.0173294
56 0.389324 0.364545 0.165104 0.171113 0.0169974
0 0.567983 0.0494102 0.0657406 0.0942958 0.0169357
27 0.572516 0.114932 0.0323457 0.101021 0.0167725
0 0.296857 0.458904 0.0798416 0.26644 0.0167653
41 0.310629 0.17881 0.0284492 0.0378645 0.0166202
0 0.629331 0.0429503 0.0501308 0.0820151 0.0163231
56 0.197412 0.105098 0.0526094 0.0588251 0.0162942
0 0.260756 0.0498383 0.0907865 0.094675 0.0161661
43 0.495516 0.932294 0.0654114 0.103809 0.0157252
0 0.385169 0.074887 0.0772202 0.120393 0.0154852
0 0.988987 0.182671 0.0197811 0.0976085 0.0153376
55 0.473349 0.896619 0.534032 0.19259 0.0149692
45 0.209378 0.195996 0.0325519 0.0360278 0.0149341
41 0.167614 0.229716 0.0252841 0.0828841 0.0149144
0 0.124029 0.0998411 0.174707 0.185986 0.0146812
63 0.296337 0.235833 0.125613 0.0770238 0.0145354
44 0.428413 0.796503 0.0186186 0.0943055 0.0143788
56 0.0387427 0.423291 0.0676782 0.252012 0.014254
41 0.376372 0.174301 0.032057 0.0366831 0.0142052
56 0.339426 0.156605 0.0458937 0.0785327 0.0140584
0 0.146673 0.0911306 0.161678 0.174681 0.0139677
56 0.660269 0.164727 0.0398869 0.0539911 0.0139597
60 0.712015 0.848231 0.571948 0.278136 0.0139458
0 0.315 0.139538 0.0670354 0.100502 0.0139444
56 0.31504 0.39543 0.0474484 0.0752328 0.0139413
42 0.428413 0.796503 0.0186186 0.0943055 0.0137816
41 0.264412 0.158508 0.0240417 0.0472186 0.0136698
0 0.954242 0.141648 0.0899319 0.272168 0.0133447
0 0.661686 0.0514989 0.054542 0.100538 0.0131574
41 0.209378 0.195996 0.0325519 0.0360278 0.013103
60 0.423872 0.332537 0.0939626 0.10412 0.013034
0 0.175292 0.150701 0.0572687 0.0971552 0.0130004
60 0.751763 0.956045 0.404106 0.0846218 0.0129932
41 0.274882 0.187711 0.0302918 0.0536437 0.0127887
0 0.385028 0.0336492 0.0595121 0.0651252 0.0127068
56 0.959064 0.20618 0.0800308 0.149484 0.0126546
40 0.371369 0.163277 0.0260569 0.046304 0.0125582
60 0.224856 0.210839 0.142739 0.0701359 0.0124587
45 0.234881 0.196099 0.0462228 0.0345758 0.0123894
56 0.634288 0.142932 0.0327383 0.101515 0.0123789
42 0.492898 0.934697 0.064172 0.0975533 0.0123031
0 0.444876 0.143784 0.114381 0.283183 0.0121013
39 0.304011 0.167321 0.0303738 0.0637269 0.0120124
41 0.278214 0.151284 0.0248956 0.0618635 0.0117645
39 0.229129 0.0856475 0.0294209 0.097244 0.0117188
44 0.428471 0.783586 0.0175145 0.0700984 0.0115287
56 0.354859 0.583712 0.0703187 0.228869 0.01149
40 0.347333 0.181374 0.0411627 0.032714 0.0112581
0 0.0944798 0.046836 0.153716 0.087356 0.0111059
42 0.622664 0.892206 0.241166 0.209547 0.0110108
41 0.641695 0.176469 0.0156017 0.036938 0.0109546
40 0.229046 0.112549 0.0147822 0.0409681 0.0108896
41 0.271365 0.147839 0.0288761 0.06385 0.0107545
27 0.572718 0.065828 0.0325787 0.0651133 0.0107458
0 0.382007 0.0484003 0.0750213 0.0939194 0.0106481
56 0.011145 0.681685 0.0215107 0.17328 0.0105695
43 0.580873 0.862102 0.243608 0.236403 0.0104979
60 0.378685 0.271634 0.410743 0.28283 0.0104879
56 0.747523 0.808739 0.49846 0.336365 0.0104364
40 0.271365 0.147839 0.0288761 0.06385 0.0104099
60 0.313339 0.283729 0.169032 0.0362523 0.0103848
60 0.0775025 0.913323 0.153846 0.168928 0.0102785
39 0.278214 0.151284 0.0248956 0.0618635 0.0102306
0 0.31585 0.0470228 0.0339125 0.0741022 0.0101727
60 0.430443 0.323793 0.0782938 0.0844243 0.0101335
0 0.226576 0.0438778 0.0348797 0.0860496 0.0100564
56 0.635925 0.175675 0.0222788 0.0389872 0.00979576
56 0.317065 0.417671 0.0459165 0.0945703 0.00973907
0 0.404535 0.0963558 0.109077 0.188054 0.00971431
44 0.493455 0.934078 0.0638418 0.0947111 0.00964296
56 0.275481 0.349955 0.20091 0.20663 0.00964114
0 0.661202 0.105286 0.0531201 0.139969 0.00961903
56 0.655451 0.0954967 0.0602307 0.183888 0.00960615
60 0.205857 0.185262 0.126011 0.0886937 0.00945309
0 0.626699 0.0890266 0.0454642 0.175375 0.00930378
0 0.0358069 0.0782978 0.0706117 0.151654 0.00923049
41 0.254125 0.193094 0.0231714 0.0407467 0.00920087
43 0.106401 0.929577 0.0989202 0.136793 0.009103
45 0.22475 0.194078 0.0642808 0.0394012 0.00906378
0 0.106425 0.122501 0.198443 0.231494 0.00871399
56 0.200778 0.114252 0.0462484 0.0399343 0.00868198
56 0.358456 0.628029 0.0729121 0.188259 0.00862005
40 0.229129 0.0856475 0.0294209 0.097244 0.00860053
56 0.208327 0.140899 0.0514443 0.0759612 0.00857565
56 0.488383 0.50448 0.04245 0.0712219 0.00847355
56 0.321375 0.561294 0.13252 0.278056 0.00842372
0 0.282476 0.0708455 0.0870241 0.122215 0.00810266
0 0.23024 0.03826 0.0309779 0.072936 0.00805137
40 0.340777 0.174477 0.0350029 0.0399046 0.00803998
60 0.404218 0.338542 0.136154 0.119408 0.00796536
56 0.324624 0.334448 0.105758 0.0911829 0.00783589
40 0.376372 0.174301 0.032057 0.0366831 0.00769424
56 0.361804 0.23057 0.0831794 0.0810471 0.00766155
40 0.274882 0.187711 0.0302918 0.0536437 0.00765198
0 0.615649 0.0279375 0.0408893 0.0511045 0.00762826
56 0.188631 0.0558913 0.0738392 0.110522 0.00761029
39 0.298569 0.1655 0.0238795 0.066594 0.00751767
60 0.312301 0.359055 0.122637 0.147515 0.0075132
53 0.557705 0.933799 0.390115 0.128789 0.00750935
56 0.332352 0.373522 0.052877 0.13567 0.00749552
56 0.301022 0.375009 0.0561584 0.138617 0.00745612
0 0.27753 0.0949999 0.0921429 0.0836865 0.00743955
60 0.27626 0.149862 0.236811 0.242444 0.00742289
56 0.36379 0.64253 0.0551377 0.0970929 0.00725535
43 0.524349 0.918204 0.126044 0.132999 0.00723076
56 0.66144 0.109205 0.052045 0.118367 0.00722191
26 0.423519 0.336221 0.0935263 0.111459 0.00721928
53 0.528315 0.893604 0.158626 0.181941 0.00716856
56 0.372573 0.657449 0.061481 0.12447 0.00716573
0 0.188311 0.131437 0.0666966 0.119859 0.0070971
44 0.63437 0.8767 0.230373 0.185165 0.00704053
73 0.296337 0.235833 0.125613 0.0770238 0.007016
0 0.407908 0.0324294 0.0465117 0.0629071 0.00699186
56 0.661588 0.149097 0.0391471 0.0346158 0.00688156
42 0.430144 0.782826 0.0292194 0.0774315 0.00680616
53 0.510697 0.923758 0.456374 0.151537 0.00677967
40 0.323957 0.170494 0.0162395 0.0493277 0.00655532
0 0.623237 0.0386313 0.0424909 0.0723473 0.00653017
0 0.0867753 0.0784868 0.16991 0.15236 0.00652629
56 0.289569 0.371722 0.0369434 0.137144 0.00649622
56 0.354095 0.642483 0.0553253 0.103984 0.00648955
58 0.321375 0.561294 0.13252 0.278056 0.00641626
60 0.960819 0.209924 0.0777555 0.14189 0.00638747
48 0.60719 0.93191 0.269679 0.131783 0.00637379
67 0.10689 0.928621 0.0948191 0.134947 0.00637186
53 0.527292 0.887289 0.909394 0.202454 0.00636792
41 0.341808 0.157138 0.0410146 0.0640347 0.00629932
0 0.218509 0.115745 0.105909 0.124181 0.00628325
0 0.365287 0.0420585 0.0670567 0.0832379 0.0062561
26 0.351912 0.586702 0.0667436 0.125202 0.00623846
56 0.297639 0.447915 0.102088 0.317486 0.00615197
0 0.272492 0.0414944 0.0711243 0.0784375 0.0061225
60 0.315386 0.312506 0.17931 0.107721 0.0061034
42 0.539429 0.895378 0.158526 0.186747 0.0058569
41 0.635925 0.175675 0.0222788 0.0389872 0.00585541
56 0.3304 0.33452 0.149364 0.146234 0.00584245
43 0.495952 0.901294 0.0836319 0.18055 0.00582749
42 0.524349 0.918204 0.126044 0.132999 0.00582331
56 0.342241 0.55867 0.0941869 0.268591 0.00582224
41 0.312636 0.0625811 0.0305972 0.0541953 0.00577125
56 0.318622 0.402263 0.042421 0.0596743 0.00562379
56 0.295971 0.235961 0.121184 0.0759119 0.00559491
40 0.266271 0.182864 0.0250162 0.0522267 0.00559154
43 0.340596 0.237129 0.0315375 0.0718606 0.00558931
56 0.00800104 0.694446 0.0160021 0.231374 0.00552219
44 0.427116 0.778496 0.0211403 0.057023 0.00541541
41 0.180099 0.203188 0.0443638 0.171896 0.00540674
0 0.297639 0.447915 0.102088 0.317486 0.005355
56 0.357005 0.650106 0.0446187 0.0847061 0.00535429
60 0.253398 0.0949171 0.142621 0.166248 0.00532514
56 0.318859 0.27729 0.171995 0.174831 0.00529426
40 0.341808 0.157138 0.0410146 0.0640347 0.00528365
40 0.303647 0.155283 0.0363652 0.0590699 0.00526527
0 0.166079 0.142919 0.0755728 0.265204 0.00525096
0 0.311381 0.0536302 0.0308424 0.0593804 0.00523591
41 0.239747 0.114257 0.0262153 0.0501975 0.00519097
56 0.350924 0.592394 0.069299 0.128102 0.00516897
40 0.323348 0.158978 0.0226138 0.0732688 0.00516024
56 0.30029 0.476383 0.16964 0.427121 0.00515983
56 0.315386 0.312506 0.17931 0.107721 0.00515419
40 0.637153 0.165774 0.0233905 0.0579375 0.00514513
40 0.375575 0.159217 0.0340285 0.0612038 0.005124
42 0.64839 0.872318 0.205898 0.162884 0.00512052
39 0.637153 0.165774 0.0233905 0.0579375 0.00507829
60 0.360897 0.231605 0.084611 0.0827141 0.00506207
0 0.40717 0.138881 0.105358 0.27619 0.0050565
