0 0.215739 0.679022 0.425041 0.553085 0.933124
0 0.477465 0.50659 0.426917 0.978928 0.927771
57 0.830043 0.631682 0.339914 0.424847 0.909135
0 0.725346 0.621341 0.229523 0.425046 0.89791
39 0.108697 0.931046 0.0647168 0.131664 0.848812
41 0.264427 0.967158 0.0957571 0.0654507 0.81869
26 0.783307 0.790086 0.138006 0.109556 0.810079
41 0.0450653 0.965528 0.0901306 0.0681957 0.766821
65 0.291503 0.520071 0.0892539 0.0355276 0.744799
58 0.301427 0.234673 0.229229 0.389374 0.552303
0 0.912975 0.716097 0.172541 0.366367 0.510104
0 0.0455982 0.783118 0.0907345 0.234897 0.444199
57 0.143059 0.656056 0.28111 0.429413 0.366681
29 0.69493 0.567763 0.117414 0.111849 0.28948
57 0.203954 0.66413 0.407376 0.44888 0.197234
57 0.829015 0.737512 0.33679 0.214688 0.130014
0 0.124355 0.749339 0.248102 0.320589 0.127624
0 0.0492575 0.668221 0.0978183 0.471579 0.103437
57 0.553684 0.628598 0.890398 0.423986 0.083559
26 0.839211 0.864707 0.118379 0.0503557 0.0741035
62 0.967613 0.181445 0.0642431 0.164036 0.0736968
58 0.390435 0.220019 0.403425 0.417659 0.0671444
41 0.335489 0.994071 0.0931472 0.0118578 0.0598981
39 0.125167 0.896183 0.0442572 0.0813486 0.0580461
57 0.0421583 0.484812 0.0843166 0.0985127 0.0522487
0 0.126853 0.743951 0.250278 0.227035 0.0387237
58 0.267356 0.364519 0.158871 0.122637 0.0297834
0 0.950245 0.773629 0.0995106 0.338689 0.029347
0 0.914095 0.624525 0.171017 0.176868 0.0279791
57 0.309836 0.610874 0.13963 0.156574 0.0258293
58 0.274274 0.330444 0.172997 0.196099 0.0258196
56 0.179036 0.66059 0.355829 0.439809 0.0255499
0 0.965775 0.787607 0.0681755 0.316113 0.0246815
60 0.186543 0.923198 0.370635 0.140039 0.0217637
57 0.206198 0.561983 0.412395 0.25649 0.0200517
57 0.0478315 0.6712 0.095663 0.469592 0.0198662
57 0.833619 0.534656 0.332763 0.232662 0.0186383
0 0.966566 0.88485 0.0668672 0.123309 0.0184334
57 0.129425 0.764557 0.252788 0.193206 0.0182244
56 0.136757 0.660044 0.267321 0.4013 0.01599
57 0.832973 0.494455 0.332596 0.154022 0.0156581
0 0.931305 0.742716 0.133852 0.407745 0.0138404
57 0.192927 0.614031 0.385855 0.158477 0.0126879
26 0.695253 0.567275 0.116051 0.111763 0.0123565
59 0.210179 0.677146 0.417958 0.492189 0.0113449
57 0.127201 0.813755 0.252836 0.210418 0.0113285
0 0.695419 0.567597 0.117962 0.11158 0.011263
57 0.134434 0.799206 0.242524 0.145846 0.0101956
57 0.0415921 0.554556 0.0831503 0.236433 0.00949436
0 0.96689 0.853973 0.0659739 0.0638687 0.00906846
56 0.129425 0.764557 0.252788 0.193206 0.00891086
67 0.932233 0.880238 0.0617508 0.0678566 0.00883797
56 0.311271 0.611218 0.143134 0.155089 0.00848421
41 0.339173 0.992331 0.0935156 0.0153387 0.00831392
0 0.96709 0.85438 0.0657188 0.180734 0.008241
59 0.143059 0.656056 0.28111 0.429413 0.00818217
56 0.0478315 0.6712 0.095663 0.469592 0.0074437
65 0.932376 0.880426 0.0607024 0.0667387 0.00693318
57 0.486524 0.610277 0.488895 0.16208 0.00677449
39 0.932032 0.879982 0.0615855 0.0680019 0.00646746
35 0.695419 0.567597 0.117962 0.11158 0.00618863
62 0.969484 0.150272 0.0599899 0.101812 0.00569817
26 0.932389 0.880206 0.0623924 0.067617 0.00538906
57 0.407578 0.688252 0.815157 0.521962 0.00535816
56 0.829275 0.629048 0.34015 0.425874 0.00527236
0 0.950368 0.892949 0.0992636 0.105925 0.00519717
56 0.0424709 0.484758 0.0843037 0.0988449 0.0050543
57 0.217516 0.763899 0.0654938 0.0740524 0.00486237
58 0.270534 0.36552 0.121297 0.110439 0.00483042
58 0.305613 0.374106 0.237066 0.616911 0.00458241
0 0.898418 0.668239 0.140523 0.0824303 0.00406328
59 0.829437 0.73787 0.334771 0.216673 0.00397879
65 0.276696 0.523568 0.0585644 0.0267738 0.00371423
58 0.33596 0.177283 0.152252 0.130465 0.00362828
39 0.0352176 0.891323 0.0704352 0.110269 0.00360048
57 0.234373 0.76408 0.0970584 0.0730058 0.00354773
73 0.923683 0.568492 0.088246 0.0382782 0.00346816
24 0.695981 0.56756 0.115639 0.112058 0.00335562
65 0.839505 0.864802 0.118271 0.0510132 0.00327259
56 0.829015 0.737512 0.33679 0.214688 0.0032177
57 0.140332 0.54048 0.280664 0.222921 0.00319675
0 0.966689 0.790931 0.0659447 0.191096 0.00316653
60 0.209218 0.950736 0.418435 0.0985279 0.00316525
39 0.0150375 0.891789 0.0300749 0.108782 0.00310919
65 0.336884 0.992845 0.0965745 0.0143094 0.00300133
56 0.268678 0.590577 0.0624091 0.104785 0.00299016
60 0.11592 0.958764 0.231053 0.0824711 0.00297672
57 0.12735 0.755442 0.252201 0.32067 0.00289884
67 0.291396 0.519897 0.0889389 0.0350676 0.00285754
73 0.934861 0.566759 0.11331 0.0427473 0.00276995
57 0.230506 0.717982 0.457016 0.369544 0.00275442
56 0.199242 0.615457 0.398483 0.164735 0.00272381
58 0.272009 0.38793 0.170402 0.174472 0.00269371
58 0.289566 0.34899 0.14351 0.160404 0.00267231
59 0.0421583 0.484812 0.0843166 0.0985127 0.00262699
73 0.907685 0.568956 0.0542767 0.0369486 0.00259173
78 0.839179 0.864856 0.117982 0.0504841 0.00253493
35 0.839505 0.864802 0.118271 0.0510132 0.0025306
24 0.83981 0.864994 0.118089 0.0505238 0.00246245
56 0.15839 0.762712 0.193599 0.0860077 0.00245395
56 0.133777 0.793573 0.262717 0.293983 0.00244394
41 0.112124 0.986965 0.0500118 0.0260692 0.00231993
57 0.10938 0.830441 0.0902946 0.160076 0.00229907
58 0.0402994 0.913936 0.080249 0.0656242 0.00226143
73 0.932682 0.603596 0.134636 0.101758 0.00223297
26 0.0433125 0.892189 0.0865941 0.107502 0.00221685
58 0.366176 0.116539 0.0701537 0.140675 0.00218984
57 0.337765 0.625314 0.0896814 0.128903 0.00218561
41 0.333733 0.993971 0.0931365 0.0120584 0.0021348
0 0.900922 0.644295 0.14615 0.131878 0.00212443
56 0.217516 0.763899 0.0654938 0.0740524 0.00212058
57 0.185157 0.591249 0.362089 0.1474 0.00205803
57 0.164549 0.673116 0.329099 0.454468 0.00204283
0 0.927881 0.713868 0.142096 0.199259 0.00202024
57 0.0959827 0.804794 0.0625305 0.106974 0.00197238
57 0.269596 0.590653 0.062307 0.105902 0.00196642
56 0.336903 0.627253 0.0909145 0.125384 0.00191149
57 0.219694 0.659925 0.408287 0.214992 0.00189027
57 0.882181 0.585914 0.23484 0.32459 0.00185773
56 0.134434 0.799206 0.242524 0.145846 0.00185457
56 0.205213 0.567988 0.408202 0.263919 0.00178602
60 0.225925 0.956803 0.298671 0.0863937 0.00174895
58 0.336149 0.155099 0.153254 0.245498 0.00171992
56 0.127201 0.813755 0.252836 0.210418 0.00170398
57 0.897475 0.498217 0.203764 0.146977 0.00168636
58 0.416422 0.163201 0.323064 0.326402 0.00168496
58 0.375582 0.136911 0.235118 0.273823 0.00167188
39 0.291432 0.520105 0.0884616 0.0351984 0.0016529
56 0.517812 0.610304 0.504212 0.164353 0.00163212
32 0.695419 0.567597 0.117962 0.11158 0.00160336
41 0.932376 0.880426 0.0607024 0.0667387 0.00160104
57 0.832278 0.472438 0.331082 0.107626 0.00158945
59 0.206198 0.561983 0.412395 0.25649 0.00157669
65 0.304098 0.515296 0.0635832 0.0263104 0.00157654
78 0.291396 0.519897 0.0889389 0.0350676 0.00155213
41 0.337212 0.989497 0.0994845 0.0210068 0.00154507
41 0.108823 0.92911 0.0646865 0.130865 0.00154197
57 0.122764 0.507041 0.245529 0.14235 0.00151592
41 0.305484 0.992957 0.147408 0.0140851 0.00150156
58 0.039406 0.892255 0.0788121 0.109233 0.00148311
59 0.830043 0.631682 0.339914 0.424847 0.00148001
56 0.407578 0.688252 0.815157 0.521962 0.00147489
73 0.936463 0.588563 0.126447 0.0701956 0.00144809
39 0.117818 0.897085 0.0503523 0.0695595 0.00141484
58 0.340138 0.215283 0.195689 0.354536 0.00140831
13 0.163951 0.659867 0.323927 0.43753 0.00139171
57 0.169635 0.776741 0.170822 0.102597 0.00138322
57 0.466146 0.686289 0.469982 0.309427 0.00133923
57 0.326437 0.684507 0.202019 0.306183 0.00132528
0 0.729173 0.525073 0.22133 0.231084 0.00132304
57 0.411306 0.566741 0.821532 0.296387 0.00131476
58 0.318298 0.246001 0.116449 0.155955 0.00129279
58 0.363432 0.337394 0.380825 0.625496 0.00127822
24 0.782935 0.789675 0.138756 0.109497 0.00125486
60 0.215227 0.906717 0.419181 0.174829 0.00124085
0 0.135101 0.659324 0.265687 0.431045 0.00120977
58 0.454434 0.288695 0.555994 0.53085 0.00119525
56 0.234373 0.76408 0.0970584 0.0730058 0.00117543
65 0.181212 0.98053 0.0869765 0.0376595 0.00117463
45 0.0452532 0.965797 0.0905063 0.0675278 0.00116971
39 0.0113936 0.869382 0.021231 0.0608223 0.00113747
0 0.979142 0.727932 0.0413956 0.175714 0.00112927
57 0.0404079 0.496872 0.0804358 0.0624614 0.00112808
64 0.334504 0.993972 0.0924596 0.0120552 0.00112009
67 0.839402 0.865232 0.118162 0.0502361 0.00111687
0 0.0423995 0.483702 0.0847223 0.097506 0.00109708
65 0.273214 0.514405 0.056891 0.0233057 0.00108767
58 0.372902 0.176609 0.0722198 0.125596 0.00107792
39 0.12531 0.882308 0.0431973 0.0532131 0.00107151
39 0.130292 0.916888 0.033762 0.118024 0.00106105
0 0.836996 0.594915 0.310808 0.240516 0.00105771
73 0.291396 0.519897 0.0889389 0.0350676 0.00104889
65 0.241589 0.507134 0.0735125 0.0275182 0.00102997
56 0.219694 0.659925 0.408287 0.214992 0.00102997
59 0.511847 0.630446 0.969843 0.426523 0.00101158
0 0.0341784 0.681462 0.0683568 0.207067 0.00100696
