54 0.715348 0.811127 0.569304 0.260418 0.0391398
63 0.474414 0.69059 0.189089 0.150991 0.0184473
54 0.719595 0.748956 0.560809 0.502088 0.0164936
54 0.716829 0.803454 0.566342 0.393091 0.0147621
54 0.635113 0.823086 0.729775 0.279639 0.0144801
63 0.469334 0.724007 0.195959 0.166833 0.0138651
63 0.47569 0.687617 0.0946466 0.149064 0.0122024
73 0.483186 0.723468 0.219078 0.167537 0.00918576
52 0.196326 0.870226 0.392652 0.259548 0.00820565
54 0.666269 0.806546 0.667462 0.386907 0.0080179
73 0.474414 0.69059 0.189089 0.150991 0.00786409
63 0.481881 0.702336 0.116885 0.134603 0.00773308
62 0.474414 0.69059 0.189089 0.150991 0.00699687
54 0.696355 0.749065 0.607289 0.50187 0.00665027
0 0.624428 0.300201 0.751144 0.600402 0.00647706
54 0.725625 0.674147 0.54875 0.651705 0.00639614
52 0.288803 0.868139 0.577605 0.263722 0.00635269
63 0.492039 0.708712 0.208375 0.149679 0.00633931
63 0.464647 0.660559 0.112745 0.113061 0.00615096
62 0.47569 0.687617 0.0946466 0.149064 0.00615036
52 0.213795 0.821643 0.427589 0.247528 0.00612253
54 0.668475 0.863638 0.663049 0.272724 0.00552213
63 0.458562 0.655917 0.145031 0.151267 0.00541103
52 0.715348 0.811127 0.569304 0.260418 0.00539213
62 0.483186 0.723468 0.219078 0.167537 0.00505549
13 0.0487294 0.988481 0.0835389 0.0217383 0.00489292
63 0.462208 0.655686 0.0740074 0.161007 0.00482097
17 0.198337 0.305966 0.396674 0.584746 0.00432593
13 0.0259898 0.964672 0.0422972 0.0439947 0.00420135
54 0.714833 0.610727 0.570335 0.778547 0.00417057
63 0.51165 0.730257 0.169641 0.214812 0.00397655
73 0.47569 0.687617 0.0946466 0.149064 0.00396231
17 0.554813 0.299919 0.813771 0.599838 0.00390819
62 0.481881 0.702336 0.116885 0.134603 0.00368804
63 0.453077 0.712186 0.144385 0.163169 0.0036442
54 0.288803 0.868139 0.577605 0.263722 0.00359276
73 0.51165 0.730257 0.169641 0.214812 0.00354734
62 0.464647 0.660559 0.112745 0.113061 0.00328839
0 0.513659 0.537133 0.87401 0.794596 0.00326851
17 0.325743 0.365687 0.651486 0.731374 0.00324944
52 0.350305 0.817865 0.700611 0.264159 0.00319201
52 0.719052 0.860967 0.561896 0.278066 0.00314385
73 0.543774 0.68269 0.0970815 0.136153 0.00307575
54 0.685682 0.603612 0.628636 0.792777 0.00306177
13 0.0370909 0.95628 0.0652031 0.0874395 0.00293291
73 0.551232 0.7202 0.183433 0.172761 0.00291988
52 0.635113 0.823086 0.729775 0.279639 0.00288111
54 0.281339 0.814909 0.535253 0.256849 0.00287879
54 0.350305 0.817865 0.700611 0.264159 0.00287071
52 0.716829 0.803454 0.566342 0.393091 0.00282812
5 0.759186 0.41712 0.481628 0.769363 0.00282472
73 0.481881 0.702336 0.116885 0.134603 0.00279662
54 0.693077 0.66789 0.613846 0.66422 0.00277987
52 0.560834 0.834374 0.804503 0.331252 0.00273079
17 0.324772 0.266313 0.649544 0.532626 0.00272787
52 0.422172 0.875291 0.809164 0.249419 0.00269118
13 0.938012 0.983171 0.0629984 0.0107714 0.00267097
54 0.738109 0.64655 0.523782 0.7069 0.00265059
0 0.198337 0.305966 0.396674 0.584746 0.00263432
54 0.422015 0.825804 0.844031 0.310225 0.0025388
13 0.0513949 0.918567 0.0911793 0.076636 0.00253218
0 0.74703 0.336318 0.505941 0.672636 0.00247052
62 0.458562 0.655917 0.145031 0.151267 0.00246996
62 0.453077 0.712186 0.144385 0.163169 0.00242743
0 0.722829 0.367441 0.554342 0.734883 0.00242448
40 0.0961785 0.29201 0.192357 0.584021 0.0023587
62 0.696234 0.301004 0.607532 0.602008 0.00235751
17 0.229893 0.367235 0.459786 0.73447 0.00235498
54 0.314742 0.671382 0.600381 0.657236 0.00232211
73 0.577715 0.740043 0.14504 0.201985 0.00232074
17 0.513659 0.537133 0.87401 0.794596 0.00228789
13 0.946984 0.981914 0.0384932 0.00952072 0.00225607
0 0.582444 0.400534 0.828228 0.795219 0.00224036
62 0.462208 0.655686 0.0740074 0.161007 0.00221843
73 0.574996 0.689744 0.133402 0.154383 0.00219113
73 0.361378 0.0626443 0.048838 0.125289 0.00218463
73 0.97024 0.062725 0.0595201 0.12545 0.00216419
73 0.955629 0.063464 0.0778305 0.126928 0.00215709
52 0.281339 0.814909 0.535253 0.256849 0.00214204
73 0.458562 0.655917 0.145031 0.151267 0.00212765
73 0.464647 0.660559 0.112745 0.113061 0.00209224
54 0.72377 0.80682 0.55246 0.38636 0.00208578
17 0.402458 0.529656 0.804915 0.805255 0.00208449
73 0.938012 0.983171 0.0629984 0.0107714 0.00207114
63 0.400403 0.723328 0.203904 0.170144 0.00206259
13 0.736223 0.986764 0.117982 0.0264712 0.00205666
63 0.543774 0.68269 0.0970815 0.136153 0.00204042
17 0.696234 0.301004 0.607532 0.602008 0.00200608
52 0.719595 0.748956 0.560809 0.502088 0.00198862
17 0.288244 0.299394 0.576488 0.598787 0.00198492
0 0.288244 0.299394 0.576488 0.598787 0.00193778
3 0.695955 0.267842 0.608091 0.535684 0.00191545
54 0.611488 0.810878 0.777023 0.378244 0.00191402
73 0.917659 0.9837 0.067864 0.0234736 0.0019061
66 0.0259898 0.964672 0.0422972 0.0439947 0.00189623
66 0.938012 0.983171 0.0629984 0.0107714 0.00189218
54 0.223939 0.808104 0.447878 0.383792 0.00188935
54 0.213795 0.821643 0.427589 0.247528 0.00187752
17 0.623275 0.36261 0.75345 0.72522 0.00185433
73 0.335476 0.0642807 0.0474181 0.128561 0.00183734
0 0.394194 0.300234 0.788387 0.600467 0.00183156
13 0.758029 0.98595 0.108362 0.0236253 0.00181994
73 0.105118 0.0664986 0.123314 0.132997 0.0018062
17 0.412325 0.300048 0.634267 0.600096 0.00178587
52 0.422015 0.825804 0.844031 0.310225 0.00178105
54 0.690377 0.777908 0.619246 0.444183 0.00177419
63 0.48653 0.94003 0.120553 0.11994 0.00174302
40 0.115609 0.309097 0.231217 0.577407 0.00174132
73 0.811102 0.96275 0.112606 0.0372019 0.00173363
13 0.0755171 0.98472 0.089863 0.0112867 0.00171286
73 0.100117 0.0640828 0.050164 0.128166 0.00170815
73 0.538065 0.711842 0.277603 0.16525 0.00170198
63 0.48672 0.907459 0.154034 0.185083 0.00168854
5 0.794706 0.267124 0.410587 0.534247 0.00166935
73 0.199627 0.682447 0.0942063 0.161012 0.0016641
63 0.403646 0.674433 0.193684 0.14981 0.00164506
13 0.508872 0.980748 0.0535833 0.0258804 0.00163445
63 0.504791 0.889378 0.196387 0.168062 0.00161856
54 0.429442 0.800996 0.858884 0.398008 0.00161183
17 0.224741 0.267083 0.449482 0.534166 0.00161004
17 0.351544 0.542093 0.608205 0.788175 0.00157544
62 0.543774 0.68269 0.0970815 0.136153 0.00156078
52 0.703564 0.701857 0.592871 0.596286 0.00155818
73 0.318295 0.636808 0.0782337 0.12782 0.00155213
73 0.908601 0.969718 0.0895765 0.0470439 0.00153473
73 0.833595 0.958548 0.109972 0.0275663 0.00151899
73 0.78467 0.954874 0.231989 0.0902513 0.00148332
73 0.19633 0.688667 0.16318 0.15954 0.00147378
73 0.803374 0.954401 0.165881 0.091198 0.00146908
73 0.400403 0.723328 0.203904 0.170144 0.00145939
17 0.335017 0.429746 0.670033 0.73534 0.00144026
73 0.344566 0.68793 0.100123 0.164227 0.00143987
54 0.589657 0.36394 0.81021 0.72788 0.00143185
0 0.717984 0.645102 0.564031 0.709796 0.00142443
73 0.453077 0.712186 0.144385 0.163169 0.00141621
54 0.284874 0.769652 0.550088 0.460696 0.00139984
52 0.666269 0.806546 0.667462 0.386907 0.00139791
73 0.205899 0.691746 0.103157 0.118749 0.00139284
63 0.221647 0.615542 0.171863 0.175574 0.00139108
54 0.223772 0.738303 0.447544 0.523394 0.00138935
0 0.747517 0.433755 0.504965 0.734515 0.00138754
66 0.0487294 0.988481 0.0835389 0.0217383 0.00138488
17 0.664138 0.268854 0.671724 0.537709 0.00138196
54 0.284956 0.761211 0.569913 0.477578 0.0013819
52 0.556487 0.813994 0.815228 0.372013 0.00137448
5 0.871971 0.301258 0.256059 0.602515 0.00135326
52 0.223939 0.808104 0.447878 0.383792 0.0013411
63 0.763878 0.741859 0.159857 0.17202 0.00133693
40 0.3249 0.29914 0.6498 0.598281 0.00133583
13 0.917659 0.9837 0.067864 0.0234736 0.00132158
13 0.0729624 0.968423 0.114405 0.0631536 0.00131634
74 0.695955 0.267842 0.608091 0.535684 0.00130397
5 0.764991 0.336125 0.470018 0.672249 0.00129893
54 0.560834 0.834374 0.804503 0.331252 0.00129399
52 0.742792 0.764535 0.514416 0.47093 0.00128329
73 0.403646 0.674433 0.193684 0.14981 0.00128263
73 0.664762 0.068442 0.159103 0.136884 0.00127834
54 0.299931 0.798329 0.599863 0.403341 0.0012762
63 0.551232 0.7202 0.183433 0.172761 0.00127587
63 0.574996 0.689744 0.133402 0.154383 0.00126266
73 0.0879999 0.0612173 0.0715 0.122435 0.00123081
13 0.778407 0.988744 0.109297 0.0225129 0.00123045
73 0.845293 0.955627 0.20236 0.0517334 0.00122711
3 0.49782 0.267458 0.800218 0.534917 0.00122032
67 0.554813 0.299919 0.813771 0.599838 0.00121865
13 0.546893 0.9829 0.0938471 0.0101992 0.00121841
54 0.693818 0.484155 0.612363 0.78739 0.00121453
54 0.422172 0.875291 0.809164 0.249419 0.00121409
17 0.195189 0.473131 0.390378 0.792352 0.00121403
73 0.504791 0.889378 0.196387 0.168062 0.00120595
63 0.201463 0.652825 0.15627 0.16684 0.00120524
3 0.356624 0.267611 0.622371 0.535221 0.0011901
54 0.759186 0.41712 0.481628 0.769363 0.00119004
73 0.388157 0.0663282 0.0364241 0.132656 0.00118282
73 0.462208 0.655686 0.0740074 0.161007 0.00118083
66 0.946984 0.981914 0.0384932 0.00952072 0.00117713
73 0.839828 0.956154 0.154194 0.0300081 0.00116351
73 0.226982 0.709559 0.113235 0.138405 0.00116205
73 0.184548 0.722317 0.105683 0.0995397 0.00114685
54 0.742053 0.538771 0.515894 0.797471 0.00114602
73 0.201463 0.652825 0.15627 0.16684 0.00114429
13 0.509663 0.971239 0.106008 0.031943 0.00114271
63 0.500698 0.938781 0.0714613 0.122438 0.00114179
73 0.374314 0.900377 0.0909505 0.107896 0.00113764
73 0.0539195 0.063657 0.0534554 0.127314 0.00113618
63 0.504274 0.91788 0.214285 0.16424 0.00113508
73 0.219963 0.613362 0.159191 0.171182 0.00112697
73 0.330796 0.650726 0.0582313 0.152518 0.00112548
67 0.412325 0.300048 0.634267 0.600096 0.00111949
73 0.35113 0.732133 0.151426 0.176542 0.00110951
73 0.24133 0.0784385 0.0635276 0.156877 0.00110182
63 0.729351 0.748637 0.236085 0.225445 0.00110048
63 0.199627 0.682447 0.0942063 0.161012 0.00109458
73 0.318986 0.667728 0.0807331 0.133967 0.00109264
66 0.0377844 0.988575 0.0755689 0.0228503 0.00108886
73 0.30889 0.894032 0.0566081 0.105859 0.00108716
73 0.912883 0.960678 0.0609238 0.0525302 0.00108507
17 0.694975 0.4174 0.61005 0.76503 0.00108454
62 0.764991 0.336125 0.470018 0.672249 0.00107428
54 0.787498 0.650838 0.425004 0.698324 0.00107235
73 0.255013 0.0837181 0.0457974 0.167436 0.00107136
13 0.0377844 0.988575 0.0755689 0.0228503 0.00107032
17 0.115609 0.309097 0.231217 0.577407 0.00106841
73 0.534024 1 0.0684881 0 0.00106689
66 0.0729624 0.968423 0.114405 0.0631536 0.00105777
73 0.621086 0.0661995 0.151391 0.132399 0.00105599
73 0.843366 0.0647746 0.153518 0.129549 0.00105163
73 0.763878 0.741859 0.159857 0.17202 0.00105047
73 0.553718 0.685423 0.241173 0.157692 0.00104013
66 0.917659 0.9837 0.067864 0.0234736 0.00103945
66 0.0283716 0.971035 0.0567432 0.0579309 0.00102934
66 0.0755171 0.98472 0.089863 0.0112867 0.0010266
63 0.20394 0.650796 0.107009 0.161228 0.00102639
62 0.51165 0.730257 0.169641 0.214812 0.00102499
73 0.546893 0.9829 0.0938471 0.0101992 0.00102434
62 0.635076 0.333775 0.729848 0.667549 0.00101623
73 0.929554 0.0645432 0.0867229 0.129086 0.00101024
63 0.475401 0.727184 0.140549 0.227483 0.00100243
63 0.0738691 0.54043 0.110759 0.200686 0.00100142
