52 0.612237 0.862612 0.775526 0.274776 0.361821
35 0.685125 0.825503 0.629749 0.348994 0.286399
52 0.651437 0.837564 0.697126 0.324871 0.272488
52 0.649836 0.862472 0.700329 0.275057 0.259885
52 0.616837 0.794463 0.766326 0.411074 0.144548
37 0.653017 0.802542 0.693965 0.394916 0.144452
34 0.684315 0.859824 0.631371 0.280352 0.139143
35 0.612237 0.862612 0.775526 0.274776 0.130104
37 0.616837 0.794463 0.766326 0.411074 0.104632
35 0.649836 0.862472 0.700329 0.275057 0.103713
52 0.662813 0.852315 0.674375 0.214117 0.0893656
52 0.609765 0.863611 0.78047 0.200135 0.0879449
34 0.616837 0.794463 0.766326 0.411074 0.0786251
35 0.616837 0.794463 0.766326 0.411074 0.0702366
34 0.649836 0.862472 0.700329 0.275057 0.0569759
34 0.612237 0.862612 0.775526 0.274776 0.0453861
37 0.669915 0.862241 0.66017 0.275518 0.0343269
37 0.538881 0.798028 0.922239 0.403943 0.0335376
35 0.654904 0.765364 0.690192 0.469272 0.0294427
0 0.507492 0.278897 0.985017 0.557794 0.0292732
37 0.612237 0.862612 0.775526 0.274776 0.0283418
35 0.662813 0.852315 0.674375 0.214117 0.0236715
52 0.623594 0.891442 0.752811 0.217116 0.02056
52 0.678606 0.901461 0.642789 0.197077 0.0199169
20 0.612237 0.862612 0.775526 0.274776 0.0158158
32 0.685125 0.825503 0.629749 0.348994 0.0153781
27 0.618324 0.755665 0.763352 0.488671 0.0133031
35 0.478657 0.872109 0.941265 0.255782 0.0123206
0 0.685125 0.825503 0.629749 0.348994 0.0123173
35 0.609765 0.863611 0.78047 0.200135 0.011626
37 0.586405 0.8737 0.82719 0.252599 0.0114512
54 0.656903 0.66303 0.686193 0.534623 0.0112633
54 0.655259 0.75792 0.689482 0.484159 0.0112252
46 0.685125 0.825503 0.629749 0.348994 0.0104237
52 0.586405 0.8737 0.82719 0.252599 0.00967404
35 0.5 0.87242 1 0.194941 0.00933573
37 0.505015 0.854202 0.989969 0.291597 0.00912318
37 0.726941 0.872137 0.546118 0.255725 0.00891757
0 0.728031 0.817314 0.543938 0.365371 0.00862306
52 0.725367 0.854795 0.549266 0.234959 0.00857067
37 0.5 0.558694 1 0.584049 0.0085153
20 0.649836 0.862472 0.700329 0.275057 0.00843328
35 0.5 0.850261 1 0.299478 0.00831151
34 0.538881 0.798028 0.922239 0.403943 0.00803894
54 0.306022 0.650232 0.612044 0.60428 0.00757173
27 0.654904 0.765364 0.690192 0.469272 0.00729319
37 0.478657 0.872109 0.941265 0.255782 0.00723726
27 0.647875 0.85232 0.704251 0.210271 0.00713238
20 0.651437 0.837564 0.697126 0.324871 0.00706056
34 0.653782 0.784364 0.692435 0.431272 0.00697103
37 0.728031 0.817314 0.543938 0.365371 0.00680399
54 0.609765 0.863611 0.78047 0.200135 0.00674474
35 0.726941 0.872137 0.546118 0.255725 0.00650632
52 0.726941 0.872137 0.546118 0.255725 0.00647897
28 0.538881 0.798028 0.922239 0.403943 0.00647822
52 0.728803 0.825643 0.542394 0.348714 0.00634944
52 0.497026 0.863316 0.984355 0.205134 0.0060991
73 0.342214 0.923195 0.311164 0.152712 0.00604695
52 0.478657 0.872109 0.941265 0.255782 0.00602636
37 0.662813 0.852315 0.674375 0.214117 0.00590095
27 0.5 0.876471 1 0.204861 0.00527826
28 0.68775 0.792979 0.624501 0.414041 0.00512373
27 0.612237 0.862612 0.775526 0.274776 0.0050596
34 0.586405 0.8737 0.82719 0.252599 0.00498456
35 0.728031 0.817314 0.543938 0.365371 0.00471735
28 0.614159 0.852838 0.771682 0.294324 0.00462618
54 0.5 0.876471 1 0.204861 0.00458181
73 0.145266 0.966745 0.202085 0.0517563 0.00444427
27 0.5 0.850261 1 0.299478 0.00442374
32 0.669915 0.862241 0.66017 0.275518 0.00438488
34 0.478657 0.872109 0.941265 0.255782 0.00434846
11 0.5 0.757134 1 0.485733 0.0042958
73 0.390259 0.954338 0.31706 0.0913231 0.00428531
27 0.506196 0.750821 0.987608 0.498358 0.00427678
27 0.5 0.860853 1 0.278294 0.00425959
27 0.609765 0.863611 0.78047 0.200135 0.00411206
27 0.48996 0.604075 0.979919 0.493814 0.00406462
0 0.542647 0.33918 0.914707 0.623367 0.00406423
0 0.662813 0.852315 0.674375 0.214117 0.00405839
34 0.728803 0.825643 0.542394 0.348714 0.00403842
54 0.647875 0.85232 0.704251 0.210271 0.00394288
34 0.662813 0.852315 0.674375 0.214117 0.00391924
73 0.427314 0.944351 0.237876 0.111299 0.00380206
34 0.726941 0.872137 0.546118 0.255725 0.00379026
27 0.5 0.590552 1 0.630439 0.00376353
73 0.406672 0.897524 0.14013 0.146796 0.00373012
54 0.623594 0.891442 0.752811 0.217116 0.00367722
0 0.649836 0.862472 0.700329 0.275057 0.00363779
73 0.127342 0.949849 0.254685 0.100302 0.00360364
35 0.725367 0.854795 0.549266 0.234959 0.00356463
46 0.669915 0.862241 0.66017 0.275518 0.0034838
28 0.6169 0.775023 0.7662 0.449953 0.00337487
73 0.110378 0.962518 0.220757 0.0749641 0.00320747
73 0.378811 0.908616 0.250553 0.121763 0.00315583
37 0.725367 0.854795 0.549266 0.234959 0.00310495
27 0.651437 0.837564 0.697126 0.324871 0.0030196
0 0.678606 0.901461 0.642789 0.197077 0.00301322
73 0.432027 0.947094 0.343319 0.105811 0.00297076
73 0.304722 0.959044 0.442524 0.0819124 0.00293994
54 0.5 0.850261 1 0.299478 0.00293112
73 0.184251 0.963976 0.197932 0.0559704 0.00289127
35 0.678606 0.901461 0.642789 0.197077 0.00285164
54 0.655335 0.514581 0.68933 0.57843 0.00282943
27 0.389134 0.40557 0.778268 0.612084 0.00279239
73 0.412992 0.697009 0.0977772 0.105982 0.00278515
27 0.5 0.700287 1 0.599426 0.00274909
52 0.654904 0.765364 0.690192 0.469272 0.00271481
63 0.360092 0.663353 0.073856 0.0970314 0.00267443
73 0.324474 0.763153 0.278647 0.134303 0.0026603
73 0.33634 0.945136 0.359261 0.109727 0.00264862
37 0.609765 0.863611 0.78047 0.200135 0.00259939
73 0.360092 0.663353 0.073856 0.0970314 0.0025962
46 0.612237 0.862612 0.775526 0.274776 0.00258425
54 0.626426 0.676217 0.747148 0.550688 0.00254774
73 0.398996 0.613993 0.0718794 0.0337562 0.00246936
63 0.412992 0.697009 0.0977772 0.105982 0.00246522
35 0.437453 0.899213 0.874906 0.201574 0.00243846
73 0.41527 0.664652 0.101744 0.0916395 0.0024325
63 0.398996 0.613993 0.0718794 0.0337562 0.00238207
27 0.626426 0.676217 0.747148 0.550688 0.00237939
33 0.552146 0.263886 0.895707 0.527772 0.00234228
73 0.377067 0.881006 0.223974 0.128379 0.00233379
37 0.5 0.817923 1 0.364154 0.00229746
34 0.505015 0.854202 0.989969 0.291597 0.00217855
37 0.506745 0.65515 0.98651 0.60377 0.00217685
32 0.612237 0.862612 0.775526 0.274776 0.00216386
73 0.382834 0.891445 0.108705 0.152872 0.0021565
73 0.423758 0.575406 0.121854 0.0453433 0.00214103
54 0.454809 0.704319 0.909618 0.591362 0.00212514
63 0.360493 0.621932 0.0707799 0.0810776 0.0021241
37 0.5 0.87242 1 0.194941 0.00211248
27 0.587105 0.706544 0.825791 0.586912 0.00208929
52 0.501575 0.898217 0.99685 0.203567 0.00208515
20 0.616837 0.794463 0.766326 0.411074 0.00205377
52 0.5 0.558694 1 0.584049 0.0020338
52 0.472258 0.445456 0.944516 0.617304 0.00202149
73 0.371115 0.707181 0.105843 0.118829 0.00202107
63 0.407205 0.588145 0.0870965 0.0241778 0.00200921
73 0.407205 0.588145 0.0870965 0.0241778 0.00199759
63 0.41527 0.664652 0.101744 0.0916395 0.00199607
0 0.609765 0.863611 0.78047 0.200135 0.00199029
63 0.371115 0.707181 0.105843 0.118829 0.00198647
73 0.109087 0.97118 0.169887 0.0508505 0.00198597
63 0.332509 0.626965 0.14713 0.132878 0.0019269
73 0.360493 0.621932 0.0707799 0.0810776 0.00191969
52 0.5 0.849965 1 0.30007 0.00189161
20 0.662813 0.852315 0.674375 0.214117 0.00187257
52 0.538881 0.798028 0.922239 0.403943 0.00185865
35 0.586405 0.8737 0.82719 0.252599 0.00184283
63 0.110378 0.962518 0.220757 0.0749641 0.00184256
63 0.324474 0.763153 0.278647 0.134303 0.00182062
73 0.332509 0.626965 0.14713 0.132878 0.00181043
27 0.5 0.817923 1 0.364154 0.00180152
73 0.42758 0.963196 0.228622 0.0736078 0.00179258
63 0.145266 0.966745 0.202085 0.0517563 0.00177941
54 0.437453 0.899213 0.874906 0.201574 0.00177932
27 0.669915 0.862241 0.66017 0.275518 0.00176704
63 0.109087 0.97118 0.169887 0.0508505 0.00176105
73 0.34064 0.744539 0.246814 0.138984 0.00174439
73 0.415083 0.557584 0.0411596 0.0462601 0.00173977
63 0.366236 0.599051 0.0854464 0.0532087 0.00173914
54 0.609214 0.578087 0.781572 0.547254 0.00171626
54 0.40121 0.586361 0.80242 0.529139 0.00169349
54 0.690587 0.586953 0.618826 0.525891 0.00167349
63 0.321802 0.634319 0.0794349 0.1797 0.00165972
73 0.399234 0.729452 0.0783849 0.118392 0.00164843
63 0.127342 0.949849 0.254685 0.100302 0.00164509
32 0.728031 0.817314 0.543938 0.365371 0.001643
63 0.311535 0.657349 0.051054 0.176662 0.00163987
63 0.34064 0.744539 0.246814 0.138984 0.0016323
63 0.342214 0.923195 0.311164 0.152712 0.00159132
54 0.5 0.510621 1 0.58838 0.00157744
63 0.423758 0.575406 0.121854 0.0453433 0.00157192
73 0.184263 0.978317 0.167476 0.0286472 0.00156996
54 0.443468 0.491541 0.886937 0.619354 0.0015659
63 0.328534 0.703825 0.0887107 0.131361 0.00156173
35 0.538881 0.798028 0.922239 0.403943 0.00155741
73 0.366236 0.599051 0.0854464 0.0532087 0.00154325
54 0.61944 0.73413 0.761121 0.53174 0.00153011
17 0.5 0.510621 1 0.58838 0.00152069
73 0.459886 0.681375 0.125451 0.141689 0.00151566
54 0.5 0.735071 1 0.529858 0.00150353
66 0.423758 0.575406 0.121854 0.0453433 0.00150236
73 0.221484 0.967309 0.19389 0.0653828 0.00149274
73 0.350704 0.735082 0.136759 0.126252 0.00148988
63 0.350704 0.735082 0.136759 0.126252 0.0014886
33 0.635 0.199468 0.729999 0.398935 0.00148734
30 0.504915 0.79777 0.990171 0.40446 0.00148481
32 0.662813 0.852315 0.674375 0.214117 0.00146687
28 0.669915 0.862241 0.66017 0.275518 0.00145668
28 0.506745 0.65515 0.98651 0.60377 0.00145468
73 0.392446 0.591662 0.139143 0.106624 0.00144187
54 0.5 0.655156 1 0.594697 0.00143814
28 0.5 0.817923 1 0.364154 0.00142682
28 0.505015 0.854202 0.989969 0.291597 0.0014146
35 0.623594 0.891442 0.752811 0.217116 0.00140315
0 0.623594 0.891442 0.752811 0.217116 0.0013938
67 0.688212 0.787862 0.623576 0.424277 0.00138402
73 0.417344 0.874774 0.234402 0.13526 0.0013788
54 0.612237 0.862612 0.775526 0.274776 0.00137818
73 0.354554 0.592307 0.140162 0.113221 0.0013746
32 0.654904 0.765364 0.690192 0.469272 0.0013347
73 0.441707 0.702509 0.0901871 0.126949 0.00131378
73 0.311535 0.657349 0.051054 0.176662 0.00130808
0 0.725367 0.854795 0.549266 0.234959 0.00129002
63 0.399234 0.729452 0.0783849 0.118392 0.0012849
73 0.321802 0.634319 0.0794349 0.1797 0.00127769
73 0.27831 0.92791 0.36057 0.14418 0.00127125
20 0.609765 0.863611 0.78047 0.200135 0.00125879
0 0.612237 0.862612 0.775526 0.274776 0.00125709
27 0.538899 0.659316 0.922201 0.590351 0.00124025
54 0.28893 0.871419 0.57786 0.205799 0.00123924
46 0.616837 0.794463 0.766326 0.411074 0.00123417
17 0.65524 0.601308 0.68952 0.49615 0.00122964
35 0.61944 0.73413 0.761121 0.53174 0.00122821
66 0.415083 0.557584 0.0411596 0.0462601 0.00122371
54 0.60911 0.463966 0.78178 0.596146 0.00121877
73 0.364974 0.906247 0.172108 0.129346 0.00121334
28 0.586405 0.8737 0.82719 0.252599 0.00120318
67 0.609765 0.863611 0.78047 0.200135 0.00120136
66 0.442253 0.569205 0.162277 0.111209 0.00119051
54 0.678606 0.901461 0.642789 0.197077 0.00118619
32 0.616837 0.794463 0.766326 0.411074 0.00117463
63 0.359616 0.760038 0.168834 0.127447 0.001174
28 0.478657 0.872109 0.941265 0.255782 0.00117382
73 0.328534 0.703825 0.0887107 0.131361 0.0011476
66 0.450692 0.563082 0.192468 0.089292 0.00114411
73 0.184806 0.943136 0.268994 0.113729 0.00114378
52 0.5 0.655156 1 0.594697 0.00114292
63 0.378811 0.908616 0.250553 0.121763 0.00114283
28 0.726941 0.872137 0.546118 0.255725 0.00113565
13 0.805354 0.98167 0.171316 0.0262939 0.00113317
67 0.5 0.590552 1 0.630439 0.0011318
28 0.0856836 0.194896 0.171367 0.389792 0.00112879
63 0.0794251 0.967798 0.15885 0.0420538 0.00112832
73 0.442253 0.569205 0.162277 0.111209 0.00112465
73 0.436898 0.65069 0.0786462 0.118254 0.00112414
67 0.647875 0.85232 0.704251 0.210271 0.00112218
63 0.415083 0.557584 0.0411596 0.0462601 0.00111911
75 0.5 0.590552 1 0.630439 0.00111908
52 0.415704 0.897134 0.831408 0.205733 0.00111762
73 0.144799 0.979022 0.177128 0.0345352 0.00111756
55 0.612237 0.862612 0.775526 0.274776 0.00110808
73 0.142025 0.906479 0.284049 0.187042 0.00110525
63 0.406672 0.897524 0.14013 0.146796 0.00110459
37 0.729474 0.907251 0.541051 0.185498 0.00110099
73 0.370863 0.554056 0.256083 0.155955 0.00109407
54 0.68775 0.792979 0.624501 0.414041 0.00109378
0 0.65524 0.601308 0.68952 0.49615 0.00109178
35 0.5 0.558694 1 0.584049 0.00109124
34 0.609765 0.863611 0.78047 0.200135 0.00108707
17 0.5 0.860853 1 0.278294 0.00108212
73 0.357289 0.859812 0.279001 0.119524 0.00108138
52 0.186966 0.897455 0.373932 0.205089 0.00108078
63 0.392446 0.591662 0.139143 0.106624 0.00107905
73 0.119006 0.941823 0.238012 0.116354 0.00107121
73 0.328573 0.965214 0.371299 0.0695728 0.00107107
73 0.359616 0.760038 0.168834 0.127447 0.00106433
73 0.415858 0.597264 0.0378397 0.0655617 0.00106284
17 0.649836 0.862472 0.700329 0.275057 0.00105855
27 0.540648 0.847396 0.918704 0.305208 0.00102985
46 0.662813 0.852315 0.674375 0.214117 0.00102773
75 0.536061 0.778467 0.927878 0.443065 0.00101697
73 0.466361 0.956329 0.238885 0.0873415 0.00101665
63 0.119006 0.941823 0.238012 0.116354 0.00101224
13 0.773194 0.980842 0.157912 0.0277672 0.00100762
73 0.450692 0.563082 0.192468 0.089292 0.0010052
32 0.726941 0.872137 0.546118 0.255725 0.00100002
