62 0.529562 0.634934 0.82204 0.730133 0.0148745
74 0.623098 0.790358 0.753804 0.419284 0.0094285
62 0.593268 0.589387 0.813464 0.793269 0.00692049
62 0.592003 0.727886 0.815995 0.544229 0.00661671
74 0.534237 0.763746 0.810378 0.472507 0.00574476
62 0.378427 0.49644 0.756853 0.807611 0.00544021
62 0.285296 0.476102 0.570592 0.905758 0.0050078
62 0.498692 0.529119 0.796821 0.760972 0.0047946
74 0.627883 0.795403 0.744233 0.409195 0.00460821
62 0.623098 0.790358 0.753804 0.419284 0.00439608
62 0.770073 0.538211 0.459854 0.764193 0.00429502
62 0.644685 0.632703 0.71063 0.734593 0.00419772
62 0.357222 0.69292 0.714445 0.61416 0.00404307
74 0.305496 0.68397 0.610992 0.632059 0.00403637
74 0.646206 0.836379 0.707588 0.327241 0.00402075
62 0.438217 0.676235 0.756873 0.64753 0.00385633
62 0.771815 0.661811 0.45637 0.676378 0.00357306
62 0.386313 0.631788 0.772625 0.736423 0.00335661
62 0.44586 0.411531 0.743051 0.819779 0.00323895
62 0.749236 0.620692 0.501528 0.704287 0.00256518
38 0.30331 0.268637 0.60662 0.537274 0.00247452
54 0.723787 0.366011 0.552425 0.732021 0.00234342
38 0.349219 0.325591 0.698438 0.549068 0.00223437
73 0.0646102 0.964815 0.0638115 0.0703696 0.00223264
54 0.757372 0.840322 0.485255 0.246366 0.00221714
38 0.216614 0.267633 0.433228 0.535266 0.00219592
62 0.286991 0.595671 0.573982 0.777772 0.00212082
74 0.601283 0.817444 0.797434 0.290089 0.00206196
74 0.31826 0.736256 0.534411 0.527487 0.00192264
74 0.356759 0.724878 0.713518 0.550244 0.00185663
62 0.38084 0.736199 0.761681 0.527601 0.00159508
62 0.697421 0.686448 0.605158 0.627103 0.00152621
73 0.0518204 0.917706 0.040803 0.164588 0.0014438
62 0.627883 0.795403 0.744233 0.409195 0.00142449
74 0.359057 0.627546 0.718115 0.744908 0.0013839
62 0.801289 0.529027 0.397422 0.602316 0.00131994
54 0.758205 0.858192 0.48359 0.283615 0.00131395
38 0.617506 0.266922 0.643204 0.533844 0.00127625
74 0.520758 0.67266 0.812108 0.65468 0.00123757
63 0.940464 0.968022 0.105817 0.0639568 0.00122479
3 0.304603 0.782233 0.609205 0.435534 0.00111616
3 0.302428 0.816016 0.604857 0.367969 0.00110209
30 0.731979 0.275484 0.167075 0.216367 0.00110123
3 0.623098 0.790358 0.753804 0.419284 0.00109938
73 0.0695291 0.983981 0.0732275 0.0320386 0.00106943
62 0.227858 0.578288 0.455715 0.843425 0.00106457
62 0.512788 0.364616 0.726845 0.729231 0.00105324
62 0.314963 0.370238 0.629925 0.740476 0.00104588
73 0.928951 0.149967 0.0574328 0.0758715 0.00104216
74 0.25472 0.713033 0.509439 0.573934 0.00103426
38 0.811935 0.26802 0.37613 0.53604 0.00102654
73 0.0463406 0.966986 0.0720536 0.0425624 0.00101057
