0 0.506822 0.499816 0.980622 0.962939 0.947194
54 0.637532 0.429416 0.230819 0.112859 0.525653
39 0.418829 0.926137 0.147515 0.143131 0.443561
53 0.637033 0.429465 0.231502 0.113376 0.260096
48 0.637735 0.429627 0.231926 0.113602 0.209359
56 0.0230505 0.563937 0.0440027 0.2756 0.151298
56 0.0377182 0.555054 0.0740465 0.258235 0.0913
74 0.881298 0.609656 0.0771899 0.0376218 0.0803277
56 0.0471681 0.52355 0.08875 0.200579 0.0736515
55 0.63643 0.429185 0.2309 0.113356 0.0595983
74 0.884804 0.593738 0.100115 0.0730129 0.0574207
52 0.636817 0.42917 0.232164 0.113636 0.0475412
74 0.884441 0.608071 0.0936817 0.0450968 0.0443065
56 0.0652583 0.627909 0.127535 0.402395 0.0394292
56 0.0633565 0.70811 0.126713 0.557057 0.0353417
56 0.28205 0.707933 0.559463 0.557852 0.0314441
0 0.978143 0.109692 0.043714 0.137057 0.0303033
56 0.0287181 0.624753 0.0567697 0.394977 0.0238241
56 0.069835 0.836872 0.138581 0.311948 0.022876
56 0.0395335 0.688744 0.079067 0.524733 0.0209151
77 0.637735 0.429627 0.231926 0.113602 0.0208205
57 0.289889 0.708202 0.576858 0.558544 0.018347
0 0.977692 0.18521 0.0446167 0.292292 0.0179006
57 0.507788 0.747999 0.984424 0.483187 0.0163073
57 0.509486 0.885892 0.967557 0.205423 0.0160958
56 0.395041 0.83485 0.783296 0.312511 0.0120012
57 0.297775 0.802535 0.590695 0.373768 0.0116069
56 0.297775 0.802535 0.590695 0.373768 0.0115564
56 0.507788 0.747999 0.984424 0.483187 0.010447
26 0.0842703 0.789635 0.165584 0.176698 0.0103193
41 0.415942 0.926148 0.142363 0.14282 0.0102814
57 0.395041 0.83485 0.783296 0.312511 0.00900972
40 0.422188 0.926125 0.152871 0.143733 0.00892261
26 0.0820273 0.846307 0.162182 0.307386 0.00772953
56 0.134722 0.572849 0.269445 0.299061 0.00728187
56 0.0393684 0.859009 0.0773825 0.274137 0.0070574
56 0.0236087 0.527077 0.0472175 0.227779 0.00673443
56 0.03057 0.889688 0.0609702 0.21563 0.0067113
57 0.0780132 0.834681 0.156026 0.313329 0.00566983
46 0.637159 0.429261 0.231597 0.113338 0.00526288
26 0.0763685 0.784926 0.149957 0.23949 0.00456026
74 0.41148 0.0946504 0.0532011 0.0430914 0.00450534
27 0.636817 0.42917 0.232164 0.113636 0.00425708
56 0.509486 0.885892 0.967557 0.205423 0.0041064
56 0.031526 0.52668 0.0445834 0.212303 0.00409603
56 0.0818983 0.791613 0.161683 0.213957 0.00409165
56 0.259648 0.839794 0.519297 0.308482 0.00397953
62 0.0225189 0.580902 0.0428442 0.308151 0.00391799
56 0.0460251 0.493348 0.0916266 0.138353 0.00389212
57 0.025712 0.552466 0.047646 0.252281 0.00388753
24 0.0818983 0.791613 0.161683 0.213957 0.00376627
57 0.0880358 0.705875 0.176072 0.558044 0.00357801
57 0.259648 0.839794 0.519297 0.308482 0.0034523
56 0.0811271 0.673135 0.162254 0.498008 0.00335926
24 0.0820273 0.846307 0.162182 0.307386 0.0032815
26 0.0707565 0.731732 0.139774 0.518676 0.00327101
56 0.0391783 0.524482 0.065504 0.218523 0.00324786
54 0.42533 0.311027 0.0972381 0.0592675 0.00308323
0 0.676347 0.493269 0.647193 0.926876 0.00268373
57 0.0365454 0.532148 0.0679557 0.213935 0.00260469
74 0.89531 0.587218 0.0843474 0.0675933 0.00250286
28 0.0230505 0.563937 0.0440027 0.2756 0.0024941
56 0.0263727 0.854943 0.0527455 0.15572 0.00246197
0 0.538489 0.292997 0.919387 0.552715 0.00241664
75 0.418829 0.926137 0.147515 0.143131 0.0022977
56 0.231964 0.621215 0.463927 0.47837 0.00227642
0 0.894786 0.1778 0.210429 0.298135 0.00223303
74 0.866805 0.60727 0.113023 0.0443231 0.00222883
14 0.63774 0.429668 0.234392 0.115033 0.00211048
28 0.0787821 0.832375 0.157216 0.3139 0.00209644
56 0.0451062 0.587096 0.0886393 0.322403 0.00208148
56 0.0653107 0.79421 0.130621 0.155312 0.00205782
39 0.88429 0.59183 0.103172 0.0779221 0.0019713
49 0.63643 0.429185 0.2309 0.113356 0.00193882
60 0.0225189 0.580902 0.0428442 0.308151 0.00192991
26 0.422188 0.926125 0.152871 0.143733 0.00187212
56 0.214249 0.678025 0.402073 0.246865 0.0018037
56 0.0227756 0.516934 0.0409106 0.179592 0.00178206
0 0.508527 0.775435 0.982946 0.430041 0.00177383
27 0.283097 0.581528 0.123836 0.134255 0.00176388
0 0.298156 0.731125 0.581016 0.517215 0.00171629
15 0.63774 0.429668 0.234392 0.115033 0.00166288
62 0.0275225 0.638016 0.0540229 0.42772 0.00162235
28 0.298156 0.731125 0.581016 0.517215 0.00161412
27 0.272772 0.593975 0.151204 0.136797 0.0016014
26 0.315518 0.817066 0.62332 0.348811 0.00152978
56 0.0787095 0.71601 0.154309 0.362022 0.00147563
39 0.884814 0.605961 0.0949616 0.0482817 0.00147253
51 0.636817 0.42917 0.232164 0.113636 0.00143918
69 0.0223061 0.58074 0.0420703 0.304708 0.0013788
60 0.513081 0.890479 0.958847 0.195685 0.0013456
0 0.513081 0.890479 0.958847 0.195685 0.00133985
0 0.552085 0.0325635 0.296469 0.0593283 0.00127926
48 0.655923 0.492904 0.284045 0.245118 0.00126645
26 0.298156 0.731125 0.581016 0.517215 0.00125051
39 0.896261 0.571125 0.189367 0.218566 0.00123435
0 0.50267 0.838318 0.994661 0.300151 0.00123408
28 0.0707565 0.731732 0.139774 0.518676 0.00122547
47 0.63643 0.429185 0.2309 0.113356 0.00120312
0 0.980565 0.121663 0.036518 0.105356 0.00119603
26 0.453637 0.833139 0.899033 0.310192 0.00118807
26 0.507969 0.884852 0.97455 0.208092 0.00117147
24 0.0707565 0.731732 0.139774 0.518676 0.00115514
28 0.395041 0.83485 0.783296 0.312511 0.00114405
67 0.884441 0.608071 0.0936817 0.0450968 0.00114363
59 0.509486 0.885892 0.967557 0.205423 0.00114346
57 0.0477585 0.502166 0.0894559 0.157298 0.00111663
56 0.385386 0.635454 0.744734 0.701201 0.00111401
26 0.0787095 0.71601 0.154309 0.362022 0.00110793
16 0.63774 0.429668 0.234392 0.115033 0.00110069
0 0.978548 0.0865935 0.040414 0.0963208 0.00108647
40 0.636817 0.42917 0.232164 0.113636 0.00105384
59 0.0230505 0.563937 0.0440027 0.2756 0.00102305
56 0.275812 0.625246 0.179124 0.0952056 0.00101346
0 0.429761 0.92621 0.167224 0.145429 0.0010131
