63 0.683042 0.393181 0.591502 0.584453 0.906718
63 0.605934 0.438222 0.750056 0.678277 0.791119
0 0.700501 0.330782 0.135739 0.172206 0.553994
63 0.56201 0.529284 0.875979 0.852257 0.321939
62 0.613707 0.438781 0.767966 0.678278 0.0997088
67 0.675045 0.397041 0.582301 0.593218 0.0377896
62 0.562631 0.543407 0.874739 0.824812 0.0317933
60 0.56197 0.542127 0.873016 0.825 0.0266127
62 0.694787 0.329154 0.272912 0.21624 0.0235244
62 0.675045 0.397041 0.582301 0.593218 0.0219908
73 0.605934 0.438222 0.750056 0.678277 0.0218986
28 0.683809 0.392265 0.593864 0.591874 0.0172805
67 0.367646 0.332864 0.0470017 0.05334 0.015597
67 0.694787 0.329154 0.272912 0.21624 0.0104867
62 0.671069 0.310258 0.332269 0.252288 0.00935346
63 0.694787 0.329154 0.272912 0.21624 0.00829867
0 0.72748 0.332714 0.18837 0.183037 0.00824019
73 0.682828 0.392771 0.591937 0.588474 0.00669774
64 0.0200726 0.353011 0.0389963 0.0719126 0.0066188
65 0.36752 0.332709 0.0476065 0.0519135 0.00565737
65 0.558988 0.326922 0.0707496 0.200632 0.00552949
65 0.681474 0.326186 0.31477 0.204278 0.00521925
66 0.682302 0.395475 0.590098 0.582024 0.00515142
67 0.723011 0.336571 0.199176 0.193352 0.00428683
60 0.615365 0.43348 0.769101 0.68552 0.0041309
63 0.352248 0.444646 0.244801 0.647691 0.00404382
67 0.614904 0.448516 0.770191 0.661184 0.00329104
62 0.720218 0.335984 0.192952 0.186009 0.00294688
13 0.56197 0.542127 0.873016 0.825 0.00283968
73 0.559271 0.544437 0.867411 0.821285 0.00283176
73 0.319949 0.442262 0.176672 0.655903 0.00282699
63 0.720295 0.336782 0.195496 0.189768 0.002574
59 0.56197 0.542127 0.873016 0.825 0.00249442
15 0.694688 0.330256 0.124681 0.172082 0.00247487
67 0.671069 0.310258 0.332269 0.252288 0.00230184
67 0.318793 0.131943 0.0613022 0.0283193 0.00224736
67 0.632657 0.32854 0.0191872 0.0564735 0.0022099
0 0.646927 0.324971 0.246571 0.200784 0.00185078
66 0.615365 0.43348 0.769101 0.68552 0.00176468
62 0.633066 0.268697 0.430768 0.333264 0.00166848
16 0.694859 0.330266 0.1243 0.172264 0.001607
56 0.613707 0.438781 0.767966 0.678278 0.00160334
0 0.606813 0.438665 0.758828 0.676334 0.00159189
57 0.56197 0.542127 0.873016 0.825 0.00153869
73 0.687467 0.334077 0.326929 0.198904 0.00153732
68 0.613707 0.438781 0.767966 0.678278 0.00153619
66 0.062712 0.532917 0.12491 0.321252 0.00151786
67 0.560183 0.327421 0.0735493 0.198368 0.00142893
32 0.0647386 0.77382 0.066341 0.0832698 0.0014036
65 0.68358 0.392291 0.593696 0.582524 0.00134963
64 0.36752 0.332709 0.0476065 0.0519135 0.00134164
67 0.650123 0.327042 0.252888 0.203702 0.00133237
65 0.318793 0.131943 0.0613022 0.0283193 0.00125328
32 0.761631 0.339285 0.0544474 0.0823189 0.00122875
73 0.382644 0.442213 0.302746 0.662559 0.00121832
66 0.699195 0.324847 0.35219 0.212117 0.00121284
2 0.561442 0.525043 0.877115 0.863435 0.00116602
15 0.682302 0.395475 0.590098 0.582024 0.00116438
71 0.0197139 0.353146 0.0387647 0.0722513 0.0011566
68 0.682828 0.392771 0.591937 0.588474 0.00112534
65 0.0193764 0.353389 0.0381609 0.0722555 0.00110814
28 0.613707 0.438781 0.767966 0.678278 0.00110385
57 0.61538 0.429025 0.769239 0.698672 0.00107089
41 0.613707 0.438781 0.767966 0.678278 0.00106961
41 0.683551 0.394486 0.595761 0.588666 0.00105286
56 0.56197 0.542127 0.873016 0.825 0.00103113
