53 0.513696 0.524845 0.960314 0.87914 0.941256
0 0.180482 0.207457 0.359891 0.412711 0.707081
41 0.0307053 0.586524 0.0609547 0.373858 0.388276
56 0.925272 0.0948096 0.0859158 0.185998 0.3387
56 0.772663 0.066234 0.063975 0.131053 0.293443
0 0.179686 0.385561 0.358918 0.767155 0.274878
41 0.0312519 0.681935 0.0625038 0.185229 0.161179
56 0.851376 0.0938331 0.225849 0.183689 0.132325
60 0.191574 0.858248 0.381876 0.262513 0.117168
60 0.958018 0.253507 0.0839645 0.235084 0.11159
56 0.819626 0.0918476 0.158538 0.182323 0.103284
41 0.839501 0.896554 0.193824 0.201495 0.0932796
60 0.554157 0.523359 0.891686 0.920124 0.083306
60 0.483423 0.851575 0.9638 0.273236 0.069816
41 0.869387 0.881664 0.259077 0.228491 0.0588176
41 0.868551 0.823576 0.255485 0.347294 0.0574166
60 0.957442 0.314193 0.0847069 0.357024 0.0490161
56 0.944422 0.0935007 0.110336 0.185182 0.0453453
60 0.64091 0.810229 0.716991 0.359284 0.0349284
0 0.847436 0.0941365 0.0987492 0.185538 0.0345219
42 0.337756 0.960484 0.110467 0.056142 0.0333409
56 0.846816 0.0951286 0.0987282 0.187351 0.0300375
56 0.912442 0.0843463 0.0601337 0.154448 0.0281347
60 0.404971 0.508687 0.806922 0.952011 0.0263939
39 0.868715 0.823596 0.255883 0.345058 0.025553
56 0.885635 0.0957113 0.16613 0.185976 0.0253285
60 0.563528 0.937088 0.379941 0.109311 0.0247611
39 0.838942 0.8978 0.192154 0.199223 0.0241574
42 0.965202 0.897637 0.0686115 0.106397 0.023049
39 0.848057 0.0946602 0.0998928 0.186367 0.0215892
60 0.95824 0.528889 0.0819683 0.781638 0.0203151
60 0.556177 0.061202 0.288553 0.118539 0.0184211
60 0.627364 0.871867 0.742046 0.234016 0.018109
60 0.191183 0.709329 0.381633 0.559018 0.0171102
39 0.0307053 0.586524 0.0609547 0.373858 0.0140373
56 0.371649 0.0529388 0.0912592 0.104374 0.0138156
60 0.53312 0.740028 0.93376 0.493179 0.0129316
56 0.957852 0.25523 0.0834581 0.236623 0.0126882
41 0.933557 0.720218 0.0955526 0.113394 0.0120834
41 0.96443 0.86729 0.069944 0.162191 0.0113383
41 0.113803 0.396028 0.226233 0.753 0.0108415
41 0.939948 0.889504 0.119243 0.214069 0.0103342
56 0.957442 0.314193 0.0847069 0.357024 0.00914082
41 0.847436 0.0941365 0.0987492 0.185538 0.00886151
60 0.113298 0.856315 0.225142 0.262261 0.00884926
39 0.863253 0.879351 0.244386 0.233714 0.00828129
42 0.963153 0.86154 0.0736948 0.158597 0.0079734
41 0.927056 0.811929 0.143666 0.338498 0.00776181
41 0.942896 0.531597 0.11359 0.797768 0.00728825
56 0.618341 0.0361451 0.0618902 0.0709921 0.00719023
41 0.93804 0.728762 0.113406 0.180935 0.0070307
40 0.868715 0.823596 0.255883 0.345058 0.00679496
42 0.982677 0.884297 0.0346453 0.0828656 0.00636628
60 0.957337 0.393317 0.0847492 0.509013 0.00609425
0 0.95087 0.0913921 0.0971899 0.182667 0.00602496
56 0.957337 0.393317 0.0847492 0.509013 0.00571734
56 0.549924 0.0536153 0.276226 0.104592 0.00567237
56 0.663415 0.0546709 0.150896 0.108425 0.00532511
56 0.926481 0.103895 0.0756287 0.146759 0.00524035
53 0.612953 0.248078 0.38042 0.318558 0.00483656
41 0.020531 0.569361 0.0408386 0.377381 0.00478423
0 0.981042 0.0813818 0.0373892 0.159581 0.00467867
40 0.0307577 0.58492 0.0606488 0.37573 0.00451043
60 0.958123 0.204448 0.0834511 0.115133 0.00450742
41 0.923845 0.806942 0.110742 0.0827937 0.00434819
0 0.179904 0.0894896 0.35952 0.176634 0.00429893
42 0.940115 0.965074 0.118233 0.0698514 0.00414833
40 0.869219 0.881278 0.256719 0.231128 0.00405881
43 0.965262 0.894211 0.0686733 0.114192 0.00386778
60 0.513586 0.929581 0.494603 0.124356 0.00385544
0 0.820082 0.094038 0.158701 0.186871 0.00383976
43 0.981358 0.881223 0.0372499 0.0763953 0.00381258
60 0.854758 0.0947361 0.234485 0.183402 0.00379866
41 0.0112036 0.569681 0.0220556 0.266818 0.00379661
40 0.839034 0.896523 0.19117 0.19942 0.00365633
56 0.905364 0.099117 0.0665472 0.183228 0.00351349
40 0.0312519 0.681935 0.0625038 0.185229 0.00325552
56 0.706918 0.058637 0.0863193 0.115698 0.00323066
56 0.685207 0.055972 0.0958107 0.111369 0.00316992
56 0.949149 0.102847 0.0355045 0.165552 0.00312564
42 0.965244 0.838733 0.0695113 0.102642 0.00307989
41 0.676089 0.813315 0.646474 0.3568 0.0030486
41 0.943189 0.954696 0.11245 0.0894185 0.00302985
41 0.868398 0.557054 0.263203 0.863782 0.00296617
41 0.915884 0.818964 0.129463 0.105423 0.00294891
53 0.424241 0.684988 0.574692 0.560211 0.00281522
40 0.941402 0.891732 0.116591 0.210923 0.00270456
44 0.964381 0.88219 0.0712387 0.136631 0.00267002
42 0.969724 0.831412 0.0604595 0.0780893 0.00262094
43 0.33753 0.960056 0.109229 0.0590538 0.00259447
39 0.0312519 0.681935 0.0625038 0.185229 0.00257856
56 0.626657 0.0406057 0.0560775 0.0810332 0.00250188
40 0.931227 0.553833 0.137247 0.845511 0.00246596
0 0.0773391 0.0858133 0.153926 0.168393 0.0023905
0 0.88233 0.09483 0.174959 0.188289 0.00237104
41 0.0314797 0.58898 0.0629594 0.366314 0.00225976
60 0.188775 0.521348 0.375798 0.924567 0.00224653
41 0.0312358 0.707738 0.061882 0.128677 0.00221792
42 0.927121 0.763608 0.0952744 0.0561269 0.00215194
0 0.981722 0.0588474 0.0361805 0.116244 0.00214291
42 0.921981 0.75538 0.0689446 0.0508071 0.00212306
40 0.676089 0.813315 0.646474 0.3568 0.00206083
39 0.927056 0.811929 0.143666 0.338498 0.00205237
42 0.939553 0.95068 0.120561 0.0965708 0.00204679
60 0.105843 0.772467 0.210209 0.439382 0.00204074
41 0.938454 0.656627 0.120589 0.342646 0.00203508
40 0.945988 0.489008 0.106998 0.714249 0.00202718
39 0.676089 0.813315 0.646474 0.3568 0.00185397
41 0.0257567 0.611669 0.0511786 0.264099 0.0018262
42 0.975349 0.898873 0.0490093 0.0982113 0.00174797
56 0.759672 0.0665749 0.0910421 0.132455 0.00172836
0 0.438352 0.502163 0.871114 0.940431 0.00172591
56 0.719946 0.0609315 0.0693442 0.121309 0.00172323
39 0.931227 0.553833 0.137247 0.845511 0.00170505
0 0.957908 0.254284 0.0838966 0.235146 0.00167683
40 0.927056 0.811929 0.143666 0.338498 0.00165659
56 0.385244 0.0537961 0.0641546 0.10311 0.00164717
41 0.69777 0.950496 0.107773 0.0959657 0.00162473
42 0.310428 0.958407 0.168122 0.0671477 0.00161228
60 0.925541 0.540476 0.148918 0.830702 0.00161061
53 0.686664 0.654951 0.371535 0.50445 0.00161016
39 0.113803 0.396028 0.226233 0.753 0.00159651
0 0.0828143 0.200407 0.164311 0.39494 0.00156519
39 0.939948 0.889504 0.119243 0.214069 0.00154552
42 0.925362 0.732165 0.0767233 0.0883372 0.00151777
0 0.504377 0.0536815 0.359311 0.106012 0.0014998
41 0.9397 0.586252 0.117873 0.522616 0.00149173
43 0.963153 0.86154 0.0736948 0.158597 0.00148171
39 0.945988 0.489008 0.106998 0.714249 0.00147462
42 0.952134 0.923247 0.0957323 0.147281 0.00145686
56 0.960575 0.081125 0.0782688 0.161954 0.0014312
0 0.686001 0.0528159 0.0953859 0.10539 0.00138608
40 0.938852 0.717765 0.0976496 0.121888 0.00138137
56 0.981066 0.0909789 0.0366924 0.151512 0.00138003
42 0.968035 0.912177 0.0637423 0.0746819 0.00136819
40 0.963115 0.869793 0.0733978 0.157162 0.00136149
42 0.934308 0.719768 0.0965929 0.115018 0.00135162
60 0.87096 0.818233 0.256174 0.347279 0.00133726
0 0.297565 0.075452 0.127211 0.148348 0.00130582
40 0.868398 0.557054 0.263203 0.863782 0.00127673
60 0.457798 0.92543 0.676453 0.131136 0.00126722
41 0.887606 0.752221 0.213041 0.222268 0.00125617
41 0.911311 0.668817 0.172399 0.308565 0.00123951
56 0.944004 0.0929407 0.0507944 0.180001 0.00122869
75 0.945988 0.489008 0.106998 0.714249 0.00122401
0 0.372413 0.052851 0.0917155 0.103863 0.00122374
0 0.534558 0.0518797 0.241238 0.102134 0.00122285
41 0.820082 0.094038 0.158701 0.186871 0.00122175
0 0.667419 0.0563815 0.148646 0.111862 0.00120938
41 0.955321 0.8299 0.0893579 0.246198 0.00120124
53 0.560019 0.237715 0.27793 0.297707 0.00118998
56 0.953357 0.120225 0.0301479 0.123556 0.00118914
41 0.965328 0.895604 0.069175 0.112843 0.00116712
53 0.295738 0.317196 0.438619 0.365787 0.00116658
45 0.938852 0.717765 0.0976496 0.121888 0.00116587
0 0.704035 0.0552078 0.0816036 0.10988 0.00116515
75 0.0314338 0.578753 0.0618766 0.387655 0.00114536
41 0.957337 0.393317 0.0847492 0.509013 0.00113937
42 0.926345 0.800533 0.104941 0.0713521 0.0011197
53 0.535794 0.683339 0.82333 0.559671 0.00110742
39 0.868398 0.557054 0.263203 0.863782 0.00110224
42 0.979231 0.860184 0.0415373 0.0982332 0.00108996
53 0.679627 0.569381 0.361737 0.327533 0.0010899
41 0.0340472 0.572763 0.0680943 0.407525 0.00106201
56 0.607192 0.028596 0.0494762 0.0559931 0.00105834
44 0.981358 0.881223 0.0372499 0.0763953 0.00104868
42 0.353316 0.96224 0.147294 0.0712191 0.00101998
