0 0.54642 0.643573 0.334705 0.691343 0.0420088
0 7.40021e-05 0.189612 0.000148004 0.379224 0.0405871
0 0.779224 0.461169 0.441551 0.779877 0.0298329
0 0.789519 0.297274 0.420962 0.594548 0.0264613
0 0 0.270554 0 0.47883 0.0229844
0 0.333115 0.300142 0.628476 0.600284 0.0227654
0 0.244872 0.490227 0.48475 0.808755 0.0168
0 0.160444 0.18644 0.320889 0.37288 0.0128613
0 0 0.535272 0 0.445507 0.0124433
0 0.194386 0.233362 0.388772 0.466723 0.0122633
0 0.697113 0.678221 0.605774 0.643558 0.0111211
0 0.692544 0.319001 0.614911 0.638002 0.0105913
0 0 0.373457 0 0.487266 0.01039
0 0.895765 0.431087 0.20847 0.699184 0.0101698
0 0.479873 0.635797 0.53361 0.714104 0.00940499
0 0 0.776519 0 0.446962 0.00906271
0 0.00503244 0.28709 0.0100649 0.57418 0.00873083
22 0.0041014 0.580046 0.0082028 0.721225 0.00867778
0 0.0041014 0.580046 0.0082028 0.721225 0.00865206
0 0 0.638281 0 0.475293 0.00816771
0 0.795047 0.201773 0.409906 0.403546 0.0076355
0 0.000666985 0.871547 0.00133397 0.256905 0.00686455
0 0.566661 0.560485 0.314025 0.600281 0.00547913
0 0.891026 0.274121 0.217948 0.46797 0.00511491
0 0.215724 0.286832 0.428756 0.573664 0.00501412
0 0.0104385 0.43336 0.020877 0.86672 0.00423044
0 0.386542 0.170256 0.393577 0.340512 0.00420606
0 0.0732466 0.578059 0.146493 0.655734 0.00416026
22 0.0732466 0.578059 0.146493 0.655734 0.00414819
0 0.491184 0.333701 0.694441 0.667402 0.00414333
0 0.215773 0.5 0.431546 1 0.00383878
0 0.221075 0.636795 0.416334 0.673957 0.00351316
0 0.245534 0.365871 0.491067 0.731741 0.003499
0 0.00734982 0.203701 0.0146996 0.407402 0.00338241
0 0.279311 0.197954 0.487815 0.395907 0.00331569
0 0.756648 0.628558 0.486703 0.719106 0.00324902
0 0.87145 0.505031 0.257099 0.820853 0.00322926
0 0.2999 0.677152 0.569516 0.645696 0.00297555
0 0.869525 0.179602 0.26095 0.359203 0.0028289
0 0.146258 0.130321 0.292516 0.260642 0.00279641
0 0.666593 0.115382 0.300904 0.230764 0.00258645
0 0.851323 0.642753 0.297353 0.584255 0.00255746
22 0.00441706 0.706209 0.00883411 0.587582 0.00250086
0 0.839125 0.275724 0.321749 0.551448 0.00236323
22 0.134902 0.694977 0.269804 0.610047 0.00218293
0 0.839406 0.449682 0.321189 0.857376 0.0019742
0 0.114926 0.0876767 0.229853 0.175353 0.00169301
22 0.14452 0.547534 0.289041 0.827123 0.00164372
0 0.90145 0.122272 0.1971 0.244543 0.00164229
22 0.00789458 0.494103 0.0157892 0.909778 0.00164154
0 0.857822 0.763789 0.284356 0.468155 0.00161314
56 2.69383e-05 0.185171 5.38766e-05 0.370342 0.00146616
22 0.213978 0.497359 0.427957 0.925321 0.00140411
0 0.188895 0.113138 0.37779 0.226275 0.00133556
0 0.333127 0.463247 0.638889 0.823762 0.00133246
0 0.19849 0.705302 0.389502 0.589397 0.00120685
22 0.0996198 0.676161 0.19924 0.647678 0.0011771
20 0.53316 0.63822 0.355621 0.70814 0.00112897
50 0.535763 0.634044 0.352567 0.587665 0.00108746
22 0.53316 0.63822 0.355621 0.70814 0.00106069
0 0.407138 0.61564 0.531424 0.633058 0.00105941
60 0.0041014 0.580046 0.0082028 0.721225 0.0010381
22 0.479873 0.635797 0.53361 0.714104 0.00103569
0 0.799997 0.384526 0.400005 0.769053 0.00103304
0 0.590556 0.361419 0.476596 0.722839 0.00102949
0 0.050335 0.159162 0.10067 0.318324 0.00100175
