0 0.0746513 0.240909 0.149303 0.481818 0.014862
0 0.158869 0.237877 0.317738 0.475755 0.0084613
25 0.142173 0.238406 0.284347 0.476812 0.00686511
25 0.801042 0.214896 0.397916 0.429792 0.00445378
0 0.21022 0.520204 0.408512 0.959593 0.00422129
0 0.778526 0.218828 0.442948 0.437656 0.0038721
0 0.394475 0.209601 0.433727 0.419201 0.00256041
2 0.171259 0.248166 0.342518 0.496333 0.00249889
0 0.28894 0.271991 0.572666 0.543982 0.0024052
0 0.00423119 0.31507 0.00846238 0.625447 0.00237268
0 0.00518649 0.246509 0.010373 0.447611 0.00231537
0 0.298424 0.247242 0.300979 0.494485 0.00208768
25 0.179022 0.198574 0.358043 0.397148 0.00196224
2 0.792008 0.21824 0.415983 0.436481 0.00169855
0 0.712785 0.753708 0.572609 0.492583 0.00167572
0 0 0.667815 0 0.660591 0.00167033
0 0.196466 0.384515 0.392932 0.769031 0.00162616
0 0.229586 0.230309 0.447445 0.460618 0.00160992
56 0.0742269 0.309549 0.148454 0.315921 0.00151858
25 0.128288 0.176344 0.256576 0.352688 0.00142619
0 0.560203 0.191519 0.347783 0.383038 0.00137946
0 0.799492 0.753748 0.39547 0.490695 0.00135505
0 0.18146 0.603668 0.35541 0.792663 0.00123271
0 0.666215 0.165867 0.383078 0.331735 0.00120619
0 0.0829992 0.41392 0.165998 0.827841 0.00120065
0 0.201393 0.632965 0.398414 0.548339 0.00118214
0 0.675317 0.680178 0.649366 0.354244 0.00114802
