29 0.646316 0.541036 0.553255 0.473159 0.992379
16 0.474207 0.491414 0.948415 0.916979 0.931466
16 0.666675 0.528945 0.518149 0.829141 0.0718898
29 0.490218 0.488376 0.980436 0.892598 0.0353723
0 0.643293 0.503202 0.563674 0.876376 0.013748
29 0.643293 0.503202 0.563674 0.876376 0.00573933
0 0.490218 0.488376 0.980436 0.892598 0.00477785
20 0.490218 0.488376 0.980436 0.892598 0.00289872
15 0.474207 0.491414 0.948415 0.916979 0.00153252
17 0.474207 0.491414 0.948415 0.916979 0.00124231
20 0.666675 0.528945 0.518149 0.829141 0.00119367
45 0.645806 0.544604 0.555102 0.470231 0.00108865
16 0.475379 0.619174 0.90429 0.666553 0.00101084
