0 0.55036 0.447768 0.14336 0.161129 0.769693
31 0.578511 0.507238 0.0925651 0.267664 0.631233
0 0.216007 0.757591 0.0608803 0.0576432 0.214072
31 0.574697 0.581709 0.0952011 0.411987 0.130866
31 0.588831 0.374997 0.0722084 0.0761828 0.0609092
31 0.589101 0.399172 0.0741253 0.124244 0.0530738
31 0.56299 0.602868 0.0726232 0.416092 0.0429878
31 0.58917 0.424162 0.0762628 0.174679 0.0341458
0 0.201513 0.757211 0.033535 0.0575228 0.0232655
37 0.0961081 0.400873 0.0701805 0.343926 0.0201823
0 0.224467 0.759692 0.0470656 0.0563665 0.0187111
0 0.231493 0.759139 0.0319841 0.0549388 0.0155548
30 0.572873 0.584255 0.0963306 0.419246 0.0113976
31 0.560256 0.544338 0.0579702 0.180377 0.0113902
30 0.570386 0.5074 0.075221 0.265315 0.00965574
8 0.0965745 0.398572 0.0707108 0.34875 0.00902754
31 0.59002 0.509526 0.0344572 0.253594 0.00880131
8 0.580887 0.337317 0.0623945 0.176476 0.00877222
30 0.56299 0.602868 0.0726232 0.416092 0.00854799
33 0.0960579 0.402489 0.0711561 0.345632 0.00845721
0 0.239476 0.754669 0.0146864 0.0451104 0.00795457
0 0.196659 0.752275 0.0242039 0.0472778 0.00753871
8 0.573877 0.326489 0.0477104 0.161004 0.00735897
31 0.0965745 0.398572 0.0707108 0.34875 0.00704378
30 0.588831 0.374997 0.0722084 0.0761828 0.00682068
33 0.580151 0.509235 0.0912274 0.274567 0.00658992
37 0.578511 0.507238 0.0925651 0.267664 0.00639948
30 0.589101 0.399172 0.0741253 0.124244 0.00630271
31 0.578422 0.373594 0.0477409 0.0699637 0.00564116
30 0.58917 0.424162 0.0762628 0.174679 0.00540459
33 0.585457 0.386453 0.0787 0.282045 0.0052391
37 0.589445 0.376808 0.0710775 0.0785449 0.00516212
31 0.584052 0.523409 0.0391178 0.274971 0.00504035
37 0.57631 0.367727 0.041263 0.0593823 0.00502455
31 0.504825 0.501031 0.050271 0.0502327 0.00469854
31 0.511443 0.511906 0.0643911 0.0487081 0.00448176
0 0.589101 0.399172 0.0741253 0.124244 0.00422964
8 0.558205 0.326612 0.0239648 0.154752 0.00406227
31 0.550848 0.447854 0.143148 0.158948 0.00393289
0 0.580151 0.509235 0.0912274 0.274567 0.00383556
37 0.573877 0.326489 0.0477104 0.161004 0.00367087
30 0.588913 0.346099 0.072431 0.142062 0.0034599
31 0.586964 0.41674 0.0771719 0.102262 0.00332677
31 0.497874 0.497224 0.0372419 0.0596318 0.00332609
31 0.588913 0.346099 0.072431 0.142062 0.00328726
30 0.581445 0.491216 0.090809 0.304298 0.00316668
31 0.514373 0.492202 0.0685924 0.0703561 0.00307059
31 0.54482 0.506207 0.136737 0.124452 0.00302768
31 0.617398 0.4065 0.0447214 0.0492353 0.00296903
31 0.58204 0.533085 0.0273649 0.202779 0.00278559
8 0.562142 0.332185 0.0265127 0.164406 0.00269103
31 0.53087 0.469031 0.103131 0.117781 0.00266567
31 0.605661 0.434179 0.0415783 0.0975554 0.00245625
33 0.57631 0.367727 0.041263 0.0593823 0.00239885
37 0.558205 0.326612 0.0239648 0.154752 0.00231445
30 0.0965745 0.398572 0.0707108 0.34875 0.0021666
31 0.518863 0.526941 0.080052 0.103854 0.00210422
0 0.58917 0.424162 0.0762628 0.174679 0.00206542
31 0.614703 0.401014 0.0518591 0.0402604 0.00203827
31 0.615585 0.427374 0.049507 0.0979723 0.00202823
31 0.553523 0.583011 0.139079 0.415087 0.00201872
25 0.573877 0.326489 0.0477104 0.161004 0.00193256
31 0.492545 0.487591 0.0314474 0.0568526 0.00192463
8 0.588913 0.346099 0.072431 0.142062 0.00192139
0 0.589565 0.376929 0.0713141 0.0793685 0.00189704
31 0.566412 0.527506 0.0599432 0.240795 0.00186601
33 0.588036 0.37485 0.0675021 0.0719572 0.00183132
37 0.572873 0.584255 0.0963306 0.419246 0.00168604
25 0.558205 0.326612 0.0239648 0.154752 0.00168067
8 0.585457 0.386453 0.0787 0.282045 0.00165054
31 0.6091 0.408158 0.0477479 0.058955 0.00160527
30 0.59002 0.509526 0.0344572 0.253594 0.00149113
36 0.578511 0.507238 0.0925651 0.267664 0.0014793
31 0.571507 0.432681 0.109118 0.182777 0.00146544
31 0.603644 0.395492 0.0696694 0.0678003 0.00145978
31 0.763859 0.508442 0.098073 0.0304663 0.00144067
37 0.562142 0.332185 0.0265127 0.164406 0.00143677
31 0.598066 0.480903 0.0544096 0.205897 0.00142598
31 0.549209 0.519958 0.15219 0.300121 0.00140157
37 0.585457 0.386453 0.0787 0.282045 0.00137374
31 0.576201 0.366762 0.0414482 0.0568895 0.00136918
37 0.588913 0.346099 0.072431 0.142062 0.00136089
31 0.502646 0.517676 0.0488388 0.0562407 0.00135782
33 0.586116 0.340266 0.0717615 0.183908 0.00132903
24 0.218601 0.758652 0.0552218 0.0571169 0.00132629
37 0.580887 0.337317 0.0623945 0.176476 0.00132483
36 0.589445 0.376808 0.0710775 0.0785449 0.00129884
31 0.597487 0.381991 0.080543 0.0873535 0.001275
0 0.404939 0.802878 0.014243 0.0150398 0.00126287
0 0.587134 0.426909 0.0722117 0.120211 0.00119162
30 0.580887 0.337317 0.0623945 0.176476 0.0011352
