53 0.430337 0.491902 0.467167 0.18207 0.791081
72 0.525938 0.462777 0.943348 0.91767 0.665236
53 0.422556 0.463487 0.451606 0.105082 0.499852
69 0.522097 0.465632 0.943781 0.911494 0.43065
69 0.393343 0.554111 0.654182 0.620956 0.169204
72 0.748276 0.457235 0.502503 0.906739 0.123772
53 0.51443 0.592572 0.148 0.0540583 0.0921043
53 0.420187 0.537864 0.445243 0.0858378 0.091206
53 0.431554 0.521578 0.454435 0.11804 0.0630583
53 0.418733 0.591374 0.341275 0.0599363 0.0417763
53 0.351714 0.598977 0.21336 0.0453312 0.0383328
53 0.363385 0.593678 0.206669 0.028342 0.0140323
53 0.409747 0.58733 0.386003 0.0774206 0.0138201
53 0.412984 0.479112 0.431141 0.0769836 0.0120783
68 0.52066 0.464743 0.955006 0.9192 0.0109303
69 0.440419 0.583796 0.491575 0.548224 0.00957704
53 0.356904 0.590442 0.218557 0.0388865 0.00937372
53 0.367134 0.604655 0.208475 0.0360109 0.00865451
72 0.835715 0.585585 0.328569 0.6323 0.00833243
69 0.82311 0.589325 0.351665 0.615304 0.00794038
53 0.328977 0.539502 0.259676 0.0820112 0.00786209
53 0.547719 0.445163 0.197568 0.081769 0.00581431
69 0.438776 0.715291 0.483768 0.285095 0.00556692
72 0.806464 0.496824 0.38608 0.803041 0.0048981
55 0.06324 0.534752 0.0986749 0.069257 0.00479081
48 0.0636641 0.535842 0.0967775 0.066741 0.00471932
69 0.748276 0.457235 0.502503 0.906739 0.00464866
39 0.0340957 0.460881 0.0678091 0.0477476 0.004448
53 0.366999 0.585862 0.276709 0.0795368 0.00440428
69 0.466382 0.541367 0.881444 0.681219 0.0043014
55 0.51443 0.592572 0.148 0.0540583 0.00427836
55 0.0655662 0.561413 0.109562 0.121268 0.00423941
72 0.407077 0.522081 0.711915 0.791228 0.00416359
45 0.06324 0.534752 0.0986749 0.069257 0.0041388
53 0.600924 0.500159 0.124829 0.100838 0.00408411
53 0.383441 0.559064 0.356068 0.12671 0.00379515
53 0.458955 0.466528 0.311147 0.0740236 0.00368953
53 0.411076 0.463757 0.355653 0.0658211 0.00341427
69 0.404009 0.401995 0.361747 0.0641711 0.00312787
69 0.806464 0.496824 0.38608 0.803041 0.00310344
53 0.475715 0.529362 0.293089 0.063735 0.00292164
53 0.530518 0.50021 0.263767 0.100359 0.00289676
48 0.51443 0.592572 0.148 0.0540583 0.00284681
55 0.436799 0.232339 0.56022 0.107393 0.00267041
69 0.421202 0.492363 0.486519 0.184186 0.00259054
53 0.376971 0.46357 0.339124 0.0504804 0.00241977
45 0.375526 0.212619 0.621864 0.167836 0.00241178
53 0.469316 0.540386 0.388511 0.159579 0.00234744
39 0.0212304 0.460867 0.0424609 0.0470793 0.00229606
69 0.0452303 0.228278 0.0903741 0.232702 0.00217304
69 0.0439394 0.295396 0.0878789 0.0950084 0.00212353
53 0.52843 0.556484 0.171376 0.124571 0.00211099
53 0.341147 0.481459 0.286587 0.0646519 0.00198796
69 0.419673 0.392125 0.390463 0.089987 0.00197989
48 0.428701 0.493306 0.468877 0.183963 0.0019654
53 0.392489 0.546565 0.272657 0.0694766 0.00190532
53 0.556193 0.511375 0.213102 0.11182 0.00181413
53 0.362804 0.453798 0.262554 0.0462342 0.00178912
53 0.37343 0.474002 0.352293 0.0602076 0.00167942
53 0.435542 0.475583 0.338632 0.0633253 0.00151479
53 0.411801 0.453763 0.351757 0.0509845 0.00149283
41 0.063833 0.536168 0.0978755 0.0685143 0.00142044
55 0.0705201 0.573553 0.0982611 0.092436 0.00139967
72 0.751253 0.189311 0.495059 0.373536 0.00138465
68 0.384745 0.560964 0.668127 0.607211 0.00137845
55 0.432616 0.48988 0.470172 0.181704 0.00135738
53 0.367788 0.526575 0.340245 0.106614 0.00125632
53 0.446307 0.539878 0.277119 0.0749108 0.00122204
45 0.0666951 0.553112 0.0984452 0.100742 0.00120056
60 0.523404 0.494846 0.935024 0.855835 0.0011571
43 0.517025 0.591849 0.143644 0.0549518 0.00115368
72 0.156492 0.492286 0.312983 0.77621 0.00114021
53 0.438165 0.233912 0.571225 0.0972269 0.00113136
53 0.488055 0.448039 0.318848 0.101897 0.00111985
69 0.405842 0.351022 0.417004 0.0582167 0.00110075
53 0.437481 0.490021 0.328832 0.0497924 0.0010764
48 0.0666951 0.553112 0.0984452 0.100742 0.00103822
69 0.41606 0.359433 0.521937 0.0825082 0.00103185
53 0.350607 0.609832 0.21244 0.0280983 0.00102755
45 0.0689505 0.572777 0.100288 0.0938116 0.00102615
68 0.833815 0.594511 0.330453 0.617535 0.00102165
