23 0.752334 0.496587 0.373534 0.694115 0.895176
23 0.160652 0.904411 0.170951 0.124207 0.0622667
23 0.18452 0.900362 0.219959 0.13949 0.0211886
23 0.684957 0.542868 0.106336 0.645685 0.00627568
23 0.685714 0.565941 0.080571 0.549579 0.00450057
23 0.682301 0.679802 0.0610985 0.318325 0.00410357
22 0.160934 0.904748 0.172067 0.127402 0.00396684
23 0.700786 0.594005 0.123733 0.501198 0.00372872
23 0.722069 0.794325 0.026294 0.0819725 0.00362721
23 0.679717 0.622108 0.0724336 0.435484 0.00308222
23 0.709679 0.647493 0.117129 0.366628 0.00297481
22 0.133365 0.931599 0.113871 0.0759276 0.00266182
23 0.599953 0.685524 0.102568 0.324895 0.00232178
23 0.633343 0.782302 0.0377658 0.131395 0.00208935
23 0.186604 0.891463 0.100601 0.10447 0.00192377
23 0.256371 0.880169 0.0911684 0.0803449 0.00169823
23 0.570306 0.782152 0.0447956 0.14383 0.0014317
23 0.602252 0.780103 0.102066 0.141358 0.00128424
23 0.74632 0.672375 0.186512 0.309887 0.0011906
23 0.70102 0.681833 0.0954878 0.312005 0.00114387
0 0.722069 0.794325 0.026294 0.0819725 0.00113049
23 0.243843 0.87465 0.087963 0.0838576 0.00109392
14 0.174614 0.548381 0.0305631 0.0283723 0.0010657
23 0.202837 0.886062 0.0669845 0.0910821 0.00103232
