28 0.837035 0.766411 0.323547 0.345984 0.941182
0 0.314961 0.663567 0.301048 0.539274 0.880357
0 0.493319 0.534413 0.34595 0.882333 0.862664
28 0.837001 0.640898 0.321929 0.0961802 0.0266871
60 0.533707 0.93742 0.932585 0.116504 0.0263115
60 0.543675 0.962491 0.901788 0.0640381 0.0220923
41 0.486438 0.483346 0.0359143 0.0439663 0.0210004
13 0.543675 0.962491 0.901788 0.0640381 0.014124
28 0.845861 0.781717 0.303295 0.183903 0.0111918
41 0.495477 0.482106 0.0597087 0.0434582 0.00825864
59 0.53261 0.936064 0.934781 0.119417 0.00629914
24 0.573748 0.284596 0.175335 0.287909 0.00573719
28 0.911121 0.636334 0.170877 0.0868748 0.00561532
56 0.543675 0.962491 0.901788 0.0640381 0.00466537
13 0.533707 0.93742 0.932585 0.116504 0.00456274
24 0.532757 0.288097 0.252759 0.298667 0.00450474
56 0.533658 0.935237 0.932684 0.119346 0.00429198
37 0.533005 0.936531 0.933991 0.120649 0.00351971
26 0.837378 0.766615 0.321344 0.346637 0.00335181
24 0.557569 0.228184 0.182902 0.181463 0.00313711
26 0.573748 0.284596 0.175335 0.287909 0.00261208
65 0.486761 0.484319 0.0384577 0.0457569 0.00255775
60 0.627428 0.958843 0.745145 0.0540371 0.00246513
71 0.531413 0.957708 0.931084 0.0726032 0.00243151
56 0.359267 0.935617 0.589149 0.12403 0.00238425
72 0.100817 0.484141 0.201634 0.959379 0.00226277
40 0.486438 0.483346 0.0359143 0.0439663 0.00220785
24 0.608634 0.296203 0.114558 0.290654 0.00205564
71 0.533707 0.93742 0.932585 0.116504 0.00203809
59 0.526431 0.963106 0.947139 0.0612167 0.00188756
57 0.543675 0.962491 0.901788 0.0640381 0.00179169
26 0.608634 0.296203 0.114558 0.290654 0.00172567
24 0.535779 0.199181 0.168351 0.120934 0.00170827
39 0.484942 0.482155 0.0366688 0.0459396 0.00164953
56 0.114155 0.938038 0.0958523 0.123924 0.00159833
57 0.53261 0.936064 0.934781 0.119417 0.00158489
31 0.533707 0.93742 0.932585 0.116504 0.00156349
56 0.118274 0.919713 0.106639 0.155586 0.00142425
24 0.487744 0.267822 0.326459 0.288576 0.00140917
73 0.419048 0.920868 0.118664 0.0272276 0.00138262
65 0.495604 0.483052 0.0598546 0.0457319 0.0013113
60 0.637316 0.947093 0.725367 0.0332893 0.00130001
0 0.215566 0.77177 0.109539 0.314987 0.00126326
13 0.359267 0.935617 0.589149 0.12403 0.00125897
70 0.837745 0.76654 0.323464 0.345431 0.00119454
72 0.53261 0.936064 0.934781 0.119417 0.00117001
60 0.624448 0.969753 0.751103 0.0582172 0.00115663
24 0.54456 0.221022 0.178676 0.137529 0.00113779
26 0.530725 0.30546 0.259596 0.338637 0.0010981
13 0.532821 0.855937 0.934359 0.268145 0.00100365
