53 0.454383 0.51196 0.908767 0.942578 0.91404
40 0.802516 0.0739289 0.152781 0.141876 0.821655
41 0.941154 0.199871 0.116823 0.391664 0.76075
40 0.360919 0.0134172 0.104081 0.0268344 0.524891
60 0.491834 0.503051 0.983509 0.993897 0.519956
41 0.927845 0.0642953 0.0879261 0.124995 0.248646
41 0.36096 0.0125993 0.101695 0.0251985 0.232859
39 0.943281 0.201587 0.110517 0.396623 0.21818
39 0.928145 0.0638733 0.088343 0.12508 0.154009
39 0.686152 0.0272693 0.0963042 0.0511485 0.132729
40 0.164223 0.0581404 0.132958 0.113107 0.0945019
41 0.686213 0.0276636 0.0960197 0.0512753 0.0931011
40 0.167978 0.0325318 0.112422 0.0646018 0.0870966
41 0.161741 0.0325118 0.126101 0.0639812 0.0731058
41 0.163821 0.0588192 0.131584 0.115188 0.0653126
40 0.162543 0.0409574 0.129344 0.0792992 0.0606337
40 0.36281 0.0132437 0.106136 0.0264873 0.0568705
40 0.942767 0.196274 0.112836 0.392549 0.0429649
60 0.493042 0.279511 0.983042 0.55051 0.0408075
40 0.768214 0.0669824 0.088394 0.132476 0.038581
60 0.496527 0.182588 0.987838 0.356836 0.024397
60 0.330828 0.225363 0.659357 0.443614 0.0173169
40 0.821499 0.0643946 0.104156 0.125868 0.0144757
42 0.185382 0.198799 0.168541 0.17123 0.0137745
60 0.22496 0.233009 0.446097 0.459645 0.0113945
0 0.685324 0.0273102 0.0973612 0.0504019 0.0108882
40 0.685968 0.027915 0.0961304 0.0510609 0.00969142
40 0.852338 0.0311868 0.0742313 0.0566528 0.00929219
39 0.800111 0.0743241 0.152623 0.144252 0.00927219
41 0.36281 0.0132437 0.106136 0.0264873 0.00878623
60 0.49457 0.124497 0.989139 0.231072 0.00856063
53 0.442416 0.680096 0.863047 0.609047 0.00795034
0 0.800254 0.0746914 0.152782 0.144137 0.00792614
41 0.800111 0.0743241 0.152623 0.144252 0.00775567
53 0.485013 0.335872 0.783005 0.583412 0.00706512
75 0.941108 0.199341 0.11696 0.392532 0.00689653
45 0.941108 0.199341 0.11696 0.392532 0.00680527
43 0.185382 0.198799 0.168541 0.17123 0.00570229
40 0.927845 0.0642953 0.0879261 0.124995 0.00524944
53 0.660239 0.52246 0.454813 0.90652 0.0048973
40 0.209814 0.0684808 0.235149 0.134554 0.00486222
40 0.786439 0.061085 0.103244 0.12153 0.00464934
0 0.360919 0.0134172 0.104081 0.0268344 0.00460938
44 0.800254 0.0746914 0.152782 0.144137 0.00452492
38 0.800204 0.0741844 0.152661 0.144368 0.00450072
40 0.844829 0.0669082 0.0949577 0.132376 0.00435072
45 0.36096 0.0125993 0.101695 0.0251985 0.00418779
45 0.931503 0.0627451 0.093848 0.12549 0.00408643
40 0.19482 0.138216 0.208637 0.27306 0.00390407
60 0.136725 0.237512 0.273165 0.463163 0.00358316
39 0.36096 0.0125993 0.101695 0.0251985 0.00348222
42 0.21421 0.187782 0.226154 0.198249 0.00338072
41 0.939823 0.283574 0.120142 0.224298 0.00310943
0 0.930333 0.0630187 0.090519 0.124056 0.00299478
40 0.17197 0.115012 0.158324 0.225596 0.00298771
60 0.177564 0.197985 0.354165 0.392199 0.00291455
40 0.12659 0.0664755 0.231294 0.130895 0.00289121
39 0.164676 0.0323691 0.109525 0.0643458 0.00286132
56 0.167978 0.0325318 0.112422 0.0646018 0.00279474
42 0.149087 0.224089 0.248277 0.228311 0.0027945
56 0.931503 0.0627451 0.093848 0.12549 0.00275105
60 0.120728 0.174317 0.240271 0.347773 0.00267237
43 0.21421 0.187782 0.226154 0.198249 0.00262636
60 0.872847 0.501834 0.253509 0.96646 0.00238025
53 0.529354 0.237713 0.532322 0.368683 0.00236243
75 0.800178 0.0745296 0.152272 0.144307 0.00234279
42 0.362405 0.0134145 0.103201 0.0268291 0.00233799
45 0.685477 0.0277367 0.0954577 0.0526241 0.00228679
39 0.688709 0.0619475 0.107441 0.121528 0.00225019
39 0.163821 0.0588192 0.131584 0.115188 0.00222787
42 0.175471 0.144996 0.16919 0.287363 0.00217682
40 0.374409 0.0128367 0.131869 0.0256734 0.0021691
44 0.185382 0.198799 0.168541 0.17123 0.00214019
39 0.162543 0.0409574 0.129344 0.0792992 0.00209981
41 0.209814 0.0684808 0.235149 0.134554 0.00194484
45 0.167978 0.0325318 0.112422 0.0646018 0.00186348
40 0.804869 0.0318097 0.0466385 0.0616696 0.00185353
47 0.686172 0.0269322 0.0955423 0.0500056 0.00184393
75 0.685269 0.0268651 0.0936846 0.0501012 0.00175846
60 0.843941 0.194644 0.297275 0.377077 0.00172848
0 0.529354 0.237713 0.532322 0.368683 0.00168297
40 0.751402 0.0713418 0.234178 0.142302 0.00166216
40 0.17373 0.0261577 0.0973882 0.0507648 0.00165528
39 0.766006 0.0602914 0.0847906 0.117929 0.00165227
56 0.362405 0.0134145 0.103201 0.0268291 0.00159344
41 0.852338 0.0311868 0.0742313 0.0566528 0.00156391
0 0.48432 0.504392 0.96864 0.991217 0.00152493
56 0.94235 0.198797 0.112374 0.390437 0.00151268
75 0.928202 0.0638853 0.0874397 0.123854 0.00151172
44 0.163821 0.0588192 0.131584 0.115188 0.00139859
69 0.508277 0.50307 0.970249 0.989534 0.00138655
41 0.763754 0.0537521 0.0820353 0.105061 0.00132087
41 0.375062 0.0143219 0.133819 0.0286438 0.00131741
44 0.361075 0.0133275 0.10229 0.0266549 0.00128609
53 0.539541 0.615448 0.695624 0.727621 0.00127816
41 0.932071 0.0220803 0.0792713 0.0431574 0.00127131
60 0.70529 0.176174 0.564777 0.35159 0.00125283
40 0.377169 0.0242866 0.144119 0.0476631 0.0012351
40 0.221797 0.226133 0.440132 0.449127 0.00120494
42 0.800111 0.0743241 0.152623 0.144252 0.00119221
41 0.120728 0.174317 0.240271 0.347773 0.00118905
40 0.819872 0.0384874 0.0805397 0.0759614 0.00117424
41 0.931107 0.0360061 0.0819649 0.0713389 0.00116935
40 0.812649 0.142258 0.223326 0.284517 0.00116843
40 0.273653 0.066641 0.381839 0.13046 0.00116703
39 0.751402 0.0713418 0.234178 0.142302 0.00115949
43 0.840336 0.410338 0.0962662 0.0909572 0.00115752
40 0.908467 0.0786218 0.12667 0.15269 0.00115743
42 0.209893 0.164084 0.102922 0.0868229 0.00115171
42 0.139891 0.185996 0.258679 0.290839 0.00114542
48 0.930333 0.0630187 0.090519 0.124056 0.00114435
40 0.418863 0.229269 0.833842 0.455443 0.00113741
55 0.927123 0.0634859 0.0859091 0.125649 0.0011071
41 0.12659 0.0664755 0.231294 0.130895 0.00110078
39 0.36281 0.0132437 0.106136 0.0264873 0.00109643
40 0.833392 0.0325027 0.108214 0.0627334 0.00108492
42 0.19894 0.1801 0.112366 0.102756 0.00105563
44 0.162903 0.0326249 0.1143 0.0652498 0.00100571
