63 0.54783 0.686039 0.522292 0.370622 0.00489211
56 0.54783 0.686039 0.522292 0.370622 0.0044722
2 0.552171 0.699195 0.530608 0.30449 0.00406528
0 0 0.372809 0 0.464731 0.00340226
2 0.301789 0.525555 0.603578 0.355935 0.00334689
56 0.331973 0.428554 0.653593 0.385939 0.00304395
56 0.222938 0.856611 0.445875 0.286777 0.00277439
0 0.00191168 0.770478 0.00382335 0.459045 0.00268766
63 0.604557 0.363449 0.790886 0.482888 0.00263527
0 0 0.160481 0 0.247411 0.00258639
63 0.675848 0.5482 0.648304 0.341997 0.00255656
56 0.193186 0.868805 0.386372 0.26239 0.00241286
56 0.324689 0.507072 0.649378 0.415382 0.0022493
0 0 0.230689 0 0.41253 0.00208867
0 0.000320393 0.462891 0.000640786 0.45677 0.00196353
2 0.30728 0.451525 0.61456 0.311212 0.00194603
56 0.138976 0.537846 0.277951 0.411995 0.00189096
63 0.653077 0.42887 0.693846 0.396314 0.00174794
2 0.615807 0.577807 0.768386 0.434974 0.00167274
56 0.560677 0.734112 0.556272 0.246789 0.0016472
63 0.331973 0.428554 0.653593 0.385939 0.00163525
2 0.711961 0.704478 0.576078 0.317986 0.0016
2 0.701104 0.647786 0.597791 0.322218 0.00152206
2 0.540562 0.64567 0.45594 0.374099 0.00149357
25 0.333178 0.484511 0.666355 0.704359 0.00147927
0 0.336285 0.619455 0.649607 0.412476 0.00146502
2 0.657201 0.583762 0.685598 0.293155 0.00135961
25 0.615807 0.577807 0.768386 0.434974 0.00134301
25 0.701104 0.647786 0.597791 0.322218 0.00120658
63 0.560677 0.734112 0.556272 0.246789 0.0011875
63 0.695148 0.489382 0.609705 0.336846 0.00116923
0 0 0.115173 0 0.230346 0.00114468
56 0.333178 0.484511 0.666355 0.704359 0.00113514
2 0.333178 0.484511 0.666355 0.704359 0.0011276
2 0.140866 0.582584 0.281732 0.406717 0.00110248
25 0.519452 0.652157 0.576231 0.324433 0.00107753
56 0.243325 0.877778 0.48665 0.244443 0.00101817
25 0.657201 0.583762 0.685598 0.293155 0.00100031
