2 0.60412 0.807069 0.791761 0.385863 0.0547858
2 0.611779 0.701321 0.776442 0.597358 0.0408957
2 0.706367 0.668561 0.587267 0.662878 0.0338589
25 0.605607 0.838578 0.788787 0.322844 0.033758
25 0.611779 0.701321 0.776442 0.597358 0.0248185
2 0.608868 0.557415 0.780216 0.674434 0.0245358
2 0.620286 0.393526 0.759243 0.520747 0.0184738
25 0.543749 0.573848 0.912501 0.450241 0.0172817
2 0.608759 0.843514 0.782482 0.312971 0.0169578
2 0.541433 0.544348 0.917135 0.431169 0.0163031
25 0.608868 0.557415 0.780216 0.674434 0.0151857
2 0.288758 0.426513 0.573403 0.487661 0.0141842
2 0.394729 0.634362 0.757678 0.505867 0.0130664
25 0.621758 0.847109 0.756485 0.305782 0.0117657
2 0.556213 0.631793 0.875178 0.467228 0.0110525
25 0.71683 0.726482 0.566339 0.547037 0.00971961
2 0.425924 0.763322 0.851848 0.473357 0.00906193
2 0.720368 0.852655 0.559263 0.294689 0.0088217
25 0.482576 0.849413 0.868732 0.301174 0.00865206
2 0.322257 0.559328 0.594367 0.46394 0.0084604
0 0.728482 0.723889 0.543037 0.552222 0.00843361
2 0.482576 0.849413 0.868732 0.301174 0.00841802
2 0.251802 0.495482 0.498218 0.480309 0.00773734
2 0.690981 0.480613 0.618038 0.697009 0.00719187
2 0.243599 0.591323 0.461097 0.487662 0.00698742
25 0.500537 0.77248 0.896732 0.45504 0.00666016
2 0.51753 0.46627 0.964941 0.36098 0.00665271
2 0.30907 0.432575 0.61814 0.300818 0.00654432
25 0.479266 0.640339 0.906842 0.483198 0.00653303
25 0.617421 0.516139 0.763827 0.451827 0.00597546
2 0.318562 0.688075 0.597553 0.623849 0.00591511
2 0.39346 0.706331 0.786921 0.444964 0.00585559
2 0.62069 0.282106 0.758619 0.45916 0.0057323
2 0.306143 0.492896 0.612285 0.276045 0.00572747
25 0.554724 0.567074 0.875443 0.307854 0.00547254
25 0.306143 0.492896 0.612285 0.276045 0.00530934
25 0.306042 0.45941 0.575227 0.386588 0.0049682
25 0.692888 0.626922 0.614223 0.746156 0.00490573
2 0.716156 0.893099 0.567688 0.213802 0.00466448
25 0.720368 0.852655 0.559263 0.294689 0.00451609
25 0.500898 0.517619 0.998205 0.343167 0.00439811
63 0.34584 0.201082 0.69168 0.397715 0.00413707
0 0.72094 0.435716 0.55812 0.792 0.00412554
2 0.554724 0.567074 0.875443 0.307854 0.00405139
2 0.613217 0.19849 0.773566 0.396981 0.00385597
0 0.869281 0.786128 0.261438 0.427744 0.00357896
56 0.299014 0.266568 0.596805 0.520008 0.0035589
25 0.525196 0.869847 0.876354 0.260306 0.00353721
25 0.374332 0.722973 0.748664 0.486574 0.00348213
2 0.341345 0.792447 0.682689 0.415106 0.00348064
2 0.764479 0.39775 0.471042 0.566445 0.00346521
25 0.365315 0.6262 0.592327 0.471557 0.00345895
2 0.215768 0.460991 0.431224 0.390658 0.00339806
2 0.525196 0.869847 0.876354 0.260306 0.00305361
63 0.315341 0.266778 0.628117 0.523084 0.002864
25 0.322257 0.559328 0.594367 0.46394 0.00284237
2 0.331009 0.565946 0.662017 0.565116 0.00277248
25 0.352881 0.836769 0.705763 0.326461 0.00274253
62 0.000938328 0.179848 0.00187666 0.352228 0.00250241
25 0.302899 0.43244 0.605798 0.272813 0.00247306
25 0.331009 0.565946 0.662017 0.565116 0.00247306
0 0.00308859 0.839405 0.00617717 0.321189 0.00243759
0 0.500898 0.517619 0.998205 0.343167 0.00237396
25 0.272839 0.373349 0.543788 0.601603 0.00228068
2 0.328355 0.313622 0.656709 0.567279 0.00216308
25 0.415457 0.802576 0.830914 0.394847 0.00215435
56 0.288758 0.426513 0.573403 0.487661 0.00213835
25 0.417013 0.882121 0.83399 0.235759 0.00212899
2 0.286076 0.836053 0.572152 0.327894 0.00208566
2 0.72362 0.3648 0.55276 0.711912 0.00207147
25 0.347192 0.157364 0.694384 0.314727 0.00201973
0 0.801458 0.372167 0.397083 0.624805 0.00200224
25 0.690981 0.480613 0.618038 0.697009 0.00195444
25 0.446682 0.49873 0.893365 0.684895 0.00189433
0 0.658099 0.973353 0.126432 0.0532949 0.00184619
56 0.764479 0.39775 0.471042 0.566445 0.00182709
25 0.312452 0.673221 0.624904 0.653557 0.00182217
0 0.692888 0.626922 0.614223 0.746156 0.00181255
62 0.00308859 0.839405 0.00617717 0.321189 0.00176013
25 0.240392 0.611121 0.480784 0.559439 0.00170529
0 0.431619 0.994294 0.270792 0.0114127 0.00167942
2 0.446682 0.49873 0.893365 0.684895 0.00166509
62 0.240392 0.611121 0.480784 0.559439 0.00165546
25 0.588382 0.437376 0.818798 0.41621 0.00163397
72 0.00150544 0.236395 0.00301088 0.47279 0.00159007
60 0.302899 0.43244 0.605798 0.272813 0.00156319
2 0.21806 0.374886 0.436121 0.573927 0.00151196
56 0.696413 0.400676 0.607173 0.6825 0.00150421
2 0.731405 0.790013 0.537189 0.419974 0.0014846
60 0.303497 0.484363 0.606994 0.241744 0.00148308
0 0.00157208 0.139158 0.00314416 0.278315 0.00142348
0 0.885832 0.417244 0.228336 0.653088 0.00139859
56 0.304505 0.188788 0.605612 0.377575 0.00138268
2 0.5 0.340911 1 0.449264 0.00137612
71 0.611585 0.519767 0.774265 0.625459 0.0013704
0 0.00327403 0.627648 0.00654807 0.422332 0.00132039
25 0.716156 0.893099 0.567688 0.213802 0.00125623
25 0.869281 0.786128 0.261438 0.427744 0.00124955
0 0.170644 0 0.141705 0 0.00123516
2 0.678806 0.132354 0.642389 0.264707 0.0012269
25 0.583776 0.166994 0.832448 0.333989 0.00122204
25 0.344156 0.858736 0.688312 0.282527 0.00118375
60 0.306042 0.45941 0.575227 0.386588 0.0011822
25 0.579188 0.360035 0.841624 0.529859 0.00113702
60 0.213082 0.501699 0.426165 0.425903 0.0010848
7 0.620286 0.393526 0.759243 0.520747 0.00108081
2 0.30647 0.362664 0.612941 0.365094 0.00106868
0 0.303497 0.484363 0.606994 0.241744 0.00105906
2 0.417013 0.882121 0.83399 0.235759 0.00103402
0 0.279977 0.40678 0.555508 0.454481 0.00103348
2 0.33519 0.155707 0.67038 0.311413 0.00103289
0 0.22868 0 0.149235 0 0.00102055
