56 0.298686 0.435418 0.554204 0.489781 0.0235164
56 0.530446 0.398914 0.650015 0.372728 0.0228643
56 0.296697 0.350653 0.547436 0.481955 0.0153781
0 0 0.333721 0 0.393364 0.0106562
56 0.286902 0.385392 0.573803 0.329191 0.00762951
66 0.297101 0.788777 0.594202 0.422445 0.00651762
25 0.684052 0.135661 0.631897 0.271323 0.00643086
56 0.271848 0.496882 0.481721 0.431255 0.00630662
66 0.301038 0.672147 0.602076 0.644754 0.00613454
56 0.400424 0.382173 0.738982 0.379523 0.00498894
56 0.449263 0.227487 0.897472 0.421251 0.00429189
56 0.467797 0.327799 0.739973 0.356793 0.00390986
0 0.156589 0.697596 0.304167 0.528619 0.00383246
0 0 0.692981 0 0.470172 0.00369865
2 0.320195 0.350826 0.61963 0.566439 0.00346434
56 0.300426 0.281374 0.600852 0.425588 0.00308633
0 0.926616 0.245813 0.132661 0.491627 0.00293949
56 0.911208 0.813625 0.177584 0.372751 0.00286129
0 0.15804 0.0400808 0.31608 0.0675536 0.00285429
56 0.368305 0.312948 0.727302 0.402351 0.00283661
66 0.505783 0.677246 0.988434 0.645509 0.00259897
0 0.700921 0.873548 0.598157 0.252905 0.00259188
0 0.143418 0.768218 0.286836 0.462594 0.00250813
0 0.18651 0.43294 0.285506 0.195859 0.00245848
56 0.545482 0.406346 0.808692 0.452895 0.00243101
0 0.871066 0.253007 0.205462 0.506015 0.00228864
0 0.000442088 0.262992 0.000884175 0.390932 0.00227648
2 0.288967 0.415447 0.560748 0.414901 0.0022684
66 0.381826 0.82846 0.60182 0.34308 0.00225949
0 0.315487 0.397739 0.629124 0.509231 0.00225085
56 0.668674 0.573923 0.328722 0.429279 0.00222015
0 0 0.420995 0 0.445945 0.00221151
63 0.308705 0.27692 0.600851 0.534717 0.00214681
63 0.451778 0.408344 0.726494 0.349896 0.00213158
0 0.146827 0.0522442 0.293653 0.0918999 0.00209278
0 0.159818 0.502821 0.276133 0.326278 0.00200704
0 0.940322 0.260419 0.0898821 0.520838 0.00199166
0 0.00146525 0.831814 0.00293049 0.293821 0.00199109
0 0.105461 0.420662 0.0627676 0.162033 0.00193539
0 0.905464 0.543532 0.189072 0.340563 0.00188088
0 0.0605359 0.416918 0.110752 0.205635 0.00187099
0 0.14932 0.554661 0.29864 0.362601 0.00186035
63 0.298531 0.18205 0.595296 0.348198 0.00185615
0 0.238178 0.560851 0.144911 0.223833 0.00179178
66 0.34315 0.705545 0.50446 0.448049 0.00177133
2 0.338246 0.139912 0.579677 0.279825 0.00175941
56 0.388189 0.518832 0.280551 0.400877 0.0017027
66 0.514832 0.917978 0.970336 0.164043 0.00166929
0 0.00025662 0.089614 0.000513241 0.179228 0.00166124
66 0.44825 0.742679 0.872582 0.514642 0.00162789
56 0.909637 0.740811 0.180725 0.469033 0.00162244
71 0.909637 0.740811 0.180725 0.469033 0.00161007
0 0.181302 0.493993 0.217937 0.139942 0.0015901
0 0.193042 0.861346 0.217824 0.277308 0.00158724
56 0.448128 0.435304 0.749035 0.431875 0.00157386
25 0.250903 0.144468 0.501806 0.283174 0.00156659
0 0.757013 0.144719 0.308735 0.267915 0.00152841
71 0.907568 0.621786 0.184864 0.38333 0.00152299
62 0 0.106801 0 0.207045 0.00148523
61 0.530446 0.398914 0.650015 0.372728 0.00146416
56 0.907568 0.621786 0.184864 0.38333 0.0014433
63 0.533204 0.398651 0.682117 0.433009 0.00143719
62 0 0.170186 0 0.340372 0.00143635
56 0.298531 0.18205 0.595296 0.348198 0.00143385
2 0.909637 0.740811 0.180725 0.469033 0.00141996
0 0.144556 0.541234 0.287932 0.235519 0.00141943
0 0.169628 0.471181 0.250575 0.246292 0.00141773
71 0.911208 0.813625 0.177584 0.372751 0.00141323
0 0.905774 0.226032 0.188453 0.452065 0.00141034
25 0.67978 0.0928685 0.640441 0.185737 0.00139636
2 0.911208 0.813625 0.177584 0.372751 0.001378
0 0.0874859 0.456616 0.114961 0.242076 0.00137523
62 0.994314 0.581981 0.0113717 0.229899 0.00137439
0 0 0.572723 0 0.401465 0.00134128
63 0.296697 0.350653 0.547436 0.481955 0.00130409
56 0.55852 0.483206 0.594674 0.461726 0.00129867
2 0.907247 0.672296 0.185505 0.405157 0.00129336
56 0.140313 0.80834 0.280626 0.38332 0.00128675
0 0.515759 0.201323 0.850092 0.375093 0.00128374
2 0.906076 0.584095 0.187847 0.342378 0.00120345
0 0.138042 0.861722 0.276084 0.276555 0.00120097
2 0.684052 0.135661 0.631897 0.271323 0.00115979
38 0.508622 0.73863 0.977713 0.52274 0.00113717
71 0.147194 0.830543 0.294388 0.338913 0.00113237
62 0.000408898 0.21628 0.000817797 0.39 0.00112665
0 0.121828 0.422852 0.0812852 0.123853 0.00112307
56 0.50702 0.176373 0.975083 0.33181 0.00111297
15 0.347153 0.658536 0.672005 0.602085 0.00110686
66 0.390489 0.627253 0.384572 0.462875 0.00109562
0 0.927993 0.304311 0.07703 0.30758 0.001057
25 0.601336 0.116475 0.693995 0.23295 0.00105125
2 0.60397 0.654409 0.79206 0.523981 0.00101438
2 0.700626 0.870768 0.598749 0.258463 0.00100517
71 0.237051 0.138454 0.474102 0.276908 0.00100315
56 0.551358 0.195969 0.757739 0.379908 0.00100097
