0 0.625265 0.840453 0.72863 0.319093 0.0191666
0 0.649163 0.857727 0.601037 0.284547 0.00826296
2 0.618298 0.843787 0.731853 0.312426 0.00808525
0 0.211133 0.80471 0.422266 0.39058 0.00784159
62 0.0777458 0 0.155492 0 0.00627613
2 0.605267 0.854382 0.426238 0.266447 0.00618494
2 0.442225 0.835471 0.884449 0.329058 0.0055005
6 0.22717 0.190434 0.45434 0.378333 0.00495049
7 0.656741 0.222264 0.686518 0.444527 0.00450009
6 0.670278 0.19431 0.659443 0.386501 0.00428098
6 0.61533 0.150118 0.76934 0.300236 0.00402746
2 0.200465 0.184294 0.400931 0.368589 0.00390837
0 0.969483 0.365821 0.0610334 0.631469 0.00369805
0 0.904143 0.790025 0.191713 0.419951 0.00365609
0 0.309679 0.840792 0.458906 0.318416 0.00330535
0 0.95332 0.379416 0.0933592 0.589942 0.00323173
6 0.295248 0.198427 0.534371 0.393912 0.00285971
0 0.439405 0.848926 0.838282 0.302149 0.00270057
2 0.285993 0.52872 0.374733 0.344272 0.00255847
6 0.300752 0.153273 0.601504 0.306547 0.00255123
2 0.145814 0.154533 0.291629 0.309067 0.00244361
2 0.220665 0.576591 0.441331 0.266837 0.00238982
0 0.446936 0.643962 0.0389229 0.125589 0.00236863
2 0.211133 0.80471 0.422266 0.39058 0.00232735
2 0.361644 0.580972 0.723289 0.285488 0.00221926
2 0.208164 0.561097 0.416327 0.202324 0.0022074
25 0.361644 0.580972 0.723289 0.285488 0.00215751
2 0.397351 0.645619 0.765507 0.315518 0.00211051
2 0.274985 0.642591 0.331457 0.275517 0.00192234
25 0.387082 0.533147 0.753514 0.316824 0.00189826
7 0.22717 0.190434 0.45434 0.378333 0.00185341
2 0.387082 0.533147 0.753514 0.316824 0.00180507
25 0.442225 0.835471 0.884449 0.329058 0.00175732
25 0.618298 0.843787 0.731853 0.312426 0.00166318
2 0.640607 0.14023 0.718786 0.280461 0.00164255
0 0.00496182 0.180229 0.00992365 0.360458 0.00153527
2 0.309679 0.840792 0.458906 0.318416 0.00152951
25 0.675882 0.531207 0.56006 0.269412 0.00151286
0 0 0.625167 0 0.343791 0.00150636
25 0.554217 0.850163 0.542622 0.263161 0.00149348
7 0.61533 0.150118 0.76934 0.300236 0.00147456
0 0.884856 0.80931 0.230289 0.38138 0.0014447
2 0.170191 0.76009 0.340382 0.47982 0.00142467
0 0.00214969 0.878402 0.00429938 0.243196 0.00142378
0 0.605267 0.854382 0.426238 0.266447 0.00141457
7 0.315513 0.217277 0.546079 0.434553 0.00141165
0 0.980608 0.327097 0.0387838 0.577062 0.00137255
0 0.899924 0.476597 0.200153 0.552328 0.00136673
6 0.398155 0.14193 0.74694 0.283859 0.00135434
0 0.862554 0.850278 0.274892 0.299444 0.00134984
25 0.0917748 0.74488 0.18355 0.498986 0.00133643
2 0.255542 0.153393 0.511084 0.306785 0.00129876
2 0.371322 0.790991 0.742644 0.418019 0.00128794
2 0.214032 0.665835 0.412305 0.331217 0.00127295
25 0.214032 0.665835 0.412305 0.331217 0.00124821
25 0.675347 0.581148 0.592925 0.179 0.00123927
6 0.363802 0.21257 0.727604 0.425139 0.00123778
25 0.208164 0.561097 0.416327 0.202324 0.00121707
72 0.00224138 0.24396 0.00448276 0.48792 0.00120831
0 0.986849 0.17392 0.0263028 0.34784 0.00120488
2 0.262363 0.429739 0.524727 0.459352 0.00118676
62 0.832596 0 0.334809 0 0.00118077
25 0.410401 0.399353 0.814403 0.456165 0.00116023
0 0.884074 0.542859 0.231853 0.147591 0.00115621
6 0.495277 0.183712 0.576437 0.365487 0.00110239
0 0.894388 0.883071 0.211223 0.233858 0.00108877
25 0.397351 0.645619 0.765507 0.315518 0.00108597
25 0.220665 0.576591 0.441331 0.266837 0.00108021
25 0.613535 0.70972 0.624761 0.416801 0.00107497
0 0.28707 0.674095 0.321697 0.266736 0.0010736
7 0.300752 0.153273 0.601504 0.306547 0.00105974
5 0.998274 0.28584 0.00345154 0.381885 0.00105539
25 0.195252 0.761143 0.390504 0.477714 0.00103083
25 0.274985 0.642591 0.331457 0.275517 0.00101033
