13 0.6141 0.664073 0.0532372 0.0573331 0.714144
0 0.818577 0.697597 0.0299513 0.0858251 0.695529
0 0.930477 0.673851 0.022567 0.049436 0.584157
0 0.951695 0.667687 0.016024 0.0299297 0.543672
0 0.858847 0.615552 0.0127071 0.0359477 0.541113
0 0.69503 0.592189 0.0155582 0.0756457 0.512124
13 0.73245 0.718698 0.0606279 0.0824085 0.492285
0 0.571199 0.516703 0.0148083 0.0478208 0.4847
16 0.861035 0.72943 0.0343498 0.0350577 0.343777
8 0.0523379 0.162614 0.0662996 0.190955 0.234499
0 0.538828 0.496816 0.0138854 0.0316313 0.233251
0 0.950712 0.674112 0.0175697 0.0417548 0.203472
0 0.757936 0.622225 0.0151903 0.0593332 0.153016
0 0.48646 0.506681 0.00791817 0.026953 0.108513
0 0.861669 0.726564 0.0333933 0.0333604 0.0818056
13 0.731717 0.706711 0.0612261 0.0570539 0.075129
0 0.484581 0.505971 0.00983219 0.025246 0.0692549
0 0.86235 0.732596 0.0365795 0.0367393 0.0625932
0 0.0952139 0.518411 0.0164707 0.0445133 0.0618625
8 0.150385 0.233938 0.0313975 0.0245881 0.061617
8 0.0526367 0.236085 0.0671896 0.0386263 0.0602953
8 0.122539 0.223684 0.0898059 0.0309228 0.045756
16 0.863643 0.744014 0.0437126 0.0594556 0.0440207
8 0.224102 0.42045 0.447828 0.239632 0.0350389
8 0.156285 0.417611 0.306271 0.252349 0.0340796
0 0.856248 0.615352 0.0149117 0.034398 0.0332697
16 0.867152 0.755218 0.0355295 0.0374683 0.0319349
0 0.861692 0.615095 0.0164928 0.0353948 0.0317515
0 0.574274 0.514222 0.0195297 0.0545852 0.0314362
13 0.864655 0.746524 0.0394554 0.0568704 0.0294926
17 0.861035 0.72943 0.0343498 0.0350577 0.0266432
0 0.121466 0.490599 0.0120242 0.0321319 0.0254138
13 0.861005 0.729656 0.0347172 0.0362602 0.0248043
8 0.147443 0.231022 0.0366031 0.0298051 0.024238
8 0.282061 0.484982 0.023164 0.0150048 0.0219945
0 0.863643 0.744014 0.0437126 0.0594556 0.0205706
0 0.432972 0.460196 0.00644598 0.0256069 0.0196344
8 0.41902 0.233066 0.0783176 0.0186668 0.0191502
0 0.532571 0.839115 0.0230106 0.0566619 0.0189964
1 0.694854 0.595391 0.0157558 0.0719236 0.0188334
8 0.409688 0.227265 0.0969391 0.0274664 0.0163426
0 0.553591 0.651257 0.0201193 0.0894596 0.0160453
8 0.628151 0.220924 0.0194143 0.0131486 0.0159645
8 0.0425595 0.232323 0.085119 0.0460216 0.0155649
8 0.27948 0.484131 0.0319961 0.0185808 0.0136845
0 0.455029 0.507677 0.0113342 0.0242743 0.0129674
8 0.424819 0.226745 0.064724 0.0259867 0.0126435
0 0.556099 0.462312 0.00747194 0.0349908 0.0122884
0 0.698334 0.591506 0.0184744 0.0772025 0.01203
8 0.623449 0.220415 0.0274033 0.0140875 0.0120023
13 0.817711 0.735047 0.0247236 0.0475502 0.0115841
60 0 0.571426 0 0.857148 0.0113188
13 0.866689 0.755108 0.038759 0.0407106 0.0107703
1 0.864655 0.746524 0.0394554 0.0568704 0.0107277
8 0.614888 0.204994 0.048239 0.0453646 0.0106784
8 0.121395 0.230886 0.0879451 0.0360203 0.0104284
0 0.696065 0.566563 0.0125784 0.04105 0.0103654
0 0.455368 0.49702 0.0106546 0.0456948 0.00994951
8 0.497369 0.238983 0.0171516 0.0111441 0.00971785
13 0.862674 0.737499 0.041737 0.0544489 0.00965706
8 0.0137788 0.241934 0.0223848 0.0245021 0.0096516
8 0.285782 0.476707 0.0338705 0.0324575 0.00959086
8 0.155062 0.461304 0.294845 0.158963 0.00956458
8 0.424917 0.426924 0.0638082 0.180619 0.00883865
8 0.011764 0.243827 0.011733 0.0185667 0.00872758
36 0.816457 0.735052 0.0243835 0.0461889 0.00863403
0 0.815494 0.715778 0.0251554 0.0652438 0.0085322
8 0.498536 0.237701 0.0190813 0.0140452 0.00830972
0 0.577228 0.51703 0.0264912 0.0462664 0.00802326
8 0.0281659 0.231283 0.0551661 0.0448989 0.007994
0 0.124942 0.493277 0.0191998 0.0409373 0.00767502
17 0.864655 0.746524 0.0394554 0.0568704 0.00748271
0 0.953974 0.669195 0.0199274 0.0341979 0.00746149
0 0.865872 0.752014 0.0394455 0.0430826 0.00744697
8 0.605066 0.219176 0.0165497 0.0138324 0.00739387
8 0.122819 0.216931 0.0913978 0.0380222 0.00722119
0 0.490835 0.805022 0.0219389 0.0528446 0.00714934
8 0.368295 0.230106 0.150209 0.0219031 0.00705686
30 0.694854 0.595391 0.0157558 0.0719236 0.0069105
1 0.86235 0.732596 0.0365795 0.0367393 0.00678378
8 0.106758 0.226068 0.0535392 0.0333367 0.00647545
8 0.280679 0.473021 0.035208 0.0405591 0.00636467
0 0.418951 0.375885 0.00754671 0.0140707 0.00631633
8 0.363648 0.430603 0.192029 0.186987 0.0061225
8 0.549251 0.235022 0.0876554 0.0213205 0.00596482
2 0.628151 0.220924 0.0194143 0.0131486 0.00592411
8 0.283501 0.474553 0.0189221 0.0290926 0.0059211
8 0.282137 0.480759 0.0244545 0.0224735 0.00587961
8 0.427348 0.225339 0.0476638 0.0215412 0.00577566
8 0.207987 0.588808 0.0598482 0.0256986 0.0057264
8 0.115132 0.234076 0.0692218 0.0322511 0.00564036
56 0.614329 0.664571 0.0521404 0.0603435 0.00556925
0 0.0905995 0.416107 0.00980828 0.0198447 0.00553021
60 0.864655 0.746524 0.0394554 0.0568704 0.00530282
1 0.928198 0.674955 0.0260481 0.0485422 0.00529686
8 0.105211 0.232508 0.0912228 0.0360242 0.00516585
8 0.398316 0.231826 0.121051 0.0207324 0.00502414
0 0.293097 0.413667 0.00799236 0.0236684 0.00502092
15 0.861005 0.729656 0.0347172 0.0362602 0.00493386
8 0.0443287 0.217862 0.0841689 0.0792644 0.00483617
8 0.455263 0.224332 0.0113302 0.0150002 0.00474018
56 0.864655 0.746524 0.0394554 0.0568704 0.00466302
0 0.291642 0.471577 0.0191095 0.0265424 0.00464767
8 0.29731 0.587506 0.0566071 0.176893 0.00461462
60 1 0.536627 0 0.926745 0.00459477
1 0.867152 0.755218 0.0355295 0.0374683 0.00454739
8 0.295131 0.553562 0.0562736 0.250114 0.00448698
8 0.533028 0.236658 0.0513794 0.0175754 0.00443509
2 0.605066 0.219176 0.0165497 0.0138324 0.00434729
8 0.209059 0.551712 0.0625435 0.0935311 0.00434628
8 0.420659 0.223084 0.0735718 0.0371626 0.00428349
8 0.285094 0.468327 0.0294621 0.0442087 0.00428179
0 0.5512 0.680043 0.0204527 0.0398093 0.00425041
1 0.817711 0.735047 0.0247236 0.0475502 0.00411239
0 0.817711 0.735047 0.0247236 0.0475502 0.0041008
8 0.483926 0.237641 0.0364498 0.0125349 0.00399715
30 0.816457 0.735052 0.0243835 0.0461889 0.00399199
0 0.950909 0.677009 0.022604 0.0535077 0.00398973
0 0.123026 0.494636 0.0141037 0.0390676 0.0037533
0 0.379422 0.444081 0.00641155 0.0271762 0.00371614
8 0.410348 0.360213 0.025308 0.0449853 0.00366989
0 0.557556 0.496104 0.00847683 0.0256208 0.00365898
56 0.758167 0.623117 0.0145704 0.0564807 0.00359318
56 0.861005 0.729656 0.0347172 0.0362602 0.00351152
8 0.292865 0.472759 0.0396887 0.031772 0.00338906
74 0.0250692 0.96063 0.0273532 0.0422419 0.00338364
56 0.731649 0.719558 0.0588523 0.0824936 0.00337484
2 0.623449 0.220415 0.0274033 0.0140875 0.0033589
0 0.488488 0.504959 0.0126178 0.0250967 0.00320187
8 0.382772 0.225809 0.0258498 0.0149494 0.0031957
19 0.861035 0.72943 0.0343498 0.0350577 0.00318643
8 0.306468 0.464527 0.0784977 0.0542333 0.00314218
36 0.867152 0.755218 0.0355295 0.0374683 0.00310192
0 0.82346 0.768876 0.0281834 0.0630109 0.00299886
8 0.188114 0.228031 0.110443 0.0306999 0.00294995
0 0.353204 0.439796 0.00792861 0.032223 0.00293028
8 0.0920293 0.157986 0.150357 0.184222 0.00288504
8 0.598362 0.2182 0.0156221 0.0154338 0.00286132
1 0.758167 0.623117 0.0145704 0.0564807 0.00285706
0 0.537703 0.503944 0.0162378 0.0416927 0.00285622
8 0.593258 0.218023 0.173594 0.0535242 0.00284445
1 0.582717 0.521134 0.0396523 0.0384262 0.00283456
8 0.296576 0.474513 0.0558723 0.0392989 0.0028213
8 0.550266 0.226405 0.0871973 0.0373389 0.00280067
1 0.697952 0.595666 0.019281 0.0715485 0.00275552
56 0.866689 0.755108 0.038759 0.0407106 0.00275329
8 0.0318649 0.220118 0.0625538 0.0709893 0.00274676
8 0.497878 0.227701 0.0227009 0.0331378 0.00269651
60 1 0.423566 0 0.847132 0.00266197
0 0.56216 0.503762 0.020191 0.0355098 0.00265738
36 0.928198 0.674955 0.0260481 0.0485422 0.00264686
8 0.154262 0.228543 0.0432945 0.032439 0.00258884
60 0.286914 0 0.573828 0 0.00258571
8 0.288254 0.465259 0.0253802 0.0363915 0.00256497
8 0.0628693 0.163068 0.0415826 0.190353 0.00255024
17 0.862674 0.737499 0.041737 0.0544489 0.00253627
0 0.333594 0.455629 0.0174071 0.0224353 0.00250182
8 0.354797 0.459891 0.192768 0.146703 0.00250134
60 0.709044 0 0.581911 0 0.00249743
8 0.170434 0.518008 0.195563 0.0409834 0.00248864
8 0.225226 0.218724 0.10224 0.0298032 0.00247726
8 0.547644 0.227431 0.0841496 0.0266401 0.00247651
8 0.557967 0.226054 0.0713589 0.0171815 0.00247395
60 0.458025 0 0.693124 0 0.0024721
8 0.21093 0.462476 0.206187 0.101741 0.00246853
1 0.573786 0.517066 0.019861 0.0473089 0.00244537
8 0.31343 0.470094 0.0941687 0.0647237 0.00244379
8 0.291642 0.471577 0.0191095 0.0265424 0.00244206
31 0.816457 0.735052 0.0243835 0.0461889 0.00243586
0 0.825921 0.778753 0.0242968 0.0423211 0.00241339
56 0.817711 0.735047 0.0247236 0.0475502 0.00241309
14 0.861005 0.729656 0.0347172 0.0362602 0.00241295
2 0.282061 0.484982 0.023164 0.0150048 0.0024032
17 0.867152 0.755218 0.0355295 0.0374683 0.00238693
8 0.987154 0.222656 0.0243835 0.0269664 0.00234669
0 0.350628 0.443782 0.0134108 0.0364723 0.00229409
0 0.0301578 0.375384 0.0110315 0.0326022 0.00227085
0 0.820716 0.738875 0.0284969 0.055712 0.00226986
0 0.527748 0.839024 0.0320836 0.0574288 0.00225496
8 0.117451 0.211672 0.105977 0.0408598 0.00223032
8 0.101217 0.416373 0.199397 0.239713 0.00219825
8 0.451867 0.232146 0.0205898 0.0205555 0.0021466
17 0.758167 0.623117 0.0145704 0.0564807 0.00209656
8 0.301984 0.472639 0.601296 0.304225 0.00208583
0 0.938862 0.67635 0.042865 0.0535208 0.00203672
60 0.606606 0 0.689127 0 0.00201604
8 0.496567 0.221881 0.0125178 0.0174876 0.00200316
1 0.861669 0.726564 0.0333933 0.0333604 0.00198823
60 1 0.71278 0 0.57444 0.00197393
8 0.356865 0.227005 0.105772 0.0204688 0.00197124
0 0.0984019 0.518846 0.0208374 0.0418753 0.00196239
8 0.252311 0.467601 0.296677 0.139436 0.00195852
8 0.475134 0.235809 0.0446093 0.014586 0.00194612
8 0.383249 0.22207 0.153401 0.0385053 0.00192505
8 0.226547 0.453934 0.167625 0.0903319 0.00192103
16 0.860057 0.721052 0.036186 0.0474736 0.00188708
8 0.221518 0.557338 0.0819492 0.101939 0.00188169
8 0.091188 0.232321 0.156402 0.0422351 0.0018734
37 0.815254 0.733405 0.0246632 0.0468743 0.00185326
8 0.738448 0.213682 0.0243486 0.0478985 0.00185221
8 0.374918 0.226855 0.0566916 0.0175027 0.00180143
8 0.699854 0.222071 0.0176191 0.0264214 0.00177857
9 0.556099 0.462312 0.00747194 0.0349908 0.0017696
3 0.86235 0.732596 0.0365795 0.0367393 0.00175667
8 0.227233 0.435455 0.141938 0.0512491 0.00173503
8 0.0992161 0.457534 0.195756 0.154135 0.00171915
60 0 0.686507 0 0.626986 0.0016993
0 0.0954086 0.515369 0.0182327 0.0594716 0.00168428
1 0.815494 0.715778 0.0251554 0.0652438 0.00166723
8 0.178591 0.218516 0.207139 0.0434374 0.00166073
3 0.864655 0.746524 0.0394554 0.0568704 0.00165999
2 0.011764 0.243827 0.011733 0.0185667 0.0016413
8 0.345808 0.221524 0.227277 0.0395217 0.00163671
8 0.414106 0.425206 0.036602 0.186386 0.00163066
8 0.13976 0.515368 0.259992 0.0517113 0.00158173
14 0.867152 0.755218 0.0355295 0.0374683 0.00156412
8 0.0695046 0.446454 0.137705 0.172389 0.00156397
8 0.571995 0.224626 0.0447813 0.0154057 0.0015454
8 0.40627 0.362214 0.0165339 0.0384031 0.00153714
60 0.861005 0.729656 0.0347172 0.0362602 0.00153443
0 0.552478 0.641723 0.0225672 0.125277 0.00152403
1 0.592839 0.514518 0.019285 0.0330888 0.00151798
8 0.203757 0.463118 0.258794 0.147702 0.001515
8 0.0583595 0.215781 0.0613096 0.0800167 0.00150627
30 0.815494 0.715778 0.0251554 0.0652438 0.00149164
8 0.413791 0.215779 0.092848 0.0506535 0.00149137
8 0.139363 0.517537 0.273014 0.0921729 0.00148079
13 0.82346 0.768876 0.0281834 0.0630109 0.0014748
0 0.08217 0.40971 0.0176638 0.0303753 0.00146341
8 0.305014 0.218399 0.027601 0.0220173 0.00144747
0 0.925817 0.674779 0.0320786 0.0486218 0.00143182
0 0.342417 0.457142 0.0243498 0.0292835 0.00141051
0 0.552028 0.677735 0.021053 0.0616301 0.00140479
8 0.291669 0.218244 0.0624462 0.0254301 0.0014002
9 0.532632 0.838365 0.0230806 0.0580986 0.0013921
13 0.961551 0.696213 0.0470673 0.0192204 0.00139129
8 0.209813 0.522171 0.102957 0.0307624 0.0013895
8 0.218892 0.213904 0.125913 0.0372785 0.00138846
8 0.987164 0.230036 0.0250116 0.038488 0.00138792
8 0.181704 0.439717 0.252643 0.192642 0.00137472
56 0.862674 0.737499 0.041737 0.0544489 0.00136998
8 0.695025 0.224092 0.0218315 0.0306893 0.00136891
8 0.0546158 0.243114 0.0651145 0.0353618 0.00134113
8 0.215527 0.537477 0.089401 0.126894 0.0013389
36 0.694854 0.595391 0.0157558 0.0719236 0.00132561
56 0.455029 0.507677 0.0113342 0.0242743 0.00131723
37 0.867152 0.755218 0.0355295 0.0374683 0.00131634
8 0.0825822 0.470059 0.104646 0.170026 0.00129995
37 0.815494 0.715778 0.0251554 0.0652438 0.00129712
36 0.815494 0.715778 0.0251554 0.0652438 0.0012894
8 0.735515 0.206006 0.0313976 0.0616612 0.00128779
16 0.867825 0.761326 0.0354504 0.0385147 0.00128421
14 0.432972 0.460196 0.00644598 0.0256069 0.00128284
0 0.454113 0.491415 0.0115105 0.0544819 0.00127015
37 0.861777 0.727924 0.0386518 0.0319402 0.00124341
8 0.478683 0.228545 0.0591621 0.0282566 0.00124097
0 0.0717159 0.412735 0.00985101 0.0214985 0.00122532
8 0.682402 0.220442 0.0248487 0.0298155 0.00122339
0 0.283501 0.474553 0.0189221 0.0290926 0.0011963
8 0.296597 0.65504 0.0572657 0.0364926 0.00119409
0 0.0581909 0.376562 0.00962181 0.0187029 0.0011805
8 0.963532 0.22991 0.0646679 0.0367928 0.00116941
9 0.432972 0.460196 0.00644598 0.0256069 0.00116065
0 0.681848 0.710607 0.0138096 0.0710957 0.00115502
1 0.862674 0.737499 0.041737 0.0544489 0.0011538
8 0.635225 0.223096 0.0305441 0.016734 0.00115156
16 0.537398 0.498882 0.0144699 0.0295818 0.00115141
13 0.825921 0.778753 0.0242968 0.0423211 0.00115055
2 0.229282 0.523591 0.0631173 0.029311 0.00115016
0 0.729924 0.568028 0.00859413 0.0144705 0.0011383
8 0.324061 0.475569 0.119253 0.0462693 0.00113618
0 0.538809 0.488006 0.0160551 0.048123 0.00111723
8 0.363269 0.528552 0.027619 0.0208645 0.00111574
8 0.337331 0.22458 0.119954 0.024978 0.00111225
8 0.411638 0.413474 0.0295556 0.153065 0.00110519
8 0.281439 0.438949 0.327571 0.184655 0.00110322
72 1 0.583742 0 0.832515 0.0010989
30 0.697957 0.597798 0.0197589 0.0679723 0.00109801
60 0 0.400137 0 0.800273 0.00109443
8 0.23021 0.521333 0.0637927 0.0327341 0.00108266
8 0.295733 0.613119 0.0629099 0.128737 0.00108257
28 0.930183 0.674711 0.0230284 0.0490617 0.00106451
0 0.121915 0.487829 0.0162074 0.0410726 0.00105056
8 0.316378 0.469897 0.0479749 0.0252653 0.00104636
8 0.150668 0.509242 0.195051 0.0563262 0.00104409
0 0.40627 0.362214 0.0165339 0.0384031 0.00103945
2 0.208102 0.521832 0.108723 0.0320829 0.00101134
8 0.333594 0.455629 0.0174071 0.0224353 0.00100589
8 0.333494 0.465714 0.0217957 0.0223949 0.00100583
8 0.418951 0.375885 0.00754671 0.0140707 0.00100103
