23 0.768844 0.495864 0.34646 0.687681 0.907748
23 0.182267 0.901784 0.211679 0.142884 0.796826
23 0.146056 0.911045 0.288166 0.162175 0.0697212
23 0.723302 0.794238 0.024079 0.0820868 0.018747
60 0 0.549754 0 0.900492 0.0172175
60 0 0.430552 0 0.861104 0.00608003
23 0.635875 0.781071 0.0441744 0.134689 0.00448826
60 0 0.665883 0 0.668235 0.00310296
60 1 0.417732 0 0.835464 0.00246748
72 0 0.511858 0 0.976285 0.00245446
59 0 0.511858 0 0.976285 0.0020014
23 0.702462 0.792978 0.0693514 0.0907114 0.00190553
23 0.402836 0.885307 0.118538 0.0504609 0.00185287
23 0.236569 0.87649 0.104707 0.0929873 0.00149298
23 0.251753 0.870915 0.0736832 0.0788577 0.00133741
63 0 0.511858 0 0.976285 0.00105682
