0 0.516887 0.615435 0.668278 0.744321 0.963117
0 0.0651685 0.600687 0.126599 0.480879 0.902044
0 0.185934 0.651144 0.125736 0.363232 0.893872
0 0.904594 0.669507 0.180747 0.643924 0.874686
0 0.757427 0.520868 0.104323 0.163898 0.554045
0 0.193437 0.45673 0.0819133 0.139256 0.523407
0 0.818744 0.540527 0.14502 0.364622 0.519426
67 0.531557 0.509229 0.15701 0.0838748 0.47385
67 0.471319 0.518567 0.0348303 0.0448985 0.398339
0 0.286049 0.513706 0.086539 0.153243 0.373993
0 0.703299 0.455443 0.0686493 0.20221 0.319128
0 0.797508 0.401323 0.065514 0.093047 0.278526
0 0.297676 0.628557 0.101992 0.130251 0.237277
0 0.283171 0.533927 0.0930265 0.206452 0.215181
0 0.124294 0.483638 0.0716252 0.213439 0.172733
41 0.975202 0.502942 0.0473196 0.0687458 0.170866
0 0.665444 0.457462 0.0733618 0.193395 0.158497
0 0.251453 0.495277 0.0532908 0.227263 0.126665
0 0.285643 0.499471 0.102436 0.210454 0.118038
0 0.686697 0.452541 0.103484 0.209598 0.103545
0 0.977114 0.694961 0.043339 0.597943 0.0942262
0 0.742459 0.412523 0.0586109 0.116725 0.0835339
0 0.194145 0.436586 0.0789945 0.0977452 0.0710005
0 0.125242 0.458578 0.0756327 0.154264 0.0602061
0 0.020277 0.443382 0.0396103 0.115927 0.0571094
67 0.59252 0.51674 0.0288076 0.0718067 0.0555677
0 0.761278 0.566656 0.110461 0.259992 0.0527166
0 0.981817 0.428337 0.0363579 0.12031 0.0517119
0 0.703431 0.41054 0.0639233 0.116486 0.045374
0 0.248027 0.463637 0.0567066 0.164479 0.0425129
0 0.968018 0.681409 0.0602407 0.627972 0.0399388
67 0.583686 0.503236 0.0419094 0.0968353 0.0389254
0 0.727781 0.454401 0.0739204 0.203478 0.037944
0 0.852641 0.424836 0.0771389 0.134502 0.0363626
0 0.296951 0.558779 0.106863 0.261747 0.0294525
0 0.824587 0.475159 0.133172 0.23386 0.0289087
0 0.974938 0.473022 0.049128 0.127096 0.0277379
0 0.98219 0.446999 0.0349274 0.0775186 0.0274997
67 0.564488 0.50252 0.0853617 0.100136 0.0261923
67 0.598102 0.512043 0.0363489 0.0863906 0.0245833
0 0.141265 0.462907 0.0475991 0.133861 0.0239533
0 0.249313 0.424218 0.0543768 0.0860909 0.0234546
0 0.972476 0.430178 0.0543713 0.121313 0.0224946
0 0.758725 0.393563 0.033914 0.0754327 0.0219886
67 0.580804 0.494045 0.0510429 0.11281 0.0213664
0 0.776128 0.582632 0.135655 0.294764 0.020792
0 0.752961 0.402321 0.0467093 0.0924522 0.0206972
25 0.692174 0.034914 0.467887 0.0646513 0.0205148
0 0.977685 0.609812 0.0409344 0.425768 0.0205106
0 0.744803 0.394903 0.0615485 0.118508 0.0194939
67 0.549246 0.505275 0.117232 0.0944148 0.0158017
0 0.254325 0.416807 0.0438715 0.0704901 0.0145254
0 0.659039 0.437924 0.0690797 0.14198 0.0139582
0 0.743757 0.522081 0.077422 0.14696 0.0137565
67 0.505044 0.502838 0.102919 0.0781347 0.0137501
67 0.481663 0.509796 0.0564502 0.0643641 0.013739
0 0.981976 0.465224 0.0353027 0.109015 0.013496
0 0.837736 0.437382 0.105692 0.160614 0.013321
0 0.984871 0.391404 0.0296442 0.0468529 0.0129782
0 0.121346 0.433755 0.0686093 0.115843 0.0125248
0 0.272822 0.519938 0.0972832 0.261417 0.0124143
0 0.660383 0.410881 0.0631672 0.0888462 0.0114403
67 0.518202 0.509865 0.13097 0.0660727 0.0109932
67 0.571026 0.491783 0.0705999 0.115699 0.010497
0 0.738139 0.444133 0.0583169 0.168594 0.0101144
0 0.330747 0.49841 0.0427567 0.14289 0.0100172
0 0.0170324 0.411713 0.0325345 0.0511395 0.00938064
0 0.128659 0.505014 0.060203 0.168837 0.00867149
67 0.474575 0.507167 0.0401531 0.0710365 0.00846079
0 0.139926 0.490617 0.0435908 0.160939 0.00835645
0 0.127265 0.418739 0.0704454 0.0882114 0.00825018
0 0.787046 0.436703 0.0878457 0.16965 0.0082334
0 0.147514 0.449951 0.0380694 0.105375 0.00812554
67 0.605666 0.517174 0.0350342 0.0799615 0.00788531
0 0.19809 0.421851 0.0440242 0.0633726 0.00787911
0 0.689112 0.409819 0.098934 0.117769 0.00738314
0 0.7752 0.42485 0.100369 0.137618 0.00695965
0 0.211712 0.509951 0.120688 0.250445 0.00685632
9 0.109862 0.0635353 0.180831 0.123625 0.006695
0 0.129806 0.541338 0.0643476 0.314078 0.00668365
0 0.764456 0.389176 0.0398493 0.0733835 0.00667301
0 0.964183 0.425393 0.0467949 0.101657 0.00667229
0 0.97427 0.456194 0.050234 0.177775 0.0064227
0 0.97069 0.608523 0.0530174 0.467686 0.00596479
0 0.267832 0.46609 0.0879271 0.171552 0.00564057
67 0.498052 0.514076 0.0882814 0.0549535 0.00561333
0 0.76633 0.503945 0.0872681 0.129313 0.00551301
0 0.258794 0.429011 0.0591259 0.0977313 0.00527364
0 0.212642 0.466008 0.0448004 0.104535 0.00524741
0 0.0195459 0.489098 0.0380749 0.206652 0.00522745
0 0.0190347 0.414525 0.0370813 0.0646716 0.00519001
0 0.834051 0.699929 0.176914 0.583436 0.00509894
0 0.979286 0.390549 0.039275 0.0576852 0.00499675
0 0.975226 0.403635 0.0481775 0.0855712 0.00492567
67 0.610055 0.519098 0.0254135 0.0754506 0.00486666
9 0.100068 0.194436 0.0877726 0.0522769 0.00461629
0 0.751394 0.430832 0.0737751 0.162451 0.00458327
67 0.489297 0.505341 0.0720318 0.0755614 0.0044902
0 0.112506 0.441641 0.0553428 0.118885 0.00423294
0 0.191977 0.50759 0.0953957 0.244761 0.00423202
9 0.32559 0.232891 0.0230838 0.0541099 0.00412938
0 0.65683 0.397278 0.0524197 0.0847186 0.00411627
67 0.974986 0.50809 0.0475744 0.0768571 0.00411043
0 0.145065 0.417165 0.0469119 0.0797806 0.00407147
67 0.465621 0.528144 0.0456341 0.0657029 0.00399974
26 0.880678 0.571234 0.116986 0.19896 0.00395212
0 0.127802 0.410332 0.0599958 0.0703908 0.00393265
26 0.789102 0.582784 0.0855732 0.197658 0.00380924
0 0.980914 0.739519 0.036549 0.493105 0.00370285
24 0.285911 0.517522 0.0814717 0.146054 0.00367892
0 0.733729 0.404317 0.0587212 0.114317 0.00366274
0 0.14715 0.428321 0.0354208 0.0592652 0.00364855
0 0.248372 0.522582 0.0443009 0.185652 0.00362474
24 0.789102 0.582784 0.0855732 0.197658 0.00358969
0 0.22122 0.411207 0.0392467 0.0738292 0.0035353
24 0.819545 0.545104 0.144959 0.375957 0.00344071
24 0.798049 0.564735 0.108213 0.208822 0.00343454
0 0.856934 0.411534 0.0663307 0.106343 0.0032576
0 0.113343 0.420487 0.0543913 0.0781156 0.00317889
67 0.485006 0.518205 0.0623561 0.0474199 0.00315601
0 0.790041 0.394621 0.0772329 0.109612 0.00312993
9 0.108744 0.0581957 0.0752371 0.114188 0.00309369
0 0.11876 0.408952 0.0481392 0.0669497 0.00307471
0 0.962484 0.771503 0.0682413 0.435125 0.00304785
0 0.0183395 0.395486 0.0349061 0.0863162 0.00300732
0 0.650144 0.398472 0.0395533 0.0665192 0.00296214
26 0.890219 0.711859 0.0934771 0.152932 0.00290263
0 0.257474 0.404123 0.0393098 0.0556683 0.00285059
0 0.137201 0.514195 0.0473198 0.151155 0.00281605
0 0.211721 0.422669 0.0438012 0.0716057 0.00266567
0 0.218259 0.400305 0.0259687 0.0525997 0.00265861
0 0.217564 0.392252 0.0255023 0.0463362 0.00264418
0 0.385008 0.615453 0.276117 0.159353 0.0026162
27 0.950227 0.668705 0.043581 0.187907 0.00260851
0 0.20769 0.411378 0.0433033 0.056922 0.00252607
67 0.532926 0.49006 0.161872 0.122601 0.00251976
24 0.803576 0.615245 0.0824778 0.18691 0.00250226
0 0.117444 0.49063 0.0654518 0.178547 0.00250131
25 0.486656 0.16905 0.229787 0.147993 0.00249773
0 0.445937 0.216313 0.04768 0.0688619 0.00248986
0 0.718746 0.43716 0.108184 0.210498 0.00248739
0 0.974855 0.502227 0.0468655 0.0655773 0.00245947
0 0.646758 0.455627 0.0483246 0.157368 0.00240985
0 0.791204 0.554345 0.0950909 0.198657 0.00236559
26 0.890374 0.578723 0.103958 0.162323 0.00233907
0 0.779078 0.391691 0.0340937 0.07118 0.00233814
0 0.122076 0.400629 0.0397266 0.052248 0.00230625
0 0.431582 0.563321 0.368079 0.265599 0.0023039
0 0.774102 0.382059 0.0258303 0.0592666 0.00229397
67 0.60275 0.497853 0.0360592 0.100443 0.00224996
0 0.0189075 0.538211 0.0372039 0.31027 0.00224513
26 0.800662 0.608151 0.0839199 0.177538 0.00223047
0 0.767759 0.488116 0.0773296 0.0982944 0.00212777
0 0.246641 0.404837 0.060881 0.066492 0.00212196
26 0.898013 0.575483 0.0848467 0.212102 0.00208712
0 0.229158 0.419221 0.0432734 0.0831899 0.00207782
0 0.70659 0.402018 0.040876 0.086918 0.0020729
0 0.447874 0.623677 0.404811 0.145453 0.00206286
9 0.0929915 0.0557254 0.0419852 0.10862 0.00205928
67 0.573875 0.463811 0.0395175 0.0603187 0.00204718
0 0.218029 0.39355 0.036127 0.0515908 0.00203535
0 0.783954 0.476052 0.10564 0.244893 0.0020254
39 0.975202 0.502942 0.0473196 0.0687458 0.00200406
26 0.820775 0.683902 0.0690458 0.150917 0.00196537
0 0.796142 0.382125 0.0467213 0.0547934 0.00195551
0 0.164327 0.45442 0.0574597 0.103136 0.0019376
0 0.95611 0.434329 0.0287937 0.0791749 0.00190949
0 0.650769 0.384137 0.0483435 0.0910709 0.00188756
67 0.528813 0.520856 0.15362 0.0517067 0.0018813
0 0.172441 0.489078 0.126039 0.209268 0.00186118
0 0.721255 0.382606 0.0722266 0.104353 0.0018582
26 0.949892 0.67204 0.0445377 0.193539 0.00181153
0 0.79542 0.370618 0.0642206 0.0832593 0.00175694
0 0.97833 0.567051 0.0416424 0.30173 0.00169849
24 0.801945 0.635116 0.109417 0.224366 0.00168341
26 0.81918 0.639796 0.0784801 0.190302 0.00164008
0 0.436462 0.218969 0.0735608 0.0753516 0.00163433
0 0.67758 0.465595 0.0555038 0.165796 0.00161105
73 0.975276 0.502886 0.0473667 0.0672873 0.00159439
26 0.791204 0.554345 0.0950909 0.198657 0.00159177
0 0.807591 0.710997 0.128343 0.553952 0.00158656
0 0.982954 0.68161 0.033514 0.303195 0.00158289
0 0.157128 0.512907 0.0627796 0.152579 0.00157723
0 0.227387 0.456066 0.0817756 0.144197 0.00153467
67 0.613997 0.521927 0.0281277 0.0754935 0.0015164
0 0.149843 0.477412 0.04229 0.127483 0.0014863
0 0.917037 0.403792 0.0809967 0.116825 0.00148013
0 0.184339 0.41834 0.0405613 0.0543092 0.00147632
0 0.758258 0.380615 0.0504978 0.0745437 0.00145274
0 0.164413 0.436219 0.0403409 0.0803228 0.00143853
26 0.816601 0.65569 0.0790495 0.139637 0.00143701
26 0.974855 0.502227 0.0468655 0.0655773 0.0014295
26 0.982771 0.799946 0.0333967 0.262664 0.00139007
9 0.275552 0.218402 0.0228517 0.0795307 0.00138566
0 0.673683 0.372868 0.0431516 0.0707949 0.00138
0 0.241074 0.431588 0.0492435 0.0926947 0.00134885
9 0.128193 0.0526144 0.0365584 0.102953 0.00134727
0 0.959517 0.454363 0.0407141 0.0945581 0.00134701
26 0.783613 0.560368 0.0752489 0.169377 0.00134227
67 0.557278 0.487238 0.0866512 0.107335 0.00133774
0 0.670224 0.486571 0.0670713 0.136003 0.00132135
0 0.0624951 0.3553 0.0369813 0.0584373 0.00131482
0 0.666426 0.384196 0.0459967 0.0791232 0.00127858
0 0.679283 0.400872 0.058128 0.0975465 0.00127518
9 0.825581 0.3224 0.0262066 0.0538564 0.00125971
0 0.139453 0.525363 0.0370861 0.121148 0.00124231
0 0.955085 0.428861 0.0399311 0.0963615 0.00124004
0 0.161673 0.425489 0.0379467 0.0715137 0.00121191
25 0.698524 0.16922 0.477676 0.331661 0.00118059
0 0.131375 0.402325 0.0569011 0.0552855 0.0011799
67 0.575925 0.452289 0.0308035 0.0397364 0.00116166
26 0.915049 0.609551 0.0530039 0.249938 0.00113949
26 0.950292 0.726248 0.0456257 0.297667 0.00113368
0 0.226913 0.396391 0.0492689 0.0798931 0.00113195
0 0.975619 0.565434 0.0469358 0.223895 0.00112003
26 0.82207 0.616749 0.0929474 0.237233 0.00111404
0 0.73051 0.464347 0.0589737 0.170536 0.00111356
0 0.984571 0.377919 0.0303989 0.0747039 0.00110745
26 0.813723 0.615452 0.0873045 0.193417 0.00110623
26 0.938577 0.615701 0.0987003 0.244686 0.00110114
0 0.0406402 0.43396 0.0792164 0.141908 0.00108975
24 0.880433 0.564083 0.11745 0.218521 0.00108919
0 0.329963 0.471689 0.0424596 0.0869309 0.00108248
0 0.164533 0.469471 0.0627706 0.108156 0.00107163
24 0.819556 0.624436 0.0866451 0.232068 0.0010536
0 0.983768 0.638966 0.0310698 0.28718 0.00105006
0 0.781081 0.370225 0.0387775 0.0562139 0.001048
26 0.297725 0.626427 0.102931 0.131194 0.00103599
0 0.950411 0.740804 0.0473537 0.307024 0.0010325
26 0.79537 0.581087 0.0719365 0.146523 0.00101596
0 0.277379 0.43719 0.0866233 0.115674 0.00101441
