23 0.626854 0.62369 0.615524 0.739774 0.929681
23 0.503627 0.608383 0.403922 0.774015 0.685892
23 0.4181 0.580946 0.669225 0.824886 0.531227
23 0.309704 0.579041 0.455625 0.816785 0.387176
23 0.258928 0.326611 0.352504 0.317125 0.173334
23 0.485836 0.773384 0.10048 0.442684 0.0937929
23 0.307691 0.45858 0.452645 0.579046 0.0369707
14 0.0715148 0.741905 0.019264 0.0275238 0.0334232
2 0.228962 0.728083 0.0455355 0.0412748 0.0297225
14 0.0734052 0.733119 0.0228979 0.0458687 0.0247981
23 0.452478 0.638287 0.168392 0.71696 0.0204625
23 0.380026 0.362733 0.158318 0.169556 0.018447
14 0.0757716 0.723831 0.0191316 0.0316374 0.0141495
14 0.0326388 0.745598 0.0173876 0.016052 0.011812
23 0.731047 0.813078 0.0852228 0.365501 0.0113492
23 0.742611 0.812158 0.0590919 0.363725 0.0108775
23 0.472678 0.51042 0.345143 0.459057 0.00794813
23 0.756826 0.81006 0.0889557 0.36125 0.00747147
2 0.18095 0.730816 0.0162146 0.0172363 0.00639343
14 0.078947 0.718688 0.0145063 0.0248138 0.00596052
23 0.214942 0.297633 0.264725 0.258881 0.00555888
23 0.476312 0.711586 0.121012 0.567335 0.00548914
23 0.481928 0.645681 0.094207 0.191913 0.00505725
2 0.0326388 0.745598 0.0173876 0.016052 0.0040738
14 0.0328046 0.748712 0.0173628 0.0228832 0.00397506
23 0.140219 0.735995 0.0628521 0.204517 0.00396442
23 0.449399 0.585832 0.166398 0.304177 0.00387216
23 0.696266 0.809593 0.163017 0.357471 0.00337458
23 0.140743 0.689435 0.0622406 0.11277 0.00306514
14 0.358917 0.733022 0.0308916 0.02376 0.00268501
23 0.706553 0.743699 0.133237 0.49566 0.00244412
2 0.180899 0.73478 0.0171355 0.0238869 0.00219542
23 0.654263 0.877333 0.0740454 0.232656 0.00195718
14 0.0355122 0.747105 0.0236058 0.0193071 0.00188717
23 0.776298 0.808805 0.132648 0.360889 0.00162706
23 0.563203 0.646065 0.429925 0.685969 0.00153536
14 0.228991 0.729581 0.0456475 0.0428769 0.00140843
14 0.0771181 0.728729 0.0285533 0.0456154 0.00135869
56 0.48642 0.772488 0.10027 0.442746 0.00135824
14 0.321225 0.740518 0.0213289 0.0185057 0.00132918
22 0.35794 0.731359 0.0329491 0.0236313 0.00111619
22 0.4181 0.580946 0.669225 0.824886 0.00109097
14 0.18095 0.730816 0.0162146 0.0172363 0.00107467
13 0.967081 0.731205 0.0640671 0.0452039 0.00105241
23 0.677715 0.725031 0.191454 0.527026 0.00100222
