0 0.497951 0.560055 0.991943 0.868388 0.965028
27 0.367375 0.634295 0.115778 0.39507 0.882374
27 0.984632 0.784306 0.0305838 0.428179 0.0238966
40 0.816444 0.438487 0.212404 0.115152 0.00870124
39 0.817005 0.438326 0.212115 0.114871 0.00749445
0 0.984938 0.789382 0.0298502 0.402876 0.0038217
27 0.984134 0.872473 0.0298102 0.255055 0.00252387
26 0.984891 0.796539 0.0296808 0.403624 0.00193694
41 0.816927 0.438523 0.214703 0.114453 0.00190544
27 0.984394 0.817822 0.029674 0.280186 0.00178388
78 0.817005 0.438326 0.212115 0.114871 0.0012818
