0 0.51896 0.616932 0.67031 0.743526 0.955971
0 0.0652377 0.603188 0.129236 0.483831 0.905855
0 0.905673 0.66803 0.180858 0.650247 0.865083
0 0.186564 0.648543 0.124823 0.375536 0.855253
0 0.818953 0.539192 0.149344 0.360208 0.551954
0 0.800102 0.401529 0.0650148 0.0924199 0.442319
0 0.70656 0.456467 0.0657343 0.19899 0.426612
0 0.195401 0.455968 0.0796201 0.136108 0.403709
0 0.756679 0.518196 0.101839 0.158458 0.35776
67 0.471707 0.519826 0.0361996 0.048096 0.353373
67 0.535558 0.497983 0.165019 0.115329 0.339149
0 0.282814 0.526071 0.0903309 0.169218 0.289321
0 0.123835 0.451724 0.0733585 0.153142 0.189618
0 0.28268 0.560247 0.094114 0.231929 0.170484
0 0.248946 0.449999 0.0589528 0.153825 0.159861
0 0.761596 0.557934 0.114477 0.240178 0.149098
0 0.961961 0.689445 0.0757467 0.606394 0.147703
0 0.98323 0.388719 0.0325766 0.0570079 0.139202
67 0.97533 0.50621 0.047263 0.0746738 0.132422
0 0.664644 0.459318 0.0715326 0.186102 0.124707
0 0.0208591 0.445515 0.040815 0.121079 0.122177
0 0.743388 0.412476 0.0582381 0.113926 0.107522
0 0.205793 0.461429 0.0592674 0.143009 0.0911929
0 0.852838 0.41605 0.0813637 0.115501 0.0880247
0 0.271835 0.517982 0.10466 0.293457 0.0828983
0 0.248171 0.50048 0.059086 0.252093 0.0770697
0 0.98043 0.474249 0.038776 0.131357 0.0770265
0 0.686898 0.4593 0.096383 0.198269 0.0764777
0 0.123298 0.530666 0.0720572 0.315761 0.0714323
0 0.756066 0.408229 0.0342926 0.0984717 0.0655428
0 0.297473 0.626091 0.102164 0.136312 0.0606592
0 0.0181855 0.43162 0.0351019 0.0927246 0.0602696
0 0.757405 0.395873 0.0330964 0.0724616 0.0578977
0 0.973424 0.692555 0.0531526 0.570771 0.0570761
0 0.196877 0.437779 0.0757867 0.0981898 0.0542753
0 0.0194096 0.523508 0.0388193 0.273399 0.0434218
0 0.0165444 0.415068 0.0321459 0.0592035 0.0427038
0 0.845303 0.427997 0.0974983 0.137025 0.0423234
0 0.741554 0.441276 0.0524428 0.175356 0.0412534
0 0.976199 0.61485 0.0476012 0.41222 0.039874
0 0.0205712 0.581793 0.0411424 0.395148 0.0395429
0 0.981802 0.454435 0.0359524 0.0884817 0.0366596
0 0.984856 0.378024 0.0294561 0.0772626 0.0359626
0 0.918745 0.401357 0.0828325 0.115369 0.0347702
0 0.291143 0.588726 0.098556 0.211926 0.0344981
67 0.596886 0.508184 0.0327257 0.0989308 0.0314015
0 0.11961 0.427278 0.0653913 0.10545 0.0305471
0 0.981018 0.421739 0.0376026 0.121866 0.029877
67 0.602347 0.502756 0.0439804 0.113537 0.0279741
0 0.271619 0.479827 0.0979477 0.216624 0.0276676
0 0.706026 0.420466 0.0655048 0.123402 0.0272267
0 0.113602 0.456296 0.0574323 0.126074 0.0259844
0 0.978767 0.396673 0.0414711 0.0737725 0.0259475
0 0.218869 0.394589 0.032409 0.0724316 0.0252702
0 0.832441 0.468172 0.123915 0.216417 0.0247695
26 0.343283 0.752128 0.0909412 0.149069 0.0247352
0 0.745883 0.389835 0.0540894 0.0994912 0.0237481
0 0.127091 0.466444 0.0596187 0.148168 0.0233038
0 0.677344 0.463735 0.0560831 0.17376 0.0228489
0 0.799255 0.425774 0.0683435 0.141528 0.0227033
0 0.217762 0.387162 0.0290521 0.0558964 0.0214321
0 0.862058 0.660795 0.237259 0.638664 0.0198799
67 0.599755 0.51869 0.0426523 0.0753875 0.0197366
41 0.975613 0.504872 0.0470627 0.0735168 0.0188269
0 0.969074 0.422973 0.0618526 0.128468 0.0183102
0 0.183617 0.456892 0.0630782 0.131567 0.0176962
26 0.345616 0.809522 0.0936177 0.262827 0.0157403
0 0.115881 0.415119 0.056181 0.0790822 0.015661
0 0.719537 0.449248 0.085383 0.188138 0.015016
0 0.660999 0.405097 0.0597268 0.0781667 0.0148928
0 0.983899 0.749701 0.0322027 0.499609 0.0146249
0 0.110999 0.421342 0.0480083 0.0561269 0.0145082
67 0.5787 0.491266 0.0452301 0.120843 0.0141743
0 0.142168 0.442437 0.0481306 0.125285 0.0134395
0 0.254138 0.432731 0.0634757 0.117228 0.0127668
0 0.248161 0.422709 0.0583733 0.0978193 0.0118021
0 0.144341 0.422273 0.0421559 0.0880787 0.01162
0 0.97858 0.676869 0.0428392 0.504557 0.0112767
0 0.745333 0.525464 0.0742663 0.149891 0.0112062
67 0.593354 0.513716 0.0329444 0.0810945 0.0106805
0 0.171408 0.457058 0.0458225 0.125082 0.0100837
0 0.198237 0.432159 0.0596171 0.0870437 0.00946832
0 0.0161619 0.382191 0.0307765 0.0613139 0.00942484
0 0.0185365 0.390945 0.0347746 0.0799564 0.0093275
0 0.977104 0.442798 0.045792 0.0903162 0.00932652
0 0.0170557 0.651824 0.0326276 0.136475 0.00931457
0 0.272181 0.545368 0.132201 0.29689 0.00856283
0 0.219099 0.401781 0.0394484 0.0839508 0.00840774
67 0.52983 0.445716 0.0655032 0.08725 0.0081858
24 0.297473 0.626091 0.102164 0.136312 0.00788233
67 0.592294 0.498669 0.0299435 0.110781 0.00780949
0 0.20942 0.397708 0.0443293 0.076212 0.00749654
0 0.0234782 0.698385 0.045157 0.228418 0.00740793
0 0.106967 0.44762 0.0482139 0.105719 0.00680584
0 0.773288 0.374562 0.0229922 0.0470633 0.00673383
0 0.0145161 0.369241 0.0260066 0.0375381 0.0066478
0 0.102189 0.417705 0.0317598 0.0442389 0.00645337
24 0.0651796 0.500849 0.110407 0.12555 0.00645325
0 0.185128 0.431775 0.059876 0.0855338 0.00639278
9 0.274582 0.219216 0.027342 0.0789205 0.00625682
26 0.366823 0.829126 0.136555 0.301323 0.0060049
26 0.29725 0.626766 0.102897 0.134596 0.00583711
26 0.342678 0.733606 0.0875151 0.103841 0.005808
67 0.572925 0.475032 0.0385912 0.0847031 0.0057691
11 0.447919 0.213696 0.0403854 0.0649312 0.0055429
67 0.594747 0.502735 0.0232285 0.0880689 0.00549924
0 0.290658 0.521909 0.076151 0.121791 0.00549582
0 0.137708 0.461117 0.0465744 0.131922 0.00542152
0 0.760745 0.474154 0.104241 0.234219 0.00538984
0 0.172006 0.431619 0.0361549 0.085221 0.00537762
0 0.017406 0.68632 0.033474 0.174012 0.00537598
0 0.714949 0.455906 0.0483187 0.172581 0.00519618
0 0.0665536 0.357797 0.0364851 0.0622489 0.00512484
0 0.275431 0.688427 0.146217 0.255689 0.00507793
67 0.471432 0.511844 0.0397599 0.0641277 0.004994
0 0.210567 0.517915 0.10006 0.25328 0.00496358
0 0.656387 0.463322 0.0709991 0.148831 0.00492638
0 0.918791 0.450297 0.0961687 0.210936 0.00490952
0 0.909474 0.418624 0.103209 0.150498 0.00481975
0 0.649103 0.398083 0.0346236 0.061918 0.00468454
0 0.23617 0.438687 0.037528 0.0957057 0.00464794
0 0.124914 0.413793 0.0516055 0.0777554 0.00464761
39 0.974977 0.506147 0.0466164 0.0734739 0.00463596
0 0.689948 0.460908 0.066419 0.181811 0.00449508
0 0.97581 0.493085 0.0478161 0.0913909 0.00449455
25 0.698792 0.348655 0.0599056 0.044282 0.00445583
67 0.515487 0.498439 0.124059 0.094833 0.00432724
9 0.574217 0.249271 0.0442802 0.0374895 0.00421762
65 0.97533 0.50621 0.047263 0.0746738 0.00419974
0 0.2277 0.554351 0.0576495 0.237956 0.00410795
0 0.132556 0.509611 0.0407582 0.163955 0.00401682
0 0.287296 0.620237 0.083713 0.101312 0.00401029
67 0.553641 0.460801 0.0168509 0.0471169 0.0039987
0 0.200485 0.409862 0.0336155 0.0499865 0.00395659
0 0.302378 0.563419 0.119133 0.263269 0.00394657
9 0.824114 0.322285 0.0240162 0.0554071 0.00385204
0 0.145594 0.411375 0.0369913 0.0690019 0.00374407
0 0.167084 0.417256 0.0275598 0.0740807 0.00371769
0 0.11302 0.399684 0.0448629 0.0484792 0.00365382
0 0.0684035 0.447557 0.133927 0.168926 0.00364223
39 0.976199 0.61485 0.0476012 0.41222 0.00360826
26 0.798417 0.58293 0.0553318 0.202507 0.00358778
0 0.23315 0.433444 0.0668824 0.140812 0.00355259
0 0.17661 0.4711 0.0549843 0.102359 0.00354436
0 0.0199212 0.374001 0.036188 0.0451774 0.00351021
67 0.524361 0.47631 0.0739111 0.0483815 0.00346673
0 0.959992 0.425532 0.0490536 0.115947 0.00341392
0 0.784467 0.578357 0.0967876 0.27855 0.00339913
0 0.100979 0.40701 0.0316263 0.0485614 0.00328907
26 0.01238 0.520927 0.0237803 0.174062 0.00320357
67 0.548343 0.444145 0.100248 0.0854244 0.00319672
67 0.527478 0.457758 0.068469 0.0671497 0.00315821
0 0.257556 0.413152 0.047949 0.0869772 0.00313804
24 0.0570404 0.521979 0.11055 0.16019 0.0031184
0 0.135618 0.539654 0.0454022 0.25854 0.00307274
0 0.140453 0.492309 0.0328406 0.0946043 0.0030227
0 0.181843 0.480146 0.0685603 0.0953528 0.00302213
26 0.799198 0.582254 0.0774025 0.215856 0.00300452
0 0.193387 0.486169 0.0807545 0.0916501 0.00297809
0 0.153558 0.459257 0.0473109 0.12716 0.00291613
0 0.253161 0.404318 0.047365 0.0670024 0.00288305
0 0.771126 0.493705 0.0828908 0.112995 0.00284705
0 0.132569 0.57161 0.100626 0.394675 0.00283408
24 0.343283 0.752128 0.0909412 0.149069 0.00281778
24 0.0973943 0.509022 0.0502987 0.143478 0.0027934
0 0.140174 0.513222 0.0333436 0.107931 0.00279006
67 0.477467 0.520025 0.0469113 0.0548458 0.00277016
0 0.251354 0.482744 0.0438428 0.193925 0.00274867
0 0.0170927 0.710194 0.0335091 0.249532 0.00270903
26 0.359057 0.790503 0.115867 0.22547 0.00270504
0 0.966423 0.413177 0.0486813 0.1059 0.00267804
0 0.948974 0.768475 0.0759655 0.450964 0.0026516
0 0.150428 0.416628 0.0394408 0.0780431 0.00262111
67 0.459101 0.5208 0.0642258 0.0506426 0.00257555
0 0.0540545 0.432796 0.1012 0.139494 0.00256583
0 0.217745 0.539849 0.0490292 0.173718 0.00253329
0 0.900689 0.443036 0.124489 0.200283 0.00252044
67 0.607814 0.515533 0.0362516 0.090518 0.00251809
0 0.903335 0.491598 0.161358 0.295247 0.00250512
0 0.120367 0.396543 0.0312448 0.0434362 0.00249812
0 0.958607 0.736183 0.067519 0.457397 0.00247887
67 0.604213 0.485003 0.0379482 0.0909903 0.00245243
24 0.792346 0.593882 0.0557474 0.153561 0.00243637
26 0.814463 0.581948 0.0701416 0.229101 0.00242507
26 0.287296 0.620237 0.083713 0.101312 0.00234574
0 0.203689 0.387005 0.048191 0.05778 0.00234285
0 0.228231 0.411184 0.0356561 0.0746915 0.00233838
67 0.976233 0.535453 0.03214 0.0344916 0.00230199
0 0.258482 0.396781 0.042481 0.0628504 0.00229591
67 0.519947 0.493589 0.0897527 0.0844465 0.00229135
0 0.78196 0.393939 0.030354 0.0706216 0.00223836
0 0.776379 0.385154 0.0260517 0.0659058 0.00222731
67 0.970026 0.521018 0.0465582 0.0496018 0.00222319
0 0.768629 0.421295 0.0697855 0.130327 0.00222206
26 0.788008 0.586123 0.0685661 0.189188 0.00220385
0 0.211871 0.461482 0.0459832 0.128958 0.0022026
67 0.487733 0.519623 0.0712151 0.0641632 0.002188
0 0.773757 0.367645 0.0222338 0.0359022 0.00218353
0 0.946836 0.427779 0.0503159 0.126697 0.00216869
24 0.798417 0.58293 0.0553318 0.202507 0.00215393
0 0.202134 0.41552 0.0396272 0.0585992 0.0021475
0 0.28959 0.486607 0.0951184 0.236754 0.00213417
0 0.773719 0.472684 0.0774223 0.0723102 0.00211108
0 0.109836 0.47349 0.0528533 0.128838 0.00210282
67 0.498665 0.510384 0.077412 0.0843323 0.00209773
24 0.791391 0.569461 0.0922779 0.300023 0.00208285
0 0.748661 0.42926 0.0464458 0.114667 0.00206113
0 0.211751 0.488834 0.0400774 0.0760809 0.00205851
9 0.332969 0.294849 0.0665829 0.0729892 0.00202379
67 0.485934 0.506553 0.0672267 0.0737145 0.0020197
0 0.26732 0.387422 0.031659 0.0461352 0.00198868
0 0.211544 0.423137 0.0453794 0.0799832 0.00197333
24 0.382242 0.835692 0.174336 0.317652 0.00196835
67 0.468431 0.524344 0.0455704 0.0622849 0.00194147
0 0.736879 0.371108 0.0424722 0.0561104 0.00193998
67 0.539108 0.465663 0.0445361 0.0427543 0.00192007
67 0.551798 0.465677 0.018639 0.045327 0.0019128
67 0.977572 0.473863 0.0443434 0.131029 0.00189242
0 0.733686 0.408211 0.0542397 0.113448 0.00189233
0 0.119961 0.497034 0.068422 0.156688 0.0018895
0 0.228765 0.459812 0.0381529 0.133481 0.00186247
24 0.788008 0.586123 0.0685661 0.189188 0.00185671
67 0.59386 0.486836 0.0361677 0.0880302 0.0018031
24 0.813482 0.543409 0.134432 0.350355 0.00179881
26 0.300677 0.822098 0.180379 0.336839 0.00179553
0 0.73412 0.450537 0.0593534 0.170074 0.00178763
26 0.117462 0.502857 0.044155 0.179935 0.00178295
24 0.345616 0.809522 0.0936177 0.262827 0.00177702
26 0.102635 0.510934 0.0400543 0.146924 0.00174946
9 0.328222 0.233872 0.0278445 0.0559681 0.00174719
24 0.787449 0.547498 0.0757235 0.216544 0.00174132
9 0.33068 0.303422 0.0518242 0.0536166 0.00171545
26 0.0169669 0.655803 0.0326926 0.118285 0.00171205
0 0.985527 0.642723 0.0273283 0.289987 0.00168282
0 0.776586 0.461843 0.0717656 0.0487181 0.0016745
67 0.501482 0.517722 0.0527082 0.0690722 0.0016056
0 0.665808 0.444822 0.0642134 0.119541 0.00160226
24 0.107222 0.511675 0.0322178 0.150595 0.001591
26 0.827267 0.609782 0.0731861 0.205037 0.00158364
67 0.604325 0.469541 0.0390213 0.0779952 0.00155413
24 0.28709 0.524779 0.0785949 0.126162 0.00154513
26 0.0262694 0.526222 0.0512221 0.187316 0.00153676
25 0.741003 0.347958 0.0384899 0.0296097 0.00152296
0 0.171482 0.404245 0.0287582 0.0598902 0.0015043
0 0.646258 0.386561 0.033138 0.0700296 0.00148758
2 0.297752 0.62573 0.102276 0.136464 0.00148496
24 0.06118 0.486264 0.0967192 0.0902872 0.00147572
26 0.792346 0.593882 0.0557474 0.153561 0.00147006
26 0.352305 0.767367 0.0825933 0.175613 0.00144738
0 0.646109 0.464008 0.0553102 0.136332 0.00142843
0 0.954737 0.441252 0.0272921 0.0762105 0.00142044
26 0.109797 0.512315 0.0304801 0.15835 0.00141755
0 0.146894 0.514202 0.0409744 0.10039 0.00141048
0 0.122787 0.400916 0.0364128 0.0532582 0.00140789
0 0.976435 0.809976 0.0468405 0.371646 0.00140163
67 0.5422 0.48208 0.165961 0.155791 0.00139952
0 0.142265 0.533074 0.033397 0.125107 0.00136834
0 0.169623 0.479491 0.0483804 0.0901872 0.0013628
0 0.176293 0.405044 0.0284925 0.0580465 0.00135466
24 0.77314 0.573307 0.111707 0.276922 0.00135449
67 0.976199 0.61485 0.0476012 0.41222 0.00135231
0 0.192249 0.527071 0.0950087 0.144354 0.00134981
0 0.154566 0.471397 0.032127 0.103535 0.00133157
24 0.802216 0.586311 0.0375534 0.119494 0.00132877
24 0.799198 0.582254 0.0774025 0.215856 0.00132316
0 0.179772 0.41618 0.0398172 0.0666259 0.00131997
67 0.546227 0.454486 0.0853029 0.0637388 0.00131765
67 0.528278 0.469489 0.065428 0.0440312 0.00128824
0 0.928799 0.539668 0.134776 0.365246 0.00127187
0 0.150159 0.501255 0.0343899 0.0735827 0.00126925
0 0.940063 0.410624 0.0441158 0.105979 0.00126061
24 0.0262694 0.526222 0.0512221 0.187316 0.0012542
26 0.367462 0.7881 0.083996 0.204597 0.00125295
27 0.391923 0.830789 0.140562 0.309081 0.00123864
27 0.915769 0.536748 0.0290873 0.0572518 0.00123695
26 0.813015 0.611505 0.0562874 0.185023 0.00121
0 0.968848 0.395894 0.0527348 0.0943929 0.00118729
67 0.592886 0.47352 0.0597628 0.0871167 0.00116244
0 0.769306 0.539176 0.0731445 0.198835 0.00116023
24 0.776362 0.553099 0.0787853 0.187437 0.00115827
26 0.802216 0.586311 0.0375534 0.119494 0.00113165
0 0.670542 0.366874 0.030337 0.054529 0.00109559
0 0.155975 0.407475 0.0329845 0.0634248 0.00109503
0 0.951 0.446421 0.0342018 0.0775101 0.00109288
0 0.677494 0.368503 0.043239 0.0631213 0.00108775
0 0.672087 0.357481 0.0216888 0.035796 0.00108021
24 0.812686 0.572352 0.0666279 0.240518 0.00106823
26 0.112399 0.548909 0.0321795 0.246629 0.00105649
26 0.120846 0.506158 0.0608754 0.169139 0.00104994
26 0.117196 0.51081 0.0327956 0.155512 0.00104445
11 0.572668 0.248492 0.0413968 0.0362011 0.00101942
0 0.153006 0.490986 0.0344517 0.0820883 0.00101024
0 0.301218 0.519718 0.052135 0.11329 0.0010078
