45 0.499992 0.812592 0.20489 0.190254 0.904466
60 0.493993 0.791228 0.638492 0.391221 0.482138
72 0.668798 0.538767 0.0831341 0.25591 0.380879
72 0.686494 0.538302 0.120775 0.262042 0.306948
69 0.80378 0.801472 0.391665 0.328185 0.259609
39 0.987098 0.585668 0.0254917 0.0761078 0.200173
62 0.323395 0.145143 0.0664639 0.107271 0.185906
69 0.145609 0.538033 0.200836 0.104748 0.128852
68 0.323158 0.14489 0.0663869 0.106493 0.128382
44 0.39718 0.849533 0.0528979 0.0265064 0.112482
69 0.187947 0.535551 0.11431 0.0991059 0.104875
45 0.61061 0.175387 0.134607 0.0360036 0.0825318
69 0.145078 0.700217 0.200586 0.258247 0.079092
43 0.39718 0.849533 0.0528979 0.0265064 0.0653962
69 0.100674 0.689342 0.0956371 0.141859 0.0603278
72 0.5899 0.530827 0.0912304 0.237212 0.0595836
43 0.340317 0.498368 0.0119875 0.0596901 0.0422734
41 0.774447 0.202403 0.043013 0.0974815 0.0412268
41 0.855955 0.238419 0.0303368 0.0591578 0.0396923
45 0.518022 0.245816 0.0705876 0.0378146 0.0374347
69 0.0921082 0.544353 0.0941712 0.0988428 0.0373933
45 0.517783 0.254798 0.0740959 0.0545474 0.0372963
69 0.904385 0.847848 0.191231 0.23567 0.0362023
44 0.547181 0.805122 0.0580389 0.0693052 0.0338883
45 0.391771 0.497529 0.0423905 0.0510118 0.0305055
45 0.613415 0.195712 0.137244 0.0714031 0.0301734
45 0.583883 0.25375 0.068139 0.0372354 0.0296253
69 0.952819 0.684423 0.0941734 0.149473 0.0290018
45 0.73901 0.247818 0.0283607 0.0139728 0.0289611
45 0.376086 0.314761 0.0466677 0.0422941 0.0287857
43 0.342724 0.496908 0.0123867 0.0586772 0.0287543
68 0.0921082 0.544353 0.0941712 0.0988428 0.0261753
41 0.769316 0.68816 0.024666 0.0256822 0.0249235
45 0.489978 0.691321 0.086228 0.0696718 0.0238792
72 0.635528 0.543281 0.189138 0.261754 0.0228932
44 0.340208 0.502117 0.011168 0.0538557 0.0218508
43 0.328666 0.478332 0.0124792 0.0993054 0.0216394
45 0.811197 0.20036 0.117493 0.125693 0.0214747
43 0.354631 0.476953 0.00914049 0.0572098 0.0209877
69 0.323421 0.145857 0.0663813 0.10699 0.0206719
69 0.137225 0.677557 0.171876 0.20999 0.0206152
45 0.275224 0.353121 0.0494862 0.033889 0.0202463
45 0.774264 0.200599 0.0432199 0.0952068 0.0201081
72 0.58278 0.50324 0.0744883 0.180461 0.0169249
69 0.717889 0.785326 0.557138 0.359591 0.0166497
44 0.327877 0.498061 0.0149049 0.0558219 0.0165102
72 0.72455 0.537999 0.0445971 0.263381 0.0163484
71 0.630335 0.791674 0.384772 0.316673 0.01623
68 0.14525 0.539919 0.201405 0.104983 0.0160908
43 0.371329 0.489727 0.00818324 0.03947 0.0151708
72 0.6454 0.5359 0.0393805 0.244427 0.0150989
45 0.614283 0.221891 0.132804 0.0343 0.0150587
45 0.302918 0.600746 0.0705424 0.109435 0.0147575
43 0.337929 0.480374 0.0136546 0.100203 0.0144362
72 0.269788 0.484747 0.0806014 0.184662 0.0144008
43 0.353757 0.469314 0.00829439 0.0402343 0.014164
44 0.34222 0.498143 0.0128699 0.0607844 0.0141192
60 0.53769 0.849464 0.551884 0.279289 0.0131742
43 0.327877 0.498061 0.0149049 0.0558219 0.0127496
69 0.841206 0.810791 0.317589 0.271666 0.0125372
44 0.29704 0.251274 0.015564 0.105276 0.012418
39 0.340208 0.502117 0.011168 0.0538557 0.0124035
69 0.109817 0.670549 0.123186 0.184969 0.0122272
45 0.569423 0.225947 0.0416479 0.0301041 0.012159
45 0.362473 0.278362 0.06018 0.031934 0.0118584
45 0.614108 0.208346 0.137494 0.0612663 0.0117492
69 0.412379 0.539131 0.132656 0.074978 0.01174
44 0.328521 0.477393 0.0149466 0.0987512 0.0115444
44 0.371329 0.489727 0.00818324 0.03947 0.0110881
43 0.34304 0.479314 0.0116688 0.0969613 0.0107799
45 0.769668 0.687849 0.0238049 0.0242362 0.0105551
43 0.356046 0.478913 0.0105127 0.0630622 0.0105332
44 0.530965 0.806149 0.0264794 0.0735049 0.0102023
60 0.323249 0.74055 0.282551 0.225682 0.00974298
71 0.717889 0.785326 0.557138 0.359591 0.00973296
69 0.434217 0.542597 0.0895726 0.0857112 0.00952271
45 0.826985 0.189458 0.0779127 0.104564 0.00946814
45 0.592111 0.171995 0.0965332 0.0291 0.00932595
45 0.531154 0.213934 0.0445604 0.038046 0.00908551
45 0.452974 0.718762 0.0411766 0.0304575 0.00901926
44 0.353757 0.469314 0.00829439 0.0402343 0.00897017
45 0.532678 0.222043 0.0397451 0.0329498 0.00894818
45 0.530356 0.23851 0.0463615 0.0288828 0.00868785
44 0.337929 0.480374 0.0136546 0.100203 0.00839993
26 0.175434 0.853885 0.0332271 0.120071 0.00835663
39 0.279344 0.525379 0.0129092 0.0231676 0.00834656
41 0.222397 0.467091 0.0229584 0.0348313 0.00821096
69 0.145492 0.50527 0.20354 0.180584 0.00810644
44 0.354631 0.476953 0.00914049 0.0572098 0.00807622
39 0.34222 0.498143 0.0128699 0.0607844 0.00806582
69 0.145374 0.629948 0.19946 0.283935 0.0080218
39 0.536148 0.44019 0.0130499 0.0575726 0.00797495
42 0.547181 0.805122 0.0580389 0.0693052 0.0079653
72 0.565708 0.504336 0.0427718 0.182191 0.00787961
72 0.637745 0.53505 0.0227438 0.242128 0.00769314
70 0.30235 0.601281 0.0699562 0.11018 0.00748643
41 0.796926 0.686234 0.0331268 0.0499365 0.00739431
26 0.182573 0.842237 0.0479829 0.145118 0.0071069
45 0.988373 0.336141 0.0231592 0.0469857 0.00701788
45 0.536035 0.37189 0.0330904 0.0308439 0.00700083
68 0.187947 0.535551 0.11431 0.0991059 0.00693607
45 0.61758 0.214126 0.13873 0.0341409 0.0068461
69 0.145026 0.628906 0.217597 0.402796 0.00677162
45 0.613169 0.190427 0.137937 0.0382098 0.00675312
44 0.394444 0.842312 0.0542213 0.0340383 0.00671646
69 0.624087 0.7721 0.391025 0.339497 0.00666142
39 0.533066 0.439415 0.0125706 0.057479 0.00637728
60 0.576854 0.806987 0.480065 0.337992 0.00623465
42 0.39718 0.849533 0.0528979 0.0265064 0.00617099
45 0.302666 0.565946 0.0714586 0.0416326 0.00607657
43 0.532589 0.438917 0.0117071 0.0549186 0.00597471
68 0.952819 0.684423 0.0941734 0.149473 0.00597087
45 0.517358 0.259862 0.0717312 0.0349866 0.00595665
74 0.77116 0.413914 0.0315432 0.0788016 0.00593701
39 0.668697 0.545038 0.0134385 0.0306891 0.00591332
45 0.857003 0.238534 0.0311649 0.0587508 0.00587079
72 0.672092 0.533537 0.0680582 0.213608 0.00579467
67 0.771279 0.41406 0.0323998 0.0782982 0.00576779
69 0.439622 0.525579 0.077165 0.0497352 0.00573713
44 0.324393 0.477902 0.0167837 0.0994008 0.00572455
26 0.207975 0.821746 0.0763063 0.187831 0.00571823
44 0.271046 0.241149 0.00815773 0.0412851 0.00570172
45 0.364718 0.294252 0.0638525 0.0249451 0.00566539
43 0.360856 0.495051 0.0144773 0.0605909 0.00563762
43 0.324184 0.484453 0.0166359 0.0855313 0.00556499
43 0.547181 0.805122 0.0580389 0.0693052 0.00552693
45 0.535985 0.212382 0.0381016 0.0324075 0.00546491
43 0.354469 0.488897 0.0141242 0.086073 0.00541866
39 0.562031 0.369152 0.00935202 0.0220154 0.00539029
71 0.499679 0.813159 0.204103 0.188753 0.00538364
69 0.427814 0.538959 0.106051 0.0640272 0.00532073
69 0.66736 0.538803 0.0801717 0.257677 0.00526112
44 0.356046 0.478913 0.0105127 0.0630622 0.00524896
45 0.370151 0.307506 0.0513883 0.035312 0.00521725
45 0.781699 0.200328 0.0573394 0.115877 0.00506014
69 0.117766 0.71354 0.13715 0.228546 0.00503734
0 0.583347 0.48108 0.0216542 0.110771 0.00499174
44 0.272375 0.496993 0.0143916 0.0677156 0.00495899
44 0.275901 0.493445 0.0157995 0.0604166 0.00492051
69 0.109226 0.492484 0.126901 0.203676 0.0049127
39 0.277183 0.49914 0.0153237 0.0730063 0.00480762
44 0.300022 0.24899 0.0158868 0.104487 0.00476745
45 0.609717 0.176027 0.126949 0.0258476 0.00472468
45 0.467317 0.296176 0.0303145 0.0331988 0.00472355
45 0.51706 0.26781 0.07285 0.0605337 0.00470603
45 0.612904 0.18958 0.132148 0.0192527 0.00469598
41 0.466842 0.295767 0.0289956 0.0323189 0.00468257
44 0.36044 0.490599 0.01355 0.0591152 0.00464013
43 0.353934 0.526779 0.015093 0.147852 0.00460854
45 0.476326 0.340774 0.0675419 0.0271838 0.00459999
44 0.40525 0.484502 0.0149408 0.0300282 0.00459787
71 0.439039 0.518494 0.0752869 0.0302391 0.00456026
69 0.688171 0.538811 0.122498 0.264426 0.00451428
69 0.497356 0.787918 0.638977 0.393917 0.0044944
45 0.613005 0.185367 0.131068 0.0260619 0.00445235
41 0.476338 0.270372 0.0141828 0.0504389 0.00437814
69 0.0979466 0.630981 0.108903 0.280659 0.00434795
41 0.987119 0.586272 0.025452 0.0736334 0.00425458
0 0.561857 0.501174 0.0312361 0.179402 0.00409788
71 0.437611 0.523652 0.0841605 0.0355738 0.00408763
45 0.522588 0.21266 0.0182713 0.0332339 0.00402412
69 0.838232 0.7302 0.323536 0.138383 0.00399265
0 0.34222 0.498143 0.0128699 0.0607844 0.00396273
39 0.371329 0.489727 0.00818324 0.03947 0.0039309
0 0.566588 0.503677 0.0444586 0.183897 0.00392652
43 0.365508 0.494126 0.0134588 0.0474569 0.00390729
45 0.522114 0.229395 0.0764235 0.0634172 0.0038161
45 0.302859 0.555425 0.0709256 0.0241957 0.00374466
44 0.401995 0.855455 0.0674361 0.0358681 0.00365657
68 0.117553 0.44146 0.097992 0.100156 0.00358301
13 0.702165 0.802337 0.235598 0.209783 0.00355688
39 0.855955 0.238419 0.0303368 0.0591578 0.00351411
44 0.34304 0.479314 0.0116688 0.0969613 0.00351354
39 0.674169 0.677145 0.0164864 0.0737718 0.00348565
0 0.582195 0.468905 0.0183969 0.0850012 0.0034799
69 0.179372 0.641039 0.137162 0.314816 0.00347549
60 0.315358 0.79776 0.27527 0.36521 0.00345668
71 0.786064 0.704396 0.239239 0.094697 0.00341767
41 0.303052 0.600731 0.0682895 0.109214 0.00340536
45 0.503087 0.219941 0.0182516 0.0285817 0.00335258
45 0.618768 0.229936 0.135228 0.0281902 0.00334966
79 0.532589 0.438917 0.0117071 0.0549186 0.00324994
60 0.492063 0.718603 0.631941 0.262068 0.00323263
43 0.536148 0.44019 0.0130499 0.0575726 0.00317037
45 0.507769 0.609738 0.0696202 0.0301927 0.00315973
39 0.271149 0.544385 0.0211802 0.0694168 0.00315014
26 0.21937 0.873632 0.0490809 0.0820345 0.00314501
39 0.769316 0.68816 0.024666 0.0256822 0.00309268
72 0.588855 0.553006 0.0708361 0.285005 0.00308061
74 0.322798 0.143987 0.0672071 0.104628 0.00300783
69 0.439526 0.514872 0.0763832 0.031472 0.0029805
45 0.616095 0.207842 0.13533 0.0320708 0.00297055
71 0.39126 0.497084 0.0431654 0.0519072 0.00295815
60 0.409879 0.537797 0.135033 0.0879487 0.00293824
26 0.190932 0.825532 0.0607818 0.180025 0.00291947
69 0.437611 0.523652 0.0841605 0.0355738 0.00288793
45 0.531474 0.368394 0.0255256 0.0291171 0.00285083
45 0.46553 0.495164 0.0286646 0.0161161 0.00280869
45 0.775032 0.157306 0.0395441 0.01319 0.00279936
45 0.426286 0.294258 0.0616068 0.031502 0.00279921
68 0.488671 0.688812 0.0868776 0.0663974 0.00277913
44 0.272677 0.506007 0.0177738 0.0851652 0.00276753
45 0.594158 0.19031 0.0978657 0.0195622 0.00276726
0 0.581618 0.469113 0.0172338 0.0582788 0.00273886
39 0.253995 0.541414 0.0126371 0.0455351 0.00271159
45 0.562816 0.22418 0.0241407 0.0376069 0.00269577
44 0.375495 0.489377 0.0150456 0.0385921 0.00269079
71 0.401986 0.534403 0.154157 0.0709179 0.00266567
71 0.806076 0.799483 0.387116 0.334152 0.00265867
69 0.528018 0.653921 0.194781 0.102478 0.00262797
43 0.394444 0.842312 0.0542213 0.0340383 0.00259936
43 0.352111 0.532746 0.019569 0.203739 0.00259495
70 0.771455 0.414043 0.0308016 0.0782989 0.00259128
39 0.604129 0.363695 0.0120218 0.034776 0.00257677
44 0.354469 0.488897 0.0141242 0.086073 0.00257197
69 0.117398 0.441441 0.0979214 0.100276 0.00255767
39 0.272677 0.506007 0.0177738 0.0851652 0.00255731
26 0.172769 0.869715 0.0278375 0.0871839 0.00255206
43 0.276788 0.496534 0.0152209 0.0663291 0.00254884
26 0.219558 0.822158 0.052886 0.186674 0.0025264
44 0.365508 0.494126 0.0134588 0.0474569 0.00249773
39 0.272375 0.496993 0.0143916 0.0677156 0.00248608
70 0.223067 0.466599 0.0253026 0.0363492 0.00247923
45 0.615032 0.213499 0.13403 0.0239714 0.00247779
69 0.588855 0.553006 0.0708361 0.285005 0.00246155
69 0.190097 0.545866 0.0958882 0.0715032 0.00245088
0 0.586978 0.47861 0.0277315 0.121961 0.00242573
41 0.522588 0.21266 0.0182713 0.0332339 0.00239533
69 0.0909391 0.568829 0.082861 0.0496883 0.0023751
44 0.320982 0.478399 0.00979848 0.100979 0.00236955
69 0.103677 0.718311 0.0902375 0.0822059 0.00232804
45 0.42491 0.304024 0.0581978 0.0392709 0.0023199
60 0.223506 0.677313 0.116519 0.202401 0.00231168
41 0.452974 0.718762 0.0411766 0.0304575 0.00227275
69 0.847442 0.743532 0.301971 0.10253 0.00223848
43 0.530965 0.806149 0.0264794 0.0735049 0.00223401
72 0.700353 0.5358 0.0587639 0.270018 0.00222158
60 0.261211 0.677421 0.177887 0.204649 0.00221878
69 0.701476 0.794232 0.237412 0.196478 0.0021919
39 0.476338 0.270372 0.0141828 0.0504389 0.00218174
69 0.102957 0.676814 0.0888342 0.105701 0.00217775
44 0.536148 0.44019 0.0130499 0.0575726 0.00217006
39 0.540069 0.441688 0.0140426 0.0586467 0.00215474
39 0.521128 0.442966 0.0127523 0.0522347 0.00213715
69 0.0968218 0.526198 0.106655 0.0628088 0.00213134
71 0.439622 0.525579 0.077165 0.0497352 0.00212747
71 0.805544 0.719386 0.193391 0.0422668 0.00211635
45 0.481277 0.703091 0.100385 0.0646904 0.00210676
41 0.988373 0.336141 0.0231592 0.0469857 0.0021053
45 0.556585 0.627092 0.0521874 0.0232511 0.00210401
0 0.582471 0.441838 0.0148572 0.0365884 0.00209028
43 0.340939 0.476845 0.0119449 0.0957558 0.00207195
69 0.874215 0.69936 0.25157 0.183608 0.00206152
43 0.320982 0.478399 0.00979848 0.100979 0.0020614
71 0.781446 0.720322 0.103074 0.0348172 0.00206131
43 0.272677 0.506007 0.0177738 0.0851652 0.0020515
26 0.172487 0.883506 0.0276352 0.0612296 0.00203595
41 0.768812 0.687271 0.027335 0.0330922 0.00201061
45 0.546593 0.803766 0.0567214 0.0654756 0.00200164
45 0.494932 0.613405 0.0933758 0.0374827 0.00197786
44 0.391846 0.494063 0.0422272 0.0480078 0.00197235
60 0.62366 0.763548 0.387382 0.324352 0.0019466
39 0.402616 0.596424 0.0258518 0.128216 0.00194499
39 0.353757 0.469314 0.00829439 0.0402343 0.00193876
45 0.308754 0.578464 0.0742014 0.0744533 0.00188935
72 0.189543 0.53311 0.111766 0.0959041 0.0018883
43 0.272375 0.496993 0.0143916 0.0677156 0.00187743
41 0.342214 0.618574 0.0170885 0.0339647 0.00186297
45 0.556342 0.287498 0.039677 0.0245524 0.00185317
60 0.435302 0.532936 0.087138 0.0713302 0.0018357
69 0.485662 0.692833 0.0945787 0.0785111 0.0018343
42 0.530965 0.806149 0.0264794 0.0735049 0.00182793
74 0.379649 0.177402 0.0164227 0.0250334 0.00182068
69 0.944061 0.785017 0.111877 0.0735769 0.0017969
41 0.781699 0.200328 0.0573394 0.115877 0.00179285
44 0.532589 0.438917 0.0117071 0.0549186 0.0017868
0 0.575328 0.505909 0.063221 0.188676 0.00177443
41 0.562031 0.369152 0.00935202 0.0220154 0.00175706
68 0.100674 0.689342 0.0956371 0.141859 0.00175548
62 0.0921082 0.544353 0.0941712 0.0988428 0.00173235
39 0.276705 0.54887 0.0309703 0.0650406 0.00171527
43 0.401995 0.855455 0.0674361 0.0358681 0.0017142
39 0.771774 0.413325 0.0305592 0.0801856 0.00171188
45 0.191048 0.475472 0.0274992 0.0184745 0.00170839
44 0.321282 0.534444 0.0147954 0.0253267 0.00170764
69 0.535071 0.678499 0.161821 0.103223 0.00170624
71 0.682864 0.677113 0.12188 0.0259429 0.00170538
39 0.372594 0.566348 0.040436 0.170676 0.00169641
60 0.776662 0.804879 0.446676 0.330587 0.00169641
60 0.150513 0.70048 0.21387 0.261059 0.00169036
73 0.533066 0.439415 0.0125706 0.057479 0.00168374
69 0.540795 0.658594 0.133406 0.0674987 0.001683
71 0.964447 0.625198 0.0702549 0.0296657 0.00168192
69 0.634573 0.558546 0.0278072 0.178152 0.00167772
45 0.361952 0.302374 0.0624059 0.0344204 0.00167543
72 0.660609 0.58818 0.0576239 0.147527 0.00167418
45 0.561434 0.219086 0.0266437 0.0301516 0.0016304
45 0.819544 0.15632 0.0527309 0.0383681 0.00162202
39 0.354631 0.476953 0.00914049 0.0572098 0.00161928
45 0.188018 0.474445 0.0345701 0.0224301 0.00160953
