0 0.449581 0.59508 0.588632 0.791963 0.932681
58 0.941901 0.361787 0.114523 0.154914 0.596916
57 0.0943308 0.872036 0.186816 0.245573 0.3639
65 0.743028 0.587925 0.0921393 0.0295938 0.269994
32 0.0892649 0.469848 0.0704775 0.0588017 0.207539
58 0.840629 0.440075 0.121181 0.106119 0.189724
73 0.16029 0.0641435 0.184827 0.0342762 0.175251
75 0.726021 0.444713 0.124214 0.247102 0.159044
67 0.74274 0.587599 0.0904195 0.0277389 0.128937
58 0.925471 0.516339 0.119618 0.10281 0.123093
73 0.122033 0.181625 0.194644 0.0622327 0.113337
73 0.705369 0.949306 0.082416 0.0974361 0.109991
65 0.697457 0.602425 0.180559 0.0602621 0.1099
73 0.101293 0.275593 0.193046 0.0578704 0.0938342
65 0.786714 0.872709 0.0939829 0.0142736 0.0904235
73 0.51311 0.937315 0.0541066 0.0986565 0.0846449
73 0.820286 0.959348 0.138503 0.0803532 0.0824499
75 0.803357 0.688192 0.122343 0.0927229 0.0636662
73 0.181543 0.0118322 0.165102 0.022923 0.0625887
73 0.0606542 0.277367 0.0235552 0.0485814 0.0625161
73 0.62259 0.947163 0.0702742 0.100331 0.0602455
73 0.60909 0.946914 0.102551 0.106173 0.0543182
73 0.0569036 0.277662 0.0190883 0.0483946 0.0539442
73 0.088856 0.279478 0.0171395 0.0474297 0.0525723
73 0.542056 0.692554 0.0286278 0.0945015 0.048913
73 0.0635172 0.276105 0.11261 0.0536583 0.0464797
73 0.553723 0.691164 0.0262802 0.0938416 0.044706
58 0.849589 0.418539 0.141972 0.150545 0.0435489
73 0.538655 0.694674 0.017613 0.0871857 0.0434722
73 0.0259162 0.277336 0.0204579 0.0467828 0.0422827
58 0.840691 0.466129 0.122699 0.159683 0.0421752
73 0.570438 0.691922 0.0217328 0.0872908 0.0407857
73 0.0438399 0.276767 0.0213837 0.0491528 0.0398952
73 0.192943 0.0641961 0.0172496 0.0266383 0.0393177
73 0.0604856 0.277298 0.0716472 0.0517218 0.0383877
73 0.0905703 0.182705 0.0293191 0.0510672 0.0366798
73 0.206557 0.0634828 0.0151571 0.0260027 0.0366561
73 0.170983 0.193533 0.0239933 0.0347011 0.03525
73 0.136441 0.128673 0.0647469 0.029355 0.0344343
73 0.126004 0.0651725 0.0234601 0.0313055 0.0342001
56 0.0940057 0.868969 0.186828 0.241899 0.0337005
65 0.721005 0.595044 0.0516251 0.0190323 0.0332675
73 0.0742654 0.279254 0.0158812 0.047769 0.0329806
65 0.709301 0.600542 0.0306224 0.020916 0.0327046
73 0.155886 0.193951 0.0184933 0.033811 0.0325891
73 0.159349 0.0654201 0.0232091 0.0297509 0.0313722
73 0.152673 0.0650508 0.0204945 0.0300631 0.0312782
73 0.0647446 0.181168 0.0265803 0.0499572 0.0311253
73 0.115591 0.236493 0.178511 0.0181529 0.0309346
73 0.0714874 0.278296 0.0148456 0.0478705 0.0309198
73 0.0699505 0.181927 0.0250991 0.0497357 0.0307229
73 0.0207663 0.278153 0.0182435 0.0449431 0.030225
73 0.027056 0.27672 0.0284094 0.0491537 0.0300381
73 0.532922 0.696839 0.0218959 0.0823195 0.0292782
73 0.206704 0.106211 0.060586 0.00917184 0.0290048
73 0.162473 0.193648 0.0339571 0.0349805 0.0288882
58 0.92689 0.468258 0.126932 0.200876 0.0281228
75 0.947932 0.40647 0.0974826 0.0637665 0.0276351
73 0.140045 0.0652486 0.0153067 0.0305608 0.0270646
73 0.797135 0.959315 0.08691 0.0781082 0.026313
73 0.224941 0.0636399 0.012734 0.0259161 0.0261295
73 0.553091 0.692764 0.0390612 0.0958339 0.0261275
73 0.0787038 0.180131 0.0654616 0.0541965 0.0261037
73 0.156796 0.278713 0.0171593 0.0283814 0.0259547
73 0.548432 0.693814 0.0210028 0.0916513 0.0256693
75 0.840052 0.444554 0.117824 0.0920678 0.0251203
58 0.881587 0.477776 0.211374 0.183391 0.0250335
73 0.189618 0.0107022 0.0156694 0.0191187 0.0244131
73 0.17027 0.0105038 0.0204596 0.0187165 0.0243166
73 0.202682 0.119763 0.0665916 0.0314734 0.0239164
58 0.888706 0.405506 0.218437 0.242908 0.0239117
73 0.125258 0.184282 0.0394224 0.0489833 0.0237174
73 0.61342 0.95878 0.0805155 0.080397 0.0236206
73 0.126558 0.183748 0.024448 0.0482539 0.0235616
73 0.118887 0.281008 0.106388 0.0442901 0.023324
73 0.109418 0.0648098 0.0194963 0.0315113 0.0232816
73 0.169557 0.238206 0.0676926 0.0118859 0.0226547
73 0.222693 0.0632931 0.0135747 0.0260771 0.0224908
73 0.106144 0.281492 0.0244204 0.0407653 0.0224386
73 0.084391 0.124773 0.0397044 0.0366364 0.0217946
58 0.922703 0.420724 0.153077 0.274282 0.0217347
73 0.187207 0.193366 0.0381197 0.0356461 0.0212749
73 0.149859 0.279827 0.0285033 0.0311876 0.0207628
73 0.0389909 0.276048 0.0299069 0.0518827 0.0200132
73 0.0686027 0.277466 0.0229736 0.0512749 0.0199841
73 0.107462 0.182879 0.0182798 0.0483323 0.0193623
73 0.120738 0.237675 0.165026 0.013234 0.0193532
73 0.193778 0.011245 0.0193962 0.0197224 0.0191866
73 0.914619 0.965606 0.0564994 0.0667355 0.0189632
73 0.56436 0.691346 0.0286878 0.0963167 0.0189267
73 0.178769 0.0110936 0.0251317 0.0193026 0.0188384
73 0.177203 0.0649652 0.0181096 0.02857 0.0188178
73 0.517299 0.716813 0.0142118 0.0388935 0.0188124
73 0.155269 0.0101116 0.0162436 0.0182364 0.0187892
73 0.113212 0.183297 0.0281077 0.0500188 0.0185934
73 0.170544 0.0648029 0.0194557 0.0288101 0.018399
73 0.144224 0.279664 0.0170397 0.0286673 0.018301
73 0.192765 0.134833 0.0810382 0.0213606 0.0182222
73 0.127009 0.120469 0.147557 0.0449075 0.0179911
75 0.83041 0.555049 0.0680027 0.061356 0.0175292
73 0.131116 0.0095393 0.0550692 0.0185184 0.0174182
58 0.964176 0.348287 0.0697525 0.119051 0.0173196
56 0.189662 0.503534 0.193079 0.235012 0.0171487
73 0.0138575 0.277587 0.0216887 0.0460429 0.0171403
73 0.0936411 0.0642948 0.0204135 0.0319552 0.016885
73 0.224701 0.0111892 0.0170749 0.0206333 0.0165624
73 0.207449 0.011343 0.0159639 0.0204767 0.0165586
73 0.188295 0.192691 0.0232348 0.0358603 0.016552
75 0.94927 0.416967 0.0953669 0.0422327 0.0164192
73 0.116009 0.282355 0.0398716 0.0356471 0.0159127
73 0.176786 0.283195 0.0433713 0.0342419 0.01577
73 0.201548 0.118313 0.0686163 0.022308 0.0156579
59 0.094033 0.871943 0.186729 0.245407 0.0155527
73 0.627225 0.924929 0.0572344 0.0569595 0.0152082
73 0.603373 0.971447 0.0806315 0.0564922 0.0150759
75 0.924848 0.521031 0.117079 0.0908237 0.0150532
73 0.204132 0.10925 0.0733136 0.0188976 0.0149302
73 0.526234 0.839772 0.0443227 0.0506577 0.0147953
73 0.0753085 0.182372 0.0454907 0.0551897 0.0146059
75 0.679892 0.739239 0.103347 0.249881 0.0143543
73 0.0919327 0.125342 0.0244832 0.0342496 0.0143305
73 0.181764 0.285213 0.0312989 0.0378475 0.0142626
65 0.911385 0.90184 0.160256 0.0330711 0.0141442
41 0.134985 0.129354 0.0632661 0.0265783 0.013937
73 0.212026 0.0116967 0.0200879 0.0208812 0.0133418
73 0.136158 0.185757 0.0235578 0.0459055 0.0131749
65 0.881549 0.897726 0.104844 0.0232178 0.013123
73 0.155273 0.0110248 0.108673 0.020811 0.0130208
73 0.553613 0.94609 0.0645734 0.10782 0.0126649
73 0.536415 0.694775 0.059034 0.0927277 0.0125605
73 0.652323 0.948627 0.193645 0.102706 0.0123654
57 0.0547415 0.925276 0.108963 0.138434 0.0123222
73 0.563515 0.694052 0.0501353 0.0937881 0.0121618
58 0.80145 0.61764 0.134133 0.234025 0.0120653
73 0.158089 0.0109082 0.0246331 0.0194504 0.0117115
56 0.19478 0.599173 0.185965 0.425944 0.0116033
65 0.738798 0.593381 0.0914018 0.0405723 0.0115912
73 0.849255 0.959841 0.198749 0.0788311 0.0114799
73 0.0437702 0.181145 0.0253129 0.0502662 0.011337
65 0.676706 0.610412 0.137767 0.0460297 0.01133
75 0.806916 0.560888 0.113519 0.0891127 0.0112328
73 0.158409 0.285726 0.0813009 0.0416587 0.0105767
56 0.12496 0.671217 0.244258 0.632293 0.0105735
56 0.24152 0.447753 0.0888311 0.119585 0.0104395
73 0.541824 0.944794 0.0412092 0.106296 0.0104243
73 0.16474 0.127096 0.136901 0.038108 0.0103951
75 0.838329 0.475453 0.130454 0.179816 0.010383
73 0.186559 0.128861 0.0925527 0.0303836 0.0101959
73 0.0843973 0.231724 0.0876826 0.0103105 0.0100245
73 0.201211 0.191704 0.0285321 0.036025 0.00996146
58 0.903015 0.377449 0.0638262 0.0616539 0.00983438
73 0.123567 0.280184 0.0617308 0.0399262 0.0096806
73 0.978009 0.967348 0.0425664 0.0633606 0.00966981
73 0.0844453 0.122488 0.0535924 0.0438787 0.00955787
73 0.625594 0.935796 0.0603602 0.0769516 0.00941324
73 0.14594 0.188935 0.0243815 0.0409509 0.00927314
75 0.803358 0.666304 0.125896 0.137222 0.00913453
73 0.0812462 0.0639369 0.0233209 0.0326766 0.00900549
65 0.690196 0.603334 0.108498 0.0297613 0.00892007
73 0.159696 0.280823 0.024741 0.0334972 0.00884581
73 0.828687 0.967818 0.110375 0.0627068 0.00864214
73 0.204939 0.135623 0.0581901 0.020828 0.00851759
65 0.618703 0.54298 0.0393449 0.00995293 0.00835192
73 0.0622945 0.182939 0.035725 0.0551138 0.00831619
56 0.152391 0.589827 0.270406 0.450455 0.008288
65 0.780669 0.875992 0.10948 0.0217117 0.00824806
73 0.243661 0.0110636 0.0221903 0.0207098 0.00820827
73 0.51181 0.949679 0.0512577 0.0594395 0.00803268
62 0.803469 0.683306 0.38809 0.406148 0.00794581
45 0.134959 0.12895 0.0639048 0.0271525 0.00794277
73 0.640327 0.952816 0.0360705 0.0918217 0.00786197
73 0.168202 0.235901 0.0722591 0.0131162 0.00775185
73 0.684385 0.877082 0.105884 0.0254328 0.0076628
73 0.536723 0.943435 0.0630979 0.10711 0.00745344
73 0.540391 0.843787 0.0245565 0.0495785 0.00732964
73 0.514464 0.907872 0.044982 0.037859 0.00713328
73 0.186817 0.12553 0.0967602 0.0417802 0.00705841
73 0.53338 0.842584 0.0357699 0.0485287 0.00686076
73 0.935549 0.964723 0.0488162 0.0681454 0.00684574
65 0.625101 0.620228 0.0370654 0.0320957 0.00678006
73 0.163834 0.0660338 0.0363016 0.0323105 0.00675729
56 0.241244 0.511097 0.0916213 0.246411 0.00672311
73 0.655468 0.949089 0.0294556 0.0984295 0.00671664
75 0.815215 0.552761 0.0991531 0.0600708 0.00670236
65 0.684286 0.877448 0.101762 0.0264774 0.0065583
73 0.92993 0.963311 0.0716901 0.0694145 0.00628105
73 0.087966 0.275731 0.0887979 0.0543597 0.00620574
73 0.147587 0.066134 0.0278315 0.0322985 0.0061087
75 0.836875 0.49527 0.114248 0.0826835 0.00588876
73 0.528345 0.819576 0.0530663 0.0954659 0.00585642
58 0.914549 0.380044 0.170902 0.192947 0.0057705
73 0.0755768 0.182373 0.0877519 0.0581077 0.00574166
73 0.876342 0.962071 0.136116 0.0753258 0.00561237
45 0.949564 0.419539 0.0937866 0.0388236 0.0055826
65 0.621129 0.617253 0.039241 0.0353277 0.00548911
75 0.835418 0.474744 0.106136 0.0383377 0.00546098
73 0.510244 0.95907 0.0464677 0.0420532 0.00536364
39 0.0918578 0.125356 0.0262384 0.0344944 0.00534341
65 0.736051 0.868972 0.223748 0.0254417 0.00532073
73 0.945782 0.965839 0.0302127 0.067329 0.00517577
75 0.801126 0.623844 0.132483 0.222069 0.00514469
73 0.947082 0.956771 0.105046 0.0825323 0.00512624
73 0.161956 0.0546914 0.188453 0.0528858 0.00507161
58 0.819513 0.486106 0.143359 0.229437 0.00499883
57 0.119629 0.730419 0.237214 0.51514 0.00484499
73 0.567484 0.942906 0.0487562 0.100293 0.00478896
73 0.106894 0.126773 0.0164336 0.0300406 0.00476143
45 0.924604 0.517102 0.118762 0.101313 0.00475058
73 0.956996 0.964911 0.0466799 0.0681562 0.0046685
56 0.211438 0.526997 0.155251 0.281373 0.00463888
57 0.395015 0.601986 0.774867 0.627769 0.00449845
73 0.842571 0.977381 0.0866506 0.0436081 0.00446233
73 0.780617 0.969834 0.0572164 0.0581369 0.00440899
65 0.875682 0.879774 0.0855376 0.0303194 0.00435972
58 0.949564 0.419539 0.0937866 0.0388236 0.00426227
75 0.941214 0.361957 0.11619 0.155535 0.0042589
73 0.14037 0.27093 0.128427 0.0508503 0.00419629
75 0.921276 0.543276 0.107929 0.0444731 0.00419375
45 0.806916 0.560888 0.113519 0.0891127 0.00417826
74 0.458349 0.624033 0.0390814 0.0224342 0.00417086
73 0.174365 0.03185 0.161941 0.035069 0.00410905
65 0.715351 0.597762 0.057311 0.0247315 0.0041059
65 0.665002 0.615735 0.118012 0.0374748 0.00408709
73 0.968613 0.966293 0.0599901 0.0666117 0.00402108
58 0.893531 0.379479 0.0485602 0.0648489 0.00390279
74 0.61157 0.586266 0.0325031 0.0888747 0.00377718
73 0.528637 0.830655 0.048688 0.0724098 0.0037626
73 0.0775164 0.231915 0.0956369 0.0138202 0.00374484
73 0.531718 0.71583 0.0220927 0.0463222 0.00373286
75 0.953139 0.393312 0.0760951 0.0884513 0.00371069
73 0.16597 0.259208 0.071448 0.0209334 0.00364566
75 0.834958 0.456833 0.106813 0.0685842 0.00364456
75 0.943869 0.397801 0.0917725 0.0484728 0.00360638
73 0.963009 0.959183 0.0725444 0.0772631 0.00357506
73 0.0798135 0.280654 0.0204544 0.0545214 0.00355405
73 0.586812 0.974791 0.0574725 0.0498129 0.00355235
67 0.786714 0.872709 0.0939829 0.0142736 0.00347769
73 0.688735 0.95059 0.0551497 0.0958351 0.00341249
65 0.620158 0.589545 0.0415628 0.0916658 0.00337404
65 0.912426 0.89018 0.175148 0.0567694 0.00330937
73 0.0865381 0.239275 0.120957 0.0165663 0.00330591
73 0.15616 0.269595 0.0938084 0.0478853 0.00314778
73 0.203736 0.0661724 0.0740158 0.0327898 0.00305846
57 0.291777 0.839894 0.583554 0.300309 0.00304851
73 0.946488 0.924155 0.104358 0.0247129 0.00304535
39 0.522502 0.813598 0.0516233 0.106865 0.00301397
73 0.236401 0.0633087 0.0173604 0.0270027 0.00301138
73 0.195381 0.0556323 0.109578 0.0448004 0.00297338
74 0.607862 0.572968 0.0243025 0.059976 0.00297117
73 0.584036 0.954621 0.0567295 0.0875904 0.00293481
58 0.191392 0.496364 0.190978 0.218656 0.00292063
58 0.947932 0.40647 0.0974826 0.0637665 0.00291634
65 0.636987 0.618692 0.0645915 0.033416 0.0029054
73 0.145586 0.113876 0.199525 0.06834 0.00289106
73 0.644358 0.96143 0.0333562 0.0752712 0.00281522
73 0.685643 0.966158 0.0472482 0.0645391 0.00279522
73 0.153112 0.181581 0.143705 0.0600201 0.00279504
58 0.976905 0.348429 0.0441559 0.118359 0.00276354
58 0.84053 0.428788 0.113914 0.0721205 0.0026772
75 0.824894 0.564782 0.0804787 0.0774384 0.002662
73 0.0984685 0.180414 0.0939386 0.0564837 0.00263682
73 0.652438 0.947105 0.0429136 0.105027 0.00262418
39 0.0802176 0.125236 0.0367235 0.0356718 0.00260943
65 0.774954 0.589146 0.154636 0.0328551 0.00260797
73 0.16991 0.259292 0.0634474 0.0286492 0.00260592
73 0.59503 0.938944 0.0503708 0.0888767 0.00257528
73 0.856945 0.926581 0.0877355 0.0225075 0.00257468
41 0.744979 0.587108 0.0852389 0.025672 0.00257012
58 0.930069 0.37394 0.105849 0.0720773 0.00257
73 0.942227 0.919243 0.112202 0.0269163 0.00253528
73 0.0869819 0.0584266 0.0335903 0.0444013 0.00252479
65 0.638734 0.624609 0.0256063 0.0230609 0.0025236
73 0.0804888 0.242948 0.115487 0.0178435 0.00252345
39 0.524619 0.825254 0.0458458 0.0792477 0.00251418
39 0.981876 0.827244 0.0320969 0.119139 0.00250363
56 0.165878 0.649138 0.134439 0.325432 0.00246859
65 0.739989 0.863493 0.212193 0.036754 0.0024668
56 0.600678 0.4677 0.139073 0.162994 0.00246432
73 0.154097 0.0965733 0.17833 0.0283791 0.00245708
73 0.774742 0.950326 0.233951 0.0993476 0.00243992
62 0.754342 0.200747 0.117936 0.111137 0.00242946
65 0.953101 0.898268 0.0918658 0.0359585 0.002424
73 0.172793 0.110622 0.136532 0.0317463 0.00241923
75 0.837504 0.518639 0.115486 0.122149 0.002417
73 0.156393 0.070868 0.184542 0.0466435 0.00239775
39 0.0811108 0.0639578 0.0235524 0.0327084 0.00238407
75 0.956796 0.38797 0.0632 0.0523226 0.00236532
56 0.0547415 0.925276 0.108963 0.138434 0.00235364
45 0.841068 0.439629 0.121151 0.104318 0.00234371
64 0.786714 0.872709 0.0939829 0.0142736 0.00230876
58 0.185548 0.574098 0.0941315 0.137374 0.00226086
73 0.513568 0.716079 0.0161364 0.0365215 0.00225085
73 0.130107 0.222429 0.200661 0.0281939 0.00223577
73 0.854542 0.959674 0.102493 0.0715939 0.00222164
58 0.805956 0.56099 0.118121 0.089731 0.00220126
57 0.245361 0.872007 0.490723 0.242345 0.00219643
75 0.814792 0.529311 0.116746 0.127602 0.00217932
75 0.803255 0.667974 0.123397 0.0934552 0.00212255
73 0.184184 0.185684 0.0765357 0.0506652 0.00210273
73 0.141565 0.119125 0.0937008 0.0470779 0.00209278
