5 0.542348 0.509608 0.654334 0.549174 0.947202
1 0.198924 0.629643 0.0475226 0.131922 0.603616
0 0.896841 0.605133 0.023465 0.0887816 0.355948
0 0.0207197 0.523869 0.0380455 0.0713654 0.206748
0 0.872277 0.576257 0.0169323 0.0758621 0.196863
0 0.914055 0.554719 0.017021 0.0414577 0.168091
0 0.00582486 0.541621 0.0108944 0.0408428 0.163118
9 0.0845651 0.399351 0.0107661 0.0298324 0.156768
0 0.937192 0.557276 0.0117065 0.0292229 0.145691
0 0.030582 0.526213 0.0184365 0.0315897 0.123494
0 0.41991 0.46141 0.0612127 0.106871 0.119812
0 0.0288883 0.51506 0.0236868 0.0528722 0.118326
0 0.0240671 0.516848 0.033538 0.0578602 0.112025
56 0.890688 0.636827 0.0253414 0.0684444 0.107483
56 0.887036 0.64246 0.0247503 0.0566951 0.10157
1 0.172489 0.624612 0.100603 0.141981 0.0953755
0 0.910137 0.570696 0.0143154 0.0405132 0.0835677
0 0.431306 0.461241 0.0810186 0.111354 0.0830247
0 0.869316 0.592589 0.019805 0.105458 0.0791816
0 0.0731516 0.519256 0.0316882 0.0480612 0.0783881
0 0.874577 0.568385 0.0175802 0.060153 0.0761605
0 0.415727 0.47219 0.0566467 0.0824126 0.0734218
0 0.898079 0.586555 0.0212568 0.0586402 0.0701228
0 0.941731 0.555189 0.013414 0.0359491 0.0673739
0 0.954994 0.554778 0.0132505 0.0407763 0.0672459
0 0.94376 0.558316 0.0118101 0.0321872 0.0587855
0 0.0816579 0.518175 0.0168263 0.0486591 0.0557091
0 0.0196092 0.575295 0.0382201 0.167573 0.055251
0 0.877449 0.581045 0.0197227 0.0795462 0.0522378
9 0.084802 0.394553 0.012823 0.0391654 0.0485364
0 0.013772 0.525817 0.0265012 0.0662196 0.0481817
0 0.448288 0.487666 0.0803429 0.101935 0.0475218
0 0.00691634 0.54595 0.0132351 0.0519121 0.0410559
1 0.890898 0.634757 0.026749 0.07008 0.0386725
0 0.357561 0.47776 0.0655344 0.0963178 0.0373055
13 0.985825 0.610773 0.0283499 0.0470146 0.0352226
56 0.988059 0.601926 0.0238026 0.0671893 0.0331867
56 0.987511 0.614617 0.024741 0.0426935 0.0310848
1 0.203649 0.605597 0.0365685 0.0826204 0.0305959
0 0.0691822 0.515968 0.036694 0.0500314 0.0301478
0 0.890898 0.634757 0.026749 0.07008 0.0300203
13 0.886848 0.644008 0.0235386 0.0539725 0.0300146
56 0.902605 0.633914 0.0214294 0.049783 0.0295135
56 0.991205 0.596157 0.0173857 0.0765424 0.0276372
0 0.454612 0.487166 0.0694526 0.0830901 0.0267961
0 0.440551 0.471064 0.0930291 0.123255 0.0265309
1 0.888962 0.643771 0.0248608 0.0545567 0.0261641
0 0.446286 0.465401 0.0803521 0.0989225 0.0260302
9 0.205567 0.416503 0.0143468 0.0427263 0.025266
0 0.913123 0.587465 0.0192066 0.0937289 0.0251317
0 0.902902 0.601299 0.0292391 0.0859851 0.0246058
0 0.640578 0.534315 0.029352 0.089101 0.0239778
0 0.886398 0.563267 0.0148331 0.0433913 0.0235665
56 0.900578 0.64327 0.0242798 0.0552003 0.0221383
1 0.192452 0.60832 0.0608469 0.0985997 0.0215999
0 0.0418066 0.525994 0.0204949 0.0269941 0.0215812
0 0.0202629 0.5451 0.038556 0.0960581 0.0215487
1 0.902605 0.633914 0.0214294 0.049783 0.0199157
0 0.397456 0.471483 0.0641247 0.0926683 0.0198664
13 0.988059 0.601926 0.0238026 0.0671893 0.0197541
0 0.4572 0.477197 0.0606916 0.0638057 0.0192767
1 0.879773 0.602681 0.0159235 0.0440614 0.0187879
1 0.205391 0.584054 0.0327084 0.0422735 0.0185257
60 0.932028 0.599927 0.0315228 0.0604001 0.0181509
0 0.430855 0.450848 0.0565006 0.0926237 0.0181402
0 0.403827 0.474818 0.0557829 0.0795061 0.0175189
0 0.902605 0.633914 0.0214294 0.049783 0.0170409
0 0.863585 0.595538 0.0219429 0.110152 0.014678
13 0.932028 0.599927 0.0315228 0.0604001 0.014447
13 0.94694 0.601119 0.0309103 0.0586961 0.0141545
13 0.900578 0.64327 0.0242798 0.0552003 0.0141311
1 0.894466 0.611054 0.0288168 0.103205 0.0140935
0 0.455458 0.466933 0.0616844 0.0701797 0.0139556
56 0.991863 0.573753 0.0154587 0.0327191 0.0139264
0 0.879773 0.602681 0.0159235 0.0440614 0.0138448
0 0.860398 0.598037 0.0171001 0.106862 0.013718
0 0.953044 0.591106 0.0201042 0.0774616 0.01353
0 0.00803004 0.537028 0.0160601 0.0457236 0.0134954
0 0.356439 0.49203 0.0609297 0.0690132 0.013215
0 0.353422 0.45493 0.058366 0.0715152 0.0128029
13 0.867443 0.652563 0.0315979 0.038394 0.0126048
13 0.979562 0.613837 0.0392868 0.0410487 0.0123694
56 0.894466 0.611054 0.0288168 0.103205 0.0121888
1 0.900578 0.64327 0.0242798 0.0552003 0.0120376
0 0.0143329 0.581862 0.028072 0.154985 0.0120215
56 0.863452 0.602748 0.0154732 0.100272 0.01181
0 0.208144 0.53622 0.0239112 0.0753792 0.0117111
13 0.978062 0.60607 0.0433943 0.0541664 0.0115838
9 0.21035 0.448967 0.0291599 0.0250845 0.0113139
0 0.409995 0.479751 0.0689335 0.0952022 0.0111145
0 0.0112421 0.589206 0.0220739 0.138636 0.010987
0 0.349136 0.485947 0.0818439 0.0884168 0.0108998
0 0.0801331 0.514205 0.0211897 0.0590953 0.0107546
1 0.205866 0.591866 0.0340232 0.0565499 0.0105437
56 0.932028 0.599927 0.0315228 0.0604001 0.0104932
0 0.568521 0.549766 0.0277962 0.0746768 0.0102705
0 0.56473 0.554026 0.0355454 0.0640533 0.0101712
0 0.0879603 0.521724 0.0201655 0.0497821 0.00996777
0 0.338616 0.490972 0.0771269 0.0763108 0.00989646
0 0.31143 0.489678 0.0640922 0.0857615 0.00970507
1 0.206165 0.574226 0.0295878 0.0367685 0.0095188
0 0.558071 0.54424 0.0497997 0.0858402 0.00912198
0 0.630645 0.538235 0.0485487 0.0926848 0.00893897
56 0.994526 0.608427 0.0109482 0.0534758 0.00871754
0 0.0374617 0.517144 0.0305832 0.045391 0.00860253
56 0.0112754 0.612097 0.0220229 0.0920139 0.00856775
0 0.957256 0.556642 0.0145874 0.037801 0.00855738
0 0.949821 0.552088 0.0109968 0.0417207 0.0084742
56 0.928179 0.619548 0.0151638 0.0222639 0.00845587
56 0.87402 0.618193 0.0326586 0.102023 0.00821394
9 0.85653 0.354805 0.0263474 0.0392667 0.0080992
0 0.295612 0.478554 0.0400896 0.0589886 0.00795233
56 0.879773 0.602681 0.0159235 0.0440614 0.0078449
56 0.863584 0.643109 0.0268108 0.0580949 0.00755081
13 0.890688 0.636827 0.0253414 0.0684444 0.00753698
0 0.373807 0.482425 0.0519367 0.0840138 0.00744921
0 0.611115 0.5287 0.0460966 0.0979089 0.00739112
1 0.863452 0.602748 0.0154732 0.100272 0.0072659
24 0.0270754 0.684708 0.0273283 0.0453334 0.00712907
0 0.456412 0.502601 0.067542 0.10153 0.0070129
60 0.985825 0.610773 0.0283499 0.0470146 0.00685468
13 0.0112866 0.61006 0.0218624 0.0943872 0.00675333
0 0.946034 0.594647 0.0283682 0.0692742 0.00670573
0 0.328832 0.482885 0.0918608 0.08375 0.00647578
0 0.571208 0.541901 0.0309486 0.0916992 0.00633237
56 0.952794 0.598048 0.0202427 0.064438 0.00628808
56 0.94694 0.601119 0.0309103 0.0586961 0.00619778
56 0.867443 0.652563 0.0315979 0.038394 0.00619069
0 0.316932 0.482971 0.0633801 0.0675344 0.00617966
60 0.946507 0.596993 0.0310122 0.065837 0.00610912
9 0.209544 0.431332 0.0273214 0.0580828 0.00603864
0 0.332931 0.486327 0.0484442 0.0666314 0.00599954
0 0.379551 0.465777 0.0398272 0.0629632 0.00589857
0 0.0327337 0.513272 0.04038 0.0551357 0.00574881
56 0.98585 0.594844 0.0278328 0.0719325 0.00568625
0 0.323131 0.496416 0.0612534 0.0858341 0.00566056
13 0.991205 0.596157 0.0173857 0.0765424 0.00565118
0 0.289503 0.478579 0.0297499 0.0576846 0.00561222
13 0.951968 0.601326 0.0460203 0.0640741 0.00556806
1 0.201535 0.576724 0.0307927 0.0349184 0.00555202
0 0.56802 0.562241 0.0258183 0.050267 0.00540885
9 0.864369 0.354546 0.0141232 0.0392135 0.00525677
0 0.863452 0.602748 0.0154732 0.100272 0.00525281
0 0.451839 0.455136 0.0700249 0.0868596 0.00514367
60 0.887036 0.64246 0.0247503 0.0566951 0.00503728
0 0.991863 0.573753 0.0154587 0.0327191 0.00501424
13 0.87402 0.618193 0.0326586 0.102023 0.00498685
9 0.0878367 0.395037 0.0202734 0.0406923 0.0049105
9 0.867275 0.354803 0.00925598 0.0387074 0.00487989
0 0.681712 0.531031 0.0269868 0.0884682 0.00472036
56 0.902803 0.606251 0.0268295 0.090504 0.004621
0 0.299831 0.482891 0.0574501 0.0705634 0.00459573
0 0.896702 0.561906 0.0200022 0.0462685 0.00457242
16 0.88897 0.642684 0.0238392 0.0570083 0.00435868
13 0.863584 0.643109 0.0268108 0.0580949 0.00432265
13 0.928179 0.619548 0.0151638 0.0222639 0.00425923
60 0.978062 0.60607 0.0433943 0.0541664 0.00425202
0 0.946756 0.548378 0.0184677 0.0499872 0.00424436
0 0.552644 0.535921 0.0595538 0.104697 0.00417483
1 0.902902 0.601299 0.0292391 0.0859851 0.00409421
0 0.306908 0.473855 0.0608243 0.0729071 0.00405699
56 0.873185 0.638139 0.0454174 0.0804981 0.00390702
0 0.618174 0.531448 0.0676361 0.105803 0.00390592
60 0.988059 0.601926 0.0238026 0.0671893 0.00390318
13 0.968353 0.612571 0.0581942 0.0456243 0.00386721
0 0.555103 0.561941 0.0465727 0.0531197 0.00382712
13 0.952555 0.601839 0.0207031 0.0575676 0.00379613
0 0.454762 0.50161 0.069342 0.140329 0.00375912
56 0.951968 0.601326 0.0460203 0.0640741 0.00372168
0 0.830584 0.564062 0.0124107 0.0386139 0.00371817
0 0.587405 0.535135 0.0614019 0.103837 0.00371778
1 0.180517 0.615969 0.0570107 0.107135 0.00367972
13 0.994526 0.608427 0.0109482 0.0534758 0.00367525
0 0.859547 0.579609 0.0157925 0.0872486 0.00363514
0 0.392235 0.482643 0.0531028 0.0870791 0.00363246
74 0.953735 0.47092 0.0217497 0.0317333 0.00361684
0 0.0108113 0.615527 0.021148 0.0854816 0.0035904
0 0.595477 0.529248 0.0432484 0.0908745 0.0034422
56 0.89681 0.644305 0.0386211 0.0563865 0.00339842
0 0.366314 0.502684 0.0474011 0.0473201 0.00338981
0 0.57843 0.533791 0.0420053 0.0960664 0.00337431
56 0.866332 0.59494 0.0192066 0.113904 0.00333667
0 0.116624 0.538003 0.011507 0.0340037 0.00330919
56 0.0112421 0.589206 0.0220739 0.138636 0.00329483
56 0.860932 0.623074 0.0187449 0.0658257 0.00321284
1 0.986488 0.613948 0.0270248 0.0426562 0.00319362
13 0.991863 0.573753 0.0154587 0.0327191 0.00317949
1 0.877449 0.581045 0.0197227 0.0795462 0.00317299
0 0.991205 0.596157 0.0173857 0.0765424 0.00309229
0 0.853803 0.558286 0.0153057 0.0735619 0.00302631
56 0.978062 0.60607 0.0433943 0.0541664 0.00301284
56 0.91619 0.60475 0.0247971 0.0511661 0.00298116
1 0.866425 0.596238 0.0244667 0.110066 0.00290731
0 0.463539 0.466851 0.0524454 0.0640687 0.00289026
13 0.902605 0.633914 0.0214294 0.049783 0.00277135
56 0.0143329 0.581862 0.028072 0.154985 0.00275251
0 0.860932 0.623074 0.0187449 0.0658257 0.00272834
13 0.98585 0.594844 0.0278328 0.0719325 0.00268468
0 0.399779 0.459287 0.0753797 0.0890055 0.00267777
0 0.735743 0.538916 0.0279426 0.0867544 0.00262246
1 0.936868 0.599507 0.0306181 0.0583152 0.00259754
13 0.0112421 0.589206 0.0220739 0.138636 0.0025959
60 0.0112866 0.61006 0.0218624 0.0943872 0.00259525
0 0.0593393 0.525545 0.0796322 0.0530718 0.0025579
1 0.988059 0.601926 0.0238026 0.0671893 0.00253946
56 0.979562 0.613837 0.0392868 0.0410487 0.00251392
0 0.206165 0.574226 0.0295878 0.0367685 0.00251177
0 0.376787 0.460901 0.0505465 0.0769327 0.0024811
0 0.896835 0.579809 0.0234806 0.103616 0.00246471
2 0.991863 0.573753 0.0154587 0.0327191 0.00245818
26 0.879773 0.602681 0.0159235 0.0440614 0.00243703
0 0.888962 0.643771 0.0248608 0.0545567 0.00242379
60 0.979562 0.613837 0.0392868 0.0410487 0.0023959
9 0.222575 0.421937 0.0209347 0.0583937 0.00235584
0 0.915752 0.549536 0.018297 0.0500015 0.00234917
0 0.201535 0.576724 0.0307927 0.0349184 0.00231588
0 0.522135 0.569507 0.0278918 0.0490562 0.00229666
56 0.912257 0.594857 0.0227951 0.0763379 0.00229028
1 0.873185 0.638139 0.0454174 0.0804981 0.00223529
1 0.201404 0.643035 0.0420393 0.101651 0.00218022
60 0.890688 0.636827 0.0253414 0.0684444 0.00217995
1 0.89681 0.644305 0.0386211 0.0563865 0.00217327
9 0.230438 0.417098 0.0275879 0.0585972 0.00213113
2 0.0697268 0.518694 0.0375446 0.0482111 0.00212827
0 0.46938 0.517025 0.0438341 0.0833377 0.00212228
1 0.208144 0.53622 0.0239112 0.0753792 0.00212088
26 0.0270754 0.684708 0.0273283 0.0453334 0.00210193
0 0.374932 0.506935 0.0322967 0.0379594 0.0020867
0 0.992863 0.560942 0.0132141 0.0687744 0.00205693
9 0.114269 0.398925 0.010313 0.033322 0.00204039
0 0.283425 0.471328 0.039506 0.0697685 0.00198081
0 0.437698 0.491886 0.104293 0.154135 0.00197905
13 0.0143329 0.581862 0.028072 0.154985 0.00195917
13 0.91619 0.60475 0.0247971 0.0511661 0.00194368
13 0.935942 0.605895 0.0575203 0.0589189 0.00193152
26 0.898079 0.586555 0.0212568 0.0586402 0.00190297
0 0.036868 0.533398 0.0593366 0.0336988 0.0018993
0 0.283149 0.485178 0.0427275 0.0744569 0.00188145
0 0.313023 0.509425 0.0425928 0.0638414 0.0018121
0 0.317964 0.472588 0.0682432 0.0751872 0.00177613
0 0.929921 0.595879 0.0288273 0.0661413 0.00176853
1 0.991205 0.596157 0.0173857 0.0765424 0.00175285
0 0.645757 0.533755 0.0283442 0.0904678 0.00175035
13 0.873185 0.638139 0.0454174 0.0804981 0.00174814
0 0.33109 0.502225 0.0645237 0.0790361 0.00174704
0 0.474188 0.545347 0.0276689 0.047614 0.0017423
0 0.344361 0.444214 0.049888 0.0685553 0.00172585
13 0.122772 0.59912 0.0564459 0.0792516 0.00168213
0 0.0282938 0.68547 0.029789 0.0448956 0.00167006
6 0.542402 0.509615 0.654531 0.552713 0.00164363
0 0.529797 0.36689 0.0225712 0.037416 0.00162938
2 0.15812 0.551936 0.0681817 0.0517515 0.00161189
13 0.953044 0.591106 0.0201042 0.0774616 0.00160825
0 0.994526 0.608427 0.0109482 0.0534758 0.00156546
60 0.900578 0.64327 0.0242798 0.0552003 0.00156096
0 0.357705 0.504037 0.0658153 0.0625241 0.00144538
0 0.521282 0.583108 0.0284758 0.0527213 0.00144523
13 0.112655 0.603158 0.0345891 0.0715068 0.00142908
0 0.82852 0.554791 0.0163731 0.0498449 0.00141406
0 0.813835 0.518386 0.0245493 0.0593233 0.00139976
60 0.928179 0.619548 0.0151638 0.0222639 0.00139537
1 0.212199 0.62953 0.072924 0.145426 0.00139058
9 0.105384 0.397524 0.0177576 0.0340657 0.00136435
13 0.89681 0.644305 0.0386211 0.0563865 0.00135666
7 0.542402 0.509615 0.654531 0.552713 0.00134173
0 0.6767 0.530959 0.0288782 0.0927195 0.0013333
0 0.485457 0.510873 0.065282 0.12523 0.00132862
0 0.283953 0.44383 0.0434975 0.114053 0.00130206
0 0.518224 0.557101 0.0350304 0.0859235 0.00127634
13 0.894466 0.611054 0.0288168 0.103205 0.00127548
9 0.21014 0.468419 0.0299606 0.0782409 0.00126824
60 0.952794 0.598048 0.0202427 0.064438 0.00125998
0 0.502544 0.537153 0.0694958 0.106373 0.0012545
13 0.879773 0.602681 0.0159235 0.0440614 0.0012475
13 0.910391 0.638299 0.0262234 0.031555 0.00124508
9 0.202875 0.423645 0.0217681 0.0606024 0.00124496
0 0.280284 0.49571 0.0507438 0.092721 0.00123706
56 0.860398 0.598037 0.0171001 0.106862 0.0012297
1 0.204536 0.554852 0.03316 0.0708016 0.00121745
1 0.188292 0.578058 0.0514984 0.0538755 0.00121227
2 0.205866 0.591866 0.0340232 0.0565499 0.00119382
0 0.528432 0.554834 0.0403793 0.063206 0.00119314
0 0.475289 0.538154 0.0278372 0.0635889 0.00118133
0 0.0284719 0.583991 0.0538664 0.168116 0.00116566
1 0.860398 0.598037 0.0171001 0.106862 0.00115681
0 0.350473 0.443152 0.0555341 0.0863197 0.00115651
0 0.733929 0.518775 0.031645 0.053858 0.00113457
0 0.737708 0.547485 0.0229153 0.0807355 0.00113067
3 0.879773 0.602681 0.0159235 0.0440614 0.00112924
0 0.492012 0.529385 0.0602848 0.0910151 0.0011265
0 0.98585 0.594844 0.0278328 0.0719325 0.0011104
0 0.693465 0.534702 0.0532325 0.0999121 0.0010998
60 0.0112421 0.589206 0.0220739 0.138636 0.00109214
60 0.991205 0.596157 0.0173857 0.0765424 0.0010691
13 0.170792 0.630363 0.102925 0.134812 0.0010688
11 0.21035 0.448967 0.0291599 0.0250845 0.001068
0 0.735438 0.518948 0.0296101 0.0767563 0.00106275
16 0.902605 0.633914 0.0214294 0.049783 0.00104627
0 0.204536 0.554852 0.03316 0.0708016 0.00104541
0 0.815644 0.532611 0.0287796 0.0866197 0.00104037
