40 0.0519349 0.550093 0.103662 0.291163 0.923975
0 0.733195 0.521813 0.285864 0.93059 0.921278
0 0.310542 0.527981 0.198697 0.917213 0.90762
0 0.142926 0.545694 0.284338 0.877171 0.886228
40 0.590002 0.595976 0.0376318 0.143356 0.880229
0 0.579194 0.379131 0.0784307 0.422144 0.844403
40 0.266228 0.478732 0.0766139 0.23046 0.83769
0 0.201647 0.28602 0.0535196 0.205385 0.712364
40 0.385913 0.418306 0.0444614 0.137081 0.695002
25 0.497478 0.227768 0.141127 0.15374 0.550294
0 0.0965802 0.774619 0.19316 0.444869 0.535506
58 0.413591 0.346903 0.039554 0.0725754 0.500371
0 0.173558 0.377166 0.222542 0.684132 0.456652
0 0.149623 0.306667 0.172269 0.546247 0.437599
58 0.517061 0.338966 0.05297 0.0801904 0.380984
60 0.534868 0.704604 0.40961 0.271602 0.228719
25 0.498969 0.179731 0.136258 0.0592825 0.220633
40 0.387167 0.39519 0.0409307 0.0889363 0.220309
0 0.0961447 0.85074 0.191373 0.291747 0.203338
74 0.692893 0.572228 0.0161909 0.0347226 0.187201
0 0.0361165 0.617764 0.0717988 0.126579 0.168269
0 0.0571658 0.61745 0.114332 0.125941 0.151345
58 0.517694 0.309366 0.0547544 0.138903 0.150372
39 0.174197 0.778035 0.0583663 0.260568 0.142028
60 0.534709 0.773962 0.408964 0.428279 0.0887312
0 0.209008 0.345627 0.0696208 0.322327 0.0782326
56 0.62372 0.458899 0.121353 0.155189 0.0735347
40 0.17457 0.768803 0.0607927 0.246041 0.0678674
40 0.538158 0.549029 0.0273689 0.137411 0.0672184
56 0.623465 0.419939 0.120396 0.0757774 0.0636924
56 0.855408 0.890008 0.0388458 0.177783 0.0632331
56 0.590999 0.460907 0.0563845 0.136806 0.0572308
58 0.407048 0.329574 0.0524799 0.109278 0.0544412
40 0.230031 0.440228 0.0306102 0.130207 0.048465
40 0.6266 0.463849 0.0406742 0.1559 0.0471961
40 0.260983 0.429918 0.0662516 0.134461 0.0407397
39 0.146701 0.785833 0.112999 0.279255 0.0390996
56 0.641196 0.41797 0.0842313 0.0737971 0.0381137
40 0.638945 0.462192 0.0645133 0.156646 0.0371161
0 0.201485 0.235318 0.0524547 0.102498 0.0360193
56 0.591985 0.420926 0.0568333 0.0565541 0.0356275
42 0.627289 0.659473 0.0398405 0.044273 0.0317329
40 0.643195 0.450851 0.0824091 0.137539 0.0316702
44 0.627189 0.658852 0.0404992 0.043286 0.0315599
40 0.249582 0.662634 0.068793 0.109754 0.0314976
40 0.593283 0.463355 0.0477301 0.142425 0.0310901
40 0.584663 0.541806 0.0412079 0.0992781 0.030726
40 0.626547 0.659781 0.0405699 0.0442001 0.0284466
0 0.220776 0.361598 0.0935677 0.354053 0.0272048
56 0.461649 0.302131 0.0539973 0.161954 0.0227542
56 0.605348 0.421357 0.0841737 0.059357 0.0225967
40 0.608982 0.461709 0.0663385 0.138878 0.0219509
60 0.533953 0.626021 0.406323 0.435129 0.0219065
58 0.403055 0.310687 0.0617191 0.152266 0.0212755
60 0.591791 0.420716 0.0577774 0.054698 0.0208434
67 0.164988 0.682657 0.0410439 0.0704217 0.0199818
39 0.162313 0.791302 0.0816343 0.291624 0.019203
27 0.750059 0.337049 0.0323233 0.0991875 0.0191943
40 0.596736 0.48861 0.0620879 0.204386 0.0156389
14 0.238703 0.172784 0.0195023 0.0262106 0.014808
43 0.627289 0.659473 0.0398405 0.044273 0.0142139
56 0.616791 0.485923 0.107393 0.196808 0.0140888
40 0.17216 0.707249 0.0562341 0.121596 0.0140489
44 0.637066 0.657524 0.0247141 0.0414536 0.0135549
40 0.594325 0.510862 0.0232803 0.033255 0.0134563
58 0.512004 0.299014 0.0718856 0.161991 0.0131461
56 0.855375 0.682324 0.0480228 0.592163 0.0131203
40 0.631142 0.472612 0.0267039 0.161899 0.0123
40 0.0383665 0.489815 0.076733 0.168647 0.0122637
40 0.588213 0.531893 0.040171 0.0800923 0.0121539
42 0.637066 0.657524 0.0247141 0.0414536 0.0118055
0 0.042487 0.718524 0.0844679 0.340954 0.011277
27 0.764856 0.303935 0.067148 0.170592 0.0110504
39 0.164418 0.68309 0.0411412 0.0721334 0.0110288
40 0.536763 0.493086 0.0320595 0.249794 0.0107637
56 0.645109 0.449966 0.0772572 0.134725 0.0106835
58 0.461627 0.303439 0.0555113 0.160768 0.0106772
40 0.645125 0.417481 0.0750896 0.0752068 0.0103549
40 0.631623 0.519444 0.0209208 0.0810201 0.0103088
0 0.501278 0.512567 0.856809 0.934378 0.0101507
0 0.228946 0.417263 0.116729 0.471037 0.0097582
40 0.22569 0.419927 0.0228402 0.0948678 0.00973797
56 0.641283 0.490257 0.122837 0.217118 0.00972277
58 0.386643 0.301548 0.0332067 0.12553 0.00950584
26 0.174197 0.778035 0.0583663 0.260568 0.00932565
0 0.500106 0.51954 0.595604 0.925766 0.00926211
39 0.247937 0.662148 0.0666766 0.110414 0.00925615
27 0.748414 0.353843 0.0301931 0.0740376 0.00918287
58 0.393562 0.32499 0.0195873 0.0498295 0.00818777
27 0.742078 0.328311 0.0212132 0.0924048 0.00817662
26 0.149074 0.796154 0.10449 0.301444 0.00786236
56 0.875612 0.681158 0.0878492 0.597173 0.00715509
60 0.590999 0.460907 0.0563845 0.136806 0.00696254
43 0.637066 0.657524 0.0247141 0.0414536 0.00687632
40 0.542113 0.562973 0.0237768 0.110478 0.00641814
40 0.538791 0.52007 0.0277235 0.180428 0.00621054
40 0.630526 0.417329 0.0441901 0.0771802 0.00604033
40 0.598641 0.510845 0.0336729 0.0351368 0.0060384
27 0.760067 0.333677 0.0513824 0.107235 0.00592506
40 0.63044 0.531146 0.0167463 0.0542939 0.00586003
40 0.235495 0.437177 0.0378654 0.12428 0.00584823
40 0.619456 0.486644 0.106983 0.208024 0.00557563
60 0.616791 0.485923 0.107393 0.196808 0.00541437
58 0.394107 0.338722 0.0182688 0.058194 0.00523978
40 0.635268 0.516332 0.0287372 0.088148 0.00503469
60 0.605348 0.421357 0.0841737 0.059357 0.00501433
40 0.602226 0.524663 0.0409485 0.0631396 0.00491059
26 0.647182 0.505415 0.122337 0.243597 0.0048086
27 0.742765 0.303873 0.0207758 0.0452081 0.00460735
40 0.284994 0.541672 0.039204 0.0913879 0.00458774
26 0.654008 0.57211 0.11201 0.214475 0.00458008
26 0.668511 0.57393 0.0789686 0.213307 0.00445795
56 0.644706 0.406617 0.0761837 0.0495971 0.0042167
40 0.637572 0.496792 0.0228973 0.0440407 0.00411406
60 0.625645 0.418954 0.124627 0.0684433 0.00405735
27 0.152908 0.263999 0.0127593 0.0449294 0.00405645
40 0.380891 0.391028 0.0357985 0.0810918 0.00403473
56 0.596736 0.48861 0.0620879 0.204386 0.00397009
40 0.247848 0.595745 0.0758542 0.250434 0.0039359
1 0.623465 0.419939 0.120396 0.0757774 0.00377604
75 0.413628 0.346774 0.038368 0.0726291 0.00370553
41 0.173445 0.770477 0.0616689 0.246272 0.00366348
39 0.623068 0.458092 0.0353605 0.1358 0.00365666
40 0.393457 0.369488 0.0310465 0.11687 0.0036236
67 0.167647 0.704025 0.0463103 0.115703 0.00355631
67 0.233642 0.68843 0.0353879 0.0582437 0.00353128
40 0.138484 0.791225 0.12943 0.289202 0.00349268
58 0.393457 0.369488 0.0310465 0.11687 0.00345764
40 0.578342 0.538681 0.0328609 0.0999668 0.00344422
39 0.167647 0.704025 0.0463103 0.115703 0.00341991
26 0.874546 0.597287 0.0839949 0.43141 0.00337854
74 0.693791 0.582237 0.0184742 0.051039 0.00335932
41 0.385915 0.392861 0.0403398 0.0841146 0.0033417
27 0.175175 0.30823 0.0548831 0.13994 0.00330597
41 0.165247 0.682702 0.0415147 0.0713022 0.00322857
39 0.681322 0.527768 0.0155024 0.0644117 0.0032146
27 0.739234 0.341346 0.0279251 0.0818677 0.00318232
0 0.238703 0.172784 0.0195023 0.0262106 0.00316191
40 0.162313 0.791302 0.0816343 0.291624 0.00314873
41 0.170837 0.706705 0.0535004 0.120116 0.00306249
0 0.490062 0.336711 0.85048 0.52334 0.00305694
40 0.656707 0.533675 0.0771227 0.126656 0.00305444
39 0.631623 0.519444 0.0209208 0.0810201 0.00305185
40 0.600861 0.594323 0.056428 0.163723 0.00299507
60 0.623601 0.459397 0.119115 0.15485 0.00296769
26 0.591363 0.420319 0.0579401 0.0580674 0.00295404
39 0.53999 0.556738 0.0246622 0.123178 0.00288415
40 0.396691 0.425026 0.0236639 0.136912 0.00287646
56 0.631823 0.458625 0.0528976 0.139849 0.002873
0 0.566268 0.277892 0.0488625 0.210247 0.00286302
40 0.623289 0.420376 0.117019 0.0727063 0.00282514
40 0.16522 0.684092 0.0417411 0.0750477 0.00280762
0 0.137211 0.811324 0.134581 0.337451 0.00279734
42 0.615645 0.663198 0.0625134 0.049082 0.00278819
26 0.631094 0.489961 0.13028 0.21683 0.00275484
56 0.85248 0.748813 0.046759 0.46482 0.00272709
40 0.23313 0.689107 0.0357921 0.057147 0.00271785
58 0.415266 0.333872 0.0370519 0.096148 0.00268814
58 0.394018 0.283317 0.0593373 0.160855 0.00265443
27 0.737677 0.320632 0.0279459 0.073437 0.00257543
13 0.623465 0.419939 0.120396 0.0757774 0.00255811
40 0.695773 0.541991 0.0225811 0.115379 0.00246695
56 0.662508 0.526026 0.0878958 0.114117 0.00244194
40 0.615645 0.663198 0.0625134 0.049082 0.00241944
56 0.779536 0.68157 0.218961 0.60595 0.00226104
14 0.237376 0.17568 0.0237624 0.0342102 0.00220025
40 0.0681526 0.629579 0.0706478 0.127473 0.0021683
27 0.163708 0.282487 0.0352218 0.0883495 0.00216737
40 0.409843 0.364173 0.0347349 0.0481681 0.002157
39 0.692893 0.572228 0.0161909 0.0347226 0.0021199
27 0.75369 0.318849 0.0287573 0.0800462 0.00209853
26 0.605348 0.421357 0.0841737 0.059357 0.00209332
1 0.62372 0.458899 0.121353 0.155189 0.00207615
40 0.506959 0.573464 0.0290838 0.0489682 0.00207224
56 0.890596 0.892155 0.108805 0.190268 0.00206032
40 0.592256 0.42441 0.0561384 0.0627565 0.00204697
39 0.63044 0.531146 0.0167463 0.0542939 0.00199038
41 0.542113 0.562973 0.0237768 0.110478 0.00197524
43 0.174459 0.776019 0.059488 0.25501 0.00196913
40 0.642329 0.538381 0.0775339 0.114845 0.00196573
0 0.204502 0.442062 0.163889 0.561875 0.00194207
40 0.610777 0.522535 0.0588648 0.0754895 0.00192866
39 0.233967 0.441044 0.0388634 0.136017 0.00192201
56 0.874546 0.600189 0.0841907 0.424343 0.00192177
2 0.38063 0.169339 0.0254274 0.0141203 0.00192073
0 0.0200984 0.629366 0.0392157 0.101475 0.00190544
39 0.694514 0.549383 0.0195311 0.0837043 0.00190243
0 0.0194926 0.70564 0.0389851 0.402242 0.00189781
0 0.0262457 0.634462 0.0516824 0.152832 0.00188449
40 0.652919 0.491734 0.0229033 0.0375767 0.00188079
39 0.233295 0.688479 0.0360347 0.0579964 0.00188014
60 0.63533 0.67155 0.626425 0.517149 0.00185463
41 0.594325 0.510862 0.0232803 0.033255 0.00184375
40 0.62372 0.458899 0.121353 0.155189 0.00184208
56 0.861317 0.891396 0.026955 0.172211 0.00183627
56 0.630526 0.417329 0.0441901 0.0771802 0.00183377
39 0.642992 0.448219 0.0744035 0.133541 0.00183061
40 0.254844 0.654051 0.0571768 0.0752541 0.00180426
40 0.640611 0.644023 0.0426669 0.0673636 0.00178343
40 0.236026 0.480251 0.0345357 0.0591626 0.00177667
40 0.693408 0.579101 0.0203745 0.043069 0.00177002
40 0.601922 0.545884 0.0438416 0.0963248 0.00176835
60 0.493114 0.682494 0.50284 0.598369 0.00176361
40 0.585825 0.555631 0.03186 0.0779705 0.00175148
26 0.623289 0.420376 0.117019 0.0727063 0.00174448
58 0.529221 0.299844 0.0640513 0.155655 0.00172278
41 0.63044 0.531146 0.0167463 0.0542939 0.0017117
40 0.667558 0.575023 0.0905779 0.213078 0.00169688
40 0.644658 0.527928 0.0485772 0.113628 0.00169319
26 0.386362 0.504915 0.0402017 0.186137 0.00168774
56 0.460152 0.363502 0.0451166 0.0387731 0.00167343
39 0.693408 0.579101 0.0203745 0.043069 0.00166863
58 0.449495 0.365589 0.0227238 0.0329854 0.00166482
40 0.631139 0.636781 0.042885 0.0866161 0.00165904
40 0.6377 0.656122 0.0237912 0.040993 0.00164953
40 0.252323 0.571205 0.0971205 0.290189 0.00164637
40 0.520827 0.536442 0.057947 0.149324 0.00164422
41 0.693408 0.579101 0.0203745 0.043069 0.00162736
74 0.669448 0.601726 0.077228 0.143881 0.00161159
40 0.692531 0.533675 0.0302059 0.123014 0.00160444
40 0.510672 0.576864 0.0347311 0.0583629 0.00159568
39 0.695773 0.541991 0.0225811 0.115379 0.00159466
40 0.619649 0.639554 0.0706316 0.0835033 0.00159419
40 0.234144 0.453391 0.036293 0.100813 0.00159243
27 0.169593 0.292435 0.0461002 0.113639 0.0015614
41 0.584663 0.541806 0.0412079 0.0992781 0.00156081
56 0.657051 0.544196 0.107946 0.248619 0.00155795
13 0.623138 0.443574 0.120468 0.118979 0.00154203
27 0.180145 0.326824 0.0668373 0.15791 0.0015274
41 0.249582 0.662634 0.068793 0.109754 0.00152183
58 0.414088 0.315942 0.0396139 0.135076 0.00151643
27 0.149424 0.259112 0.0164701 0.0387916 0.00150609
40 0.667277 0.645164 0.0890419 0.0664899 0.00150144
40 0.619996 0.540129 0.0390425 0.107729 0.00148344
39 0.630526 0.417329 0.0441901 0.0771802 0.00147241
56 0.601988 0.461871 0.0765057 0.140262 0.00146654
0 0.0987177 0.686742 0.196627 0.41786 0.00144413
39 0.631142 0.472612 0.0267039 0.161899 0.00142792
56 0.664861 0.575002 0.0937315 0.21257 0.0014241
40 0.681322 0.527768 0.0155024 0.0644117 0.00142369
1 0.641196 0.41797 0.0842313 0.0737971 0.00142142
41 0.630526 0.417329 0.0441901 0.0771802 0.00141641
26 0.556025 0.298836 0.0281004 0.108688 0.00141513
39 0.668509 0.614686 0.0836391 0.119505 0.00140551
56 0.813408 0.716774 0.146912 0.544339 0.00139865
67 0.174459 0.776019 0.059488 0.25501 0.00138134
2 0.373544 0.169491 0.0232055 0.0142138 0.00136009
44 0.615645 0.663198 0.0625134 0.049082 0.00135434
56 0.745407 0.587913 0.293149 0.784134 0.00135392
26 0.642484 0.536456 0.139298 0.300813 0.00135186
56 0.58611 0.490436 0.0614685 0.20225 0.00133529
39 0.612337 0.471631 0.0569102 0.151399 0.00129184
14 0.396065 0.167999 0.010251 0.0164811 0.00129104
0 0.648657 0.505785 0.65827 0.950272 0.00127822
40 0.676941 0.524456 0.0612887 0.112286 0.00127497
40 0.676766 0.517178 0.0506773 0.0939328 0.00127435
56 0.664828 0.502107 0.138667 0.269802 0.00126034
39 0.593283 0.463355 0.0477301 0.142425 0.00123799
0 0.485898 0.403452 0.641575 0.679466 0.00122961
41 0.590011 0.595811 0.0375497 0.141558 0.00121281
39 0.656707 0.533675 0.0771227 0.126656 0.00120011
25 0.514723 0.170893 0.10371 0.0470193 0.00120005
40 0.530448 0.532924 0.0420085 0.168662 0.00119963
26 0.557131 0.27852 0.0259184 0.0712712 0.00119057
40 0.663848 0.631074 0.0781106 0.0883551 0.00118884
40 0.259954 0.513824 0.0834647 0.182083 0.00118628
56 0.462284 0.336351 0.0543502 0.0937108 0.00117999
40 0.279142 0.54901 0.0526222 0.0917027 0.00117654
26 0.645125 0.417481 0.0750896 0.0752068 0.00115657
40 0.616141 0.552168 0.0204124 0.0850349 0.00114459
0 0.396065 0.167999 0.010251 0.0164811 0.00112799
40 0.23226 0.580655 0.112488 0.282399 0.00112391
40 0.668509 0.614686 0.0836391 0.119505 0.00112173
39 0.598641 0.510845 0.0336729 0.0351368 0.00111493
27 0.174539 0.774748 0.0591431 0.257271 0.00110012
14 0.236565 0.167862 0.0273758 0.0367347 0.00107828
58 0.394462 0.261588 0.0836591 0.216957 0.00107759
74 0.689974 0.574206 0.0229151 0.0403889 0.00107709
2 0.410306 0.168175 0.0171761 0.0156498 0.00107333
40 0.694514 0.549383 0.0195311 0.0837043 0.00106663
58 0.49786 0.226302 0.140182 0.151319 0.00106508
41 0.652919 0.491734 0.0229033 0.0375767 0.00106302
39 0.594325 0.510862 0.0232803 0.033255 0.00106129
40 0.186379 0.708236 0.0355174 0.111807 0.00105345
41 0.645125 0.417481 0.0750896 0.0752068 0.00105333
56 0.412711 0.346392 0.0409441 0.0741943 0.0010505
39 0.635268 0.516332 0.0287372 0.088148 0.00104743
56 0.628126 0.407257 0.111854 0.0949403 0.00104576
8 0.38063 0.169339 0.0254274 0.0141203 0.00103927
0 0.0481722 0.764324 0.0961758 0.418872 0.00103581
14 0.410306 0.168175 0.0171761 0.0156498 0.00102839
56 0.449495 0.365589 0.0227238 0.0329854 0.00102517
40 0.246279 0.529255 0.0933905 0.178604 0.00102288
39 0.236026 0.480251 0.0345357 0.0591626 0.00101638
40 0.590146 0.545646 0.0340439 0.0911073 0.00101092
74 0.696646 0.572748 0.023537 0.0555156 0.00100997
67 0.163234 0.692721 0.0455806 0.0901928 0.00100648
40 0.399375 0.446715 0.0184912 0.0974359 0.00100592
38 0.623465 0.419939 0.120396 0.0757774 0.00100374
8 0.410306 0.168175 0.0171761 0.0156498 0.00100276
