2 0.588455 0.68643 0.062245 0.0801956 0.815633
2 0.91069 0.736119 0.136744 0.176016 0.547479
7 0.910938 0.735342 0.135795 0.174862 0.273603
2 0.932527 0.692357 0.0833298 0.0728217 0.0593396
9 0.707942 0.281845 0.0134582 0.0245564 0.0554826
2 0.931686 0.704224 0.0461647 0.0535694 0.0490432
9 0.55319 0.515251 0.014859 0.0465291 0.0358667
2 0.426038 0.657464 0.0204057 0.0299787 0.0342447
2 0.930483 0.706697 0.0357826 0.0442065 0.031581
2 0.932305 0.705928 0.0868454 0.0998652 0.0310999
2 0.94437 0.691285 0.060191 0.0677144 0.0307072
58 0.330618 0.716375 0.0305724 0.0762684 0.0303265
2 0.916883 0.713289 0.0360649 0.0312263 0.0253875
58 0.319583 0.718237 0.0212072 0.0727142 0.0245021
2 0.936492 0.708078 0.0334972 0.0444485 0.0233029
1 0.385986 0.688091 0.0217536 0.0369584 0.0212952
2 0.811642 0.678459 0.0226528 0.0296579 0.0207922
2 0.387544 0.687189 0.0224485 0.0344112 0.0198825
7 0.587764 0.686548 0.0627893 0.0797559 0.0179708
0 0.318241 0.718223 0.0213987 0.073247 0.0168173
58 0.329642 0.719503 0.0224252 0.071847 0.0163359
9 0.459462 0.621188 0.0102411 0.0287014 0.0150851
7 0.932305 0.705928 0.0868454 0.0998652 0.0137015
2 0.922828 0.705617 0.0609756 0.0501106 0.0136846
2 0.438662 0.659631 0.0321583 0.0274667 0.0125777
9 0.677287 0.598084 0.0117211 0.0282746 0.0117945
2 0.958842 0.682044 0.0324093 0.0557497 0.0117677
2 0.961181 0.690659 0.0272736 0.0556429 0.011207
3 0.385986 0.688091 0.0217536 0.0369584 0.0109903
58 0.321863 0.718398 0.0373094 0.0779329 0.0108807
7 0.911314 0.696021 0.139642 0.2555 0.0108584
0 0.329642 0.719503 0.0224252 0.071847 0.0106992
9 0.838671 0.46419 0.0473911 0.0582072 0.0104743
7 0.932527 0.692357 0.0833298 0.0728217 0.00931409
9 0.751406 0.582841 0.0143045 0.0233216 0.00925419
9 0.699571 0.543225 0.0175194 0.0355944 0.00885025
9 0.30348 0.523801 0.0263017 0.0693461 0.00878322
9 0.557776 0.338809 0.0149845 0.0158244 0.00849897
9 0.488856 0.51845 0.0134191 0.0388372 0.00749475
9 0.708054 0.296921 0.0156882 0.0602128 0.00746596
9 0.446171 0.60218 0.0141618 0.043207 0.00730392
0 0.342803 0.725868 0.0127682 0.0533613 0.00725621
2 0.375745 0.686809 0.0236162 0.0355165 0.00709629
2 0.857427 0.764105 0.0295425 0.086601 0.00677767
0 0.385986 0.688091 0.0217536 0.0369584 0.00650015
58 0.336448 0.716089 0.0230886 0.0739949 0.00631544
0 0.336448 0.716089 0.0230886 0.0739949 0.00615022
0 0.833889 0.692919 0.0149014 0.0218883 0.00595522
13 0.181283 0.94348 0.109201 0.107826 0.00583768
5 0.911339 0.726519 0.13748 0.19675 0.00561959
2 0.716366 0.653657 0.0202579 0.024051 0.00560325
0 0.766372 0.662634 0.010496 0.0428137 0.00557315
9 0.557687 0.321057 0.0153553 0.0512139 0.0055643
9 0.446243 0.589676 0.0155611 0.0228986 0.0055207
9 0.0572786 0.675637 0.0123944 0.0569751 0.0054689
58 0.298676 0.716266 0.0657578 0.088562 0.00537628
1 0.375684 0.690961 0.030169 0.039373 0.00521132
9 0.126636 0.299143 0.0973456 0.0994323 0.00517091
9 0.530624 0.319745 0.00842218 0.0283715 0.00509751
2 0.69574 0.660972 0.0212965 0.0154881 0.00505403
2 0.709053 0.659443 0.0240129 0.0180816 0.00488257
9 0.844708 0.446565 0.0190922 0.0259033 0.00482231
0 0.330618 0.716375 0.0305724 0.0762684 0.00478822
0 0.842542 0.69393 0.0129286 0.0252726 0.00478694
58 0.989659 0.738411 0.0189827 0.0560194 0.00468731
9 0.722178 0.269523 0.0115248 0.0389118 0.00451103
58 0.28848 0.717859 0.0451571 0.0906605 0.00447485
10 0.329642 0.719503 0.0224252 0.071847 0.00436106
9 0.597608 0.319662 0.0195128 0.0227512 0.00403592
2 0.810712 0.666541 0.023794 0.0469225 0.00391784
74 0.225204 0.428641 0.0526896 0.126042 0.00385797
9 0.774362 0.516007 0.0168764 0.0272409 0.003851
2 0.96128 0.673311 0.0283558 0.0376325 0.00382873
58 0.342803 0.725868 0.0127682 0.0533613 0.0037725
2 0.98492 0.762365 0.028376 0.123938 0.0037367
9 0.93007 0.606758 0.0181084 0.0284059 0.00368777
2 0.988592 0.739284 0.0211489 0.057377 0.00366744
74 0.657898 0.523091 0.0367764 0.0494781 0.00363329
2 0.717847 0.649022 0.0148285 0.0210999 0.00360587
7 0.931686 0.704224 0.0461647 0.0535694 0.00358298
9 0.494394 0.285003 0.0170098 0.0205362 0.00354964
9 0.676057 0.591954 0.0137864 0.0347167 0.00353053
58 0.38775 0.688741 0.0204965 0.0341231 0.00335956
1 0.989659 0.738411 0.0189827 0.0560194 0.00329658
58 0.384524 0.685871 0.0248939 0.0364493 0.00319684
0 0.763957 0.666796 0.00992184 0.0345625 0.00319362
2 0.811311 0.673435 0.0230055 0.0415026 0.00317752
9 0.321545 0.44189 0.0159086 0.0529661 0.00316426
9 0.918745 0.603313 0.0077961 0.0317516 0.00315511
1 0.375745 0.686809 0.0236162 0.0355165 0.00312096
9 0.709505 0.287868 0.0161903 0.0402643 0.00298741
13 0.327824 0.770074 0.0525655 0.0283463 0.00286794
10 0.320011 0.718737 0.0224642 0.0745722 0.00283733
1 0.377134 0.697493 0.0384092 0.0519482 0.00282958
13 0.438662 0.659631 0.0321583 0.0274667 0.00281987
2 0.375684 0.690961 0.030169 0.039373 0.00279915
9 0.444881 0.565736 0.0202835 0.0358262 0.00269553
9 0.839319 0.47467 0.0478397 0.0361641 0.00265241
9 0.459943 0.608959 0.0128396 0.0461742 0.00264952
2 0.284074 0.790459 0.0420961 0.0533725 0.00262275
13 0.38775 0.688741 0.0204965 0.0341231 0.00260276
10 0.342803 0.725868 0.0127682 0.0533613 0.00259387
9 0.755264 0.216466 0.0141778 0.0282458 0.00256541
74 0.191988 0.540956 0.0290632 0.0453106 0.00246903
9 0.825219 0.267403 0.0183096 0.0381365 0.0024071
1 0.438662 0.659631 0.0321583 0.0274667 0.00239763
0 0.811642 0.678459 0.0226528 0.0296579 0.00237545
0 0.69692 0.639795 0.017639 0.0358389 0.00236958
2 0.814806 0.683056 0.0250195 0.0364033 0.00231421
2 0.327824 0.770074 0.0525655 0.0283463 0.00221619
9 0.84434 0.447558 0.0343924 0.0338236 0.00216952
0 0.375745 0.686809 0.0236162 0.0355165 0.00212997
58 0.310901 0.72628 0.0924312 0.103801 0.00211877
0 0.679342 0.620104 0.0119349 0.0724362 0.00211623
9 0.908577 0.602744 0.011656 0.035722 0.00210255
74 0.30348 0.523801 0.0263017 0.0693461 0.00209722
58 0.332187 0.749777 0.0333314 0.0430737 0.00206217
9 0.716191 0.280606 0.0179722 0.031225 0.00205469
9 0.491798 0.384765 0.021888 0.0463816 0.00201213
13 0.328606 0.733102 0.0477061 0.0886428 0.00201201
9 0.55218 0.513578 0.0217461 0.0549348 0.0019384
2 0.961562 0.709139 0.0578365 0.102675 0.00191769
2 0.842542 0.69393 0.0129286 0.0252726 0.00191113
13 0.353698 0.767109 0.132879 0.0437049 0.00191006
9 0.431875 0.496273 0.029363 0.067639 0.00188968
2 0.339485 0.771218 0.0264091 0.0232653 0.00188687
0 0.677287 0.598084 0.0117211 0.0282746 0.0018363
58 0.375684 0.690961 0.030169 0.039373 0.00183168
2 0.986185 0.74959 0.0233301 0.137196 0.00182927
0 0.808469 0.656423 0.0196987 0.0466314 0.00181714
9 0.93381 0.60822 0.0263258 0.0323614 0.00181615
58 0.314118 0.718826 0.0189952 0.0750692 0.00180593
9 0.551373 0.51812 0.0195677 0.0426988 0.00180417
74 0.22296 0.448272 0.0465094 0.083846 0.00179592
9 0.397381 0.59986 0.0139761 0.0291688 0.00176609
2 0.440862 0.652673 0.0221708 0.0313326 0.00176251
2 0.505762 0.658408 0.0219347 0.0218783 0.00173652
13 0.426038 0.657464 0.0204057 0.0299787 0.00170091
13 0.384524 0.685871 0.0248939 0.0364493 0.00169918
9 0.828252 0.618716 0.011166 0.0225833 0.00169593
74 0.666116 0.526502 0.0205989 0.0424347 0.00169563
9 0.663305 0.285653 0.0157207 0.0278322 0.00168985
9 0.661512 0.329428 0.0121422 0.0209712 0.00167352
7 0.94437 0.691285 0.060191 0.0677144 0.00165394
9 0.532626 0.477041 0.00888939 0.0177758 0.00163957
2 0.911314 0.696021 0.139642 0.2555 0.00163332
9 0.787124 0.51601 0.0416672 0.0262164 0.00161618
58 0.697193 0.630069 0.0200985 0.0359398 0.00161561
58 0.987296 0.754675 0.0235006 0.093194 0.00161296
2 0.456341 0.661464 0.0138929 0.0292864 0.00161225
1 0.814806 0.683056 0.0250195 0.0364033 0.00160876
9 0.719475 0.347777 0.0152508 0.0394917 0.00159219
9 0.446204 0.615941 0.0158757 0.0720529 0.00155821
0 0.387709 0.683971 0.0198679 0.0402975 0.00155374
2 0.833889 0.692919 0.0149014 0.0218883 0.00154504
9 0.716011 0.54254 0.0117405 0.0363064 0.00154465
9 0.85919 0.394597 0.0125223 0.0209265 0.00153705
0 0.384657 0.679195 0.0247802 0.0489935 0.0015333
1 0.426038 0.657464 0.0204057 0.0299787 0.00153184
0 0.933587 0.705584 0.0281124 0.0401843 0.00152925
11 0.431875 0.496273 0.029363 0.067639 0.00149846
13 0.332187 0.749777 0.0333314 0.0430737 0.00148529
2 0.415754 0.662304 0.0327303 0.0239281 0.00148496
9 0.49411 0.434763 0.00797615 0.0201988 0.0014801
9 0.581184 0.25343 0.0129585 0.0169911 0.0014793
0 0.828252 0.618716 0.011166 0.0225833 0.00147009
5 0.930667 0.694235 0.0833603 0.0754702 0.00145853
2 0.808469 0.656423 0.0196987 0.0466314 0.00144994
13 0.334635 0.758159 0.0455073 0.0410472 0.00144705
13 0.339485 0.771218 0.0264091 0.0232653 0.00143623
0 0.328028 0.717228 0.043628 0.079187 0.00143102
9 0.931631 0.610852 0.019672 0.0395928 0.00141901
9 0.649308 0.327252 0.0233503 0.0284795 0.00140974
0 0.680876 0.634285 0.0111936 0.0450671 0.00140756
9 0.907238 0.597898 0.0143274 0.0466975 0.00140154
9 0.676326 0.318026 0.0185534 0.0212617 0.00139338
13 0.288161 0.788459 0.0495127 0.0483103 0.0013704
0 0.844278 0.690264 0.0159168 0.0332163 0.00136435
1 0.812895 0.68013 0.0209511 0.0302071 0.00133702
0 0.456341 0.661464 0.0138929 0.0292864 0.00129956
2 0.928048 0.678525 0.0792652 0.0428813 0.00129423
58 0.328606 0.733102 0.0477061 0.0886428 0.00127083
13 0.311076 0.771335 0.0847467 0.0407898 0.00126666
58 0.348637 0.71711 0.0264666 0.071872 0.00126261
0 0.792924 0.694529 0.014539 0.028973 0.00124034
2 0.725635 0.658093 0.0384372 0.0274209 0.00122789
9 0.557784 0.51389 0.0198563 0.0520452 0.00122654
58 0.334635 0.758159 0.0455073 0.0410472 0.0012261
0 0.869155 0.718095 0.0169796 0.0244544 0.0012227
2 0.826859 0.688266 0.0323315 0.0320375 0.00121826
13 0.32557 0.718673 0.0484384 0.0810029 0.00120765
13 0.811642 0.678459 0.0226528 0.0296579 0.00120583
1 0.330618 0.716375 0.0305724 0.0762684 0.00119948
2 0.93007 0.606758 0.0181084 0.0284059 0.00119555
8 0.911046 0.726625 0.135092 0.19365 0.00118861
74 0.491208 0.38319 0.0234159 0.0493977 0.0011718
9 0.52938 0.533155 0.0099802 0.0170871 0.00115487
13 0.440316 0.666606 0.0482817 0.0432666 0.00113785
11 0.677287 0.598084 0.0117211 0.0282746 0.0011324
1 0.987296 0.754675 0.0235006 0.093194 0.00112942
9 0.529831 0.313688 0.0116584 0.0366004 0.00112656
7 0.426038 0.657464 0.0204057 0.0299787 0.00112501
2 0.987296 0.754675 0.0235006 0.093194 0.00112075
13 0.725635 0.658093 0.0384372 0.0274209 0.0011133
0 0.424796 0.658531 0.0212316 0.0289181 0.00110596
1 0.833889 0.692919 0.0149014 0.0218883 0.00110307
0 0.717847 0.649022 0.0148285 0.0210999 0.00109258
74 0.494394 0.285003 0.0170098 0.0205362 0.00108045
7 0.936492 0.708078 0.0334972 0.0444485 0.00107032
0 0.457263 0.669328 0.0155523 0.04636 0.00106409
9 0.228053 0.422608 0.0578515 0.141193 0.00104153
2 0.493612 0.657915 0.0131969 0.0239162 0.00103068
0 0.375684 0.690961 0.030169 0.039373 0.00102818
0 0.41238 0.666315 0.0093092 0.0163117 0.00102273
13 0.456341 0.661464 0.0138929 0.0292864 0.00102252
1 0.842542 0.69393 0.0129286 0.0252726 0.00102103
58 0.426038 0.657464 0.0204057 0.0299787 0.00102049
2 0.875167 0.670407 0.0306721 0.106757 0.00101835
13 0.288082 0.777399 0.0497114 0.0286608 0.00101408
2 0.325097 0.717523 0.0492794 0.0806046 0.00100732
13 0.375684 0.690961 0.030169 0.039373 0.00100446
