23 0.752344 0.496593 0.373509 0.694124 0.895183
23 0.160636 0.904415 0.170921 0.124216 0.0621821
23 0.184508 0.900338 0.219944 0.13955 0.0211095
23 0.684959 0.542889 0.106358 0.645649 0.0062657
23 0.685717 0.565946 0.080574 0.549563 0.00449094
23 0.6823 0.679836 0.0611023 0.318266 0.00409192
22 0.160918 0.90475 0.172041 0.127411 0.00396967
23 0.700783 0.593992 0.123737 0.501205 0.00372514
23 0.722069 0.794326 0.0262945 0.0819777 0.00361389
23 0.679715 0.622176 0.072434 0.435343 0.00307298
23 0.709683 0.647528 0.117141 0.366578 0.00296944
22 0.133361 0.931598 0.113861 0.0759297 0.00266272
23 0.599952 0.685516 0.102573 0.324918 0.00229508
23 0.633342 0.7823 0.0377625 0.131397 0.00207955
23 0.186615 0.891452 0.100577 0.104456 0.001919
23 0.256367 0.880174 0.0911502 0.0803329 0.00169018
23 0.57031 0.782154 0.0448069 0.143834 0.00142336
23 0.602264 0.780102 0.102042 0.141359 0.00127721
23 0.746324 0.67239 0.186533 0.309875 0.00118977
23 0.70102 0.681856 0.0954884 0.311965 0.00114125
0 0.722069 0.794326 0.0262945 0.0819777 0.00112846
23 0.243862 0.874653 0.0879131 0.0838425 0.00108638
14 0.174616 0.548381 0.0305657 0.0283768 0.00106442
23 0.202847 0.886062 0.0669651 0.0910828 0.00103071
