3 0.692522 0.771826 0.37683 0.379506 0.916832
14 0.687816 0.383456 0.0308525 0.0252345 0.00419208
14 0.686157 0.420189 0.0442965 0.0932561 0.00274354
14 0.688222 0.448563 0.0310833 0.0313182 0.00268587
14 0.676076 0.448623 0.0192434 0.0269917 0.00256842
39 0.371124 0.441118 0.0124234 0.081278 0.00251922
24 0.685584 0.710136 0.0940621 0.0758737 0.00239089
58 0.0714912 0.496562 0.125565 0.274213 0.00231203
56 0.264632 0.56327 0.122781 0.126016 0.0022622
1 0.769679 0.420333 0.0624666 0.116049 0.002224
39 0.380493 0.42684 0.0194846 0.0824237 0.0021129
1 0.955694 0.444325 0.083573 0.0710113 0.00201342
14 0.687056 0.388038 0.0336502 0.0343645 0.00192034
39 0.393805 0.43828 0.0145903 0.0751916 0.00182188
74 0.3614 0.182311 0.0327075 0.0616682 0.00173283
74 0.769977 0.421804 0.0625009 0.111887 0.00164557
14 0.681734 0.445486 0.0330336 0.0330975 0.00164089
13 0.263993 0.563644 0.12021 0.122941 0.00158718
39 0.392007 0.431746 0.0135525 0.0751722 0.0014993
14 0.672356 0.449095 0.0126034 0.0255511 0.00140306
0 0.725126 0.440429 0.0206612 0.0409286 0.00139934
74 0.195698 0.185931 0.019026 0.0682276 0.00132838
39 0.389275 0.429821 0.0205225 0.0832402 0.00128588
14 0.72497 0.44042 0.0209076 0.0416809 0.00120914
74 0.762701 0.431745 0.0466822 0.0923862 0.00119004
39 0.38234 0.439041 0.0214647 0.0842232 0.00112206
41 0.382001 0.428489 0.019317 0.0823546 0.0010899
1 0.762701 0.431745 0.0466822 0.0923862 0.00106493
58 0.817244 0.463072 0.365511 0.926143 0.00103554
