72 0.414694 0.728223 0.146675 0.528581 0.954602
0 0.732212 0.761593 0.0863764 0.458827 0.885956
74 0.73354 0.309252 0.0403458 0.079445 0.863713
0 0.569902 0.720906 0.116138 0.543324 0.767041
69 0.146142 0.833662 0.213643 0.315529 0.671315
45 0.417554 0.42661 0.0407951 0.0446429 0.255178
45 0.088834 0.755999 0.0429099 0.0581723 0.198152
69 0.145831 0.888682 0.211152 0.210477 0.191306
72 0.614581 0.549507 0.0930676 0.266583 0.181525
45 0.513351 0.601697 0.0326245 0.0641918 0.152075
45 0.249566 0.69723 0.0518776 0.0987239 0.139509
45 0.416466 0.431504 0.0477435 0.0543596 0.126956
45 0.1016 0.704967 0.0596245 0.0985162 0.123171
69 0.293235 0.829904 0.13838 0.325133 0.121548
72 0.603224 0.552171 0.0706686 0.245213 0.117146
68 0.038422 0.673327 0.0761589 0.0995855 0.102565
69 0.510608 0.840737 0.0396438 0.250448 0.09616
71 0.0321193 0.742631 0.0634338 0.071598 0.0923795
45 0.308369 0.725226 0.060355 0.0564607 0.0713233
45 0.249823 0.662856 0.0509381 0.0322482 0.068202
69 0.509528 0.837253 0.0250605 0.246838 0.061945
49 0.643323 0.661223 0.0176001 0.0380777 0.0592069
72 0.617069 0.642571 0.0958479 0.489073 0.0509753
26 0.611654 0.845082 0.0455008 0.245671 0.0467003
39 0.808288 0.381762 0.0140003 0.108959 0.0448948
39 0.807806 0.54353 0.0161396 0.0828594 0.0435712
70 0.0383627 0.674279 0.0761384 0.100582 0.0420617
45 0.0385198 0.675086 0.0768695 0.0938829 0.0399267
41 0.202535 0.721672 0.0352326 0.0692549 0.0372366
45 0.643323 0.661223 0.0176001 0.0380777 0.0364195
71 0.0381794 0.674383 0.0763587 0.0987008 0.0353035
69 0.509875 0.781519 0.0493053 0.390888 0.0351364
45 0.852098 0.613911 0.0235794 0.0331237 0.0347491
69 0.0403614 0.781211 0.0766908 0.358404 0.0327717
25 0.611654 0.845082 0.0455008 0.245671 0.0318795
26 0.748714 0.779966 0.0360768 0.0861329 0.0313116
69 0.505413 0.836122 0.0477955 0.303868 0.0312421
71 0.0347499 0.76165 0.0690142 0.108409 0.0311319
45 0.100331 0.726547 0.0555733 0.0991478 0.0311087
72 0.939846 0.581148 0.120308 0.417291 0.0310506
45 0.847317 0.615969 0.0244743 0.0297919 0.0299261
41 0.443135 0.438066 0.0163576 0.0455955 0.0297504
47 0.643323 0.661223 0.0176001 0.0380777 0.0294588
41 0.388209 0.432341 0.0201811 0.0578868 0.0292107
45 0.107221 0.713834 0.0477214 0.0747862 0.0289815
70 0.249571 0.697479 0.0520932 0.0990993 0.0281182
69 0.651432 0.793482 0.0791952 0.230943 0.0278682
69 0.0365645 0.845964 0.073129 0.298771 0.0269963
45 0.766275 0.719699 0.0202768 0.0368135 0.024678
69 0.50335 0.831782 0.036923 0.270703 0.0234939
41 0.107221 0.713834 0.0477214 0.0747862 0.0231192
41 0.513184 0.599949 0.032695 0.0596427 0.0216767
39 0.443135 0.438066 0.0163576 0.0455955 0.0204132
39 0.846918 0.566716 0.0168795 0.0540613 0.0195562
69 0.448596 0.734305 0.0809679 0.52109 0.0192447
68 0.038657 0.652713 0.0765732 0.147835 0.0191925
69 0.612069 0.849146 0.0439499 0.281813 0.0188858
45 0.20218 0.716336 0.0346198 0.060081 0.0187749
0 0.60822 0.720775 0.0768187 0.531652 0.0182959
69 0.308295 0.919362 0.108053 0.159568 0.0181804
45 0.388209 0.432341 0.0201811 0.0578868 0.0180194
69 0.305206 0.874247 0.116096 0.245807 0.0176875
45 0.636211 0.685037 0.0381315 0.0185237 0.016912
45 0.511446 0.62902 0.0408272 0.0379202 0.0166662
41 0.846918 0.566716 0.0168795 0.0540613 0.0163903
56 0.510608 0.840737 0.0396438 0.250448 0.0162256
41 0.831359 0.592546 0.0159061 0.0410847 0.0161856
45 0.765027 0.725513 0.0232893 0.0448491 0.0160377
45 0.639123 0.660714 0.0242264 0.0410134 0.015938
0 0.593183 0.561121 0.0370636 0.158012 0.0158701
45 0.0944103 0.737924 0.0491417 0.0849253 0.0158677
41 0.832105 0.600468 0.0131279 0.0532783 0.0154601
45 0.411299 0.455544 0.0578515 0.0296097 0.0151311
56 0.612115 0.843074 0.0449879 0.249131 0.0148911
49 0.639123 0.660714 0.0242264 0.0410134 0.0137088
41 0.643323 0.661223 0.0176001 0.0380777 0.0135191
69 0.143685 0.936087 0.205122 0.118829 0.0131725
0 0.599014 0.582688 0.0248579 0.0689845 0.0131527
45 0.51055 0.608735 0.0418621 0.0651895 0.0130611
45 0.292926 0.710683 0.0497671 0.0575631 0.0128887
39 0.813889 0.549385 0.0122299 0.0763616 0.0128163
72 0.665331 0.68347 0.20773 0.520608 0.012603
39 0.0664379 0.615141 0.0146608 0.0507316 0.0125291
56 0.152029 0.977422 0.101644 0.0436956 0.0124776
45 0.102737 0.687002 0.0569266 0.0794157 0.012309
39 0.832105 0.600468 0.0131279 0.0532783 0.0120768
39 0.868526 0.597679 0.00897236 0.053641 0.0120356
69 0.135859 0.784011 0.244187 0.405627 0.0118294
69 0.503395 0.737276 0.056308 0.486736 0.0114373
47 0.639123 0.660714 0.0242264 0.0410134 0.0111363
39 0.831359 0.592546 0.0159061 0.0410847 0.0110967
41 0.088255 0.753208 0.0442973 0.0648813 0.0110965
45 0.29227 0.689681 0.0490045 0.0478215 0.0109192
68 0.0265395 0.591604 0.0530789 0.0780632 0.010833
69 0.510874 0.609887 0.0443123 0.0763518 0.0107571
71 0.0382159 0.69498 0.075696 0.072574 0.0107428
39 0.868856 0.603513 0.0106504 0.0539321 0.0103113
45 0.103116 0.669443 0.0545271 0.0403388 0.0100897
72 0.611264 0.847233 0.0426983 0.287048 0.00995275
69 0.038422 0.673327 0.0761589 0.0995855 0.00985247
39 0.641186 0.658166 0.0235373 0.0480589 0.00923264
69 0.513047 0.884282 0.0343115 0.152501 0.00914901
72 0.909787 0.684848 0.180426 0.607636 0.00911084
71 0.635722 0.695337 0.0514152 0.0385063 0.0090133
0 0.601523 0.58204 0.0167061 0.0646064 0.00895366
0 0.590811 0.565234 0.0504219 0.191049 0.00836673
69 0.485574 0.845704 0.0891665 0.29503 0.00806853
47 0.088834 0.755999 0.0429099 0.0581723 0.00798637
68 0.0385483 0.712753 0.0766653 0.17452 0.00798029
45 0.0313631 0.744197 0.0626071 0.0755044 0.00796494
69 0.156952 0.958917 0.15825 0.0761797 0.00789651
69 0.508082 0.750361 0.0389101 0.202629 0.00761029
39 0.643323 0.661223 0.0176001 0.0380777 0.00742838
72 0.7955 0.639619 0.0421473 0.409466 0.00740388
45 0.443135 0.438066 0.0163576 0.0455955 0.00733203
69 0.0385483 0.712753 0.0766653 0.17452 0.00715178
72 0.806169 0.643708 0.0271576 0.345857 0.00715134
37 0.610921 0.846751 0.044375 0.275504 0.00708461
68 0.026113 0.613307 0.0519544 0.120016 0.00678679
41 0.847317 0.615969 0.0244743 0.0297919 0.00677374
45 0.152038 0.707051 0.0473532 0.0465308 0.00667453
71 0.037744 0.653523 0.0754881 0.0583955 0.00660545
56 0.509528 0.837253 0.0250605 0.246838 0.0065504
39 0.0651372 0.621635 0.0206971 0.0671458 0.00654328
39 0.811791 0.549085 0.0168953 0.0860424 0.00650045
0 0.58859 0.554984 0.046537 0.127829 0.00640428
71 0.0377786 0.754737 0.0751327 0.167898 0.00633588
41 0.097881 0.717586 0.056175 0.0993832 0.00632387
72 0.508114 0.845728 0.0427604 0.280737 0.00630578
69 0.510757 0.772688 0.0187737 0.113618 0.00621986
0 0.607461 0.622528 0.0356411 0.124894 0.00617376
41 0.0664379 0.615141 0.0146608 0.0507316 0.00615358
71 0.0385483 0.712753 0.0766653 0.17452 0.0061065
69 0.614618 0.54302 0.094914 0.280045 0.00610358
71 0.0345822 0.719559 0.0685008 0.032212 0.00607651
0 0.596585 0.525649 0.0613033 0.186177 0.00601032
41 0.852098 0.613911 0.0235794 0.0331237 0.00596243
69 0.0382446 0.743653 0.0761043 0.125129 0.00595596
69 0.511224 0.791443 0.0216031 0.154227 0.00588179
71 0.638097 0.689519 0.0599565 0.0235387 0.00577453
69 0.643058 0.749172 0.0804878 0.140594 0.00572959
71 0.638928 0.727747 0.0823698 0.100831 0.00569484
69 0.410309 0.730011 0.153471 0.529394 0.00569472
56 0.647515 0.789416 0.0695562 0.242559 0.0056664
74 0.84281 0.450384 0.0308569 0.0754423 0.00565016
70 0.513462 0.601492 0.0337326 0.0650593 0.00543651
69 0.638188 0.816698 0.0991098 0.275262 0.00537041
26 0.606464 0.837123 0.0337416 0.236549 0.00526553
70 0.0387927 0.706016 0.0773781 0.16768 0.00526369
45 0.41799 0.458431 0.0472026 0.0248062 0.00522324
24 0.748714 0.779966 0.0360768 0.0861329 0.00514579
26 0.761631 0.817758 0.0611218 0.152238 0.00514379
41 0.249524 0.706371 0.0494127 0.0822892 0.00512746
26 0.76386 0.727707 0.0245001 0.0538879 0.00512248
72 0.568135 0.718447 0.122751 0.549245 0.00510517
45 0.509907 0.643639 0.0446524 0.0452543 0.00505957
26 0.30758 0.723992 0.0611772 0.055349 0.00498748
39 0.388209 0.432341 0.0201811 0.0578868 0.00497249
40 0.932598 0.65822 0.018565 0.0507398 0.00492013
41 0.101942 0.702734 0.0583159 0.0944305 0.00490966
69 0.510796 0.729618 0.047511 0.187212 0.00478798
41 0.864313 0.609072 0.0192682 0.0477349 0.00477728
74 0.20218 0.716336 0.0346198 0.060081 0.00471905
45 0.434364 0.435316 0.0321169 0.0526172 0.00469261
45 0.864313 0.609072 0.0192682 0.0477349 0.00466418
41 0.0919373 0.739679 0.036954 0.0922764 0.00465
71 0.909217 0.815646 0.181059 0.355498 0.00460833
69 0.268094 0.896803 0.189456 0.200445 0.00460601
72 0.906813 0.79498 0.186375 0.387821 0.0045965
39 0.0628844 0.61491 0.0230781 0.0522651 0.00458303
40 0.931611 0.665102 0.0157877 0.0361235 0.00452051
45 0.638097 0.689519 0.0599565 0.0235387 0.00449094
69 0.30513 0.711026 0.0726706 0.078399 0.00446001
69 0.198939 0.827498 0.331854 0.32722 0.00445989
69 0.603224 0.552171 0.0706686 0.245213 0.00445029
56 0.155665 0.956026 0.1837 0.0798056 0.00440446
0 0.598106 0.555625 0.0730622 0.243023 0.00437936
69 0.454954 0.826333 0.0699687 0.339231 0.00432804
69 0.670615 0.791244 0.0341592 0.222908 0.00430068
69 0.151419 0.933728 0.186869 0.0861643 0.00423154
56 0.747983 0.80614 0.0633316 0.184304 0.00422022
45 0.407318 0.453259 0.0635148 0.038171 0.0041979
41 0.931611 0.665102 0.0157877 0.0361235 0.00419596
74 0.30758 0.723992 0.0611772 0.055349 0.00418022
45 0.0836131 0.760655 0.0531238 0.0635658 0.00414732
60 0.63309 0.695219 0.0611637 0.0471567 0.00412774
40 0.846918 0.566716 0.0168795 0.0540613 0.00399646
56 0.511224 0.791443 0.0216031 0.154227 0.00395805
72 0.64101 0.788057 0.0878675 0.229015 0.00394857
69 0.456641 0.8549 0.0612944 0.270868 0.00393322
72 0.938455 0.679439 0.12309 0.615563 0.00388297
45 0.619513 0.654997 0.0188868 0.0528643 0.0038659
39 0.931611 0.665102 0.0157877 0.0361235 0.00380725
68 0.513462 0.601492 0.0337326 0.0650593 0.00377646
72 0.639635 0.536551 0.0410084 0.247035 0.00371581
39 0.63527 0.657696 0.0223724 0.0494717 0.00369835
60 0.612069 0.849146 0.0439499 0.281813 0.00367671
39 0.0891488 0.752176 0.0448764 0.0636976 0.00366551
72 0.731859 0.762382 0.0871617 0.458984 0.00364587
41 0.868856 0.603513 0.0106504 0.0539321 0.00364015
69 0.0223418 0.918448 0.0444266 0.156652 0.00363284
72 0.80999 0.548021 0.0183495 0.102348 0.00363177
45 0.50987 0.660889 0.0429417 0.0413975 0.00362396
69 0.304914 0.72174 0.0680041 0.0615081 0.00357816
41 0.416499 0.42746 0.0429582 0.0447574 0.00356328
39 0.581556 0.320242 0.014921 0.0417303 0.0035122
26 0.743876 0.734591 0.0278723 0.051521 0.00349876
0 0.807806 0.54353 0.0161396 0.0828594 0.00349283
56 0.73061 0.838792 0.0736644 0.287309 0.00349209
41 0.0155918 0.611325 0.0222128 0.0303236 0.00349119
41 0.766275 0.719699 0.0202768 0.0368135 0.00346088
56 0.673354 0.784029 0.0331379 0.225415 0.00344065
0 0.603814 0.644217 0.0409428 0.110713 0.00344014
69 0.146648 0.757039 0.206558 0.15492 0.00343889
56 0.50598 0.854546 0.0525137 0.283399 0.00339851
26 0.746755 0.764599 0.0447634 0.13613 0.00339362
72 0.293424 0.832838 0.142678 0.326582 0.00338665
69 0.038657 0.652713 0.0765732 0.147835 0.00337997
0 0.611654 0.845082 0.0455008 0.245671 0.00330764
72 0.694886 0.628049 0.207649 0.524475 0.00325784
41 0.0628844 0.61491 0.0230781 0.0522651 0.00325325
71 0.636211 0.685037 0.0381315 0.0185237 0.00325304
0 0.598355 0.621442 0.0390463 0.117605 0.0032371
56 0.035118 0.846031 0.0702359 0.295265 0.00322479
72 0.713978 0.703154 0.12883 0.489287 0.00320119
45 0.63527 0.657696 0.0223724 0.0494717 0.00319317
41 0.639123 0.660714 0.0242264 0.0410134 0.00318128
60 0.635722 0.695337 0.0514152 0.0385063 0.00316107
72 0.582204 0.697322 0.166595 0.564535 0.00312635
55 0.643323 0.661223 0.0176001 0.0380777 0.00311923
75 0.0880428 0.749247 0.0439026 0.070608 0.00311512
56 0.762252 0.818304 0.0618401 0.148656 0.00310782
56 0.513047 0.884282 0.0343115 0.152501 0.00310081
41 0.765027 0.725513 0.0232893 0.0448491 0.0030919
45 0.528293 0.609339 0.0378113 0.0560728 0.00308961
39 0.580931 0.337993 0.0172606 0.0669875 0.00308052
45 0.361511 0.451012 0.0374306 0.0325729 0.00307855
69 0.658757 0.775049 0.0558744 0.19373 0.00305527
56 0.744956 0.842707 0.0412907 0.265419 0.00303069
39 0.0919373 0.739679 0.036954 0.0922764 0.00302795
45 0.63159 0.691446 0.0544861 0.0410126 0.00302145
40 0.935322 0.662538 0.0213898 0.0460059 0.00301638
72 0.800168 0.64401 0.0409016 0.352522 0.00300142
39 0.526726 0.630118 0.0196267 0.0439352 0.0029898
45 0.0155918 0.611325 0.0222128 0.0303236 0.00295344
60 0.638928 0.727747 0.0823698 0.100831 0.00292793
44 0.931611 0.665102 0.0157877 0.0361235 0.00289938
69 0.624156 0.842884 0.0674438 0.297705 0.00289166
39 0.932598 0.65822 0.018565 0.0507398 0.0028744
41 0.0651372 0.621635 0.0206971 0.0671458 0.00287104
68 0.84214 0.450228 0.0309429 0.0738268 0.00283146
46 0.643323 0.661223 0.0176001 0.0380777 0.00282329
70 0.308042 0.725044 0.0609519 0.0563625 0.00274563
68 0.249571 0.697479 0.0520932 0.0990993 0.00273737
45 0.588019 0.360997 0.028231 0.0248068 0.00271383
39 0.610921 0.846751 0.044375 0.275504 0.00271288
71 0.643058 0.749172 0.0804878 0.140594 0.00270042
54 0.643323 0.661223 0.0176001 0.0380777 0.00269577
39 0.865376 0.594843 0.0147078 0.0541858 0.0026803
60 0.293648 0.829451 0.141739 0.326959 0.0026719
39 0.836589 0.584593 0.0146946 0.0413031 0.00266549
74 0.763047 0.378029 0.0146446 0.0225199 0.00266153
41 0.868526 0.597679 0.00897236 0.053641 0.0026235
69 0.293893 0.740348 0.134739 0.167438 0.00261843
56 0.748714 0.779966 0.0360768 0.0861329 0.00260401
60 0.035908 0.846432 0.0712532 0.297617 0.00259286
39 0.864313 0.609072 0.0192682 0.0477349 0.00258747
71 0.50987 0.660889 0.0429417 0.0413975 0.00257307
39 0.8173 0.570018 0.0116901 0.102485 0.00256234
60 0.652873 0.782719 0.0793795 0.232817 0.00256079
72 0.8378 0.81338 0.0499771 0.357017 0.00255731
39 0.10247 0.702477 0.0597617 0.102872 0.00253245
39 0.616005 0.648413 0.0183186 0.0575968 0.00253105
75 0.107221 0.713834 0.0477214 0.0747862 0.00253019
45 0.384559 0.449298 0.0275235 0.043646 0.00251305
71 0.490294 0.248327 0.193504 0.146826 0.00248277
45 0.0386915 0.646564 0.0746151 0.0505588 0.00244659
72 0.62783 0.547571 0.0597583 0.208829 0.00243059
46 0.612115 0.843074 0.0449879 0.249131 0.00242612
51 0.643323 0.661223 0.0176001 0.0380777 0.00241873
75 0.10247 0.702477 0.0597617 0.102872 0.00239715
56 0.464002 0.968957 0.0511444 0.0616645 0.00238481
69 0.0219549 0.954186 0.0435389 0.0852874 0.00237849
68 0.0252549 0.481186 0.0465073 0.219438 0.00235
41 0.932598 0.65822 0.018565 0.0507398 0.00234169
39 0.601523 0.58204 0.0167061 0.0646064 0.00231233
69 0.639122 0.800789 0.0475737 0.214133 0.00230959
56 0.0228054 0.915957 0.0456108 0.16161 0.00230309
60 0.634663 0.739443 0.0676079 0.134138 0.00230071
60 0.624553 0.808907 0.0949694 0.286869 0.00230053
45 0.526726 0.630118 0.0196267 0.0439352 0.00229383
69 0.036055 0.767024 0.0711958 0.116977 0.00222
39 0.605601 0.845916 0.021627 0.248543 0.0022158
69 0.510256 0.664804 0.0453066 0.0499921 0.0022046
69 0.45026 0.655952 0.0726142 0.382748 0.00219402
45 0.831359 0.592546 0.0159061 0.0410847 0.00216421
28 0.611654 0.845082 0.0455008 0.245671 0.00216249
69 0.155227 0.978135 0.109852 0.0437301 0.00215897
45 0.456667 0.436713 0.0375584 0.0601232 0.00215384
44 0.807208 0.543293 0.0162304 0.0865878 0.00210923
