53 0.454369 0.511958 0.908738 0.942604 0.91407
40 0.802517 0.073931 0.152782 0.14188 0.821654
41 0.941157 0.199874 0.116838 0.391667 0.76062
40 0.360921 0.0134187 0.104094 0.0268374 0.524491
60 0.491829 0.503044 0.9835 0.993912 0.519906
41 0.927841 0.0642963 0.0879238 0.124995 0.248518
41 0.360959 0.0126012 0.101707 0.0252024 0.232894
39 0.943281 0.201581 0.110518 0.396611 0.218405
39 0.928141 0.0638755 0.0883444 0.125087 0.153812
39 0.686153 0.0272708 0.0963078 0.051154 0.132743
40 0.164227 0.0582021 0.132976 0.113231 0.0943961
41 0.686213 0.0276686 0.0960201 0.0512873 0.0932332
40 0.167968 0.0325337 0.112439 0.0646076 0.0870359
41 0.161739 0.0325136 0.126107 0.0639914 0.0730655
41 0.163823 0.0588821 0.131603 0.115315 0.0652778
40 0.162542 0.0410289 0.129351 0.0794427 0.0604733
40 0.362814 0.0132441 0.106146 0.0264881 0.057099
40 0.942769 0.196275 0.112835 0.392551 0.0431309
60 0.493037 0.279438 0.983029 0.55037 0.0408113
40 0.768208 0.0669898 0.0883863 0.132494 0.038422
60 0.496513 0.182573 0.987832 0.356842 0.0244071
60 0.330892 0.225348 0.659505 0.443611 0.0173243
40 0.821492 0.064412 0.104176 0.125905 0.0144434
42 0.185386 0.198802 0.168547 0.171255 0.0137418
60 0.225071 0.232998 0.44634 0.459621 0.0113988
0 0.685324 0.0273118 0.097364 0.0504064 0.0108669
40 0.685968 0.0279172 0.0961345 0.0510645 0.00969294
39 0.800112 0.0743283 0.152629 0.144259 0.00927842
40 0.85233 0.0311876 0.0742489 0.0566562 0.00927249
41 0.362814 0.0132441 0.106146 0.0264881 0.00885129
60 0.494558 0.124419 0.989117 0.230954 0.00856048
53 0.442389 0.680075 0.86299 0.609102 0.00795206
0 0.800252 0.0746902 0.152787 0.144138 0.00790918
41 0.800112 0.0743283 0.152629 0.144259 0.00776094
53 0.485164 0.33584 0.78267 0.583382 0.00705552
75 0.941111 0.199341 0.116975 0.392555 0.00691363
45 0.941111 0.199341 0.116975 0.392555 0.006818
43 0.185386 0.198802 0.168547 0.171255 0.00567761
40 0.927841 0.0642963 0.0879238 0.124995 0.00524867
53 0.660347 0.522453 0.454589 0.906521 0.00490379
40 0.209855 0.0684953 0.235222 0.134585 0.0048807
40 0.786432 0.0610909 0.103266 0.121548 0.00464466
0 0.360921 0.0134187 0.104094 0.0268374 0.00460142
44 0.800252 0.0746902 0.152787 0.144138 0.00452504
38 0.800201 0.0741896 0.152666 0.144374 0.00449142
40 0.844826 0.0669085 0.0949635 0.132375 0.00434476
45 0.360959 0.0126012 0.101707 0.0252024 0.0041886
45 0.931501 0.062745 0.0938475 0.12549 0.00409096
40 0.194824 0.138198 0.208598 0.273031 0.00392377
60 0.136708 0.237494 0.273151 0.463159 0.00358209
39 0.360959 0.0126012 0.101707 0.0252024 0.00347969
42 0.214261 0.187757 0.226285 0.198326 0.00337037
41 0.939824 0.283567 0.120146 0.224323 0.00310355
0 0.930329 0.0630194 0.0905134 0.124058 0.0029915
40 0.172028 0.115664 0.158435 0.226909 0.00299016
60 0.177639 0.198286 0.354315 0.392828 0.00291568
40 0.126643 0.0664739 0.231185 0.130894 0.00288388
39 0.164666 0.0323687 0.109537 0.0643503 0.00286001
56 0.167968 0.0325337 0.112439 0.0646076 0.0027903
42 0.149104 0.224096 0.248232 0.228293 0.00278491
56 0.931501 0.062745 0.0938475 0.12549 0.00274995
60 0.120712 0.174327 0.240244 0.347797 0.00267953
43 0.214261 0.187757 0.226285 0.198326 0.00261107
60 0.872843 0.501835 0.253543 0.966443 0.00237677
53 0.529319 0.23768 0.532193 0.368651 0.00235921
75 0.800177 0.0745328 0.152278 0.144319 0.00233793
42 0.362409 0.0134164 0.103209 0.0268329 0.00233021
45 0.685479 0.0277384 0.0954615 0.0526291 0.00228819
39 0.688706 0.061951 0.107436 0.121539 0.00225106
39 0.163823 0.0588821 0.131603 0.115315 0.00223061
40 0.374422 0.0128404 0.1319 0.0256807 0.00217104
42 0.175439 0.144989 0.169238 0.287409 0.00216296
44 0.185386 0.198802 0.168547 0.171255 0.00213507
39 0.162542 0.0410289 0.129351 0.0794427 0.00210008
41 0.209855 0.0684953 0.235222 0.134585 0.00194943
45 0.167968 0.0325337 0.112439 0.0646076 0.00186533
40 0.804867 0.0318081 0.0466404 0.0616678 0.0018529
47 0.686172 0.0269332 0.0955446 0.050009 0.00184563
75 0.685268 0.0268667 0.0936853 0.0501052 0.00175968
60 0.843943 0.194639 0.297282 0.377068 0.00172746
0 0.529319 0.23768 0.532193 0.368651 0.00168148
40 0.751412 0.0713433 0.234206 0.14231 0.00165877
40 0.17372 0.0261577 0.0973956 0.0507682 0.00165397
39 0.766004 0.0603023 0.08479 0.117951 0.00165072
56 0.362409 0.0134164 0.103209 0.0268329 0.00159326
41 0.85233 0.0311876 0.0742489 0.0566562 0.00156236
0 0.48432 0.504389 0.96864 0.991222 0.00152096
56 0.942352 0.198796 0.112391 0.390464 0.00151241
75 0.928198 0.0638862 0.0874393 0.123859 0.00151157
44 0.163823 0.0588821 0.131603 0.115315 0.00139904
69 0.508286 0.503067 0.970227 0.989547 0.00138599
41 0.375151 0.0143236 0.134008 0.0286472 0.00131902
41 0.763753 0.0537598 0.0820385 0.105078 0.00131783
44 0.361077 0.0133289 0.102302 0.0266577 0.00128555
53 0.539818 0.615268 0.695065 0.727993 0.00128412
41 0.93207 0.0220817 0.079269 0.0431647 0.00127292
60 0.705288 0.176148 0.564783 0.351561 0.00125092
40 0.37722 0.024309 0.144246 0.0476999 0.00123599
40 0.221848 0.226119 0.440256 0.449128 0.00120652
41 0.120712 0.174327 0.240244 0.347797 0.00119439
42 0.800112 0.0743283 0.152629 0.144259 0.0011909
41 0.931103 0.0359971 0.0819679 0.0713206 0.00117362
40 0.273695 0.0666476 0.381855 0.130476 0.00117132
40 0.812635 0.142233 0.223334 0.284467 0.00117007
40 0.819924 0.0384935 0.0806543 0.0759762 0.00116888
39 0.751412 0.0713433 0.234206 0.14231 0.00116009
40 0.908441 0.0786773 0.126714 0.152803 0.00115606
43 0.840333 0.410339 0.096273 0.0909618 0.00115073
42 0.209888 0.16409 0.102912 0.0868149 0.00114378
48 0.930329 0.0630194 0.0905134 0.124058 0.00114086
42 0.139868 0.185761 0.258728 0.291364 0.00114003
40 0.418887 0.229245 0.833893 0.455424 0.0011389
55 0.92712 0.0634854 0.0859051 0.125649 0.00110495
39 0.362814 0.0132441 0.106146 0.0264881 0.00110355
41 0.126643 0.0664739 0.231185 0.130894 0.00109762
40 0.833392 0.0325005 0.108214 0.0627329 0.00108457
42 0.198934 0.18011 0.112341 0.102766 0.0010519
44 0.162902 0.0326273 0.114305 0.0652546 0.00100321
