11 0.480813 0.540376 0.0771206 0.0552593 0.922386
5 0.73166 0.514403 0.536679 0.95993 0.263855
6 0.716331 0.524421 0.567337 0.941443 0.23436
2 0.787597 0.516292 0.424807 0.946918 0.141754
7 0.736454 0.514595 0.525923 0.956294 0.123697
2 0.894987 0.337324 0.0871203 0.16844 0.0427256
0 0.927722 0.138161 0.083122 0.0920894 0.0310992
0 0.925171 0.124465 0.104543 0.125241 0.0182903
9 0.425188 0.044603 0.0852164 0.0863621 0.0147633
9 0.442208 0.0478243 0.0521871 0.0795648 0.00918007
2 0.895504 0.342253 0.0716729 0.139758 0.00861752
2 0.681074 0.638273 0.050916 0.0907179 0.00860918
2 0.924571 0.265765 0.149125 0.352115 0.00654015
9 0.442759 0.0646811 0.0344474 0.0443642 0.00607842
0 0.923946 0.174522 0.106809 0.228171 0.00606644
0 0.936027 0.127043 0.0772784 0.11578 0.00574881
12 0.482624 0.586296 0.0649452 0.139831 0.0056932
12 0.680886 0.634302 0.0488008 0.0845594 0.00539389
0 0.95655 0.921893 0.0869 0.152317 0.00537696
2 0.92415 0.124528 0.104308 0.124669 0.00525784
12 0.485822 0.600672 0.053251 0.10917 0.00458145
10 0.483897 0.584082 0.0859896 0.146362 0.00457034
2 0.905267 0.32548 0.0790922 0.158912 0.00379285
13 0.716331 0.524421 0.567337 0.941443 0.00361404
69 0.716331 0.524421 0.567337 0.941443 0.00329456
3 0.756937 0.523933 0.486127 0.939197 0.00292504
12 0.751715 0.524052 0.495583 0.937753 0.00269437
25 0.92415 0.124528 0.104308 0.124669 0.00258932
6 0.803356 0.52111 0.391326 0.945316 0.00235292
29 0.480813 0.540376 0.0771206 0.0552593 0.00231019
0 0.936191 0.140683 0.0633433 0.084366 0.00230011
0 0.92782 0.266927 0.0194169 0.0294014 0.00229836
0 0.894987 0.337324 0.0871203 0.16844 0.00229713
2 0.926173 0.339479 0.146293 0.335504 0.00219133
11 0.480651 0.582882 0.0770907 0.143537 0.00187752
2 0.92782 0.266927 0.0194169 0.0294014 0.00162801
0 0.935507 0.185957 0.127654 0.298852 0.00154808
10 0.485822 0.600672 0.053251 0.10917 0.0015465
2 0.952705 0.923802 0.0944381 0.148243 0.00152978
0 0.935568 0.105034 0.127032 0.170821 0.001322
2 0.935568 0.105034 0.127032 0.170821 0.00121173
4 0.722622 0.497755 0.554757 0.990443 0.00107267
2 0.916367 0.272017 0.0417019 0.0469743 0.00102529
0 0.916328 0.240635 0.152982 0.382031 0.00101462
