0 0.585255 0.365987 0.467218 0.562931 0.887051
0 0.194519 0.400857 0.373893 0.697524 0.877546
0 0.910989 0.421394 0.178022 0.525274 0.831104
60 0.52816 0.803994 0.94368 0.375585 0.825195
41 0.244302 0.75944 0.103268 0.0840021 0.811434
43 0.654483 0.623289 0.0948096 0.112698 0.619883
55 0.663989 0.766776 0.578295 0.184316 0.600105
56 0.3991 0.649106 0.385149 0.10458 0.538615
45 0.782667 0.659055 0.168999 0.0596836 0.508131
43 0.662319 0.635289 0.115642 0.129102 0.391153
56 0.117371 0.951458 0.170463 0.0959991 0.35328
43 0.639501 0.627656 0.0604741 0.102343 0.111869
56 0.171841 0.950503 0.307004 0.0948709 0.100517
43 0.637985 0.637277 0.0483651 0.080513 0.0997734
43 0.630496 0.637929 0.0389912 0.079209 0.0966147
56 0.416794 0.287628 0.119037 0.0909428 0.0907147
55 0.613664 0.756356 0.443886 0.160098 0.0834318
39 0.846342 0.312243 0.0725558 0.123865 0.0756693
0 0.464871 0.206421 0.0927549 0.0892413 0.0620391
43 0.662932 0.638131 0.0906042 0.114433 0.0596226
56 0.440072 0.636236 0.474756 0.127474 0.047464
42 0.651411 0.620751 0.0906472 0.109085 0.0392658
43 0.616215 0.609876 0.0489226 0.084712 0.0383714
55 0.527084 0.800719 0.944083 0.38291 0.0338078
43 0.598451 0.607392 0.0402691 0.0697668 0.0307865
0 0.461233 0.248098 0.112054 0.174237 0.0305946
62 0.411141 0.283626 0.111667 0.079881 0.0285906
46 0.360092 0.230765 0.0453238 0.035266 0.0269359
43 0.654903 0.635419 0.055846 0.0936044 0.0262339
55 0.442793 0.702119 0.436144 0.139928 0.0245492
60 0.60023 0.670527 0.796301 0.0984728 0.0222956
43 0.677648 0.636834 0.09324 0.140142 0.0201907
39 0.931029 0.166336 0.0370811 0.0428205 0.0195833
43 0.60157 0.605607 0.0562589 0.0796192 0.0182275
43 0.63691 0.606143 0.0541533 0.0758198 0.0180955
44 0.651661 0.622968 0.0938031 0.105522 0.0167694
49 0.361049 0.23138 0.0451817 0.0335199 0.0165747
56 0.0519365 0.609976 0.10099 0.236914 0.0156624
43 0.62846 0.626587 0.0582195 0.100142 0.0155227
43 0.716879 0.592399 0.05578 0.0999355 0.014967
0 0.357426 0.228827 0.0518206 0.0401906 0.0144901
42 0.658569 0.633584 0.108117 0.12898 0.0144343
43 0.702668 0.664392 0.0586247 0.0756176 0.0141363
46 0.453211 0.20594 0.0718606 0.0865937 0.014136
60 0.450631 0.709558 0.446221 0.144396 0.0140778
56 0.0514407 0.53831 0.0994961 0.352911 0.013504
56 0.375849 0.541496 0.0528567 0.158383 0.013483
41 0.783829 0.659251 0.163656 0.0573383 0.0134365
69 0.0514542 0.613225 0.100691 0.233345 0.0128352
56 0.435472 0.298991 0.152221 0.108883 0.0126295
43 0.642929 0.612084 0.0645256 0.096412 0.01254
62 0.431099 0.289468 0.149038 0.0872575 0.0118977
43 0.7094 0.595228 0.0407239 0.0929106 0.0117844
43 0.617597 0.594537 0.0640994 0.116886 0.0117486
56 0.790685 0.503999 0.137986 0.255789 0.0110208
56 0.718265 0.586751 0.0574379 0.108567 0.0107968
46 0.444378 0.185013 0.0529914 0.0444034 0.0106172
60 0.846228 0.677897 0.304809 0.101431 0.0104141
0 0.452569 0.228623 0.064826 0.0482134 0.0102437
42 0.639501 0.627656 0.0604741 0.102343 0.00994161
43 0.620861 0.619981 0.0516928 0.0911467 0.0098401
49 0.452286 0.233377 0.0531035 0.0366456 0.00955197
55 0.834108 0.750696 0.094189 0.0468397 0.00867835
56 0.0721495 0.599192 0.0576631 0.19663 0.00864831
45 0.243476 0.760546 0.105656 0.0846435 0.00859842
42 0.630496 0.637929 0.0389912 0.079209 0.00844964
43 0.641428 0.616719 0.112002 0.11146 0.00844395
42 0.637985 0.637277 0.0483651 0.080513 0.00825244
56 0.366279 0.538411 0.0444147 0.168224 0.00756618
74 0.713854 0.120732 0.0641098 0.0476128 0.00745755
56 0.195261 0.903432 0.239573 0.190597 0.0073995
72 0.431099 0.289468 0.149038 0.0872575 0.00732538
39 0.857564 0.30244 0.0584649 0.107088 0.00729579
44 0.662319 0.635289 0.115642 0.129102 0.00724551
43 0.632216 0.593827 0.0438915 0.0704876 0.00707218
68 0.431099 0.289468 0.149038 0.0872575 0.00704879
56 0.49563 0.623398 0.601522 0.147816 0.00686231
56 0.168443 0.872991 0.191684 0.248788 0.00675392
39 0.45519 0.206892 0.0751866 0.0894141 0.00644651
47 0.361049 0.23138 0.0451817 0.0335199 0.00608358
43 0.692911 0.653693 0.0590172 0.0928729 0.00606725
45 0.793541 0.65039 0.134683 0.0409418 0.00597066
43 0.629661 0.602495 0.137942 0.136445 0.00594583
56 0.749281 0.512627 0.123786 0.252018 0.00584489
56 0.735443 0.534734 0.0906261 0.208573 0.00583705
68 0.411141 0.283626 0.111667 0.079881 0.00580516
75 0.931029 0.166336 0.0370811 0.0428205 0.00574633
0 0.438642 0.246992 0.153649 0.169956 0.00566941
56 0.727232 0.502163 0.221381 0.265071 0.00557035
0 0.410186 0.23862 0.201117 0.151587 0.00552738
56 0.845716 0.311749 0.0734417 0.124333 0.00536361
41 0.245281 0.745407 0.105279 0.0557442 0.00535703
43 0.622381 0.636358 0.0437769 0.0808828 0.00533554
60 0.547529 0.686228 0.899015 0.135059 0.00525504
41 0.447802 0.187763 0.0600658 0.0500728 0.00522456
39 0.244184 0.760582 0.104831 0.0853756 0.0051502
0 0.741619 0.312378 0.189707 0.141256 0.00504333
0 0.492304 0.210784 0.0519918 0.0810995 0.00498828
43 0.72468 0.586888 0.0561541 0.102199 0.00494784
56 0.400407 0.57415 0.60157 0.270921 0.00493008
0 0.479395 0.208382 0.0789874 0.0853771 0.0048503
56 0.425209 0.312214 0.160905 0.140316 0.00469461
56 0.737951 0.581864 0.0351677 0.107085 0.00460684
60 0.782796 0.208153 0.31428 0.0746619 0.00458658
56 0.428513 0.424137 0.164069 0.364237 0.00454813
54 0.361049 0.23138 0.0451817 0.0335199 0.00450978
56 0.188854 0.865324 0.333073 0.260825 0.00450477
60 0.77629 0.274903 0.307245 0.210785 0.00448662
46 0.451044 0.233194 0.0541582 0.0361162 0.00422752
56 0.0553069 0.708669 0.105429 0.431547 0.00420749
43 0.59472 0.577775 0.116902 0.167465 0.00416067
56 0.0680032 0.559813 0.0586157 0.131586 0.00413111
62 0.0514542 0.613225 0.100691 0.233345 0.00403583
43 0.700532 0.596892 0.0247511 0.0910114 0.00399494
45 0.796813 0.686161 0.196825 0.11709 0.00397202
60 0.635406 0.438244 0.729188 0.427639 0.00396892
63 0.429251 0.286455 0.144016 0.0846485 0.00396395
43 0.735606 0.582989 0.0386463 0.109386 0.00395599
42 0.654903 0.635419 0.055846 0.0936044 0.00388157
27 0.294903 0.261895 0.0154448 0.049836 0.003869
39 0.582029 0.376076 0.033105 0.0386568 0.00383705
53 0.460132 0.207557 0.0858389 0.0909561 0.00379708
43 0.59539 0.590657 0.0905266 0.117575 0.0037514
39 0.387975 0.471161 0.0331563 0.0750021 0.00372419
60 0.413254 0.646635 0.41496 0.109166 0.00369117
46 0.495837 0.23154 0.0472254 0.0364226 0.00369063
56 0.331084 0.542091 0.631354 0.345752 0.00366104
57 0.635406 0.438244 0.729188 0.427639 0.00362399
13 0.107362 0.949916 0.187064 0.0952908 0.00359854
56 0.379345 0.521353 0.0547251 0.166027 0.00359055
44 0.630496 0.637929 0.0389912 0.079209 0.00355387
43 0.67788 0.658873 0.0849671 0.0888388 0.00354582
0 0.433696 0.290111 0.153695 0.089987 0.00353721
56 0.106419 0.867065 0.207926 0.259847 0.00352794
39 0.359292 0.229661 0.0462614 0.0349722 0.00348732
0 0.847064 0.311512 0.0729975 0.131156 0.00348315
43 0.677595 0.601125 0.0407074 0.123488 0.0034633
76 0.656278 0.62735 0.0973919 0.120819 0.00344914
13 0.635406 0.438244 0.729188 0.427639 0.00344014
27 0.285884 0.262987 0.0270571 0.0449245 0.00343993
0 0.388606 0.390177 0.777211 0.616783 0.00342199
42 0.658091 0.63509 0.0886204 0.105714 0.00328079
0 0.546121 0.206302 0.267431 0.103082 0.00328022
39 0.00881137 0.352781 0.0169239 0.0845886 0.00322199
56 0.765038 0.320111 0.221953 0.159181 0.00321025
27 0.292804 0.253652 0.0175804 0.0628284 0.00320181
43 0.701138 0.627852 0.036117 0.130999 0.00319505
44 0.632811 0.626107 0.0469259 0.0997882 0.00317547
0 0.451044 0.233194 0.0541582 0.0361162 0.00312233
45 0.361049 0.23138 0.0451817 0.0335199 0.00307569
72 0.430979 0.250829 0.174921 0.170621 0.00299945
42 0.702668 0.664392 0.0586247 0.0756176 0.00297743
44 0.658091 0.63509 0.0886204 0.105714 0.00296313
42 0.67364 0.643275 0.10271 0.128513 0.00294393
56 0.0924339 0.531052 0.178951 0.34571 0.00293982
39 0.442943 0.185401 0.0482685 0.0455483 0.00293577
0 0.407204 0.205571 0.206024 0.0921847 0.00292215
26 0.845926 0.313187 0.0727001 0.125178 0.00291836
43 0.639973 0.586294 0.0542409 0.0943975 0.00288692
56 0.573326 0.448414 0.473497 0.501003 0.00288308
0 0.467769 0.177132 0.100089 0.153797 0.00287434
72 0.0518795 0.605443 0.10046 0.245893 0.00287312
39 0.849076 0.294319 0.0585392 0.0896728 0.00285229
44 0.637985 0.637277 0.0483651 0.080513 0.00284123
56 0.424886 0.693587 0.427906 0.126882 0.00282562
56 0.793277 0.442955 0.140957 0.382332 0.00278306
41 0.846342 0.312243 0.0725558 0.123865 0.00274476
44 0.453211 0.20594 0.0718606 0.0865937 0.00267267
42 0.62846 0.626587 0.0582195 0.100142 0.00265738
39 0.874869 0.278174 0.0262168 0.063768 0.00264326
0 0.924614 0.262914 0.150773 0.212501 0.00263882
60 0.879162 0.680619 0.238043 0.0840517 0.00262457
44 0.702668 0.664392 0.0586247 0.0756176 0.00262371
60 0.819017 0.668823 0.251585 0.0852643 0.00258166
56 0.0778566 0.575116 0.046517 0.120503 0.00255755
57 0.430449 0.288871 0.150521 0.0869152 0.00250295
44 0.60157 0.605607 0.0562589 0.0796192 0.00248057
42 0.616215 0.609876 0.0489226 0.084712 0.00247732
60 0.849259 0.735754 0.29844 0.122548 0.00244662
56 0.80965 0.400093 0.144987 0.313129 0.00244659
0 0.495868 0.220353 0.0463797 0.0615279 0.0024454
69 0.0553069 0.708669 0.105429 0.431547 0.00244051
45 0.713854 0.120732 0.0641098 0.0476128 0.002437
26 0.492988 0.513246 0.291532 0.220316 0.00243083
40 0.45519 0.206892 0.0751866 0.0894141 0.00242287
56 0.077482 0.551553 0.0416151 0.081292 0.00241309
40 0.244145 0.76057 0.105574 0.0851387 0.00237209
39 0.714764 0.12023 0.0655744 0.048706 0.00237036
43 0.606267 0.579584 0.190328 0.176876 0.00236952
41 0.266971 0.747339 0.0619737 0.0568151 0.00236806
55 0.56914 0.743574 0.369546 0.135321 0.00234693
39 0.856482 0.120296 0.0526484 0.0415056 0.00232375
39 0.00831985 0.341352 0.0161873 0.0569951 0.00232348
45 0.838306 0.688273 0.272252 0.120115 0.00230846
53 0.451465 0.233425 0.0547019 0.0362979 0.00229472
56 0.822507 0.413458 0.0489443 0.0626036 0.00229335
41 0.361049 0.23138 0.0451817 0.0335199 0.00228131
0 0.357697 0.246964 0.0559838 0.0742233 0.00225767
69 0.431099 0.289468 0.149038 0.0872575 0.00225651
0 0.665534 0.429731 0.617898 0.429278 0.00223675
44 0.616215 0.609876 0.0489226 0.084712 0.00222862
43 0.664929 0.659589 0.0671244 0.0798393 0.00222698
43 0.656609 0.599928 0.100346 0.115797 0.0022133
42 0.828428 0.751407 0.080121 0.0439045 0.00221312
45 0.66462 0.637092 0.118552 0.124576 0.00216928
46 0.452569 0.228623 0.064826 0.0482134 0.00214681
39 0.0129311 0.423765 0.0250521 0.108858 0.00214246
0 0.753415 0.295586 0.239097 0.171291 0.00213408
27 0.293509 0.268927 0.0195155 0.0407863 0.00213191
55 0.624416 0.736072 0.369746 0.158261 0.00209516
56 0.745687 0.338977 0.18444 0.195709 0.00204456
13 0.171841 0.950503 0.307004 0.0948709 0.0020265
56 0.528989 0.796322 0.934965 0.393431 0.00198889
56 0.387253 0.496966 0.0393765 0.120975 0.0019877
26 0.374577 0.534409 0.0572318 0.169635 0.0019806
41 0.453211 0.20594 0.0718606 0.0865937 0.00197122
13 0.621308 0.373549 0.747522 0.324571 0.00196463
0 0.745687 0.338977 0.18444 0.195709 0.00196278
0 0.807089 0.404679 0.380528 0.475941 0.00194958
73 0.411141 0.283626 0.111667 0.079881 0.00191337
0 0.93731 0.236667 0.12538 0.160207 0.0018838
46 0.470062 0.212215 0.0972244 0.0808115 0.001865
39 0.0091234 0.363521 0.0182468 0.124958 0.00186321
68 0.052081 0.610614 0.100868 0.237777 0.00185883
44 0.654903 0.635419 0.055846 0.0936044 0.00184646
44 0.598451 0.607392 0.0402691 0.0697668 0.00184393
0 0.931224 0.168439 0.0361491 0.0381106 0.00182787
13 0.530411 0.802106 0.938983 0.379092 0.00182047
27 0.282108 0.252355 0.0326061 0.0643748 0.00181761
58 0.0199122 0.2613 0.0370403 0.152646 0.00181007
55 0.785601 0.658225 0.157128 0.0564178 0.0017938
46 0.71425 0.120493 0.0632902 0.0467911 0.00177902
26 0.497631 0.458445 0.303982 0.330196 0.00177521
39 0.71181 0.165682 0.0657589 0.044266 0.00176886
56 0.827051 0.435598 0.0556594 0.105746 0.00175509
72 0.411141 0.283626 0.111667 0.079881 0.00175375
0 0.72295 0.255394 0.382042 0.248729 0.00174624
0 0.72999 0.272226 0.199355 0.226141 0.00174424
69 0.0455809 0.53506 0.0898669 0.35833 0.00172114
72 0.0455809 0.53506 0.0898669 0.35833 0.00171402
48 0.833459 0.75191 0.093853 0.0534897 0.00171044
43 0.719783 0.622535 0.0434664 0.0359215 0.00170502
56 0.111281 0.599339 0.164688 0.240479 0.00169918
49 0.354262 0.229857 0.0571741 0.0395625 0.00169653
47 0.452286 0.233377 0.0531035 0.0366456 0.00169581
27 0.285661 0.269364 0.0300892 0.0404496 0.00169232
56 0.38059 0.642605 0.341943 0.0698465 0.00168684
60 0.621308 0.373549 0.747522 0.324571 0.00167897
56 0.0893716 0.609798 0.101141 0.240255 0.00167632
53 0.359489 0.229847 0.0484995 0.0381475 0.00165692
0 0.542785 0.237069 0.325071 0.171646 0.00165373
60 0.759311 0.312735 0.217459 0.141895 0.00165281
39 0.0245077 0.44847 0.0490155 0.12876 0.00165156
43 0.525242 0.583735 0.139545 0.0153168 0.00164109
75 0.847026 0.312803 0.073381 0.122349 0.0016399
55 0.537689 0.710561 0.315122 0.103626 0.00163582
41 0.714393 0.120451 0.0640901 0.0479698 0.00162286
56 0.766415 0.412353 0.220895 0.350912 0.00162095
44 0.692911 0.653693 0.0590172 0.0928729 0.00162035
56 0.693779 0.48857 0.278749 0.276183 0.00160694
56 0.49043 0.530811 0.286274 0.184959 0.00160325
77 0.359902 0.229545 0.0462033 0.0373614 0.00160035
27 0.259878 0.251858 0.0792685 0.0679346 0.00160012
13 0.413254 0.646635 0.41496 0.109166 0.00159606
60 0.548471 0.902561 0.897864 0.172847 0.00159261
44 0.677648 0.636834 0.09324 0.140142 0.00157174
56 0.328048 0.543759 0.0557296 0.165246 0.00156316
48 0.361049 0.23138 0.0451817 0.0335199 0.0015541
39 0.452569 0.228623 0.064826 0.0482134 0.00154799
56 0.382735 0.517377 0.0476531 0.132652 0.00154454
56 0.729557 0.561871 0.0724244 0.15323 0.00152057
56 0.0803405 0.619102 0.0521587 0.217451 0.00151613
43 0.620669 0.570666 0.0696012 0.12582 0.00150535
27 0.270849 0.253077 0.0577261 0.0652331 0.00150406
59 0.635406 0.438244 0.729188 0.427639 0.0015018
56 0.470175 0.555541 0.30092 0.223045 0.0015004
26 0.661654 0.634731 0.113179 0.130867 0.0014964
55 0.488367 0.714855 0.327865 0.166142 0.00148878
45 0.819017 0.668823 0.251585 0.0852643 0.00148723
57 0.759311 0.312735 0.217459 0.141895 0.00146544
60 0.845518 0.65128 0.295407 0.0682017 0.0014618
56 0.559263 0.673556 0.863033 0.168225 0.00145686
72 0.846432 0.314268 0.0731354 0.120019 0.00145265
0 0.486726 0.203555 0.0507466 0.0706781 0.00144002
41 0.243704 0.779158 0.109082 0.122568 0.00141439
45 0.245281 0.745407 0.105279 0.0557442 0.00138968
26 0.0995799 0.509625 0.18034 0.291782 0.00138146
74 0.85692 0.121238 0.0527846 0.0410525 0.00137752
45 0.775775 0.695556 0.219347 0.138591 0.00137681
26 0.117998 0.951208 0.171086 0.0952431 0.00136074
43 0.677806 0.596708 0.0557586 0.108916 0.00135192
43 0.54668 0.581745 0.301425 0.0167039 0.00135076
56 0.388405 0.528211 0.0759004 0.143637 0.00133765
0 0.557016 0.177588 0.277942 0.149238 0.00131381
56 0.196833 0.4505 0.371671 0.5846 0.00130472
56 0.438857 0.252054 0.149487 0.15787 0.00130057
75 0.714764 0.12023 0.0655744 0.048706 0.00129765
75 0.866996 0.14151 0.0857004 0.0902983 0.00128669
60 0.420782 0.288486 0.124 0.0896135 0.00128412
58 0.0183087 0.244166 0.0364295 0.113289 0.00127888
