53 0.506931 0.535891 0.986138 0.9173 0.856258
50 0.158948 0.554027 0.195639 0.127432 0.349437
60 0.485821 0.501099 0.971002 0.98606 0.291549
50 0.180022 0.386716 0.147236 0.0974206 0.274538
43 0.857469 0.928269 0.175658 0.134261 0.124985
50 0.836877 0.213077 0.0795712 0.12227 0.0834295
50 0.574921 0.787068 0.0829994 0.365699 0.0594549
41 0.0252467 0.149322 0.0489223 0.291035 0.0492498
50 0.28677 0.179438 0.0648057 0.105629 0.0456541
50 0.597611 0.778589 0.123516 0.35151 0.0297797
42 0.024413 0.157421 0.0479807 0.307131 0.0269059
50 0.127492 0.446682 0.141299 0.115722 0.0262754
50 0.863826 0.397938 0.192411 0.209396 0.0220262
50 0.802113 0.607537 0.172519 0.165338 0.0198718
60 0.502558 0.122983 0.994883 0.239957 0.0197905
50 0.554973 0.787594 0.129123 0.37494 0.0179381
48 0.485479 0.534655 0.963488 0.916226 0.0171176
50 0.796415 0.543871 0.189951 0.296132 0.0165061
43 0.0244819 0.1588 0.0481299 0.313006 0.0153075
60 0.340181 0.168737 0.669527 0.324072 0.0152682
43 0.863621 0.881064 0.188667 0.225042 0.0140271
50 0.879248 0.242238 0.171058 0.183001 0.0139672
60 0.179838 0.0569151 0.346049 0.106572 0.0133359
50 0.271943 0.644093 0.144017 0.246701 0.0133248
40 0.0252467 0.149322 0.0489223 0.291035 0.0129002
60 0.182398 0.160093 0.354314 0.308662 0.0125238
50 0.246607 0.33538 0.295574 0.389571 0.0114121
44 0.857469 0.928269 0.175658 0.134261 0.0113803
50 0.553774 0.649863 0.11722 0.155153 0.0106316
53 0.419716 0.701775 0.807291 0.57982 0.0105777
60 0.180665 0.081488 0.350112 0.156082 0.0102271
39 0.0252467 0.149322 0.0489223 0.291035 0.0101933
50 0.148498 0.44571 0.18692 0.131227 0.00980836
60 0.11313 0.151672 0.218726 0.216905 0.00966784
50 0.260503 0.379272 0.319107 0.291909 0.00957108
60 0.8009 0.142838 0.396137 0.273745 0.0094789
50 0.578436 0.682426 0.0763878 0.160356 0.00946823
50 0.892322 0.498832 0.135469 0.101783 0.00936061
53 0.494829 0.299933 0.940171 0.437564 0.00913304
50 0.521493 0.537496 0.114839 0.132096 0.00904438
53 0.811142 0.553034 0.3746 0.655861 0.00841466
50 0.876778 0.338437 0.228513 0.363304 0.00815117
50 0.210912 0.641661 0.258838 0.259274 0.0077512
60 0.106905 0.197725 0.208677 0.261079 0.00756446
42 0.853874 0.921019 0.174597 0.145866 0.00754973
60 0.884405 0.86146 0.22848 0.260317 0.00745204
50 0.857921 0.353433 0.204557 0.266045 0.00733864
50 0.125473 0.463874 0.164424 0.156486 0.00711834
50 0.868324 0.258369 0.21391 0.219678 0.00705737
60 0.434558 0.0795675 0.857533 0.152593 0.00705636
50 0.765083 0.473051 0.163683 0.135892 0.00697213
50 0.828364 0.220392 0.0644287 0.110009 0.00696936
60 0.127323 0.182238 0.251998 0.333064 0.0069609
53 0.827341 0.654221 0.341683 0.461982 0.00677896
50 0.161308 0.521507 0.205958 0.185991 0.00671083
50 0.823377 0.227486 0.104571 0.14718 0.00669304
50 0.849308 0.471973 0.0508629 0.0452229 0.0066435
50 0.207623 0.463999 0.271603 0.260615 0.00646698
50 0.85829 0.426081 0.220817 0.26254 0.00642994
50 0.203019 0.596479 0.27204 0.209685 0.00621733
44 0.024413 0.157421 0.0479807 0.307131 0.00611508
60 0.164942 0.124487 0.288661 0.248068 0.00610235
50 0.691002 0.321569 0.16689 0.164471 0.0060944
43 0.797277 0.836049 0.296444 0.320323 0.00595421
43 0.884405 0.86146 0.22848 0.260317 0.00590214
50 0.540954 0.742545 0.163091 0.338064 0.00587749
50 0.717358 0.333513 0.214396 0.197167 0.00584123
50 0.320814 0.179046 0.132616 0.12251 0.00581747
0 0.167311 0.0494265 0.312698 0.0937311 0.00578904
50 0.53672 0.620761 0.151251 0.215089 0.00576842
45 0.497763 0.491811 0.990037 0.971402 0.0055618
50 0.287113 0.420962 0.392172 0.231214 0.0054161
60 0.560306 0.163569 0.878617 0.308498 0.0053075
50 0.701741 0.222292 0.122242 0.0674063 0.00515461
50 0.170206 0.324536 0.187319 0.233776 0.00511631
50 0.746867 0.546423 0.285628 0.306088 0.00499454
50 0.809877 0.414852 0.330925 0.26995 0.00467914
50 0.864544 0.474697 0.0829872 0.0583195 0.00457519
50 0.418246 0.214264 0.317825 0.27324 0.00451517
50 0.778922 0.655543 0.109597 0.0742928 0.0044913
56 0.0243226 0.159303 0.046777 0.309926 0.00448722
50 0.871449 0.497615 0.0993431 0.109197 0.00448012
50 0.72228 0.218575 0.070379 0.0537011 0.00442472
53 0.494876 0.240852 0.581348 0.320746 0.00442284
50 0.120033 0.277172 0.0925447 0.11564 0.00423661
60 0.482543 0.927521 0.917887 0.138585 0.00410298
50 0.216987 0.540335 0.294432 0.158375 0.00405678
50 0.523176 0.664165 0.184752 0.401604 0.00402549
60 0.111295 0.26985 0.22143 0.39805 0.00396907
50 0.525055 0.59512 0.138679 0.25224 0.00389853
60 0.454272 0.203677 0.902653 0.390227 0.00381926
50 0.247914 0.480013 0.353788 0.301849 0.00377381
50 0.70881 0.210502 0.0351418 0.0360825 0.00377366
42 0.854926 0.872816 0.194323 0.2411 0.00377283
50 0.671556 0.223681 0.0552552 0.0622149 0.00374767
53 0.769869 0.518789 0.454347 0.791563 0.00364906
50 0.768489 0.336911 0.379613 0.217582 0.0036366
50 0.588863 0.174306 0.164464 0.158056 0.00350422
50 0.409874 0.732785 0.153659 0.149106 0.0034948
50 0.535176 0.54116 0.0873501 0.114675 0.00345546
50 0.87019 0.487766 0.0932152 0.078039 0.00339267
44 0.854926 0.872816 0.194323 0.2411 0.00337544
44 0.797277 0.836049 0.296444 0.320323 0.00335705
50 0.526279 0.691456 0.203812 0.272388 0.00330988
50 0.142147 0.500282 0.236815 0.243694 0.00326294
53 0.867284 0.561859 0.263877 0.64338 0.00316325
51 0.751032 0.578687 0.034812 0.0371735 0.00308976
43 0.806814 0.878517 0.296429 0.229494 0.00302505
50 0.521423 0.71575 0.16728 0.204792 0.00299531
50 0.339911 0.650709 0.405424 0.344058 0.00292644
50 0.370831 0.638157 0.278813 0.377604 0.00291225
50 0.711855 0.384057 0.239039 0.301116 0.00290903
50 0.530508 0.751066 0.189188 0.257991 0.0028953
50 0.778036 0.381007 0.388522 0.25846 0.00288892
50 0.174836 0.261695 0.0792214 0.0910701 0.00287738
50 0.707803 0.216717 0.0473752 0.0505085 0.0028123
50 0.934664 0.515727 0.0540569 0.0594283 0.0028086
50 0.777471 0.292762 0.369499 0.327641 0.00276136
0 0.8009 0.142838 0.396137 0.273745 0.00274876
50 0.77541 0.526546 0.186661 0.248916 0.00271732
50 0.884042 0.307147 0.111466 0.0784386 0.00269401
50 0.418211 0.631959 0.191279 0.372786 0.00269273
60 0.0244819 0.1588 0.0481299 0.313006 0.00266558
50 0.301826 0.239458 0.106361 0.093024 0.00266063
50 0.291631 0.451342 0.461935 0.267691 0.00264096
53 0.504775 0.244039 0.822518 0.328544 0.00260448
42 0.806814 0.878517 0.296429 0.229494 0.0025945
50 0.84927 0.219107 0.101524 0.138787 0.00258729
50 0.822871 0.467495 0.313351 0.183879 0.00258577
50 0.69956 0.433164 0.309288 0.433082 0.00257784
50 0.284606 0.212744 0.0592171 0.0511874 0.0025562
50 0.823738 0.547238 0.322565 0.311798 0.00251848
60 0.17941 0.455699 0.354895 0.887341 0.00251821
50 0.289809 0.218768 0.0708405 0.0709056 0.00250107
43 0.602998 0.913945 0.681539 0.159345 0.00246498
50 0.499248 0.538017 0.0838737 0.133379 0.00244009
50 0.199157 0.311354 0.23162 0.259943 0.00243333
50 0.12219 0.276677 0.0826006 0.057729 0.00241765
60 0.875584 0.614724 0.248832 0.758405 0.00239706
50 0.31033 0.249766 0.116861 0.0903472 0.00239477
50 0.541789 0.556715 0.0724749 0.0780713 0.00236917
0 0.600675 0.142458 0.796135 0.272389 0.00228351
50 0.24651 0.256115 0.262312 0.267691 0.00225806
50 0.727921 0.343894 0.0961399 0.146298 0.00224969
50 0.485271 0.724734 0.11562 0.181418 0.00222871
50 0.44994 0.712301 0.0714272 0.0772151 0.00221986
50 0.305283 0.172693 0.0954221 0.110008 0.00217482
52 0.485479 0.534655 0.963488 0.916226 0.00215632
50 0.924938 0.505894 0.0736504 0.0790385 0.00213647
50 0.165786 0.539032 0.181503 0.0857872 0.00213248
50 0.758094 0.403719 0.0924984 0.0661315 0.00212964
50 0.447812 0.699045 0.0730886 0.0706539 0.00212887
50 0.583512 0.239379 0.208497 0.297988 0.00206435
50 0.511507 0.201217 0.352786 0.246786 0.00205037
50 0.477452 0.665072 0.274946 0.454987 0.00204951
53 0.453902 0.789089 0.718131 0.405459 0.00198933
50 0.746004 0.425102 0.307388 0.390156 0.00195774
50 0.878698 0.509515 0.0654675 0.0822093 0.00194418
44 0.806814 0.878517 0.296429 0.229494 0.00193647
50 0.537366 0.666066 0.0707976 0.128491 0.00192782
50 0.568536 0.634438 0.187414 0.241136 0.00188303
60 0.526903 0.832167 0.881754 0.323335 0.00183699
50 0.824071 0.590356 0.130074 0.139246 0.00183254
50 0.762797 0.237272 0.316604 0.242962 0.00182059
42 0.797277 0.836049 0.296444 0.320323 0.00182021
0 0.0262894 0.146789 0.0511894 0.285902 0.00176081
50 0.570275 0.423412 0.080185 0.0694307 0.00175214
50 0.433593 0.73042 0.197093 0.163894 0.00174195
50 0.549161 0.534643 0.0622358 0.11423 0.00173798
50 0.53 0.787831 0.224865 0.382247 0.00173092
50 0.318794 0.212313 0.13759 0.197263 0.00172171
50 0.123293 0.266243 0.0814951 0.087722 0.00171307
50 0.570984 0.411411 0.0742348 0.0446985 0.00169256
50 0.442412 0.666734 0.238457 0.304657 0.00169191
50 0.522049 0.535589 0.136888 0.158438 0.0016894
50 0.152703 0.44689 0.209619 0.225917 0.00166625
50 0.543138 0.589415 0.181263 0.388769 0.00164929
50 0.501419 0.26385 0.0457266 0.0524269 0.00163037
50 0.301884 0.231687 0.0900164 0.0708022 0.00162983
50 0.671535 0.387093 0.269192 0.315752 0.00162509
50 0.50319 0.261689 0.0508547 0.069217 0.00162423
50 0.557071 0.630852 0.10297 0.13292 0.00160831
50 0.350233 0.434255 0.0530737 0.0686255 0.00160217
50 0.34845 0.445654 0.0660835 0.0931817 0.00159091
50 0.738545 0.617446 0.315582 0.441041 0.0015896
51 0.749877 0.58426 0.039139 0.0470886 0.00158632
50 0.78047 0.62541 0.12671 0.130094 0.00157294
50 0.505736 0.249153 0.05723 0.0962112 0.0015659
50 0.346459 0.397144 0.300316 0.310578 0.00155777
50 0.594964 0.705645 0.12583 0.208575 0.00154513
50 0.340354 0.19995 0.1766 0.18803 0.0015285
55 0.494085 0.5359 0.981376 0.916319 0.00152695
50 0.145537 0.257482 0.11908 0.102826 0.00152308
50 0.647109 0.794521 0.245758 0.405704 0.0015173
50 0.258728 0.237249 0.254574 0.196288 0.00150335
50 0.552041 0.291695 0.118139 0.140059 0.00147203
50 0.45414 0.695904 0.0608736 0.0558929 0.00147194
50 0.787991 0.319355 0.0381306 0.045374 0.00146422
50 0.554749 0.551326 0.0502393 0.057355 0.0014092
50 0.852826 0.367194 0.167515 0.151382 0.00139576
50 0.482952 0.607106 0.224796 0.313137 0.00139147
69 0.50778 0.497426 0.984441 0.966547 0.0013718
42 0.602998 0.913945 0.681539 0.159345 0.00134814
50 0.968117 0.453018 0.0622612 0.0839139 0.0013327
50 0.231986 0.641998 0.0510148 0.0451628 0.00133216
50 0.198418 0.467075 0.0893292 0.0969891 0.00132793
50 0.229887 0.607791 0.0624961 0.116881 0.00130436
50 0.820581 0.499151 0.0598545 0.0608782 0.00129846
43 0.838904 0.705279 0.31497 0.579742 0.0012933
53 0.269589 0.657906 0.534727 0.651988 0.00127238
50 0.560182 0.519904 0.0744648 0.0844764 0.00126681
50 0.805767 0.647447 0.155316 0.081665 0.00126603
50 0.792562 0.481518 0.116589 0.0995096 0.00126213
53 0.586011 0.79177 0.451948 0.398931 0.00124282
50 0.968579 0.473003 0.0617363 0.118566 0.00123855
50 0.563592 0.507441 0.0836269 0.148745 0.00123408
60 0.151405 0.162408 0.25968 0.196829 0.00122979
50 0.827587 0.584083 0.121758 0.0990349 0.00122344
50 0.319779 0.265295 0.107224 0.0884804 0.00122052
50 0.302356 0.403167 0.262048 0.292687 0.00121048
50 0.504888 0.536505 0.980125 0.914883 0.00117919
50 0.563077 0.163348 0.100201 0.105724 0.00116277
50 0.192098 0.271585 0.0880536 0.0947318 0.00116003
50 0.405775 0.691528 0.170994 0.243337 0.0011597
50 0.446804 0.718676 0.234465 0.236776 0.00115409
50 0.587599 0.198039 0.176939 0.210137 0.00115094
50 0.134825 0.298399 0.0871596 0.0948576 0.00114799
50 0.876982 0.322477 0.122005 0.0565936 0.00114572
45 0.500343 0.117676 0.99318 0.229133 0.00114301
50 0.230009 0.633034 0.0556253 0.0619001 0.00112057
50 0.854729 0.334573 0.16385 0.0791184 0.00111943
50 0.365228 0.181798 0.117425 0.133338 0.00111544
50 0.335464 0.181097 0.0668328 0.130532 0.00111428
56 0.167311 0.0494265 0.312698 0.0937311 0.00109428
50 0.112406 0.469182 0.212723 0.188304 0.00109157
53 0.440985 0.908387 0.863224 0.167219 0.00108999
42 0.838904 0.705279 0.31497 0.579742 0.00108346
50 0.576528 0.152617 0.116998 0.118096 0.0010756
50 0.409266 0.540338 0.156194 0.208516 0.00105283
51 0.576577 0.786519 0.0853758 0.376813 0.00105044
50 0.854523 0.439598 0.0478937 0.0421279 0.00104889
50 0.568057 0.597681 0.295205 0.457062 0.00104666
60 0.859154 0.930252 0.173015 0.135803 0.00104573
50 0.555614 0.183556 0.0974413 0.129664 0.00103295
50 0.172443 0.523925 0.156474 0.0761518 0.0010286
50 0.819672 0.377798 0.109215 0.142812 0.00101459
50 0.906101 0.508518 0.115232 0.0820442 0.00101185
0 0.517825 0.5036 0.964351 0.974809 0.00100991
53 0.674781 0.178517 0.362226 0.175945 0.00100672
50 0.17889 0.367726 0.142938 0.0648327 0.00100482
