0 0.362517 0.49968 0.24606 0.65242 0.896336
38 0.524723 0.492311 0.132266 0.156092 0.800924
32 0.570596 0.507449 0.0185497 0.0266305 0.0526911
32 0.403991 0.258404 0.0164767 0.0410803 0.0118209
38 0.337204 0.436468 0.0366093 0.119824 0.0040575
38 0.509362 0.456268 0.166062 0.104674 0.00303721
38 0.33304 0.426945 0.0331956 0.105525 0.00297782
32 0.574841 0.512049 0.0301277 0.0397832 0.00240415
38 0.35075 0.468004 0.0638104 0.200579 0.00192896
38 0.33227 0.394542 0.0368913 0.17204 0.00180709
38 0.540356 0.50228 0.102597 0.140975 0.00179029
32 0.565475 0.532581 0.0494015 0.0713383 0.00175592
38 0.506711 0.478109 0.172813 0.188725 0.00161517
38 0.346768 0.447716 0.0525263 0.15331 0.00122368
38 0.321828 0.392859 0.0561207 0.171943 0.00104451
38 0.35014 0.429495 0.0642483 0.120765 0.00103784
