57 0.101236 0.826118 0.199201 0.333358 0.555948
74 0.494395 0.453083 0.0643165 0.0474665 0.500283
73 0.319367 0.746025 0.0855046 0.0279793 0.486821
73 0.397845 0.862159 0.0940058 0.0263226 0.312504
57 0.207064 0.825004 0.412354 0.331758 0.298158
73 0.299581 0.826959 0.104617 0.0532646 0.186457
73 0.286828 0.862032 0.0947118 0.0280914 0.168179
73 0.305894 0.832563 0.0946305 0.0273106 0.134072
73 0.303351 0.840806 0.0940617 0.017148 0.125658
57 0.0993107 0.728837 0.19584 0.144295 0.124413
73 0.30757 0.822139 0.0919048 0.0350643 0.114537
73 0.386994 0.833965 0.0823732 0.0188881 0.10698
73 0.395581 0.811591 0.0751896 0.0289558 0.0977971
73 0.383273 0.837901 0.0793712 0.0185144 0.0931557
73 0.300602 0.843596 0.082752 0.0176075 0.0720077
65 0.236405 0.730625 0.0355248 0.014678 0.0609501
56 0.868049 0.726336 0.0447078 0.0688356 0.0588
73 0.307113 0.825148 0.0889249 0.0236832 0.0584666
73 0.391708 0.828444 0.0863058 0.0244286 0.0525368
56 0.101244 0.824061 0.199996 0.335274 0.0468728
73 0.395228 0.858129 0.092595 0.0227354 0.041268
56 0.0981394 0.728715 0.194011 0.143748 0.0399985
73 0.455277 0.81587 0.0589347 0.0410351 0.0385811
73 0.84447 0.780761 0.0525754 0.0158393 0.0363549
41 0.453148 0.818665 0.0543293 0.0401867 0.0327197
56 0.854511 0.740976 0.0693255 0.0983177 0.0314587
65 0.232256 0.729783 0.0515627 0.0187485 0.0298606
65 0.287247 0.861189 0.0934501 0.0256193 0.0292907
60 0.405432 0.880264 0.331883 0.200687 0.0274519
73 0.310679 0.809227 0.0848681 0.0207058 0.026892
73 0.328908 0.747591 0.106444 0.0370722 0.0257455
73 0.383011 0.842352 0.0874886 0.019315 0.0234811
73 0.338641 0.860261 0.0280719 0.0195339 0.023428
73 0.47326 0.849585 0.0835692 0.0324202 0.0230784
73 0.323595 0.754078 0.0930354 0.0331956 0.0225241
65 0.84447 0.780761 0.0525754 0.0158393 0.0221278
73 0.320239 0.803761 0.0310944 0.0252728 0.021051
73 0.361349 0.7554 0.0645846 0.0207698 0.0193307
73 0.332797 0.76337 0.104436 0.0164354 0.0182275
73 0.481656 0.846219 0.0682516 0.0308975 0.0180551
64 0.236405 0.730625 0.0355248 0.014678 0.0179579
65 0.320232 0.803376 0.0292751 0.02771 0.0176865
73 0.309797 0.749088 0.107164 0.0321159 0.0176725
73 0.406011 0.845376 0.128806 0.0173618 0.0175631
73 0.527629 0.836459 0.0255193 0.0415054 0.0156079
73 0.492481 0.825601 0.0500611 0.0248022 0.0153797
26 0.427275 0.754825 0.0748532 0.0361494 0.0147458
73 0.473447 0.829507 0.0978188 0.0540806 0.0146567
73 0.232256 0.729783 0.0515627 0.0187485 0.0144468
57 0.205369 0.731641 0.393233 0.116616 0.0144164
67 0.320239 0.803761 0.0310944 0.0252728 0.0138592
73 0.521183 0.829088 0.0353103 0.0471306 0.0137875
73 0.316269 0.735479 0.0882176 0.0234205 0.0133458
57 0.23103 0.709155 0.338432 0.062874 0.0128646
73 0.29508 0.815982 0.0563086 0.0355301 0.0127924
67 0.236405 0.730625 0.0355248 0.014678 0.0124126
57 0.286184 0.706113 0.225414 0.0558961 0.0123756
73 0.845607 0.777309 0.055555 0.0235565 0.0123003
26 0.122502 0.732645 0.141296 0.071632 0.0116624
73 0.236405 0.730625 0.0355248 0.014678 0.0116182
73 0.336618 0.830859 0.156254 0.0249941 0.0115158
26 0.11766 0.748743 0.153894 0.0946369 0.0113744
63 0.318759 0.745986 0.0884335 0.0303053 0.0101782
45 0.394833 0.80975 0.0773434 0.0270443 0.0100872
63 0.239461 0.751413 0.112114 0.0361292 0.00973624
73 0.428309 0.82239 0.150486 0.044507 0.00937113
65 0.456659 0.81712 0.0619233 0.0395229 0.00894287
73 0.341268 0.858043 0.0284276 0.021434 0.00876501
65 0.527629 0.836459 0.0255193 0.0415054 0.00838268
65 0.395354 0.809783 0.0753133 0.0260101 0.00820526
73 0.241147 0.732517 0.0532305 0.0188169 0.0081951
57 0.0992543 0.879376 0.197905 0.234324 0.00781676
73 0.375506 0.756505 0.0335759 0.0183496 0.00728831
73 0.349059 0.807243 0.0325278 0.0219845 0.00687784
74 0.236405 0.730625 0.0355248 0.014678 0.00665838
73 0.502882 0.824824 0.032713 0.0237129 0.00653028
66 0.239461 0.751413 0.112114 0.0361292 0.00651568
73 0.48587 0.807227 0.117162 0.0398483 0.00635618
73 0.336587 0.816238 0.0495158 0.0226631 0.00630826
73 0.234366 0.737834 0.0860774 0.0206875 0.00630391
67 0.84447 0.780761 0.0525754 0.0158393 0.0061979
24 0.122502 0.732645 0.141296 0.071632 0.00608295
63 0.232256 0.729783 0.0515627 0.0187485 0.00599304
73 0.483014 0.815603 0.141518 0.0481836 0.00566939
73 0.542875 0.837634 0.0315141 0.0431438 0.00563842
45 0.394159 0.814171 0.078012 0.0248344 0.00549573
60 0.211372 0.824629 0.422744 0.330812 0.00546128
24 0.11766 0.748743 0.153894 0.0946369 0.00544801
73 0.340628 0.86264 0.0256016 0.0179089 0.00537527
65 0.375506 0.756505 0.0335759 0.0183496 0.00518626
24 0.427272 0.752624 0.0765816 0.0407066 0.00517949
39 0.527629 0.836459 0.0255193 0.0415054 0.00514033
73 0.338727 0.774303 0.114873 0.0403483 0.00506973
66 0.232256 0.729783 0.0515627 0.0187485 0.00504082
60 0.287333 0.8319 0.572088 0.302012 0.00503793
73 0.333706 0.762628 0.122119 0.067504 0.0049628
63 0.335433 0.747983 0.124233 0.0359024 0.00489229
62 0.867804 0.725591 0.0439282 0.0691586 0.004823
73 0.293235 0.842931 0.0881237 0.0245907 0.0047929
73 0.239038 0.752223 0.111444 0.0332197 0.00455609
65 0.241147 0.732517 0.0532305 0.0188169 0.00453275
73 0.375301 0.748341 0.0466327 0.0352107 0.00449935
73 0.42724 0.754158 0.0729645 0.0355644 0.00448078
26 0.0997388 0.729216 0.193338 0.143012 0.00447845
59 0.204012 0.828409 0.408024 0.319303 0.00440788
65 0.383273 0.837901 0.0793712 0.0185144 0.00440302
65 0.491218 0.826611 0.0488389 0.0232475 0.00431156
65 0.388365 0.832288 0.0891598 0.0218792 0.00422382
74 0.320239 0.803761 0.0310944 0.0252728 0.00420678
45 0.456659 0.81712 0.0619233 0.0395229 0.0041137
63 0.240988 0.744302 0.0974408 0.0416669 0.00396767
73 0.465332 0.839706 0.0961412 0.0312244 0.00395343
63 0.241147 0.732517 0.0532305 0.0188169 0.00393596
65 0.479269 0.848763 0.0734934 0.0262577 0.00390917
73 0.346929 0.780896 0.0984512 0.0367376 0.00384697
65 0.502882 0.824824 0.032713 0.0237129 0.00381491
57 0.867804 0.725591 0.0439282 0.0691586 0.00376731
74 0.456659 0.81712 0.0619233 0.0395229 0.00369725
73 0.420802 0.842094 0.138143 0.017172 0.0036751
41 0.320239 0.803761 0.0310944 0.0252728 0.00366378
24 0.0997388 0.729216 0.193338 0.143012 0.00365245
58 0.331338 0.12228 0.260731 0.240949 0.00363752
59 0.276418 0.346026 0.381148 0.681915 0.00361639
65 0.341268 0.858043 0.0284276 0.021434 0.00360569
73 0.547938 0.836432 0.0216442 0.0414528 0.00350636
56 0.282675 0.705538 0.230573 0.0557487 0.00349396
57 0.232473 0.751595 0.3892 0.154434 0.00333667
65 0.395228 0.858129 0.092595 0.0227354 0.00333384
63 0.427543 0.753729 0.0762814 0.03916 0.00323763
73 0.504434 0.84094 0.0291258 0.0341236 0.00321588
73 0.392443 0.806108 0.0761609 0.0285805 0.00321442
65 0.394159 0.814171 0.078012 0.0248344 0.00317341
63 0.347069 0.778396 0.102869 0.0359951 0.00311977
63 0.867804 0.725591 0.0439282 0.0691586 0.00302467
73 0.317361 0.769511 0.109201 0.0791996 0.00298631
63 0.396875 0.861673 0.0944864 0.0264008 0.00297442
59 0.100132 0.822395 0.198832 0.312012 0.00296891
65 0.42715 0.755322 0.0727742 0.0350777 0.00293714
62 0.285307 0.706769 0.227351 0.0562226 0.00289822
73 0.470197 0.855144 0.0926898 0.0342999 0.00287324
63 0.234366 0.737834 0.0860774 0.0206875 0.00285333
58 0.332289 0.16287 0.260108 0.163196 0.00279745
63 0.375301 0.748341 0.0466327 0.0352107 0.00278941
56 0.022928 0.912449 0.0456617 0.164307 0.0027805
73 0.537383 0.838792 0.0450957 0.0453991 0.00264317
65 0.319367 0.746025 0.0855046 0.0279793 0.00255278
56 0.032136 0.728176 0.0617456 0.0961588 0.00248894
41 0.527629 0.836459 0.0255193 0.0415054 0.0024595
63 0.303786 0.824888 0.103015 0.0528866 0.00241169
73 0.376893 0.801601 0.0834158 0.0187263 0.0023973
73 0.426988 0.847463 0.184288 0.0611286 0.00238463
73 0.54551 0.82457 0.0240205 0.0191967 0.00236201
57 0.204745 0.779382 0.406072 0.213174 0.00234875
60 0.317194 0.876964 0.5123 0.220011 0.00230467
66 0.235225 0.734675 0.0857914 0.0236164 0.00230032
56 0.0513624 0.727951 0.10063 0.100269 0.00229669
65 0.493675 0.828253 0.0549379 0.0297316 0.00228238
39 0.320239 0.803761 0.0310944 0.0252728 0.00226608
73 0.850458 0.740593 0.0671879 0.0970014 0.00224629
66 0.286828 0.862032 0.0947118 0.0280914 0.00222766
67 0.287247 0.861189 0.0934501 0.0256193 0.0022268
26 0.124407 0.736006 0.123334 0.0551672 0.00220233
45 0.236405 0.730625 0.0355248 0.014678 0.00219554
73 0.484205 0.799488 0.116693 0.0255985 0.00219321
73 0.397144 0.864886 0.0976068 0.0373959 0.00216547
73 0.284764 0.750353 0.206182 0.0394588 0.00216398
73 0.228007 0.731598 0.0661237 0.0248135 0.00214359
41 0.392734 0.813776 0.0801026 0.0335358 0.00208005
60 0.284764 0.750353 0.206182 0.0394588 0.00206378
73 0.494691 0.816905 0.132867 0.0616983 0.00206128
67 0.232256 0.729783 0.0515627 0.0187485 0.00204918
65 0.310679 0.809227 0.0848681 0.0207058 0.00202382
63 0.284764 0.750353 0.206182 0.0394588 0.00200906
64 0.232256 0.729783 0.0515627 0.0187485 0.00197333
45 0.84447 0.780761 0.0525754 0.0158393 0.00195646
66 0.241147 0.732517 0.0532305 0.0188169 0.00192186
73 0.499477 0.811003 0.11972 0.0375099 0.00191203
74 0.428112 0.755425 0.0739927 0.035808 0.00187784
65 0.48728 0.843028 0.059699 0.0331112 0.00184867
65 0.845607 0.777309 0.055555 0.0235565 0.00175923
66 0.347551 0.778522 0.0988113 0.0359559 0.00175211
65 0.300602 0.843596 0.082752 0.0176075 0.00174186
56 0.427236 0.751197 0.0794006 0.0427553 0.00172061
73 0.364994 0.79552 0.0756902 0.00981445 0.0016976
60 0.239617 0.749953 0.110317 0.0400885 0.00169274
57 0.405817 0.914829 0.331338 0.127272 0.00165388
63 0.338173 0.760832 0.124371 0.0651747 0.00164673
66 0.42724 0.754158 0.0729645 0.0355644 0.00160742
63 0.284397 0.862655 0.0930102 0.0284735 0.00158408
56 0.205538 0.826421 0.407094 0.326875 0.00151557
73 0.351879 0.798352 0.0847138 0.0198009 0.00150004
66 0.236405 0.730625 0.0355248 0.014678 0.00148484
66 0.318759 0.745986 0.0884335 0.0303053 0.00146732
28 0.0997388 0.729216 0.193338 0.143012 0.00146732
74 0.232256 0.729783 0.0515627 0.0187485 0.00144774
45 0.391708 0.828444 0.0863058 0.0244286 0.00144079
63 0.306092 0.836717 0.0988026 0.0305965 0.00143915
71 0.239872 0.749828 0.108407 0.0373663 0.00142011
28 0.867804 0.725591 0.0439282 0.0691586 0.00141379
0 0.0997474 0.729384 0.196676 0.143851 0.00141191
26 0.122575 0.719673 0.120855 0.0732536 0.00140464
63 0.236405 0.730625 0.0355248 0.014678 0.00137815
65 0.349059 0.807243 0.0325278 0.0219845 0.00134802
65 0.340628 0.86264 0.0256016 0.0179089 0.00132352
41 0.236405 0.730625 0.0355248 0.014678 0.0013079
74 0.528515 0.837862 0.0250137 0.0395857 0.00130713
66 0.328908 0.747591 0.106444 0.0370722 0.00129655
65 0.235225 0.734675 0.0857914 0.0236164 0.00129032
57 0.0364808 0.725544 0.0709031 0.102562 0.00123474
56 0.0378308 0.905811 0.0716725 0.174792 0.00121784
63 0.30757 0.822139 0.0919048 0.0350643 0.00120318
65 0.361349 0.7554 0.0645846 0.0207698 0.00118491
26 0.119817 0.728437 0.121479 0.0491026 0.00117996
73 0.298563 0.729791 0.0722974 0.016258 0.00117666
74 0.502882 0.824824 0.032713 0.0237129 0.00117499
65 0.397845 0.862159 0.0940058 0.0263226 0.00116649
73 0.867932 0.726737 0.0427555 0.0715906 0.00116545
45 0.388365 0.832288 0.0891598 0.0218792 0.00115073
73 0.302609 0.794206 0.0540732 0.0137007 0.00114012
60 0.867804 0.725591 0.0439282 0.0691586 0.00113046
45 0.232256 0.729783 0.0515627 0.0187485 0.00112563
63 0.228007 0.731598 0.0661237 0.0248135 0.00111729
65 0.228007 0.731598 0.0661237 0.0248135 0.00111657
73 0.240988 0.744302 0.0974408 0.0416669 0.00109947
39 0.453148 0.818665 0.0543293 0.0401867 0.00109044
45 0.319367 0.746025 0.0855046 0.0279793 0.00108024
56 0.0182569 0.892879 0.0343562 0.121655 0.00107923
59 0.166152 0.731386 0.30402 0.107481 0.0010756
65 0.307113 0.825148 0.0889249 0.0236832 0.00107422
73 0.12206 0.738008 0.134427 0.0543291 0.00106859
73 0.278244 0.826793 0.0541406 0.0541023 0.00106677
65 0.47326 0.849585 0.0835692 0.0324202 0.00106049
66 0.228007 0.731598 0.0661237 0.0248135 0.00103292
65 0.303931 0.839724 0.0931832 0.018022 0.00102201
56 0.405817 0.914829 0.331338 0.127272 0.00100943
