0 0.507501 0.500569 0.982139 0.974085 0.967505
54 0.63522 0.428927 0.233242 0.109758 0.735529
39 0.426676 0.925824 0.159731 0.147655 0.60379
56 0.0219389 0.543367 0.0425741 0.232688 0.19811
56 0.207644 0.706956 0.412645 0.563086 0.142339
56 0.210215 0.721875 0.408206 0.302257 0.133361
57 0.209555 0.720862 0.412503 0.300277 0.1168
57 0.20827 0.711235 0.415163 0.55819 0.0960672
57 0.50261 0.710702 0.99478 0.556211 0.0565293
74 0.885395 0.609629 0.0647742 0.0365009 0.0497192
48 0.63523 0.428946 0.234558 0.10989 0.0321777
0 0.97267 0.183991 0.0536643 0.287651 0.0283332
0 0.977082 0.107993 0.0440501 0.133206 0.020936
39 0.466879 0.924959 0.237529 0.149604 0.019903
55 0.635305 0.428691 0.234613 0.109713 0.0190654
57 0.341962 0.735623 0.672592 0.511227 0.0172009
56 0.500681 0.708427 0.998638 0.56046 0.0154453
74 0.88396 0.594362 0.103715 0.0710617 0.0136291
56 0.0460779 0.54255 0.087878 0.233688 0.0123331
74 0.88405 0.607115 0.0949297 0.044141 0.0116984
57 0.206752 0.811603 0.413129 0.365918 0.0108464
56 0.0283174 0.654206 0.0563892 0.457689 0.0101527
57 0.282996 0.791002 0.564874 0.399098 0.00863427
57 0.501928 0.792856 0.98911 0.393695 0.0086236
56 0.291862 0.773809 0.577788 0.432823 0.00857028
56 0.206752 0.811603 0.413129 0.365918 0.00745338
0 0.95678 0.184525 0.0856182 0.290473 0.00705197
53 0.63522 0.428927 0.233242 0.109758 0.00681442
56 0.148043 0.669687 0.295373 0.482545 0.00616273
56 0.0403686 0.655082 0.0804866 0.452396 0.00540897
56 0.0341748 0.888824 0.0683496 0.215444 0.00454727
56 0.33533 0.715924 0.669471 0.548041 0.00439191
56 0.0789546 0.833104 0.157094 0.316692 0.00417885
49 0.63529 0.429173 0.234462 0.11026 0.00414389
56 0.803371 0.222511 0.1187 0.127481 0.00361776
54 0.424572 0.30378 0.0930938 0.0450863 0.00353983
56 0.0840892 0.788453 0.147573 0.157068 0.00323704
56 0.501928 0.792856 0.98911 0.393695 0.00319561
56 0.060175 0.678696 0.119296 0.502756 0.00283295
56 0.109217 0.651909 0.216044 0.449113 0.00281405
56 0.0799598 0.756442 0.158041 0.469014 0.00247028
52 0.63529 0.429173 0.234462 0.11026 0.00228855
74 0.914551 0.581701 0.0450281 0.0468596 0.00212985
56 0.0465609 0.507404 0.086302 0.163348 0.00179994
56 0.0592742 0.886792 0.118227 0.217761 0.00169572
54 0.426284 0.313543 0.0921692 0.0646337 0.00164571
56 0.268159 0.882525 0.536318 0.219519 0.00136629
39 0.419648 0.923377 0.106768 0.139614 0.00131416
56 0.449907 0.923937 0.267157 0.149799 0.00118077
57 0.080463 0.834785 0.1606 0.315133 0.00115144
56 0.0994566 0.774875 0.116446 0.126742 0.00104311
56 0.0213133 0.508686 0.0403464 0.160109 0.00100309
