77 0.479398 0.539322 0.956997 0.903781 0.889007
0 0.703605 0.483924 0.53846 0.949617 0.729079
56 0.86311 0.51083 0.273662 0.716069 0.224453
0 0.665057 0.262806 0.464405 0.518978 0.149041
56 0.861725 0.293206 0.275855 0.304853 0.128417
56 0.860862 0.359027 0.278277 0.42492 0.0672014
0 0.469885 0.370477 0.931414 0.711194 0.0575942
77 0.481669 0.374171 0.963339 0.63425 0.0480227
56 0.71173 0.491153 0.552665 0.841862 0.0428295
57 0.860513 0.340069 0.278954 0.39902 0.0420868
57 0.855758 0.263879 0.269769 0.205729 0.0259967
62 0.871084 0.0752134 0.257134 0.148778 0.0151908
56 0.854912 0.274805 0.270627 0.179552 0.0138248
57 0.856943 0.311671 0.277805 0.261071 0.0136719
60 0.941105 0.499951 0.117699 0.144542 0.0118232
0 0.864294 0.660307 0.27021 0.435332 0.0113897
0 0.757153 0.567022 0.43374 0.824924 0.0112436
13 0.865678 0.513393 0.268645 0.728416 0.00862807
56 0.928127 0.309115 0.143746 0.276366 0.00836381
0 0.825941 0.504687 0.348118 0.762551 0.00645095
77 0.706053 0.541956 0.488052 0.240377 0.0060387
60 0.869042 0.172709 0.258983 0.0689393 0.00583112
57 0.862163 0.535885 0.273584 0.779364 0.00575384
57 0.863815 0.654504 0.271802 0.451154 0.00573939
60 0.862339 0.290053 0.27474 0.303904 0.00556356
0 0.867747 0.75992 0.259098 0.231756 0.00510594
0 0.662261 0.570135 0.242288 0.822516 0.00504169
60 0.866571 0.515108 0.266858 0.731687 0.0041132
0 0.678981 0.77847 0.271889 0.393028 0.00399783
0 0.482449 0.529128 0.963482 0.923979 0.00381717
60 0.940412 0.5838 0.118802 0.316476 0.0036965
56 0.960167 0.302922 0.0794132 0.264683 0.00354534
59 0.861725 0.293206 0.275855 0.304853 0.00345308
0 0.764373 0.691042 0.456328 0.375868 0.00330976
57 0.71173 0.491153 0.552665 0.841862 0.00322363
57 0.490677 0.787069 0.971622 0.395127 0.00322127
0 0.82771 0.75549 0.213997 0.233281 0.00320357
56 0.645818 0.305997 0.708363 0.37929 0.00297275
57 0.767091 0.778246 0.461049 0.321461 0.0025332
57 0.484176 0.704771 0.967452 0.55584 0.0022181
57 0.867288 0.758903 0.261026 0.234788 0.00221488
56 0.863817 0.654884 0.272066 0.446474 0.00217962
57 0.472446 0.590978 0.944891 0.784935 0.00211897
56 0.942066 0.499956 0.115867 0.144104 0.00211325
57 0.764373 0.691042 0.456328 0.375868 0.00203121
13 0.860862 0.359027 0.278277 0.42492 0.00202739
59 0.860013 0.374091 0.276781 0.472886 0.00198743
56 0.941935 0.598283 0.116131 0.360183 0.00197214
0 0.767499 0.792085 0.458179 0.361071 0.00191107
16 0.47189 0.529803 0.942312 0.919569 0.00183213
68 0.871084 0.0752134 0.257134 0.148778 0.00183067
60 0.861681 0.356858 0.275697 0.4289 0.00173339
56 0.866862 0.721895 0.265363 0.312179 0.00165594
77 0.0570815 0.863976 0.111327 0.255161 0.00153425
56 0.931893 0.379966 0.136077 0.412295 0.00152192
18 0.057428 0.866172 0.111825 0.256386 0.00151625
56 0.66828 0.305921 0.466104 0.423003 0.00147632
0 0.75611 0.662947 0.0896829 0.0722178 0.00145361
59 0.854912 0.274805 0.270627 0.179552 0.00138786
57 0.767338 0.558103 0.447333 0.657081 0.00127488
16 0.057628 0.868831 0.112084 0.251992 0.00120816
13 0.862535 0.290525 0.27493 0.301722 0.00118876
56 0.944242 0.669433 0.111516 0.176134 0.00116533
57 0.645818 0.305997 0.708363 0.37929 0.00116399
56 0.865616 0.171115 0.268767 0.0673266 0.00114524
77 0.703876 0.485943 0.538004 0.926906 0.00113437
