5 0.54227 0.511517 0.655734 0.551488 0.948075
1 0.19884 0.629379 0.0476417 0.132702 0.596905
0 0.89663 0.605176 0.0237381 0.0895091 0.374242
0 0.0205675 0.524219 0.038404 0.0729778 0.256111
0 0.872249 0.577031 0.0171324 0.0771598 0.198596
0 0.9139 0.55467 0.0171263 0.0417636 0.170056
9 0.0844957 0.399485 0.0107241 0.0296726 0.146465
0 0.00586132 0.541791 0.010847 0.0413587 0.145418
0 0.894286 0.612285 0.0291761 0.105106 0.14358
0 0.0691335 0.515509 0.036712 0.0524494 0.13828
0 0.937003 0.557496 0.0117538 0.0286744 0.138001
0 0.0296089 0.525292 0.0204499 0.0351948 0.125603
0 0.0277031 0.515148 0.0262347 0.0534848 0.125409
0 0.0233564 0.517339 0.0350947 0.0587769 0.114488
0 0.41995 0.462943 0.0621513 0.110892 0.113186
1 0.175238 0.623649 0.0949907 0.144279 0.0967647
0 0.0207597 0.574456 0.0402589 0.164474 0.0951123
56 0.891458 0.630326 0.0263958 0.0814573 0.0927209
0 0.86918 0.593135 0.0200649 0.106702 0.0899552
0 0.910818 0.570204 0.0147432 0.0410906 0.0852796
0 0.874708 0.569852 0.0173597 0.0627985 0.083466
56 0.889338 0.644263 0.0244242 0.0538739 0.0826896
0 0.43478 0.464638 0.0905818 0.118153 0.082465
0 0.0769049 0.517034 0.0263358 0.0513569 0.0822389
0 0.897896 0.587396 0.0214752 0.0605636 0.0679997
0 0.954891 0.55496 0.0133869 0.0404978 0.0673351
0 0.0152444 0.525488 0.0293336 0.0681004 0.0667731
0 0.416002 0.472609 0.0569968 0.0871812 0.0642895
0 0.941746 0.555003 0.0138487 0.0363661 0.0634536
0 0.877484 0.581466 0.0195564 0.0809574 0.0586912
0 0.44569 0.484738 0.0845133 0.11245 0.0584041
0 0.944006 0.558642 0.0118113 0.031967 0.0560266
9 0.0847366 0.394583 0.0128049 0.0391437 0.0472014
0 0.891776 0.625657 0.0276127 0.0877338 0.0460984
0 0.349317 0.482812 0.0786159 0.0920183 0.0426587
0 0.0068956 0.545661 0.0131353 0.0549583 0.0412706
13 0.985925 0.611458 0.028149 0.0461058 0.0386064
56 0.987539 0.601664 0.0246201 0.0680954 0.0349439
1 0.891776 0.625657 0.0276127 0.0877338 0.0317514
56 0.987193 0.61496 0.0251881 0.0422822 0.0309935
0 0.0202028 0.550639 0.038579 0.114371 0.0298366
56 0.902105 0.635542 0.022307 0.0548231 0.0276117
0 0.886051 0.566284 0.0154142 0.0491138 0.0272432
0 0.913162 0.587087 0.0190845 0.0938629 0.0271376
0 0.357078 0.487703 0.0631135 0.0801296 0.0270012
13 0.886821 0.644127 0.0229881 0.0538294 0.0269267
1 0.205421 0.601577 0.0361083 0.0762834 0.0268722
0 0.447227 0.466789 0.0780407 0.0996826 0.0267273
1 0.889338 0.644263 0.0244242 0.0538739 0.0265375
0 0.453843 0.490288 0.0702959 0.0904256 0.0264217
0 0.0420138 0.525612 0.0200462 0.0280545 0.0264062
56 0.990944 0.596279 0.0176472 0.0768273 0.0263816
0 0.952951 0.587248 0.0201424 0.0855907 0.0259493
0 0.397604 0.471906 0.0680031 0.0993554 0.0253172
0 0.64065 0.534893 0.0289818 0.0907721 0.0246673
0 0.902681 0.601782 0.029969 0.0876278 0.024492
9 0.205634 0.417011 0.0147784 0.0437187 0.0243759
0 0.0152085 0.577926 0.0297738 0.163704 0.023373
13 0.987539 0.601664 0.0246201 0.0680954 0.0217254
1 0.192517 0.608859 0.0606733 0.101762 0.0214745
56 0.901197 0.64376 0.0232845 0.0544685 0.0207733
1 0.902105 0.635542 0.022307 0.0548231 0.0195141
1 0.205438 0.583293 0.0325596 0.0407875 0.0183113
0 0.902105 0.635542 0.022307 0.0548231 0.0179589
60 0.930278 0.59954 0.0280117 0.0609744 0.0179248
0 0.455914 0.477447 0.0626274 0.0657666 0.0171027
0 0.863935 0.595457 0.0223459 0.110324 0.0169478
0 0.880091 0.601415 0.0155167 0.046485 0.0156997
1 0.201069 0.607567 0.0391186 0.093728 0.0155615
13 0.930278 0.59954 0.0280117 0.0609744 0.0152236
13 0.901197 0.64376 0.0232845 0.0544685 0.0149454
0 0.946678 0.591524 0.0260931 0.0760809 0.0149435
1 0.880091 0.601415 0.0155167 0.046485 0.0148669
0 0.0111628 0.588432 0.0218859 0.140841 0.0144792
13 0.979606 0.614047 0.0388935 0.0408428 0.0142441
0 0.208168 0.536412 0.0235645 0.0752452 0.0140755
13 0.948082 0.601295 0.0283575 0.0582658 0.0140053
1 0.894286 0.612285 0.0291761 0.105106 0.0138426
1 0.901197 0.64376 0.0232845 0.0544685 0.0133681
0 0.564446 0.553549 0.0358665 0.0661524 0.0128788
0 0.0878088 0.521112 0.0203201 0.0512667 0.0128671
0 0.632831 0.538439 0.0438107 0.0929277 0.0127037
56 0.991793 0.573988 0.0153473 0.0328428 0.0126214
13 0.977684 0.607172 0.043568 0.0522612 0.0124463
0 0.338143 0.491063 0.0826039 0.0809141 0.012233
0 0.0378503 0.517085 0.0299744 0.0457309 0.0118755
0 0.00953661 0.534831 0.0190732 0.0582153 0.0118378
0 0.402438 0.47666 0.0552233 0.0818947 0.0117499
0 0.311219 0.492144 0.0667862 0.0944289 0.0117278
0 0.558205 0.544988 0.0487321 0.0854581 0.0113757
13 0.867175 0.65358 0.0309158 0.0366222 0.0113041
0 0.294937 0.482682 0.0403693 0.0699538 0.0112075
0 0.431969 0.45201 0.0575558 0.094722 0.0109932
0 0.410006 0.481028 0.0695397 0.0979484 0.0109111
56 0.930278 0.59954 0.0280117 0.0609744 0.0107199
56 0.864245 0.600467 0.0168617 0.104382 0.010648
0 0.355672 0.461073 0.0558753 0.0677626 0.0106446
56 0.0112145 0.612147 0.0218504 0.0918626 0.0105348
1 0.205885 0.591651 0.0338724 0.0560246 0.0102659
0 0.567383 0.544861 0.0325249 0.0860852 0.0102004
56 0.894286 0.612285 0.0291761 0.105106 0.00998187
9 0.210132 0.448852 0.0293572 0.0254299 0.00991371
56 0.954227 0.598792 0.0226231 0.0620609 0.00970224
0 0.949796 0.55286 0.0119215 0.0435078 0.00931275
9 0.855991 0.354964 0.0276817 0.0394689 0.0091821
56 0.928339 0.618384 0.0157936 0.0245247 0.0087657
1 0.206198 0.573705 0.029293 0.0374927 0.00837934
0 0.610354 0.529377 0.045133 0.100066 0.00834376
24 0.0272068 0.684594 0.0274558 0.0459272 0.00833181
0 0.0333969 0.513208 0.0396965 0.0551801 0.00825512
0 0.322912 0.496121 0.0618318 0.0891856 0.00777081
56 0.994333 0.609451 0.0113341 0.0529297 0.00768629
56 0.872474 0.612294 0.0309982 0.111479 0.00765589
0 0.373669 0.482566 0.0512177 0.0848692 0.00742939
60 0.985925 0.611458 0.028149 0.0461058 0.00742269
1 0.864245 0.600467 0.0168617 0.104382 0.00734016
13 0.891458 0.630326 0.0263958 0.0814573 0.00717673
0 0.422659 0.451852 0.049554 0.0959674 0.00706881
56 0.863519 0.643402 0.0268806 0.0600582 0.00699261
13 0.953366 0.601271 0.0370062 0.0622476 0.00697783
0 0.864245 0.600467 0.0168617 0.104382 0.00687131
0 0.567852 0.562229 0.0255601 0.0504587 0.006749
0 0.33582 0.489737 0.102215 0.0963395 0.00661144
13 0.0112235 0.610101 0.0217214 0.0944781 0.00640339
0 0.0626878 0.523779 0.0706655 0.0558861 0.00637421
56 0.880091 0.601415 0.0155167 0.046485 0.00624532
0 0.334381 0.487752 0.0532593 0.0736522 0.00623307
0 0.317447 0.485174 0.0641873 0.0738815 0.00623211
0 0.991793 0.573988 0.0153473 0.0328428 0.00622666
0 0.357313 0.454996 0.0646662 0.085109 0.00621676
9 0.209327 0.429291 0.0272665 0.0622126 0.00621471
56 0.953366 0.601271 0.0370062 0.0622476 0.00615597
0 0.461292 0.494164 0.0751726 0.126144 0.00604299
0 0.555594 0.561339 0.046306 0.0547597 0.00596818
56 0.948082 0.601295 0.0283575 0.0582658 0.0058538
0 0.681382 0.531869 0.0271582 0.0902909 0.00580245
13 0.974987 0.597529 0.047039 0.066242 0.00575545
56 0.867175 0.65358 0.0309158 0.0366222 0.00557584
0 0.288835 0.478997 0.0294108 0.0602006 0.00553599
9 0.863676 0.354615 0.0152988 0.0391803 0.00543848
13 0.928339 0.618384 0.0157936 0.0245247 0.00539321
1 0.202292 0.57648 0.031527 0.0353479 0.00519815
0 0.297932 0.488441 0.061006 0.0860781 0.00517428
13 0.990944 0.596279 0.0176472 0.0768273 0.00513801
9 0.867061 0.354792 0.00951138 0.0386358 0.00508505
0 0.379376 0.467204 0.0393796 0.0656478 0.0050036
0 0.350179 0.454258 0.0546032 0.0732112 0.00495404
0 0.553275 0.53746 0.0574146 0.10311 0.00478435
0 0.617207 0.531627 0.0663315 0.106934 0.00477383
9 0.0878073 0.395096 0.0202785 0.0405825 0.00472763
0 0.896126 0.563283 0.0203117 0.0490098 0.00472501
1 0.986401 0.614578 0.0271973 0.0419973 0.00452375
13 0.968782 0.61289 0.0572556 0.0448705 0.00446442
60 0.947851 0.595479 0.0280842 0.0687045 0.00445902
60 0.977684 0.607172 0.043568 0.0522612 0.00444779
0 0.946666 0.548506 0.0190786 0.0500548 0.00441954
0 0.57276 0.541205 0.0317131 0.0948041 0.00424853
0 0.36564 0.50238 0.049461 0.049244 0.00424758
0 0.452983 0.455778 0.0688223 0.0884216 0.00408304
0 0.830659 0.564808 0.0119164 0.0375137 0.00405642
0 0.859918 0.578222 0.0155788 0.0820586 0.00405538
13 0.872474 0.612294 0.0309982 0.111479 0.00400957
0 0.588274 0.534592 0.061451 0.105186 0.00399914
13 0.863519 0.643402 0.0268806 0.0600582 0.0039767
16 0.889158 0.642963 0.0234894 0.0566419 0.00397301
60 0.887235 0.642407 0.0243361 0.0568508 0.00393966
0 0.306254 0.474708 0.0621196 0.0776514 0.00389731
60 0.987539 0.601664 0.0246201 0.0680954 0.00389299
56 0.901408 0.606671 0.0299168 0.0927518 0.00388265
56 0.898012 0.644798 0.0360704 0.0554483 0.00387651
0 0.990944 0.596279 0.0176472 0.0768273 0.00386247
0 0.929214 0.593211 0.0249367 0.0715371 0.00384188
56 0.872157 0.625089 0.0444347 0.112109 0.00380799
1 0.901408 0.606671 0.0299168 0.0927518 0.00378802
60 0.0112235 0.610101 0.0217214 0.0944781 0.00373814
0 0.0107766 0.615466 0.0210099 0.0855113 0.00371587
0 0.390961 0.483256 0.0536452 0.088795 0.00370303
0 0.435757 0.491859 0.106164 0.155731 0.00363833
0 0.59819 0.529524 0.0394846 0.0944647 0.00356367
9 0.210038 0.442708 0.0298918 0.0335187 0.00355884
13 0.952535 0.595751 0.0206783 0.0692404 0.00349417
0 0.459849 0.49992 0.0618599 0.100366 0.00343108
56 0.936753 0.599303 0.0261383 0.0579828 0.00342345
56 0.0111628 0.588432 0.0218859 0.140841 0.00337932
0 0.854185 0.558815 0.0148014 0.073923 0.00332183
74 0.95372 0.470925 0.0216408 0.031673 0.00332034
0 0.116624 0.538137 0.0113952 0.0340377 0.00331894
1 0.180926 0.616712 0.050298 0.111397 0.00329617
13 0.994333 0.609451 0.0113341 0.0529297 0.00320345
0 0.577098 0.534027 0.0394311 0.0983061 0.0031575
56 0.916891 0.602255 0.0254486 0.0563973 0.00314948
0 0.206198 0.573705 0.029293 0.0374927 0.00313336
0 0.735599 0.537003 0.0280781 0.0971895 0.00310734
0 0.352683 0.499281 0.0715615 0.0792002 0.00304383
0 0.312998 0.507907 0.0424013 0.0680571 0.00303882
13 0.902105 0.635542 0.022307 0.0548231 0.00302991
13 0.936753 0.599303 0.0261383 0.0579828 0.00301236
56 0.86131 0.61992 0.0195633 0.0720058 0.00299469
56 0.866802 0.594621 0.020414 0.114196 0.00284594
1 0.936753 0.599303 0.0261383 0.0579828 0.00280067
0 0.331435 0.50086 0.0656747 0.0827289 0.00279853
0 0.406324 0.481103 0.0939584 0.105684 0.00279248
1 0.898012 0.644798 0.0360704 0.0554483 0.00278026
0 0.896642 0.581552 0.0244118 0.107468 0.00277176
56 0.946678 0.591524 0.0260931 0.0760809 0.00267869
26 0.880091 0.601415 0.0155167 0.046485 0.00267544
16 0.891458 0.630326 0.0263958 0.0814573 0.00266758
0 0.86131 0.61992 0.0195633 0.0720058 0.00266165
1 0.987539 0.601664 0.0246201 0.0680954 0.00265574
56 0.977684 0.607172 0.043568 0.0522612 0.00265226
0 0.037624 0.530321 0.0562758 0.040819 0.0026128
0 0.915276 0.54972 0.0187479 0.0503744 0.00257495
60 0.979606 0.614047 0.0388935 0.0408428 0.00256664
56 0.0152085 0.577926 0.0297738 0.163704 0.00254947
0 0.282574 0.491574 0.0441235 0.0915738 0.002509
0 0.374818 0.50663 0.0327791 0.0397457 0.00250584
0 0.889338 0.644263 0.0244242 0.0538739 0.00250223
13 0.991793 0.573988 0.0153473 0.0328428 0.00249314
13 0.946678 0.591524 0.0260931 0.0760809 0.00248241
56 0.952951 0.587248 0.0201424 0.0855907 0.00248134
1 0.866802 0.594621 0.020414 0.114196 0.00245723
60 0.974987 0.597529 0.047039 0.066242 0.00245383
0 0.283666 0.471972 0.0389659 0.0733136 0.0024417
26 0.0272068 0.684594 0.0274558 0.0459272 0.0024398
0 0.202292 0.57648 0.031527 0.0353479 0.00235885
56 0.979606 0.614047 0.0388935 0.0408428 0.00234026
1 0.877484 0.581466 0.0195564 0.0809574 0.00231352
13 0.0111628 0.588432 0.0218859 0.140841 0.00228325
1 0.872157 0.625089 0.0444347 0.112109 0.00227478
56 0.912948 0.594244 0.0226917 0.0776932 0.00226527
26 0.897896 0.587396 0.0214752 0.0605636 0.00226262
9 0.222083 0.422724 0.0226445 0.0602439 0.00225991
13 0.916891 0.602255 0.0254486 0.0563973 0.00224602
9 0.114542 0.399006 0.0103816 0.0332393 0.00217086
13 0.936382 0.606609 0.0551193 0.0572789 0.00217083
0 0.522177 0.570139 0.0275919 0.0491302 0.00215957
0 0.473983 0.546215 0.0275908 0.0473975 0.00210676
0 0.992786 0.561986 0.0131866 0.0730654 0.00207406
0 0.463171 0.466091 0.0528667 0.0666251 0.00206122
9 0.230322 0.417211 0.02734 0.0590166 0.00201401
0 0.469755 0.518633 0.0424229 0.087995 0.00196257
0 0.399944 0.45967 0.0779173 0.0936968 0.00193939
0 0.0282696 0.685372 0.0295409 0.0453662 0.00185001
60 0.936753 0.599303 0.0261383 0.0579828 0.00184771
0 0.37708 0.46154 0.0512609 0.0807894 0.0018239
13 0.122202 0.599444 0.0561046 0.0793036 0.00179923
60 0.891458 0.630326 0.0263958 0.0814573 0.00177839
6 0.54201 0.51015 0.654704 0.552755 0.00176048
60 0.928339 0.618384 0.0157936 0.0245247 0.00172582
1 0.208168 0.536412 0.0235645 0.0752452 0.00168023
0 0.283766 0.445264 0.0430243 0.116153 0.00164559
1 0.201404 0.643007 0.0419126 0.101871 0.00163972
7 0.54201 0.51015 0.654704 0.552755 0.00163028
0 0.985846 0.595167 0.0274929 0.0722331 0.00161877
2 0.991793 0.573988 0.0153473 0.0328428 0.00161129
13 0.872157 0.625089 0.0444347 0.112109 0.00161046
0 0.733837 0.522494 0.0319557 0.0801936 0.00159565
0 0.485708 0.512237 0.0623932 0.123946 0.0015842
1 0.990944 0.596279 0.0176472 0.0768273 0.00157416
56 0.974987 0.597529 0.047039 0.066242 0.0015581
2 0.158073 0.552325 0.0680171 0.0522515 0.00152075
0 0.646168 0.53415 0.0280565 0.0916442 0.00148138
13 0.898012 0.644798 0.0360704 0.0554483 0.00144571
13 0.0152085 0.577926 0.0297738 0.163704 0.00142911
9 0.209996 0.477781 0.0302625 0.108301 0.00141117
0 0.952286 0.601453 0.0210804 0.0584778 0.00140885
0 0.306012 0.49218 0.0899195 0.100762 0.00139585
13 0.910176 0.639091 0.0262466 0.0330274 0.00138462
1 0.21244 0.628448 0.0728739 0.144099 0.0013831
0 0.828405 0.555163 0.015947 0.0499404 0.00137395
13 0.113062 0.602568 0.0360555 0.0728788 0.00134751
1 0.89663 0.605176 0.0237381 0.0895091 0.00134456
0 0.20459 0.553735 0.0326678 0.073036 0.00133228
60 0.0111628 0.588432 0.0218859 0.140841 0.00132635
0 0.521316 0.583746 0.028414 0.0536315 0.00131083
0 0.47502 0.53707 0.0273964 0.0669881 0.00129157
0 0.501358 0.538226 0.0713923 0.113183 0.00128996
0 0.518273 0.557266 0.0346674 0.0926177 0.00128675
0 0.994333 0.609451 0.0113341 0.0529297 0.00126949
9 0.105909 0.397542 0.0176831 0.0341799 0.00126791
60 0.901197 0.64376 0.0232845 0.0544685 0.00126058
0 0.69364 0.534909 0.05395 0.100408 0.0012303
0 0.813611 0.517768 0.0240786 0.0579283 0.00121209
9 0.203345 0.424009 0.0226121 0.0613736 0.00120962
1 0.187721 0.580986 0.0495567 0.0613152 0.00120696
16 0.902105 0.635542 0.022307 0.0548231 0.00119415
3 0.0282152 0.685513 0.0295736 0.0452105 0.00119293
28 0.0282696 0.685372 0.0295409 0.0453662 0.00118813
13 0.894286 0.612285 0.0291761 0.105106 0.0011875
0 0.209989 0.505366 0.0299592 0.136152 0.00116894
60 0.952535 0.595751 0.0206783 0.0692404 0.00116163
26 0.89663 0.605176 0.0237381 0.0895091 0.00116152
0 0.528787 0.553954 0.0390903 0.0661698 0.00116068
0 0.344136 0.446114 0.0498405 0.0700488 0.00116017
0 0.491272 0.529147 0.0591045 0.093419 0.00115955
13 0.985551 0.61961 0.0288971 0.0475256 0.00115454
0 0.737622 0.546799 0.0230154 0.0828257 0.00115299
0 0.412014 0.49823 0.0759261 0.10458 0.001147
13 0.880091 0.601415 0.0155167 0.046485 0.00113359
1 0.20459 0.553735 0.0326678 0.073036 0.00113159
