11 0.480893 0.540028 0.0755007 0.0592676 0.906428
6 0.726478 0.516163 0.54578 0.955083 0.865556
0 0.921753 0.122896 0.103213 0.124403 0.221544
5 0.733374 0.511117 0.533151 0.969206 0.139849
0 0.896003 0.337675 0.0813382 0.170878 0.124834
7 0.733374 0.511117 0.533151 0.969206 0.074398
0 0.913752 0.236987 0.12066 0.350079 0.0650057
0 0.935271 0.124986 0.07167 0.118897 0.0579843
0 0.955625 0.923012 0.0881485 0.151056 0.0234007
0 0.900887 0.282155 0.0914912 0.282746 0.0100923
56 0.681174 0.637476 0.0518885 0.0881594 0.00768092
9 0.448648 0.063589 0.036598 0.045157 0.00643024
0 0.901415 0.317605 0.069739 0.132055 0.00610653
0 0.91895 0.283576 0.142363 0.444027 0.00404054
0 0.935714 0.943432 0.0429876 0.0950909 0.00388753
13 0.681437 0.6368 0.0512311 0.0874209 0.00377709
0 0.971953 0.924338 0.0547228 0.141106 0.00355724
1 0.681437 0.6368 0.0512311 0.0874209 0.00321347
0 0.902336 0.295066 0.0696762 0.0951137 0.00315487
9 0.426696 0.0430119 0.0808719 0.085848 0.00290269
2 0.736867 0.514149 0.526266 0.959729 0.00288731
2 0.681437 0.6368 0.0512311 0.0874209 0.00281885
37 0.681437 0.6368 0.0512311 0.0874209 0.00264317
0 0.86275 0.612263 0.0508934 0.0347469 0.00232208
0 0.891335 0.248235 0.166972 0.376695 0.00213113
8 0.681437 0.6368 0.0512311 0.0874209 0.00186357
29 0.480893 0.540028 0.0755007 0.0592676 0.00171944
8 0.732335 0.512947 0.532413 0.961814 0.00167328
0 0.909255 0.275788 0.0597542 0.0490304 0.00162333
0 0.934408 0.192616 0.0425372 0.197517 0.00144872
0 0.688644 0.356868 0.0137713 0.0185517 0.00143945
2 0.89755 0.337739 0.0835 0.171042 0.0013243
31 0.681174 0.637476 0.0518885 0.0881594 0.00123596
2 0.913387 0.253271 0.115434 0.38218 0.00122494
9 0.449647 0.0502132 0.0355832 0.0722091 0.00113437
0 0.861366 0.60273 0.0502406 0.0522179 0.00110972
0 0.928114 0.187577 0.072227 0.200903 0.00110105
30 0.681437 0.6368 0.0512311 0.0874209 0.00108114
0 0.92363 0.271103 0.0265525 0.0383172 0.00100976
10 0.486667 0.609668 0.0358599 0.089009 0.00100914
5 0.913752 0.236987 0.12066 0.350079 0.00100756
