4 0.499075 0.245402 0.996398 0.490804 0.318049
0 0.171028 0.631358 0.342057 0.468617 0.198961
0 0.225463 0.514291 0.231719 0.231739 0.0656569
4 0.499628 0.446765 0.999255 0.89353 0.0296223
33 0.607911 0.157221 0.122383 0.108843 0.0207658
0 0.227732 0.478639 0.226941 0.160352 0.0134974
4 0.609254 0.157366 0.125328 0.108402 0.013308
0 0.17474 0.527637 0.338803 0.258524 0.00849485
38 0.240528 0.658661 0.0840385 0.0699713 0.00566509
33 0.241279 0.65868 0.080886 0.0711443 0.00404009
60 0.499595 0.890457 0.995351 0.219085 0.00325888
0 0.289302 0.445756 0.102878 0.0948263 0.00298229
8 0.499075 0.245402 0.996398 0.490804 0.00275335
35 0.241279 0.65868 0.080886 0.0711443 0.00258496
67 0.105069 0.796939 0.0578908 0.0552852 0.00229546
67 0.0160972 0.00698273 0.0309173 0.0130548 0.00201097
8 0.609212 0.155708 0.115074 0.107273 0.00198686
2 0.0160972 0.00698273 0.0309173 0.0130548 0.00173652
0 0.282948 0.47318 0.116741 0.151195 0.00147781
25 1 0.497398 0 0.994795 0.00147152
0 0.0848795 0.666632 0.160583 0.356561 0.00121844
14 0.221068 0.482397 0.238871 0.16714 0.00121793
29 0.241279 0.65868 0.080886 0.0711443 0.00113487
37 0.499627 0.24651 0.998786 0.493021 0.00112656
0 0.163821 0.00519454 0.037597 0.0101892 0.00109249
25 0.499075 0.245402 0.996398 0.490804 0.00107262
14 0.499075 0.245402 0.996398 0.490804 0.00101584
0 0.18008 0.485076 0.318688 0.172673 0.00101459
