46 0.462115 0.69968 0.665586 0.338168 0.0223954
47 0.311082 0.681839 0.364467 0.302263 0.0110473
37 0.465452 0.697733 0.670767 0.33015 0.00948668
47 0.458881 0.69245 0.654937 0.317401 0.0081985
43 0.465452 0.697733 0.670767 0.33015 0.00762093
60 0.554259 0.995997 0.856637 0.00800673 0.00472295
14 0.455956 0.695469 0.660586 0.339435 0.00434443
49 0.462115 0.69968 0.665586 0.338168 0.00423574
43 0.311346 0.681267 0.366493 0.30084 0.00398898
55 0.333753 0.712215 0.328612 0.25961 0.00388137
44 0.460105 0.698479 0.661529 0.340798 0.00354314
25 0.557502 0.5 0.884996 1 0.00310752
43 0.652991 0.695522 0.267011 0.340747 0.00237623
60 0.644643 0.999402 0.646119 0.00119514 0.00228971
47 0.462833 0.753822 0.671203 0.445753 0.00213075
37 0.311346 0.681267 0.366493 0.30084 0.00198925
47 0.64959 0.690863 0.272491 0.329977 0.00197268
39 0.465452 0.697733 0.670767 0.33015 0.00192025
14 0.469178 0.758327 0.70213 0.483346 0.00183573
55 0.455487 0.693385 0.654755 0.336534 0.00158039
46 0.469178 0.758327 0.70213 0.483346 0.00147617
59 0.505458 0.5 0.989083 1 0.00147262
6 0.505458 0.5 0.989083 1 0.00140494
37 0.47264 0.765065 0.693455 0.46269 0.00139618
60 0.517081 0.999612 0.637856 0.000776418 0.00126871
25 0.462833 0.753822 0.671203 0.445753 0.00124466
52 0.460327 0.695698 0.661743 0.330748 0.00123903
60 1 0.632626 0 0.734748 0.00118431
60 0.726802 0.999998 0.546396 3.17891e-06 0.0011842
71 0.311619 0.679719 0.365203 0.301823 0.00114325
65 0.311346 0.681267 0.366493 0.30084 0.00106677
43 0.339895 0.719165 0.316107 0.258389 0.00105006
39 0.311082 0.681839 0.364467 0.302263 0.00104204
51 0.460105 0.698479 0.661529 0.340798 0.00103986
