0 0.392455 0.764926 0.0445195 0.161858 0.752564
0 0.27969 0.859662 0.112105 0.280675 0.655252
0 0.478377 0.78244 0.0453081 0.1584 0.538
0 0.508813 0.778407 0.0365656 0.160395 0.454451
0 0.354736 0.758711 0.0330107 0.129695 0.406793
0 0.137733 0.729995 0.0353063 0.10154 0.30701
0 0.86271 0.72807 0.0211348 0.0814357 0.279104
0 0.742553 0.712529 0.0161757 0.0581945 0.278694
56 0.211491 0.933592 0.10247 0.132816 0.251879
0 0.496936 0.778046 0.0602682 0.164374 0.239879
0 0.22607 0.717718 0.0220662 0.0722669 0.236466
0 0.923421 0.726292 0.0231598 0.0911413 0.199873
0 0.905484 0.724776 0.0248558 0.0785126 0.167327
0 0.846347 0.727961 0.0222399 0.0794448 0.16044
0 0.268651 0.819666 0.0968704 0.200404 0.122385
3 0.540892 0.291021 0.0902641 0.119515 0.113206
24 0.324914 0.816326 0.0587189 0.106984 0.110574
0 0.833491 0.726088 0.0147743 0.0812435 0.0928071
0 0.202951 0.723473 0.0215008 0.0585124 0.0912798
0 0.820123 0.708562 0.0184349 0.0471181 0.0897375
0 0.310335 0.730619 0.0342148 0.0817692 0.0803962
2 0.622064 0.75878 0.168392 0.158328 0.0765209
0 0.137335 0.714135 0.0329978 0.0678744 0.0755934
0 0.836045 0.728457 0.0142324 0.0816544 0.074144
3 0.521287 0.290501 0.129232 0.123199 0.0741385
0 0.137713 0.704714 0.0313806 0.0501583 0.0697625
0 0.759066 0.709473 0.0121696 0.0450704 0.0671537
0 0.420225 0.754383 0.0315868 0.121658 0.06129
7 0.622064 0.75878 0.168392 0.158328 0.0583278
0 0.326057 0.697798 0.0226166 0.0483513 0.0541385
9 0.151871 0.442612 0.028517 0.0475385 0.0499372
3 0.521527 0.313259 0.12624 0.0805269 0.0483856
2 0.622165 0.717752 0.165119 0.0875914 0.0483094
0 0.845547 0.736815 0.0292892 0.0658778 0.0474496
0 0.508829 0.750284 0.0340017 0.10291 0.0449895
5 0.881141 0.692963 0.15517 0.125226 0.0432924
26 0.322028 0.817937 0.0640488 0.102711 0.0421553
0 0.757774 0.712109 0.0151768 0.0524296 0.040192
0 0.418193 0.658917 0.0203035 0.049194 0.0393403
0 0.700956 0.696042 0.0146249 0.0421778 0.0377721
0 0.322031 0.696057 0.0279346 0.0455421 0.0374523
0 0.324042 0.793276 0.0613109 0.164695 0.0372056
0 0.421696 0.782461 0.0313061 0.100165 0.0340976
0 0.341594 0.75637 0.0361586 0.107445 0.0293766
0 0.21028 0.717822 0.0257921 0.0693395 0.0292299
0 0.847912 0.720917 0.0181326 0.0696504 0.0288369
56 0.393116 0.782607 0.0504181 0.124263 0.0284328
0 0.732653 0.702646 0.00877781 0.0334338 0.0276088
0 0.313935 0.704195 0.0229145 0.0292828 0.0266071
0 0.854672 0.73133 0.0388636 0.0801201 0.0254027
19 0.421642 0.485351 0.0571273 0.096019 0.0242298
0 0.379088 0.692367 0.0177817 0.038843 0.0240704
24 0.311981 0.817258 0.0831643 0.106608 0.0236567
19 0.544082 0.302992 0.0841888 0.090272 0.0224191
26 0.493456 0.76276 0.0285116 0.0469966 0.022184
0 0.199323 0.725723 0.0228221 0.053315 0.0219794
0 0.541184 0.288328 0.0875738 0.119599 0.0209615
0 0.421295 0.77285 0.0441628 0.132485 0.0207313
2 0.621461 0.692491 0.163174 0.133543 0.0200056
0 0.731088 0.702479 0.00769358 0.0326237 0.0198187
13 0.195272 0.688762 0.201657 0.126215 0.0195996
0 0.337712 0.779113 0.04294 0.144828 0.0189779
0 0.21562 0.718031 0.0451726 0.0703303 0.0189305
56 0.48372 0.776008 0.0908041 0.15421 0.017762
0 0.31785 0.699161 0.0281117 0.0397327 0.0169296
26 0.321705 0.787189 0.06568 0.15484 0.0169194
0 0.288944 0.710533 0.0275589 0.050795 0.0168502
24 0.321705 0.787189 0.06568 0.15484 0.0167643
13 0.256862 0.929937 0.192228 0.127999 0.0167477
0 0.815651 0.708806 0.0165089 0.0458107 0.016727
19 0.521115 0.288569 0.0493861 0.110074 0.0159159
0 0.392614 0.73828 0.043711 0.108131 0.0156616
0 0.285916 0.704905 0.0236276 0.0296145 0.0154303
26 0.307482 0.815218 0.0942004 0.107307 0.0154095
13 0.622736 0.779864 0.169877 0.117353 0.0153303
0 0.299947 0.852093 0.105297 0.27881 0.0151272
8 0.622618 0.738761 0.170041 0.200306 0.0149285
0 0.347447 0.7526 0.0362347 0.10882 0.0147168
3 0.51909 0.283138 0.0429895 0.109951 0.014225
0 0.85858 0.712384 0.0246918 0.060778 0.0140343
56 0.218111 0.943701 0.0825814 0.112598 0.0136139
0 0.457816 0.75326 0.0558348 0.0976466 0.0135567
0 0.288528 0.722026 0.0254775 0.0717939 0.0132744
0 0.363303 0.766224 0.0634038 0.14399 0.0129953
13 0.404827 0.820948 0.0574333 0.0490669 0.0128302
56 0.258331 0.929623 0.185092 0.133793 0.0127862
9 0.119374 0.415862 0.093028 0.104201 0.0127155
9 0.1511 0.42487 0.0294881 0.0818288 0.0124882
7 0.631433 0.502972 0.0538675 0.0982526 0.0124545
0 0.195337 0.723063 0.0319713 0.0559642 0.0122628
19 0.50116 0.28474 0.0835289 0.113831 0.0121588
0 0.825591 0.725503 0.0249126 0.086042 0.0120942
3 0.544413 0.31029 0.0816721 0.0760127 0.0118604
0 0.89663 0.731143 0.0199516 0.0613103 0.0116101
0 0.807301 0.710502 0.0259705 0.0438641 0.0114146
26 0.478127 0.746444 0.0467528 0.0802541 0.0113583
3 0.212544 0.933692 0.103816 0.132616 0.0113344
0 0.418027 0.795958 0.0356043 0.0952484 0.0112841
26 0.48671 0.763116 0.0203377 0.037851 0.0111119
0 0.289527 0.701539 0.0282908 0.0417229 0.0109706
3 0.50116 0.28474 0.0835289 0.113831 0.0109551
0 0.941685 0.71817 0.0413754 0.102339 0.010924
0 0.407352 0.6893 0.0234793 0.0392067 0.010723
19 0.521527 0.313259 0.12624 0.0805269 0.0105916
19 0.504695 0.299881 0.0911743 0.0934238 0.0105528
13 0.419344 0.824718 0.0381502 0.0415771 0.00992677
26 0.295339 0.903482 0.0735254 0.151742 0.00984049
26 0.421822 0.774663 0.0303137 0.0827334 0.00983158
0 0.772626 0.694326 0.0132045 0.0335266 0.0094817
13 0.415468 0.820756 0.0344074 0.0491821 0.00929722
56 0.267942 0.875398 0.168914 0.247374 0.0091888
7 0.619775 0.786236 0.159055 0.104999 0.00908712
56 0.422038 0.77597 0.0304178 0.100756 0.00904739
26 0.221008 0.947408 0.077752 0.105183 0.0090346
0 0.324694 0.726938 0.0376074 0.0930749 0.00885794
0 0.0463187 0.652858 0.00852623 0.0379232 0.00885451
56 0.0299025 0.876479 0.059805 0.247042 0.00883269
0 0.136227 0.740244 0.0251352 0.0884777 0.00881818
13 0.419663 0.80416 0.039201 0.0808757 0.00878632
24 0.317523 0.82344 0.0633322 0.0927325 0.00875765
19 0.630982 0.503384 0.0536449 0.0971335 0.00874811
0 0.416835 0.683465 0.0233249 0.0529868 0.00872156
13 0.658635 0.751558 0.0788977 0.0335447 0.00867346
13 0.400638 0.808642 0.056461 0.0735364 0.0085938
0 0.360655 0.734356 0.0247287 0.0892555 0.00856829
0 0.143806 0.719275 0.0428043 0.0653394 0.00849038
0 0.355702 0.733265 0.0320643 0.0785522 0.0084371
0 0.51909 0.283138 0.0429895 0.109951 0.00841033
19 0.53215 0.291469 0.107973 0.118167 0.0083673
56 0.443484 0.774709 0.0227629 0.0619308 0.00834927
0 0.349785 0.725578 0.0311755 0.0602336 0.00827831
60 0.393116 0.782607 0.0504181 0.124263 0.00820449
9 0.631064 0.502559 0.0542185 0.0976401 0.00815934
13 0.889042 0.694052 0.16038 0.124542 0.0080635
7 0.621988 0.720892 0.165738 0.0936804 0.0078913
26 0.443484 0.774709 0.0227629 0.0619308 0.00788969
0 0.33488 0.746527 0.0353119 0.0750796 0.00774711
1 0.211274 0.933777 0.101579 0.132446 0.00767717
26 0.226016 0.927962 0.0716145 0.0811745 0.00765234
0 0.359919 0.764506 0.0257886 0.116216 0.00765002
26 0.289693 0.873154 0.0480767 0.0808819 0.00761518
13 0.632515 0.724627 0.138026 0.0869626 0.00756446
45 0.889042 0.694052 0.16038 0.124542 0.00755405
10 0.22607 0.717718 0.0220662 0.0722669 0.00751707
0 0.772556 0.702038 0.0139294 0.024913 0.00749728
0 0.414008 0.682734 0.0244191 0.0456605 0.00738716
0 0.965914 0.72612 0.0212948 0.0565397 0.00737587
0 0.443857 0.766139 0.0254913 0.0745675 0.00733504
13 0.906096 0.88495 0.187063 0.227719 0.00729978
26 0.157913 0.738887 0.0131132 0.0280446 0.00729614
56 0.416811 0.813692 0.0336157 0.0613215 0.00728598
0 0.422128 0.714055 0.0214745 0.0535522 0.00719479
13 0.112115 0.803005 0.0994669 0.0407569 0.0071477
0 0.393116 0.782607 0.0504181 0.124263 0.0070703
13 0.211491 0.933592 0.10247 0.132816 0.00703871
56 0.622265 0.760987 0.165639 0.154299 0.00675172
19 0.418027 0.795958 0.0356043 0.0952484 0.0066801
0 0.697075 0.694622 0.0226507 0.0457214 0.00666046
2 0.634994 0.72184 0.141385 0.0712522 0.00660324
19 0.622618 0.738761 0.170041 0.200306 0.00658977
56 0.418947 0.786114 0.0373804 0.109745 0.00654244
25 0.323937 0.8143 0.0604935 0.108299 0.0064674
0 0.411687 0.806092 0.0350562 0.0758832 0.00635779
13 0.662143 0.739844 0.0715025 0.0505508 0.00633416
13 0.167952 0.718077 0.0631515 0.0644251 0.0063234
2 0.622099 0.726295 0.169453 0.227732 0.0062727
2 0.0549756 0.709807 0.0321269 0.0638847 0.00626683
0 0.854135 0.682933 0.0218563 0.0241475 0.00626263
0 0.449892 0.753674 0.0391249 0.0976997 0.00621966
2 0.754056 0.676333 0.0212109 0.0166931 0.00617737
5 0.531343 0.628275 0.280611 0.117892 0.00612244
16 0.418027 0.795958 0.0356043 0.0952484 0.00611332
24 0.478127 0.746444 0.0467528 0.0802541 0.00606379
13 0.393302 0.796654 0.0434524 0.0934142 0.0060249
56 0.299947 0.852093 0.105297 0.27881 0.00592563
4 0.0822592 0.404868 0.163592 0.124989 0.00590152
0 0.13327 0.738469 0.0440607 0.114677 0.00580925
0 0.285392 0.736522 0.0322214 0.0442019 0.0056513
0 0.407803 0.714532 0.0416001 0.144938 0.00561452
3 0.504695 0.299881 0.0911743 0.0934238 0.00560826
26 0.328804 0.803138 0.0532676 0.129602 0.00555688
2 0.619775 0.786236 0.159055 0.104999 0.00555027
60 0.582928 0.996481 0.826391 0.00703735 0.00550395
0 0.738012 0.71262 0.023008 0.0580149 0.00548616
13 0.48372 0.776008 0.0908041 0.15421 0.00547531
7 0.620813 0.689638 0.163106 0.140399 0.00538859
13 0.186911 0.726807 0.0329656 0.0471085 0.00536957
26 0.501892 0.748519 0.040852 0.072214 0.00534683
13 0.623018 0.733848 0.169624 0.211338 0.00531903
6 0.622047 0.758952 0.168629 0.159092 0.00525898
19 0.559936 0.320552 0.046961 0.055695 0.00520542
6 0.524518 0.629533 0.272032 0.122219 0.00518215
13 0.0292914 0.874724 0.0584594 0.25019 0.00510073
9 0.103568 0.408845 0.123852 0.117706 0.00496763
25 0.929296 0.5762 0.139819 0.0643735 0.00495934
16 0.416811 0.813692 0.0336157 0.0613215 0.00493264
0 0.48372 0.776008 0.0908041 0.15421 0.00489935
56 0.377405 0.770282 0.101054 0.134696 0.00486073
24 0.392656 0.751906 0.0412632 0.132193 0.00485396
5 0.197722 0.685327 0.192677 0.12176 0.00483558
0 0.407497 0.71589 0.0201627 0.0702166 0.00482818
16 0.845547 0.736815 0.0292892 0.0658778 0.00478888
0 0.415632 0.663168 0.0261158 0.0583967 0.00474772
0 0.772082 0.679482 0.0131481 0.0312304 0.0047453
13 0.103819 0.770035 0.107847 0.065716 0.00458291
19 0.524547 0.308331 0.0973312 0.0771348 0.00453338
3 0.559936 0.320552 0.046961 0.055695 0.00444227
19 0.54892 0.313126 0.0754476 0.0699263 0.00443259
19 0.411687 0.806092 0.0350562 0.0758832 0.00430301
13 0.110647 0.760622 0.0331448 0.0457542 0.00426719
0 0.508821 0.815899 0.0338919 0.0753993 0.00425166
0 0.159561 0.734659 0.010134 0.0370552 0.0042384
16 0.411687 0.806092 0.0350562 0.0758832 0.00422961
0 0.400955 0.777528 0.0422823 0.131787 0.00422582
2 0.679509 0.710045 0.0471647 0.038384 0.00421149
57 0.393116 0.782607 0.0504181 0.124263 0.00418356
13 0.131281 0.800759 0.0538747 0.0380957 0.0041618
56 0.419663 0.80416 0.039201 0.0808757 0.00415081
0 0.946105 0.729212 0.031098 0.0783393 0.00405729
17 0.418027 0.795958 0.0356043 0.0952484 0.00405404
0 0.295141 0.740091 0.0467961 0.0687991 0.00404093
6 0.197722 0.685327 0.192677 0.12176 0.0040352
26 0.294229 0.92525 0.0651498 0.0730784 0.00403184
0 0.365662 0.691329 0.0202314 0.0349517 0.0040268
0 0.186911 0.726807 0.0329656 0.0471085 0.0040172
0 0.416811 0.813692 0.0336157 0.0613215 0.00400615
0 0.469666 0.758299 0.112911 0.131666 0.00400278
0 0.363505 0.712473 0.0207423 0.0554207 0.00396496
0 0.359486 0.784904 0.0203866 0.0811391 0.00396201
26 0.21891 0.936189 0.0535902 0.0590739 0.00393188
56 0.619775 0.786236 0.159055 0.104999 0.00389472
13 0.854672 0.73133 0.0388636 0.0801201 0.00384384
56 0.327333 0.817928 0.0549308 0.102218 0.00377715
2 0.611971 0.667535 0.14486 0.114567 0.00377643
26 0.508744 0.741563 0.0359503 0.0840103 0.00376573
25 0.535027 0.649555 0.303286 0.1641 0.00375423
26 0.469671 0.731055 0.0274101 0.0495567 0.00369549
0 0.448473 0.765354 0.0333884 0.0783786 0.00368792
24 0.469671 0.731055 0.0274101 0.0495567 0.00362709
2 0.889383 0.714647 0.137922 0.0905337 0.00359949
60 0.48372 0.776008 0.0908041 0.15421 0.00357443
9 0.124161 0.350462 0.0822893 0.235895 0.00356415
1 0.404827 0.820948 0.0574333 0.0490669 0.00355747
36 0.484381 0.856834 0.0518077 0.0122017 0.00354117
13 0.157913 0.738887 0.0131132 0.0280446 0.0035277
0 0.33375 0.662818 0.00820932 0.0222005 0.00350174
0 0.884147 0.731996 0.0314293 0.05491 0.00345656
0 0.399436 0.692867 0.031255 0.0377307 0.00334734
56 0.219174 0.963767 0.0739873 0.0724665 0.00334355
57 0.48372 0.776008 0.0908041 0.15421 0.0033237
2 0.144741 0.717378 0.0512528 0.0733831 0.00332367
1 0.415468 0.820756 0.0344074 0.0491821 0.0033012
58 0.22607 0.717718 0.0220662 0.0722669 0.00329298
2 0.680422 0.721664 0.0488214 0.0656998 0.00328892
56 0.411687 0.806092 0.0350562 0.0758832 0.00328809
26 0.392656 0.751906 0.0412632 0.132193 0.00327557
56 0.443857 0.766139 0.0254913 0.0745675 0.00324357
17 0.51909 0.283138 0.0429895 0.109951 0.00324342
13 0.634416 0.746639 0.112542 0.0421155 0.00323915
56 0.363303 0.766224 0.0634038 0.14399 0.00323275
13 0.447714 0.775951 0.032032 0.0709672 0.00322729
13 0.883623 0.727805 0.0311432 0.0460458 0.00320894
56 0.448473 0.765354 0.0333884 0.0783786 0.00317815
0 0.476046 0.750927 0.0416018 0.0890307 0.00317323
26 0.292698 0.848709 0.0667391 0.133072 0.00316471
56 0.419344 0.824718 0.0381502 0.0415771 0.0031468
2 0.571155 0.715809 0.271018 0.24864 0.00314495
24 0.291556 0.873908 0.0534896 0.0831133 0.00313488
2 0.676785 0.704959 0.0402853 0.0269302 0.00311506
8 0.620813 0.689638 0.163106 0.140399 0.00310603
56 0.0503452 0.775471 0.0212911 0.048085 0.00308135
13 0.961462 0.778758 0.0757313 0.0591597 0.00306973
0 0.525167 0.770913 0.0368416 0.0852999 0.00302511
25 0.531343 0.628275 0.280611 0.117892 0.00302401
26 0.211274 0.933777 0.101579 0.132446 0.00299174
0 0.377405 0.770282 0.101054 0.134696 0.00296888
0 0.345889 0.667907 0.0135509 0.0277569 0.0029628
19 0.416811 0.813692 0.0336157 0.0613215 0.00295791
2 0.588589 0.72334 0.0950491 0.071744 0.00292766
9 0.123969 0.443145 0.085838 0.0509646 0.002924
13 0.845547 0.736815 0.0292892 0.0658778 0.00290817
26 0.334416 0.77723 0.0407148 0.136063 0.00289759
0 0.231317 0.71055 0.0321121 0.0640686 0.00289294
0 0.722254 0.699571 0.0154714 0.0307627 0.00286424
2 0.189087 0.720106 0.034077 0.0576558 0.00285438
0 0.69199 0.702578 0.0294806 0.0296935 0.00284103
13 0.393116 0.782607 0.0504181 0.124263 0.00283116
0 0.522636 0.759543 0.042751 0.102097 0.0028168
0 0.744279 0.674874 0.0127208 0.018336 0.00279495
24 0.3307 0.826098 0.0476973 0.0863177 0.00279382
24 0.211274 0.933777 0.101579 0.132446 0.00278899
56 0.195028 0.933593 0.0688549 0.132814 0.00278372
28 0.324914 0.816326 0.0587189 0.106984 0.00278023
17 0.411687 0.806092 0.0350562 0.0758832 0.00277925
36 0.210132 0.933633 0.0987417 0.132734 0.00277087
24 0.295339 0.903482 0.0735254 0.151742 0.00273678
0 0.792601 0.691526 0.0123859 0.0174146 0.00271529
6 0.622165 0.717752 0.165119 0.0875914 0.00271383
0 0.272122 0.868352 0.168917 0.263296 0.00271291
13 0.645892 0.752585 0.0628031 0.0321401 0.00271139
