4 0.476695 0.537176 0.461353 0.199337 0.932895
2 0.718205 0.937521 0.0219534 0.0338023 0.156805
2 0.276365 0.875016 0.0172488 0.0220604 0.0819478
2 0.122985 0.963291 0.0209151 0.0221868 0.0764241
2 0.308965 0.876837 0.0192116 0.0238253 0.0715861
7 0.669169 0.491437 0.0368013 0.0272498 0.0701534
2 0.267553 0.938669 0.0164172 0.0247541 0.0558838
7 0.289916 0.681701 0.0469458 0.0190611 0.0315007
2 0.210484 0.887168 0.0155332 0.0204208 0.0303435
2 0.00633841 0.458102 0.0117098 0.015348 0.029506
2 0.0845191 0.456083 0.022957 0.0167426 0.0251587
7 0.718307 0.935597 0.0221417 0.0370499 0.0215527
2 0.960189 0.743025 0.0189205 0.0246206 0.0208695
2 0.120622 0.96401 0.0270224 0.0263276 0.0194207
2 0.26468 0.942469 0.0218796 0.019132 0.0194151
2 0.669002 0.491583 0.036278 0.02749 0.0186172
2 0.152784 0.939153 0.0159409 0.0274805 0.0172877
2 0.102357 0.44218 0.0169011 0.0163029 0.0157517
2 0.0427522 0.457227 0.0223433 0.0156137 0.0154738
2 0.348338 0.785177 0.0186793 0.0228384 0.0142322
2 0.0853879 0.449451 0.0217837 0.0215336 0.0140063
2 0.290094 0.681599 0.0460247 0.0187833 0.0100026
7 0.987985 0.856703 0.0239647 0.0932037 0.00820619
2 0.197566 0.869184 0.0147197 0.0220768 0.00794291
0 0.409175 0.787739 0.0196915 0.0254656 0.0078705
2 0.554424 0.963845 0.0128189 0.0205541 0.00785464
7 0.267553 0.938669 0.0164172 0.0247541 0.00728723
2 0.906681 0.161816 0.0153023 0.0279046 0.00725341
0 0.614637 0.560805 0.0142647 0.0296326 0.00690737
5 0.669002 0.491583 0.036278 0.02749 0.0065459
7 0.868656 0.592522 0.0395905 0.0213273 0.00630343
7 0.122985 0.963291 0.0209151 0.0221868 0.00618404
7 0.308965 0.876837 0.0192116 0.0238253 0.00618103
2 0.0550904 0.457365 0.0216203 0.0150153 0.00618002
2 0.0438481 0.459009 0.017883 0.0140094 0.00605842
2 0.593592 0.318382 0.0364408 0.0219136 0.00597462
2 0.154185 0.93714 0.0202165 0.0267073 0.00567776
7 0.848043 0.432788 0.0489 0.064186 0.00508413
2 0.130687 0.427465 0.0150112 0.0202335 0.00504166
2 0.448416 0.453491 0.0131752 0.0183633 0.00491908
0 0.840836 0.481745 0.0096899 0.013569 0.00463805
0 0.841798 0.478639 0.00978947 0.0190789 0.00459787
7 0.193871 0.789352 0.0581435 0.066148 0.00453356
2 0.840836 0.481745 0.0096899 0.013569 0.0044497
7 0.0853879 0.449451 0.0217837 0.0215336 0.00428307
7 0.0857481 0.454541 0.0225984 0.01853 0.00387377
7 0.276365 0.875016 0.0172488 0.0220604 0.00378364
0 0.654117 0.618496 0.0108234 0.0252823 0.00359169
7 0.15106 0.940426 0.0205549 0.0278274 0.00351337
2 0.127148 0.965008 0.0362094 0.0281648 0.00335166
2 0.0617343 0.44455 0.0191325 0.0114836 0.00326836
7 0.348338 0.785177 0.0186793 0.0228384 0.00317886
0 0.0332183 0.490922 0.00714591 0.0202751 0.0031012
7 0.906681 0.161816 0.0153023 0.0279046 0.00300878
2 0.540343 0.345833 0.0184021 0.0150261 0.00298941
0 0.609755 0.561702 0.0126979 0.0265993 0.00292456
2 0.264979 0.936409 0.0224009 0.0317498 0.00283569
7 0.95994 0.743391 0.018652 0.0245172 0.00282234
2 0.151421 0.937844 0.0214233 0.0310521 0.00280181
2 0.0266546 0.45691 0.0135665 0.0172305 0.00274974
2 0.786373 0.487216 0.0279435 0.0276578 0.0027371
7 0.210484 0.887168 0.0155332 0.0204208 0.00273347
55 0.499123 0.0594332 0.0894941 0.118225 0.00251949
2 0.0632967 0.456617 0.0258364 0.0161125 0.00247222
7 0.197566 0.869184 0.0147197 0.0220768 0.00246453
7 0.83764 0.436133 0.0706636 0.077363 0.00240287
2 0.906578 0.476661 0.0239128 0.0205449 0.00240022
7 0.15228 0.878887 0.0335264 0.0601229 0.00235456
2 0.490518 0.288312 0.0117252 0.0188323 0.00231254
7 0.957435 0.118895 0.0433315 0.0293602 0.00230879
2 0.994307 0.479126 0.0111603 0.0165186 0.00230581
2 0.116246 0.968791 0.0358614 0.0341995 0.00229886
2 0.0850111 0.444778 0.0240648 0.0225539 0.00222239
2 0.351364 0.8379 0.0234245 0.0265723 0.00221956
2 0.993044 0.886872 0.0138203 0.0303297 0.00221464
2 0.957893 0.0731691 0.0303665 0.0154184 0.00220844
7 0.102357 0.44218 0.0169011 0.0163029 0.00220698
7 0.00633841 0.458102 0.0117098 0.015348 0.00216618
2 0.535514 0.34511 0.0234497 0.0155632 0.00216594
2 0.550027 0.967784 0.0232216 0.0278878 0.00210083
7 0.85032 0.439681 0.0560379 0.0808744 0.00206581
7 0.26468 0.942469 0.0218796 0.019132 0.00204197
2 0.581691 0.318383 0.0139297 0.0217544 0.00203827
2 0.0198999 0.458087 0.0103354 0.0158969 0.00202897
0 0.0355003 0.487476 0.00873721 0.0213289 0.00202116
2 0.102014 0.446335 0.018518 0.0200522 0.00201657
2 0.927531 0.476525 0.0158936 0.0195381 0.00197589
13 0.669002 0.491583 0.036278 0.02749 0.00196803
7 0.120622 0.96401 0.0270224 0.0263276 0.00193483
2 0.523096 0.469194 0.0153517 0.0244168 0.00191849
0 0.844293 0.462543 0.0138014 0.0273178 0.00184971
2 0.78606 0.728681 0.0332104 0.020797 0.00178191
7 0.785939 0.487271 0.0279342 0.0268876 0.00177518
7 0.197516 0.798351 0.050611 0.0493512 0.00175396
7 0.869255 0.583703 0.0409012 0.0398051 0.00174272
2 0.523106 0.462157 0.0156438 0.0260471 0.00160009
7 0.0850111 0.444778 0.0240648 0.0225539 0.00159067
6 0.476682 0.537685 0.461313 0.200178 0.00155103
2 0.134585 0.961617 0.0486156 0.0375211 0.00154507
2 0.719474 0.318521 0.0228785 0.0198994 0.00147939
2 0.200194 0.873334 0.0199036 0.0328129 0.00145084
7 0.0427522 0.457227 0.0223433 0.0156137 0.0014419
2 0.777719 0.709075 0.0169575 0.0220117 0.00143185
7 0.523096 0.469194 0.0153517 0.0244168 0.00141853
2 0.387972 0.89916 0.020248 0.0425896 0.00140131
2 0.914697 0.477372 0.0416794 0.0230054 0.00140065
7 0.0438481 0.459009 0.017883 0.0140094 0.00138968
7 0.200194 0.873334 0.0199036 0.0328129 0.00138536
7 0.202581 0.876398 0.0240974 0.0383706 0.00137311
7 0.264979 0.936409 0.0224009 0.0317498 0.001369
2 0.202581 0.876398 0.0240974 0.0383706 0.00136533
2 0.159027 0.973978 0.0297524 0.0180651 0.00136477
5 0.868656 0.592522 0.0395905 0.0213273 0.00136426
2 0.721376 0.935127 0.0286977 0.03956 0.00134835
7 0.523106 0.462157 0.0156438 0.0260471 0.00132161
41 0.64051 0.0520541 0.0811629 0.104108 0.00131848
2 0.326025 0.301163 0.0340679 0.0153284 0.00131139
7 0.448416 0.453491 0.0131752 0.0183633 0.00127605
2 0.704209 0.776399 0.0160099 0.0169738 0.00127482
7 0.335661 0.45554 0.0213691 0.0286306 0.00123039
2 0.291807 0.874918 0.0159287 0.0228806 0.00117594
2 0.119869 0.434161 0.00865951 0.00999583 0.00116673
2 0.727059 0.317807 0.0116995 0.0204461 0.00108108
0 0.107583 0.816692 0.0090977 0.0261483 0.0010491
8 0.476682 0.537685 0.461313 0.200178 0.00103346
2 0.521252 0.261191 0.0150362 0.0175584 0.00101557
7 0.490518 0.288312 0.0117252 0.0188323 0.00100854
