14 0.135605 0.179418 0.169353 0.289381 0.939019
14 0.822259 0.561087 0.213881 0.350024 0.925824
14 0.293656 0.376184 0.155531 0.331878 0.906146
14 0.485422 0.695749 0.170186 0.30421 0.891998
14 0.523539 0.411933 0.154244 0.302067 0.870256
14 0.291489 0.609858 0.185296 0.271575 0.845286
14 0.268425 0.813903 0.155328 0.355217 0.820052
14 0.853832 0.79952 0.162535 0.30864 0.75981
14 0.529696 0.625623 0.0768981 0.166276 0.0944102
47 0.220191 0.585771 0.0435515 0.0888096 0.0243067
14 0.268386 0.743214 0.154654 0.213135 0.0195263
33 0.485704 0.696151 0.170513 0.302493 0.00597695
14 0.219983 0.585501 0.0431289 0.08984 0.00502262
47 0.485704 0.696151 0.170513 0.302493 0.00468481
33 0.268573 0.814043 0.155672 0.354657 0.00375798
14 0.308446 0.59331 0.147383 0.233181 0.00210696
14 0.837268 0.201556 0.0350099 0.0530965 0.00186619
14 0.238952 0.547311 0.0794131 0.167666 0.00184947
14 0.586166 0.778481 0.0384899 0.130706 0.00176436
47 0.25306 0.577272 0.109819 0.112385 0.00150543
47 0.291641 0.610163 0.185404 0.271427 0.00144672
14 0.233782 0.898176 0.086547 0.198883 0.0012975
8 0.485704 0.696151 0.170513 0.302493 0.00115886
33 0.291641 0.610163 0.185404 0.271427 0.00113812
14 0.484356 0.624907 0.165448 0.160035 0.00109616
14 0.78026 0.728254 0.156495 0.188829 0.00106096
47 0.256862 0.590266 0.118082 0.15896 0.0010305
