59 0.514233 0.494061 0.970642 0.940151 0.528732
59 0.514621 0.195009 0.962101 0.361238 0.151497
59 0.156234 0.956827 0.312096 0.0858047 0.0900446
26 0.11786 0.487028 0.072299 0.161535 0.0861531
26 0.121973 0.512693 0.0626466 0.109864 0.0670112
24 0.124463 0.101226 0.0763003 0.0761462 0.0620918
77 0.858617 0.0720494 0.0711571 0.0568173 0.0599822
56 0.155359 0.95506 0.30848 0.0828377 0.0421228
59 0.512341 0.0731256 0.905545 0.129606 0.0404431
59 0.503343 0.271571 0.953125 0.352297 0.0385705
59 0.377701 0.276642 0.67066 0.179279 0.025931
60 0.219642 0.701999 0.369653 0.54849 0.0234743
57 0.155359 0.95506 0.30848 0.0828377 0.0226801
67 0.0965037 0.443003 0.0283384 0.0861871 0.0186286
59 0.60427 0.0932528 0.618561 0.0741726 0.0149092
59 0.451055 0.0931606 0.677647 0.0841678 0.0142319
76 0.0964153 0.443964 0.0283937 0.0860186 0.0141326
79 0.0961291 0.44414 0.0280205 0.0858247 0.0110112
59 0.448304 0.0732069 0.661771 0.121077 0.0107516
59 0.440883 0.0936917 0.844399 0.174742 0.0103084
59 0.516897 0.117341 0.937107 0.213445 0.00912252
43 0.0964153 0.443964 0.0283937 0.0860186 0.00869125
14 0.127676 0.175579 0.0556184 0.0513654 0.00817421
56 0.243296 0.829191 0.315263 0.276183 0.00776929
60 0.216378 0.543758 0.359907 0.226797 0.00650787
57 0.840898 0.961474 0.317243 0.0767626 0.00594237
56 0.146063 0.823158 0.119568 0.244161 0.00554368
59 0.603533 0.0716377 0.598958 0.120942 0.00517002
59 0.446771 0.24904 0.6585 0.128757 0.00509894
59 0.216617 0.0735639 0.290191 0.132273 0.00497225
26 0.124479 0.101086 0.0750769 0.0762846 0.00494647
32 0.532072 0.574052 0.0187073 0.0253475 0.00474536
59 0.499005 0.275731 0.66389 0.179281 0.00455451
25 0.117764 0.484875 0.0729908 0.16801 0.00448069
67 0.128037 0.175758 0.0552368 0.0517955 0.00401881
39 0.128022 0.175512 0.0558891 0.0515455 0.00385639
59 0.590121 0.129611 0.634219 0.151141 0.00383314
39 0.0965037 0.443003 0.0283384 0.0861871 0.00357622
60 0.1535 0.956361 0.306235 0.0838804 0.00348097
26 0.156773 0.45862 0.0511871 0.0614087 0.00346151
59 0.387618 0.163992 0.76664 0.321473 0.00326765
59 0.378555 0.0856882 0.664455 0.103836 0.00325838
57 0.514621 0.195009 0.962101 0.361238 0.00324246
74 0.532072 0.574052 0.0187073 0.0253475 0.00321212
76 0.114561 0.474198 0.0174294 0.0255212 0.00314683
60 0.840898 0.961474 0.317243 0.0767626 0.00312808
65 0.157455 0.458379 0.0503139 0.0620374 0.00303856
59 0.424766 0.210728 0.638607 0.0801626 0.002969
74 0.533282 0.478949 0.0202782 0.0279025 0.00273362
74 0.728593 0.471213 0.0198364 0.0267297 0.00271702
44 0.0964153 0.443964 0.0283937 0.0860186 0.00264052
56 0.841761 0.961356 0.316477 0.0772879 0.0025498
58 0.416386 0.579827 0.0288122 0.0581474 0.00248185
59 0.426536 0.18692 0.633874 0.148632 0.00235549
78 0.156496 0.458995 0.0526861 0.0592668 0.00218633
56 0.240821 0.780158 0.307732 0.173077 0.00207019
59 0.342011 0.204697 0.553805 0.0887755 0.00205737
24 0.121973 0.512693 0.0626466 0.109864 0.00204161
59 0.345892 0.135834 0.574077 0.247184 0.00200483
59 0.352666 0.186714 0.57992 0.128612 0.00191638
43 0.114561 0.474198 0.0174294 0.0255212 0.00169149
39 0.120433 0.497251 0.0657595 0.142072 0.00160903
25 0.0964153 0.443964 0.0283937 0.0860186 0.00155643
29 0.127986 0.175411 0.0551135 0.0511105 0.00150362
59 0.452234 0.126645 0.644311 0.152084 0.00138402
79 0.114561 0.474198 0.0174294 0.0255212 0.00138143
57 0.51216 0.469442 0.97568 0.895713 0.00136051
59 0.340721 0.0753601 0.55703 0.136735 0.00135741
15 0.858862 0.0718936 0.0699772 0.0574933 0.00133392
45 0.128127 0.175511 0.0552824 0.0512809 0.0013279
59 0.0448721 0.190569 0.0897443 0.379787 0.0013203
59 0.841736 0.961325 0.316527 0.0773499 0.0013068
78 0.118296 0.485586 0.0729457 0.165344 0.00130489
60 0.515489 0.189551 0.962431 0.347237 0.0013001
41 0.531704 0.665194 0.017889 0.0264417 0.00127295
59 0.58954 0.18344 0.602481 0.11807 0.00126466
57 0.503343 0.271571 0.953125 0.352297 0.00126097
78 0.0964652 0.444013 0.028147 0.0872053 0.00124404
67 0.157455 0.458379 0.0503139 0.0620374 0.00124341
59 0.25978 0.189721 0.517743 0.378128 0.00123879
32 0.531704 0.665194 0.017889 0.0264417 0.00121519
0 0.216617 0.0735639 0.290191 0.132273 0.00121281
41 0.120926 0.509843 0.0644837 0.116333 0.00120497
13 0.155877 0.956032 0.311233 0.0834333 0.00119489
26 0.123041 0.489543 0.120567 0.163538 0.0011912
28 0.124194 0.10112 0.075138 0.0755541 0.00117192
0 0.124194 0.10112 0.075138 0.0755541 0.00114676
65 0.127986 0.175411 0.0551135 0.0511105 0.00113416
65 0.0965037 0.443003 0.0283384 0.0861871 0.00112736
76 0.112479 0.455934 0.0285597 0.061042 0.00111932
69 0.840582 0.961585 0.317163 0.0768297 0.00111872
13 0.220018 0.701301 0.370893 0.544242 0.00110093
59 0.557548 0.294758 0.625535 0.142374 0.00109434
59 0.550544 0.241761 0.629555 0.123534 0.00108138
42 0.0964153 0.443964 0.0283937 0.0860186 0.00107071
67 0.147603 0.213185 0.0184657 0.0157491 0.00106448
59 0.219125 0.697149 0.36909 0.537321 0.00105762
32 0.706543 0.735271 0.0178926 0.0277588 0.00105754
74 0.712525 0.652634 0.0201622 0.0281049 0.00104553
74 0.531847 0.66511 0.0180863 0.0263794 0.00103796
