0 0.591404 0.743325 0.277219 0.421203 0.928028
38 0.669109 0.709066 0.215826 0.0615449 0.861269
56 0.181124 0.461349 0.0929046 0.0331366 0.468302
0 0.912798 0.392645 0.174056 0.151309 0.453547
56 0.311581 0.422581 0.0947682 0.0379965 0.446562
56 0.279644 0.460291 0.0908455 0.033764 0.44227
56 0.739461 0.515389 0.118475 0.0678827 0.440255
56 0.524902 0.516674 0.108881 0.0669231 0.427201
0 0.939238 0.38414 0.121327 0.134381 0.401895
56 0.888058 0.455516 0.102943 0.032609 0.39208
56 0.343587 0.382325 0.0888804 0.0381659 0.381416
56 0.21693 0.422867 0.0930928 0.0385049 0.372718
56 0.125174 0.518404 0.109042 0.0657826 0.370067
56 0.781199 0.456949 0.0999798 0.0331038 0.361708
56 0.856 0.513175 0.113731 0.0664961 0.350801
56 0.630936 0.516112 0.111556 0.067007 0.324779
56 0.124879 0.424077 0.0912221 0.0375341 0.316734
56 0.252734 0.383417 0.0895869 0.0372837 0.315571
56 0.634005 0.503986 0.104671 0.0429218 0.312411
56 0.162172 0.385426 0.0895042 0.0363831 0.311606
56 0.675197 0.457474 0.0996841 0.0337946 0.308909
56 0.435653 0.382251 0.0904773 0.0398867 0.303836
56 0.798925 0.418958 0.100476 0.0444002 0.288386
56 0.0846552 0.461688 0.0913088 0.0326419 0.277003
56 0.858074 0.50283 0.110566 0.0450747 0.267755
56 0.514514 0.417516 0.119399 0.111928 0.248
56 0.95325 0.514013 0.0927002 0.0676739 0.242368
56 0.408842 0.423516 0.093449 0.0426816 0.209409
56 0.0391806 0.424542 0.0782616 0.0378702 0.206851
56 0.039024 0.518723 0.0780481 0.0663414 0.196199
56 0.745185 0.503016 0.106242 0.0429443 0.182926
56 0.407815 0.435211 0.0954321 0.0662411 0.176319
56 0.0732034 0.386202 0.0876662 0.0364066 0.167377
56 0.528619 0.385536 0.0921417 0.0481402 0.14836
56 0.0396152 0.506262 0.0776455 0.041335 0.136474
56 0.957428 0.502349 0.0834085 0.0443777 0.119568
56 0.972703 0.456686 0.0542875 0.0356909 0.116049
56 0.526001 0.506289 0.107378 0.0466078 0.0910966
56 0.0178962 0.462409 0.0357924 0.031945 0.0816763
56 0.508469 0.440735 0.112423 0.0681692 0.061121
56 0.397619 0.442287 0.117088 0.0798265 0.0604323
0 0.896915 0.39565 0.113764 0.0824518 0.0463312
56 0.277572 0.495401 0.0956657 0.104331 0.0405482
56 0.124273 0.434434 0.0914135 0.0583696 0.0383424
56 0.0731934 0.404158 0.0891655 0.0713239 0.0379642
56 0.376674 0.51435 0.119242 0.0768957 0.0374592
56 0.130148 0.509128 0.0988495 0.0485328 0.0368627
56 0.311232 0.438033 0.0965258 0.0696178 0.0358804
56 0.0391509 0.439716 0.0772304 0.0683929 0.0357842
56 0.216386 0.436544 0.0937226 0.0663628 0.035018
56 0.434744 0.394846 0.0904784 0.0655053 0.0288523
56 0.953887 0.490832 0.0909034 0.104841 0.0280086
56 0.389445 0.465746 0.112603 0.0532694 0.0274141
56 0.0146384 0.387673 0.0288836 0.0370708 0.0272203
56 0.379858 0.49591 0.123666 0.111145 0.0271474
56 0.887688 0.471862 0.102848 0.0661729 0.0237664
56 0.902628 0.389494 0.101344 0.0690004 0.0227859
38 0.73001 0.648656 0.0450993 0.0737558 0.0223354
56 0.794343 0.433522 0.113674 0.0732153 0.0178486
56 0.907923 0.375738 0.0920114 0.0413082 0.016473
56 0.966545 0.477172 0.0628904 0.0771194 0.0162143
56 0.342717 0.397562 0.0900537 0.0684086 0.0161268
56 0.526182 0.394492 0.0976609 0.0661445 0.0160878
38 0.674015 0.676302 0.184094 0.131718 0.0156195
56 0.259573 0.504224 0.127886 0.0971481 0.0153627
56 0.0843194 0.482578 0.094603 0.0751536 0.0140003
56 0.256794 0.512709 0.128959 0.0659894 0.0135282
56 0.388926 0.475153 0.129792 0.144835 0.0132833
56 0.970153 0.463057 0.0594708 0.0480938 0.0131599
56 0.377082 0.662225 0.136862 0.104091 0.0126107
56 0.506209 0.450602 0.109352 0.0492759 0.0114336
56 0.402023 0.459794 0.0968371 0.0444214 0.0111377
56 0.252285 0.399377 0.090842 0.0694605 0.0106511
56 0.0694954 0.484799 0.120065 0.0823603 0.00922137
38 0.713727 0.649256 0.075015 0.0767132 0.00891203
38 0.707045 0.677647 0.10185 0.133889 0.0088813
38 0.505932 0.66122 0.0722011 0.101622 0.00860715
56 0.385922 0.480693 0.120736 0.0845932 0.00779945
0 0.906931 0.374794 0.0942303 0.0398582 0.00748557
56 0.295909 0.445485 0.127209 0.0636654 0.00685063
56 0.377049 0.527385 0.114535 0.0505385 0.00605452
56 0.177521 0.491025 0.0999677 0.0962125 0.0058479
56 0.779928 0.477114 0.103197 0.0740635 0.00578174
56 0.0305923 0.486836 0.0609987 0.0725965 0.00463241
56 0.378049 0.478072 0.106085 0.0467295 0.00443819
38 0.991632 0.667258 0.0166678 0.0650419 0.00437829
56 0.67569 0.474384 0.101361 0.0678032 0.00429016
56 0.881088 0.486562 0.12822 0.0964743 0.00383496
56 0.374947 0.491522 0.0913125 0.030611 0.00382319
56 0.506836 0.466174 0.140761 0.126013 0.00362056
32 0.582672 0.715013 0.0448416 0.0214163 0.00353831
38 0.521835 0.66433 0.0993738 0.105179 0.00351238
56 0.161093 0.401735 0.0932534 0.0693195 0.00331011
56 0.518426 0.429639 0.104447 0.0882507 0.00329185
56 0.85235 0.534922 0.111893 0.026685 0.00312734
56 0.504484 0.463225 0.104523 0.0250875 0.00309101
56 0.524521 0.502004 0.0882601 0.0368423 0.00272852
56 0.119944 0.538221 0.104483 0.0290094 0.00265488
0 0.972674 0.457633 0.0536412 0.0370708 0.00259635
56 0.737788 0.525245 0.12088 0.0496002 0.00215963
0 0.895711 0.407794 0.138112 0.115084 0.00205758
0 0.913439 0.394936 0.0737312 0.0722149 0.00199175
56 0.31244 0.433363 0.586783 0.14027 0.00196597
56 0.165383 0.407484 0.146901 0.0790781 0.00196055
56 0.0327737 0.536687 0.0648368 0.0316576 0.00194517
56 0.0341168 0.44757 0.0682336 0.0600769 0.00193018
56 0.246373 0.405569 0.133695 0.0747364 0.00190628
56 0.736365 0.536034 0.119394 0.0293976 0.00187165
56 0.157031 0.494564 0.143833 0.103627 0.00186709
56 0.423697 0.403689 0.109178 0.0809665 0.00183189
56 0.418313 0.42002 0.0764513 0.0358144 0.00182846
56 0.90261 0.456148 0.144971 0.0376297 0.00179672
56 0.509456 0.465179 0.0809591 0.0203201 0.00165007
38 0.551323 0.68731 0.0434415 0.0823374 0.00161424
56 0.50702 0.458588 0.0972189 0.0327275 0.00159848
56 0.377483 0.45709 0.137291 0.0411236 0.00157684
32 0.991709 0.667398 0.0155283 0.0648178 0.00155112
32 0.589788 0.714975 0.0511996 0.0178864 0.00147924
32 0.578092 0.711494 0.050806 0.0230866 0.00147527
56 0.522148 0.537417 0.108864 0.02691 0.00147185
56 0.24535 0.522379 0.143064 0.0569058 0.00144243
56 0.38053 0.502209 0.110203 0.049539 0.00140288
38 0.526268 0.660338 0.0681897 0.100214 0.00140023
0 0.888488 0.420766 0.100618 0.0545883 0.00139678
56 0.773898 0.485875 0.126348 0.08997 0.00139162
38 0.56362 0.665396 0.177848 0.107818 0.00136858
56 0.665039 0.484094 0.122189 0.0900344 0.00135195
56 0.157833 0.493418 0.134313 0.0695661 0.00134009
56 0.502539 0.50231 0.127957 0.0429447 0.00133497
56 0.799071 0.411357 0.0967989 0.0289268 0.00133032
38 0.654858 0.67142 0.246289 0.139563 0.00130233
13 0.377082 0.662225 0.136862 0.104091 0.00129285
56 0.892142 0.395955 0.123959 0.0857386 0.0012739
56 0.381368 0.533681 0.0971087 0.0379311 0.00125417
56 0.190491 0.494607 0.0753436 0.0985973 0.00120458
56 0.133792 0.502889 0.0902459 0.0349974 0.00120041
56 0.327637 0.459 0.0627955 0.0365402 0.00118789
56 0.867311 0.493223 0.103868 0.0604662 0.00116086
38 0.549096 0.673272 0.0318207 0.0466597 0.00111678
56 0.404854 0.459302 0.132456 0.116521 0.00111103
74 0.991709 0.667398 0.0155283 0.0648178 0.00108767
56 0.629352 0.528614 0.111111 0.0432676 0.00108403
38 0.537169 0.673197 0.0730532 0.112442 0.00106677
56 0.0389904 0.455908 0.077498 0.044659 0.00106391
