53 0.423149 0.458304 0.451681 0.117316 0.465229
53 0.427934 0.488399 0.46351 0.17867 0.41678
72 0.753245 0.449195 0.493509 0.894167 0.416401
69 0.420664 0.555341 0.710975 0.61261 0.372876
53 0.426353 0.534498 0.459986 0.0884432 0.193856
53 0.350183 0.599555 0.204305 0.0398277 0.0702551
69 0.442648 0.669914 0.502132 0.382919 0.0335492
53 0.418462 0.587463 0.343668 0.064238 0.0220408
72 0.832211 0.583687 0.334368 0.632394 0.0200816
69 0.754039 0.153483 0.491922 0.30368 0.0197197
72 0.754039 0.153483 0.491922 0.30368 0.0115702
69 0.831953 0.590614 0.33372 0.617268 0.0106785
0 0.752635 0.446083 0.494638 0.891261 0.00908217
53 0.518611 0.594246 0.136052 0.049754 0.00872448
69 0.756558 0.447771 0.486885 0.887208 0.00616598
53 0.433722 0.596734 0.292121 0.0497176 0.00555602
72 0.753467 0.254596 0.493067 0.505777 0.00484595
53 0.333786 0.538163 0.278095 0.0802061 0.00354195
53 0.353625 0.579297 0.228976 0.0812935 0.00300172
53 0.415959 0.545422 0.392754 0.149282 0.00224325
45 0.0635214 0.535622 0.103274 0.0635267 0.00209615
68 0.752587 0.153224 0.494081 0.304192 0.00162402
53 0.411515 0.574928 0.361397 0.0880612 0.0014129
69 0.753467 0.254596 0.493067 0.505777 0.00138468
53 0.422055 0.54052 0.359013 0.0747146 0.00126904
53 0.49861 0.536409 0.33147 0.0797207 0.00117025
