36 0.693366 0.531668 0.162901 0.517379 0.916409
16 0.186416 0.533663 0.177096 0.291935 0.912422
56 0.0590363 0.472971 0.116979 0.236586 0.0360112
73 0.683306 0.466898 0.588219 0.674166 0.0189381
31 0.693366 0.531668 0.162901 0.517379 0.0174472
43 0.693494 0.532046 0.161405 0.519426 0.0113485
56 0.0828736 0.472599 0.0698575 0.231251 0.0110112
19 0.440264 0.559162 0.107567 0.179324 0.00939968
56 0.0392298 0.530801 0.0774882 0.117476 0.00899488
19 0.442401 0.534766 0.103374 0.130921 0.00721365
73 0.520867 0.458032 0.923855 0.691097 0.00617936
36 0.750269 0.538321 0.142818 0.518205 0.00434011
76 0.693494 0.532046 0.161405 0.519426 0.00391787
26 0.81735 0.822109 0.272559 0.0999616 0.0038704
60 0.486169 0.80098 0.968719 0.383311 0.00358725
60 0.508443 0.43782 0.969325 0.762618 0.00351399
17 0.438556 0.559285 0.111351 0.178484 0.00348055
19 0.408223 0.559819 0.172687 0.182047 0.00310379
24 0.835087 0.881573 0.320318 0.220026 0.00300631
26 0.835087 0.881573 0.320318 0.220026 0.00291955
14 0.345917 0.608421 0.0385101 0.0668554 0.00278452
15 0.186787 0.533926 0.176933 0.290378 0.00260779
17 0.408223 0.559819 0.172687 0.182047 0.00236544
56 0.0619215 0.533864 0.122422 0.117872 0.00231853
37 0.692968 0.532428 0.162825 0.5207 0.00200754
28 0.835087 0.881573 0.320318 0.220026 0.0019809
26 0.755099 0.815188 0.161801 0.0847773 0.00196168
24 0.81735 0.822109 0.272559 0.0999616 0.00195757
30 0.693265 0.532777 0.161308 0.517121 0.00169435
75 0.345895 0.612951 0.0384602 0.0748297 0.00168994
67 0.693366 0.531668 0.162901 0.517379 0.00167325
65 0.0171746 0.59451 0.0326437 0.0235349 0.00157213
19 0.37036 0.558974 0.248844 0.189374 0.00148478
17 0.185222 0.533542 0.17914 0.291302 0.00147262
24 0.756045 0.813989 0.164303 0.0820113 0.00147027
19 0.186787 0.533926 0.176933 0.290378 0.0013749
24 0.86667 0.828558 0.17501 0.0738052 0.00135505
56 0.0330048 0.524619 0.0656325 0.0927956 0.00131908
62 0.480912 0.465679 0.950841 0.691312 0.00126073
65 0.693366 0.531668 0.162901 0.517379 0.00121671
16 0.439487 0.559513 0.109499 0.179396 0.00117943
56 0.410202 0.559963 0.168589 0.185637 0.00117084
26 0.877845 0.830474 0.152699 0.066964 0.00115612
17 0.442401 0.534766 0.103374 0.130921 0.00113744
56 0.0469955 0.546152 0.093586 0.0812769 0.00109646
14 0.435997 0.560278 0.115682 0.180041 0.00105804
