0 0.450045 0.594971 0.588148 0.79252 0.931833
58 0.942442 0.362073 0.113658 0.154406 0.618468
57 0.0941602 0.872326 0.186362 0.245488 0.367574
65 0.743173 0.587961 0.091965 0.0296052 0.271813
58 0.840467 0.439447 0.120354 0.105398 0.226041
32 0.0892635 0.469937 0.0704124 0.0589443 0.203896
73 0.160455 0.0641587 0.184772 0.0344592 0.165842
58 0.925423 0.516926 0.119144 0.102068 0.164179
75 0.726615 0.445126 0.125205 0.24801 0.152954
67 0.742704 0.587668 0.0901652 0.0278513 0.133359
73 0.705334 0.949386 0.0821719 0.0974413 0.119428
65 0.697152 0.60274 0.180448 0.0610294 0.116131
73 0.121927 0.181863 0.19466 0.0621942 0.115322
73 0.51314 0.937432 0.0544442 0.0990017 0.103754
73 0.101304 0.275472 0.192605 0.0580385 0.094945
73 0.820195 0.959515 0.137129 0.0802671 0.0937426
58 0.839617 0.464496 0.121129 0.155853 0.0878273
65 0.78717 0.87281 0.0928195 0.0140984 0.0817601
75 0.803356 0.687836 0.122272 0.0938595 0.0775971
73 0.609152 0.946963 0.100956 0.106073 0.0649284
73 0.62309 0.94736 0.0685722 0.100171 0.062593
73 0.0605141 0.277302 0.023223 0.0487601 0.0622896
73 0.181729 0.0118707 0.165678 0.0228656 0.0579757
58 0.847767 0.418762 0.137624 0.148135 0.054757
73 0.0889007 0.279548 0.0171209 0.0477071 0.05345
73 0.541841 0.69258 0.0275139 0.0945431 0.0529534
73 0.0564778 0.277703 0.0184448 0.0485094 0.0518014
56 0.0939479 0.869078 0.186409 0.241683 0.0515526
73 0.0642145 0.276241 0.113648 0.0535714 0.0475168
73 0.553709 0.691105 0.0259351 0.0942484 0.0462596
73 0.539326 0.694793 0.0160344 0.0870539 0.0448878
73 0.0259797 0.277264 0.0204461 0.0470712 0.0425366
73 0.0787332 0.27771 0.033067 0.0509106 0.0411402
73 0.0439257 0.276738 0.0215357 0.0493687 0.040428
73 0.192988 0.0642806 0.0171354 0.0266284 0.0403352
73 0.570444 0.69196 0.0212524 0.0875986 0.0397471
58 0.926885 0.466275 0.126965 0.204922 0.0392176
73 0.0904251 0.182665 0.0294875 0.0516885 0.0368205
73 0.207855 0.0637138 0.0180085 0.0259827 0.036177
73 0.0648789 0.181165 0.0269895 0.0505272 0.0357537
73 0.171016 0.193661 0.023634 0.0348262 0.0354058
73 0.0767116 0.278898 0.0151268 0.0478808 0.0347261
65 0.729501 0.593409 0.0685745 0.0225188 0.0346702
73 0.0508515 0.276779 0.0510348 0.0520844 0.0331664
73 0.125954 0.0652792 0.0233161 0.031189 0.0328734
73 0.136288 0.128656 0.0646479 0.0293365 0.0321084
73 0.532737 0.696836 0.0216737 0.0826797 0.0318889
58 0.881268 0.477691 0.211394 0.183138 0.0312891
73 0.155879 0.19395 0.01806 0.0340634 0.0308318
73 0.0270826 0.276731 0.0281877 0.0491485 0.0308044
73 0.159448 0.065502 0.0230421 0.0297108 0.030673
73 0.0716363 0.27836 0.0148803 0.0480759 0.0305131
73 0.0208648 0.278047 0.0181452 0.0454669 0.0304983
73 0.069744 0.181926 0.0244503 0.0501209 0.0304866
73 0.152659 0.0651303 0.0206769 0.0300129 0.0299491
73 0.115052 0.236597 0.179778 0.018047 0.029687
73 0.796327 0.959483 0.0850499 0.0780281 0.0293614
58 0.926301 0.421263 0.145248 0.276056 0.0288849
73 0.548676 0.693717 0.0206172 0.0921305 0.0286309
73 0.1621 0.193713 0.033197 0.0351594 0.0282832
73 0.612278 0.955386 0.0838575 0.0887009 0.027859
73 0.156843 0.278684 0.0170979 0.0284714 0.0275365
73 0.553288 0.692463 0.0376667 0.0964908 0.0274543
73 0.224933 0.0637116 0.0127373 0.0258777 0.0269227
73 0.206448 0.10629 0.0607921 0.00912266 0.0260587
73 0.106145 0.281572 0.0240547 0.0411923 0.0258784
73 0.140277 0.0653361 0.0154439 0.0305373 0.0255988
73 0.0778444 0.180223 0.061666 0.0539792 0.025291
73 0.125311 0.184256 0.0393219 0.0491312 0.0250095
73 0.126353 0.183734 0.0245494 0.048634 0.0242109
65 0.709456 0.600556 0.0311503 0.0213391 0.0240311
73 0.202598 0.1204 0.0670048 0.0332655 0.0235637
73 0.170428 0.0105835 0.0203781 0.0186358 0.0227535
73 0.189749 0.0107811 0.0156326 0.0190828 0.0225429
73 0.149766 0.279805 0.0287327 0.0312557 0.0224507
73 0.222706 0.0633931 0.0137611 0.0261061 0.0222155
73 0.150398 0.281664 0.0213493 0.0382617 0.0216502
73 0.10952 0.0649621 0.0191508 0.0313905 0.0215933
73 0.170164 0.238279 0.0661288 0.0116877 0.0213051
73 0.914771 0.965604 0.056185 0.0669758 0.0210823
73 0.188139 0.193413 0.0356992 0.0356805 0.0208294
73 0.0838776 0.12467 0.0384084 0.0369293 0.0206053
73 0.628545 0.939896 0.0559026 0.0884684 0.0204852
73 0.0394873 0.276048 0.0285104 0.0516088 0.0204025
75 0.947944 0.406647 0.0973212 0.0644987 0.020382
73 0.107369 0.1829 0.0183155 0.0491086 0.0202622
73 0.517192 0.717126 0.0136991 0.0390785 0.0200672
73 0.113265 0.18316 0.0281973 0.0504484 0.0200469
75 0.839961 0.441219 0.116877 0.0964441 0.0198518
58 0.891087 0.406376 0.213224 0.24532 0.0197378
73 0.155287 0.0101787 0.0162582 0.0181875 0.0196764
73 0.17702 0.0650495 0.0179965 0.0285443 0.0194533
73 0.143926 0.279653 0.0168343 0.0287796 0.0194118
73 0.178646 0.0111692 0.0252247 0.0192642 0.0190642
73 0.0687509 0.277564 0.0222768 0.0511675 0.019028
73 0.125236 0.237767 0.155522 0.0127749 0.0186921
73 0.193622 0.0112982 0.0192474 0.0196685 0.0186449
73 0.131025 0.00957804 0.0550326 0.0184017 0.0184615
73 0.564104 0.691263 0.0271264 0.0965068 0.0183615
73 0.0992106 0.182416 0.11886 0.0570297 0.0183335
73 0.17032 0.064871 0.0197387 0.0288815 0.0182688
58 0.802318 0.62083 0.130995 0.228012 0.0179085
73 0.19269 0.13449 0.0816103 0.0222466 0.0176197
73 0.115985 0.282688 0.03856 0.0353224 0.0170943
73 0.177547 0.283792 0.0414331 0.0354261 0.0169626
73 0.627102 0.925072 0.0572657 0.0571297 0.0168251
73 0.120558 0.120931 0.134905 0.0439802 0.0168109
75 0.679733 0.739463 0.102989 0.249589 0.0164869
73 0.603197 0.971895 0.0796425 0.055673 0.0164767
73 0.224953 0.0113283 0.017219 0.0207855 0.0162161
73 0.0746979 0.182325 0.0409609 0.0552645 0.0161752
73 0.188569 0.192766 0.0229299 0.0360001 0.0161609
73 0.0952224 0.0644874 0.018506 0.0318922 0.0160263
73 0.181707 0.285715 0.0312082 0.0392136 0.0158763
73 0.207378 0.0114488 0.0160382 0.020539 0.0158302
73 0.0139433 0.277529 0.0217152 0.0463257 0.0157479
75 0.805779 0.561506 0.115795 0.0905902 0.0154335
73 0.190349 0.130647 0.0863412 0.0285627 0.0154233
75 0.827488 0.552691 0.0772181 0.0649994 0.0152817
65 0.911448 0.902138 0.159583 0.0332256 0.0150247
73 0.553303 0.946131 0.0630831 0.107738 0.0148951
41 0.135029 0.129352 0.0632537 0.0267492 0.0146783
73 0.526239 0.839803 0.0445155 0.0509546 0.0145927
73 0.143958 0.011044 0.0857884 0.020798 0.0141972
73 0.204013 0.109944 0.0733314 0.0200468 0.0139798
56 0.188442 0.503282 0.192956 0.234057 0.0138053
73 0.536245 0.694591 0.0578372 0.0933296 0.0134847
73 0.849904 0.960162 0.196915 0.0784637 0.0133738
73 0.0750626 0.182305 0.0870136 0.0573053 0.0131693
73 0.563499 0.693754 0.0501008 0.0946751 0.0130829
73 0.136388 0.18596 0.0236537 0.0459506 0.0130256
75 0.949253 0.415699 0.0952339 0.0450667 0.0129569
73 0.211884 0.0117925 0.0200883 0.020913 0.012886
73 0.092102 0.125342 0.0238231 0.0343782 0.0126685
73 0.0438726 0.181188 0.0253491 0.0508517 0.0126023
75 0.92468 0.517704 0.11886 0.0926708 0.0125319
73 0.127117 0.235507 0.155987 0.0140038 0.0123944
73 0.149459 0.121259 0.175957 0.0429956 0.0122563
73 0.157873 0.0109588 0.0211925 0.0193305 0.0119119
73 0.542258 0.944905 0.0400143 0.106372 0.0118905
73 0.97798 0.967307 0.042426 0.0637138 0.0118898
59 0.093931 0.872262 0.186342 0.245105 0.0115193
65 0.882349 0.898109 0.105978 0.0238213 0.0114311
73 0.536832 0.69587 0.0245249 0.086835 0.0108546
57 0.0543389 0.925304 0.10807 0.138887 0.0107163
73 0.538763 0.943692 0.0571921 0.107598 0.0105662
65 0.740489 0.593575 0.094987 0.0407797 0.0105358
73 0.146098 0.189062 0.0242661 0.0408278 0.0101578
73 0.201195 0.191802 0.0282203 0.0361171 0.010143
65 0.67652 0.610192 0.138956 0.047424 0.010123
73 0.139612 0.188166 0.0233138 0.0420204 0.0100858
56 0.240829 0.447843 0.0872234 0.119829 0.0100361
58 0.964387 0.348476 0.0691059 0.119522 0.00988007
58 0.90252 0.377434 0.0629556 0.0618313 0.00955439
73 0.120266 0.280342 0.0547013 0.0397299 0.00934538
56 0.193164 0.59889 0.186744 0.425903 0.00930944
73 0.830629 0.971226 0.105704 0.0559891 0.00923571
65 0.780911 0.876645 0.110428 0.0227005 0.0092181
73 0.159135 0.280913 0.0227833 0.0337873 0.00909448
75 0.803404 0.665642 0.125462 0.138755 0.00903058
73 0.0844456 0.122589 0.0528121 0.0439682 0.0089542
73 0.166651 0.126253 0.134118 0.0398989 0.00888968
73 0.878472 0.960796 0.143909 0.0752151 0.00886708
65 0.686537 0.603456 0.117812 0.0311745 0.00880051
73 0.167307 0.236912 0.0744805 0.0154081 0.00877014
73 0.0811106 0.0639458 0.0228304 0.0329198 0.00873196
73 0.641427 0.945527 0.210978 0.105797 0.0086019
73 0.084213 0.231824 0.0866527 0.0103826 0.00859034
73 0.204229 0.135762 0.059974 0.0210136 0.00843337
73 0.639691 0.954614 0.0352453 0.0883636 0.00839692
73 0.514155 0.911152 0.0455134 0.044471 0.0083718
58 0.833377 0.481399 0.138965 0.194944 0.00831246
73 0.243581 0.0111507 0.0221307 0.0207877 0.00819126
73 0.528163 0.943292 0.0825742 0.107759 0.00814101
45 0.134887 0.128943 0.0640608 0.0273063 0.00795808
73 0.92869 0.96355 0.0686417 0.069066 0.00795525
56 0.119728 0.68452 0.233435 0.605307 0.00784969
75 0.837802 0.476002 0.130085 0.180811 0.00782824
73 0.511698 0.950318 0.0508984 0.0581627 0.00782663
73 0.632593 0.945986 0.149589 0.107841 0.00774625
73 0.684314 0.877085 0.105862 0.0255562 0.00762492
73 0.541073 0.843997 0.0233983 0.0502878 0.00730112
73 0.655604 0.949374 0.0287193 0.0982376 0.00720429
73 0.162997 0.066074 0.0336946 0.0322041 0.00688007
73 0.191975 0.125025 0.087105 0.0428283 0.00687304
75 0.801665 0.62485 0.130858 0.220366 0.00685364
56 0.155847 0.594395 0.260453 0.439931 0.00679797
73 0.533442 0.842542 0.0354904 0.0492237 0.00678229
75 0.813385 0.552552 0.102881 0.060953 0.00662038
73 0.0887822 0.276362 0.0795281 0.0535125 0.00649965
73 0.14753 0.0661915 0.0267639 0.0322006 0.00631765
56 0.240733 0.514842 0.090377 0.253902 0.00625774
73 0.946882 0.957128 0.104248 0.0819754 0.00615233
65 0.618635 0.543052 0.0393201 0.0100117 0.00604096
65 0.625036 0.620245 0.0368823 0.032122 0.00601068
73 0.945731 0.965668 0.0303996 0.0677597 0.00600216
73 0.567707 0.942952 0.0472768 0.100438 0.00599536
73 0.198719 0.120706 0.0636782 0.0219104 0.00595802
73 0.520974 0.908916 0.0362672 0.0391724 0.00593078
73 0.842887 0.977574 0.0854506 0.0432983 0.00552601
73 0.528315 0.818465 0.0545344 0.0981236 0.00547373
39 0.0918721 0.125292 0.0259306 0.0347151 0.00536802
73 0.780445 0.970981 0.0562712 0.0560089 0.00532398
45 0.924593 0.516633 0.118613 0.102907 0.00523108
45 0.805779 0.561506 0.115795 0.0905902 0.00519621
75 0.836538 0.496817 0.114548 0.086721 0.00513968
73 0.162172 0.0548149 0.188418 0.0530639 0.00510076
73 0.510205 0.959692 0.0464984 0.0412241 0.00503972
73 0.96896 0.960888 0.0604543 0.0741434 0.00497937
73 0.95607 0.964873 0.0436172 0.0684292 0.00485757
65 0.684138 0.877491 0.101633 0.0265326 0.00482693
74 0.611829 0.587025 0.0331668 0.0909023 0.00469932
75 0.835312 0.473835 0.105811 0.0367945 0.00466281
73 0.106952 0.126794 0.0164237 0.0300611 0.00464466
65 0.875887 0.879994 0.085714 0.03214 0.00454947
73 0.586436 0.974763 0.0549204 0.0500359 0.004547
58 0.949407 0.419419 0.0935123 0.0390274 0.00427553
65 0.620875 0.617169 0.039143 0.0357294 0.00424919
73 0.141437 0.271701 0.126379 0.0516207 0.00421172
73 0.0796574 0.280582 0.0201385 0.0546198 0.00420418
65 0.736087 0.869674 0.220146 0.0247318 0.00407505
73 0.52863 0.829409 0.0493902 0.0756277 0.0039897
45 0.949407 0.419419 0.0935123 0.0390274 0.00391316
58 0.893255 0.380022 0.0482946 0.0663115 0.00387555
73 0.531306 0.715783 0.0213214 0.0464949 0.00371352
65 0.715229 0.597586 0.0571838 0.0253431 0.00369999
74 0.607886 0.575828 0.0247228 0.0661112 0.00366771
39 0.52274 0.813886 0.0519192 0.106626 0.00366476
73 0.584665 0.956155 0.0534847 0.0848011 0.00365126
73 0.166536 0.259605 0.0704123 0.0227151 0.00364533
67 0.78717 0.87281 0.0928195 0.0140984 0.00358894
58 0.948273 0.399664 0.0976793 0.0794937 0.00354674
56 0.219009 0.526325 0.137953 0.28024 0.00346947
57 0.116579 0.737548 0.230759 0.500348 0.00343758
58 0.854368 0.430372 0.157442 0.287694 0.00331321
65 0.667037 0.614993 0.123095 0.039366 0.00329548
73 0.688943 0.951032 0.0535805 0.0952219 0.00327915
73 0.643838 0.96388 0.0328307 0.0704556 0.00321811
74 0.458429 0.62409 0.0390359 0.0225516 0.00321469
73 0.159789 0.270253 0.0862074 0.0493104 0.00319651
73 0.946284 0.924114 0.104543 0.0247414 0.00319147
73 0.236434 0.0633329 0.0172405 0.0270134 0.00318074
39 0.52455 0.82497 0.0462804 0.0803436 0.00317037
65 0.912322 0.890631 0.175356 0.0562729 0.00313291
73 0.596151 0.939181 0.0490596 0.0885044 0.00311598
73 0.175963 0.0294618 0.163057 0.054441 0.00306886
73 0.0868568 0.0585908 0.0336906 0.0442177 0.00300756
73 0.0852979 0.239139 0.118855 0.0167133 0.00299305
73 0.685308 0.968471 0.0456345 0.0601437 0.00292167
75 0.921155 0.542439 0.107788 0.0462584 0.00290772
73 0.0772239 0.231967 0.0947433 0.0138877 0.00286928
73 0.169985 0.261234 0.0636936 0.0346333 0.00284177
58 0.740257 0.36801 0.153568 0.444906 0.00280669
73 0.942636 0.919471 0.11062 0.0262224 0.00279883
73 0.0982414 0.180793 0.0823797 0.0562949 0.00279608
39 0.0793374 0.125113 0.0345718 0.0360468 0.00279039
73 0.145326 0.114523 0.199478 0.0703849 0.00275984
65 0.619728 0.589246 0.0409551 0.0925449 0.00275773
62 0.811647 0.689592 0.367366 0.398912 0.00275281
56 0.0543389 0.925304 0.10807 0.138887 0.00272572
73 0.513474 0.716302 0.0160052 0.0368254 0.00271782
73 0.203449 0.0661432 0.0721842 0.0327235 0.00270578
58 0.186086 0.574144 0.0924665 0.137419 0.00266576
75 0.952201 0.393166 0.0804331 0.0925425 0.00262469
73 0.154062 0.18163 0.140932 0.0601576 0.00261459
73 0.857072 0.926495 0.0873113 0.0226761 0.00260466
39 0.981741 0.827927 0.0321935 0.119493 0.00260136
75 0.834961 0.458171 0.106431 0.0652439 0.00259304
73 0.202486 0.0559329 0.0806798 0.0441849 0.00257608
26 0.441696 0.495968 0.384194 0.302808 0.00256795
58 0.777685 0.563479 0.170911 0.0941584 0.0025633
58 0.191672 0.525777 0.196593 0.277142 0.00253817
41 0.744912 0.587215 0.0851817 0.0259258 0.00253686
73 0.85589 0.959777 0.101468 0.0712772 0.00252956
45 0.840555 0.438915 0.119033 0.104405 0.00252661
64 0.78717 0.87281 0.0928195 0.0140984 0.00251466
65 0.95312 0.898533 0.0905284 0.0359505 0.00245133
65 0.787652 0.888399 0.125017 0.0468822 0.00244036
73 0.156742 0.0706809 0.184535 0.046444 0.00242814
58 0.805583 0.561649 0.118587 0.0905806 0.00235978
73 0.0874842 0.28143 0.0231457 0.0536679 0.00232515
67 0.729501 0.593409 0.0685745 0.0225188 0.00231636
73 0.0791419 0.246641 0.114392 0.0242323 0.00230354
75 0.941817 0.361879 0.114897 0.155543 0.00228712
58 0.840382 0.429006 0.113515 0.0730373 0.00227806
78 0.742315 0.59238 0.0904666 0.0383869 0.00227252
73 0.176751 0.0320515 0.164041 0.0359522 0.00227204
39 0.0809797 0.0639897 0.0230654 0.0329759 0.00224575
57 0.29418 0.839899 0.588359 0.30061 0.00224128
75 0.837005 0.518581 0.116517 0.122709 0.00223699
73 0.15517 0.097127 0.176268 0.028064 0.00222734
73 0.786083 0.953628 0.0602292 0.0612175 0.00218886
75 0.814549 0.536321 0.116498 0.116164 0.00214022
65 0.639022 0.624784 0.0240314 0.0228128 0.0021002
73 0.18694 0.185939 0.0704007 0.050031 0.00209635
0 0.0536216 0.923101 0.10685 0.13467 0.00209254
65 0.634902 0.618802 0.0610177 0.0335144 0.00209239
73 0.675435 0.946473 0.0242541 0.0900364 0.00207612
57 0.258749 0.870794 0.517498 0.24195 0.00207186
73 0.774514 0.95067 0.234223 0.0986601 0.00205246
