0 0.21685 0.677465 0.42903 0.549636 0.951178
0 0.473781 0.494425 0.429684 0.959113 0.894153
0 0.725341 0.617593 0.235006 0.414497 0.890918
39 0.108849 0.925561 0.0637219 0.128567 0.854533
41 0.263686 0.967291 0.0951356 0.065418 0.849237
41 0.0451386 0.966277 0.0902772 0.0671936 0.819325
26 0.782185 0.789975 0.140073 0.110488 0.812152
65 0.290169 0.520018 0.0888454 0.0361412 0.707692
57 0.831075 0.629573 0.336502 0.418684 0.678331
58 0.295586 0.221418 0.221148 0.401054 0.497547
0 0.0461366 0.668375 0.0914546 0.468209 0.380828
0 0.0493403 0.784282 0.0976095 0.241284 0.304914
65 0.28678 0.52422 0.0826001 0.0264988 0.2029
58 0.376374 0.212809 0.388854 0.423339 0.199171
0 0.907173 0.674143 0.185653 0.492981 0.15461
58 0.293785 0.293142 0.216007 0.257209 0.152504
41 0.333467 0.994072 0.0920584 0.0118568 0.130053
57 0.064884 0.678236 0.129587 0.487434 0.111923
39 0.014894 0.891017 0.0291883 0.108531 0.100254
39 0.0242872 0.891154 0.0483302 0.108352 0.0753711
0 0.682807 0.655423 0.150772 0.310756 0.0698026
0 0.687161 0.564448 0.134236 0.113087 0.0694264
57 0.889672 0.655838 0.220387 0.470151 0.0677122
39 0.120371 0.901874 0.0398073 0.0865234 0.0665434
57 0.040875 0.554269 0.0817499 0.236615 0.063374
0 0.932414 0.687479 0.134687 0.481615 0.0581882
57 0.175962 0.681671 0.351281 0.493867 0.0563967
65 0.304432 0.517564 0.0616421 0.0320233 0.0474752
24 0.782414 0.790329 0.139925 0.109501 0.0377717
0 0.692219 0.547009 0.124859 0.153236 0.0370722
41 0.0307525 0.921052 0.0590932 0.0392673 0.0364802
57 0.532233 0.621422 0.935534 0.408162 0.0323138
0 0.91287 0.757459 0.17426 0.278017 0.030073
57 0.124373 0.556425 0.247686 0.241986 0.0265529
39 0.0114924 0.872915 0.0228425 0.0736523 0.0231476
41 0.340541 0.991717 0.0947301 0.0165655 0.0222585
58 0.276496 0.317039 0.181471 0.207788 0.0207
41 0.277369 0.960946 0.0872545 0.0664116 0.0206924
0 0.912595 0.609899 0.173928 0.382864 0.0196944
0 0.73836 0.533315 0.208853 0.247128 0.0192243
39 0.0346683 0.894351 0.0693365 0.105299 0.0183709
57 0.0412566 0.622813 0.0822627 0.373494 0.0180138
0 0.960395 0.750515 0.078422 0.293687 0.0157606
67 0.932358 0.880394 0.0608922 0.0668245 0.015501
0 0.0417209 0.743488 0.0832422 0.32958 0.0154402
29 0.695113 0.565595 0.118764 0.11641 0.0140729
45 0.336667 0.993568 0.100835 0.0128632 0.0129868
57 0.886974 0.575469 0.224628 0.300278 0.0124119
0 0.953137 0.761285 0.0937264 0.352474 0.012266
58 0.450936 0.218901 0.461472 0.406492 0.0114625
57 0.332541 0.717976 0.663714 0.48575 0.0112419
57 0.310583 0.604507 0.135798 0.147163 0.00985587
0 0.966713 0.854588 0.0654121 0.0657646 0.00929639
57 0.040893 0.480622 0.0810372 0.0909394 0.00907984
67 0.932299 0.896622 0.0601078 0.0339005 0.00889152
0 0.826427 0.64962 0.346455 0.454827 0.00878608
58 0.311706 0.265997 0.245836 0.320279 0.00851184
57 0.912595 0.609899 0.173928 0.382864 0.00847036
65 0.342273 0.532809 0.0137389 0.0246992 0.00840288
57 0.319178 0.671453 0.164165 0.27537 0.00825301
0 0.912365 0.67279 0.175228 0.33015 0.00819376
62 0.967817 0.180218 0.0642212 0.165718 0.00786385
56 0.832641 0.633642 0.333329 0.415246 0.00786078
56 0.0501237 0.674728 0.100247 0.485774 0.00763649
57 0.208952 0.680664 0.417905 0.305661 0.00729173
41 0.0512158 0.921102 0.0203867 0.0278877 0.00725734
57 0.21575 0.724814 0.42702 0.480535 0.00712606
57 0.186823 0.609574 0.373646 0.210376 0.00691205
57 0.128977 0.480368 0.256393 0.091715 0.00690719
57 0.309319 0.693917 0.22139 0.331513 0.00685728
0 0.134218 0.779416 0.26716 0.250977 0.00644785
57 0.837369 0.734175 0.323433 0.228062 0.00616679
39 0.107135 0.907356 0.0564135 0.0522659 0.00616029
57 0.133457 0.734556 0.261921 0.407263 0.00612211
60 0.190979 0.932381 0.381958 0.12748 0.00609189
26 0.840169 0.865332 0.118827 0.0528233 0.00570926
58 0.26413 0.36085 0.154132 0.122121 0.00545463
0 0.966798 0.886064 0.0658691 0.125689 0.00530624
41 0.283163 0.946838 0.0758826 0.0387241 0.00528714
57 0.215649 0.726759 0.405227 0.1977 0.00527096
65 0.340541 0.991717 0.0947301 0.0165655 0.00500765
58 0.292465 0.357295 0.21531 0.478591 0.004924
41 0.0474245 0.92004 0.0301402 0.0302471 0.00489527
56 0.145858 0.688729 0.289474 0.505538 0.00479057
56 0.216727 0.679101 0.427813 0.55117 0.00470677
57 0.292501 0.589646 0.165944 0.17252 0.00465223
0 0.913258 0.715676 0.173418 0.196551 0.00458929
56 0.694273 0.452932 0.0675232 0.0745379 0.00452662
39 0.123787 0.895932 0.0316381 0.0782133 0.00447616
0 0.982567 0.749694 0.0344162 0.212887 0.0043816
56 0.309319 0.693917 0.22139 0.331513 0.00435519
0 0.649532 0.521639 0.213019 0.212578 0.00431478
67 0.981725 0.924215 0.0356537 0.0420969 0.00420699
57 0.84646 0.581556 0.30708 0.254586 0.00416347
0 0.95139 0.882013 0.0972203 0.128731 0.00414917
28 0.782414 0.790329 0.139925 0.109501 0.00405362
39 0.0295521 0.920526 0.0570192 0.041354 0.00394773
57 0.232681 0.617324 0.306535 0.172333 0.00387993
57 0.306771 0.74443 0.247053 0.231096 0.00370598
0 0.876796 0.867277 0.19632 0.0943806 0.00361195
39 0.205042 0.906802 0.092937 0.0877832 0.0035919
56 0.306771 0.74443 0.247053 0.231096 0.0035598
57 0.78695 0.581381 0.235086 0.233698 0.00355843
0 0.96632 0.838422 0.0671735 0.098778 0.00353357
41 0.303292 0.963882 0.183239 0.0714958 0.00348386
59 0.832641 0.633642 0.333329 0.415246 0.00346905
67 0.839416 0.865171 0.119943 0.0511194 0.00345284
41 0.108994 0.926167 0.0639303 0.130006 0.00341401
45 0.262217 0.967524 0.0921262 0.0644476 0.00339273
39 0.0922896 0.909884 0.0316248 0.0505072 0.0033786
65 0.30914 0.531962 0.0593674 0.0439833 0.00334412
56 0.208952 0.680664 0.417905 0.305661 0.0033364
57 0.694745 0.462301 0.0664914 0.09405 0.00333059
56 0.223882 0.724853 0.398433 0.19525 0.00331694
57 0.243462 0.76268 0.395769 0.269972 0.00326926
41 0.112367 0.976859 0.0542396 0.0442875 0.00319454
39 0.932555 0.880191 0.0616483 0.0678741 0.00312546
0 0.889813 0.760758 0.218841 0.333224 0.00308251
0 0.912298 0.861212 0.173211 0.12316 0.00307795
56 0.040875 0.554269 0.0817499 0.236615 0.00306708
56 0.0412566 0.622813 0.0822627 0.373494 0.00300825
57 0.468523 0.658811 0.454598 0.234501 0.00298467
0 0.981667 0.924199 0.0358739 0.0429108 0.00295553
67 0.340541 0.991717 0.0947301 0.0165655 0.00287586
41 0.0247804 0.895847 0.0486605 0.0979363 0.00277364
57 0.151176 0.80419 0.302352 0.233386 0.00275865
57 0.479834 0.618684 0.471705 0.162833 0.00273946
57 0.65309 0.468676 0.605457 0.109767 0.00273708
56 0.319178 0.671453 0.164165 0.27537 0.00270361
0 0.786722 0.554293 0.227119 0.255255 0.00267309
58 0.326645 0.284183 0.0785798 0.112738 0.00263816
0 0.911407 0.593627 0.176625 0.250925 0.00262454
0 0.978513 0.884015 0.0426448 0.123657 0.00260177
57 0.181039 0.824109 0.294608 0.198176 0.00258759
0 0.0392285 0.749076 0.0774152 0.172915 0.00257295
67 0.946113 0.879044 0.0884504 0.0706917 0.0025537
26 0.881728 0.862475 0.204771 0.0924107 0.00250545
65 0.981875 0.924248 0.0358556 0.0421511 0.00248379
57 0.599692 0.497108 0.63166 0.167079 0.0024327
58 0.334012 0.157072 0.145556 0.314144 0.00240827
65 0.773948 0.582111 0.0211555 0.0247503 0.00236458
24 0.840169 0.865332 0.118827 0.0528233 0.00232852
58 0.33538 0.251236 0.184037 0.298631 0.00232559
56 0.172712 0.73377 0.334982 0.387832 0.00227618
57 0.911837 0.741128 0.176054 0.244378 0.00226751
67 0.290936 0.520008 0.0866269 0.0356651 0.00224513
41 0.339961 0.98755 0.0949719 0.0248994 0.00223497
57 0.776342 0.45465 0.246078 0.0796062 0.00219977
57 0.166947 0.84871 0.204253 0.2075 0.00218013
0 0.0108626 0.870718 0.0216994 0.0693516 0.00211662
65 0.343192 0.52164 0.016669 0.0407354 0.00206551
65 0.411667 0.807849 0.0243959 0.0217663 0.00206453
0 0.939662 0.754306 0.119675 0.283074 0.00206357
67 0.330795 0.993986 0.0873433 0.0120277 0.00201774
39 0.111196 0.910315 0.0573924 0.100823 0.00197044
39 0.126045 0.904692 0.0391364 0.0942425 0.00196311
57 0.791712 0.466193 0.264649 0.102294 0.00195545
0 0.960074 0.874319 0.0792084 0.103037 0.00195277
29 0.689447 0.585009 0.113529 0.0741175 0.0019387
57 0.753241 0.521395 0.22368 0.212221 0.00192395
57 0.147185 0.831121 0.287913 0.167102 0.00186536
56 0.312048 0.610422 0.142799 0.154436 0.00184673
56 0.89142 0.657872 0.217161 0.472924 0.00184673
57 0.849473 0.68834 0.297417 0.428198 0.00184643
65 0.273619 0.522763 0.122698 0.0449026 0.00181171
58 0.370924 0.13646 0.178717 0.268281 0.0017719
0 0.916609 0.669548 0.166079 0.0803106 0.00175101
40 0.0295521 0.920526 0.0570192 0.041354 0.0017367
64 0.981761 0.924378 0.0358055 0.0425882 0.00170121
65 0.338026 0.536963 0.0167569 0.0338802 0.00169894
56 0.193272 0.641619 0.386544 0.227135 0.00169569
64 0.330795 0.993986 0.0873433 0.0120277 0.00164425
45 0.0446318 0.966365 0.0888435 0.0672694 0.00163907
56 0.166947 0.84871 0.204253 0.2075 0.00163496
57 0.817783 0.516426 0.359674 0.191646 0.00161621
32 0.692648 0.565502 0.122864 0.114754 0.00160983
39 0.773948 0.582111 0.0211555 0.0247503 0.00160161
65 0.347222 0.98778 0.0828082 0.0244406 0.00155479
0 0.145858 0.688729 0.289474 0.505538 0.00154796
57 0.5988 0.520863 0.453185 0.213063 0.0015054
56 0.18701 0.588368 0.374021 0.181127 0.00150424
57 0.886322 0.686764 0.225876 0.290273 0.00147757
41 0.111344 0.983672 0.054704 0.0311087 0.0014753
57 0.911407 0.593627 0.176625 0.250925 0.00147185
40 0.336667 0.993568 0.100835 0.0128632 0.00144467
67 0.773948 0.582111 0.0211555 0.0247503 0.00143945
56 0.886974 0.575469 0.224628 0.300278 0.00143847
56 0.151176 0.80419 0.302352 0.233386 0.00138506
41 0.0363732 0.91433 0.0613515 0.0453789 0.00137284
41 0.981611 0.924374 0.0359286 0.0423126 0.00136074
56 0.697866 0.464052 0.0694425 0.095748 0.00135899
56 0.78695 0.581381 0.235086 0.233698 0.00135255
56 0.124373 0.556425 0.247686 0.241986 0.0013521
40 0.0512158 0.921102 0.0203867 0.0278877 0.00132507
40 0.0259526 0.898326 0.0511808 0.0944263 0.00131699
65 0.272477 0.522633 0.105156 0.0335128 0.00129569
41 0.266794 0.956241 0.100855 0.0522594 0.00126755
56 0.912595 0.609899 0.173928 0.382864 0.00126484
56 0.040893 0.480622 0.0810372 0.0909394 0.0012587
73 0.287374 0.523003 0.0841788 0.0292297 0.00123054
0 0.597517 0.213434 0.769974 0.426869 0.00122041
65 0.285601 0.526205 0.0974052 0.0441201 0.00121811
0 0.692358 0.496734 0.0428282 0.0313345 0.0012114
59 0.040875 0.554269 0.0817499 0.236615 0.00120923
59 0.513121 0.625773 0.972509 0.422969 0.00119701
39 0.0512158 0.921102 0.0203867 0.0278877 0.00118473
56 0.147185 0.831121 0.287913 0.167102 0.00117952
41 0.0451531 0.987274 0.0852432 0.0247446 0.00117776
57 0.183109 0.579502 0.366217 0.17011 0.001174
0 0.914291 0.657767 0.171419 0.0869444 0.00116545
59 0.912595 0.609899 0.173928 0.382864 0.00115117
58 0.373208 0.32179 0.382465 0.204408 0.00114456
57 0.896616 0.51788 0.20485 0.185869 0.00113302
65 0.334385 0.994023 0.0922989 0.0119535 0.00111935
57 0.939662 0.754306 0.119675 0.283074 0.00110537
56 0.468523 0.658811 0.454598 0.234501 0.00110394
39 0.105936 0.897229 0.0603676 0.0710655 0.00110361
0 0.981503 0.739133 0.0368462 0.155425 0.00108388
39 0.692552 0.564274 0.122655 0.114347 0.00107539
0 0.829335 0.614227 0.341329 0.31037 0.00106436
0 0.946113 0.879044 0.0884504 0.0706917 0.0010612
16 0.688739 0.565605 0.130915 0.11262 0.00106025
39 0.209638 0.888778 0.0705234 0.0501749 0.00104058
57 0.870621 0.532995 0.258758 0.217883 0.00103796
58 0.366041 0.116816 0.0772601 0.230965 0.0010199
39 0.0996653 0.895787 0.0462848 0.053347 0.0010187
41 0.773948 0.582111 0.0211555 0.0247503 0.00101703
41 0.205042 0.906802 0.092937 0.0877832 0.001008
57 0.307405 0.564261 0.136584 0.223171 0.00100482
