14 0.819559 0.560493 0.211568 0.350534 0.933394
14 0.135137 0.178189 0.170294 0.287834 0.927282
14 0.523134 0.408831 0.155635 0.299556 0.918554
14 0.291728 0.377986 0.156893 0.336994 0.91697
14 0.487882 0.69667 0.177658 0.304357 0.901137
14 0.291286 0.609424 0.190441 0.281064 0.780475
14 0.267399 0.808875 0.157435 0.352899 0.727852
14 0.854948 0.811439 0.159305 0.283957 0.668103
14 0.292701 0.784485 0.104992 0.268673 0.168868
14 0.339437 0.610626 0.0994719 0.267824 0.0758553
47 0.854801 0.810526 0.160163 0.281039 0.0621789
14 0.235849 0.809255 0.0943234 0.339364 0.0566663
14 0.586161 0.75939 0.03142 0.0685939 0.0247997
14 0.586196 0.793863 0.0344397 0.14374 0.0203952
47 0.293575 0.605151 0.192508 0.268495 0.0201276
47 0.575028 0.540542 0.0493303 0.0402414 0.0194049
14 0.511267 0.880843 0.0989255 0.219555 0.0193843
14 0.499544 0.62769 0.142112 0.168261 0.0153427
14 0.585761 0.820233 0.0473208 0.193854 0.00807348
47 0.224945 0.576469 0.0558451 0.107511 0.00766152
14 0.317552 0.603757 0.147274 0.263465 0.00765598
47 0.572581 0.536621 0.060569 0.0472551 0.00746873
47 0.236143 0.771183 0.092921 0.266362 0.00672966
47 0.236277 0.57388 0.0814533 0.114014 0.00509763
14 0.260197 0.777757 0.140383 0.273953 0.00507268
14 0.57587 0.821878 0.0700215 0.198442 0.00492764
47 0.261138 0.573413 0.127965 0.119169 0.00460118
47 0.219139 0.582501 0.0453385 0.0939064 0.00405985
14 0.487127 0.757824 0.188681 0.420439 0.00312814
14 0.396678 0.817142 0.050433 0.108434 0.00215313
14 0.426376 0.402389 0.428602 0.373882 0.00214598
47 0.27817 0.587037 0.0928708 0.165317 0.00209221
47 0.134958 0.17732 0.17008 0.286128 0.00195214
21 0.487882 0.69667 0.177658 0.304357 0.00185725
14 0.591633 0.804574 0.0565 0.179693 0.00179461
14 0.531698 0.62767 0.0771409 0.167181 0.00172496
21 0.291369 0.609865 0.191075 0.27708 0.00166634
47 0.871575 0.651785 0.0927571 0.126113 0.00151908
14 0.405788 0.831181 0.0698894 0.134802 0.00148785
14 0.411456 0.608882 0.242183 0.271412 0.00146493
14 0.585952 0.829405 0.0981466 0.214224 0.00143027
47 0.900777 0.707166 0.0460774 0.0601074 0.00140345
14 0.80801 0.775518 0.255624 0.372655 0.00136763
21 0.854948 0.811439 0.159305 0.283957 0.00136682
14 0.388883 0.799672 0.0353128 0.0690706 0.00133795
14 0.809253 0.769844 0.253789 0.256324 0.00130585
47 0.55 0.522418 0.107103 0.077454 0.00123557
47 0.894886 0.721548 0.0295034 0.0308566 0.00122142
14 0.236496 0.734544 0.0929275 0.202403 0.00121427
14 0.221172 0.246746 0.347976 0.432132 0.00114876
14 0.593463 0.764151 0.0477255 0.092994 0.0011344
14 0.420171 0.868673 0.1007 0.212226 0.0011341
14 0.388679 0.788108 0.0310772 0.051534 0.00111011
19 0.854948 0.811439 0.159305 0.283957 0.00109369
14 0.424641 0.727228 0.31981 0.400037 0.00107449
47 0.845063 0.770512 0.145625 0.154998 0.00106841
47 0.487882 0.69667 0.177658 0.304357 0.00106189
14 0.599171 0.819348 0.0619861 0.202148 0.00105044
47 0.579221 0.529841 0.0648662 0.0639006 0.00104767
14 0.83152 0.675235 0.199333 0.556488 0.00103736
21 0.267482 0.807944 0.155633 0.348769 0.00103354
