0 0.512862 0.623084 0.171142 0.487111 0.161305
0 0.723558 0.630325 0.552884 0.53052 0.0832737
60 0.418923 0.5 0.837842 1 0.0668634
0 0.485056 0.688203 0.618067 0.47607 0.0649658
0 0.0272057 0.726282 0.0538217 0.311006 0.0572051
0 0.671126 0.708986 0.253727 0.491586 0.0535241
0 0.612705 0.662867 0.588132 0.545958 0.0487206
56 0.210315 0 0.412882 0 0.0167468
61 0.340889 0.0020435 0.678587 0.004087 0.0132118
41 0.0265272 0.723919 0.051863 0.3012 0.011493
40 0.450131 0.505949 0.900261 0.988102 0.0106723
56 0.26683 0 0.433036 0 0.00932425
60 0.674945 0.646242 0.650111 0.664855 0.00706699
56 0.0269251 0.738411 0.0516168 0.330209 0.00683847
71 0.340889 0.0020435 0.678587 0.004087 0.00626254
0 0.210315 0 0.412882 0 0.00618187
56 0.570671 0 0.495972 0 0.00603971
0 0 0.742411 0 0.515179 0.00577077
56 0.376796 0 0.491085 0 0.00560129
60 0.37222 0.767317 0.729697 0.449533 0.00530377
56 0.660586 0 0.491802 0 0.00510862
0 0 0.711952 0 0.555694 0.0049912
56 0.0351529 0.787387 0.0696199 0.407148 0.00466335
56 0.793147 0 0.413706 0 0.00460586
0 0.26683 0 0.433036 0 0.00457579
41 0 0.562036 0 0.724929 0.00457317
56 0.464046 0 0.526927 0 0.00439578
0 0.674945 0.646242 0.650111 0.664855 0.00437838
60 0.686094 0.905784 0.627811 0.15641 0.00425914
41 0 0.384025 0 0.592573 0.00387827
0 0.570671 0 0.495972 0 0.00374854
0 0.74211 0.61866 0.116544 0.31286 0.00362763
41 0 0.742411 0 0.515179 0.00335351
0 0.413377 0 0.520291 0 0.00333133
61 0.174892 0 0.349783 0 0.00330564
60 0.402769 0.00220545 0.753246 0.00441089 0.00308195
60 0.676831 0.857902 0.646338 0.226157 0.00302684
0 0.736299 0.660941 0.132816 0.428225 0.00302544
0 0.742178 0.567807 0.117974 0.21203 0.00300795
0 0 0.562036 0 0.724929 0.00285545
41 0 0.711952 0 0.555694 0.00281808
41 0 0.627456 0 0.728634 0.00280881
16 0.210315 0 0.412882 0 0.00273985
76 0.032491 0.8299 0.0368921 0.104707 0.00272724
0 0 0.627456 0 0.728634 0.00272486
0 0.660586 0 0.491802 0 0.00265148
40 0.0261617 0.724901 0.0511947 0.30613 0.00257477
0 0 0.384025 0 0.592573 0.00248241
56 0.37222 0.767317 0.729697 0.449533 0.00243986
56 0 0.742411 0 0.515179 0.00232679
60 0.657905 0.400198 0.684189 0.800396 0.00224376
56 0.145762 0 0.291525 0 0.00220665
74 0.570835 0.560007 0.0246279 0.041234 0.00215289
0 0.793147 0 0.413706 0 0.00203392
56 0 0.711952 0 0.555694 0.00202864
24 0.730514 0.59554 0.0870474 0.099116 0.00200939
0 0.741573 0.715542 0.47977 0.508806 0.00199825
63 0.473015 0.512984 0.933915 0.974033 0.00194547
65 0.770589 0.882249 0.0387199 0.134238 0.00193077
65 0.570835 0.560007 0.0246279 0.041234 0.00189298
76 0.550908 0.674399 0.088887 0.0923208 0.00189185
16 0.0261617 0.724901 0.0511947 0.30613 0.00181642
61 0.234768 0 0.413083 0 0.00169447
41 0.418923 0.5 0.837842 1 0.00166422
41 0.210315 0 0.412882 0 0.00163189
56 0 0.627456 0 0.728634 0.00159234
2 0.47168 0.506174 0.92844 0.987653 0.00157514
41 0 0.288355 0 0.576709 0.00153288
0 0.754022 0.548787 0.0941452 0.176783 0.00147161
63 0.174892 0 0.349783 0 0.00146997
67 0.570835 0.560007 0.0246279 0.041234 0.00146592
60 0.0261617 0.724901 0.0511947 0.30613 0.0014582
76 0.555692 0.692295 0.095035 0.134404 0.00143233
0 0.505935 0.544126 0.159839 0.32822 0.00141177
71 0.174892 0 0.349783 0 0.00140056
16 0.302415 0 0.47906 0 0.00139034
45 0.340889 0.0020435 0.678587 0.004087 0.00135896
72 0 0.384025 0 0.592573 0.00135002
76 0.0265878 0.790303 0.0464345 0.182896 0.00129008
72 0 0.562036 0 0.724929 0.00126791
0 0.145762 0 0.291525 0 0.00122938
57 0.210315 0 0.412882 0 0.00119907
63 0 0.58479 0 0.680978 0.00119168
16 0.570671 0 0.495972 0 0.00118899
0 0.674405 0.520248 0.624313 0.927837 0.00118223
36 0.0269251 0.738411 0.0516168 0.330209 0.00116938
65 0.174892 0 0.349783 0 0.00115514
4 0.473015 0.512984 0.933915 0.974033 0.00114843
74 0.771585 0.887428 0.0467773 0.14267 0.00114155
0 0.493363 0.509719 0.986725 0.980562 0.00113991
61 0.793147 0 0.413706 0 0.00113463
40 0.0351529 0.787387 0.0696199 0.407148 0.00112441
60 0.53123 0.0024088 0.93754 0.00481761 0.00108948
41 0.0286449 0.774294 0.0550591 0.40284 0.00106582
15 0.447608 0.503392 0.894844 0.993217 0.00106403
16 0.425162 0 0.529245 0 0.00103566
