0 0.5 0.484322 1 0.968643 0.107006
60 0.42865 0.485915 0.8573 0.97183 0.0533051
59 0.5 0.499287 1 0.998573 0.0118426
60 0.656354 0.637694 0.656659 0.702634 0.0111227
2 0.458274 0.485341 0.916548 0.970683 0.00671774
4 0.485989 0.510746 0.971977 0.978507 0.00516301
27 0.369206 0.607007 0.114851 0.345958 0.00298262
60 0.75944 0.483201 0.481119 0.966402 0.00240162
74 0.782673 0.444755 0.11787 0.0985683 0.00219813
60 0.425452 0.932356 0.850904 0.131535 0.00218454
61 0.485989 0.510746 0.971977 0.978507 0.00213742
60 0.778741 0.724479 0.420903 0.529559 0.00183931
0 0.729629 0.615591 0.511474 0.768818 0.00179148
71 0.456401 0.5 0.912802 1 0.00168887
72 0.426611 0.496346 0.853222 0.992692 0.0012556
74 0.76414 0.451337 0.0750331 0.0625473 0.00120839
27 0.373318 0.5624 0.101136 0.242763 0.00111908
56 0.42865 0.485915 0.8573 0.97183 0.0011
69 0.42865 0.485915 0.8573 0.97183 0.00108543
23 0.361491 0.64174 0.13127 0.350641 0.00108367
60 0.859241 0.769297 0.275214 0.444673 0.001059
13 0.426611 0.496346 0.853222 0.992692 0.00103295
63 0.42865 0.485915 0.8573 0.97183 0.00102103
