0 0.658243 0.573409 0.228162 0.368737 0.939158
29 0.75183 0.443989 0.0390227 0.0290667 0.0495168
2 0.570931 0.535044 0.0653188 0.0395955 0.0286127
29 0.748544 0.449318 0.0471213 0.0377225 0.0217743
38 0.75183 0.443989 0.0390227 0.0290667 0.0185993
9 0.54752 0.541704 0.0146547 0.0194956 0.0181491
38 0.748544 0.449318 0.0471213 0.0377225 0.0129556
32 0.752722 0.443129 0.0371411 0.0284665 0.0117539
9 0.469853 0.54151 0.0127409 0.0182281 0.0113741
2 0.54752 0.541704 0.0146547 0.0194956 0.0101566
29 0.740615 0.485918 0.0509068 0.0238574 0.00970298
29 0.742571 0.461692 0.0568447 0.0620822 0.00931036
0 0.469853 0.54151 0.0127409 0.0182281 0.00840351
29 0.757036 0.486986 0.0171419 0.023579 0.00831896
35 0.75183 0.443989 0.0390227 0.0290667 0.00782448
2 0.581515 0.53604 0.0433931 0.0343964 0.00739899
0 0.468284 0.550208 0.0179588 0.0362381 0.00717807
35 0.748544 0.449318 0.0471213 0.0377225 0.00668666
38 0.742198 0.459805 0.0581691 0.0607727 0.00495356
0 0.467938 0.559088 0.0196511 0.0533797 0.00493023
38 0.748879 0.43194 0.0514803 0.0650312 0.00485158
32 0.54752 0.541704 0.0146547 0.0194956 0.00462809
2 0.558947 0.538663 0.0385248 0.0340174 0.00454932
9 0.618398 0.542838 0.0153051 0.0214623 0.00439921
34 0.751268 0.444683 0.043444 0.0304115 0.00437772
2 0.618398 0.542838 0.0153051 0.0214623 0.00429147
2 0.469853 0.54151 0.0127409 0.0182281 0.00426632
2 0.554548 0.54068 0.0304829 0.0280014 0.00391921
2 0.593186 0.541781 0.0662542 0.0306942 0.00351623
0 0.568051 0.56053 0.0186863 0.0661587 0.00331518
35 0.742571 0.461692 0.0568447 0.0620822 0.00328726
2 0.573298 0.543898 0.0687258 0.0531654 0.00326768
35 0.740105 0.476191 0.052096 0.0298573 0.00291264
0 0.548166 0.560433 0.0193823 0.0585838 0.00269964
29 0.740105 0.476191 0.052096 0.0298573 0.00269681
32 0.748689 0.448856 0.0475193 0.0368851 0.00247279
0 0.54752 0.541704 0.0146547 0.0194956 0.00230679
0 0.547643 0.548225 0.0171712 0.0330018 0.00215325
7 0.57201 0.535866 0.0684597 0.0412643 0.00210822
2 0.58205 0.532971 0.0935398 0.0513077 0.00210324
0 0.555328 0.56247 0.0315546 0.0659918 0.00209615
2 0.467508 0.549416 0.0203632 0.0371874 0.002047
32 0.380809 0.38175 0.0137133 0.0267955 0.00190833
0 0.618398 0.542838 0.0153051 0.0214623 0.00185117
38 0.75513 0.438118 0.0391108 0.0366915 0.00182512
38 0.754007 0.461404 0.0580564 0.0691908 0.00173813
2 0.604692 0.543128 0.0448656 0.0270762 0.00165007
34 0.742571 0.461692 0.0568447 0.0620822 0.00160009
32 0.757036 0.486986 0.0171419 0.023579 0.00157186
38 0.740105 0.476191 0.052096 0.0298573 0.00155622
9 0.554548 0.54068 0.0304829 0.0280014 0.00137568
9 0.468284 0.550208 0.0179588 0.0362381 0.00133952
38 0.650611 0.656367 0.0529015 0.0377625 0.0013296
9 0.576838 0.536823 0.039088 0.034102 0.00131354
2 0.547643 0.548225 0.0171712 0.0330018 0.00130054
2 0.619022 0.547152 0.0186829 0.0302249 0.00129089
32 0.469853 0.54151 0.0127409 0.0182281 0.00128523
2 0.569788 0.528012 0.0721073 0.0581146 0.00127807
2 0.573889 0.549897 0.0565537 0.0603516 0.00120431
38 0.76214 0.441947 0.0723157 0.0841338 0.00119004
0 0.462881 0.550882 0.0278128 0.036706 0.00114852
38 0.644872 0.668754 0.0642884 0.0666428 0.00112593
38 0.623418 0.686083 0.111057 0.0990788 0.00110465
29 0.75513 0.438118 0.0391108 0.0366915 0.00109845
2 0.540127 0.544478 0.0340361 0.0263855 0.00106263
34 0.748879 0.43194 0.0514803 0.0650312 0.00103796
9 0.570952 0.534957 0.0659081 0.0422376 0.00102738
0 0.467743 0.566453 0.0260537 0.0704311 0.00102594
