54 0.831809 0.317363 0.192212 0.214823 0.919765
54 0.631808 0.818284 0.261962 0.256033 0.909088
54 0.841669 0.529125 0.191597 0.243301 0.908619
54 0.849227 0.789774 0.209047 0.30433 0.908372
54 0.678862 0.455501 0.147548 0.490402 0.905529
54 0.551406 0.511185 0.142375 0.399052 0.889045
54 0.381182 0.559044 0.233581 0.220139 0.886939
54 0.39021 0.406791 0.218537 0.216621 0.886603
54 0.186371 0.432531 0.18474 0.185382 0.860784
54 0.408031 0.665363 0.226486 0.20895 0.854072
54 0.176276 0.304069 0.197114 0.175053 0.834201
54 0.378134 0.183935 0.196013 0.186908 0.807142
54 0.152888 0.551762 0.190401 0.159852 0.802445
54 0.179607 0.794802 0.252643 0.252951 0.787972
54 0.390852 0.842299 0.25721 0.193642 0.780708
54 0.178346 0.648136 0.236402 0.158364 0.712332
54 0.196937 0.204952 0.169194 0.146422 0.631718
54 0.38601 0.311843 0.233957 0.154259 0.630505
54 0.400426 0.29412 0.208773 0.121321 0.274285
54 0.522803 0.271053 0.0980764 0.124408 0.173781
60 0.510946 0.520855 0.978108 0.958289 0.143915
54 0.685694 0.599993 0.131812 0.197445 0.0747645
55 0.849374 0.789464 0.207998 0.305111 0.0245898
60 0.516419 0.0787353 0.967162 0.0793056 0.022785
48 0.678496 0.456099 0.14803 0.488705 0.0131812
54 0.184014 0.254976 0.151218 0.0796917 0.010797
55 0.552281 0.514659 0.14093 0.393551 0.0105722
60 0.481994 0.0970341 0.953175 0.180661 0.0103491
45 0.510073 0.516346 0.977179 0.954614 0.0097582
48 0.631942 0.818429 0.262877 0.256027 0.00947469
54 0.391925 0.275126 0.188507 0.0836603 0.00863981
55 0.678496 0.456099 0.14803 0.488705 0.00815743
55 0.631942 0.818429 0.262877 0.256027 0.00812322
60 0.504377 0.0807606 0.991246 0.123445 0.00796291
60 0.55021 0.0635986 0.89153 0.105459 0.00758651
60 0.511841 0.343761 0.976318 0.604908 0.00736329
60 0.512166 0.151618 0.975667 0.22879 0.00611621
60 0.0259038 0.310985 0.05077 0.289134 0.00610414
60 0.512096 0.20852 0.975808 0.334853 0.00563854
48 0.552737 0.513747 0.142502 0.3942 0.00561485
48 0.849374 0.789464 0.207998 0.305111 0.0050582
54 0.54786 0.383817 0.126131 0.133322 0.00428617
52 0.678496 0.456099 0.14803 0.488705 0.0041503
54 0.186036 0.364326 0.145496 0.0590497 0.0038856
54 0.10837 0.863731 0.110586 0.107337 0.0033195
54 0.408617 0.530419 0.177919 0.154837 0.00319093
52 0.552737 0.513747 0.142502 0.3942 0.00308332
52 0.390866 0.841673 0.256784 0.191587 0.00284144
54 0.67538 0.33524 0.143281 0.25612 0.00280657
54 0.78978 0.154223 0.0663271 0.100244 0.00260463
60 0.310487 0.497179 0.6165 0.949592 0.00233272
54 0.510073 0.516346 0.977179 0.954614 0.00206774
53 0.678496 0.456099 0.14803 0.488705 0.00202131
55 0.522803 0.271053 0.0980764 0.124408 0.00196493
48 0.178141 0.793164 0.243825 0.254781 0.00186202
55 0.176662 0.796845 0.249019 0.252603 0.00182623
55 0.842066 0.528788 0.191771 0.24399 0.00165471
53 0.552206 0.51457 0.141376 0.394485 0.00156906
54 0.287135 0.26475 0.044974 0.0957416 0.00156453
52 0.178141 0.793164 0.243825 0.254781 0.00152496
18 0.381545 0.558163 0.231843 0.217489 0.00151917
54 0.543378 0.558904 0.124953 0.302853 0.00146839
54 0.195674 0.177139 0.172411 0.0916524 0.00138
41 0.95131 0.055106 0.0962837 0.107691 0.00129807
60 0.189245 0.955127 0.378491 0.0882364 0.00123915
55 0.378844 0.184324 0.19507 0.187449 0.00123495
54 0.173107 0.740077 0.231485 0.144143 0.00122771
55 0.831638 0.317185 0.191897 0.214141 0.00121829
73 0.0239123 0.0292602 0.0465419 0.0583945 0.00120476
55 0.381545 0.558163 0.231843 0.217489 0.00116405
54 0.537866 0.378701 0.100718 0.0883837 0.00115955
55 0.3909 0.841648 0.255329 0.194324 0.00110599
54 0.717062 0.569084 0.503506 0.768142 0.00109532
54 0.550682 0.417344 0.126032 0.201653 0.00103047
48 0.177794 0.650084 0.239535 0.160931 0.00102901
52 0.631942 0.818429 0.262877 0.256027 0.00102651
