15 0.281351 0.435838 0.556084 0.715064 0.920684
35 0.619292 0.351159 0.212705 0.408104 0.493684
32 0.620291 0.351788 0.210772 0.406789 0.22736
26 0.619797 0.351361 0.211573 0.410471 0.0250486
24 0.619797 0.351361 0.211573 0.410471 0.019565
39 0.619838 0.351593 0.212142 0.409083 0.0167136
0 0.619797 0.351361 0.211573 0.410471 0.0101652
78 0.620291 0.351788 0.210772 0.406789 0.00909859
16 0.28126 0.43516 0.55627 0.711602 0.0088976
32 0.644775 0.46398 0.161573 0.18027 0.00614917
47 0.620808 0.351635 0.209888 0.405747 0.00439298
38 0.62448 0.377713 0.203203 0.357576 0.00372496
41 0.623541 0.375571 0.205634 0.363945 0.00321302
9 0.620808 0.351635 0.209888 0.405747 0.00273758
54 0.620808 0.351635 0.209888 0.405747 0.00215203
29 0.62448 0.377713 0.203203 0.357576 0.00211167
77 0.619797 0.351361 0.211573 0.410471 0.00177491
55 0.619797 0.351361 0.211573 0.410471 0.00173816
34 0.62448 0.377713 0.203203 0.357576 0.0016996
27 0.619797 0.351361 0.211573 0.410471 0.0012708
75 0.619838 0.351593 0.212142 0.409083 0.00106296
