53 0.423838 0.456618 0.450642 0.122028 0.767881
72 0.750638 0.42827 0.498583 0.85654 0.691421
53 0.427203 0.524794 0.460915 0.10886 0.574095
53 0.427108 0.495633 0.460161 0.174313 0.46037
69 0.410093 0.49663 0.748337 0.78653 0.256857
69 0.434612 0.578277 0.531735 0.56733 0.0916911
53 0.42082 0.58867 0.347416 0.0682603 0.07951
53 0.414816 0.556744 0.387409 0.131627 0.0266317
72 0.414408 0.488608 0.742777 0.801311 0.0195562
53 0.381631 0.599117 0.244308 0.0429228 0.0188555
68 0.410093 0.49663 0.748337 0.78653 0.0150208
69 0.752407 0.437197 0.492526 0.874393 0.0137471
72 0.828094 0.57325 0.343811 0.672243 0.0134627
0 0.752309 0.437453 0.495382 0.874906 0.00938866
72 0.434612 0.578277 0.531735 0.56733 0.00735268
53 0.5358 0.451765 0.220937 0.107811 0.00626022
45 0.898271 0.741094 0.0760949 0.0331648 0.00620952
53 0.400093 0.537592 0.403892 0.085243 0.00447637
71 0.345689 0.160487 0.498629 0.0664633 0.00376821
69 0.538681 0.470172 0.919918 0.860615 0.00363293
53 0.515256 0.592111 0.140192 0.0552542 0.00331733
69 0.828094 0.57325 0.343811 0.672243 0.00303191
48 0.429902 0.452911 0.449919 0.128309 0.0029704
72 0.538681 0.470172 0.919918 0.860615 0.00283673
53 0.325716 0.442102 0.180132 0.0390391 0.00268176
69 0.451159 0.590984 0.74097 0.588266 0.00262874
69 0.440591 0.700553 0.505226 0.32273 0.00254866
68 0.752407 0.437197 0.492526 0.874393 0.00233814
48 0.425518 0.521415 0.464638 0.11346 0.00229207
60 0.422095 0.50899 0.726267 0.775774 0.00212175
68 0.434612 0.578277 0.531735 0.56733 0.00208291
45 0.381463 0.396169 0.29694 0.0605754 0.00177145
69 0.583776 0.582811 0.832447 0.564631 0.00172412
48 0.427108 0.495633 0.460161 0.174313 0.00166032
72 0.579368 0.571072 0.824627 0.61868 0.0016354
53 0.545049 0.517018 0.23061 0.119308 0.00161523
53 0.389271 0.476472 0.383062 0.077191 0.00149524
53 0.44389 0.229612 0.580314 0.102368 0.00136176
72 0.750488 0.153208 0.492048 0.303369 0.00124392
53 0.347711 0.59846 0.199475 0.0486501 0.00121966
56 0.751707 0.424253 0.496587 0.848506 0.00118807
53 0.346362 0.161183 0.483076 0.0669829 0.00118282
73 0.339213 0.164214 0.48039 0.0704126 0.00112322
69 0.41798 0.468818 0.468146 0.153036 0.00111338
55 0.429902 0.452911 0.449919 0.128309 0.00110093
45 0.425518 0.521415 0.464638 0.11346 0.00107759
69 0.410041 0.239462 0.664366 0.165128 0.00106898
53 0.336923 0.476804 0.274342 0.0716204 0.00106844
73 0.0555232 0.470564 0.110455 0.0936594 0.00104839
60 0.345689 0.160487 0.498629 0.0664633 0.00103003
52 0.425518 0.521415 0.464638 0.11346 0.0010162
69 0.346362 0.161183 0.483076 0.0669829 0.00100303
