2 0.288569 0.718867 0.366545 0.228325 0.845254
74 0.392595 0.187464 0.306898 0.23802 0.807809
11 0.278812 0.413238 0.0797921 0.118334 0.779915
2 0.186841 0.58634 0.15966 0.0639379 0.422072
7 0.237929 0.598691 0.26316 0.0897467 0.240333
7 0.186553 0.586668 0.159792 0.0642343 0.189753
11 0.296796 0.418672 0.0427739 0.100348 0.114863
74 0.420061 0.204256 0.390172 0.289356 0.0973105
2 0.237672 0.596764 0.265864 0.0846408 0.0682518
7 0.289193 0.720048 0.368311 0.228671 0.0495395
13 0.925228 0.648703 0.0550664 0.0422161 0.043106
7 0.332749 0.615255 0.0752979 0.0518476 0.0276403
13 0.926106 0.631361 0.0579572 0.0474253 0.0190435
10 0.652034 0.643471 0.0307226 0.0596246 0.0181288
0 0.856038 0.617022 0.0244563 0.0302271 0.0168622
0 0.239935 0.648195 0.04 0.0326963 0.0138556
1 0.845747 0.621278 0.0484843 0.0381819 0.0135981
13 0.938724 0.627228 0.034034 0.035437 0.0119097
2 0.842784 0.621545 0.0510368 0.0374718 0.0112079
13 0.933634 0.63626 0.0440505 0.055687 0.00967318
0 0.988809 0.593091 0.0175939 0.0246684 0.0082207
11 0.260814 0.41438 0.043701 0.112784 0.00782889
2 0.333096 0.611701 0.0746085 0.0452341 0.00733966
13 0.864217 0.624782 0.045585 0.0308996 0.00649115
7 0.223711 0.589968 0.236211 0.0702012 0.00621516
0 0.985343 0.5915 0.0159653 0.0250504 0.00567231
1 0.856171 0.620244 0.026548 0.0358353 0.00540137
13 0.941274 0.620908 0.0337849 0.0271286 0.00526372
0 0.845344 0.619963 0.0465557 0.0383685 0.00520808
13 0.913364 0.630437 0.0332708 0.0255576 0.0048455
13 0.801791 0.62777 0.0508298 0.0256289 0.00474387
58 0.914456 0.616689 0.0349153 0.0276451 0.00471658
13 0.893006 0.628307 0.0661045 0.0262718 0.00462681
2 0.80239 0.624465 0.0519586 0.0216372 0.00427699
11 0.299491 0.400911 0.0371882 0.11199 0.0042221
58 0.300925 0.838891 0.147464 0.159258 0.00416616
13 0.923712 0.617261 0.0509603 0.032937 0.0041607
2 0.246742 0.646977 0.256684 0.0804119 0.00403887
13 0.901699 0.637843 0.0909168 0.0448543 0.00388497
0 0.852911 0.621102 0.0365837 0.0376079 0.0038034
13 0.845747 0.621278 0.0484843 0.0381819 0.00368616
2 0.28209 0.657675 0.190134 0.0825515 0.0035443
12 0.332765 0.60788 0.0729579 0.0352741 0.00342861
0 0.976943 0.590587 0.0149958 0.0267922 0.00338045
2 0.304926 0.659972 0.176535 0.0701626 0.0032827
0 0.0936575 0.790879 0.00965767 0.0166243 0.00315121
2 0.852911 0.621102 0.0365837 0.0376079 0.00287816
2 0.795033 0.62123 0.0355977 0.0115494 0.00284857
0 0.222065 0.557947 0.0191471 0.0115719 0.00282609
2 0.8333 0.620661 0.0731211 0.0380102 0.00280762
3 0.845747 0.621278 0.0484843 0.0381819 0.00278389
13 0.944629 0.618243 0.0326146 0.0237587 0.00275746
0 0.234381 0.658158 0.0538717 0.0587408 0.00272727
2 0.237191 0.572757 0.0361263 0.0259781 0.00270694
2 0.652068 0.642711 0.0320508 0.0605453 0.00267306
13 0.45288 0.63518 0.0514592 0.0407137 0.00261062
13 0.795033 0.62123 0.0355977 0.0115494 0.00258899
58 0.321649 0.850292 0.0966451 0.142055 0.00255269
9 0.333096 0.611701 0.0746085 0.0452341 0.00253469
1 0.862598 0.620007 0.0403667 0.0346453 0.00237718
13 0.893488 0.625773 0.0828428 0.0337355 0.00234529
0 0.654597 0.640487 0.0314758 0.0642286 0.00227949
11 0.308665 0.407673 0.14064 0.1315 0.00221932
13 0.900318 0.651064 0.098364 0.0496202 0.00221899
0 0.232563 0.572112 0.045378 0.027617 0.00221169
0 0.973402 0.585517 0.0119438 0.0332829 0.00218433
13 0.786157 0.627905 0.0738162 0.0237213 0.00216737
11 0.332765 0.60788 0.0729579 0.0352741 0.00215051
0 0.658466 0.627219 0.0220271 0.040103 0.00214285
13 0.773614 0.627831 0.10173 0.0254127 0.00213104
13 0.890213 0.631896 0.0829124 0.0351435 0.00212806
58 0.845747 0.621278 0.0484843 0.0381819 0.00209537
2 0.311189 0.67191 0.278264 0.108227 0.00207126
58 0.923712 0.617261 0.0509603 0.032937 0.00203538
12 0.320358 0.607134 0.047816 0.0327965 0.00200352
13 0.731056 0.640857 0.126286 0.0547348 0.00199729
2 0.862598 0.620007 0.0403667 0.0346453 0.00191361
2 0.251179 0.629398 0.243343 0.0689118 0.00191218
0 0.987541 0.587309 0.021475 0.035559 0.0018779
1 0.864217 0.624782 0.045585 0.0308996 0.00185782
2 0.856038 0.617022 0.0244563 0.0302271 0.00185013
74 0.560935 0.196831 0.104218 0.234809 0.00183049
13 0.751209 0.629809 0.145589 0.0371992 0.00182667
13 0.705047 0.65285 0.0705228 0.0271963 0.00179547
2 0.864217 0.624782 0.045585 0.0308996 0.00178185
11 0.293733 0.360176 0.0224402 0.0305006 0.0017513
13 0.9436 0.625571 0.0358898 0.0395939 0.00173226
11 0.320358 0.607134 0.047816 0.0327965 0.00172698
13 0.786919 0.622427 0.0661163 0.0157634 0.00167677
2 0.451091 0.719437 0.045654 0.091835 0.00167659
9 0.320358 0.607134 0.047816 0.0327965 0.00167182
58 0.923483 0.612352 0.0242168 0.0258133 0.00166944
11 0.335444 0.387819 0.0853439 0.0964733 0.00165319
5 0.333032 0.61601 0.0748945 0.0531826 0.00164089
13 0.887387 0.689936 0.113609 0.0147161 0.00162479
2 0.320358 0.607134 0.047816 0.0327965 0.00161308
2 0.334538 0.620529 0.0783892 0.0622576 0.00156432
2 0.453389 0.635733 0.0508914 0.0422306 0.00148991
56 0.925228 0.648703 0.0550664 0.0422161 0.00148869
0 0.650891 0.64482 0.0311334 0.0573454 0.00146374
13 0.768031 0.642333 0.110482 0.0522181 0.0014421
13 0.720118 0.650371 0.0967852 0.0340385 0.00143594
74 0.586057 0.194569 0.0567136 0.162185 0.00140634
13 0.785385 0.641068 0.0874629 0.0484199 0.00140011
0 0.225416 0.656304 0.0733388 0.0612833 0.00138879
5 0.238383 0.597859 0.265544 0.087832 0.00131297
13 0.70037 0.639565 0.0749209 0.0536749 0.00129318
13 0.862598 0.620007 0.0403667 0.0346453 0.00127783
13 0.761245 0.619783 0.129143 0.0257811 0.00125623
74 0.55197 0.177184 0.0561813 0.156442 0.00124931
56 0.933634 0.63626 0.0440505 0.055687 0.00124422
74 0.576255 0.185861 0.0761959 0.213988 0.00122607
12 0.293212 0.659627 0.156041 0.0702778 0.00121409
1 0.8333 0.620661 0.0731211 0.0380102 0.00121382
13 0.754928 0.650652 0.0509445 0.0343248 0.00120172
0 0.862598 0.620007 0.0403667 0.0346453 0.00119215
0 0.217627 0.572756 0.0480639 0.0282785 0.00118554
13 0.897341 0.647437 0.117051 0.0697474 0.001183
13 0.698292 0.648788 0.071262 0.0343889 0.00117922
3 0.856171 0.620244 0.026548 0.0358353 0.00117546
56 0.844022 0.62268 0.0478058 0.0355799 0.00113943
58 0.913364 0.630437 0.0332708 0.0255576 0.00112128
0 0.238104 0.666523 0.0469509 0.0568375 0.00111082
10 0.856171 0.620244 0.026548 0.0358353 0.00108841
13 0.891285 0.619716 0.0665 0.0334606 0.0010871
2 0.333211 0.63747 0.0678844 0.0258675 0.00106376
29 0.887797 0.689482 0.115297 0.0151444 0.00104043
58 0.856038 0.617022 0.0244563 0.0302271 0.00103414
7 0.251179 0.629398 0.243343 0.0689118 0.00102502
2 0.400282 0.72137 0.146158 0.0963915 0.0010078
2 0.563864 0.630144 0.204828 0.0872963 0.00100267
