29 0.645171 0.541474 0.557014 0.476678 0.997967
16 0.487065 0.491424 0.97172 0.915924 0.97528
29 0.482066 0.493614 0.960703 0.923865 0.0115185
2 0.641785 0.543326 0.558566 0.475489 0.00490892
12 0.641785 0.543326 0.558566 0.475489 0.00465867
0 0.482066 0.493614 0.960703 0.923865 0.00378659
74 0.641785 0.543326 0.558566 0.475489 0.00357878
32 0.645187 0.542333 0.55747 0.474598 0.00295579
20 0.482066 0.493614 0.960703 0.923865 0.0026426
21 0.482066 0.493614 0.960703 0.923865 0.00239736
12 0.482066 0.493614 0.960703 0.923865 0.00237232
24 0.641785 0.543326 0.558566 0.475489 0.00171757
37 0.644804 0.544055 0.553097 0.478592 0.00157177
10 0.482066 0.493614 0.960703 0.923865 0.00143623
16 0.641785 0.543326 0.558566 0.475489 0.0013456
46 0.482066 0.493614 0.960703 0.923865 0.00111851
16 0.613482 0.846448 0.373129 0.219535 0.00105992
24 0.482066 0.493614 0.960703 0.923865 0.00105029
