25 0.473481 0.419957 0.937117 0.670101 0.957589
0 0.67999 0.620909 0.637922 0.737729 0.933961
67 0.467021 0.571144 0.0276082 0.0324032 0.0281876
26 0.884261 0.857272 0.230094 0.279778 0.0274541
0 0.949251 0.883903 0.101098 0.151569 0.00868198
67 0.468541 0.533355 0.0264701 0.108545 0.00777236
0 0.965539 0.88378 0.0676218 0.135073 0.00755921
26 0.884502 0.766284 0.230995 0.449488 0.0062125
26 0.84631 0.846157 0.15259 0.301556 0.00549996
0 0.0838273 0.959252 0.0140571 0.0126648 0.00506687
67 0.463471 0.589094 0.0343797 0.0203213 0.00428
67 0.465116 0.596866 0.0369703 0.0811709 0.00418398
59 0.474434 0.420453 0.937812 0.674824 0.00364408
0 0.622685 0.505909 0.535297 0.506481 0.00301194
26 0.750077 0.761253 0.490104 0.460327 0.00279453
0 0.081622 0.958006 0.0139375 0.015519 0.00255433
14 0.171652 0.95387 0.0217636 0.0125633 0.00235176
26 0.853491 0.784325 0.173813 0.43135 0.00177941
14 0.081622 0.958006 0.0139375 0.015519 0.00175723
26 0.469056 0.534142 0.0301729 0.104583 0.00172254
0 0.171652 0.95387 0.0217636 0.0125633 0.00166336
26 0.690705 0.84317 0.399869 0.308938 0.00166181
39 0.0838273 0.959252 0.0140571 0.0126648 0.00162444
67 0.47696 0.575641 0.0374296 0.0316576 0.00162217
26 0.949023 0.898918 0.100757 0.183325 0.0015527
0 0.973752 0.884355 0.0524954 0.12247 0.00154293
41 0.424919 0.542705 0.0802658 0.074156 0.00143653
26 0.769212 0.842826 0.148057 0.309072 0.00132102
26 0.762208 0.602042 0.201322 0.216423 0.00125077
8 0.171652 0.95387 0.0217636 0.0125633 0.00125071
39 0.468541 0.533355 0.0264701 0.108545 0.00122705
37 0.474434 0.420453 0.937812 0.674824 0.00117579
24 0.884502 0.766284 0.230995 0.449488 0.00116751
26 0.728654 0.650979 0.118225 0.315858 0.00116065
2 0.474434 0.420453 0.937812 0.674824 0.00114527
26 0.750614 0.639689 0.156573 0.286374 0.00114375
24 0.885593 0.852474 0.224933 0.288661 0.00111499
26 0.888793 0.897593 0.220349 0.197212 0.00110558
26 0.725951 0.605481 0.131291 0.22733 0.00102684
0 0.880996 0.739226 0.23318 0.502687 0.00102296
2 0.171652 0.95387 0.0217636 0.0125633 0.00102222
73 0.468527 0.683652 0.0248812 0.0841489 0.00101516
