45 0.501824 0.499303 0.991908 0.957539 0.871286
51 0.627363 0.83542 0.138343 0.209747 0.866654
51 0.786638 0.534662 0.115887 0.170037 0.70976
51 0.421746 0.19343 0.112557 0.142551 0.643757
51 0.847861 0.66737 0.102114 0.174615 0.628501
51 0.760693 0.693231 0.12464 0.176147 0.567369
51 0.260139 0.534751 0.101124 0.171814 0.53411
44 0.263622 0.0786542 0.516212 0.15519 0.474434
51 0.671522 0.570291 0.0979284 0.142523 0.431449
44 0.491325 0.0837996 0.98265 0.161998 0.369577
44 0.836727 0.0930728 0.322056 0.17473 0.360844
51 0.374608 0.496711 0.132718 0.179796 0.343946
51 0.63333 0.156189 0.0975166 0.113989 0.29762
51 0.374875 0.449782 0.137707 0.271203 0.293851
44 0.87911 0.0868101 0.24178 0.169557 0.209243
50 0.666061 0.4764 0.0468745 0.0509676 0.133753
50 0.51521 0.30537 0.150073 0.195955 0.0900986
44 0.0779888 0.310603 0.153385 0.294991 0.0863277
42 0.491325 0.0837996 0.98265 0.161998 0.077315
44 0.142786 0.039443 0.278507 0.0698658 0.0751472
60 0.123155 0.825373 0.238675 0.321975 0.0721453
51 0.63699 0.3168 0.0524608 0.108564 0.068425
50 0.708722 0.392439 0.0558897 0.117012 0.0617498
50 0.502999 0.536267 0.138695 0.183429 0.0611744
51 0.391568 0.370091 0.0622414 0.10726 0.056136
50 0.476434 0.157874 0.0388822 0.0624168 0.0560682
42 0.837485 0.0912821 0.318274 0.174244 0.0525886
50 0.543113 0.31159 0.158303 0.187936 0.0445296
51 0.898289 0.440474 0.0256823 0.0783267 0.0434668
50 0.591909 0.338393 0.0589325 0.127042 0.0434131
50 0.634218 0.156395 0.0931821 0.112629 0.0414301
60 0.503456 0.498097 0.990983 0.95827 0.0406478
50 0.566203 0.308299 0.106507 0.185383 0.0406459
60 0.477505 0.8245 0.949108 0.327376 0.0403583
50 0.565364 0.621471 0.246058 0.32224 0.0402933
50 0.484167 0.243714 0.0554939 0.0858361 0.0380005
44 0.621524 0.0911726 0.755256 0.177938 0.0374838
50 0.531779 0.524776 0.0884434 0.12507 0.0355447
44 0.150658 0.0819588 0.293529 0.155198 0.0344639
50 0.480873 0.172535 0.0502116 0.0900598 0.0340173
42 0.263622 0.0786542 0.516212 0.15519 0.0323395
50 0.71371 0.485935 0.052997 0.0948455 0.0311503
50 0.447954 0.37209 0.060989 0.148367 0.029713
50 0.544707 0.703609 0.102006 0.149984 0.028934
50 0.586257 0.476013 0.109911 0.161068 0.0283605
44 0.0850492 0.234168 0.163811 0.43379 0.028229
50 0.535676 0.316918 0.0799112 0.177934 0.0269577
44 0.0709606 0.178526 0.139401 0.143375 0.0265589
42 0.0765617 0.309748 0.150997 0.297774 0.026374
50 0.59449 0.315659 0.0503995 0.080829 0.0260918
50 0.871896 0.486485 0.0682549 0.0876428 0.0254478
60 0.508584 0.297862 0.980123 0.590775 0.0252537
51 0.878456 0.468172 0.0611359 0.125352 0.024217
50 0.548061 0.316398 0.0576361 0.174055 0.0241508
50 0.520088 0.263619 0.134602 0.275309 0.0235588
44 0.217085 0.230036 0.433724 0.447827 0.0233041
51 0.571073 0.415512 0.0814369 0.0422108 0.0230874
60 0.507739 0.0982608 0.972643 0.186997 0.0222991
44 0.223656 0.0362678 0.117913 0.0718164 0.0212452
50 0.505238 0.267935 0.0984577 0.14007 0.0211835
51 0.899939 0.466094 0.0361279 0.133604 0.0210371
60 0.177269 0.827686 0.346601 0.322134 0.0209124
50 0.590724 0.670272 0.208091 0.221825 0.0194722
50 0.595652 0.306469 0.0482824 0.0588029 0.018984
50 0.777728 0.372959 0.066019 0.113395 0.0172245
51 0.587076 0.47683 0.109873 0.159609 0.0170002
50 0.483318 0.266447 0.107818 0.139243 0.0169574
50 0.638795 0.316763 0.0558249 0.104382 0.0160676
44 0.0537451 0.170831 0.105427 0.164614 0.0158866
50 0.516533 0.615948 0.182323 0.332534 0.0155244
45 0.507616 0.0935704 0.980433 0.178792 0.0154342
51 0.601706 0.494631 0.078743 0.122866 0.0144701
50 0.572587 0.693184 0.169996 0.167995 0.0143777
45 0.509592 0.176123 0.971495 0.338787 0.0141828
42 0.887643 0.0871685 0.223867 0.16718 0.01397
50 0.625787 0.41966 0.0303576 0.0499336 0.0139497
50 0.596351 0.299193 0.0506861 0.0816176 0.0137816
50 0.632473 0.694405 0.107582 0.159788 0.0137163
44 0.0954388 0.17295 0.189448 0.155858 0.0130666
44 0.256555 0.13694 0.503297 0.27388 0.0128524
60 0.317022 0.240025 0.630243 0.480051 0.0128252
50 0.557377 0.576923 0.231935 0.240376 0.0122812
50 0.529462 0.543395 0.104904 0.168716 0.0121652
50 0.605279 0.33863 0.0828923 0.128694 0.0121192
50 0.658705 0.454297 0.0615492 0.101114 0.0118949
50 0.483829 0.205319 0.0570303 0.159578 0.0117351
50 0.502643 0.494961 0.142397 0.252524 0.0114774
50 0.59838 0.322003 0.167485 0.184213 0.011304
51 0.678913 0.331029 0.0512584 0.0471463 0.0112339
51 0.195134 0.558814 0.0377069 0.105529 0.0109075
50 0.543121 0.521112 0.0617004 0.112786 0.0108609
44 0.0848645 0.135343 0.166026 0.230983 0.0106671
45 0.508584 0.297862 0.980123 0.590775 0.0105088
44 0.121853 0.138126 0.24056 0.22886 0.0103069
51 0.41444 0.75921 0.097905 0.129535 0.0102127
50 0.458124 0.391665 0.0294867 0.100585 0.0101414
51 0.665956 0.477132 0.0469276 0.0464211 0.0101182
51 0.838593 0.43697 0.109125 0.0657072 0.00996417
51 0.286321 0.38965 0.0500033 0.0797498 0.009666
50 0.529688 0.696081 0.126817 0.162523 0.00955105
50 0.366549 0.365808 0.0405854 0.0678262 0.00925031
51 0.398798 0.37109 0.0832283 0.116523 0.00918722
43 0.491325 0.0837996 0.98265 0.161998 0.00914136
50 0.601601 0.492256 0.0792974 0.12219 0.00907224
51 0.844114 0.466311 0.126449 0.129223 0.00889853
50 0.480402 0.253434 0.0635679 0.111083 0.00878736
50 0.526476 0.299295 0.0989283 0.154675 0.00871149
50 0.408362 0.879945 0.0612592 0.0797184 0.00869501
50 0.459333 0.409173 0.0265834 0.0633856 0.00862503
50 0.645874 0.379884 0.0758209 0.0639223 0.00840005
50 0.644606 0.671243 0.100515 0.103559 0.00838584
50 0.690735 0.482302 0.0999837 0.0850796 0.00838375
50 0.372172 0.346179 0.055369 0.111744 0.00770029
50 0.70849 0.371994 0.0567001 0.0742092 0.00748369
44 0.082388 0.560993 0.15827 0.796088 0.0074479
50 0.510413 0.335959 0.109569 0.13518 0.00733301
42 0.0850492 0.234168 0.163811 0.43379 0.00723699
50 0.491702 0.286296 0.118324 0.167593 0.00716916
50 0.613707 0.474535 0.166934 0.16158 0.00715065
50 0.369907 0.35611 0.0487129 0.0835467 0.00700852
60 0.123625 0.532167 0.240932 0.912335 0.00693983
51 0.399384 0.414066 0.0917813 0.199532 0.00690687
44 0.483814 0.128834 0.967627 0.214976 0.0069052
50 0.390863 0.442973 0.174186 0.285525 0.00682139
50 0.847447 0.668909 0.103138 0.175633 0.00672221
44 0.138031 0.226415 0.271157 0.438668 0.00671846
44 0.0613453 0.128501 0.120321 0.244749 0.00662082
50 0.415855 0.361933 0.118597 0.151954 0.00658521
50 0.499488 0.341775 0.157209 0.267254 0.00654963
50 0.550198 0.521587 0.0438531 0.109381 0.00654039
50 0.580878 0.659564 0.427317 0.43707 0.00641581
42 0.0709606 0.178526 0.139401 0.143375 0.00638568
43 0.837485 0.0912821 0.318274 0.174244 0.00635543
44 0.496402 0.0289481 0.547805 0.0535602 0.00634837
44 0.389201 0.0472284 0.263719 0.0873011 0.00628561
50 0.465175 0.456549 0.23287 0.331192 0.00621608
50 0.606428 0.339379 0.134508 0.150229 0.00611901
50 0.531293 0.490207 0.19005 0.224674 0.00610238
51 0.356637 0.32864 0.0780828 0.148084 0.00609806
50 0.579448 0.338639 0.0709539 0.128032 0.00596166
44 0.741794 0.100413 0.516413 0.195345 0.00596035
51 0.373069 0.331088 0.0559619 0.0862594 0.00595012
50 0.397095 0.378263 0.156598 0.167241 0.00592297
50 0.596014 0.614761 0.205382 0.294583 0.00587875
45 0.317022 0.240025 0.630243 0.480051 0.00584504
51 0.501795 0.423338 0.0696957 0.10817 0.00579327
50 0.422854 0.193957 0.11197 0.142392 0.00578129
43 0.267752 0.0820037 0.535038 0.164007 0.0056206
50 0.626981 0.705919 0.0809786 0.13249 0.00562027
50 0.686853 0.427398 0.114022 0.185912 0.00555524
60 0.834532 0.487 0.326454 0.969529 0.00554526
44 0.0975464 0.273277 0.192804 0.319373 0.00547552
50 0.461744 0.398715 0.0323099 0.0830363 0.00546324
42 0.217085 0.230036 0.433724 0.447827 0.00545877
50 0.61202 0.673462 0.169971 0.186315 0.0054169
50 0.465936 0.384473 0.0529917 0.120692 0.00535843
51 0.368623 0.322867 0.0607138 0.121723 0.00531167
60 0.256904 0.385879 0.508477 0.771758 0.00521097
51 0.877173 0.485887 0.0594032 0.0892275 0.00517872
44 0.221463 0.102476 0.442926 0.156568 0.0051389
51 0.403099 0.446481 0.198627 0.283538 0.00512215
50 0.461845 0.50821 0.0658792 0.135653 0.00510722
42 0.142786 0.039443 0.278507 0.0698658 0.00509453
50 0.539861 0.665647 0.117569 0.222265 0.00506401
50 0.591993 0.360883 0.0551882 0.076013 0.00505972
50 0.698433 0.39856 0.0721242 0.128379 0.00505581
50 0.540726 0.157826 0.0941649 0.112349 0.0050413
50 0.559496 0.155083 0.0644932 0.105717 0.00502554
45 0.263303 0.0810218 0.519856 0.162044 0.00497726
60 0.348049 0.624076 0.688671 0.721912 0.00496513
50 0.638118 0.65936 0.0853388 0.097136 0.00493145
51 0.47721 0.715617 0.0380973 0.0809305 0.00468677
44 0.169068 0.137801 0.335562 0.241455 0.0046747
50 0.501087 0.570585 0.15054 0.254734 0.00455165
50 0.51439 0.338131 0.0763765 0.134389 0.0045256
50 0.66149 0.375812 0.0435014 0.0588728 0.00450155
50 0.607394 0.423957 0.152451 0.258249 0.00448927
42 0.621524 0.0911726 0.755256 0.177938 0.00443342
50 0.563432 0.249446 0.233261 0.309934 0.00442165
50 0.702771 0.416234 0.047134 0.0811621 0.00441742
51 0.888543 0.468379 0.0705044 0.137719 0.00440708
44 0.441643 0.0374592 0.406005 0.0685487 0.00440407
51 0.579386 0.149935 0.0311869 0.0824708 0.00438556
50 0.674199 0.483877 0.0677551 0.0667073 0.00433731
50 0.384547 0.710276 0.079898 0.106975 0.00425005
51 0.217481 0.58386 0.0198359 0.0848411 0.00424305
50 0.471295 0.53169 0.0870346 0.186302 0.00419223
50 0.59162 0.756467 0.21078 0.328574 0.00416145
50 0.65786 0.419945 0.160593 0.17264 0.00415704
51 0.410798 0.35215 0.129318 0.151269 0.00413764
50 0.541429 0.335965 0.0622246 0.137323 0.00411248
44 0.518417 0.4062 0.956472 0.808168 0.00410414
50 0.621294 0.363351 0.112245 0.0787875 0.00403616
50 0.585419 0.421131 0.10842 0.0511277 0.00392798
50 0.567432 0.703483 0.0775438 0.143669 0.003912
50 0.530601 0.364697 0.0418963 0.0758719 0.00385433
44 0.317022 0.240025 0.630243 0.480051 0.00383699
60 0.509592 0.176123 0.971495 0.338787 0.00372535
50 0.547791 0.718978 0.0886557 0.116233 0.0037173
51 0.29116 0.338955 0.0635691 0.0660736 0.00371003
50 0.498928 0.458718 0.170016 0.302365 0.00364476
44 0.0551198 0.199513 0.109714 0.114599 0.00363943
50 0.842702 0.465769 0.128171 0.128602 0.00362644
50 0.47155 0.39048 0.0471338 0.104566 0.00360948
50 0.381979 0.362375 0.0591438 0.121158 0.00351664
50 0.457378 0.496534 0.0553356 0.108347 0.00350779
51 0.719146 0.81468 0.119027 0.157472 0.00345296
44 0.871006 0.0235826 0.0614357 0.0439372 0.00341007
52 0.671522 0.570291 0.0979284 0.142523 0.00329161
50 0.517049 0.280496 0.112987 0.138014 0.00324559
50 0.777388 0.596623 0.0335022 0.0554798 0.00320965
44 0.836026 0.468952 0.327947 0.931852 0.00313196
69 0.123155 0.825373 0.238675 0.321975 0.00305754
44 0.023775 0.224475 0.0449712 0.0484284 0.00302601
50 0.645774 0.68343 0.102687 0.15858 0.00291717
60 0.923872 0.873584 0.150442 0.230686 0.00290921
50 0.649782 0.429428 0.0811409 0.0733842 0.00290307
50 0.492964 0.510379 0.12802 0.143454 0.00290254
50 0.493648 0.326216 0.115866 0.138662 0.00288507
50 0.472304 0.2773 0.0928999 0.122283 0.00287399
50 0.554814 0.255311 0.0558609 0.0984934 0.00287127
50 0.286284 0.389121 0.0478993 0.0824904 0.00286821
44 0.670878 0.569325 0.0975344 0.145922 0.00286812
50 0.716453 0.80262 0.12006 0.136839 0.00286213
50 0.660861 0.292653 0.107957 0.158754 0.00285488
49 0.422556 0.19287 0.112394 0.142552 0.00282469
50 0.515411 0.463986 0.1446 0.238261 0.00282121
51 0.615816 0.153444 0.130928 0.120649 0.00280175
50 0.554684 0.28486 0.0601508 0.147713 0.0027867
42 0.0537451 0.170831 0.105427 0.164614 0.00276813
51 0.640692 0.234864 0.141964 0.27732 0.00273556
50 0.875012 0.466611 0.0613888 0.127251 0.00271288
42 0.941822 0.0550434 0.116355 0.110087 0.00271088
50 0.555428 0.241163 0.0543856 0.0694982 0.00270244
50 0.655717 0.309211 0.0910271 0.121142 0.00267011
51 0.383035 0.310913 0.0944652 0.110468 0.00266686
50 0.643724 0.445321 0.132763 0.115086 0.00262555
50 0.625212 0.62479 0.0969123 0.150173 0.00261855
45 0.483814 0.128834 0.967627 0.214976 0.00259408
50 0.499316 0.311282 0.0973593 0.0849652 0.00253826
50 0.55028 0.295311 0.0475428 0.141002 0.00248367
43 0.0574443 0.176386 0.113113 0.158118 0.00246501
45 0.837355 0.091243 0.324213 0.179914 0.00246251
50 0.505516 0.58312 0.105219 0.0976981 0.00245437
51 0.655717 0.309211 0.0910271 0.121142 0.00243804
50 0.447472 0.366547 0.0491106 0.121122 0.00243512
50 0.659297 0.678347 0.08029 0.0843042 0.00243419
44 0.0331147 0.225852 0.0636194 0.0515798 0.00242439
50 0.479055 0.39874 0.0632122 0.117779 0.00240517
42 0.082388 0.560993 0.15827 0.796088 0.00238964
49 0.633443 0.155064 0.0955915 0.111594 0.00235868
50 0.540948 0.385716 0.210212 0.343236 0.00232884
50 0.624436 0.338623 0.109331 0.138499 0.00232491
44 0.424333 0.0244429 0.170244 0.0429826 0.00229645
51 0.348665 0.319758 0.0580296 0.128254 0.00228319
42 0.870614 0.0236646 0.0625925 0.043766 0.00226972
60 0.38655 0.375446 0.767379 0.74695 0.00226778
50 0.689163 0.386991 0.0921558 0.10593 0.00224209
44 0.183577 0.0365679 0.175964 0.07275 0.00223505
50 0.461835 0.370971 0.0620544 0.143321 0.00222728
51 0.892342 0.451715 0.0373047 0.103469 0.00221384
50 0.502849 0.222552 0.0918465 0.202638 0.00220764
50 0.481698 0.38284 0.117796 0.191926 0.00219864
45 0.076691 0.310526 0.151049 0.299755 0.00219476
50 0.669769 0.208095 0.039247 0.0363839 0.00218654
50 0.567009 0.724166 0.0728275 0.10522 0.00218365
50 0.383231 0.682977 0.0833111 0.148529 0.00218347
50 0.596263 0.388752 0.133897 0.118654 0.00214967
51 0.373523 0.340153 0.074227 0.156254 0.00213155
50 0.625923 0.740102 0.0598666 0.0486218 0.0021272
50 0.449683 0.279303 0.0468777 0.0717745 0.00212431
44 0.175533 0.20038 0.351065 0.337572 0.00211382
50 0.499819 0.512347 0.983193 0.975092 0.00210989
44 0.363565 0.0607814 0.30692 0.112867 0.00210485
50 0.58397 0.274091 0.0769925 0.135926 0.00210419
50 0.570921 0.418307 0.0810386 0.0444807 0.00207758
50 0.516376 0.244144 0.112139 0.099683 0.00206688
51 0.390708 0.355528 0.0833383 0.131871 0.00205457
50 0.502134 0.548157 0.10973 0.172278 0.00205401
42 0.157662 0.128192 0.305593 0.238155 0.00205323
42 0.138031 0.226415 0.271157 0.438668 0.00205174
51 0.322388 0.372466 0.0602325 0.139783 0.00203675
50 0.636114 0.393812 0.202192 0.259197 0.00201869
51 0.653733 0.291211 0.123786 0.159666 0.00200924
51 0.311851 0.538058 0.210018 0.192968 0.00200614
43 0.0777534 0.29282 0.148938 0.311955 0.00200126
50 0.571355 0.529513 0.0819915 0.113784 0.00199845
50 0.539694 0.283446 0.0725666 0.120911 0.00197995
50 0.488055 0.378819 0.0614057 0.113313 0.00196695
50 0.440268 0.377944 0.0612545 0.129727 0.00196111
50 0.371822 0.370236 0.0501124 0.0934321 0.00195253
51 0.477276 0.157541 0.0374221 0.0598215 0.00193414
44 0.678303 0.0759102 0.524814 0.146464 0.0019263
51 0.600699 0.140456 0.0572807 0.123735 0.00192139
51 0.810698 0.626906 0.226011 0.313304 0.00190815
50 0.639147 0.360643 0.0913064 0.101005 0.00189966
47 0.847447 0.668909 0.103138 0.175633 0.00185952
51 0.640164 0.149388 0.0768618 0.0983475 0.00185305
45 0.256904 0.385879 0.508477 0.771758 0.00182596
45 0.217085 0.230036 0.433724 0.447827 0.00182357
