0 0.813979 0.739311 0.209981 0.514698 0.939971
0 0.232501 0.426495 0.0670136 0.312404 0.868307
38 0.248427 0.269456 0.0653245 0.0345498 0.33054
2 0.902606 0.440088 0.0544632 0.0268166 0.258456
38 0.349373 0.246271 0.102691 0.105297 0.23624
33 0.349099 0.245793 0.102456 0.105234 0.109181
2 0.688707 0.436869 0.0283305 0.0296829 0.0891968
38 0.76204 0.52996 0.0264376 0.0193591 0.078387
38 0.239873 0.273704 0.0734563 0.0522409 0.0503591
38 0.246888 0.281935 0.0722124 0.059056 0.0465872
2 0.902493 0.435553 0.0533142 0.0256451 0.0460211
2 0.904342 0.448212 0.0597538 0.0442813 0.0413427
38 0.762688 0.534567 0.028056 0.0280841 0.0364464
2 0.918227 0.451506 0.0876926 0.0478082 0.0343848
2 0.8316 0.439727 0.0218037 0.0231233 0.0330685
2 0.677207 0.435202 0.0520713 0.0331874 0.0242082
2 0.834367 0.441032 0.0186689 0.0232942 0.0239574
38 0.263771 0.267771 0.0784269 0.031298 0.0232041
2 0.543607 0.447659 0.0628798 0.039117 0.0213685
38 0.233347 0.284598 0.0634753 0.0730909 0.0199776
2 0.982759 0.468551 0.0331873 0.0339931 0.014448
38 0.239199 0.256701 0.0738441 0.0817735 0.0124088
2 0.946836 0.454938 0.0425941 0.0464197 0.0116377
38 0.227718 0.241037 0.0457263 0.116078 0.0111539
2 0.93458 0.456255 0.118888 0.0543346 0.0110542
2 0.538518 0.440708 0.0512245 0.0207691 0.0106984
2 0.673471 0.439578 0.0582761 0.0452335 0.0101927
38 0.268079 0.266168 0.0959098 0.048569 0.00999334
2 0.540736 0.43417 0.0548542 0.0348918 0.00992551
32 0.348934 0.247111 0.101238 0.103927 0.0096567
2 0.962067 0.458212 0.0707844 0.0496134 0.0095816
36 0.348934 0.247111 0.101238 0.103927 0.00953454
2 0.671686 0.430379 0.061816 0.0373763 0.00950411
38 0.256307 0.488065 0.0155505 0.0819876 0.00924939
2 0.965265 0.464449 0.06682 0.0410023 0.00866714
35 0.348934 0.247111 0.101238 0.103927 0.00853866
2 0.857314 0.432817 0.0643053 0.031774 0.00826958
2 0.825435 0.43969 0.0179157 0.0233309 0.00797081
38 0.383472 0.227698 0.0344475 0.0629328 0.00766611
2 0.87816 0.439578 0.0984974 0.026238 0.00682256
38 0.37775 0.247277 0.0461726 0.102165 0.0066981
38 0.384929 0.212564 0.0295506 0.0304442 0.00645575
2 0.851217 0.438202 0.0485107 0.024751 0.00602257
2 0.733268 0.444073 0.0228386 0.0529144 0.00597444
2 0.695808 0.436523 0.0432867 0.0323181 0.00590262
29 0.348934 0.247111 0.101238 0.103927 0.00575089
2 0.546273 0.454153 0.0639009 0.0333499 0.00544918
29 0.250925 0.268472 0.0569837 0.0314097 0.00528488
38 0.387757 0.223366 0.0256482 0.052193 0.00521666
32 0.38656 0.21285 0.0281059 0.0303479 0.00481257
38 0.214341 0.236633 0.0300503 0.104087 0.00474989
2 0.662544 0.421566 0.0422276 0.0214017 0.00474927
32 0.339713 0.27624 0.0292894 0.0368302 0.00474885
38 0.762641 0.527068 0.0266842 0.029921 0.0047408
2 0.671529 0.449969 0.046182 0.0375673 0.00467312
38 0.256961 0.522285 0.0133195 0.0199717 0.00463787
2 0.735741 0.446158 0.0312622 0.0613853 0.00460237
38 0.209638 0.231929 0.0324699 0.101516 0.00444731
2 0.697423 0.441699 0.0403277 0.0363881 0.00436196
2 0.544337 0.437599 0.0608814 0.0501345 0.00430954
38 0.252592 0.473136 0.0199287 0.109047 0.00427711
38 0.238736 0.298139 0.038948 0.0468216 0.00403407
38 0.768011 0.521538 0.0375982 0.0406456 0.00392237
38 0.717026 0.91137 0.0149174 0.159889 0.00384474
2 0.838641 0.435073 0.0318645 0.0280795 0.00382647
2 0.663067 0.452229 0.0271317 0.0295921 0.00371215
38 0.230934 0.296666 0.0584538 0.0566753 0.00346655
38 0.307083 0.251293 0.188651 0.103533 0.0032962
2 0.667389 0.44599 0.0436714 0.0369836 0.00328907
7 0.671774 0.431313 0.0625618 0.0399204 0.00327635
7 0.903494 0.440682 0.0554226 0.0282166 0.00323027
14 0.348934 0.247111 0.101238 0.103927 0.00322291
38 0.237808 0.484141 0.046323 0.150579 0.00321347
7 0.689043 0.435903 0.0288216 0.0298267 0.00306591
2 0.978044 0.461155 0.0409451 0.0444806 0.00299478
32 0.387757 0.223366 0.0256482 0.052193 0.00283164
2 0.731053 0.45276 0.0259768 0.0583922 0.00265783
38 0.245436 0.476685 0.0328254 0.119074 0.00256947
38 0.757432 0.531162 0.0340136 0.0236603 0.00249565
2 0.827646 0.435333 0.0263546 0.0288354 0.00234297
38 0.383479 0.242234 0.0350555 0.095306 0.00231385
7 0.677207 0.435202 0.0520713 0.0331874 0.00224301
38 0.389167 0.195752 0.0426586 0.0338238 0.00219688
2 0.913659 0.43949 0.0785011 0.037756 0.00219473
38 0.249205 0.252659 0.0620967 0.0689576 0.00212824
2 0.87748 0.45124 0.105591 0.0461454 0.00206131
2 0.669356 0.420886 0.0570868 0.0295853 0.0020504
56 0.348908 0.247295 0.102693 0.104475 0.00204304
2 0.690712 0.444663 0.0360168 0.0441757 0.00197893
32 0.552428 0.659287 0.0171988 0.0142949 0.00188887
34 0.24469 0.269254 0.0644621 0.0376055 0.00185156
7 0.672512 0.440853 0.0589607 0.0430525 0.00182647
38 0.249087 0.460866 0.0219185 0.0863463 0.001811
2 0.865383 0.420305 0.0827297 0.0556741 0.00170007
38 0.598019 0.526415 0.0409445 0.0193584 0.00167134
74 0.38656 0.21285 0.0281059 0.0303479 0.00157663
2 0.727051 0.447011 0.0379639 0.0631081 0.00156572
5 0.671774 0.431313 0.0625618 0.0399204 0.0015417
29 0.38656 0.21285 0.0281059 0.0303479 0.00152698
38 0.385278 0.200272 0.0311671 0.0319002 0.00151178
7 0.543984 0.447312 0.0645491 0.0393232 0.00149977
25 0.349152 0.246331 0.10282 0.105268 0.00149712
38 0.395342 0.182483 0.0547067 0.0467889 0.00144103
0 0.328081 0.429091 0.30595 0.338436 0.00137973
0 0.253989 0.407151 0.0305057 0.283036 0.00136927
38 0.753808 0.535518 0.042215 0.0309158 0.00134319
34 0.238643 0.271546 0.064862 0.0510152 0.00133097
2 0.765447 0.444029 0.0961372 0.0755896 0.00132281
0 0.708748 0.45432 0.0203806 0.0506256 0.00131518
38 0.216403 0.302569 0.0304227 0.0591136 0.00129956
34 0.214341 0.236633 0.0300503 0.104087 0.00129503
25 0.985864 0.327051 0.0264862 0.0301594 0.00129402
38 0.254444 0.299782 0.015942 0.039822 0.00128487
2 0.851493 0.425222 0.055349 0.0481664 0.00128278
2 0.790989 0.447055 0.0902063 0.0477047 0.00128111
0 0.348934 0.247111 0.101238 0.103927 0.00127563
7 0.923542 0.453149 0.0959965 0.0516244 0.00126445
2 0.783259 0.432541 0.0793428 0.100825 0.00125152
29 0.387757 0.223366 0.0256482 0.052193 0.00122806
2 0.939687 0.448533 0.0370537 0.0594188 0.00122446
38 0.363041 0.248471 0.0738564 0.100428 0.00121927
7 0.902294 0.435668 0.0538609 0.0263241 0.00116688
34 0.348934 0.247111 0.101238 0.103927 0.00115535
0 0.733028 0.44533 0.0237175 0.0577225 0.00111526
34 0.208027 0.230803 0.035285 0.0890271 0.00110182
2 0.985864 0.327051 0.0264862 0.0301594 0.00108129
38 0.330154 0.251412 0.0578978 0.0905464 0.00107959
38 0.229762 0.238878 0.0781219 0.103677 0.00107771
32 0.420628 0.744664 0.0146473 0.0182329 0.0010269
7 0.544337 0.437599 0.0608814 0.0501345 0.00100541
38 0.231227 0.483088 0.0541251 0.200323 0.00100061
