6 0.448867 0.573876 0.757595 0.272414 0.698363
2 0.937297 0.560404 0.0398739 0.0328828 0.645625
2 0.982412 0.572652 0.0351769 0.028363 0.62554
2 0.831193 0.53406 0.0382576 0.0257457 0.570412
6 0.565438 0.580311 0.514961 0.260834 0.36027
6 0.538318 0.463745 0.0348955 0.0205669 0.186433
2 0.798293 0.534193 0.0334194 0.0310511 0.181561
2 0.802467 0.538596 0.0253685 0.0256489 0.174883
2 0.568679 0.470066 0.0240842 0.0135618 0.166032
2 0.0106776 0.574055 0.0177378 0.0275052 0.128698
2 0.539619 0.466436 0.0339054 0.0227183 0.122561
2 0.582285 0.472783 0.0303202 0.0178469 0.1074
6 0.187139 0.476396 0.216399 0.0762283 0.102113
2 0.592011 0.473017 0.0262368 0.0195357 0.0991352
7 0.538938 0.466261 0.0343557 0.0234374 0.0822783
2 0.441542 0.47234 0.0245271 0.016152 0.0748353
2 0.650861 0.479568 0.0464839 0.0184221 0.0713488
2 0.601247 0.489747 0.0194265 0.0280269 0.0675682
2 0.456448 0.474709 0.0313086 0.0177313 0.0613551
2 0.951705 0.513242 0.0224569 0.01752 0.0598253
2 0.697484 0.522434 0.0371254 0.0241234 0.059667
2 0.753641 0.525321 0.0542248 0.0307144 0.0591538
2 0.612692 0.485525 0.0305626 0.0243914 0.0524507
2 0.743665 0.524005 0.0510351 0.0260811 0.0518331
6 0.129485 0.46475 0.103906 0.0481904 0.0488681
2 0.594656 0.485724 0.0286142 0.0255411 0.0478769
2 0.0107361 0.570598 0.0190837 0.0369953 0.0464944
6 0.147068 0.465916 0.117959 0.0530181 0.0456003
2 0.590594 0.477854 0.0257522 0.0183862 0.0455849
2 0.10116 0.982952 0.0565222 0.0296462 0.0454957
2 0.825878 0.531269 0.0347076 0.0312516 0.0402157
2 0.468875 0.475627 0.0140041 0.0181446 0.0350747
2 0.429514 0.470324 0.0381998 0.0149357 0.0340661
2 0.6173 0.480189 0.0276882 0.0274861 0.0338982
9 0.626863 0.969059 0.0916246 0.0612177 0.0305623
7 0.83066 0.533864 0.0396317 0.0263542 0.0256477
9 0.617117 0.972127 0.0706606 0.0541757 0.0246935
7 0.798293 0.534193 0.0334194 0.0310511 0.0245053
2 0.606514 0.482331 0.037299 0.031922 0.0240934
7 0.937312 0.559664 0.040023 0.0332627 0.0225507
2 0.706446 0.522184 0.0333338 0.026355 0.0219817
6 0.23725 0.478171 0.105313 0.067733 0.0201519
6 0.276206 0.481849 0.106739 0.0731817 0.0193581
2 0.937943 0.55428 0.0407394 0.0427043 0.0188124
7 0.98216 0.572415 0.03568 0.0290096 0.0170024
7 0.568679 0.470066 0.0240842 0.0135618 0.0165617
2 0.858079 0.494777 0.0211735 0.0194712 0.0162102
2 0.701469 0.518842 0.0401459 0.0256481 0.0151231
7 0.651947 0.478392 0.0434191 0.0199886 0.0144793
2 0.647198 0.485769 0.0541159 0.026319 0.0139935
9 0.660898 0.95561 0.0214668 0.0305398 0.0139229
5 0.538938 0.466261 0.0343557 0.0234374 0.0135065
2 0.626427 0.478394 0.0230089 0.021 0.0127314
6 0.297609 0.49376 0.440313 0.113422 0.0123724
7 0.592011 0.473017 0.0262368 0.0195357 0.0121726
6 0.114544 0.463309 0.0738115 0.0402803 0.0121051
2 0.695663 0.526542 0.0417521 0.0227645 0.0118617
2 0.650101 0.498084 0.0525819 0.045373 0.0117446
2 0.805388 0.495437 0.0369621 0.0187136 0.0108324
7 0.606514 0.482331 0.037299 0.031922 0.0107449
2 0.508825 0.469571 0.0233541 0.0105624 0.0105599
7 0.582285 0.472783 0.0303202 0.0178469 0.0102067
2 0.419708 0.469246 0.0314231 0.0158002 0.00945759
6 0.374947 0.537406 0.591068 0.200174 0.00937411
2 0.954449 0.518489 0.0264236 0.0258419 0.00929123
6 0.208024 0.484915 0.262466 0.0941706 0.00915164
7 0.802467 0.538596 0.0253685 0.0256489 0.00900969
6 0.0310996 0.449907 0.0527053 0.030525 0.00891471
6 0.627769 0.968942 0.0934108 0.0614911 0.00890082
2 0.756023 0.539479 0.0252371 0.0223376 0.00880095
2 0.804629 0.533094 0.0273117 0.0310368 0.00878677
2 0.650307 0.490318 0.04935 0.0414859 0.00869003
2 0.772995 0.537039 0.0212673 0.0263394 0.00854275
5 0.651947 0.478392 0.0434191 0.0199886 0.00852725
2 0.981886 0.586824 0.036228 0.0574925 0.00849465
7 0.650101 0.498084 0.0525819 0.045373 0.00837693
2 0.617506 0.972683 0.0733715 0.0511469 0.00830314
6 0.173401 0.469313 0.15086 0.0510065 0.00826588
6 0.1513 0.472134 0.148024 0.0618934 0.00815555
7 0.456448 0.474709 0.0313086 0.0177313 0.00795192
2 0.81364 0.986919 0.0658592 0.0248109 0.00762838
6 0.249966 0.479676 0.0817955 0.0586452 0.00760433
2 0.965704 0.565531 0.0371323 0.0300973 0.00733522
7 0.441542 0.47234 0.0245271 0.016152 0.00705564
6 0.213471 0.472536 0.122162 0.0556986 0.00704864
9 0.64113 0.969274 0.0602568 0.0594677 0.0070461
6 0.291181 0.477714 0.0663671 0.0611877 0.00700736
7 0.6173 0.480189 0.0276882 0.0274861 0.00685576
6 0.165112 0.468102 0.0998624 0.0514274 0.00674137
7 0.650021 0.486151 0.048591 0.0315646 0.00660595
2 0.654218 0.503535 0.0472698 0.0396797 0.00655869
2 0.588856 0.484015 0.0361291 0.0300196 0.00630614
9 0.0106776 0.574055 0.0177378 0.0275052 0.00619203
6 0.0392674 0.450312 0.0346113 0.02996 0.00605527
7 0.590594 0.477854 0.0257522 0.0183862 0.00598568
0 0.419541 0.543935 0.0168719 0.0264717 0.00584796
5 0.805388 0.495437 0.0369621 0.0187136 0.00583497
7 0.612692 0.485525 0.0305626 0.0243914 0.00573784
7 0.697484 0.522434 0.0371254 0.0241234 0.00549519
6 0.261322 0.48135 0.110947 0.0662658 0.00544152
6 0.0998512 0.462713 0.046203 0.0375452 0.00538099
2 0.766113 0.488953 0.0164277 0.01446 0.00531143
7 0.626318 0.968986 0.0910906 0.0593343 0.00530222
2 0.067358 0.447731 0.0187117 0.0242961 0.00527272
7 0.601247 0.489747 0.0194265 0.0280269 0.00497085
0 0.0818377 0.463743 0.00975361 0.0329578 0.00487265
6 0.0643659 0.448218 0.0251788 0.0254276 0.00481078
6 0.0415851 0.451396 0.0262348 0.0266623 0.00480506
2 0.803452 0.501315 0.0372253 0.0239643 0.00479546
7 0.468875 0.475627 0.0140041 0.0181446 0.00473455
7 0.701469 0.518842 0.0401459 0.0256481 0.00472048
2 0.0415851 0.451396 0.0262348 0.0266623 0.00465438
9 0.635839 0.961318 0.0712841 0.0474792 0.0046328
7 0.594656 0.485724 0.0286142 0.0255411 0.00453216
7 0.100643 0.982507 0.0566412 0.0317526 0.00429624
9 0.622908 0.977587 0.0639326 0.0435267 0.00426584
6 0.709177 0.606462 0.230588 0.199867 0.00426072
7 0.805388 0.495437 0.0369621 0.0187136 0.00418037
6 0.653644 0.59081 0.339358 0.239333 0.0041728
2 0.0160344 0.620727 0.0209978 0.0172523 0.00417098
7 0.740828 0.525094 0.0460743 0.0285649 0.00401604
7 0.748715 0.525281 0.0635319 0.0336552 0.00390223
6 0.264712 0.478176 0.0824157 0.0605814 0.00389367
7 0.54251 0.475052 0.0420116 0.0418993 0.00382194
5 0.796596 0.532324 0.0362648 0.0316942 0.00374705
9 0.661117 0.969623 0.0212614 0.0591471 0.00372598
7 0.825878 0.531269 0.0347076 0.0312516 0.00361931
6 0.371918 0.502395 0.140416 0.0820639 0.00350776
7 0.617506 0.972683 0.0733715 0.0511469 0.00331333
6 0.20068 0.470701 0.0918549 0.0515787 0.00329268
7 0.429514 0.470324 0.0381998 0.0149357 0.00308481
6 0.277981 0.472776 0.09204 0.0514197 0.0030345
6 0.79914 0.535841 0.0327705 0.0328892 0.0030086
7 0.626427 0.478394 0.0230089 0.021 0.00297812
2 0.601461 0.495998 0.020624 0.0331447 0.0029245
2 0.743983 0.518794 0.0477064 0.0237965 0.00275636
2 0.746978 0.538537 0.0415196 0.0259493 0.00267124
9 0.659733 0.979889 0.0186665 0.0386633 0.00265047
2 0.955308 0.571748 0.0218966 0.0380607 0.00263777
6 0.249748 0.46341 0.0766977 0.0482286 0.00260171
2 0.881795 0.494187 0.0193728 0.0180798 0.00253832
5 0.568679 0.470066 0.0240842 0.0135618 0.00252149
7 0.0107361 0.570598 0.0190837 0.0369953 0.00243577
2 0.976243 0.55997 0.0475134 0.045362 0.00241941
0 0.978654 0.503464 0.0112604 0.0295274 0.0024074
2 0.578249 0.497807 0.0617292 0.0301656 0.00237942
6 0.274575 0.510912 0.39672 0.148865 0.00236186
6 0.217726 0.493211 0.330149 0.109688 0.00235349
7 0.951705 0.513242 0.0224569 0.01752 0.00234148
5 0.617506 0.972683 0.0733715 0.0511469 0.00232381
2 0.680033 0.515092 0.0193092 0.0198957 0.00232363
2 0.62661 0.969211 0.0926468 0.0591752 0.00225046
6 0.650101 0.498084 0.0525819 0.045373 0.00216153
6 0.041757 0.448082 0.054541 0.0338894 0.00214908
2 0.95765 0.51712 0.0207323 0.0171873 0.00213689
0 0.0106776 0.574055 0.0177378 0.0275052 0.00208104
6 0.400086 0.467623 0.0632189 0.0197114 0.00204176
5 0.62661 0.969211 0.0926468 0.0591752 0.00201589
2 0.638595 0.437931 0.017289 0.0148416 0.0019905
7 0.804629 0.533094 0.0273117 0.0310368 0.00196108
6 0.0468728 0.457293 0.0210619 0.0278324 0.00195768
5 0.650021 0.486151 0.048591 0.0315646 0.00191694
2 0.768234 0.525596 0.095505 0.0391003 0.00188974
2 0.55666 0.474688 0.0507416 0.0267761 0.00186518
2 0.756662 0.835439 0.0384883 0.0244192 0.00185248
7 0.0106776 0.574055 0.0177378 0.0275052 0.00181785
6 0.320207 0.506268 0.236332 0.129111 0.00179943
6 0.748155 0.523044 0.0572382 0.032289 0.00178015
2 0.804295 0.558618 0.021822 0.0327161 0.00177023
8 0.568679 0.470066 0.0240842 0.0135618 0.0017395
2 0.968466 0.501534 0.017836 0.0278204 0.00172558
74 0.0104006 0.574525 0.0176317 0.0271735 0.00170973
6 0.617506 0.972683 0.0733715 0.0511469 0.00165376
7 0.0998512 0.462713 0.046203 0.0375452 0.00164539
2 0.776867 0.49092 0.0223003 0.0149348 0.00163913
7 0.706446 0.522184 0.0333338 0.026355 0.00162727
6 0.804629 0.533094 0.0273117 0.0310368 0.00160208
6 0.795171 0.532326 0.0390535 0.0333751 0.00159109
2 0.978086 0.501476 0.0117622 0.0279408 0.00157905
6 0.541127 0.466465 0.0343557 0.0213427 0.00157124
7 0.803452 0.501315 0.0372253 0.0239643 0.00156787
5 0.6173 0.480189 0.0276882 0.0274861 0.00154188
6 0.364688 0.46738 0.114044 0.0219695 0.00151199
2 0.75993 0.488299 0.0219709 0.014108 0.00150841
5 0.83066 0.533864 0.0396317 0.0263542 0.00150764
7 0.55666 0.474688 0.0507416 0.0267761 0.00150746
6 0.06081 0.449735 0.0204692 0.0261838 0.00150737
0 0.607808 0.616774 0.0128176 0.043606 0.00150698
5 0.802467 0.538596 0.0253685 0.0256489 0.00146356
5 0.147068 0.465916 0.117959 0.0530181 0.00143158
7 0.067358 0.447731 0.0187117 0.0242961 0.00141272
6 0.275645 0.495008 0.24348 0.113413 0.00139514
7 0.419708 0.469246 0.0314231 0.0158002 0.00139132
7 0.858079 0.494777 0.0211735 0.0194712 0.00138673
7 0.654218 0.503535 0.0472698 0.0396797 0.00136492
6 0.141189 0.438857 0.102279 0.020075 0.00135243
6 0.209582 0.477347 0.094681 0.0531466 0.00134513
5 0.650101 0.498084 0.0525819 0.045373 0.00134507
9 0.966831 0.500721 0.0144634 0.0258081 0.00133097
6 0.391817 0.517318 0.178255 0.124411 0.00133085
6 0.743665 0.524005 0.0510351 0.0260811 0.00131604
2 0.06081 0.449735 0.0204692 0.0261838 0.00131506
7 0.114544 0.463309 0.0738115 0.0402803 0.00130743
2 0.0961593 0.982586 0.0771995 0.0315658 0.00130361
2 0.944898 0.525141 0.0349266 0.0200142 0.00129423
7 0.588856 0.484015 0.0361291 0.0300196 0.0012911
7 0.0415851 0.451396 0.0262348 0.0266623 0.0012714
2 0.551586 0.505088 0.0285274 0.0152828 0.00126737
6 0.231426 0.446387 0.036154 0.0187672 0.00126556
7 0.147068 0.465916 0.117959 0.0530181 0.00123024
2 0.540769 0.475583 0.0392742 0.042156 0.00122112
2 0.82602 0.547687 0.037464 0.0511351 0.00121599
2 0.0998512 0.462713 0.046203 0.0375452 0.00121552
6 0.379574 0.510595 0.103204 0.0837952 0.0012151
7 0.695663 0.526542 0.0417521 0.0227645 0.00120574
2 0.830792 0.541898 0.0406773 0.0426226 0.00119647
2 0.60852 0.496027 0.0342924 0.0349774 0.00119618
6 0.445536 0.547955 0.0789704 0.0460825 0.00118715
5 0.803452 0.501315 0.0372253 0.0239643 0.00118706
7 0.457244 0.463288 0.0420221 0.0345519 0.00117904
2 0.814465 0.514855 0.029615 0.0271539 0.00117829
5 0.626427 0.478394 0.0230089 0.021 0.00117809
2 0.527422 0.437188 0.0285131 0.0179992 0.00117153
9 0.808094 0.958253 0.0125368 0.0474415 0.00116414
6 0.389846 0.467785 0.0529888 0.0190003 0.00115946
6 0.247077 0.48658 0.108351 0.0613577 0.0011417
5 0.129273 0.464614 0.105508 0.0491466 0.00113618
6 0.54251 0.475052 0.0420116 0.0418993 0.00111338
7 0.508825 0.469571 0.0233541 0.0105624 0.00110629
2 0.0310996 0.449907 0.0527053 0.030525 0.00109503
2 0.832055 0.494153 0.0135548 0.022875 0.0010834
5 0.606514 0.482331 0.037299 0.031922 0.00106865
2 0.952402 0.637092 0.0138779 0.0223131 0.00104746
2 0.800162 0.517565 0.0379097 0.02504 0.00104472
2 0.847574 0.495282 0.0143623 0.0236412 0.0010424
5 0.54251 0.475052 0.0420116 0.0418993 0.0010328
8 0.541127 0.466465 0.0343557 0.0213427 0.00102979
7 0.743983 0.518794 0.0477064 0.0237965 0.00101733
2 0.817775 0.539754 0.0552004 0.0438869 0.00101665
2 0.937545 0.565944 0.0414001 0.0454882 0.00100216
7 0.129273 0.464614 0.105508 0.0491466 0.00100067
