16 0.329286 0.769814 0.457538 0.243997 0.922717
1 0.129654 0.381284 0.254387 0.757521 0.806564
0 0.520395 0.288262 0.0255642 0.124701 0.546184
0 0.477257 0.291492 0.0306982 0.134062 0.519409
0 0.443934 0.289822 0.0268187 0.120229 0.446521
0 0.439969 0.284576 0.0289721 0.132905 0.302725
0 0.566418 0.285089 0.0280905 0.126316 0.281233
0 0.747549 0.296662 0.0500401 0.103196 0.276462
0 0.569709 0.294468 0.0204016 0.106672 0.249747
0 0.561269 0.284042 0.0305944 0.128024 0.213745
0 0.755351 0.295508 0.0343267 0.103003 0.20697
0 0.494735 0.284451 0.0203367 0.120402 0.19189
0 0.432081 0.277307 0.0283346 0.139394 0.178579
0 0.470333 0.290919 0.0322493 0.136089 0.16945
0 0.52603 0.287218 0.0291777 0.12042 0.144925
0 0.46384 0.287805 0.02104 0.134958 0.141326
0 0.531771 0.289791 0.0218111 0.119242 0.127841
0 0.453496 0.28437 0.0233674 0.114726 0.127084
0 0.523677 0.278816 0.0218155 0.105385 0.123153
1 0.129618 0.512152 0.250887 0.48159 0.0900469
1 0.0693164 0.167235 0.136967 0.332684 0.0898283
0 0.497396 0.276686 0.0193242 0.109041 0.0871188
0 0.348264 0.320978 0.0197388 0.117341 0.0832217
0 0.430083 0.266449 0.0227694 0.112063 0.0767942
0 0.502657 0.276239 0.0178141 0.108796 0.0722528
0 0.736981 0.315952 0.0333887 0.0654894 0.0656926
0 0.557937 0.259383 0.0208714 0.0717742 0.0575636
0 0.481578 0.269124 0.0207169 0.0872703 0.0553356
0 0.539181 0.28469 0.0237018 0.117203 0.0541333
0 0.536401 0.283126 0.017108 0.10811 0.049197
0 0.506937 0.276862 0.0186352 0.108923 0.0470644
0 0.426313 0.271596 0.0280443 0.124053 0.0449016
0 0.543554 0.287712 0.0230677 0.114723 0.0441402
0 0.344765 0.314003 0.0217452 0.123023 0.0433818
0 0.466236 0.273656 0.0205719 0.0967784 0.0371118
2 0.391171 0.30885 0.0346247 0.0506945 0.0366155
0 0.449075 0.282591 0.0216248 0.105151 0.0365639
0 0.430855 0.238947 0.0194426 0.054166 0.0355613
0 0.50674 0.235799 0.0137333 0.0441935 0.0345207
0 0.564603 0.271061 0.021287 0.0917914 0.032828
25 0.519329 0.214703 0.0302004 0.0432993 0.0321592
0 0.453924 0.252532 0.0190344 0.0509479 0.0310371
1 0.0620644 0.221592 0.122564 0.235146 0.0295882
0 0.350268 0.333116 0.0216877 0.102378 0.028519
0 0.541438 0.237595 0.024267 0.0641629 0.025237
0 0.546466 0.302305 0.0206335 0.0869448 0.0248438
13 0.390725 0.308826 0.0335984 0.0494081 0.0245336
25 0.455052 0.1832 0.033861 0.0326924 0.0243681
0 0.435551 0.29755 0.0241557 0.113435 0.0235001
2 0.398139 0.307245 0.050284 0.0549468 0.0231276
0 0.425385 0.24552 0.0221926 0.0691406 0.0229246
0 0.55712 0.290063 0.0285178 0.114831 0.0227277
0 0.573344 0.296346 0.0235077 0.102652 0.0226973
0 0.534577 0.24256 0.0185451 0.0446843 0.0225298
0 0.757567 0.285275 0.0259466 0.0858888 0.0210382
0 0.303939 0.340374 0.0163557 0.128444 0.0198268
9 0.801113 0.0547298 0.0312288 0.0668308 0.0185942
0 0.545347 0.21993 0.0222301 0.0614499 0.0172864
0 0.593755 0.282873 0.0278818 0.0895858 0.0170963
25 0.516714 0.220073 0.0356255 0.0431216 0.0162762
25 0.519991 0.249287 0.0265824 0.0553567 0.0162469
1 0.0785659 0.288253 0.154707 0.567872 0.0136084
3 0.737468 0.316798 0.032658 0.0629854 0.0134148
0 0.519991 0.249287 0.0265824 0.0553567 0.0133474
0 0.754231 0.275452 0.0304655 0.0701614 0.0131142
13 0.397827 0.308661 0.0482825 0.0543587 0.0127532
25 0.487015 0.217016 0.0481878 0.0315479 0.0125667
1 0.0640994 0.383165 0.127246 0.645656 0.0120977
0 0.454196 0.230144 0.0176659 0.0413079 0.0117569
25 0.453924 0.252532 0.0190344 0.0509479 0.0117405
1 0.012383 0.607421 0.0243845 0.120302 0.0110212
0 0.495873 0.242571 0.0195449 0.0570459 0.0109239
24 0.735915 0.318044 0.0296919 0.0595521 0.0108537
25 0.485484 0.212007 0.049254 0.0321998 0.0103585
0 0.342537 0.265519 0.0162884 0.0250895 0.0100282
13 0.736318 0.31684 0.0309023 0.062978 0.00998589
1 0.554709 0.314389 0.0233091 0.0671882 0.0099417
0 0.352745 0.342082 0.0219678 0.0861218 0.0098516
26 0.0774351 0.165938 0.152346 0.329927 0.00974348
1 0.0660793 0.259035 0.12991 0.335146 0.00952303
25 0.495873 0.242571 0.0195449 0.0570459 0.00946593
3 0.743232 0.304542 0.0451064 0.0879187 0.00894985
25 0.448654 0.216723 0.0318785 0.044511 0.00893834
0 0.306621 0.345993 0.0206576 0.139379 0.00844482
9 0.792727 0.045343 0.0505665 0.0850421 0.00833902
11 0.793512 0.0482848 0.0484877 0.0858152 0.00812319
0 0.539258 0.246283 0.0218643 0.0959958 0.00788784
25 0.534577 0.24256 0.0185451 0.0446843 0.007249
25 0.50674 0.235799 0.0137333 0.0441935 0.00724468
0 0.303359 0.308768 0.0152379 0.0664131 0.00716615
13 0.743232 0.304542 0.0451064 0.0879187 0.00703532
0 0.417507 0.299545 0.0196581 0.0774831 0.00689676
26 0.735915 0.318044 0.0296919 0.0595521 0.00676075
0 0.456351 0.297503 0.0252806 0.113941 0.00666443
2 0.601066 0.302486 0.0249121 0.0431466 0.00655329
25 0.406527 0.220433 0.0660702 0.0517762 0.00651634
0 0.520758 0.256108 0.030313 0.0983193 0.00621969
26 0.481578 0.269124 0.0207169 0.0872703 0.00606161
11 0.801113 0.0547298 0.0312288 0.0668308 0.00604647
0 0.597599 0.302413 0.0309093 0.0565457 0.00603744
1 0.597599 0.302413 0.0309093 0.0565457 0.00602967
1 0.391634 0.309791 0.0338526 0.0541663 0.00575992
25 0.399652 0.238948 0.0517308 0.0787428 0.00573629
7 0.39232 0.307959 0.0374295 0.050931 0.00567231
25 0.481649 0.21406 0.0500712 0.0405863 0.00565043
0 0.483095 0.239511 0.0191439 0.0403391 0.00562558
1 0.57501 0.311757 0.0248274 0.0736708 0.00559986
0 0.507557 0.292798 0.0300307 0.124729 0.00558019
1 0.573472 0.30099 0.0234903 0.093622 0.00555816
25 0.43557 0.231173 0.0309614 0.0671041 0.0053345
1 0.569314 0.305888 0.0199167 0.0834362 0.00532585
1 0.0358261 0.383035 0.0701955 0.644183 0.00523403
0 0.415982 0.268955 0.0321501 0.13305 0.00519344
0 0.577278 0.263216 0.02188 0.0791532 0.00515661
0 0.59452 0.263461 0.0233526 0.0660226 0.00515655
2 0.597864 0.299141 0.0301367 0.0523547 0.00506473
0 0.562833 0.261463 0.0288362 0.0814694 0.00504026
0 0.57501 0.311757 0.0248274 0.0736708 0.00502115
2 0.736981 0.315952 0.0333887 0.0654894 0.00490943
0 0.395174 0.308916 0.0428298 0.05607 0.00470862
25 0.430855 0.238947 0.0194426 0.054166 0.00456104
28 0.735915 0.318044 0.0296919 0.0595521 0.00455451
0 0.592346 0.311217 0.0417105 0.0744978 0.00438428
0 0.577331 0.278471 0.0619563 0.118673 0.00433582
25 0.412319 0.231016 0.0675637 0.0700768 0.00426668
26 0.453924 0.252532 0.0190344 0.0509479 0.00418213
0 0.445866 0.228396 0.0245661 0.0481163 0.0041357
1 0.546466 0.302305 0.0206335 0.0869448 0.00411135
25 0.445866 0.228396 0.0245661 0.0481163 0.00406861
26 0.601066 0.302486 0.0249121 0.0431466 0.00405049
25 0.398341 0.223918 0.0488312 0.0474014 0.00404039
25 0.423034 0.262597 0.100508 0.132893 0.0040341
1 0.737468 0.316798 0.032658 0.0629854 0.00401905
0 0.340664 0.316922 0.0266839 0.129714 0.00396574
0 0.468158 0.240986 0.0182043 0.0446976 0.0039241
24 0.481578 0.269124 0.0207169 0.0872703 0.00389233
0 0.390798 0.26258 0.0185768 0.0434359 0.00380999
0 0.430454 0.274478 0.053002 0.14573 0.00379875
2 0.577331 0.278471 0.0619563 0.118673 0.00379601
56 0.743232 0.304542 0.0451064 0.0879187 0.00374082
58 0.599136 0.299763 0.0279071 0.04899 0.00367472
25 0.483095 0.239511 0.0191439 0.0403391 0.00354335
0 0.386374 0.264378 0.0194241 0.0493351 0.00353131
13 0.597599 0.302413 0.0309093 0.0565457 0.00352418
1 0.0311776 0.554309 0.0613631 0.460285 0.00347668
9 0.800239 0.05252 0.0401827 0.0787963 0.00346729
1 0.35098 0.337865 0.0219653 0.0926183 0.00344828
25 0.541438 0.237595 0.024267 0.0641629 0.00343034
13 0.759006 0.296537 0.0280058 0.100558 0.00340572
1 0.55712 0.290063 0.0285178 0.114831 0.00335565
0 0.403845 0.264431 0.0144835 0.0350828 0.00332382
25 0.454196 0.230144 0.0176659 0.0413079 0.00322089
0 0.48077 0.269408 0.0429209 0.119207 0.00319466
58 0.390725 0.308826 0.0335984 0.0494081 0.00319201
26 0.0620644 0.221592 0.122564 0.235146 0.00316763
0 0.598524 0.260837 0.0220791 0.0799686 0.00314322
1 0.0552594 0.175632 0.108699 0.143259 0.00314209
25 0.545347 0.21993 0.0222301 0.0614499 0.00313807
12 0.799416 0.0534352 0.0369221 0.0738138 0.00313735
25 0.430083 0.266449 0.0227694 0.112063 0.0031119
0 0.403878 0.268698 0.0551747 0.133731 0.0030975
0 0.554709 0.314389 0.0233091 0.0671882 0.00309128
25 0.574612 0.193161 0.03442 0.0343866 0.00306869
25 0.425602 0.240168 0.0212433 0.0598909 0.00296494
1 0.592346 0.311217 0.0417105 0.0744978 0.00296232
25 0.530078 0.219102 0.0217182 0.0525101 0.00289625
1 0.601066 0.302486 0.0249121 0.0431466 0.00286329
13 0.601066 0.302486 0.0249121 0.0431466 0.00280797
10 0.348264 0.320978 0.0197388 0.117341 0.00278664
1 0.0234522 0.519955 0.0457106 0.475145 0.00271344
25 0.548583 0.210376 0.0266882 0.0524812 0.0026924
1 0.035353 0.650298 0.0684614 0.262043 0.00265801
10 0.735915 0.318044 0.0296919 0.0595521 0.0025925
25 0.573582 0.197988 0.0385586 0.046202 0.00258681
24 0.453924 0.252532 0.0190344 0.0509479 0.0025751
56 0.736981 0.315952 0.0333887 0.0654894 0.00257185
13 0.415778 0.296934 0.0227704 0.0829925 0.00256097
36 0.735915 0.318044 0.0296919 0.0595521 0.00255933
0 0.530078 0.219102 0.0217182 0.0525101 0.00254303
0 0.301398 0.343223 0.0223657 0.138718 0.00247771
7 0.398139 0.307245 0.050284 0.0549468 0.00247365
16 0.735915 0.318044 0.0296919 0.0595521 0.00246662
0 0.43557 0.231173 0.0309614 0.0671041 0.00246051
25 0.562833 0.261463 0.0288362 0.0814694 0.00245479
25 0.437257 0.274473 0.0768425 0.157966 0.00241798
2 0.415778 0.296934 0.0227704 0.0829925 0.00241083
13 0.759953 0.320175 0.0259108 0.0534475 0.00238761
0 0.580333 0.292578 0.0544472 0.10862 0.00238603
25 0.52916 0.212452 0.035614 0.0529362 0.00235745
0 0.601066 0.302486 0.0249121 0.0431466 0.00229624
25 0.449075 0.282591 0.0216248 0.105151 0.00227168
0 0.395766 0.276394 0.0441579 0.118609 0.00223315
1 0.595017 0.285467 0.0326374 0.0811237 0.00222883
1 0.580333 0.292578 0.0544472 0.10862 0.00222883
26 0.597864 0.299141 0.0301367 0.0523547 0.0022164
2 0.595017 0.285467 0.0326374 0.0811237 0.00219902
25 0.557937 0.259383 0.0208714 0.0717742 0.00218749
24 0.520687 0.280712 0.022366 0.100968 0.0021573
0 0.561349 0.273835 0.0643232 0.128446 0.00214711
25 0.430454 0.274478 0.053002 0.14573 0.0021337
0 0.437257 0.274473 0.0768425 0.157966 0.0021227
25 0.500602 0.211484 0.0714508 0.0533596 0.00208488
25 0.466236 0.273656 0.0205719 0.0967784 0.00199777
58 0.595017 0.285467 0.0326374 0.0811237 0.00197247
0 0.564681 0.274507 0.0446307 0.141571 0.00188741
0 0.515913 0.303985 0.0311749 0.118053 0.00183904
36 0.478887 0.33867 0.0259174 0.0476964 0.00178596
25 0.468158 0.240986 0.0182043 0.0446976 0.00177693
15 0.329187 0.770382 0.458583 0.244802 0.00175285
0 0.403899 0.251415 0.0186275 0.0591253 0.00174081
2 0.743232 0.304542 0.0451064 0.0879187 0.00172231
25 0.389385 0.2247 0.0305363 0.0302211 0.00172207
26 0.455251 0.28076 0.0237041 0.112283 0.00163972
56 0.759006 0.296537 0.0280058 0.100558 0.00163639
0 0.474158 0.318343 0.0252876 0.0887821 0.00161859
24 0.455251 0.28076 0.0237041 0.112283 0.00161123
0 0.31044 0.348402 0.0223128 0.138688 0.00160685
1 0.0191661 0.467523 0.0363888 0.386388 0.00159547
0 0.311328 0.341924 0.0294772 0.132621 0.00156832
1 0.529341 0.29827 0.0228005 0.110253 0.00155708
13 0.38615 0.314289 0.0296789 0.0582119 0.00155193
26 0.466236 0.273656 0.0205719 0.0967784 0.00154668
1 0.0614707 0.478041 0.117177 0.394119 0.00154465
58 0.395927 0.305047 0.0441883 0.0590919 0.00151405
2 0.342537 0.265519 0.0162884 0.0250895 0.00151342
1 0.186368 0.386465 0.359167 0.759762 0.0015043
25 0.496712 0.27147 0.0171959 0.103985 0.00149855
6 0.426356 0.270728 0.105477 0.154775 0.00149769
0 0.390287 0.308895 0.0327122 0.0500003 0.00147852
1 0.0184747 0.600183 0.0369494 0.128976 0.0014371
13 0.554709 0.314389 0.0233091 0.0671882 0.00142956
1 0.417507 0.299545 0.0196581 0.0774831 0.00140801
24 0.50339 0.2663 0.0189085 0.0963804 0.00140622
0 0.40167 0.300711 0.0562952 0.0821615 0.00139159
9 0.760549 0.0915676 0.0211433 0.0697814 0.00138342
26 0.495241 0.282572 0.0196032 0.116445 0.00135949
2 0.424398 0.275233 0.0336935 0.1291 0.00135797
24 0.539139 0.279377 0.023609 0.112922 0.00135764
24 0.743232 0.304542 0.0451064 0.0879187 0.00135651
25 0.448072 0.194882 0.0486521 0.0346967 0.00131345
13 0.357179 0.339949 0.0328502 0.0859774 0.00130972
3 0.391634 0.309791 0.0338526 0.0541663 0.00130799
13 0.358721 0.329528 0.0350184 0.0617341 0.00129017
11 0.455052 0.1832 0.033861 0.0326924 0.00128606
13 0.592346 0.311217 0.0417105 0.0744978 0.00127682
26 0.0428237 0.220734 0.0837719 0.21628 0.0012711
56 0.554709 0.314389 0.0233091 0.0671882 0.00126523
1 0.435551 0.29755 0.0241557 0.113435 0.00126255
10 0.303939 0.340374 0.0163557 0.128444 0.00123933
1 0.75022 0.305424 0.0445786 0.0839453 0.00122464
56 0.390287 0.308895 0.0327122 0.0500003 0.00122455
0 0.601398 0.246639 0.0157914 0.0636515 0.00122368
58 0.745884 0.296106 0.0510289 0.10534 0.00121531
11 0.430855 0.238947 0.0194426 0.054166 0.00121427
25 0.455251 0.28076 0.0237041 0.112283 0.0012053
0 0.548583 0.210376 0.0266882 0.0524812 0.00119469
0 0.58739 0.275783 0.0618734 0.107209 0.00115916
0 0.596656 0.293999 0.0419754 0.0740966 0.00115106
0 0.391334 0.259081 0.0260653 0.0514023 0.00114232
10 0.390287 0.308895 0.0327122 0.0500003 0.00114
0 0.0125006 0.607236 0.0244468 0.120427 0.00112918
12 0.793512 0.0482848 0.0484877 0.0858152 0.0011248
32 0.696718 0.102013 0.0257447 0.0477194 0.00111806
28 0.743232 0.304542 0.0451064 0.0879187 0.00111535
1 0.0236086 0.425067 0.0440648 0.485173 0.00108132
25 0.56627 0.204513 0.0543898 0.0516026 0.00106382
36 0.487126 0.345874 0.0313161 0.0365241 0.00106198
24 0.496712 0.27147 0.0171959 0.103985 0.00105765
25 0.481578 0.269124 0.0207169 0.0872703 0.00105122
1 0.529022 0.308768 0.0291767 0.110895 0.00104856
26 0.0552594 0.175632 0.108699 0.143259 0.00103346
1 0.502867 0.342974 0.036171 0.0429743 0.0010334
24 0.446103 0.288523 0.0233286 0.112969 0.00102586
24 0.466236 0.273656 0.0205719 0.0967784 0.00102034
12 0.344765 0.314003 0.0217452 0.123023 0.00102013
26 0.744411 0.298971 0.0464756 0.0996344 0.00101423
2 0.403878 0.268698 0.0551747 0.133731 0.00101182
10 0.745375 0.296796 0.0496807 0.103967 0.00101182
0 0.38615 0.314289 0.0296789 0.0582119 0.00100476
25 0.539352 0.275154 0.0256983 0.119375 0.00100324
