0 0.550019 0.447947 0.139548 0.159815 0.705462
0 0.214379 0.757933 0.0603955 0.0581217 0.235692
31 0.553531 0.449288 0.14708 0.164393 0.0679273
0 0.535543 0.466385 0.111315 0.131863 0.062988
31 0.576634 0.509164 0.104935 0.27216 0.0504784
30 0.552812 0.480111 0.147636 0.231208 0.0380338
30 0.567138 0.522785 0.120363 0.303099 0.0373458
30 0.260392 0.595189 0.0562453 0.409366 0.0326826
31 0.553138 0.505952 0.149789 0.258332 0.0289234
0 0.552812 0.480111 0.147636 0.231208 0.0278547
24 0.214771 0.758127 0.0600427 0.0584567 0.0251957
30 0.59098 0.379507 0.0721489 0.0770081 0.0242838
30 0.587268 0.386601 0.0773577 0.156806 0.0236306
30 0.579233 0.510593 0.0944907 0.263179 0.0212409
16 0.214791 0.757968 0.0600357 0.0586939 0.0208606
30 0.575917 0.590069 0.099642 0.427716 0.016343
31 0.56727 0.514397 0.0690413 0.244468 0.0143598
30 0.581843 0.430558 0.0925003 0.184745 0.0141599
9 0.167988 0.739966 0.0111924 0.0561953 0.0138716
30 0.56727 0.514397 0.0690413 0.244468 0.0138168
30 0.250249 0.596983 0.0810911 0.413674 0.0122977
30 0.575446 0.364607 0.0426711 0.0518332 0.0120481
30 0.567879 0.332262 0.0360653 0.155705 0.0116438
30 0.591194 0.410921 0.0744917 0.1445 0.0112396
30 0.560371 0.619388 0.0660959 0.370748 0.0101826
30 0.27829 0.598604 0.114147 0.415262 0.0095599
30 0.561104 0.329189 0.0181778 0.151332 0.00943354
30 0.551417 0.389501 0.143191 0.279686 0.00925684
0 0.527367 0.446313 0.0675144 0.0984526 0.00898528
20 0.215442 0.757364 0.0609411 0.059151 0.00858855
30 0.563224 0.560391 0.0650181 0.351506 0.00800774
33 0.590789 0.382517 0.0740812 0.0852213 0.00800538
33 0.575654 0.365249 0.0418734 0.0488102 0.00785151
17 0.214791 0.757968 0.0600357 0.0586939 0.00770286
31 0.575917 0.590069 0.099642 0.427716 0.00733468
0 0.225853 0.755355 0.04301 0.0499611 0.00723588
31 0.581843 0.430558 0.0925003 0.184745 0.00722027
33 0.0897556 0.404294 0.0798929 0.357052 0.00720587
0 0.200883 0.753243 0.0321126 0.0490028 0.00716707
30 0.0898747 0.402838 0.0804201 0.354113 0.00710833
30 0.758436 0.516795 0.121643 0.0430323 0.00679997
0 0.545645 0.445524 0.0977199 0.154944 0.00667965
31 0.575914 0.364282 0.0425797 0.0464134 0.00659692
30 0.301574 0.59973 0.216305 0.420786 0.00649652
14 0.215442 0.757364 0.0609411 0.059151 0.00647247
77 0.215442 0.757364 0.0609411 0.059151 0.00646308
31 0.589778 0.513288 0.0768827 0.252296 0.00589076
31 0.538307 0.489124 0.116773 0.0802856 0.00566509
0 0.556378 0.432 0.073767 0.127369 0.00514039
0 0.167598 0.742273 0.0157231 0.0614468 0.00495356
33 0.758075 0.518488 0.122857 0.0470163 0.00470555
31 0.590789 0.382517 0.0740812 0.0852213 0.00470439
21 0.215089 0.757871 0.0603495 0.0588962 0.00417697
19 0.215442 0.757364 0.0609411 0.059151 0.00398755
30 0.557791 0.316299 0.0221031 0.126929 0.00386733
0 0.566135 0.418992 0.0522217 0.102093 0.00385529
0 0.581843 0.430558 0.0925003 0.184745 0.00381511
30 0.667578 0.553872 0.308599 0.405833 0.00381434
9 0.214184 0.757292 0.0590151 0.0572004 0.00378004
30 0.572992 0.323631 0.0476229 0.139792 0.00363544
30 0.587892 0.340007 0.0751687 0.167103 0.00351256
31 0.0947708 0.403496 0.0694416 0.348327 0.00332925
31 0.563224 0.560391 0.0650181 0.351506 0.00324854
0 0.234366 0.759285 0.100454 0.0634408 0.00324133
0 0.550895 0.42217 0.0618927 0.10268 0.00320941
30 0.29389 0.702182 0.231856 0.207608 0.00307
30 0.757176 0.525652 0.12568 0.0600306 0.00305462
0 0.581218 0.419212 0.0786846 0.103417 0.00301981
33 0.577949 0.371059 0.0482145 0.0631851 0.00296277
24 0.225853 0.755355 0.04301 0.0499611 0.00291649
31 0.591194 0.410921 0.0744917 0.1445 0.00288796
0 0.576634 0.509164 0.104935 0.27216 0.00285143
9 0.200883 0.753243 0.0321126 0.0490028 0.00285053
30 0.751237 0.650691 0.139497 0.314183 0.00281259
31 0.577949 0.371059 0.0482145 0.0631851 0.00277367
30 0.754775 0.599088 0.132226 0.209623 0.00276795
30 0.675489 0.629272 0.295738 0.407695 0.00274009
24 0.200883 0.753243 0.0321126 0.0490028 0.00273359
30 0.757558 0.559627 0.125538 0.128209 0.0026938
30 0.601777 0.476774 0.0556642 0.189978 0.00263387
10 0.215442 0.757364 0.0609411 0.059151 0.00262594
31 0.601777 0.476774 0.0556642 0.189978 0.00258821
30 0.296467 0.586629 0.123607 0.410891 0.00254774
30 0.60249 0.445384 0.0511933 0.108712 0.00252742
0 0.585536 0.401512 0.0692959 0.0745544 0.0023931
0 0.551417 0.389501 0.143191 0.279686 0.00221905
28 0.214771 0.758127 0.0600427 0.0584567 0.00221264
31 0.560371 0.619388 0.0660959 0.370748 0.00217396
31 0.587268 0.386601 0.0773577 0.156806 0.00210246
30 0.598189 0.436867 0.0607014 0.134835 0.00208047
0 0.589504 0.382952 0.0723643 0.0868787 0.0020574
30 0.167047 0.501013 0.264635 0.556543 0.00203097
31 0.559051 0.321236 0.0235184 0.136406 0.00195813
31 0.264351 0.599282 0.0465345 0.411736 0.00183156
31 0.599907 0.445892 0.0564625 0.128615 0.00176951
15 0.215442 0.757364 0.0609411 0.059151 0.00176325
33 0.591194 0.410921 0.0744917 0.1445 0.00171673
25 0.0939812 0.402526 0.0715133 0.342421 0.0017136
31 0.604498 0.460087 0.0486484 0.136983 0.00170127
33 0.553531 0.449288 0.14708 0.164393 0.00169846
30 0.373358 0.595947 0.485372 0.434638 0.00165191
30 0.572247 0.390609 0.0839506 0.273679 0.00159666
16 0.551537 0.448091 0.142343 0.161622 0.00157019
36 0.553531 0.449288 0.14708 0.164393 0.00156218
30 0.59307 0.503505 0.0352551 0.232466 0.00148493
73 0.575654 0.365249 0.0418734 0.0488102 0.00147304
30 0.528064 0.595154 0.192285 0.453963 0.00144196
30 0.553336 0.448517 0.147056 0.16097 0.00131652
33 0.756495 0.544871 0.127037 0.0988824 0.00126791
33 0.581843 0.430558 0.0925003 0.184745 0.00126719
0 0.554039 0.535966 0.146697 0.339315 0.00123966
73 0.586833 0.377203 0.0639679 0.0751788 0.00118247
30 0.58719 0.417596 0.0798901 0.101576 0.00115997
0 0.614817 0.407574 0.0263737 0.0235175 0.00114194
31 0.572992 0.323631 0.0476229 0.139792 0.00114152
30 0.651643 0.481832 0.344148 0.350335 0.00113901
30 0.597601 0.39729 0.0622949 0.0504537 0.00111991
30 0.298273 0.656112 0.231365 0.290975 0.00111076
0 0.591194 0.410921 0.0744917 0.1445 0.00110403
33 0.769041 0.512582 0.101277 0.0368119 0.00108492
3 0.215442 0.757364 0.0609411 0.059151 0.00104079
0 0.551014 0.411497 0.0328934 0.0827499 0.00103921
30 0.592408 0.396627 0.0715197 0.0651434 0.00102857
0 0.167988 0.739966 0.0111924 0.0561953 0.00102389
30 0.614817 0.407574 0.0263737 0.0235175 0.00100863
