3 0.461286 0.642115 0.854624 0.533067 0.938561
0 0.49767 0.441736 0.559704 0.639972 0.766767
0 0.61136 0.444075 0.305063 0.609982 0.117358
0 0.605302 0.281153 0.192252 0.269976 0.0908221
0 0.469869 0.285803 0.447883 0.336566 0.0375852
1 0.455294 0.639038 0.855015 0.535347 0.0149758
0 0.55334 0.289818 0.290557 0.297148 0.0123902
26 0.620729 0.490008 0.225212 0.103451 0.0108746
1 0.273848 0.750281 0.293767 0.303049 0.00914785
0 0.48583 0.472633 0.875442 0.697184 0.00617132
0 0.506193 0.270386 0.273765 0.299304 0.00488499
24 0.412121 0.335801 0.337448 0.235875 0.00429401
0 0.583523 0.458819 0.551068 0.621512 0.00371701
1 0.690046 0.513099 0.348225 0.301081 0.00352794
0 0.670446 0.539031 0.349617 0.351102 0.00301608
0 0.413614 0.26884 0.327543 0.319059 0.00261202
1 0.737583 0.505723 0.254452 0.272956 0.00238693
26 0.663206 0.523502 0.329855 0.327887 0.00234699
26 0.632445 0.491604 0.285228 0.143603 0.00206676
0 0.495297 0.226801 0.242942 0.218377 0.00203592
0 0.617695 0.340826 0.215768 0.394182 0.00199857
3 0.638468 0.56074 0.428282 0.392341 0.00196025
0 0.406188 0.411766 0.396792 0.583492 0.00195995
3 0.690046 0.513099 0.348225 0.301081 0.00182307
0 0.406973 0.329068 0.320261 0.236428 0.00178555
0 0.360305 0.293709 0.577892 0.332293 0.00166592
3 0.737583 0.505723 0.254452 0.272956 0.00156969
24 0.495868 0.183325 0.238701 0.133538 0.0015237
0 0.636945 0.562817 0.265332 0.354369 0.00149328
24 0.801586 0.76318 0.177867 0.214443 0.00134438
0 0.607261 0.238375 0.180598 0.179213 0.00126216
1 0.285895 0.717911 0.341884 0.237955 0.00125167
26 0.643597 0.561828 0.283488 0.289196 0.00124273
1 0.724468 0.708355 0.328992 0.320802 0.00115892
0 0.639738 0.246465 0.120113 0.199708 0.00113195
26 0.431159 0.348209 0.379811 0.246736 0.00112545
26 0.561989 0.490915 0.46443 0.162032 0.00104809
24 0.413614 0.26884 0.327543 0.319059 0.00101718
67 0.496525 0.250175 0.0841921 0.0475016 0.00101307
