72 0.129992 0.388243 0.231828 0.442196 0.915623
69 0.499092 0.445951 0.190627 0.307762 0.736629
74 0.54747 0.0950753 0.104616 0.120259 0.733301
45 0.282331 0.336725 0.0699232 0.0338301 0.552476
75 0.366904 0.137799 0.0480327 0.0843832 0.471057
58 0.904339 0.129658 0.0880091 0.0996284 0.46632
75 0.687864 0.144094 0.0299507 0.0692653 0.288548
0 0.310516 0.832092 0.110502 0.30205 0.25292
69 0.497132 0.491936 0.179985 0.208149 0.194214
75 0.848924 0.138952 0.050544 0.0838725 0.17764
74 0.547009 0.0953388 0.0771927 0.0851393 0.171168
75 0.935251 0.158691 0.0192852 0.0439313 0.136486
75 0.290394 0.12826 0.0905 0.103432 0.116884
69 0.538359 0.814287 0.067973 0.218295 0.11465
58 0.88813 0.129196 0.129242 0.101297 0.106063
75 0.311032 0.832245 0.110817 0.301068 0.101656
58 0.848648 0.139087 0.0505371 0.0847725 0.100666
62 0.770177 0.120063 0.122879 0.103746 0.0964947
71 0.86223 0.359807 0.195144 0.0397356 0.0918432
39 0.84712 0.139278 0.0475475 0.0845212 0.0782184
39 0.36749 0.137608 0.0480149 0.0848345 0.0759992
71 0.876125 0.397879 0.208283 0.109531 0.0711358
45 0.176082 0.847423 0.0327962 0.0136459 0.0709133
71 0.869268 0.365584 0.186438 0.0335451 0.070087
39 0.162341 0.753945 0.0386961 0.0904638 0.0687578
45 0.290853 0.137281 0.089387 0.0858229 0.0473836
45 0.28551 0.343571 0.0745322 0.0260163 0.046236
74 0.413511 0.15178 0.0452539 0.0574673 0.0436468
45 0.547756 0.336486 0.0727573 0.0590432 0.0430033
72 0.53884 0.815957 0.0680887 0.217537 0.042671
45 0.649633 0.276779 0.0670029 0.0702762 0.0416074
58 0.906287 0.115568 0.0805162 0.0693302 0.0394949
74 0.649767 0.276843 0.0672129 0.0713015 0.0366917
73 0.871784 0.830083 0.247974 0.29894 0.030621
75 0.902855 0.155195 0.0471628 0.0384752 0.0274826
56 0.311032 0.832245 0.110817 0.301068 0.0266976
45 0.0533583 0.847584 0.0301493 0.0133101 0.0262417
39 0.847953 0.563055 0.0243301 0.0561624 0.0249662
74 0.770095 0.120419 0.122212 0.103298 0.0229136
39 0.819557 0.565286 0.0255018 0.0506997 0.0223184
63 0.87133 0.830505 0.248741 0.299452 0.021473
39 0.825343 0.564092 0.0268906 0.0538547 0.0197124
45 0.545939 0.296219 0.0436022 0.0273003 0.0193719
58 0.0856767 0.753619 0.0526914 0.0720774 0.0181636
39 0.687702 0.144172 0.0292225 0.070638 0.0175938
45 0.714132 0.260659 0.0530174 0.0579535 0.016959
39 0.868402 0.565402 0.0227451 0.0486994 0.0159172
45 0.684072 0.410229 0.0428883 0.0188546 0.015834
74 0.693957 0.894072 0.0234323 0.0265125 0.0155469
39 0.88611 0.56463 0.0201454 0.0507155 0.015237
39 0.850693 0.567004 0.0216522 0.0479217 0.0151733
39 0.829001 0.560578 0.0225395 0.058709 0.0147313
69 0.501531 0.335844 0.184766 0.0769725 0.0146229
45 0.546 0.32372 0.0670537 0.0846368 0.0143374
71 0.502225 0.335619 0.183344 0.0794791 0.0142836
39 0.870627 0.559605 0.0213726 0.0602139 0.0134088
57 0.311032 0.832245 0.110817 0.301068 0.012993
75 0.41352 0.151628 0.0451132 0.0571304 0.0129184
75 0.846668 0.154355 0.0423187 0.0549983 0.0127422
58 0.934036 0.130964 0.0266113 0.0988471 0.0124947
41 0.598585 0.29072 0.0234301 0.0319044 0.0119328
39 0.894484 0.561961 0.0188509 0.0469415 0.0119299
39 0.863239 0.310391 0.0207668 0.0657368 0.0117634
41 0.890951 0.509004 0.0188192 0.0260097 0.0109049
64 0.176082 0.847423 0.0327962 0.0136459 0.0108311
16 0.310516 0.832092 0.110502 0.30205 0.0108069
74 0.288593 0.0861936 0.0380318 0.0242275 0.0103611
74 0.541998 0.0805897 0.0371483 0.0430028 0.00981429
58 0.311032 0.832245 0.110817 0.301068 0.00961307
39 0.903607 0.559589 0.0189859 0.0395297 0.00918338
58 0.872937 0.137286 0.0301224 0.0863233 0.00900605
75 0.162221 0.753374 0.0391123 0.0924642 0.00894001
65 0.176082 0.847423 0.0327962 0.0136459 0.00879931
19 0.311032 0.832245 0.110817 0.301068 0.00878501
40 0.366904 0.137799 0.0480327 0.0843832 0.00844061
41 0.935251 0.158691 0.0192852 0.0439313 0.00843585
58 0.907148 0.108153 0.0725262 0.0521864 0.00816953
14 0.900504 0.819702 0.03465 0.0265239 0.00815704
69 0.594681 0.796058 0.177263 0.25027 0.00787872
26 0.310167 0.831525 0.111171 0.30389 0.00780806
68 0.49946 0.446853 0.189711 0.30436 0.00759533
59 0.311032 0.832245 0.110817 0.301068 0.00752512
74 0.43085 0.906573 0.136402 0.154138 0.00749433
27 0.310167 0.831525 0.111171 0.30389 0.00732344
72 0.87133 0.830505 0.248741 0.299452 0.0072324
45 0.902865 0.15732 0.0465317 0.0427595 0.00720143
58 0.882198 0.130642 0.0375067 0.0736246 0.0071018
41 0.883496 0.50966 0.0294338 0.0262805 0.00709435
74 0.0894846 0.775991 0.027054 0.0294636 0.00709274
67 0.176082 0.847423 0.0327962 0.0136459 0.00682437
71 0.851526 0.356892 0.170636 0.0277137 0.00681746
45 0.543202 0.299999 0.0499164 0.0363009 0.00673327
45 0.288593 0.0861936 0.0380318 0.0242275 0.00671801
41 0.913811 0.21253 0.0213898 0.03196 0.00652611
77 0.310908 0.832378 0.111603 0.30453 0.00650325
41 0.54603 0.296683 0.0426388 0.026699 0.00643855
45 0.639035 0.747905 0.0358158 0.0198159 0.00632906
74 0.71421 0.260825 0.0537186 0.0583435 0.00623959
75 0.875226 0.155453 0.0196758 0.0501784 0.0061774
68 0.871784 0.830083 0.247974 0.29894 0.00614294
71 0.74666 0.36278 0.450589 0.0432652 0.00609601
75 0.551587 0.325935 0.0749958 0.0867159 0.00588498
74 0.639035 0.747905 0.0358158 0.0198159 0.00581148
41 0.609841 0.327685 0.0302502 0.0315343 0.00579709
41 0.366904 0.137799 0.0480327 0.0843832 0.00577047
68 0.74944 0.830578 0.492321 0.303869 0.00573915
58 0.0806496 0.733591 0.0396947 0.0321194 0.00569421
74 0.176082 0.847423 0.0327962 0.0136459 0.00552362
75 0.248936 0.215951 0.0302094 0.0509107 0.00551286
45 0.60129 0.292028 0.0243118 0.0314407 0.00537062
72 0.49946 0.446853 0.189711 0.30436 0.00535679
41 0.848924 0.138952 0.050544 0.0838725 0.00535253
20 0.310516 0.832092 0.110502 0.30205 0.00527769
41 0.867051 0.568012 0.0218714 0.0443362 0.00527081
68 0.538359 0.814287 0.067973 0.218295 0.0051783
45 0.413511 0.15178 0.0452539 0.0574673 0.0051074
39 0.801651 0.555887 0.0262213 0.0587361 0.00495419
39 0.935251 0.158691 0.0192852 0.0439313 0.00485411
15 0.310908 0.832378 0.111603 0.30453 0.00482798
74 0.0771963 0.747193 0.0884596 0.107763 0.0048106
41 0.902865 0.15732 0.0465317 0.0427595 0.00478899
41 0.873475 0.50986 0.0194517 0.025124 0.00473234
71 0.875528 0.412024 0.184136 0.071837 0.0046908
39 0.804561 0.559881 0.0206276 0.051649 0.00468576
41 0.885217 0.568873 0.0192076 0.0440659 0.00468409
39 0.896358 0.568711 0.0203583 0.0403792 0.00466755
32 0.693957 0.894072 0.0234323 0.0265125 0.00465173
41 0.818525 0.568061 0.0268057 0.0489956 0.0046238
12 0.427087 0.8439 0.14552 0.280021 0.0045996
71 0.320983 0.358818 0.198485 0.0407697 0.00453049
68 0.497132 0.491936 0.179985 0.208149 0.00446919
39 0.804639 0.496578 0.0191895 0.0486493 0.00445431
0 0.771125 0.125401 0.101442 0.0897419 0.00442183
45 0.286284 0.351711 0.0786313 0.0155809 0.00433549
41 0.90593 0.508425 0.0176643 0.0268239 0.00428659
55 0.282331 0.336725 0.0699232 0.0338301 0.00427511
39 0.821253 0.498228 0.0194889 0.0463243 0.00426948
71 0.876929 0.370401 0.207141 0.0337334 0.00425938
45 0.286995 0.331109 0.0827257 0.0323387 0.00418368
41 0.896358 0.568711 0.0203583 0.0403792 0.00416857
39 0.920076 0.560781 0.0222187 0.0423646 0.00398168
45 0.608064 0.328234 0.0332878 0.0305696 0.00395018
71 0.860713 0.351237 0.180761 0.0197019 0.00390583
45 0.547507 0.0947314 0.10535 0.121078 0.00390044
41 0.881903 0.512641 0.0252228 0.0227129 0.00390014
41 0.822739 0.565931 0.0314941 0.0543987 0.00379759
45 0.69367 0.329289 0.0294958 0.0259912 0.00373468
45 0.28381 0.348076 0.072071 0.0175662 0.00371522
41 0.0546848 0.849008 0.0273967 0.0129011 0.00353873
69 0.623549 0.831326 0.237108 0.296541 0.00353527
41 0.848214 0.566368 0.0219419 0.0518807 0.00351995
41 0.909575 0.212933 0.0273857 0.0327489 0.00346974
71 0.287312 0.340686 0.0866792 0.0312902 0.00343728
72 0.74944 0.830578 0.492321 0.303869 0.00342777
39 0.310167 0.831525 0.111171 0.30389 0.00340438
72 0.416503 0.832105 0.167526 0.301434 0.00338915
41 0.69367 0.329289 0.0294958 0.0259912 0.00338155
47 0.282331 0.336725 0.0699232 0.0338301 0.00336176
74 0.290514 0.127262 0.0896109 0.104781 0.00333986
39 0.906492 0.565921 0.0338709 0.0475286 0.00331315
39 0.821841 0.509445 0.0183617 0.0252198 0.00331035
74 0.0858965 0.778444 0.0380528 0.0369382 0.00325751
45 0.890951 0.509004 0.0188192 0.0260097 0.00322393
39 0.919774 0.553204 0.0200359 0.0440329 0.00322214
72 0.594681 0.796058 0.177263 0.25027 0.00320351
32 0.754262 0.52402 0.0193274 0.0214874 0.0031859
73 0.904719 0.156017 0.0451468 0.0406093 0.00310123
58 0.29046 0.126853 0.0911744 0.10533 0.00304121
75 0.251752 0.158555 0.0189219 0.04102 0.00303653
41 0.703552 0.32884 0.0154394 0.0279907 0.00303537
68 0.770095 0.120419 0.122212 0.103298 0.00301686
69 0.527222 0.820329 0.0462601 0.185817 0.00296223
62 0.871369 0.831046 0.247927 0.299694 0.00292659
72 0.495308 0.49003 0.172187 0.206954 0.00292581
41 0.551587 0.325935 0.0749958 0.0867159 0.00288957
75 0.282331 0.336725 0.0699232 0.0338301 0.00285596
71 0.272956 0.360869 0.140926 0.025432 0.00284493
41 0.687563 0.329397 0.0307686 0.0263492 0.00284252
74 0.545939 0.296219 0.0436022 0.0273003 0.00282776
39 0.65988 0.22001 0.0224012 0.0496956 0.002794
45 0.543909 0.306886 0.0530165 0.0474757 0.00274611
41 0.288593 0.0861936 0.0380318 0.0242275 0.00274146
68 0.501531 0.335844 0.184766 0.0769725 0.00273472
17 0.311032 0.832245 0.110817 0.301068 0.00273401
74 0.0546848 0.849008 0.0273967 0.0129011 0.00272757
41 0.833247 0.509055 0.0183041 0.0263572 0.00272483
39 0.831316 0.498254 0.0208994 0.0457032 0.00268319
24 0.311032 0.832245 0.110817 0.301068 0.00267008
71 0.871431 0.473181 0.215265 0.267418 0.00265568
70 0.551956 0.326177 0.0770877 0.0864934 0.00263602
41 0.851991 0.567223 0.0192108 0.0492755 0.00262794
11 0.43192 0.905454 0.134787 0.156418 0.00262749
75 0.714342 0.261051 0.0521234 0.0579463 0.00262007
71 0.35818 0.359029 0.122608 0.0396617 0.00261733
60 0.553637 0.660799 0.823943 0.140611 0.00261393
39 0.840429 0.49796 0.0211315 0.0429873 0.00261131
71 0.477928 0.324842 0.115884 0.0466684 0.00259137
39 0.793136 0.557264 0.0270279 0.0582853 0.00255662
64 0.0533583 0.847584 0.0301493 0.0133101 0.00254333
39 0.890306 0.50108 0.0203812 0.0401622 0.0025214
41 0.176082 0.847423 0.0327962 0.0136459 0.00245866
72 0.873841 0.47152 0.214124 0.257352 0.00245842
14 0.310516 0.832092 0.110502 0.30205 0.00243402
58 0.902855 0.155195 0.0471628 0.0384752 0.00243181
39 0.810346 0.566826 0.0268059 0.0509058 0.00242832
39 0.833247 0.509055 0.0183041 0.0263572 0.00241122
75 0.544966 0.336755 0.0666678 0.0567251 0.00240117
75 0.649462 0.277238 0.0679713 0.072487 0.00239852
41 0.840021 0.508471 0.0210379 0.0268297 0.0023976
41 0.311032 0.832245 0.110817 0.301068 0.00235066
74 0.692352 0.212647 0.0339033 0.0345891 0.00233325
75 0.861858 0.311139 0.0201328 0.0660122 0.00232291
70 0.413511 0.15178 0.0452539 0.0574673 0.0022833
58 0.687702 0.144172 0.0292225 0.070638 0.00228176
41 0.649347 0.277481 0.0675636 0.0728323 0.00226957
26 0.547463 0.339181 0.0707405 0.0519543 0.00225845
58 0.854064 0.114027 0.050436 0.0342309 0.00225675
39 0.846811 0.542865 0.0240021 0.035845 0.00224045
74 0.537547 0.084574 0.0365362 0.0461464 0.00223708
39 0.875226 0.155453 0.0196758 0.0501784 0.0022274
73 0.683449 0.409744 0.0430088 0.0207914 0.00219578
45 0.687563 0.329397 0.0307686 0.0263492 0.00216079
60 0.314945 0.437019 0.212643 0.234275 0.00211355
45 0.754262 0.52402 0.0193274 0.0214874 0.00210202
39 0.882343 0.494193 0.0267879 0.0454144 0.00208071
66 0.317558 0.359173 0.203683 0.0407596 0.00207672
47 0.291602 0.136255 0.0889596 0.0870847 0.00205633
64 0.684511 0.410209 0.0435467 0.0186727 0.00203049
66 0.688064 0.360951 0.206405 0.0397473 0.00201359
74 0.366562 0.139458 0.0485464 0.0812283 0.00199097
60 0.514365 0.711038 0.894235 0.248259 0.00198925
39 0.90587 0.497748 0.0184246 0.0446462 0.00195962
41 0.846668 0.154355 0.0423187 0.0549983 0.00194806
41 0.856553 0.50937 0.0169544 0.0237303 0.00193155
35 0.310167 0.831525 0.111171 0.30389 0.00193083
41 0.687702 0.144172 0.0292225 0.070638 0.00191587
74 0.770851 0.125815 0.0995522 0.0877912 0.00189409
74 0.903681 0.157051 0.0468979 0.0432661 0.00188774
41 0.872577 0.489384 0.0199532 0.0331591 0.00188529
71 0.547756 0.336486 0.0727573 0.0590432 0.00188377
41 0.890306 0.50108 0.0203812 0.0401622 0.00187567
41 0.291602 0.136255 0.0889596 0.0870847 0.00186282
73 0.688064 0.360951 0.206405 0.0397473 0.00185734
39 0.883496 0.50966 0.0294338 0.0262805 0.00185037
45 0.881903 0.512641 0.0252228 0.0227129 0.00184923
45 0.883496 0.50966 0.0294338 0.0262805 0.00184554
41 0.282722 0.339487 0.0692681 0.0263 0.00183845
39 0.870024 0.537587 0.0170403 0.0240558 0.00183585
39 0.804906 0.487675 0.0181587 0.0335077 0.0018329
39 0.840021 0.508471 0.0210379 0.0268297 0.00183141
39 0.795204 0.569039 0.0270611 0.0420866 0.00182682
45 0.913811 0.21253 0.0213898 0.03196 0.00181612
71 0.499492 0.355325 0.152165 0.0256789 0.00181219
39 0.803281 0.546536 0.0225536 0.0433605 0.0018115
45 0.860817 0.358921 0.184252 0.0329423 0.00178653
45 0.281132 0.322028 0.0700521 0.02655 0.00178218
39 0.852162 0.539171 0.0201843 0.0285024 0.00178152
39 0.890951 0.509004 0.0188192 0.0260097 0.00176424
68 0.624829 0.830846 0.238039 0.298937 0.00175256
73 0.875232 0.156001 0.0181732 0.04934 0.00174442
41 0.868769 0.48444 0.0196899 0.0275161 0.0017437
40 0.687702 0.144172 0.0292225 0.070638 0.00174031
73 0.387333 0.357323 0.068021 0.0354356 0.00172305
60 0.590056 0.805163 0.806446 0.349837 0.00170568
39 0.942273 0.560463 0.0205742 0.0665763 0.00170216
58 0.935524 0.158584 0.0194485 0.0430352 0.00169957
45 0.52791 0.327558 0.127327 0.0849881 0.00169453
39 0.819439 0.547223 0.0188652 0.0444076 0.00167793
39 0.933159 0.561054 0.018668 0.063611 0.00167426
41 0.846229 0.55822 0.0288647 0.065295 0.00166526
74 0.561556 0.0982285 0.0457306 0.0610584 0.0016568
75 0.400881 0.150328 0.0223543 0.0582828 0.0016486
71 0.283096 0.337038 0.0703983 0.0334803 0.00163332
41 0.88581 0.559076 0.0193771 0.0573534 0.00163168
69 0.129287 0.389626 0.23113 0.442379 0.00162783
58 0.282331 0.336725 0.0699232 0.0338301 0.00161591
41 0.851692 0.560016 0.0229172 0.0599007 0.00161502
73 0.431417 0.905136 0.135917 0.15633 0.00160766
41 0.894484 0.561961 0.0188509 0.0469415 0.00159982
60 0.874346 0.469585 0.2132 0.259905 0.00158697
63 0.502225 0.335619 0.183344 0.0794791 0.00158286
69 0.31384 0.359726 0.211751 0.045224 0.00157332
60 0.619219 0.452852 0.717065 0.298267 0.00157163
39 0.90593 0.508425 0.0176643 0.0268239 0.00156829
39 0.873475 0.50986 0.0194517 0.025124 0.00156656
39 0.872577 0.489384 0.0199532 0.0331591 0.00156525
72 0.492121 0.830876 0.407615 0.302323 0.00156063
60 0.566378 0.639357 0.836918 0.086843 0.00155446
65 0.0533583 0.847584 0.0301493 0.0133101 0.00155222
75 0.394284 0.148209 0.0203775 0.0622535 0.00154749
41 0.870648 0.512416 0.0265692 0.0230525 0.00152487
70 0.52791 0.327558 0.127327 0.0849881 0.00152257
39 0.831085 0.539045 0.0159838 0.0291083 0.00151554
41 0.870627 0.559605 0.0213726 0.0602139 0.00151497
39 0.883624 0.537267 0.0189636 0.0238908 0.0015094
41 0.90587 0.497748 0.0184246 0.0446462 0.00150874
70 0.291602 0.136255 0.0889596 0.0870847 0.00150132
41 0.882343 0.494193 0.0267879 0.0454144 0.00149846
69 0.874346 0.469585 0.2132 0.259905 0.00149247
75 0.254584 0.138698 0.0252784 0.0820011 0.00149223
