0 0.451485 0.477948 0.0723063 0.146975 0.481521
20 0.622151 0.557559 0.0783152 0.0941097 0.470059
17 0.459067 0.584589 0.229976 0.171688 0.394493
20 0.461294 0.585953 0.226647 0.177972 0.36437
0 0.631062 0.473923 0.0640921 0.108859 0.25974
0 0.0643011 0.60862 0.0349879 0.0609326 0.1734
0 0.683102 0.429374 0.0454647 0.181453 0.166966
17 0.622151 0.557559 0.0783152 0.0941097 0.121593
20 0.632626 0.543243 0.0986082 0.124354 0.102228
20 0.716476 0.435025 0.112991 0.195646 0.0887279
0 0.623661 0.454937 0.0434282 0.0624682 0.0858718
0 0.624771 0.442534 0.0376905 0.0740789 0.0792418
0 0.626203 0.458286 0.0324315 0.047037 0.0638289
20 0.73999 0.470986 0.057346 0.127215 0.0622921
0 0.450171 0.449253 0.0600586 0.0998275 0.0485365
0 0.626918 0.450904 0.0279619 0.0495787 0.0484651
0 0.38109 0.463329 0.0260079 0.100279 0.0480218
0 0.626373 0.481413 0.053746 0.0898845 0.0423216
0 0.630802 0.446737 0.0488821 0.072514 0.0410512
0 0.631128 0.496904 0.0659489 0.0752959 0.0369417
0 0.6852 0.390856 0.0372061 0.106811 0.036857
17 0.635182 0.533837 0.100666 0.140548 0.0342564
20 0.641488 0.528684 0.116784 0.153499 0.0306851
0 0.617435 0.55224 0.0674948 0.104715 0.0282679
20 0.692266 0.444732 0.165258 0.207221 0.0278943
0 0.635353 0.485186 0.0618865 0.0792164 0.0243571
20 0.733707 0.453059 0.0712101 0.163511 0.0238152
0 0.380002 0.468066 0.0342572 0.105455 0.0235378
0 0.715417 0.435915 0.106353 0.19281 0.0228887
0 0.452276 0.439155 0.0424103 0.0806227 0.0227352
0 0.638833 0.483806 0.0796549 0.106067 0.0217053
0 0.448223 0.433957 0.0304569 0.0683895 0.0212066
0 0.627979 0.52692 0.0765602 0.114602 0.0205863
19 0.460802 0.581725 0.229045 0.160425 0.0192689
17 0.620829 0.539663 0.0737904 0.128509 0.0191558
20 0.063844 0.610579 0.03465 0.0655107 0.0177757
9 0.0642661 0.608058 0.0351336 0.0610161 0.0176311
0 0.621995 0.494823 0.0449099 0.0576214 0.0171034
20 0.67911 0.468858 0.190105 0.256956 0.0170974
0 0.465133 0.458996 0.038667 0.0758961 0.0160815
20 0.70144 0.474036 0.136592 0.141779 0.0160767
20 0.0505501 0.612466 0.0615275 0.071655 0.0158701
19 0.618021 0.55896 0.0711506 0.0907173 0.01582
0 0.68778 0.374131 0.0317429 0.0704202 0.0157566
0 0.323275 0.444462 0.0204319 0.0683934 0.0153369
0 0.630953 0.511958 0.0811813 0.086842 0.0140762
20 0.678802 0.519584 0.191566 0.171784 0.0140681
17 0.627979 0.52692 0.0765602 0.114602 0.0140288
0 0.381118 0.441734 0.0253354 0.0513017 0.0139887
0 0.446852 0.420432 0.0221737 0.0400363 0.013911
0 0.441732 0.469471 0.0625341 0.107824 0.013655
0 0.370236 0.4671 0.0501296 0.110481 0.0136054
0 0.63938 0.495184 0.0525407 0.0611165 0.0133686
0 0.738027 0.472158 0.0520926 0.126111 0.0133307
17 0.638833 0.483806 0.0796549 0.106067 0.0124529
17 0.630953 0.511958 0.0811813 0.086842 0.0123475
0 0.0555681 0.612434 0.0514791 0.0689307 0.0117418
24 0.0642929 0.609017 0.0357106 0.0604818 0.0113967
0 0.682709 0.402753 0.042406 0.134124 0.0110735
24 0.621995 0.494823 0.0449099 0.0576214 0.0109792
0 0.462244 0.506214 0.0552431 0.0926599 0.00969478
24 0.62307 0.480312 0.0464373 0.0813646 0.00968233
0 0.442327 0.461693 0.050506 0.085086 0.0093222
0 0.376895 0.474647 0.0460569 0.12516 0.00931188
0 0.626419 0.43429 0.0313079 0.0651115 0.00927529
20 0.682092 0.429483 0.04526 0.181136 0.00922823
0 0.652093 0.432958 0.105132 0.185643 0.00843385
0 0.672331 0.489629 0.037071 0.064621 0.00721285
17 0.631706 0.502265 0.0688337 0.0681304 0.00666988
17 0.631584 0.469632 0.063949 0.112977 0.00666517
20 0.732494 0.495362 0.0404497 0.0787093 0.00665873
3 0.632138 0.485771 0.0660307 0.0869049 0.00651979
0 0.0955683 0.605701 0.0130661 0.0282905 0.00590956
0 0.664821 0.492025 0.0472058 0.0616111 0.0055925
0 0.324442 0.449118 0.0265534 0.0810322 0.00535271
0 0.448652 0.508672 0.0728155 0.0875774 0.00535133
19 0.635182 0.533837 0.100666 0.140548 0.00525019
0 0.468914 0.488476 0.0425831 0.126969 0.00516698
20 0.386965 0.542959 0.0871719 0.0644003 0.0050357
21 0.616616 0.561411 0.0669718 0.0886886 0.00493366
0 0.427288 0.48551 0.0377037 0.0629958 0.00480136
0 0.733707 0.453059 0.0712101 0.163511 0.004675
17 0.420783 0.539983 0.151968 0.0833545 0.00466734
0 0.670822 0.426102 0.0695808 0.181273 0.00462025
56 0.462244 0.506214 0.0552431 0.0926599 0.00460091
3 0.63938 0.495184 0.0525407 0.0611165 0.00457075
3 0.631706 0.502265 0.0688337 0.0681304 0.00447991
17 0.387026 0.545362 0.0849697 0.0706628 0.00434494
0 0.677084 0.481803 0.0389835 0.0815807 0.00419876
1 0.631706 0.502265 0.0688337 0.0681304 0.00419822
0 0.734163 0.489363 0.0436115 0.0902475 0.00418964
1 0.464925 0.51078 0.0567081 0.0824562 0.00417161
1 0.635353 0.485186 0.0618865 0.0792164 0.00416705
1 0.63938 0.495184 0.0525407 0.0611165 0.0039953
0 0.645495 0.509366 0.0569988 0.0823968 0.00399238
0 0.682675 0.367428 0.0402829 0.0631442 0.00398529
0 0.699152 0.437509 0.0576382 0.159089 0.0039742
0 0.0429784 0.615646 0.0361284 0.0613786 0.00392044
0 0.720852 0.472117 0.0641342 0.131759 0.00389761
0 0.635182 0.533837 0.100666 0.140548 0.00381947
2 0.0642929 0.609017 0.0357106 0.0604818 0.00369731
0 0.694541 0.421115 0.0446192 0.141016 0.00362399
17 0.641052 0.498976 0.0514337 0.0610432 0.00356597
0 0.731084 0.49789 0.0376113 0.0724017 0.00353843
17 0.46451 0.523954 0.052134 0.0574028 0.0034976
0 0.399277 0.459702 0.0594559 0.104715 0.00349393
17 0.0643011 0.60862 0.0349879 0.0609326 0.00348398
17 0.645495 0.509366 0.0569988 0.0823968 0.00348374
0 0.46482 0.52434 0.0527946 0.0585857 0.00347534
17 0.714492 0.433903 0.110133 0.193428 0.00344089
7 0.460802 0.581725 0.229045 0.160425 0.00343159
24 0.635353 0.485186 0.0618865 0.0792164 0.00337398
26 0.62307 0.480312 0.0464373 0.0813646 0.00332177
20 0.049505 0.626544 0.0677026 0.100372 0.00331095
17 0.619441 0.529697 0.0627068 0.0804598 0.00330439
17 0.620842 0.499675 0.0395512 0.0529943 0.00327131
0 0.629661 0.429547 0.0440972 0.0874441 0.00325873
20 0.0890596 0.608008 0.0884215 0.0704831 0.00320226
24 0.442327 0.461693 0.050506 0.085086 0.00318298
0 0.210794 0.506875 0.0173389 0.0286969 0.00317395
0 0.423343 0.494134 0.0317148 0.0561291 0.00309277
0 0.386001 0.454122 0.0334873 0.0820935 0.00307918
0 0.0359772 0.611849 0.0432609 0.0729165 0.00307149
0 0.439573 0.498711 0.0636713 0.0719341 0.00305632
56 0.462626 0.52214 0.0530062 0.0612759 0.00304663
0 0.244292 0.374963 0.0370542 0.140236 0.00285786
26 0.621995 0.494823 0.0449099 0.0576214 0.00285271
0 0.69823 0.395549 0.0496542 0.105332 0.00285158
0 0.619441 0.529697 0.0627068 0.0804598 0.00283676
0 0.6856 0.361542 0.0339909 0.0512423 0.00269973
20 0.511665 0.656218 0.0482813 0.0428708 0.00268608
3 0.638833 0.483806 0.0796549 0.106067 0.00267306
17 0.487971 0.551642 0.173113 0.120675 0.00265789
24 0.465133 0.458996 0.038667 0.0758961 0.00264612
17 0.740899 0.472562 0.057337 0.124801 0.00263885
9 0.0955683 0.605701 0.0130661 0.0282905 0.00260916
1 0.620842 0.499675 0.0395512 0.0529943 0.00257733
20 0.494456 0.608757 0.151786 0.148081 0.00252736
24 0.463025 0.522116 0.0549465 0.0611238 0.00251076
20 0.731302 0.47471 0.0395443 0.120165 0.00249845
1 0.638833 0.483806 0.0796549 0.106067 0.00248966
24 0.621412 0.458158 0.0412446 0.0696759 0.00246879
17 0.626373 0.481413 0.053746 0.0898845 0.00245538
0 0.472651 0.464539 0.0282946 0.0758007 0.00244942
19 0.630953 0.511958 0.0811813 0.086842 0.00243425
0 0.0520069 0.620829 0.0640889 0.0861658 0.00241497
24 0.68778 0.374131 0.0317429 0.0704202 0.00240642
19 0.633873 0.55553 0.102066 0.0998578 0.00234646
20 0.661943 0.585552 0.178843 0.194088 0.0023455
24 0.450171 0.449253 0.0600586 0.0998275 0.00233477
21 0.716476 0.435025 0.112991 0.195646 0.00232959
24 0.446852 0.420432 0.0221737 0.0400363 0.00223026
13 0.456876 0.511677 0.0633785 0.0830217 0.00216675
17 0.679037 0.47485 0.194225 0.224376 0.00209752
24 0.63938 0.495184 0.0525407 0.0611165 0.00208116
24 0.055983 0.612084 0.0512335 0.0683201 0.00206542
17 0.683102 0.429374 0.0454647 0.181453 0.0020512
1 0.626373 0.481413 0.053746 0.0898845 0.00202838
20 0.616413 0.566965 0.0660902 0.0747417 0.00199497
24 0.451107 0.473672 0.0680969 0.128129 0.00189117
0 0.44757 0.411045 0.023694 0.0474777 0.0018909
17 0.635353 0.485186 0.0618865 0.0792164 0.00188568
19 0.645495 0.509366 0.0569988 0.0823968 0.00187767
56 0.448652 0.508672 0.0728155 0.0875774 0.00184819
26 0.621412 0.458158 0.0412446 0.0696759 0.00182173
17 0.534739 0.550137 0.0831449 0.0911468 0.00180101
19 0.641052 0.498976 0.0514337 0.0610432 0.00179645
0 0.421259 0.501003 0.0270467 0.0436694 0.00179359
17 0.412717 0.556269 0.0871366 0.0932717 0.00178596
24 0.686569 0.386497 0.0346064 0.0962292 0.00178334
0 0.387915 0.464673 0.0426838 0.108381 0.00176376
58 0.0642929 0.609017 0.0357106 0.0604818 0.0017437
0 0.710917 0.448706 0.0750845 0.139017 0.00172308
0 0.449737 0.521223 0.0785492 0.075118 0.00171298
0 0.42447 0.474071 0.0328428 0.076855 0.00169751
19 0.620829 0.539663 0.0737904 0.128509 0.00169533
0 0.493786 0.499577 0.163972 0.172609 0.00168034
3 0.620842 0.499675 0.0395512 0.0529943 0.00166649
24 0.628683 0.478593 0.0589012 0.0953754 0.00165081
5 0.459493 0.584803 0.230075 0.170503 0.00164095
26 0.446852 0.420432 0.0221737 0.0400363 0.00163496
24 0.423343 0.494134 0.0317148 0.0561291 0.00162816
17 0.393459 0.556865 0.102392 0.0896694 0.00162295
19 0.714317 0.446032 0.109238 0.177934 0.0015873
24 0.672331 0.489629 0.037071 0.064621 0.00158134
24 0.621909 0.527108 0.0613039 0.114365 0.00155726
17 0.436782 0.548152 0.136845 0.0764288 0.00155646
19 0.0642661 0.608058 0.0351336 0.0610161 0.00155333
24 0.616747 0.56048 0.0665409 0.0907368 0.00148427
24 0.441732 0.469471 0.0625341 0.107824 0.00147659
20 0.630953 0.511958 0.0811813 0.086842 0.0014737
0 0.626485 0.410495 0.0359312 0.114447 0.00144702
26 0.423343 0.494134 0.0317148 0.0561291 0.00144494
24 0.619441 0.529697 0.0627068 0.0804598 0.00143895
20 0.436782 0.548152 0.136845 0.0764288 0.00143519
17 0.450552 0.48127 0.075858 0.151213 0.00142118
24 0.448223 0.433957 0.0304569 0.0683895 0.00141385
19 0.664821 0.492025 0.0472058 0.0616111 0.00140849
0 0.031725 0.627577 0.030463 0.0413025 0.00140041
20 0.516798 0.661294 0.054664 0.0502392 0.00139931
20 0.627979 0.52692 0.0765602 0.114602 0.00138259
56 0.620842 0.499675 0.0395512 0.0529943 0.00136295
0 0.443495 0.440422 0.0470156 0.0792224 0.00132924
20 0.412717 0.556269 0.0871366 0.0932717 0.00131741
19 0.386965 0.542959 0.0871719 0.0644003 0.0012995
26 0.442327 0.461693 0.050506 0.085086 0.00129101
0 0.729787 0.444821 0.0381321 0.0775419 0.00128803
0 0.0978779 0.607643 0.0213843 0.0456302 0.00126696
17 0.402402 0.565715 0.119495 0.109462 0.00126612
20 0.532402 0.590513 0.431671 0.211731 0.00126502
0 0.469611 0.455372 0.0337328 0.0877013 0.00126484
17 0.381699 0.465919 0.0296585 0.103112 0.00126308
20 0.534739 0.550137 0.0831449 0.0911468 0.00125313
0 0.840592 0.554256 0.0865417 0.139658 0.00122941
24 0.452276 0.439155 0.0424103 0.0806227 0.00120351
17 0.401889 0.536429 0.053774 0.0493428 0.0011946
26 0.635353 0.485186 0.0618865 0.0792164 0.00119323
26 0.466594 0.462632 0.0376749 0.0813316 0.00119123
0 0.684775 0.436521 0.16479 0.203329 0.00118351
20 0.508769 0.658424 0.0569065 0.0559215 0.00118035
24 0.631128 0.496904 0.0659489 0.0752959 0.00117964
16 0.682182 0.43013 0.0455376 0.182342 0.00116903
12 0.0643016 0.608702 0.0359899 0.0607235 0.00116506
26 0.0642929 0.609017 0.0357106 0.0604818 0.00115332
20 0.673314 0.546335 0.192268 0.121342 0.00115281
20 0.638833 0.483806 0.0796549 0.106067 0.00114807
20 0.502046 0.641445 0.101318 0.092878 0.00114247
20 0.409674 0.542075 0.135029 0.0705518 0.00114122
17 0.0429784 0.615646 0.0361284 0.0613786 0.00113991
20 0.720852 0.472117 0.0641342 0.131759 0.00113937
0 0.445038 0.519462 0.103487 0.100637 0.00113392
17 0.0555681 0.612434 0.0514791 0.0689307 0.00113076
19 0.638833 0.483806 0.0796549 0.106067 0.00112697
17 0.452051 0.56485 0.216757 0.111757 0.00111523
20 0.686795 0.595548 0.290793 0.257921 0.00111496
0 0.477744 0.525136 0.0529725 0.0598619 0.00111014
17 0.669653 0.490938 0.0409917 0.0619234 0.00110823
7 0.641488 0.528684 0.116784 0.153499 0.00110638
20 0.521379 0.563394 0.109583 0.118545 0.00110376
19 0.740899 0.472562 0.057337 0.124801 0.00110176
0 0.731161 0.440964 0.0321088 0.0585938 0.00109586
17 0.686569 0.386497 0.0346064 0.0962292 0.00108799
20 0.824009 0.432699 0.331075 0.378916 0.00108588
17 0.652093 0.432958 0.105132 0.185643 0.00105
26 0.464925 0.51078 0.0567081 0.0824562 0.0010438
16 0.620842 0.499675 0.0395512 0.0529943 0.00103647
0 0.410368 0.457161 0.0423974 0.111173 0.00103587
17 0.731302 0.47471 0.0395443 0.120165 0.00103587
13 0.462626 0.52214 0.0530062 0.0612759 0.00103107
56 0.641052 0.498976 0.0514337 0.0610432 0.00102773
26 0.463025 0.522116 0.0549465 0.0611238 0.00102565
20 0.495842 0.640497 0.0733853 0.0654019 0.00102535
0 0.432245 0.566999 0.0402597 0.106841 0.00102407
19 0.627979 0.52692 0.0765602 0.114602 0.00101635
0 0.24024 0.336118 0.029351 0.0461322 0.00101078
24 0.448652 0.508672 0.0728155 0.0875774 0.00100532
