59 0.5 0.5 1 1 0.370891
60 0.699863 0.5 0.600273 1 0.0190376
60 0.5 0.5 1 1 0.0165569
59 0.699863 0.5 0.600273 1 0.0109737
0 0.5 0.498765 1 0.997529 0.00787216
0 0.104355 0.71611 0.208709 0.567779 0.00520375
59 0.316318 0.526345 0.632635 0.94731 0.00511482
74 0.564783 0.36176 0.0266904 0.052556 0.00497332
0 0.227112 0.568908 0.454224 0.862185 0.00420207
0 0.168892 0.700939 0.337784 0.598123 0.00366059
60 0.316318 0.526345 0.632635 0.94731 0.00304556
0 0.711053 0.911935 0.577893 0.17613 0.00299799
0 0.743155 0.943115 0.51369 0.11377 0.00297394
75 0.699863 0.5 0.600273 1 0.00282878
0 0.667553 0.737382 0.664894 0.525236 0.00249448
0 0.681663 0.520162 0.392127 0.959675 0.00243965
0 0.312849 0.5 0.625698 1 0.00227642
0 0.391463 0.829379 0.724203 0.341242 0.00215781
0 0.100235 0.5 0.20047 1 0.00198662
56 0.5 0.498765 1 0.997529 0.00189254
0 0.716853 0.5 0.566293 1 0.00169998
0 0.401365 0.951138 0.691792 0.0977247 0.00166002
59 0.559642 0.685743 0.854872 0.628513 0.00164944
59 0.578416 0.816832 0.815885 0.366336 0.00162947
0 0.623253 0.966841 0.752524 0.0663171 0.00161132
0 0.844794 0.852276 0.310412 0.295449 0.00156832
0 0.564783 0.36176 0.0266904 0.052556 0.0015569
0 0.0930059 0.14577 0.186012 0.291541 0.00151384
0 0.783376 0.841046 0.433248 0.317908 0.00148326
0 0.619631 0.814341 0.760738 0.371317 0.00139257
0 0.107808 0.219638 0.215617 0.439277 0.00134695
25 0.431958 0.263697 0.0531252 0.130475 0.00127572
0 0.292881 0.763506 0.585761 0.472987 0.00124422
73 0.502456 0.5 0.995088 1 0.00113302
0 0.551738 0.327288 0.0697865 0.139991 0.00113299
59 0.738011 0.838226 0.523978 0.323547 0.00112718
59 0.743155 0.943115 0.51369 0.11377 0.00111875
0 0.142652 0.620545 0.285304 0.758911 0.00110635
74 0.699863 0.5 0.600273 1 0.00107834
38 0.5 0.5 1 1 0.00107378
59 0.560012 0.970723 0.760875 0.0585532 0.00106162
54 0.565165 0.361536 0.024929 0.0506573 0.00105071
25 0.640965 0.198805 0.0713207 0.110448 0.00105023
