60 0.5 0.520218 1 0.959564 0.110551
59 0.5 0.5 1 1 0.028394
0 0.108099 0.723758 0.216198 0.552484 0.0246938
0 0.886477 0.745095 0.227045 0.50981 0.0176734
60 0.552889 0.183614 0.894221 0.367228 0.0146294
60 0.484688 0.5 0.969375 1 0.0141414
0 0.180232 0.494536 0.360464 0.989073 0.0128487
0 0.313569 0.182901 0.627137 0.365801 0.0128456
0 0.880949 0.823679 0.238101 0.352641 0.0122086
0 0.168042 0.743323 0.336085 0.513354 0.0118683
0 0.283794 0.5 0.567588 1 0.0112264
0 0.117062 0.275611 0.234124 0.551222 0.0102052
0 0.075525 0.75182 0.15105 0.49636 0.0101238
0 0.0906125 0.187314 0.181225 0.374629 0.00915185
0 0.296135 0.323632 0.592269 0.647264 0.00887805
0 0.239274 0.252303 0.478549 0.504607 0.00878146
0 0.408203 0.193765 0.6902 0.387531 0.00807363
0 0.224018 0.177218 0.448036 0.354436 0.00786373
59 0.5 0.557792 1 0.884416 0.00706831
0 0.0503945 0.76682 0.100789 0.46636 0.00631872
0 0.121463 0.621762 0.242927 0.756476 0.00564563
0 0.253854 0.71284 0.507709 0.57432 0.0053308
0 0.894605 0.618047 0.210789 0.763907 0.00532767
0 0.843051 0.211761 0.313897 0.423522 0.00514823
0 0.916134 0.200967 0.167731 0.401934 0.00477019
0 0.0754149 0.620765 0.15083 0.758471 0.00461474
0 0.388883 0.38733 0.75898 0.774659 0.00455219
0 0.929211 0.140361 0.141579 0.280722 0.00413287
0 0.906217 0.44365 0.187566 0.8873 0.00388938
0 0.855282 0.90932 0.289436 0.181361 0.00350419
0 0.673211 0.821268 0.653578 0.357464 0.00330126
74 0.0579665 0.946823 0.0187195 0.0251032 0.00324652
0 0.162098 0.820542 0.324196 0.358915 0.00297064
0 0.254858 0.845791 0.509717 0.308418 0.00292775
59 0.537684 0.190169 0.924631 0.380338 0.00283068
74 0.0834323 0.946825 0.0185815 0.0253912 0.00280592
0 0.717632 0.910022 0.564736 0.179957 0.0026482
60 0.299727 0.5 0.599453 1 0.00260508
0 0.681988 0.5 0.636024 1 0.00249803
59 0.484688 0.5 0.969375 1 0.00241747
0 0.897713 0.865061 0.204574 0.269878 0.00239161
74 0.028627 0.965751 0.0448715 0.0641658 0.00232771
0 0.290323 0.645128 0.580646 0.709744 0.00211033
0 0.351285 0.87961 0.70257 0.24078 0.00183141
0 0.0896372 0.530294 0.179274 0.939412 0.00178087
0 0.927163 0.367469 0.145674 0.734937 0.00176468
0 0.5 0.53953 1 0.92094 0.00173688
0 0.764458 0.162353 0.471084 0.324705 0.0017291
0 0.573195 0.5 0.85361 1 0.00170484
59 0.299727 0.5 0.599453 1 0.00162229
0 0.0641788 0.131668 0.128358 0.263337 0.00156984
0 0.0709526 0.299457 0.141905 0.598914 0.00154552
74 0.105121 0.945637 0.0224794 0.0250045 0.0015004
0 0.516247 0.850156 0.967507 0.299688 0.00146908
0 0.628743 0.180107 0.742515 0.360214 0.00141415
74 0.0266059 0.961011 0.0331992 0.0537189 0.00133929
0 0.621663 0.896681 0.756673 0.206638 0.00132126
0 0.0464926 0.832311 0.0929852 0.335377 0.00130588
0 0.864963 0.144122 0.270075 0.288243 0.00129911
60 0.627446 0.112336 0.67824 0.224672 0.00127918
0 0.841671 0.496276 0.316657 0.992553 0.00116888
75 0.5 0.561978 1 0.876044 0.00114775
0 0.421935 0.5 0.843871 1 0.00110209
11 0.0579665 0.946823 0.0187195 0.0251032 0.00109309
