0 0.82448 0.692886 0.344487 0.599608 0.921032
0 0.500773 0.615795 0.227656 0.749555 0.901051
0 0.303074 0.596075 0.217482 0.786664 0.881197
56 0.815231 0.702984 0.352774 0.571822 0.287827
26 0.114297 0.827852 0.134748 0.344297 0.227289
56 0.0905299 0.704858 0.179695 0.571673 0.149482
57 0.816061 0.829248 0.362186 0.322972 0.106908
24 0.115672 0.827468 0.134858 0.338462 0.0932778
57 0.764381 0.70088 0.466484 0.574282 0.0833538
65 0.476735 0.454498 0.0183287 0.0210148 0.0778088
65 0.808726 0.691288 0.0511169 0.0542493 0.0720358
57 0.54665 0.694298 0.903958 0.554689 0.0720313
56 0.116775 0.827826 0.129052 0.335804 0.059076
65 0.824719 0.691382 0.0853895 0.063748 0.0496198
57 0.806712 0.699111 0.316243 0.564012 0.0486059
0 0.952956 0.94041 0.0940876 0.116065 0.0456845
65 0.476487 0.45197 0.0207149 0.0265636 0.0455392
57 0.385302 0.789984 0.694932 0.378815 0.0454428
65 0.537386 0.595969 0.030274 0.0313703 0.0419404
56 0.78912 0.597658 0.271025 0.377849 0.0368185
74 0.685067 0.0470519 0.129124 0.0915176 0.0362053
57 0.420423 0.826486 0.840846 0.31337 0.0344478
26 0.0954011 0.847604 0.084985 0.171151 0.0340338
56 0.0491656 0.620044 0.0969397 0.397928 0.0329527
65 0.829713 0.708335 0.0745147 0.03289 0.029352
56 0.276539 0.705823 0.552087 0.572575 0.0278296
56 0.701984 0.537187 0.0981135 0.228421 0.0270566
26 0.123746 0.80602 0.104275 0.296095 0.0257268
67 0.27282 0.356401 0.0227481 0.0451725 0.024308
65 0.846197 0.711725 0.0423317 0.0260278 0.0226951
26 0.151291 0.84576 0.0429374 0.193369 0.0223282
65 0.829386 0.714995 0.0769878 0.0271628 0.0213971
65 0.480266 0.362705 0.016402 0.0370392 0.0210772
65 0.81008 0.706925 0.114444 0.0491565 0.0202429
0 0.952054 0.849253 0.0951088 0.293496 0.019792
26 0.107181 0.729996 0.146982 0.531876 0.0192798
65 0.469488 0.359611 0.0177318 0.0523687 0.018843
56 0.816061 0.829248 0.362186 0.322972 0.0187925
57 0.0803792 0.61556 0.159021 0.390884 0.0163481
57 0.0910866 0.708166 0.180134 0.571553 0.0162292
67 0.476735 0.454498 0.0183287 0.0210148 0.0158547
57 0.928823 0.847322 0.140296 0.288681 0.0156509
56 0.0803792 0.61556 0.159021 0.390884 0.0154857
67 0.271695 0.350305 0.0253927 0.0609416 0.015305
57 0.0405083 0.614713 0.0800903 0.38635 0.0152818
57 0.88401 0.845951 0.230591 0.295135 0.0149119
65 0.472897 0.360848 0.0265705 0.0565762 0.0149032
57 0.728693 0.83684 0.177524 0.296849 0.0147285
56 0.700846 0.613648 0.0985525 0.381676 0.0145208
26 0.136284 0.84507 0.0973093 0.301535 0.0143106
57 0.385675 0.654177 0.590603 0.656079 0.0142098
65 0.816065 0.687287 0.045689 0.0542997 0.0136852
56 0.952597 0.804894 0.0844109 0.210676 0.0136059
56 0.950112 0.844933 0.0969464 0.290373 0.0132002
56 0.723678 0.696665 0.552644 0.572931 0.0125936
65 0.842158 0.71501 0.0518541 0.0271253 0.0125165
67 0.480266 0.362705 0.016402 0.0370392 0.011177
26 0.935729 0.974565 0.111878 0.0508703 0.0106806
56 0.867535 0.511321 0.0726312 0.17024 0.0103901
26 0.0960355 0.826328 0.0938134 0.329908 0.0102438
56 0.54665 0.694298 0.903958 0.554689 0.00986773
56 0.928823 0.847322 0.140296 0.288681 0.00978485
56 0.624145 0.805622 0.0670429 0.323906 0.00954661
26 0.153202 0.838871 0.0420182 0.146093 0.00953218
65 0.466172 0.360112 0.0182581 0.0558809 0.00941792
65 0.463063 0.36293 0.0166286 0.0635558 0.00911593
24 0.0962902 0.761891 0.173731 0.46549 0.00893983
65 0.803994 0.697325 0.135645 0.0748299 0.00893563
65 0.856268 0.690961 0.142486 0.0626261 0.00879589
24 0.0954011 0.847604 0.084985 0.171151 0.00877663
65 0.48008 0.443 0.0313584 0.0534675 0.00846511
65 0.469703 0.365391 0.0308034 0.0695977 0.0084109
26 0.950112 0.844933 0.0969464 0.290373 0.00834161
28 0.115611 0.825316 0.13268 0.340288 0.00820348
65 0.875267 0.6869 0.121267 0.0535882 0.00813007
65 0.484803 0.451865 0.0371439 0.023508 0.00799739
65 0.236873 0.294217 0.0415215 0.0732413 0.0077599
65 0.538745 0.581154 0.0360526 0.0739435 0.00767839
65 0.545864 0.598027 0.057026 0.0649616 0.0066798
57 0.78912 0.597658 0.271025 0.377849 0.00667563
65 0.49077 0.440236 0.0520613 0.0412969 0.00631073
65 0.867742 0.697576 0.108124 0.0507547 0.0061529
65 0.793229 0.705577 0.0877655 0.0615334 0.0060983
0 0.940133 0.952545 0.116712 0.0947192 0.0060074
26 0.952128 0.804606 0.0891771 0.210676 0.00543424
59 0.423171 0.701589 0.846342 0.561393 0.00517309
65 0.812687 0.67792 0.0477856 0.0493393 0.00516731
57 0.544254 0.696682 0.560149 0.552911 0.00515994
56 0.728693 0.83684 0.177524 0.296849 0.00515261
57 0.276539 0.705823 0.552087 0.572575 0.0051266
65 0.476196 0.444723 0.0245979 0.0596604 0.00512564
56 0.936196 0.973854 0.115733 0.0520038 0.00491473
67 0.476487 0.45197 0.0207149 0.0265636 0.00490549
65 0.816144 0.711985 0.148983 0.0921694 0.00487077
65 0.461054 0.358678 0.012981 0.0554974 0.00478667
57 0.940133 0.952545 0.116712 0.0947192 0.00477463
15 0.933694 0.974466 0.109503 0.051068 0.00474384
65 0.719457 0.975362 0.149078 0.0483791 0.00425971
57 0.701984 0.537187 0.0981135 0.228421 0.0042091
26 0.659092 0.784282 0.0333994 0.163004 0.00414422
65 0.498787 0.43702 0.0390287 0.0401228 0.00411671
59 0.723678 0.696665 0.552644 0.572931 0.00407919
56 0.88401 0.845951 0.230591 0.295135 0.00405848
26 0.511381 0.62424 0.135665 0.12586 0.00400886
65 0.471001 0.382329 0.0343638 0.0992094 0.00398195
65 0.232074 0.28975 0.0323666 0.063504 0.00394425
65 0.47505 0.46105 0.0237582 0.0406213 0.00392872
56 0.888184 0.751314 0.198192 0.309827 0.0039154
56 0.544254 0.696682 0.560149 0.552911 0.00389895
57 0.699725 0.630992 0.0993041 0.417857 0.0037654
65 0.27282 0.356401 0.0227481 0.0451725 0.0037623
73 0.803994 0.697325 0.135645 0.0748299 0.0036414
65 0.271695 0.350305 0.0253927 0.0609416 0.00363687
26 0.817001 0.771202 0.179352 0.184588 0.00360069
67 0.809621 0.690804 0.0510392 0.0550548 0.00357017
26 0.624915 0.657893 0.0644073 0.0561099 0.00347415
67 0.469488 0.359611 0.0177318 0.0523687 0.00336295
67 0.261837 0.353358 0.0468842 0.0588348 0.00327739
65 0.953165 0.942841 0.0936695 0.107325 0.00323531
79 0.480266 0.362705 0.016402 0.0370392 0.00315392
65 0.547519 0.571066 0.0547342 0.0887324 0.00309372
57 0.938203 0.973462 0.118612 0.0524445 0.00309315
26 0.551219 0.605113 0.0669361 0.0851527 0.00307211
24 0.123746 0.80602 0.104275 0.296095 0.00306389
29 0.684863 0.0465834 0.129178 0.0908238 0.00302967
26 0.141382 0.842083 0.0651275 0.1811 0.00302783
65 0.261837 0.353358 0.0468842 0.0588348 0.00301647
56 0.0928927 0.792828 0.178952 0.408533 0.0030106
26 0.148616 0.876155 0.0644343 0.245216 0.00300646
73 0.623662 0.65853 0.0661939 0.0568393 0.00300294
59 0.482692 0.818988 0.965384 0.323243 0.00300223
59 0.817018 0.696557 0.352796 0.565019 0.00290757
56 0.784294 0.5174 0.256189 0.264077 0.00289279
74 0.537386 0.595969 0.030274 0.0313703 0.00288838
32 0.475879 0.453808 0.0191746 0.0245215 0.0028837
57 0.316616 0.748146 0.620853 0.398161 0.00285631
13 0.54665 0.694298 0.903958 0.554689 0.00284421
56 0.840933 0.510652 0.123316 0.169559 0.00283745
65 0.49645 0.428925 0.0435816 0.0564276 0.00280008
0 0.772845 0.559419 0.234845 0.319799 0.00277326
67 0.537386 0.595969 0.030274 0.0313703 0.00276849
26 0.556564 0.622534 0.0836605 0.144278 0.0027307
41 0.537386 0.595969 0.030274 0.0313703 0.00271481
65 0.556005 0.545904 0.0563425 0.0858884 0.00267872
24 0.936196 0.973854 0.115733 0.0520038 0.00266552
28 0.0910866 0.708166 0.180134 0.571553 0.00264305
65 0.785662 0.549359 0.0575041 0.0289294 0.00261307
65 0.31842 0.821066 0.0251155 0.0266443 0.00257435
65 0.455599 0.424683 0.0291802 0.126047 0.00257143
56 0.660086 0.778115 0.0360661 0.185382 0.00254652
65 0.464571 0.396736 0.0287557 0.130619 0.00252035
67 0.265395 0.343351 0.0303826 0.0749695 0.00248495
65 0.512829 0.587048 0.0888688 0.0896848 0.00246403
65 0.552169 0.605275 0.0655024 0.064696 0.00243053
59 0.385302 0.789984 0.694932 0.378815 0.00242949
26 0.845194 0.766881 0.23585 0.204776 0.00242144
65 0.78595 0.690016 0.108562 0.0725939 0.00240228
65 0.936658 0.974164 0.113742 0.0515411 0.00239
65 0.326805 0.810528 0.0431777 0.0463933 0.00235638
65 0.786516 0.541787 0.0600821 0.0463975 0.00235564
57 0.6234 0.799666 0.0685949 0.350122 0.00233564
56 0.641747 0.621333 0.0898216 0.492743 0.00231549
65 0.47679 0.388894 0.029352 0.108526 0.00230369
79 0.27282 0.356401 0.0227481 0.0451725 0.00228137
65 0.553665 0.563781 0.0633457 0.0878332 0.00228071
65 0.491564 0.428754 0.0578468 0.0670501 0.00223613
65 0.257966 0.315205 0.0207493 0.0299225 0.00223595
65 0.514105 0.603172 0.104186 0.114852 0.00223032
65 0.797896 0.726598 0.114628 0.0599457 0.00221521
24 0.0960355 0.826328 0.0938134 0.329908 0.00220627
56 0.85209 0.731366 0.261694 0.274782 0.00220361
56 0.420423 0.826486 0.840846 0.31337 0.0021956
56 0.413892 0.770052 0.701809 0.407401 0.00217041
65 0.470468 0.402385 0.0475067 0.139365 0.00215662
65 0.244863 0.370098 0.0208485 0.0795506 0.00212523
65 0.501279 0.366923 0.0679196 0.0420294 0.00212464
26 0.0928927 0.792828 0.178952 0.408533 0.00212109
66 0.624822 0.657411 0.0648151 0.0558604 0.00211346
57 0.116775 0.827826 0.129052 0.335804 0.00210097
59 0.814148 0.830054 0.368885 0.320496 0.00209436
65 0.259459 0.370459 0.0521798 0.0869379 0.00209031
73 0.536116 0.59845 0.0301687 0.0292714 0.0020892
73 0.545864 0.598027 0.057026 0.0649616 0.00208825
65 0.457771 0.440333 0.022739 0.0676362 0.00208277
65 0.239226 0.335192 0.0473983 0.157896 0.0020785
57 0.951852 0.941571 0.0947677 0.113939 0.00203836
45 0.537386 0.595969 0.030274 0.0313703 0.00200602
56 0.882033 0.582607 0.10012 0.31433 0.002
65 0.484088 0.419546 0.0432089 0.087652 0.0019868
79 0.271695 0.350305 0.0253927 0.0609416 0.00197464
25 0.115776 0.826134 0.13331 0.338372 0.00194806
53 0.810858 0.690482 0.0501133 0.0557226 0.00194699
13 0.817018 0.696557 0.352796 0.565019 0.00193903
26 0.516857 0.566166 0.146382 0.241789 0.00193465
65 0.531269 0.57202 0.0236574 0.0756986 0.00192499
65 0.793787 0.609976 0.121583 0.057502 0.00190055
27 0.272706 0.3556 0.0230145 0.0466988 0.00186324
26 0.126389 0.884176 0.109807 0.231647 0.00185156
65 0.25419 0.331152 0.0583701 0.132026 0.0018481
59 0.728693 0.83684 0.177524 0.296849 0.0018037
65 0.565678 0.546944 0.0341534 0.0507731 0.00178605
26 0.771937 0.7902 0.0881722 0.150326 0.001766
56 0.86432 0.805501 0.25549 0.218248 0.00174984
67 0.466172 0.360112 0.0182581 0.0558809 0.00172901
74 0.476735 0.454498 0.0183287 0.0210148 0.00172457
16 0.933694 0.974466 0.109503 0.051068 0.00171411
26 0.781892 0.779296 0.11047 0.174748 0.00171369
67 0.829713 0.708335 0.0745147 0.03289 0.00170606
56 0.679418 0.62942 0.080486 0.494257 0.00170231
65 0.543709 0.525258 0.058499 0.16904 0.00169325
65 0.310042 0.822655 0.0118864 0.0263649 0.00168434
26 0.545864 0.598027 0.057026 0.0649616 0.00166577
65 0.459347 0.440541 0.0340035 0.0751366 0.00165364
56 0.946437 0.784619 0.0713837 0.179292 0.00163081
59 0.385675 0.654177 0.590603 0.656079 0.00160083
67 0.474429 0.360214 0.0307317 0.0537937 0.00158387
67 0.824719 0.691382 0.0853895 0.063748 0.00157622
56 0.812956 0.567167 0.238484 0.293545 0.00157207
56 0.724492 0.637779 0.178253 0.436565 0.00155696
27 0.498787 0.43702 0.0390287 0.0401228 0.00154704
57 0.789283 0.495152 0.2296 0.19847 0.00153473
55 0.809452 0.690686 0.0520595 0.0559064 0.00153303
65 0.49133 0.420507 0.0656359 0.0664402 0.00152919
56 0.124196 0.786542 0.096979 0.256728 0.00152746
65 0.783143 0.733274 0.0853244 0.0493268 0.00152203
65 0.530287 0.536388 0.0337119 0.117586 0.0015099
65 0.244952 0.382662 0.0250173 0.111623 0.00150788
57 0.0928927 0.792828 0.178952 0.408533 0.00150737
26 0.800982 0.700354 0.13972 0.0784301 0.00150174
56 0.789283 0.495152 0.2296 0.19847 0.0015001
24 0.950112 0.844933 0.0969464 0.290373 0.00148597
0 0.0910814 0.70673 0.179764 0.571285 0.00148153
67 0.229972 0.422763 0.0174646 0.0482695 0.00147444
79 0.257966 0.315205 0.0207493 0.0299225 0.00146931
67 0.846197 0.711725 0.0423317 0.0260278 0.00146604
67 0.259459 0.370459 0.0521798 0.0869379 0.00146383
56 0.959168 0.808603 0.0532513 0.185962 0.001452
56 0.940133 0.952545 0.116712 0.0947192 0.00144711
56 0.316616 0.748146 0.620853 0.398161 0.0014427
39 0.657666 0.78907 0.030451 0.151189 0.00142217
65 0.514646 0.581481 0.0700988 0.0806015 0.00141197
57 0.867535 0.511321 0.0726312 0.17024 0.00141063
57 0.317262 0.743149 0.267184 0.479251 0.00140262
48 0.809671 0.690175 0.0503055 0.0562642 0.00138679
65 0.327279 0.805315 0.0380795 0.0313848 0.00138032
15 0.516857 0.566166 0.146382 0.241789 0.00136963
24 0.136284 0.84507 0.0973093 0.301535 0.00136957
26 0.108116 0.858129 0.115031 0.177271 0.00136527
67 0.260423 0.318396 0.025585 0.0304773 0.0013462
45 0.545864 0.598027 0.057026 0.0649616 0.0013403
60 0.482692 0.818988 0.965384 0.323243 0.00132984
57 0.740371 0.863662 0.21812 0.266989 0.0013296
65 0.706206 0.981211 0.149178 0.0370938 0.0013195
65 0.482928 0.363333 0.0291164 0.0419097 0.00131595
57 0.784294 0.5174 0.256189 0.264077 0.00131571
28 0.936196 0.973854 0.115733 0.0520038 0.00131083
56 0.690316 0.768417 0.110612 0.159966 0.00129274
39 0.537386 0.595969 0.030274 0.0313703 0.00129202
0 0.269748 0.649138 0.524513 0.60008 0.00127766
0 0.409797 0.597158 0.418119 0.746524 0.00126398
54 0.810858 0.690482 0.0501133 0.0557226 0.00126392
27 0.30502 0.424579 0.096661 0.0514945 0.00125974
24 0.151291 0.84576 0.0429374 0.193369 0.00125784
57 0.642716 0.571921 0.22213 0.295704 0.001223
26 0.971749 0.847933 0.0444324 0.144486 0.00122249
26 0.119643 0.854604 0.11001 0.22049 0.00122049
65 0.494904 0.470063 0.0613913 0.104153 0.00122023
65 0.449057 0.435353 0.0369733 0.0803466 0.00121832
0 0.781654 0.510701 0.25219 0.254236 0.00121793
65 0.260423 0.318396 0.025585 0.0304773 0.00120014
56 0.760188 0.653792 0.245387 0.457948 0.00119174
67 0.257966 0.315205 0.0207493 0.0299225 0.00116712
27 0.659639 0.789265 0.0349121 0.153369 0.00116608
65 0.503545 0.423934 0.042844 0.05768 0.0011524
57 0.812956 0.567167 0.238484 0.293545 0.00115022
65 0.623899 0.657979 0.0645945 0.0546492 0.00115013
26 0.937533 0.952086 0.120079 0.0933238 0.00113997
65 0.328461 0.797778 0.0405567 0.0435115 0.00113195
79 0.260423 0.318396 0.025585 0.0304773 0.00112644
26 0.130647 0.913142 0.104237 0.173262 0.00111592
65 0.229972 0.422763 0.0174646 0.0482695 0.00111413
26 0.0989102 0.831517 0.0692425 0.127266 0.00111145
0 0.938203 0.973462 0.118612 0.0524445 0.00110337
79 0.261435 0.345174 0.0465196 0.0753643 0.00109449
39 0.538745 0.581154 0.0360526 0.0739435 0.00108483
13 0.723678 0.696665 0.552644 0.572931 0.00108185
27 0.49645 0.428925 0.0435816 0.0564276 0.00107834
65 0.352051 0.604939 0.0146878 0.0526747 0.00107577
56 0.740371 0.863662 0.21812 0.266989 0.00107434
65 0.530545 0.518021 0.03351 0.0913751 0.00106251
26 0.495943 0.629099 0.100367 0.111857 0.00104249
73 0.824719 0.691382 0.0853895 0.063748 0.00103176
17 0.115611 0.825316 0.13268 0.340288 0.00102842
27 0.480266 0.362705 0.016402 0.0370392 0.00102681
56 0.642716 0.571921 0.22213 0.295704 0.00102612
63 0.953696 0.940047 0.0926081 0.103233 0.00102064
26 0.116747 0.75943 0.100444 0.210731 0.00102007
56 0.623401 0.757254 0.0748905 0.275471 0.0010182
0 0.88401 0.845951 0.230591 0.295135 0.0010182
59 0.940133 0.952545 0.116712 0.0947192 0.0010165
