11 0.480813 0.540376 0.0771208 0.0552601 0.92242
5 0.731661 0.514413 0.536678 0.959919 0.263814
6 0.716339 0.524419 0.567322 0.941456 0.234038
2 0.787624 0.516309 0.424752 0.946887 0.141717
7 0.736457 0.51461 0.525919 0.956276 0.123468
2 0.894987 0.337325 0.0871226 0.168439 0.0427622
0 0.927717 0.138161 0.083128 0.0920892 0.0311123
0 0.925171 0.124465 0.104543 0.125243 0.018259
9 0.42519 0.0446036 0.08521 0.0863604 0.0147886
9 0.442208 0.0478276 0.0521815 0.0795578 0.00919858
2 0.895504 0.342254 0.0716743 0.13976 0.00862899
2 0.681074 0.638272 0.0509146 0.0907164 0.00860685
2 0.92457 0.265779 0.149125 0.352131 0.00654352
9 0.44276 0.0646812 0.0344447 0.044364 0.0060946
0 0.923947 0.174526 0.106809 0.228178 0.00606817
0 0.936026 0.127045 0.0772764 0.115776 0.00574586
12 0.482623 0.586297 0.064949 0.139823 0.00568908
12 0.680885 0.634302 0.0487994 0.0845594 0.00539282
0 0.956551 0.921896 0.0868975 0.152315 0.00538862
2 0.92415 0.124528 0.104307 0.12467 0.00522926
12 0.485819 0.600672 0.0532565 0.109167 0.00458208
10 0.483906 0.584082 0.0860118 0.146364 0.00456786
2 0.905267 0.325484 0.0790938 0.158913 0.00379899
13 0.716339 0.524419 0.567322 0.941456 0.00361326
69 0.716339 0.524419 0.567322 0.941456 0.00329593
3 0.756946 0.523936 0.486108 0.939189 0.00292405
12 0.751729 0.524055 0.495558 0.937749 0.00269142
25 0.92415 0.124528 0.104307 0.12467 0.00259462
6 0.803378 0.521121 0.391279 0.945299 0.00235367
29 0.480813 0.540376 0.0771208 0.0552601 0.00230694
0 0.894987 0.337325 0.0871226 0.168439 0.00230548
0 0.927819 0.266928 0.0194166 0.0294008 0.00230184
0 0.936189 0.140683 0.0633444 0.0843661 0.00229764
2 0.926175 0.339533 0.146294 0.335705 0.00219271
11 0.480649 0.582881 0.0770897 0.143535 0.00187543
2 0.927819 0.266928 0.0194166 0.0294008 0.00162947
0 0.935507 0.186113 0.127651 0.299138 0.00154644
10 0.485819 0.600672 0.0532565 0.109167 0.00154534
2 0.952711 0.923803 0.0944264 0.14824 0.00153199
0 0.935568 0.105058 0.127028 0.17084 0.00132108
2 0.935568 0.105058 0.127028 0.17084 0.00120696
4 0.72262 0.497759 0.554761 0.99045 0.00107354
2 0.916368 0.272017 0.0416996 0.0469715 0.00102627
0 0.916325 0.240665 0.152967 0.381943 0.00101846
