0 0.66531 0.485229 0.662785 0.970458 0.943562
0 0.196852 0.570099 0.393703 0.599623 0.910573
0 0.101466 0.174033 0.202931 0.341612 0.764466
0 0.587919 0.0994774 0.10983 0.189311 0.703723
0 0.498933 0.149433 0.193556 0.288703 0.694565
53 0.472233 0.895269 0.532689 0.181309 0.590478
56 0.423484 0.335703 0.0910776 0.107341 0.549369
0 0.390885 0.0907224 0.0787808 0.172731 0.533522
0 0.26784 0.0733962 0.126596 0.141854 0.449888
0 0.0363505 0.477704 0.0655515 0.383762 0.418433
53 0.60703 0.930845 0.272894 0.125143 0.38241
0 0.657272 0.0848031 0.0621247 0.169606 0.371225
41 0.30463 0.18308 0.0282418 0.0380573 0.360793
60 0.316718 0.232091 0.176187 0.0776605 0.294905
56 0.315004 0.363045 0.112276 0.143079 0.267187
60 0.315048 0.270765 0.175103 0.158621 0.249248
60 0.288576 0.221972 0.222418 0.134915 0.243313
60 0.476339 0.902067 0.947841 0.16768 0.242879
0 0.257254 0.0872189 0.155721 0.174438 0.237866
53 0.394373 0.894003 0.376293 0.183259 0.224409
60 0.305179 0.219116 0.201058 0.0948339 0.209541
41 0.269634 0.180415 0.02654 0.0607135 0.207413
0 0.65686 0.0304627 0.0666085 0.055469 0.193198
56 0.429948 0.323142 0.0775074 0.0841355 0.188073
60 0.288356 0.256889 0.222406 0.182358 0.164735
56 0.661849 0.178105 0.0355358 0.0312278 0.162837
56 0.291761 0.363702 0.167934 0.151636 0.162768
41 0.274108 0.177013 0.0282103 0.0591317 0.155874
0 0.375307 0.0897409 0.112271 0.173981 0.150801
0 0.353309 0.0930793 0.105664 0.181718 0.146458
60 0.835419 0.955763 0.252988 0.0788811 0.117872
0 0.364473 0.0564986 0.0586372 0.106099 0.115296
56 0.340299 0.160725 0.0433258 0.0669493 0.109517
56 0.42246 0.350194 0.0979723 0.143743 0.10507
60 0.516232 0.946959 0.88776 0.0843067 0.101939
0 0.193032 0.0661382 0.0772161 0.122384 0.0993548
43 0.531285 0.896234 0.142821 0.175036 0.0990231
0 0.396328 0.0669916 0.0678335 0.131393 0.0961843
0 0.317416 0.0446305 0.0499607 0.0824631 0.0926991
0 0.369473 0.0724339 0.0972764 0.139507 0.08928
0 0.348045 0.0982075 0.0721558 0.183656 0.0868191
60 0.300299 0.191194 0.220964 0.0959342 0.0858218
0 0.303298 0.0429456 0.0734433 0.0793975 0.0818646
60 0.295003 0.209883 0.251435 0.0978069 0.0817476
41 0.179044 0.236394 0.0344466 0.0887386 0.076165
0 0.226763 0.0551756 0.0400073 0.104542 0.0760247
60 0.142455 0.909588 0.278455 0.155297 0.073727
53 0.486407 0.897721 0.113423 0.177373 0.0707116
41 0.366618 0.183656 0.0278767 0.0266691 0.0690086
60 0.529324 0.87507 0.835809 0.212829 0.0641587
44 0.492433 0.933642 0.0640808 0.0954473 0.0637688
0 0.954946 0.146816 0.0847887 0.274578 0.0629272
55 0.606203 0.930601 0.274316 0.126738 0.0603369
41 0.344209 0.182182 0.0292689 0.0274286 0.0594395
0 0.628267 0.0284255 0.0465983 0.054333 0.0591817
0 0.174222 0.145043 0.0604465 0.113313 0.0586232
60 0.299973 0.904905 0.599946 0.15508 0.0583279
0 0.543779 0.125949 0.107821 0.251897 0.0579881
40 0.30463 0.18308 0.0282418 0.0380573 0.0571721
41 0.368938 0.178654 0.0286557 0.0323991 0.0530128
42 0.531479 0.894887 0.146983 0.184341 0.0524657
0 0.27789 0.0681169 0.0869152 0.133153 0.0515336
56 0.660495 0.159753 0.0380598 0.0412254 0.0515003
0 0.387514 0.103146 0.0753415 0.121932 0.0512283
0 0.339994 0.0437392 0.078052 0.0799196 0.0508982
0 0.239108 0.0746424 0.166719 0.140125 0.0507682
56 0.639496 0.177469 0.0184399 0.0337708 0.0506677
60 0.169036 0.920711 0.220803 0.143828 0.0506227
41 0.278197 0.171899 0.0211385 0.0595139 0.0492771
60 0.306953 0.182345 0.188811 0.0774806 0.0492417
55 0.472268 0.899463 0.530161 0.183062 0.0482154
0 0.35424 0.0458812 0.0647166 0.0871411 0.0477232
39 0.178592 0.234007 0.0344759 0.0914661 0.0446631
40 0.278197 0.171899 0.0211385 0.0595139 0.0445054
56 0.410851 0.337343 0.128362 0.114401 0.0409142
0 0.278022 0.0415025 0.0805442 0.0766598 0.0406672
0 0.298602 0.073401 0.14567 0.143294 0.0403225
0 0.258359 0.108156 0.138627 0.140123 0.0392701
0 0.288848 0.046084 0.101277 0.0867668 0.039176
56 0.225873 0.208883 0.0711119 0.0641185 0.0391437
41 0.229324 0.112208 0.0151436 0.0399708 0.0383644
41 0.355462 0.183603 0.0467479 0.0291492 0.0377477
0 0.30268 0.445835 0.122354 0.311042 0.0376794
56 0.198813 0.106039 0.0515827 0.0575262 0.0371828
0 0.956739 0.208179 0.0854885 0.145179 0.0371704
0 0.189816 0.0474682 0.0732475 0.0940577 0.0361352
0 0.023467 0.0744822 0.044746 0.145449 0.0360251
42 0.492433 0.933642 0.0640808 0.0954473 0.0359602
58 0.35095 0.601642 0.0720546 0.141911 0.0350925
44 0.531479 0.894887 0.146983 0.184341 0.0333915
56 0.660411 0.109169 0.0523735 0.119988 0.0330569
43 0.492845 0.934769 0.0634642 0.0937452 0.031785
56 0.201151 0.112696 0.046719 0.0442806 0.0317477
42 0.627412 0.903582 0.234422 0.185636 0.0317353
0 0.563826 0.123297 0.165422 0.242702 0.0304186
0 0.404083 0.0598484 0.0538131 0.117766 0.0298499
56 0.636669 0.174108 0.0217731 0.0392035 0.0289335
56 0.208067 0.139786 0.0517868 0.0794317 0.0288925
56 0.649496 0.177354 0.0503856 0.0324811 0.0286935
56 0.636505 0.145742 0.0192673 0.0995437 0.0285171
40 0.274108 0.177013 0.0282103 0.0591317 0.028461
0 0.421374 0.111997 0.141167 0.221556 0.0280209
60 0.227993 0.212858 0.0766095 0.0686792 0.0278846
56 0.309053 0.366533 0.0737414 0.138692 0.0278358
0 0.453787 0.144607 0.109587 0.284126 0.0278054
0 0.636533 0.0284771 0.0362649 0.0502479 0.027767
40 0.270938 0.183581 0.0258799 0.0533294 0.0277066
41 0.269795 0.188448 0.023374 0.0529188 0.0274911
56 0.662003 0.150511 0.0368251 0.0287589 0.0267523
56 0.341379 0.167541 0.0386822 0.0519162 0.0266992
56 0.330305 0.359361 0.0831673 0.138799 0.0263914
56 0.340306 0.146897 0.046428 0.072132 0.0261595
0 0.608679 0.0257341 0.0296283 0.0448205 0.0261256
40 0.269774 0.170753 0.0260897 0.0559764 0.0260176
27 0.572619 0.134471 0.031469 0.0985141 0.0259669
0 0.198589 0.103148 0.0548739 0.0631879 0.0258169
60 0.292871 0.191348 0.21476 0.175481 0.0256776
56 0.0353365 0.457618 0.0678642 0.352671 0.0255799
48 0.603831 0.929854 0.279079 0.128445 0.025287
45 0.228279 0.196292 0.0717393 0.0377579 0.024731
60 0.296045 0.235444 0.124971 0.0772574 0.0245693
60 0.294066 0.28899 0.199833 0.255967 0.0242813
41 0.371446 0.166173 0.0255008 0.0490446 0.0242779
60 0.844221 0.937311 0.302431 0.104512 0.0242375
40 0.299497 0.170076 0.0264795 0.0604148 0.0236736
42 0.428378 0.776381 0.0176974 0.0557095 0.0232523
0 0.319664 0.548697 0.135538 0.286056 0.0231353
41 0.243483 0.111132 0.0187734 0.0383547 0.0229365
45 0.225706 0.205292 0.071694 0.051285 0.0228612
0 0.38257 0.0750759 0.0791465 0.114004 0.0225315
56 0.344233 0.18065 0.0310555 0.0277503 0.0224532
41 0.323714 0.170154 0.0163718 0.0481055 0.0223916
41 0.170611 0.231103 0.0312283 0.082286 0.0221229
0 0.370988 0.045517 0.0663303 0.0870842 0.0219146
0 0.294825 0.449979 0.0841949 0.291168 0.0217822
0 0.296161 0.50568 0.08505 0.176201 0.0212585
0 0.203007 0.0884038 0.0915394 0.170139 0.0211888
56 0.31892 0.273978 0.171378 0.16347 0.0203945
56 0.423983 0.414512 0.0981013 0.276782 0.0203461
41 0.304132 0.169635 0.0294053 0.0589312 0.0198942
41 0.349811 0.180874 0.0503481 0.0299648 0.0197513
60 0.277592 0.202727 0.202462 0.068431 0.0196737
27 0.571768 0.0775054 0.0247733 0.030603 0.0195323
0 0.630072 0.0941536 0.0347406 0.188307 0.0191949
27 0.571355 0.119119 0.0331495 0.105394 0.0191351
56 0.31405 0.316603 0.17267 0.219113 0.018543
0 0.183366 0.135295 0.0737079 0.124602 0.0184888
56 0.220871 0.144112 0.0707042 0.0712475 0.0183324
56 0.224009 0.151191 0.0583071 0.0577499 0.0183065
44 0.627412 0.903582 0.234422 0.185636 0.0182444
41 0.267631 0.18037 0.0273023 0.0439343 0.0180416
43 0.592993 0.899652 0.26361 0.175721 0.0180132
0 0.988883 0.183091 0.0194427 0.0973398 0.0180054
60 0.37119 0.271687 0.41693 0.233636 0.0179733
0 0.309383 0.517951 0.113098 0.205452 0.017775
39 0.228896 0.11638 0.0162138 0.0473705 0.0176553
56 0.316272 0.139637 0.0523897 0.046872 0.0176466
56 0.342642 0.131964 0.0541322 0.0788726 0.0175338
56 0.224083 0.194718 0.0648462 0.0395825 0.0175084
42 0.509912 0.909376 0.103499 0.157536 0.0174817
42 0.428895 0.801853 0.0180524 0.10143 0.0173084
60 0.286381 0.331864 0.191881 0.195141 0.0170391
0 0.627578 0.0437268 0.0482683 0.0849914 0.0170089
60 0.424894 0.33112 0.0943253 0.0995325 0.0170079
40 0.636669 0.174108 0.0217731 0.0392035 0.0165754
56 0.363305 0.229738 0.0802808 0.0812311 0.0164646
40 0.368938 0.178654 0.0286557 0.0323991 0.0163967
56 0.294825 0.236025 0.121036 0.0752988 0.0163786
56 0.239648 0.141268 0.0940873 0.0762422 0.0157284
0 0.648034 0.0566541 0.0723506 0.108034 0.0156697
40 0.371446 0.166173 0.0255008 0.0490446 0.0156613
56 0.327486 0.159617 0.027677 0.0709707 0.015638
60 0.201309 0.313676 0.391798 0.322398 0.0155811
0 0.174836 0.154697 0.0539918 0.0884835 0.0154794
56 0.314486 0.232953 0.17518 0.0821454 0.0153097
56 0.65368 0.0995701 0.0572954 0.178672 0.0150427
60 0.198047 0.211345 0.14617 0.0700118 0.0149376
60 0.772166 0.956782 0.362981 0.0787045 0.0148744
0 0.405659 0.0939573 0.111154 0.179653 0.0148121
40 0.344209 0.182182 0.0292689 0.0274286 0.0147176
56 0.315569 0.418686 0.0478037 0.0961665 0.0146593
41 0.373967 0.173805 0.0378457 0.0388233 0.0145311
60 0.963394 0.245461 0.0708164 0.0682037 0.0144057
45 0.211999 0.195211 0.037248 0.0364958 0.0143747
41 0.274887 0.189926 0.0285577 0.0481974 0.0143557
43 0.551629 0.883049 0.19252 0.190947 0.0141236
56 0.212856 0.147959 0.0530729 0.0676558 0.0140467
56 0.324261 0.126446 0.0595527 0.0780766 0.0139428
44 0.640255 0.869426 0.209541 0.120091 0.0138916
56 0.2993 0.453707 0.145601 0.338294 0.0138719
60 0.193764 0.404538 0.38276 0.563957 0.0138009
40 0.355462 0.183603 0.0467479 0.0291492 0.0137919
41 0.306979 0.179798 0.0358652 0.0358551 0.0136999
44 0.428895 0.801853 0.0180524 0.10143 0.0136689
75 0.179018 0.236894 0.0334023 0.0884963 0.0136608
60 0.209619 0.393538 0.355491 0.426076 0.0136462
58 0.321145 0.55567 0.138399 0.279554 0.013414
56 0.359721 0.322566 0.0833591 0.112265 0.01341
63 0.296045 0.235444 0.124971 0.0772574 0.0133611
60 0.290576 0.360005 0.169197 0.159591 0.0133027
60 0.31405 0.316603 0.17267 0.219113 0.0132934
53 0.565794 0.890745 0.726459 0.188233 0.0131799
0 0.301753 0.485612 0.164724 0.421721 0.0131682
41 0.639496 0.177469 0.0184399 0.0337708 0.013084
0 0.0889683 0.0519263 0.16931 0.0973492 0.0130543
56 0.31231 0.394972 0.0538767 0.0705761 0.0130526
56 0.399866 0.363638 0.149405 0.177265 0.0130052
60 0.369026 0.0569451 0.0648197 0.099463 0.0127677
0 0.219743 0.0431557 0.0478623 0.0849498 0.0127574
56 0.189864 0.0595406 0.0793235 0.119081 0.0127034
60 0.314996 0.283731 0.168341 0.0343725 0.012702
40 0.366618 0.183656 0.0278767 0.0266691 0.0127006
60 0.317545 0.287505 0.181775 0.0943775 0.0126624
60 0.962616 0.229606 0.072369 0.0990761 0.0126341
0 0.660311 0.0627994 0.0566166 0.125599 0.0125492
56 0.488437 0.506011 0.0415998 0.0713304 0.0125288
40 0.276937 0.152133 0.0266283 0.0583998 0.0123418
45 0.603447 0.930081 0.279169 0.129801 0.012142
0 0.389418 0.138321 0.0827839 0.25507 0.0121287
0 0.617762 0.0827762 0.0488165 0.15723 0.0120355
42 0.640255 0.869426 0.209541 0.120091 0.0118813
60 0.657167 0.178625 0.045154 0.0321886 0.0118342
41 0.030491 0.971655 0.0609821 0.0518677 0.0117873
0 0.318149 0.491614 0.131148 0.356048 0.0117734
56 0.0379082 0.44558 0.0688106 0.255122 0.0117496
0 0.952777 0.181243 0.0935778 0.200773 0.0116948
0 0.110346 0.104431 0.195194 0.191189 0.0116594
0 0.385632 0.031829 0.0583141 0.0587315 0.0116475
54 0.605287 0.929706 0.276854 0.132384 0.0116392
41 0.341379 0.167541 0.0386822 0.0519162 0.0115616
0 0.0891141 0.0813333 0.174511 0.151839 0.0115572
60 0.683364 0.835031 0.633271 0.294129 0.0115538
40 0.349811 0.180874 0.0503481 0.0299648 0.0114599
45 0.227993 0.212858 0.0766095 0.0686792 0.0114504
43 0.509912 0.909376 0.103499 0.157536 0.0114472
60 0.429944 0.324396 0.077672 0.0831862 0.0113691
56 0.63759 0.127951 0.0163979 0.0692136 0.0113511
43 0.49513 0.932148 0.073774 0.115943 0.0111506
56 0.321005 0.319655 0.163322 0.108228 0.0111403
60 0.320221 0.278758 0.198412 0.0427252 0.0110649
56 0.0112279 0.683174 0.0208216 0.175624 0.011058
56 0.317614 0.39925 0.0438656 0.0567341 0.0109199
41 0.315684 0.0529153 0.033367 0.0595422 0.0108109
56 0.226433 0.182485 0.0572908 0.0290808 0.0107637
0 0.0913572 0.0330225 0.166254 0.0597983 0.0106819
56 0.383767 0.316553 0.0468048 0.104489 0.0106679
0 0.192566 0.354939 0.370937 0.696738 0.0104348
60 0.0797997 0.911644 0.157348 0.166078 0.0103668
60 0.363783 0.229289 0.0821018 0.0887747 0.0103118
0 0.374176 0.0326471 0.0758033 0.0652942 0.0102555
39 0.278197 0.171899 0.0211385 0.0595139 0.00997847
41 0.635136 0.176628 0.0206391 0.0360045 0.00984192
0 0.177048 0.0496367 0.0481882 0.0954182 0.00979978
0 0.634815 0.144067 0.0254695 0.0947583 0.00974742
56 0.311063 0.143678 0.040894 0.0406467 0.00973731
56 0.381921 0.326055 0.03794 0.116288 0.00971973
58 0.353734 0.575872 0.0706973 0.245608 0.00970522
60 0.318324 0.312472 0.174383 0.107182 0.00965759
56 0.224891 0.189487 0.0589984 0.0371503 0.00960022
41 0.313192 0.0617319 0.0299829 0.0493118 0.00934571
60 0.301548 0.314341 0.241817 0.241387 0.00925827
44 0.42873 0.785197 0.0172588 0.0675082 0.00912347
0 0.614229 0.0275402 0.0390001 0.0506185 0.00904736
39 0.269774 0.170753 0.0260897 0.0559764 0.00901079
56 0.317422 0.334516 0.11557 0.0882876 0.00900102
56 0.227231 0.22563 0.0742483 0.055808 0.00893104
56 0.318215 0.121303 0.0569367 0.0658474 0.00887361
53 0.528985 0.896578 0.164685 0.177067 0.00886858
27 0.573936 0.0814268 0.0296856 0.0692476 0.00885981
42 0.551629 0.883049 0.19252 0.190947 0.00881019
0 0.315684 0.0529153 0.033367 0.0595422 0.00878465
56 0.360719 0.643086 0.0643394 0.101545 0.00875646
56 0.327129 0.380211 0.0633733 0.118343 0.00875169
0 0.660333 0.113729 0.0527895 0.119319 0.00869834
0 0.324078 0.128128 0.0888083 0.123949 0.00866443
56 0.372213 0.658569 0.0634812 0.126508 0.00864574
0 0.227575 0.117197 0.11886 0.119786 0.00850415
0 0.406739 0.0314449 0.047126 0.0584092 0.00849256
44 0.509912 0.909376 0.103499 0.157536 0.00845349
0 0.453234 0.0869858 0.0766642 0.173463 0.00841841
0 0.0235607 0.0438095 0.0445219 0.0858332 0.00830975
56 0.31432 0.370498 0.0554427 0.124202 0.00830784
0 0.105157 0.0110197 0.113489 0.0189286 0.00828785
58 0.355965 0.620333 0.0701446 0.168349 0.00819668
56 0.35674 0.651403 0.0421947 0.0813953 0.00799608
0 0.264493 0.0390019 0.0778155 0.0719784 0.0079906
56 0.392248 0.136215 0.042909 0.0671514 0.00793302
56 0.28498 0.371915 0.0274236 0.136562 0.0077976
53 0.476574 0.897103 0.169845 0.17087 0.0077945
43 0.532298 0.887797 0.167259 0.108353 0.00778344
56 0.22521 0.181229 0.0570341 0.0208907 0.007759
0 0.398311 0.0919848 0.0630584 0.148133 0.00771597
40 0.228311 0.0960712 0.0255371 0.0813272 0.00770774
60 0.38257 0.0750759 0.0791465 0.114004 0.00767884
0 0.175627 0.186263 0.0582421 0.15732 0.00764123
74 0.735203 0.784636 0.0277245 0.0304572 0.00755629
44 0.523873 0.915629 0.126649 0.131909 0.00745648
40 0.229324 0.112208 0.0151436 0.0399708 0.00742722
0 0.354846 0.05212 0.043996 0.0727402 0.00742483
58 0.348869 0.590154 0.0690514 0.0997144 0.00737223
