41 0.0440687 0.965927 0.0881374 0.0674667 0.890782
0 0.13374 0.677721 0.262142 0.546769 0.88532
0 0.719209 0.618795 0.231086 0.417367 0.873199
0 0.469106 0.503018 0.420378 0.95823 0.864512
41 0.263362 0.966043 0.0936703 0.0658081 0.81406
39 0.108377 0.929866 0.0614859 0.137845 0.766854
57 0.834072 0.640407 0.330503 0.439883 0.706533
65 0.289029 0.521306 0.0931066 0.0356014 0.527325
0 0.045319 0.787063 0.0873655 0.244195 0.363897
57 0.554418 0.605591 0.886672 0.363963 0.220277
65 0.397615 0.826399 0.0620836 0.0643969 0.143234
65 0.838896 0.865734 0.119086 0.047673 0.141182
58 0.290699 0.319193 0.198919 0.308961 0.136208
65 0.409427 0.826075 0.0351921 0.0599609 0.132987
57 0.917339 0.672559 0.164071 0.449563 0.110254
0 0.96714 0.802823 0.0652512 0.273373 0.110015
57 0.207364 0.668976 0.413473 0.502206 0.094344
56 0.832102 0.640623 0.323617 0.434721 0.0855551
57 0.890964 0.529413 0.218072 0.215475 0.0809202
65 0.932305 0.877046 0.0617616 0.0695026 0.0808326
65 0.409745 0.81641 0.0322299 0.0424778 0.079078
58 0.335335 0.246105 0.146723 0.163415 0.0779408
57 0.721182 0.636336 0.553302 0.429653 0.0775558
57 0.337168 0.75952 0.66857 0.447809 0.076757
60 0.199054 0.953787 0.387301 0.0798782 0.0766449
58 0.307192 0.275965 0.194301 0.322931 0.0757738
0 0.0404871 0.748034 0.0758244 0.290985 0.0727763
57 0.834002 0.734892 0.32309 0.222871 0.0723977
57 0.909289 0.622227 0.174526 0.178056 0.0664409
41 0.337841 0.994582 0.0904025 0.0108353 0.0656602
39 0.107679 0.901725 0.0606137 0.0847628 0.0654863
0 0.949549 0.780543 0.100902 0.333712 0.0626499
0 0.0541933 0.672118 0.105244 0.495058 0.0610282
0 0.934125 0.73102 0.131162 0.379177 0.0609017
65 0.981477 0.924802 0.0339696 0.0390438 0.0589484
26 0.781234 0.787934 0.139353 0.11045 0.0561594
0 0.689185 0.644929 0.166057 0.355241 0.0533657
65 0.205519 0.907123 0.0901595 0.0873745 0.0523362
57 0.564007 0.547391 0.868238 0.252604 0.0520901
56 0.329504 0.691281 0.181136 0.315278 0.0500512
58 0.262172 0.363597 0.145413 0.112139 0.048597
57 0.0426598 0.671785 0.0811617 0.471635 0.0478677
0 0.345633 0.699013 0.142828 0.32113 0.0464684
0 0.915228 0.700886 0.167792 0.343729 0.0461472
0 0.910597 0.625603 0.172723 0.179501 0.0451072
58 0.259693 0.391456 0.142145 0.163638 0.0443062
41 0.299398 0.966118 0.171706 0.0670326 0.0437476
57 0.207016 0.781739 0.414031 0.342079 0.0426859
65 0.931902 0.893092 0.0613157 0.0393494 0.0416027
65 0.297146 0.517727 0.0769685 0.0313907 0.0412662
58 0.281111 0.311857 0.182338 0.228104 0.040786
0 0.951231 0.809565 0.0934537 0.244346 0.0400896
45 0.334509 0.994018 0.0902981 0.0119638 0.0396612
57 0.914529 0.653934 0.168836 0.24995 0.0392888
0 0.755364 0.533449 0.164136 0.246257 0.0384617
56 0.0426598 0.671785 0.0811617 0.471635 0.0372486
58 0.335062 0.194809 0.154794 0.266965 0.0364496
39 0.0127203 0.890035 0.023651 0.109524 0.0348141
60 0.321203 0.939362 0.642406 0.109962 0.034748
0 0.363048 0.747917 0.125431 0.215065 0.0346965
57 0.886651 0.58503 0.2237 0.31608 0.0327836
57 0.369948 0.667981 0.739897 0.412695 0.032769
0 0.962816 0.756729 0.0728479 0.275526 0.0326365
65 0.334509 0.994018 0.0902981 0.0119638 0.0312854
41 0.204519 0.908394 0.0981567 0.0918018 0.0304618
65 0.264505 0.514548 0.12907 0.048111 0.0300725
39 0.0189679 0.891022 0.0351023 0.108373 0.0297754
0 0.134488 0.805441 0.255721 0.299183 0.0293564
65 0.391509 0.827748 0.0800218 0.0530319 0.0281238
58 0.36537 0.0964921 0.0622427 0.0976937 0.028089
39 0.20499 0.907146 0.0941356 0.0929615 0.0271613
57 0.844668 0.641736 0.310663 0.279686 0.0243674
39 0.0114762 0.877622 0.0217321 0.0776009 0.0239153
57 0.655192 0.564992 0.672499 0.284238 0.0234041
67 0.932293 0.88357 0.0618614 0.0573067 0.0226835
58 0.432862 0.254755 0.448354 0.438854 0.0225194
45 0.0440687 0.965927 0.0881374 0.0674667 0.022014
0 0.733365 0.544788 0.217252 0.26612 0.0218262
57 0.847775 0.69661 0.300913 0.171096 0.0214401
0 0.913202 0.703075 0.168079 0.153763 0.0212482
41 0.110207 0.929621 0.0603255 0.137633 0.0208918
67 0.840491 0.865083 0.11965 0.0494007 0.0204402
0 0.912845 0.665645 0.174216 0.125151 0.0202396
56 0.0422009 0.485831 0.0792687 0.1003 0.0198649
57 0.297772 0.694482 0.244596 0.3117 0.0198102
58 0.368368 0.0865932 0.0688434 0.161312 0.0193764
62 0.969439 0.150526 0.0572815 0.102076 0.0187444
0 0.918343 0.746731 0.161611 0.241295 0.0183497
0 0.0724831 0.792478 0.142392 0.257872 0.0175769
58 0.327251 0.27862 0.0766338 0.102086 0.0171665
57 0.854267 0.581748 0.291467 0.222609 0.0170575
57 0.0425901 0.489149 0.0795082 0.102665 0.0169466
67 0.932292 0.891737 0.0599734 0.0411987 0.0167959
39 0.0445254 0.965407 0.0890507 0.0670729 0.0167363
57 0.891674 0.495217 0.21614 0.137416 0.0164991
0 0.964582 0.853213 0.0667073 0.0691822 0.0161818
0 0.0433862 0.552383 0.083042 0.239986 0.0157267
41 0.108795 0.944443 0.062817 0.0985493 0.0152946
57 0.0424869 0.552955 0.0802182 0.237551 0.0152015
65 0.963636 0.860172 0.0665873 0.0593248 0.0148586
65 0.934412 0.869662 0.0562182 0.0485603 0.0147671
57 0.914136 0.590604 0.1665 0.113785 0.0147448
58 0.431307 0.161375 0.259418 0.296245 0.0147189
56 0.352228 0.705388 0.124594 0.322698 0.0146228
57 0.913202 0.703075 0.168079 0.153763 0.0144999
57 0.912224 0.547271 0.175331 0.218618 0.0140098
41 0.267456 0.95676 0.102538 0.0517263 0.0138994
0 0.9656 0.876621 0.0650777 0.13167 0.0133983
67 0.294489 0.519629 0.0819496 0.0342823 0.0130239
57 0.918343 0.746731 0.161611 0.241295 0.0128113
0 0.977134 0.864681 0.0450099 0.161444 0.0127783
41 0.110254 0.973687 0.0589936 0.0494217 0.0126759
56 0.0424869 0.552955 0.0802182 0.237551 0.0125762
57 0.345633 0.699013 0.142828 0.32113 0.0125754
57 0.962816 0.756729 0.0728479 0.275526 0.0121629
56 0.888726 0.533703 0.222548 0.214742 0.0118023
0 0.953806 0.872174 0.0889256 0.111684 0.0116363
58 0.318568 0.232346 0.116349 0.12999 0.0111569
57 0.934125 0.73102 0.131162 0.379177 0.0110886
57 0.299285 0.74172 0.249719 0.21649 0.0109348
58 0.289287 0.430058 0.205306 0.49343 0.0107161
58 0.449102 0.0855365 0.235117 0.152092 0.0106819
74 0.409745 0.81641 0.0322299 0.0424778 0.0106254
39 0.0413288 0.89076 0.0783348 0.108881 0.010425
58 0.271067 0.414165 0.177091 0.226888 0.0102872
58 0.362969 0.161134 0.210301 0.298412 0.0102337
26 0.838972 0.865647 0.111734 0.0489479 0.00998977
56 0.854267 0.581748 0.291467 0.222609 0.00988713
74 0.202403 0.882509 0.0644665 0.038369 0.00987825
39 0.0280233 0.889714 0.0547548 0.113006 0.00985181
57 0.293498 0.778582 0.298181 0.311598 0.00981823
56 0.692197 0.458193 0.055028 0.0847349 0.0098156
62 0.968197 0.173545 0.0602142 0.14046 0.00971252
56 0.306111 0.601743 0.141716 0.12199 0.00969821
58 0.369736 0.122112 0.0706073 0.176674 0.00966299
74 0.396514 0.820518 0.0598151 0.0506331 0.00963375
73 0.264505 0.514548 0.12907 0.048111 0.00961065
74 0.207157 0.902431 0.0920314 0.0783775 0.00956506
56 0.83725 0.46401 0.0923498 0.0775329 0.00943235
41 0.0458089 0.952118 0.0910381 0.038773 0.00930399
63 0.936085 0.600076 0.12783 0.0815055 0.00918841
0 0.919871 0.674527 0.159447 0.0745657 0.00913933
0 0.206747 0.644838 0.411107 0.457928 0.00905445
57 0.83893 0.503352 0.32214 0.158105 0.00891867
64 0.334509 0.994018 0.0902981 0.0119638 0.00888345
56 0.917339 0.672559 0.164071 0.449563 0.00884092
73 0.283855 0.519074 0.102111 0.0417044 0.00871286
57 0.210297 0.753471 0.401963 0.246575 0.00866771
39 0.108065 0.945263 0.0646261 0.0957054 0.00861478
0 0.124743 0.746274 0.245304 0.316196 0.00859389
57 0.912845 0.665645 0.174216 0.125151 0.00858521
58 0.319558 0.277533 0.125188 0.180464 0.00852364
0 0.0423466 0.673564 0.0819991 0.407532 0.00798064
60 0.174534 0.915573 0.34694 0.114971 0.00790119
0 0.79067 0.529595 0.243333 0.224274 0.00786129
75 0.78145 0.790095 0.140845 0.107478 0.00770989
57 0.880118 0.556124 0.215517 0.178769 0.00770876
67 0.291226 0.524763 0.0898849 0.0286585 0.00770763
57 0.510819 0.688536 0.970347 0.580639 0.00750265
57 0.130377 0.791633 0.253702 0.325978 0.00741133
58 0.340251 0.148985 0.146755 0.201255 0.00737113
65 0.869629 0.659687 0.082383 0.0302092 0.00728711
57 0.83725 0.46401 0.0923498 0.0775329 0.0070889
58 0.449264 0.160622 0.388964 0.303965 0.00696573
58 0.359992 0.146695 0.102937 0.210873 0.00684503
41 0.277346 0.961171 0.0817968 0.0609428 0.00678572
39 0.264961 0.967082 0.0967629 0.0651339 0.00670987
65 0.843068 0.85926 0.108905 0.040365 0.00670895
65 0.202403 0.882509 0.0644665 0.038369 0.00669169
26 0.695205 0.567092 0.121923 0.116341 0.00657326
59 0.909289 0.622227 0.174526 0.178056 0.00656828
45 0.0445574 0.951674 0.0869666 0.0392067 0.00656614
67 0.206575 0.909805 0.0898539 0.0919037 0.00655824
57 0.1228 0.723303 0.239178 0.358556 0.00650319
56 0.692235 0.472947 0.066714 0.120094 0.00637326
58 0.241682 0.319472 0.293532 0.344123 0.00631818
59 0.831315 0.643477 0.324814 0.434561 0.00628915
56 0.846476 0.623011 0.307048 0.294302 0.00624651
57 0.75698 0.460409 0.248233 0.0795963 0.00621423
56 0.488509 0.947799 0.352818 0.0957668 0.00617284
57 0.46013 0.756639 0.419192 0.464999 0.00597274
58 0.345029 0.20288 0.137033 0.0719452 0.00589973
45 0.264961 0.967082 0.0967629 0.0651339 0.00589034
58 0.33004 0.263206 0.0722211 0.0681106 0.00577429
45 0.981791 0.9248 0.0342987 0.0404114 0.00575647
58 0.362365 0.100609 0.0569819 0.074084 0.00561848
0 0.403745 0.755231 0.210266 0.220491 0.00559044
0 0.888726 0.533703 0.222548 0.214742 0.00557578
39 0.0153256 0.882317 0.0276572 0.0904556 0.00551865
0 0.299285 0.74172 0.249719 0.21649 0.00545105
39 0.178822 0.904373 0.0406478 0.0601948 0.00542009
41 0.29127 0.521203 0.0880698 0.0346111 0.00538659
56 0.0429155 0.455564 0.0818904 0.0402156 0.00517866
41 0.109101 0.96118 0.0615323 0.0755215 0.00516358
58 0.269565 0.363134 0.109486 0.102811 0.00507599
65 0.394052 0.974826 0.172481 0.0480286 0.00507551
73 0.28942 0.523497 0.0911449 0.0294316 0.00496072
45 0.288805 0.521312 0.0914177 0.0351739 0.00492942
56 0.214042 0.759327 0.0700309 0.0713801 0.00475323
57 0.297714 0.836822 0.268451 0.226574 0.00474191
0 0.950138 0.846766 0.0940018 0.149396 0.00460175
24 0.838995 0.865816 0.118026 0.0503447 0.0045585
73 0.337841 0.994582 0.0904025 0.0108353 0.00446814
56 0.762196 0.464901 0.202646 0.103452 0.00444683
56 0.295831 0.730123 0.246033 0.224062 0.00440615
65 0.274826 0.519975 0.129189 0.046059 0.00438708
41 0.236312 0.908007 0.151344 0.0964939 0.0043723
0 0.83857 0.682643 0.32286 0.336201 0.00424153
78 0.837537 0.864793 0.119652 0.0496035 0.00422814
26 0.206378 0.909119 0.0880917 0.0896713 0.004163
58 0.31147 0.216006 0.104892 0.100067 0.00415888
56 0.305543 0.58526 0.150854 0.165144 0.00412193
65 0.73719 0.644521 0.0718381 0.0269232 0.00409973
57 0.249543 0.807731 0.372992 0.291613 0.00409061
58 0.368554 0.116783 0.0675889 0.106941 0.00409049
74 0.409427 0.826075 0.0351921 0.0599609 0.00403976
57 0.292253 0.662009 0.275823 0.439507 0.0039964
57 0.304762 0.600235 0.148557 0.129204 0.00399294
41 0.981602 0.925611 0.0351822 0.0406647 0.00389126
74 0.205662 0.896048 0.0662945 0.0672497 0.00387648
58 0.379255 0.139574 0.0541482 0.0666661 0.0038341
56 0.554418 0.605591 0.886672 0.363963 0.00381702
65 0.339497 0.992075 0.0985783 0.0149424 0.00380412
0 0.922735 0.650659 0.152233 0.243325 0.00379115
0 0.914136 0.590604 0.1665 0.113785 0.00378847
0 0.981346 0.894002 0.0335594 0.102266 0.00373515
73 0.244051 0.511938 0.0915103 0.0496868 0.00371414
65 0.205662 0.896048 0.0662945 0.0672497 0.00363091
63 0.273626 0.517577 0.131496 0.046133 0.00362426
57 0.0429155 0.455564 0.0818904 0.0402156 0.0036194
56 0.262831 0.723581 0.291419 0.183902 0.00361556
0 0.852884 0.668289 0.294232 0.191808 0.00359657
65 0.303845 0.50502 0.0631612 0.0348541 0.00359255
58 0.323449 0.291468 0.0781655 0.0820271 0.00353959
65 0.896941 0.663588 0.148101 0.0456038 0.00351009
64 0.841407 0.864329 0.11243 0.047381 0.00348142
60 0.205428 0.967362 0.408732 0.0652754 0.00345528
64 0.932293 0.88357 0.0618614 0.0573067 0.00342163
65 0.193539 0.900651 0.0638383 0.0634788 0.00340763
65 0.308613 0.49959 0.0581699 0.0408665 0.00340167
57 0.262831 0.723581 0.291419 0.183902 0.00337645
56 0.886651 0.58503 0.2237 0.31608 0.00336635
56 0.325726 0.599952 0.103896 0.111401 0.00335211
65 0.884395 0.657834 0.11834 0.0341156 0.00332823
65 0.733435 0.649 0.0783644 0.0307039 0.00331613
57 0.917812 0.506798 0.15886 0.162075 0.00322336
26 0.933512 0.876098 0.062395 0.0701889 0.0032061
39 0.109101 0.96118 0.0615323 0.0755215 0.00317204
39 0.112273 0.881812 0.0586344 0.0474369 0.00316817
58 0.31168 0.306043 0.129268 0.227761 0.00316092
65 0.178822 0.904373 0.0406478 0.0601948 0.00314811
0 0.966084 0.802351 0.0647807 0.172558 0.00313196
0 0.72725 0.469533 0.112373 0.110109 0.0031158
56 0.206747 0.644838 0.411107 0.457928 0.00311413
57 0.93418 0.588493 0.13164 0.0793436 0.00311095
73 0.325001 0.569933 0.0881687 0.0270121 0.00307631
60 0.543651 0.87696 0.912697 0.225917 0.00307542
0 0.981602 0.925611 0.0351822 0.0406647 0.00307244
58 0.37259 0.201628 0.0750295 0.0741789 0.0030686
40 0.110467 0.973659 0.0578181 0.0491674 0.00306094
57 0.241529 0.870687 0.483058 0.222304 0.00299668
0 0.711285 0.522343 0.157366 0.224406 0.00297081
39 0.932305 0.877046 0.0617616 0.0695026 0.00295332
58 0.296085 0.274579 0.155311 0.212608 0.00294846
0 0.448308 0.729247 0.30665 0.26244 0.00293112
75 0.110207 0.929621 0.0603255 0.137633 0.00292563
45 0.488509 0.947799 0.352818 0.0957668 0.00291279
65 0.936494 0.578909 0.124572 0.0377605 0.00289398
64 0.931902 0.893092 0.0613157 0.0393494 0.00288516
56 0.834002 0.734892 0.32309 0.222871 0.00286686
0 0.297772 0.694482 0.244596 0.3117 0.00283599
74 0.388125 0.828321 0.0797398 0.064019 0.00282243
41 0.296072 0.993631 0.182341 0.012739 0.00281325
57 0.69471 0.457003 0.058682 0.0845403 0.00277919
41 0.0526418 0.919233 0.0195037 0.0301727 0.00277001
65 0.759858 0.633809 0.0246998 0.0244559 0.00275463
56 0.962816 0.756729 0.0728479 0.275526 0.00275433
57 0.136433 0.489364 0.271183 0.100732 0.00274265
58 0.376481 0.171092 0.0658936 0.12142 0.00272709
39 0.337841 0.994582 0.0904025 0.0108353 0.00270265
56 0.912322 0.624695 0.173496 0.159797 0.00269964
60 0.0443133 0.481925 0.0845656 0.0958508 0.00268626
56 0.936728 0.568749 0.126543 0.039945 0.00267532
67 0.202403 0.882509 0.0644665 0.038369 0.00266513
57 0.486235 0.948211 0.355988 0.0987488 0.00266355
56 0.75698 0.460409 0.248233 0.0795963 0.0026623
66 0.283855 0.519074 0.102111 0.0417044 0.00265011
62 0.970486 0.129105 0.0543259 0.0584701 0.00262848
0 0.00937117 0.630648 0.0169986 0.0827082 0.00258237
0 0.846476 0.623011 0.307048 0.294302 0.0025804
40 0.263973 0.967283 0.0932673 0.062624 0.00257707
56 0.210297 0.753471 0.401963 0.246575 0.00254673
41 0.325913 0.994477 0.11462 0.0110458 0.00251889
75 0.0460993 0.966399 0.0881314 0.0636837 0.00250778
57 0.0404871 0.748034 0.0758244 0.290985 0.00250614
65 0.909014 0.646854 0.167105 0.0561364 0.00250536
56 0.718041 0.609221 0.255286 0.319475 0.00249633
0 0.86928 0.593737 0.26144 0.238661 0.00249279
59 0.847775 0.69661 0.300913 0.171096 0.00245821
58 0.307884 0.296757 0.0619307 0.0634044 0.00245151
