76 0.460929 0.231795 0.160126 0.200803 0.53045
14 0.461498 0.229091 0.174457 0.202462 0.245858
0 0.35227 0.808772 0.689971 0.374939 0.157193
14 0.76666 0.554313 0.167651 0.209399 0.143707
23 0.659838 0.425472 0.338792 0.318507 0.0978849
14 0.389913 0.570115 0.338936 0.52492 0.0827681
19 0.783286 0.545328 0.425873 0.713213 0.0777819
14 0.395364 0.642226 0.778899 0.683676 0.0647323
14 0.286527 0.631601 0.560623 0.65092 0.0546582
14 0.461779 0.643153 0.492313 0.682514 0.0409678
0 0.786668 0.544954 0.418999 0.722543 0.0405352
16 0.390837 0.561309 0.340145 0.518037 0.0369778
14 0.348856 0.807506 0.689445 0.373699 0.0350197
23 0.524824 0.428066 0.597787 0.324984 0.0316782
14 0.785817 0.541499 0.428365 0.717235 0.0316215
15 0.389913 0.570115 0.338936 0.52492 0.0311713
14 0.723612 0.552678 0.260478 0.209218 0.0280029
15 0.293209 0.6436 0.576255 0.68066 0.025033
14 0.459478 0.261092 0.180175 0.147718 0.0248526
14 0.813143 0.495069 0.0723474 0.0903446 0.0218223
16 0.285915 0.590984 0.556625 0.579983 0.0177732
14 0.465221 0.206332 0.163169 0.151295 0.0160508
14 0.661434 0.419113 0.241924 0.286672 0.0153614
14 0.632345 0.57728 0.45045 0.627211 0.0152672
14 0.669316 0.453232 0.363054 0.374439 0.0130696
14 0.524128 0.49101 0.649425 0.445792 0.0123447
16 0.395364 0.642226 0.778899 0.683676 0.0109473
14 0.626828 0.477192 0.20372 0.232359 0.0108036
19 0.290837 0.807421 0.581674 0.375168 0.0103189
19 0.464553 0.607149 0.784447 0.680772 0.0102553
20 0.349688 0.80808 0.69177 0.374183 0.0102499
23 0.524128 0.49101 0.649425 0.445792 0.0102265
23 0.751712 0.541303 0.496575 0.706409 0.00909486
21 0.400536 0.57139 0.362282 0.530919 0.0089801
15 0.461779 0.643153 0.492313 0.682514 0.00821894
16 0.461779 0.643153 0.492313 0.682514 0.00803751
0 0.404394 0.638498 0.79884 0.695804 0.00799173
76 0.419783 0.240242 0.256982 0.220366 0.00794131
19 0.301796 0.644594 0.587538 0.680135 0.00785989
14 0.512707 0.625572 0.69255 0.721541 0.00760299
76 0.46643 0.201445 0.15871 0.140205 0.00724843
33 0.786668 0.544954 0.418999 0.722543 0.00721961
77 0.751712 0.541303 0.496575 0.706409 0.00693947
23 0.293209 0.6436 0.576255 0.68066 0.00666216
18 0.348856 0.807506 0.689445 0.373699 0.00653568
14 0.660495 0.546539 0.163547 0.180723 0.00647256
14 0.731994 0.572699 0.218137 0.198313 0.00604743
14 0.624526 0.517272 0.192422 0.183547 0.00603044
76 0.391246 0.273769 0.325587 0.300082 0.0058848
15 0.302043 0.562449 0.523363 0.527987 0.0058426
14 0.64034 0.332234 0.0683961 0.120491 0.00583389
21 0.293209 0.6436 0.576255 0.68066 0.00572121
23 0.492764 0.595591 0.720507 0.652546 0.00549147
21 0.773956 0.540348 0.452088 0.717106 0.00547662
23 0.400536 0.57139 0.362282 0.530919 0.00531
18 0.293209 0.6436 0.576255 0.68066 0.00527766
79 0.466798 0.220299 0.162807 0.18834 0.00524229
23 0.583935 0.42913 0.195972 0.325846 0.00516224
19 0.671526 0.459482 0.35315 0.407847 0.00515854
76 0.459478 0.261092 0.180175 0.147718 0.00514185
43 0.461326 0.230962 0.165364 0.198051 0.00498232
23 0.461779 0.643153 0.492313 0.682514 0.00480482
14 0.694508 0.56069 0.187902 0.199471 0.00478795
14 0.560062 0.319429 0.102555 0.0962329 0.00469318
14 0.750415 0.570291 0.110777 0.138766 0.00440693
14 0.640817 0.305251 0.0657612 0.074501 0.00439429
21 0.461779 0.643153 0.492313 0.682514 0.0043003
16 0.510226 0.556737 0.591249 0.538866 0.00425291
14 0.881561 0.580473 0.236879 0.28631 0.00408706
15 0.492963 0.632143 0.725075 0.709645 0.00396872
14 0.476074 0.328362 0.0240025 0.0409281 0.0039582
23 0.632345 0.57728 0.45045 0.627211 0.00362229
19 0.632345 0.57728 0.45045 0.627211 0.00361717
76 0.394897 0.357786 0.372647 0.468145 0.0035871
0 0.671526 0.459482 0.35315 0.407847 0.00346681
16 0.751712 0.541303 0.496575 0.706409 0.00342852
0 0.632345 0.57728 0.45045 0.627211 0.00340009
14 0.574019 0.527923 0.0891022 0.0929088 0.00335827
16 0.35227 0.808772 0.689971 0.374939 0.00329807
14 0.667853 0.568686 0.0819252 0.111458 0.00320336
17 0.786668 0.544954 0.418999 0.722543 0.00310501
27 0.460408 0.227444 0.16608 0.194138 0.00306067
0 0.77563 0.668489 0.416382 0.463118 0.00292942
14 0.534695 0.31683 0.154498 0.0915962 0.00288528
18 0.461779 0.643153 0.492313 0.682514 0.00285819
14 0.562052 0.442981 0.234355 0.349383 0.00284666
14 0.782611 0.663498 0.434778 0.47118 0.00280771
44 0.464764 0.224476 0.167182 0.195846 0.00280529
15 0.510226 0.556737 0.591249 0.538866 0.00263694
18 0.390837 0.561309 0.340145 0.518037 0.002619
23 0.661434 0.419113 0.241924 0.286672 0.00261876
14 0.585113 0.382366 0.190201 0.232353 0.00261712
21 0.768119 0.55379 0.163495 0.209509 0.00252301
18 0.751712 0.541303 0.496575 0.706409 0.00243378
14 0.713413 0.661452 0.297029 0.475759 0.00243318
21 0.302043 0.562449 0.523363 0.527987 0.00238979
19 0.467079 0.642635 0.489912 0.687423 0.00235742
15 0.766777 0.550108 0.168093 0.207154 0.00233939
14 0.658175 0.462281 0.244472 0.225657 0.0023208
77 0.390923 0.562073 0.350191 0.51606 0.00228634
19 0.302043 0.562449 0.523363 0.527987 0.00228536
25 0.466798 0.220299 0.162807 0.18834 0.00225145
16 0.512707 0.625572 0.69255 0.721541 0.00224835
0 0.290609 0.650442 0.574025 0.69048 0.00222516
14 0.583163 0.330294 0.190524 0.123801 0.00217855
15 0.773956 0.540348 0.452088 0.717106 0.00215602
19 0.390837 0.561309 0.340145 0.518037 0.00212443
77 0.285915 0.590984 0.556625 0.579983 0.00211111
0 0.713413 0.661452 0.297029 0.475759 0.00201946
77 0.671526 0.459482 0.35315 0.407847 0.00200552
21 0.466058 0.633635 0.798434 0.70535 0.00197363
14 0.640007 0.55959 0.212722 0.205601 0.00193116
33 0.461498 0.229091 0.174457 0.202462 0.00192866
14 0.715102 0.658397 0.215927 0.390468 0.00186896
19 0.871112 0.442241 0.255148 0.515187 0.00177711
76 0.499376 0.352971 0.535574 0.459394 0.00176361
18 0.302043 0.562449 0.523363 0.527987 0.00175282
15 0.651458 0.429894 0.347361 0.319169 0.00171825
19 0.77563 0.668489 0.416382 0.463118 0.00171176
22 0.35227 0.808772 0.689971 0.374939 0.00169468
14 0.670399 0.587702 0.0771344 0.0703735 0.00169444
0 0.524128 0.49101 0.649425 0.445792 0.00166917
23 0.609529 0.416337 0.137997 0.297477 0.001647
14 0.570499 0.507785 0.0840821 0.127563 0.00164348
0 0.461779 0.643153 0.492313 0.682514 0.00161752
0 0.766944 0.556855 0.166265 0.211281 0.00161457
14 0.738831 0.58281 0.106395 0.133633 0.00160778
14 0.56441 0.307786 0.0901666 0.0778572 0.00154725
14 0.613501 0.498263 0.0958264 0.107529 0.00149187
15 0.35227 0.808772 0.689971 0.374939 0.00148633
21 0.348856 0.807506 0.689445 0.373699 0.0014796
77 0.348856 0.807506 0.689445 0.373699 0.00147796
14 0.64721 0.326198 0.0483236 0.0322978 0.00146988
17 0.331462 0.806176 0.65534 0.360598 0.00146535
19 0.724781 0.441006 0.550437 0.512499 0.00136802
19 0.524128 0.49101 0.649425 0.445792 0.00128686
14 0.520174 0.401361 0.241517 0.270291 0.00127175
20 0.786668 0.544954 0.418999 0.722543 0.00125718
14 0.54982 0.383928 0.186139 0.233049 0.0012559
21 0.510226 0.556737 0.591249 0.538866 0.00121909
18 0.675633 0.456002 0.339626 0.382319 0.0011833
21 0.671526 0.459482 0.35315 0.407847 0.00118282
14 0.579467 0.42499 0.186131 0.279804 0.00117999
14 0.684102 0.588942 0.0478416 0.055941 0.00116724
76 0.508605 0.252953 0.361295 0.258349 0.00114834
14 0.797346 0.542057 0.103942 0.184461 0.00114056
18 0.492963 0.632143 0.725075 0.709645 0.00110325
20 0.400536 0.57139 0.362282 0.530919 0.00108939
22 0.784672 0.542494 0.430655 0.705847 0.00108859
23 0.63293 0.405101 0.390215 0.397566 0.00105643
14 0.404271 0.45659 0.301148 0.225289 0.0010542
14 0.524824 0.428066 0.597787 0.324984 0.0010426
76 0.465293 0.229833 0.156142 0.0732876 0.00104159
43 0.46643 0.201445 0.15871 0.140205 0.00103697
14 0.607649 0.45397 0.135719 0.200943 0.00101078
