0 0.817609 0.737755 0.212572 0.517324 0.923753
0 0.23166 0.429276 0.0647684 0.317766 0.783677
35 0.347738 0.246683 0.104678 0.105674 0.278867
2 0.904673 0.440488 0.0579105 0.0300775 0.0934591
38 0.348514 0.245016 0.105057 0.107979 0.0897541
2 0.876385 0.454257 0.113159 0.0554302 0.0762459
32 0.350497 0.246784 0.106284 0.101865 0.0744958
2 0.893052 0.441016 0.0787279 0.0323392 0.0731813
2 0.920469 0.455721 0.104178 0.059964 0.0634793
2 0.91753 0.443724 0.0848284 0.0381554 0.0617745
2 0.962366 0.458088 0.0731777 0.0514849 0.0567737
2 0.915965 0.453189 0.0827194 0.0521674 0.0456133
2 0.690066 0.437807 0.0288166 0.0277723 0.0434521
2 0.562102 0.442883 0.108046 0.0606819 0.0402911
2 0.54834 0.443483 0.0782698 0.0578114 0.0341662
2 0.684887 0.4375 0.0379751 0.0367997 0.0279122
2 0.673055 0.435615 0.065207 0.0651868 0.0246728
29 0.349813 0.24687 0.105147 0.10432 0.0232518
2 0.901605 0.453232 0.169299 0.0586849 0.0214196
38 0.252813 0.270093 0.055164 0.0262106 0.019971
2 0.951347 0.457879 0.0489203 0.0526382 0.017855
2 0.983536 0.46688 0.0302265 0.0350807 0.0159443
0 0.76707 0.431921 0.0927366 0.104964 0.0152138
74 0.350758 0.245518 0.105166 0.10674 0.0144196
2 0.833421 0.446254 0.241205 0.0727137 0.0139141
2 0.661884 0.435336 0.041163 0.0669586 0.0134375
2 0.764299 0.43448 0.104236 0.0970989 0.0119011
2 0.832557 0.436979 0.0211361 0.02052 0.0118688
7 0.853819 0.443638 0.275581 0.0849101 0.0113862
2 0.672812 0.445765 0.0640776 0.0477155 0.0110336
2 0.56221 0.421817 0.107776 0.107307 0.0109443
2 0.943312 0.447782 0.0606415 0.0775913 0.0100115
2 0.832761 0.434415 0.0243118 0.0241422 0.00997245
29 0.252813 0.270093 0.055164 0.0262106 0.00977832
0 0.353169 0.405289 0.0314155 0.222247 0.00897983
2 0.824792 0.432846 0.229682 0.0987837 0.00711015
2 0.647938 0.439804 0.0692465 0.0600866 0.00706685
2 0.961628 0.445075 0.076744 0.0856229 0.00689283
2 0.53002 0.44474 0.105626 0.0514883 0.00681365
0 0.347592 0.411387 0.0255435 0.232907 0.00668022
2 0.982326 0.340326 0.0322632 0.0567042 0.00646102
0 0.784272 0.434206 0.0836025 0.100457 0.00644857
54 0.349813 0.24687 0.105147 0.10432 0.00607049
5 0.849622 0.440444 0.273468 0.0908896 0.00583342
2 0.687953 0.446366 0.0355434 0.0457147 0.00567043
2 0.861583 0.439317 0.0830839 0.031503 0.00565645
2 0.79227 0.442141 0.109502 0.0380538 0.00547418
2 0.865544 0.430887 0.0863623 0.0376602 0.00527719
2 0.692531 0.448632 0.0357529 0.0626294 0.00508973
7 0.901605 0.453232 0.169299 0.0586849 0.00491515
2 0.731586 0.413887 0.184142 0.125523 0.00487635
2 0.858483 0.45371 0.167248 0.0555721 0.00480026
2 0.527337 0.420173 0.18373 0.109538 0.00465363
38 0.26059 0.271191 0.0831626 0.0325077 0.00450075
2 0.919244 0.432501 0.0924927 0.0791182 0.00449017
2 0.858037 0.431861 0.0717388 0.0290527 0.00448501
7 0.854533 0.410264 0.281613 0.140898 0.004397
2 0.671522 0.402756 0.060461 0.13381 0.00418484
7 0.827867 0.434157 0.323305 0.100055 0.00400668
2 0.827867 0.434157 0.323305 0.100055 0.00381571
2 0.792351 0.430971 0.108947 0.0382999 0.0037685
38 0.22818 0.298574 0.0575258 0.0561624 0.00372925
2 0.523036 0.444696 0.189132 0.0626388 0.00367761
2 0.793643 0.442833 0.112935 0.083201 0.00365338
35 0.376821 0.246695 0.0502553 0.103952 0.00326109
2 0.664246 0.445122 0.0440764 0.0483659 0.00319153
5 0.848344 0.40649 0.279664 0.149937 0.00318792
38 0.239124 0.294209 0.0352842 0.0451455 0.00304198
2 0.522809 0.449284 0.132959 0.0478701 0.00302631
7 0.827756 0.37667 0.322785 0.214428 0.00300291
2 0.880951 0.421689 0.118778 0.0549642 0.00296971
2 0.734952 0.448516 0.0366554 0.0625409 0.00294334
2 0.854533 0.410264 0.281613 0.140898 0.00293955
32 0.387479 0.223171 0.0269113 0.0497291 0.00293529
38 0.718731 0.913962 0.0153236 0.163341 0.00289634
2 0.931251 0.434994 0.0808319 0.109671 0.00286087
2 0.686631 0.428736 0.0378698 0.057789 0.00276211
2 0.783904 0.393814 0.0427987 0.0352917 0.00274408
2 0.638087 0.435989 0.0923068 0.0767471 0.00268662
38 0.376821 0.246695 0.0502553 0.103952 0.00267532
2 0.745577 0.40052 0.212864 0.156949 0.00262481
38 0.239121 0.27169 0.0362962 0.0224989 0.00252002
14 0.347761 0.246721 0.108133 0.107085 0.00244561
2 0.780666 0.428614 0.146354 0.100869 0.00243562
0 0.982993 0.465055 0.0305462 0.0367926 0.00241658
38 0.271966 0.298386 0.147227 0.0745692 0.00241032
7 0.904673 0.440488 0.0579105 0.0300775 0.00240591
27 0.347906 0.246471 0.107191 0.102234 0.0023908
2 0.713196 0.417976 0.145063 0.107695 0.00238109
2 0.802404 0.385005 0.0866039 0.0444252 0.0023568
2 0.721499 0.449298 0.0628706 0.063695 0.00234106
7 0.563238 0.432221 0.106034 0.0828991 0.00225672
38 0.240977 0.28994 0.0463599 0.0554866 0.00220317
2 0.805958 0.368819 0.0948259 0.084614 0.00212789
2 0.981394 0.375895 0.0372126 0.132424 0.00203776
7 0.915965 0.453189 0.0827194 0.0521674 0.00199449
0 0.235916 0.48614 0.050253 0.197002 0.00199422
7 0.962042 0.455874 0.0696056 0.0565152 0.00193599
74 0.156257 0.0813631 0.0255688 0.0370747 0.00192183
0 0.289144 0.383521 0.138649 0.27644 0.00189778
38 0.252418 0.30469 0.0811048 0.0971317 0.00178972
2 0.784272 0.434206 0.0836025 0.100457 0.00177959
2 0.859762 0.421717 0.0730804 0.052271 0.00171825
5 0.827756 0.37667 0.322785 0.214428 0.00170854
7 0.527337 0.420173 0.18373 0.109538 0.00160962
38 0.387479 0.223171 0.0269113 0.0497291 0.00160518
2 0.971291 0.398695 0.0572498 0.17281 0.00159416
2 0.978706 0.354147 0.0413795 0.0895805 0.00159311
7 0.91753 0.443724 0.0848284 0.0381554 0.00158265
29 0.228392 0.302548 0.044538 0.0442497 0.00156528
7 0.876385 0.454257 0.113159 0.0554302 0.00156462
7 0.731586 0.413887 0.184142 0.125523 0.00155988
2 0.827756 0.37667 0.322785 0.214428 0.00152233
7 0.671522 0.402756 0.060461 0.13381 0.00150052
2 0.97899 0.457066 0.0407665 0.060313 0.00148815
38 0.297889 0.248391 0.218769 0.102237 0.00146577
2 0.902965 0.443519 0.184093 0.0762854 0.00146478
29 0.230419 0.298772 0.0591262 0.0545188 0.00146461
2 0.772681 0.407754 0.164816 0.15129 0.00145468
2 0.292095 0.453799 0.0583003 0.118549 0.0014421
2 0.607046 0.427295 0.201431 0.0947549 0.00142953
7 0.920469 0.455721 0.104178 0.059964 0.00141653
2 0.820521 0.349733 0.0760962 0.0396971 0.00141197
2 0.787471 0.382576 0.0473276 0.0534253 0.00141197
2 0.79784 0.374274 0.0458857 0.0535529 0.00141171
0 0.776149 0.40214 0.0588505 0.0359606 0.00138146
0 0.717136 0.916116 0.0158698 0.162963 0.00136736
7 0.824792 0.432846 0.229682 0.0987837 0.00134113
2 0.776149 0.40214 0.0588505 0.0359606 0.00133657
0 0.25395 0.407535 0.0238605 0.217232 0.00131339
7 0.893052 0.441016 0.0787279 0.0323392 0.00130415
2 0.810797 0.452794 0.153649 0.0591623 0.00130254
33 0.347906 0.246471 0.107191 0.102234 0.00126237
27 0.350893 0.392804 0.023064 0.194346 0.00126094
2 0.795851 0.392265 0.0834505 0.0460672 0.00121674
0 0.314472 0.42654 0.0259081 0.140754 0.00120857
13 0.91387 0.453883 0.10476 0.0602203 0.00116307
2 0.858101 0.398113 0.228519 0.137937 0.00115791
2 0.82976 0.41821 0.0355129 0.063415 0.00115559
2 0.713312 0.442654 0.0803564 0.0809643 0.00115481
2 0.552348 0.426056 0.0822193 0.0864761 0.00115409
38 0.383799 0.244164 0.035744 0.0917138 0.00114945
0 0.733113 0.450929 0.0293173 0.0614332 0.00114453
32 0.253292 0.268659 0.0539604 0.025907 0.00113696
2 0.902741 0.400642 0.193252 0.170924 0.0010998
38 0.253638 0.306361 0.106623 0.0799442 0.00107673
7 0.902965 0.443519 0.184093 0.0762854 0.00105318
77 0.347761 0.246721 0.108133 0.107085 0.00104764
27 0.351857 0.371927 0.0195498 0.156291 0.00104547
29 0.239121 0.27169 0.0362962 0.0224989 0.0010426
13 0.915965 0.453189 0.0827194 0.0521674 0.00103435
2 0.815994 0.379579 0.111892 0.110838 0.00103021
13 0.876385 0.454257 0.113159 0.0554302 0.00102645
38 0.228392 0.302548 0.044538 0.0442497 0.00102267
