53 0.426362 0.492025 0.470767 0.169805 0.703301
53 0.430958 0.462982 0.442752 0.107708 0.561222
69 0.521596 0.466356 0.950261 0.928218 0.53533
72 0.524539 0.460933 0.939285 0.913491 0.462119
53 0.5163 0.594217 0.147175 0.047846 0.323209
53 0.436911 0.517345 0.443624 0.123042 0.20078
69 0.411132 0.554969 0.705569 0.627331 0.181518
53 0.424112 0.594397 0.33469 0.0518484 0.127873
72 0.751329 0.436001 0.497203 0.85514 0.0581942
53 0.441769 0.533103 0.492101 0.0906317 0.0346113
53 0.366287 0.602193 0.214666 0.0379546 0.0257211
53 0.407255 0.474316 0.417145 0.0818012 0.0216596
68 0.525007 0.467079 0.949986 0.931734 0.0194193
53 0.421306 0.588428 0.39312 0.0828417 0.0193471
69 0.44092 0.581069 0.513875 0.561296 0.0170599
55 0.0618482 0.534501 0.0995677 0.0680517 0.0133322
53 0.367783 0.594918 0.196108 0.0263818 0.0132558
69 0.751329 0.436001 0.497203 0.85514 0.0115551
55 0.441389 0.230873 0.549682 0.0938519 0.0109328
53 0.352317 0.605332 0.211249 0.028479 0.00798929
53 0.412443 0.461551 0.347101 0.0624187 0.0070613
69 0.435915 0.728134 0.479834 0.253039 0.00701302
0 0.745637 0.451595 0.496886 0.893792 0.00693941
53 0.393459 0.453534 0.298546 0.0482437 0.00629115
53 0.458144 0.465923 0.308257 0.073271 0.00624737
60 0.526908 0.466686 0.929934 0.908473 0.00570875
55 0.0636024 0.558931 0.104562 0.114228 0.00506556
55 0.516553 0.593715 0.145593 0.0508656 0.00498489
53 0.364571 0.451903 0.227428 0.0434896 0.00424647
45 0.0618482 0.534501 0.0995677 0.0680517 0.00412837
53 0.388883 0.539808 0.384834 0.0801668 0.00343442
0 0.837028 0.597418 0.324712 0.602592 0.00317919
53 0.374317 0.460369 0.30873 0.0543793 0.00316507
53 0.600018 0.503476 0.125405 0.0943926 0.00315908
55 0.0347478 0.460443 0.0678188 0.0490507 0.0029282
69 0.8217 0.585143 0.344407 0.620341 0.00283861
0 0.926098 0.153168 0.142386 0.302932 0.00268996
48 0.0627085 0.536012 0.0967065 0.0645132 0.00267902
39 0.0351819 0.46141 0.0675864 0.0460403 0.00259504
72 0.816113 0.540852 0.355879 0.703352 0.00256637
53 0.51979 0.567115 0.151337 0.102 0.00254688
68 0.453795 0.552437 0.804546 0.648318 0.0024682
0 0.532378 0.459504 0.935245 0.910183 0.00246167
53 0.542125 0.446785 0.210944 0.0797435 0.00241351
12 0.748288 0.453125 0.503423 0.897546 0.00239158
55 0.428505 0.230623 0.63775 0.116019 0.00234616
53 0.457892 0.453316 0.308598 0.0430466 0.00225261
53 0.42552 0.570043 0.423615 0.106081 0.00223726
68 0.751329 0.436001 0.497203 0.85514 0.00222075
39 0.0240979 0.462114 0.0477258 0.0462761 0.00220105
2 0.0348557 0.460737 0.0674547 0.0476648 0.00219613
53 0.474999 0.527688 0.285836 0.0597866 0.00206178
53 0.385649 0.473669 0.333719 0.0612234 0.00197536
12 0.532378 0.459504 0.935245 0.910183 0.0019725
53 0.352542 0.610284 0.207793 0.02696 0.00193021
69 0.373142 0.618571 0.599947 0.451846 0.00184572
55 0.444785 0.19938 0.580977 0.155649 0.00184122
53 0.330905 0.5402 0.263753 0.0789652 0.00175539
53 0.391764 0.443645 0.288777 0.0304796 0.00173509
53 0.462656 0.533754 0.226476 0.0643562 0.00158501
71 0.441389 0.230873 0.549682 0.0938519 0.00158414
53 0.398907 0.545694 0.251168 0.0666403 0.00157222
48 0.428929 0.484046 0.469102 0.156668 0.00150445
39 0.0173524 0.461216 0.0344309 0.0474367 0.00143975
53 0.400304 0.537102 0.284189 0.0602685 0.00141296
55 0.428929 0.484046 0.469102 0.156668 0.0013729
53 0.37672 0.450119 0.29177 0.0353855 0.00132245
69 0.416456 0.49199 0.484126 0.168655 0.00130114
72 0.842898 0.418781 0.314204 0.799838 0.00128341
74 0.0691678 0.442194 0.0315156 0.0229456 0.00119379
53 0.522289 0.499224 0.274622 0.0974377 0.0011898
55 0.0507609 0.470961 0.0972116 0.0828723 0.00116497
55 0.340384 0.158958 0.476657 0.0572156 0.00113833
72 0.748978 0.168571 0.502044 0.337141 0.001131
53 0.0638594 0.540083 0.0943018 0.0592339 0.00111401
55 0.0711177 0.572864 0.104241 0.0973112 0.00110155
15 0.926098 0.153168 0.142386 0.302932 0.00108463
55 0.0655697 0.549725 0.0947582 0.0471024 0.00106236
53 0.369996 0.48909 0.344673 0.0504643 0.00103006
72 0.379482 0.565048 0.64088 0.592794 0.00102732
60 0.748902 0.162703 0.502195 0.325406 0.00102141
