0 0.539218 0.451836 0.114676 0.157171 0.624831
0 0.213392 0.757312 0.0592889 0.0568364 0.0988252
0 0.201494 0.757114 0.0327412 0.0534757 0.0326486
33 0.0876065 0.405764 0.0836065 0.353014 0.0226907
33 0.554691 0.453018 0.146886 0.167168 0.0212967
0 0.535523 0.450972 0.0748499 0.0975153 0.0171049
0 0.235047 0.753974 0.0237428 0.0450946 0.0158845
0 0.195857 0.75269 0.0210648 0.0462638 0.0156806
0 0.58063 0.439778 0.0922441 0.172654 0.0154955
9 0.214548 0.757356 0.0579423 0.056042 0.0144095
0 0.554942 0.431298 0.0746752 0.126842 0.0138526
0 0.227804 0.757432 0.0387519 0.0517187 0.013694
0 0.520723 0.466101 0.0838858 0.129268 0.0127121
9 0.167705 0.740409 0.0107857 0.0561858 0.0114556
33 0.575365 0.366138 0.0413043 0.0490835 0.00935054
0 0.577366 0.420838 0.0732153 0.104703 0.00911272
31 0.551373 0.501413 0.151597 0.265547 0.00909185
16 0.213392 0.757312 0.0592889 0.0568364 0.00798547
9 0.195857 0.75269 0.0210648 0.0462638 0.00793758
9 0.201494 0.757114 0.0327412 0.0534757 0.00734714
0 0.564473 0.420448 0.0539788 0.102867 0.00720865
33 0.0967651 0.417811 0.0681529 0.299185 0.00620601
33 0.556275 0.593825 0.142446 0.443539 0.00584418
33 0.589604 0.383756 0.0766558 0.0849336 0.00535923
31 0.570951 0.596786 0.110136 0.459805 0.00522661
30 0.551373 0.501413 0.151597 0.265547 0.00484037
31 0.551739 0.451218 0.145994 0.16527 0.00482634
31 0.572889 0.506597 0.107984 0.267249 0.00468823
33 0.58063 0.439778 0.0922441 0.172654 0.0042569
24 0.214298 0.758152 0.0578658 0.0547678 0.00419545
0 0.583449 0.405931 0.0740533 0.0806954 0.00412109
30 0.558785 0.600516 0.0718232 0.43001 0.00393704
0 0.589851 0.382621 0.0744105 0.0883532 0.0038687
30 0.572889 0.506597 0.107984 0.267249 0.0038259
0 0.265918 0.578211 0.0423621 0.42534 0.00373915
14 0.600817 0.401803 0.0525623 0.0398079 0.00359699
14 0.551318 0.448733 0.149782 0.167268 0.00358737
17 0.213392 0.757312 0.0592889 0.0568364 0.00353596
30 0.551318 0.448733 0.149782 0.167268 0.00330308
14 0.611348 0.407122 0.0323032 0.0235307 0.00309291
33 0.755813 0.514015 0.123651 0.0348363 0.00306961
33 0.551373 0.501413 0.151597 0.265547 0.00306836
33 0.578132 0.377029 0.052968 0.0732307 0.00304997
30 0.58063 0.439778 0.0922441 0.172654 0.00304472
0 0.55377 0.591753 0.139543 0.443694 0.0029285
14 0.589032 0.379755 0.0788027 0.0863036 0.00271165
25 0.0949841 0.402584 0.0691336 0.334075 0.00268179
0 0.590519 0.421624 0.0752711 0.152232 0.00265405
0 0.551373 0.501413 0.151597 0.265547 0.00264537
25 0.575365 0.366138 0.0413043 0.0490835 0.00262037
30 0.566766 0.516046 0.068975 0.25277 0.00254112
30 0.570951 0.596786 0.110136 0.459805 0.00247654
14 0.588155 0.402549 0.0810334 0.0779013 0.00227919
33 0.572889 0.506597 0.107984 0.267249 0.00215343
14 0.213926 0.758283 0.058291 0.0575885 0.00211653
0 0.525048 0.443396 0.0504575 0.0759648 0.00203475
33 0.0706383 0.405907 0.10791 0.35636 0.00198051
15 0.213392 0.757312 0.0592889 0.0568364 0.00194657
27 0.26511 0.588987 0.042621 0.415506 0.00189245
77 0.213392 0.757312 0.0592889 0.0568364 0.00188324
36 0.551373 0.501413 0.151597 0.265547 0.00187436
33 0.588643 0.398082 0.0807743 0.118054 0.0018726
9 0.167911 0.743451 0.0161985 0.0573246 0.00186256
30 0.755813 0.514015 0.123651 0.0348363 0.00181219
0 0.167911 0.743451 0.0161985 0.0573246 0.00171271
33 0.103693 0.394924 0.0522141 0.332861 0.0017049
31 0.566766 0.516046 0.068975 0.25277 0.0017046
14 0.591767 0.394919 0.0716185 0.0536276 0.00169498
25 0.26511 0.588987 0.042621 0.415506 0.00167772
77 0.535491 0.446608 0.111929 0.16098 0.00164586
33 0.777799 0.51075 0.0784755 0.0333202 0.00163743
30 0.588643 0.398082 0.0807743 0.118054 0.00162986
0 0.531731 0.438799 0.0446661 0.069224 0.00162935
31 0.558785 0.600516 0.0718232 0.43001 0.00161862
33 0.558227 0.322751 0.0231445 0.135921 0.00160918
30 0.589604 0.383756 0.0766558 0.0849336 0.00159547
20 0.21632 0.75769 0.059137 0.0559512 0.00154024
16 0.537065 0.449898 0.112208 0.156001 0.00151584
0 0.600817 0.401803 0.0525623 0.0398079 0.00150365
4 0.551318 0.448733 0.149782 0.167268 0.00147209
25 0.587576 0.380819 0.0657452 0.0806269 0.00146148
2 0.235047 0.753974 0.0237428 0.0450946 0.00144526
33 0.590519 0.421624 0.0752711 0.152232 0.00144002
33 0.756709 0.522628 0.129206 0.0511508 0.00141978
14 0.58063 0.439778 0.0922441 0.172654 0.00141856
0 0.55281 0.41448 0.0397532 0.0857381 0.00139371
16 0.201494 0.757114 0.0327412 0.0534757 0.00138211
14 0.585446 0.41975 0.0858755 0.103587 0.00136679
25 0.578132 0.377029 0.052968 0.0732307 0.00135431
31 0.58063 0.439778 0.0922441 0.172654 0.00133014
33 0.573145 0.334751 0.048085 0.121549 0.00130031
14 0.195857 0.75269 0.0210648 0.0462638 0.0012947
14 0.537065 0.449898 0.112208 0.156001 0.00127032
33 0.768683 0.517234 0.107221 0.0428458 0.00126946
30 0.593871 0.505406 0.0689355 0.251361 0.00123152
33 0.755522 0.629238 0.130173 0.272007 0.00120199
21 0.213392 0.757312 0.0592889 0.0568364 0.00116032
33 0.567838 0.326084 0.0426672 0.142384 0.00115708
33 0.105235 0.325506 0.0497185 0.191474 0.00109005
2 0.214383 0.756802 0.0602795 0.0574718 0.00108036
36 0.572889 0.506597 0.107984 0.267249 0.00107467
24 0.235047 0.753974 0.0237428 0.0450946 0.00104436
31 0.593871 0.505406 0.0689355 0.251361 0.00103205
30 0.26511 0.588987 0.042621 0.415506 0.00100818
