0 0.329491 0.576575 0.581341 0.82459 0.951921
68 0.894837 0.861188 0.209262 0.259793 0.91165
44 0.628336 0.843547 0.05732 0.0923889 0.54638
44 0.642118 0.861278 0.0366547 0.0564202 0.513346
44 0.64519 0.785956 0.0389992 0.059299 0.496326
43 0.737989 0.825922 0.0289589 0.0764995 0.470969
43 0.751169 0.825573 0.0255617 0.0817489 0.445353
74 0.0232945 0.0411937 0.046589 0.0809591 0.372619
43 0.710619 0.808188 0.0216633 0.0789209 0.368886
44 0.662476 0.846187 0.0259823 0.056333 0.342998
43 0.724779 0.802187 0.0247435 0.0978212 0.332822
68 0.457678 0.909842 0.217295 0.174997 0.318532
42 0.685034 0.804039 0.0304319 0.0720519 0.286206
44 0.626355 0.91869 0.0347033 0.0629683 0.282387
43 0.751429 0.896944 0.0264153 0.0741167 0.270115
43 0.738912 0.793208 0.0218486 0.067695 0.221551
42 0.587054 0.966704 0.0246469 0.0655449 0.216009
43 0.652968 0.663193 0.0236677 0.181828 0.183602
43 0.737953 0.803634 0.0226926 0.0957917 0.181525
44 0.527582 0.671501 0.0288927 0.171537 0.17698
69 0.457682 0.9114 0.215838 0.17419 0.174909
44 0.671867 0.394608 0.0269051 0.226072 0.164238
43 0.560403 0.938147 0.0366832 0.121685 0.159194
43 0.744112 0.859579 0.0384727 0.147979 0.154301
69 0.0252409 0.918488 0.0498416 0.155815 0.13224
43 0.718213 0.823196 0.0209847 0.0809911 0.128465
44 0.642615 0.392367 0.0259481 0.267553 0.127885
43 0.736088 0.860803 0.0369213 0.148103 0.119249
43 0.685103 0.802355 0.0309263 0.0750329 0.117832
44 0.621565 0.740689 0.0194464 0.0582793 0.115893
44 0.684608 0.802862 0.0314693 0.0758977 0.110432
69 0.43043 0.923492 0.161489 0.149368 0.108065
42 0.569686 0.795832 0.0532587 0.145253 0.100327
68 0.0372468 0.621053 0.0727717 0.25453 0.0955512
43 0.563489 0.976042 0.0199625 0.0479153 0.0926468
44 0.680274 0.917184 0.0201847 0.148503 0.0815552
44 0.626474 0.671398 0.0234094 0.18365 0.0814624
42 0.568181 0.835329 0.049082 0.0644363 0.0810907
43 0.627589 0.666743 0.0209543 0.17423 0.0777685
44 0.642672 0.868567 0.0398893 0.0765295 0.0776185
43 0.711737 0.851276 0.0235552 0.162762 0.0639473
45 0.448644 0.195228 0.146638 0.240655 0.063845
44 0.603807 0.904873 0.0131589 0.0840936 0.0631211
44 0.652865 0.664887 0.0243319 0.180046 0.0627911
44 0.588868 0.756023 0.0143262 0.0579065 0.0606374
44 0.654552 0.886559 0.0305967 0.0361553 0.0603397
42 0.568883 0.857177 0.0506086 0.111438 0.0522116
44 0.660024 0.887348 0.0317039 0.0376974 0.051355
43 0.681034 0.915645 0.0180548 0.156286 0.0488613
43 0.734899 0.791797 0.0292465 0.0842953 0.0483547
42 0.579225 0.883211 0.0321589 0.058475 0.0469397
42 0.752453 0.824115 0.023304 0.0812659 0.0455962
42 0.68335 0.790667 0.0355599 0.0948666 0.0454394
69 0.0265436 0.873151 0.0527416 0.247833 0.045168
43 0.629439 0.983388 0.017118 0.0318954 0.0422781
51 0.588868 0.756023 0.0143262 0.0579065 0.040755
44 0.657188 0.93093 0.0415887 0.06936 0.0406415
42 0.653287 0.666633 0.0240144 0.175328 0.0376293
45 0.628413 0.842435 0.0578073 0.0899158 0.0371978
42 0.56117 0.937749 0.0388243 0.121573 0.0358805
44 0.522524 0.669749 0.0199299 0.17638 0.0352503
44 0.583295 0.900617 0.0373384 0.101278 0.0350027
43 0.585207 0.964855 0.0212851 0.065486 0.0348271
74 0.0416682 0.0659564 0.0821617 0.129807 0.0344208
44 0.748519 0.89814 0.031591 0.0776496 0.0334424
43 0.623196 0.65093 0.0155969 0.151019 0.0329463
43 0.734441 0.890161 0.0305177 0.0980513 0.0307768
43 0.715906 0.92334 0.0224216 0.151848 0.0296253
44 0.626575 0.741513 0.0265463 0.0564692 0.0293115
42 0.680274 0.917184 0.0201847 0.148503 0.0292066
44 0.956351 0.638736 0.0114992 0.107457 0.0286599
42 0.563489 0.976042 0.0199625 0.0479153 0.0280114
68 0.426872 0.92124 0.154982 0.148794 0.0265448
42 0.710401 0.809347 0.0199841 0.0770854 0.0264478
44 0.629439 0.983388 0.017118 0.0318954 0.0260261
44 0.679486 0.923485 0.0150495 0.143946 0.0257562
43 0.956351 0.638736 0.0114992 0.107457 0.0256304
44 0.637759 0.394219 0.0203531 0.262848 0.0253464
44 0.714486 0.922609 0.0284168 0.151552 0.0252318
44 0.650982 0.856477 0.0251652 0.0603193 0.0241763
44 0.710401 0.809347 0.0199841 0.0770854 0.0241716
44 0.63254 0.978454 0.0231983 0.0425002 0.0239128
44 0.668406 0.377554 0.0236155 0.206669 0.0239121
44 0.527677 0.738612 0.0284405 0.0374387 0.0236543
44 0.587054 0.966704 0.0246469 0.0655449 0.0235379
44 0.61279 0.907713 0.0228048 0.0706188 0.0224624
44 0.678542 0.677668 0.0190805 0.161689 0.0209802
44 0.634163 0.386305 0.0167324 0.265337 0.020505
69 0.494077 0.885319 0.290538 0.223794 0.0198676
44 0.752453 0.824115 0.023304 0.0812659 0.0192199
44 0.684057 0.909878 0.0288946 0.159239 0.0190559
43 0.6576 0.933231 0.0395976 0.0671645 0.0189423
43 0.747347 0.829795 0.0342814 0.100663 0.0189305
44 0.63034 0.924972 0.036131 0.0687207 0.0187992
43 0.668406 0.377554 0.0236155 0.206669 0.0187886
42 0.582027 0.900049 0.0383315 0.0966144 0.0183066
44 0.560739 0.76755 0.0231376 0.0911345 0.0180171
44 0.586884 0.760177 0.0196329 0.0581186 0.0176339
44 0.631343 0.73852 0.0175219 0.0498556 0.0175071
42 0.709408 0.81362 0.0238663 0.092759 0.0174808
44 0.655005 0.394263 0.0490918 0.258112 0.0173838
43 0.678969 0.676722 0.021131 0.163663 0.0169969
42 0.738053 0.825165 0.0287503 0.076663 0.0165467
41 0.653949 0.980646 0.0424331 0.0360819 0.0163191
43 0.74288 0.922444 0.0407929 0.123108 0.0162616
44 0.736332 0.897835 0.030022 0.0836516 0.0160916
45 0.641675 0.861546 0.0364702 0.0572308 0.016062
44 0.74288 0.922444 0.0407929 0.123108 0.0158527
41 0.616843 0.975895 0.0361165 0.0463337 0.0156328
43 0.664844 0.361133 0.015229 0.172121 0.0153799
42 0.695582 0.839022 0.0500076 0.154036 0.0153174
42 0.674535 0.810162 0.0200874 0.0566435 0.0150741
43 0.567459 0.930344 0.0467591 0.115448 0.0149073
44 0.707894 0.92242 0.0418177 0.151485 0.0147962
42 0.737953 0.803634 0.0226926 0.0957917 0.0146453
44 0.605258 0.889546 0.0209251 0.101596 0.0145852
44 0.605807 0.910211 0.0154394 0.0778943 0.0145287
44 0.690899 0.972704 0.0153328 0.0517478 0.0145015
43 0.707181 0.847914 0.0293365 0.162429 0.0141455
44 0.57232 0.272414 0.0333242 0.185031 0.0140524
43 0.721771 0.869055 0.0283453 0.138077 0.0136831
44 0.586226 0.910541 0.0295837 0.108105 0.0136424
42 0.653108 0.705166 0.0234543 0.0974018 0.0131826
44 0.568468 0.794998 0.0478373 0.146941 0.0131305
42 0.629573 0.982376 0.0175682 0.0340336 0.0129623
44 0.674535 0.810162 0.0200874 0.0566435 0.0128465
42 0.586226 0.910541 0.0295837 0.108105 0.0120259
44 0.56892 0.648039 0.0160355 0.10063 0.0119909
42 0.559283 0.783158 0.0284054 0.12204 0.011975
42 0.677931 0.685904 0.0215468 0.176947 0.0119459
44 0.688658 0.918484 0.0177519 0.157801 0.0119437
43 0.709394 0.924222 0.0373342 0.150342 0.0119175
44 0.577626 0.790907 0.0663471 0.137294 0.0118356
44 0.601683 0.906537 0.0125354 0.0911088 0.0117879
44 0.709408 0.81362 0.0238663 0.092759 0.0112328
44 0.723635 0.799794 0.0262307 0.101685 0.0112111
69 0.0234321 0.969943 0.0461612 0.0550697 0.0111774
44 0.698957 0.919364 0.0283646 0.150124 0.0108173
44 0.61905 0.898234 0.0310402 0.0956954 0.0107397
44 0.653827 0.972131 0.0449564 0.0538139 0.0106424
43 0.639489 0.393415 0.0211933 0.260521 0.0105453
44 0.738912 0.793208 0.0218486 0.067695 0.010534
43 0.695582 0.839022 0.0500076 0.154036 0.0103782
42 0.595702 0.870601 0.023285 0.123202 0.0102541
42 0.662581 0.847001 0.0255697 0.0582077 0.0102472
44 0.729106 0.922366 0.0372537 0.138949 0.0102161
44 0.445688 0.386193 0.0597781 0.146975 0.010184
42 0.625454 0.916856 0.0355053 0.0610394 0.0101102
42 0.736088 0.860803 0.0369213 0.148103 0.0100838
44 0.695395 0.91439 0.0191547 0.145354 0.009992
44 0.662379 0.389854 0.0227858 0.247225 0.00998759
51 0.586884 0.760177 0.0196329 0.0581186 0.00980422
43 0.590321 0.756589 0.0134874 0.0579139 0.00977716
43 0.65585 0.940567 0.0416869 0.103813 0.00972691
68 0.505116 0.866212 0.308807 0.264642 0.00969315
44 0.737989 0.825922 0.0289589 0.0764995 0.00966638
44 0.651257 0.950982 0.0518185 0.0980365 0.00960025
44 0.581727 0.885599 0.0370459 0.0635795 0.00939852
42 0.707181 0.847914 0.0293365 0.162429 0.00939503
43 0.639242 0.358133 0.0180193 0.189117 0.00936112
44 0.706173 0.81147 0.0269843 0.079603 0.00931019
44 0.590237 0.768134 0.0219053 0.0752974 0.00928974
42 0.956728 0.636797 0.0125156 0.105619 0.00928709
43 0.588844 0.966637 0.0247944 0.0646378 0.00928602
44 0.707181 0.847914 0.0293365 0.162429 0.0092715
44 0.697293 0.895969 0.015752 0.109991 0.00922963
44 0.559283 0.783158 0.0284054 0.12204 0.00912285
42 0.751429 0.896944 0.0264153 0.0741167 0.00905839
42 0.601683 0.906537 0.0125354 0.0911088 0.00902316
44 0.653108 0.705166 0.0234543 0.0974018 0.00900871
44 0.65585 0.940567 0.0416869 0.103813 0.00899488
44 0.734537 0.861718 0.0325279 0.150477 0.00889364
42 0.656959 0.935476 0.0399477 0.0632396 0.00882915
42 0.670848 0.389241 0.0282476 0.235991 0.00876561
43 0.651257 0.950982 0.0518185 0.0980365 0.0086028
43 0.729106 0.922366 0.0372537 0.138949 0.00858897
42 0.593482 0.889771 0.0215576 0.102505 0.00845066
44 0.697588 0.855961 0.0329487 0.158387 0.00844294
42 0.57277 0.84461 0.0547907 0.0856253 0.00826409
44 0.62246 0.971898 0.0373224 0.0562031 0.00824404
44 0.695582 0.839022 0.0500076 0.154036 0.00813627
45 0.442683 0.642946 0.123951 0.23325 0.00797197
42 0.715456 0.921019 0.027879 0.153058 0.00776297
44 0.68335 0.790667 0.0355599 0.0948666 0.00775197
44 0.732535 0.859263 0.0458103 0.150781 0.00765061
42 0.722991 0.807085 0.025123 0.0912617 0.0076099
42 0.626378 0.673886 0.0270697 0.186198 0.00757712
44 0.665494 0.361142 0.0168867 0.172386 0.00747642
42 0.718213 0.823196 0.0209847 0.0809911 0.00741017
43 0.716651 0.955263 0.0238974 0.0877568 0.0072895
42 0.641354 0.393738 0.0245016 0.263377 0.00716749
42 0.709397 0.921538 0.0378857 0.152779 0.00714019
42 0.617157 0.972373 0.0370788 0.0528114 0.00705782
69 0.894993 0.861201 0.20888 0.260223 0.00698429
43 0.586226 0.910541 0.0295837 0.108105 0.00695366
42 0.697588 0.855961 0.0329487 0.158387 0.00691727
44 0.737953 0.803634 0.0226926 0.0957917 0.00684249
44 0.653048 0.719701 0.0237978 0.0681018 0.00679904
44 0.718363 0.914307 0.0256083 0.149332 0.00675812
43 0.681738 0.913928 0.0244563 0.142953 0.00671837
42 0.738912 0.793208 0.0218486 0.067695 0.00657812
42 0.698957 0.919364 0.0283646 0.150124 0.00657204
42 0.595835 0.971972 0.0134651 0.0510523 0.00650814
43 0.698957 0.919364 0.0283646 0.150124 0.00647125
42 0.695395 0.91439 0.0191547 0.145354 0.00646406
43 0.662581 0.847001 0.0255697 0.0582077 0.00642088
44 0.709302 0.959682 0.0357763 0.0793311 0.00638136
43 0.688658 0.918484 0.0177519 0.157801 0.00623649
43 0.63254 0.978454 0.0231983 0.0425002 0.00621355
42 0.651257 0.950982 0.0518185 0.0980365 0.00620675
43 0.679168 0.633827 0.0164288 0.0792691 0.00617838
42 0.605807 0.910211 0.0154394 0.0778943 0.00616264
43 0.706173 0.81147 0.0269843 0.079603 0.00605634
44 0.521676 0.650099 0.015592 0.136872 0.00605467
44 0.576691 0.798062 0.0436838 0.13771 0.00604641
44 0.718213 0.823196 0.0209847 0.0809911 0.00604016
44 0.563489 0.976042 0.0199625 0.0479153 0.00602418
44 0.575366 0.662969 0.0330453 0.130971 0.0059683
42 0.526563 0.670334 0.0287262 0.176483 0.00592992
43 0.644934 0.784326 0.0398138 0.0572811 0.00590694
45 0.662506 0.846718 0.0251862 0.058078 0.00589678
44 0.591675 0.712814 0.0188269 0.0446657 0.00578529
44 0.621715 0.67246 0.0223085 0.189294 0.00578481
44 0.638784 0.355301 0.0171438 0.183734 0.00572813
44 0.682274 0.849744 0.026208 0.0621214 0.0057081
42 0.688658 0.918484 0.0177519 0.157801 0.00565997
43 0.695395 0.91439 0.0191547 0.145354 0.0056079
44 0.561905 0.936418 0.0390818 0.120027 0.00553414
42 0.63254 0.978454 0.0231983 0.0425002 0.00551525
42 0.567459 0.930344 0.0467591 0.115448 0.00550231
44 0.711737 0.851276 0.0235552 0.162762 0.0053671
43 0.647884 0.652053 0.0128375 0.162702 0.00536582
45 0.594888 0.213687 0.0470854 0.195333 0.00532112
44 0.721771 0.869055 0.0283453 0.138077 0.00528294
44 0.716651 0.955263 0.0238974 0.0877568 0.00523806
41 0.568318 0.835122 0.0491639 0.0648411 0.00520065
42 0.653048 0.719701 0.0237978 0.0681018 0.00517681
44 0.621572 0.749299 0.0215834 0.0696503 0.00514424
43 0.691085 0.971741 0.0162001 0.0498896 0.00513211
43 0.616645 0.976748 0.0355811 0.0442333 0.00513166
43 0.520675 0.645531 0.0143358 0.130203 0.00504372
42 0.697293 0.895969 0.015752 0.109991 0.00503793
43 0.62246 0.971898 0.0373224 0.0562031 0.00501415
42 0.66209 0.889698 0.0307852 0.0401551 0.00495419
43 0.575693 0.885504 0.0286085 0.0515135 0.00490966
44 0.652156 0.981029 0.0459229 0.0368427 0.00483707
42 0.566889 0.893623 0.0353129 0.0407325 0.00480118
43 0.671519 0.391183 0.0278944 0.234622 0.00475067
43 0.656649 0.361322 0.0220733 0.197131 0.00466016
44 0.595835 0.971972 0.0134651 0.0510523 0.00463587
43 0.674535 0.810162 0.0200874 0.0566435 0.00459883
44 0.6404 0.980364 0.0369185 0.0386335 0.00455934
44 0.734899 0.791797 0.0292465 0.0842953 0.00454497
42 0.711737 0.851276 0.0235552 0.162762 0.00454208
43 0.605807 0.910211 0.0154394 0.0778943 0.00453183
43 0.647033 0.620348 0.0099617 0.102683 0.00447094
43 0.6404 0.980364 0.0369185 0.0386335 0.00445047
45 0.644818 0.785982 0.0389324 0.0579009 0.00443467
44 0.616645 0.976748 0.0355811 0.0442333 0.00443077
42 0.62834 0.843705 0.058102 0.0930233 0.00439504
42 0.65585 0.940567 0.0416869 0.103813 0.00438958
43 0.68335 0.790667 0.0355599 0.0948666 0.00434899
44 0.593482 0.889771 0.0215576 0.102505 0.00434351
44 0.612471 0.846393 0.0274681 0.0903603 0.00430289
43 0.697293 0.895969 0.015752 0.109991 0.0042803
42 0.721771 0.869055 0.0283453 0.138077 0.0042682
72 0.901868 0.398776 0.19448 0.665452 0.00423306
43 0.583295 0.900617 0.0373384 0.101278 0.00421986
72 0.459488 0.910181 0.220874 0.173599 0.00420085
44 0.67952 0.635998 0.0178015 0.0764207 0.00418994
44 0.525755 0.656868 0.0206417 0.137378 0.00415906
42 0.573178 0.902561 0.0279551 0.0603874 0.00406659
42 0.725537 0.799019 0.0226276 0.099208 0.00404733
42 0.736332 0.897835 0.030022 0.0836516 0.00401926
45 0.568349 0.797347 0.0511165 0.142159 0.00401375
42 0.744112 0.859579 0.0384727 0.147979 0.00395843
69 0.409553 0.927067 0.115929 0.138509 0.00395542
44 0.708751 0.87091 0.0224333 0.122238 0.0039452
43 0.708751 0.87091 0.0224333 0.122238 0.00393623
41 0.662581 0.847001 0.0255697 0.0582077 0.0038262
43 0.569607 0.644182 0.0135715 0.0921741 0.00381508
43 0.718832 0.797052 0.03899 0.100153 0.00379065
69 0.0245034 0.893865 0.0483896 0.10847 0.00378567
43 0.56384 0.765843 0.0191034 0.0873435 0.00377941
43 0.697588 0.855961 0.0329487 0.158387 0.00375307
43 0.650982 0.856477 0.0251652 0.0603193 0.00373939
44 0.444835 0.365636 0.0514642 0.112977 0.0037365
51 0.590237 0.768134 0.0219053 0.0752974 0.00369838
44 0.579256 0.714504 0.0437956 0.0559602 0.00368318
45 0.568318 0.835122 0.0491639 0.0648411 0.00367117
45 0.616645 0.976748 0.0355811 0.0442333 0.00364882
42 0.6404 0.980364 0.0369185 0.0386335 0.00360227
42 0.679486 0.923485 0.0150495 0.143946 0.00358653
42 0.559118 0.768071 0.0260065 0.0906799 0.00347203
43 0.603806 0.903632 0.0131342 0.0844321 0.00344038
43 0.709302 0.959682 0.0357763 0.0793311 0.00342971
43 0.526563 0.670334 0.0287262 0.176483 0.00340861
43 0.601683 0.906537 0.0125354 0.0911088 0.00335887
43 0.581727 0.885599 0.0370459 0.0635795 0.00329691
42 0.734899 0.791797 0.0292465 0.0842953 0.00328723
