41 0.522827 0.551051 0.753295 0.849541 0.956889
79 0.539009 0.264573 0.19999 0.337083 0.90347
79 0.412215 0.340417 0.157571 0.178925 0.78276
79 0.251466 0.27431 0.208787 0.279598 0.427615
79 0.282034 0.352914 0.26851 0.434071 0.305707
79 0.416268 0.454263 0.167605 0.408199 0.0404966
41 0.475249 0.825313 0.449791 0.289267 0.0317124
79 0.302307 0.41122 0.307781 0.553723 0.0301739
75 0.524065 0.549676 0.754857 0.852973 0.0205652
79 0.439973 0.4782 0.217026 0.459497 0.0180343
39 0.524065 0.549676 0.754857 0.852973 0.013361
60 0.498892 0.67452 0.997784 0.628483 0.00848758
79 0.538222 0.193291 0.198678 0.192555 0.0076583
40 0.524714 0.551111 0.75458 0.848226 0.00603917
79 0.467632 0.212444 0.0567328 0.129331 0.00559235
79 0.392456 0.399716 0.194138 0.303193 0.00548571
79 0.36284 0.47699 0.190268 0.463893 0.00530103
79 0.323569 0.443165 0.226972 0.556091 0.0046674
71 0.830969 0.894275 0.335397 0.196057 0.00387457
79 0.834915 0.868115 0.32674 0.143992 0.00326523
79 0.353875 0.465758 0.162042 0.116302 0.00322092
71 0.496546 0.677714 0.993092 0.62357 0.00294271
71 0.860889 0.929543 0.2764 0.132954 0.00275549
45 0.475782 0.82909 0.451689 0.286485 0.00259015
79 0.371391 0.285009 0.446437 0.298834 0.00253466
45 0.524065 0.549676 0.754857 0.852973 0.00250196
71 0.691164 0.893911 0.617672 0.197627 0.00238529
79 0.247476 0.238505 0.193816 0.206741 0.00146586
79 0.524065 0.549676 0.754857 0.852973 0.00126374
71 0.840218 0.868158 0.31697 0.145379 0.00119779
79 0.496823 0.611963 0.118706 0.167654 0.00118411
41 0.525913 0.554421 0.446571 0.292987 0.00117913
61 0.524065 0.549676 0.754857 0.852973 0.00115961
41 0.491145 0.557152 0.291199 0.291313 0.00100908
