0 0.136444 0.678364 0.267577 0.553696 0.902692
0 0.474038 0.504008 0.425504 0.952758 0.878316
0 0.72081 0.622129 0.235652 0.422499 0.871117
41 0.045055 0.966435 0.0896005 0.0671304 0.813253
41 0.264462 0.96703 0.0965472 0.0659399 0.782101
39 0.109135 0.92891 0.0671494 0.138261 0.764736
57 0.8306 0.644594 0.338106 0.442122 0.530243
65 0.290204 0.522228 0.0897519 0.0337786 0.511581
58 0.291016 0.297368 0.211259 0.308698 0.314576
57 0.556143 0.647388 0.884703 0.458175 0.303139
0 0.046322 0.789117 0.0926377 0.247649 0.284134
0 0.913076 0.711474 0.173847 0.416872 0.235942
58 0.300904 0.241334 0.221831 0.381555 0.211805
65 0.411339 0.824817 0.0345159 0.0588928 0.159454
26 0.783766 0.789768 0.139871 0.108486 0.142885
57 0.212025 0.673128 0.423957 0.377012 0.141979
57 0.127641 0.692459 0.253383 0.518227 0.13201
58 0.277375 0.306121 0.182651 0.237901 0.124873
65 0.403569 0.82655 0.0524582 0.0629444 0.124645
65 0.411508 0.816741 0.0327863 0.0434879 0.119626
62 0.968323 0.17932 0.0633542 0.160911 0.089688
65 0.389506 0.822003 0.0799793 0.0540936 0.0836613
0 0.0916688 0.682454 0.180853 0.513961 0.0824274
57 0.0814863 0.684619 0.159993 0.508053 0.0820185
56 0.127641 0.692459 0.253383 0.518227 0.0799718
60 0.196173 0.936288 0.392347 0.122721 0.0762056
39 0.106815 0.899752 0.0609467 0.077696 0.0743256
57 0.204771 0.761262 0.403437 0.288387 0.0661678
57 0.909992 0.668983 0.180016 0.455735 0.0633126
58 0.336942 0.181172 0.15326 0.30554 0.0572668
58 0.342448 0.212444 0.179065 0.414388 0.05663
65 0.838619 0.865947 0.116789 0.0510117 0.0539459
57 0.343668 0.744102 0.687336 0.42029 0.0538859
56 0.837337 0.65824 0.324983 0.392161 0.0509113
0 0.33236 0.706282 0.175188 0.333699 0.0452644
57 0.845433 0.591252 0.309135 0.343513 0.0416074
0 0.939764 0.743388 0.120471 0.408411 0.0393665
56 0.0814863 0.684619 0.159993 0.508053 0.0375846
57 0.699051 0.66204 0.600074 0.485456 0.0373711
58 0.260176 0.390085 0.147421 0.168117 0.0373494
59 0.834662 0.643732 0.329802 0.439008 0.0373492
58 0.262046 0.362477 0.151895 0.115902 0.0361477
57 0.0433025 0.557824 0.0843715 0.244712 0.0359558
58 0.417492 0.185937 0.293227 0.35936 0.0331111
65 0.207154 0.907667 0.0908049 0.0885128 0.0330135
0 0.36488 0.763818 0.131146 0.186082 0.032591
62 0.969262 0.148325 0.0589989 0.0989684 0.0325817
24 0.783766 0.789768 0.139871 0.108486 0.031939
58 0.336131 0.226586 0.151226 0.191478 0.0315011
57 0.325014 0.698573 0.194976 0.328415 0.0305537
0 0.958299 0.791029 0.0834011 0.286666 0.0293365
57 0.911002 0.64745 0.177208 0.235216 0.028521
41 0.336005 0.994142 0.0874392 0.0117151 0.0277777
39 0.207011 0.908915 0.0937517 0.0936745 0.0271302
0 0.910721 0.664944 0.178091 0.275793 0.0248638
57 0.0427902 0.514499 0.0834185 0.157161 0.0237495
65 0.982046 0.924329 0.035642 0.040723 0.0235907
45 0.336193 0.994018 0.0878922 0.011964 0.0219097
58 0.287962 0.425898 0.209045 0.519509 0.0218579
60 0.308755 0.934426 0.617511 0.121862 0.021482
57 0.890373 0.530046 0.219253 0.215048 0.0211213
41 0.207341 0.907406 0.0929629 0.0914307 0.0209188
0 0.834038 0.641489 0.331054 0.4351 0.0208213
65 0.93307 0.878452 0.0638865 0.0697453 0.0201328
0 0.355008 0.722939 0.1393 0.265655 0.0196557
39 0.0142824 0.88991 0.0278882 0.109925 0.0179724
0 0.758175 0.536334 0.16213 0.254408 0.0172249
0 0.128292 0.811651 0.256219 0.288843 0.0169523
57 0.822811 0.531895 0.354378 0.221877 0.0165955
39 0.0110648 0.881088 0.0213931 0.087402 0.0160581
65 0.266205 0.514265 0.127502 0.046961 0.0159532
59 0.911002 0.64745 0.177208 0.235216 0.0157948
56 0.0433025 0.557824 0.0843715 0.244712 0.015547
57 0.0428085 0.489349 0.0830482 0.109525 0.014899
39 0.0452532 0.966352 0.0905064 0.0672958 0.0146739
57 0.833323 0.735819 0.323003 0.225388 0.0140408
0 0.949857 0.738842 0.0996821 0.315565 0.0134229
39 0.0406478 0.890405 0.0809944 0.112492 0.0126484
41 0.301957 0.966503 0.172956 0.0669936 0.0125447
65 0.336024 0.993691 0.0883553 0.0126188 0.0124866
41 0.110046 0.929781 0.0650798 0.138947 0.0113456
26 0.838959 0.865833 0.118395 0.0513668 0.0112237
56 0.325014 0.698573 0.194976 0.328415 0.0111617
0 0.729265 0.55649 0.221113 0.296729 0.0110812
56 0.0427902 0.514499 0.0834185 0.157161 0.01101
58 0.36752 0.100862 0.0678733 0.12452 0.0107461
56 0.0475511 0.679022 0.0951022 0.491554 0.0105354
64 0.336024 0.993691 0.0883553 0.0126188 0.0101967
65 0.96576 0.85892 0.0673645 0.0648827 0.0100993
57 0.0475511 0.679022 0.0951022 0.491554 0.00966483
57 0.303023 0.768613 0.269672 0.296248 0.00940317
60 0.199481 0.965123 0.398963 0.0697533 0.00935322
65 0.276542 0.521125 0.124119 0.045262 0.00929937
65 0.932605 0.893905 0.0616727 0.0411293 0.0090321
41 0.291483 0.522367 0.0875195 0.0329763 0.00900778
57 0.130849 0.800357 0.2579 0.312228 0.0088594
73 0.291381 0.52112 0.0909632 0.0391233 0.00836617
39 0.0271296 0.888627 0.0542559 0.111862 0.00821155
58 0.308802 0.294426 0.17899 0.255408 0.0081141
56 0.0428085 0.489349 0.0830482 0.109525 0.00796565
67 0.838619 0.865947 0.116789 0.0510117 0.00790277
58 0.337062 0.126842 0.151079 0.248197 0.00775048
41 0.110118 0.950546 0.0622775 0.0972801 0.00752807
63 0.93617 0.600253 0.127659 0.0943757 0.00750434
45 0.045055 0.966435 0.0896005 0.0671304 0.0074909
67 0.932516 0.877352 0.0629539 0.0721741 0.00746349
57 0.307 0.602608 0.144843 0.125022 0.0074245
58 0.376299 0.140445 0.247316 0.275492 0.00725898
65 0.866025 0.659266 0.0790883 0.0329636 0.00719061
57 0.297221 0.708925 0.248452 0.282453 0.00707784
67 0.288289 0.524578 0.0852562 0.0284318 0.0068047
41 0.11108 0.97259 0.0593855 0.053809 0.00666896
56 0.691485 0.471735 0.0659204 0.115484 0.00659341
58 0.369828 0.123247 0.0792463 0.240067 0.00657797
39 0.932516 0.877352 0.0629539 0.0721741 0.00627077
56 0.909992 0.668983 0.180016 0.455735 0.00606623
73 0.266205 0.514265 0.127502 0.046961 0.00600648
58 0.325976 0.243206 0.131596 0.153019 0.00595954
0 0.0409339 0.711402 0.0812347 0.387462 0.00590721
78 0.838627 0.865484 0.118408 0.0521275 0.0058488
60 0.163092 0.916942 0.32463 0.11828 0.00570965
0 0.0447727 0.586186 0.0887804 0.306079 0.00557953
67 0.291888 0.52005 0.0870676 0.0359761 0.00557461
65 0.201512 0.881177 0.0562412 0.033371 0.00557318
45 0.264835 0.96731 0.0950953 0.0653795 0.00553343
57 0.911078 0.594055 0.177845 0.254986 0.00552231
0 0.912687 0.627995 0.174627 0.193427 0.00551462
57 0.355008 0.722939 0.1393 0.265655 0.00551
26 0.206753 0.907073 0.094287 0.0914627 0.00541121
0 0.966042 0.851128 0.0664864 0.069796 0.00535941
57 0.873013 0.560697 0.253974 0.270855 0.00534281
39 0.264453 0.967089 0.0940641 0.065821 0.00533912
41 0.269025 0.954168 0.101701 0.0476229 0.0051966
67 0.932477 0.890027 0.0614693 0.0476948 0.00512999
56 0.769207 0.642044 0.461587 0.446869 0.00498173
58 0.327433 0.278291 0.0786962 0.105288 0.00489163
0 0.295575 0.703871 0.245335 0.333566 0.00482693
45 0.291483 0.522367 0.0875195 0.0329763 0.00479755
65 0.178867 0.904785 0.0413006 0.0602451 0.00474235
58 0.447015 0.2106 0.440176 0.40567 0.00472304
0 0.310109 0.745445 0.242911 0.220668 0.00472048
0 0.849261 0.732501 0.301478 0.401539 0.00463048
56 0.822811 0.531895 0.354378 0.221877 0.00461
74 0.202183 0.879923 0.0611852 0.032098 0.00455254
0 0.690087 0.636624 0.17043 0.371215 0.0045495
57 0.949857 0.738842 0.0996821 0.315565 0.0045206
67 0.205936 0.908731 0.0934829 0.0948959 0.00450632
57 0.912102 0.689124 0.175336 0.197491 0.00446132
0 0.977898 0.872322 0.0442042 0.147919 0.00439957
58 0.444056 0.100994 0.244017 0.18875 0.00435165
73 0.937502 0.581353 0.124079 0.0399405 0.00433961
39 0.178867 0.904785 0.0413006 0.0602451 0.00415647
41 0.0452271 0.952106 0.089123 0.039617 0.00411281
39 0.110118 0.950546 0.0622775 0.0972801 0.00403345
74 0.411508 0.816741 0.0327863 0.0434879 0.00397784
58 0.274556 0.414265 0.181265 0.23321 0.00387782
0 0.133803 0.751807 0.264181 0.286727 0.00386578
57 0.891387 0.498753 0.217075 0.152104 0.00385684
63 0.269607 0.514616 0.131726 0.0489384 0.00377733
57 0.913853 0.597983 0.172295 0.135109 0.00371695
0 0.395988 0.755345 0.193389 0.204254 0.00369877
0 0.447771 0.0831509 0.232037 0.150707 0.00362667
56 0.307 0.602608 0.144843 0.125022 0.00351259
64 0.838619 0.865947 0.116789 0.0510117 0.00350907
0 0.915352 0.786204 0.168847 0.325533 0.00343245
57 0.307621 0.623264 0.153327 0.174003 0.00340652
65 0.19334 0.902877 0.0640292 0.0661999 0.00337756
0 0.211673 0.657916 0.423347 0.409588 0.00335968
0 0.046449 0.679027 0.0910637 0.508398 0.00335181
73 0.287675 0.523799 0.0841012 0.0274872 0.00330645
56 0.69222 0.45876 0.0603457 0.0876257 0.0032793
65 0.392209 0.974573 0.178654 0.0507137 0.00326449
65 0.736643 0.646427 0.0763201 0.031638 0.0032455
56 0.212025 0.673128 0.423957 0.377012 0.00319865
74 0.207653 0.903379 0.092775 0.0801729 0.00318369
57 0.140601 0.495856 0.277808 0.12645 0.00317392
57 0.930773 0.748298 0.138454 0.303703 0.0030857
41 0.293489 0.993486 0.187452 0.0130272 0.00307742
73 0.245334 0.512317 0.0882055 0.0489038 0.00307393
57 0.755295 0.46605 0.290292 0.104965 0.00306934
58 0.22864 0.308277 0.335203 0.33468 0.0030342
58 0.313858 0.22044 0.108713 0.10827 0.00303143
39 0.115497 0.883222 0.0552451 0.051676 0.00303036
59 0.838642 0.736769 0.312448 0.224703 0.00302407
57 0.135368 0.529027 0.267387 0.161468 0.00299016
58 0.3771 0.0851552 0.0872349 0.165929 0.00297683
24 0.839682 0.866087 0.120405 0.0536022 0.00295654
56 0.555774 0.659681 0.884153 0.358843 0.00295642
58 0.338878 0.202702 0.151883 0.0745515 0.00295362
57 0.850168 0.676793 0.299664 0.258085 0.00292695
57 0.915352 0.786204 0.168847 0.325533 0.00290528
73 0.93556 0.587112 0.12888 0.0754358 0.00288084
73 0.206753 0.907073 0.094287 0.0914627 0.00285164
57 0.0426745 0.557363 0.0853489 0.245732 0.00282562
56 0.890373 0.530046 0.219253 0.215048 0.00281721
62 0.97058 0.128731 0.0575719 0.0600689 0.00280577
67 0.202183 0.879923 0.0611852 0.032098 0.00272971
59 0.555774 0.659681 0.884153 0.358843 0.00270754
26 0.801757 0.812204 0.171351 0.158977 0.00264353
57 0.778481 0.494099 0.443038 0.148784 0.00263584
59 0.91182 0.556058 0.176078 0.267726 0.00262886
57 0.310109 0.745445 0.242911 0.220668 0.00257432
59 0.909449 0.710072 0.181102 0.410633 0.0025675
0 0.471639 0.657552 0.415176 0.66864 0.00250903
59 0.913853 0.597983 0.172295 0.135109 0.00249505
57 0.0425309 0.658392 0.084934 0.478809 0.0024657
57 0.693162 0.46657 0.0598681 0.104801 0.00245857
75 0.264462 0.96703 0.0965472 0.0659399 0.00243109
0 0.829068 0.529268 0.340798 0.227379 0.00240871
73 0.0334473 0.915817 0.0662245 0.0577969 0.00235093
65 0.190485 0.917004 0.0673272 0.0787937 0.00234088
65 0.30939 0.501372 0.0526268 0.0397753 0.00232509
56 0.744519 0.46486 0.164627 0.105688 0.00229594
57 0.454903 0.682119 0.449534 0.27793 0.00229016
57 0.25695 0.692722 0.335419 0.33438 0.00225261
57 0.24734 0.793908 0.383756 0.32192 0.00224259
56 0.130849 0.800357 0.2579 0.312228 0.00220114
58 0.275725 0.344883 0.177555 0.156676 0.00214517
65 0.760056 0.634539 0.025067 0.0206373 0.00213432
73 0.336005 0.994142 0.0874392 0.0117151 0.00211838
75 0.110046 0.929781 0.0650798 0.138947 0.00211585
0 0.710037 0.527359 0.166422 0.234168 0.0020881
65 0.281785 0.527552 0.113683 0.0417603 0.00207829
73 0.938977 0.571691 0.121123 0.0471301 0.00204137
41 0.278723 0.961404 0.0814135 0.0648802 0.00202498
65 0.389516 0.782964 0.0844284 0.129861 0.00201306
35 0.838959 0.865833 0.118395 0.0513668 0.00201216
0 0.9689 0.876708 0.0600179 0.131094 0.00197664
56 0.949857 0.738842 0.0996821 0.315565 0.00196865
58 0.329438 0.262425 0.0745312 0.0703326 0.0019677
0 0.730884 0.467496 0.118895 0.103848 0.0019379
45 0.0455925 0.951259 0.0889842 0.0392982 0.00193712
75 0.0455011 0.966707 0.0902707 0.0661613 0.00193706
40 0.264435 0.967232 0.0960892 0.0655354 0.00192878
56 0.842882 0.597771 0.314236 0.279374 0.00191012
73 0.276542 0.521125 0.124119 0.045262 0.00190991
65 0.207835 0.896203 0.0641226 0.0659115 0.00190902
0 0.949905 0.850797 0.097757 0.130319 0.00189063
0 0.0515526 0.682333 0.103105 0.50303 0.00186324
39 0.23752 0.90917 0.15713 0.095121 0.00184551
74 0.178867 0.904785 0.0413006 0.0602451 0.00181904
65 0.302634 0.50574 0.0665289 0.0404657 0.00178701
59 0.850168 0.676793 0.299664 0.258085 0.00177377
56 0.0440365 0.563774 0.0880731 0.260107 0.00175205
0 0.698853 0.576797 0.18917 0.339016 0.00175041
74 0.389506 0.822003 0.0799793 0.0540936 0.0017418
74 0.292063 0.521785 0.0900569 0.0399552 0.0017384
64 0.291353 0.522609 0.0908202 0.0380135 0.00173727
41 0.313704 0.993686 0.137616 0.0126275 0.0017229
58 0.350307 0.0915109 0.112814 0.178024 0.00172183
65 0.341519 0.99238 0.0881518 0.0152408 0.00168496
58 0.397919 0.10571 0.129233 0.203601 0.00167471
65 0.302706 0.525166 0.0884284 0.055146 0.00167274
39 0.292063 0.521785 0.0900569 0.0399552 0.00166377
74 0.288289 0.524578 0.0852562 0.0284318 0.00165936
0 0.0142824 0.88991 0.0278882 0.109925 0.00163814
39 0.011712 0.868762 0.0230656 0.0631721 0.00163189
65 0.981253 0.907773 0.0366984 0.0728439 0.00161192
56 0.326718 0.607817 0.0983115 0.117403 0.00160873
77 0.0142824 0.88991 0.0278882 0.109925 0.00160724
56 0.196762 0.78894 0.385926 0.327018 0.00158343
58 0.358138 0.208885 0.115363 0.0884285 0.00157717
65 0.937502 0.581353 0.124079 0.0399405 0.00155854
57 0.326718 0.607817 0.0983115 0.117403 0.0015581
58 0.371697 0.118026 0.0701575 0.108823 0.00155479
65 0.199757 0.931866 0.0834188 0.0479242 0.00155377
56 0.355715 0.705298 0.126127 0.336616 0.00154397
56 0.0452775 0.637696 0.0905549 0.39894 0.00154188
57 0.163092 0.916942 0.32463 0.11828 0.00153732
59 0.0814863 0.684619 0.159993 0.508053 0.00152597
0 0.0636502 0.813754 0.11943 0.275 0.00151661
65 0.759616 0.636804 0.072275 0.0348078 0.00148892
57 0.867072 0.713491 0.265271 0.193946 0.00148484
57 0.914039 0.731462 0.171525 0.213453 0.0014739
41 0.106815 0.899752 0.0609467 0.077696 0.00146523
57 0.220409 0.729706 0.373254 0.190357 0.00146282
39 0.104807 0.880853 0.0467888 0.0400364 0.00145891
57 0.197392 0.817877 0.392556 0.344533 0.00145334
57 0.0410831 0.780513 0.0801556 0.232183 0.00143602
28 0.783917 0.790171 0.141146 0.109917 0.00143471
65 0.18276 0.977479 0.0860741 0.0411488 0.00143158
0 0.034804 0.8898 0.0691875 0.113308 0.00143117
57 0.721851 0.614125 0.263552 0.398085 0.00140825
57 0.197475 0.744645 0.394949 0.219894 0.00139207
0 0.930773 0.748298 0.138454 0.303703 0.0013859
56 0.835405 0.463961 0.0939387 0.0773286 0.00137213
26 0.0296254 0.89027 0.0590471 0.112419 0.00136584
65 0.381271 0.766998 0.0980834 0.177302 0.00136408
78 0.207011 0.908915 0.0937517 0.0936745 0.00136331
56 0.252813 0.515533 0.0952768 0.0496797 0.0013589
0 0.912719 0.678095 0.164499 0.071571 0.00134733
40 0.0452298 0.966429 0.0896967 0.066531 0.00131637
64 0.932895 0.880888 0.0623924 0.0667759 0.00131121
73 0.0410608 0.910201 0.081298 0.0604589 0.00130546
65 0.894868 0.660301 0.14205 0.0412895 0.00130191
59 0.127641 0.692459 0.253383 0.518227 0.00129998
57 0.047775 0.674269 0.0955501 0.48561 0.00129277
63 0.937101 0.57554 0.125797 0.0555548 0.00128466
57 0.363791 0.757509 0.129174 0.195792 0.00128451
66 0.250902 0.514647 0.0937002 0.0486385 0.00127998
