72 0.129416 0.387502 0.229225 0.440805 0.94908
69 0.500108 0.450356 0.191743 0.297392 0.888346
74 0.547982 0.0945886 0.103601 0.120619 0.873663
75 0.366371 0.137825 0.0506634 0.0834746 0.820382
75 0.687441 0.145413 0.0274977 0.0698892 0.726273
45 0.283169 0.337219 0.0692076 0.0319957 0.640746
71 0.876534 0.397932 0.207846 0.103806 0.609859
58 0.90697 0.129854 0.084894 0.10178 0.608521
75 0.291807 0.126272 0.0893781 0.106471 0.58542
0 0.310871 0.834049 0.109805 0.304864 0.579254
39 0.847195 0.139168 0.0507067 0.084462 0.537942
69 0.537609 0.815944 0.0665123 0.212888 0.302405
75 0.846832 0.139232 0.0504356 0.0848485 0.276412
63 0.865547 0.830132 0.259661 0.303491 0.272846
71 0.864002 0.367698 0.178681 0.0303963 0.247375
75 0.902781 0.157501 0.0474728 0.0462046 0.214076
71 0.86261 0.359422 0.190708 0.0353057 0.176066
74 0.547214 0.0963027 0.0741331 0.0817924 0.153099
68 0.537707 0.815382 0.0662542 0.213266 0.121091
71 0.690203 0.359207 0.207335 0.0386083 0.109428
41 0.934748 0.159457 0.0221291 0.0434679 0.0762281
41 0.90326 0.157246 0.0463028 0.0460837 0.0744826
71 0.866982 0.358255 0.163584 0.0259292 0.0683105
62 0.769871 0.120958 0.122835 0.105562 0.0645095
69 0.501333 0.33929 0.188147 0.0745032 0.060294
75 0.934748 0.159457 0.0221291 0.0434679 0.0555052
71 0.854057 0.351405 0.187297 0.0163883 0.0539834
62 0.865547 0.830132 0.259661 0.303491 0.0512745
71 0.775193 0.359394 0.360677 0.0382772 0.051246
74 0.0881155 0.775271 0.0301478 0.0218399 0.0470349
74 0.0874054 0.777194 0.0384171 0.0395433 0.0465609
68 0.769871 0.120958 0.122835 0.105562 0.0434534
15 0.310884 0.832779 0.110323 0.303874 0.0405889
45 0.683205 0.410345 0.0431675 0.0185308 0.0393608
75 0.413672 0.152091 0.0441084 0.0547826 0.0379374
62 0.537975 0.815059 0.0668003 0.214028 0.0373833
45 0.281101 0.332137 0.0654138 0.0210772 0.0371527
39 0.366692 0.137415 0.0498188 0.0841099 0.0339901
75 0.90696 0.130346 0.0823895 0.101552 0.0295436
45 0.545576 0.336754 0.0670752 0.0542904 0.028646
75 0.311147 0.833884 0.110273 0.304843 0.0283909
39 0.859988 0.312133 0.0213936 0.0721706 0.0230405
39 0.162989 0.752392 0.0413478 0.0864859 0.0229379
43 0.290922 0.358115 0.0874105 0.0351899 0.022798
58 0.846528 0.139215 0.0513815 0.0845747 0.0224883
74 0.412761 0.152161 0.0443693 0.0545987 0.0217507
44 0.314568 0.357629 0.0418586 0.0332953 0.0208879
73 0.864929 0.830321 0.261491 0.301423 0.0208649
32 0.75516 0.522863 0.0176579 0.0231126 0.0203409
43 0.313295 0.357927 0.0419242 0.0332037 0.0190869
74 0.545592 0.294521 0.0449374 0.0263117 0.0174974
74 0.769611 0.120509 0.122535 0.103927 0.0167902
17 0.310721 0.833881 0.110171 0.308011 0.0165532
16 0.310721 0.833881 0.110171 0.308011 0.0161647
58 0.311246 0.834192 0.109963 0.30495 0.0161171
39 0.310826 0.833312 0.110047 0.306633 0.015862
71 0.850493 0.35506 0.172273 0.0223619 0.0154452
68 0.380856 0.83329 0.249615 0.308048 0.0153255
69 0.690203 0.359207 0.207335 0.0386083 0.0150453
44 0.290922 0.358115 0.0874105 0.0351899 0.0145401
41 0.412999 0.151865 0.0446791 0.0545098 0.0135788
45 0.175877 0.84671 0.0310685 0.0141804 0.0129554
45 0.282992 0.34426 0.0705489 0.0225944 0.0129534
73 0.429177 0.908502 0.136434 0.155221 0.0123523
32 0.693454 0.894804 0.0223938 0.0260042 0.0111353
59 0.58217 0.944844 0.156293 0.0835387 0.0111135
42 0.313295 0.357927 0.0419242 0.0332037 0.0110961
39 0.251431 0.187898 0.021738 0.1018 0.0103827
41 0.846862 0.13923 0.0505108 0.085067 0.0103466
39 0.687287 0.14618 0.0278837 0.0700732 0.00980586
42 0.290922 0.358115 0.0874105 0.0351899 0.00978279
72 0.377169 0.834428 0.257642 0.306983 0.00961766
71 0.786121 0.394585 0.387123 0.1113 0.00958315
68 0.865547 0.830132 0.259661 0.303491 0.00944945
0 0.380871 0.835376 0.251405 0.306943 0.00938857
39 0.934511 0.159338 0.02169 0.0435139 0.00938088
6 0.380551 0.83357 0.249874 0.307855 0.00928587
58 0.0806146 0.736011 0.063734 0.0381445 0.009285
75 0.241908 0.189315 0.0411805 0.100923 0.00910309
41 0.344285 0.330564 0.016743 0.0213066 0.00897473
39 0.869516 0.572249 0.0176451 0.04447 0.00828728
74 0.0816249 0.766376 0.0628818 0.0669587 0.0082579
70 0.500308 0.339571 0.185056 0.0735417 0.00806317
39 0.824969 0.569363 0.0293375 0.0479451 0.0078927
39 0.252083 0.158337 0.0167854 0.0420439 0.00786051
72 0.865547 0.830132 0.259661 0.303491 0.0078007
39 0.830248 0.571435 0.0187157 0.045644 0.00776231
74 0.0853902 0.772901 0.0479615 0.0536979 0.00762612
69 0.865547 0.830132 0.259661 0.303491 0.00747043
39 0.241908 0.189315 0.0411805 0.100923 0.00695732
69 0.525549 0.818685 0.0444682 0.182604 0.00684941
39 0.855714 0.571143 0.0164589 0.0411388 0.00674385
71 0.679544 0.359415 0.147857 0.03394 0.00666243
39 0.847861 0.577714 0.0186283 0.0322439 0.00658542
74 0.53841 0.0991837 0.0483593 0.0671711 0.00642049
66 0.210584 0.802351 0.0689063 0.025799 0.0063585
71 0.872575 0.36926 0.214624 0.160163 0.00631624
5 0.380219 0.833477 0.250905 0.306994 0.00615576
75 0.240589 0.204421 0.0445936 0.0714984 0.00581634
14 0.311246 0.834192 0.109963 0.30495 0.00571895
58 0.927981 0.148152 0.0413921 0.0657663 0.00560626
71 0.875921 0.413822 0.189579 0.0711591 0.005575
39 0.850867 0.576528 0.0189796 0.0363493 0.00542605
45 0.460813 0.354994 0.0522863 0.0156596 0.0053218
19 0.311246 0.834192 0.109963 0.30495 0.00521404
39 0.846563 0.573076 0.0197014 0.0389523 0.00509036
71 0.846692 0.363007 0.160641 0.035087 0.00498205
71 0.858848 0.336703 0.19164 0.0819387 0.00492567
26 0.310826 0.833312 0.110047 0.306633 0.00487447
58 0.0812599 0.75274 0.0638304 0.0718711 0.00470042
41 0.310826 0.833312 0.110047 0.306633 0.00453496
58 0.36645 0.137032 0.0497852 0.0841612 0.00448287
61 0.978392 0.950142 0.0334066 0.0330953 0.00435877
74 0.556951 0.100622 0.0533548 0.052495 0.00434303
69 0.380856 0.83329 0.249615 0.308048 0.00432497
68 0.501333 0.33929 0.188147 0.0745032 0.00430864
47 0.75516 0.522863 0.0176579 0.0231126 0.00427118
45 0.902712 0.157772 0.0464447 0.046666 0.00425524
74 0.0785823 0.750089 0.0874328 0.100538 0.00421423
77 0.310721 0.833881 0.110171 0.308011 0.00414091
45 0.413672 0.152091 0.0441084 0.0547826 0.00408089
75 0.162989 0.752392 0.0413478 0.0864859 0.00404099
75 0.251431 0.187898 0.021738 0.1018 0.00403571
71 0.978956 0.950094 0.0339367 0.0337067 0.00402939
72 0.537609 0.815944 0.0665123 0.212888 0.00398546
45 0.0533816 0.846132 0.0343141 0.0146244 0.00388533
6 0.607338 0.832692 0.748396 0.305127 0.00382632
45 0.284411 0.352278 0.0724386 0.0173828 0.00372946
39 0.821901 0.561523 0.0191998 0.0281972 0.00372717
45 0.649846 0.276897 0.0688621 0.0736471 0.00359172
71 0.878924 0.352012 0.133605 0.0168544 0.0035589
45 0.290509 0.349036 0.0878904 0.0236816 0.00351274
74 0.902776 0.157812 0.0471937 0.0468959 0.00342956
71 0.875595 0.369128 0.172996 0.0225368 0.00336796
43 0.285537 0.378093 0.0832329 0.0205402 0.00330064
62 0.524234 0.820392 0.0423001 0.185167 0.00322708
66 0.17287 0.802786 0.14427 0.0284011 0.00319746
64 0.175877 0.84671 0.0310685 0.0141804 0.0031836
71 0.332927 0.357948 0.177578 0.0367951 0.00313926
41 0.847861 0.577714 0.0186283 0.0322439 0.00312459
73 0.428373 0.87695 0.141292 0.218153 0.00311917
74 0.543752 0.116991 0.031971 0.0396948 0.00305355
71 0.365207 0.358042 0.111122 0.0370111 0.00305083
71 0.501537 0.339881 0.187967 0.0757571 0.00301883
39 0.380551 0.83357 0.249874 0.307855 0.0030084
39 0.242144 0.203858 0.0403346 0.0715457 0.00298101
75 0.252083 0.158337 0.0167854 0.0420439 0.00295767
14 0.900965 0.819896 0.0372505 0.0277971 0.00284994
60 0.701129 0.640138 0.431129 0.0693572 0.00274158
73 0.412761 0.152161 0.0443693 0.0545987 0.00273925
68 0.498755 0.487777 0.188567 0.222968 0.00273094
68 0.525549 0.818685 0.0444682 0.182604 0.00267729
71 0.72258 0.358097 0.139939 0.0321426 0.00259888
12 0.380856 0.83329 0.249615 0.308048 0.00258395
58 0.687453 0.145418 0.0273453 0.0696623 0.00256693
71 0.510539 0.359998 0.198147 0.0388024 0.00252351
75 0.921891 0.16056 0.0515072 0.0432533 0.00251186
44 0.284411 0.352278 0.0724386 0.0173828 0.00250399
67 0.42945 0.878197 0.146937 0.222849 0.0024491
71 0.876089 0.471104 0.206264 0.251738 0.00242448
62 0.380551 0.83357 0.249874 0.307855 0.00241485
75 0.369215 0.118455 0.0479948 0.0452533 0.00234458
72 0.428911 0.874185 0.144661 0.221109 0.00233409
74 0.649904 0.276797 0.0688635 0.0737519 0.00232658
73 0.934511 0.159338 0.02169 0.0435139 0.00231555
43 0.383819 0.356823 0.0723627 0.0315836 0.00229868
64 0.683334 0.410176 0.043388 0.0178478 0.00227651
71 0.683549 0.409581 0.0431456 0.0201301 0.00220698
39 0.806633 0.50904 0.0175255 0.0255574 0.00219634
73 0.902827 0.157817 0.0470531 0.0469204 0.00218582
69 0.496532 0.488441 0.181523 0.217598 0.00218293
71 0.384152 0.357201 0.0764282 0.0343966 0.00217706
41 0.607529 0.327316 0.0346752 0.0312059 0.00215662
74 0.175877 0.84671 0.0310685 0.0141804 0.0021376
39 0.821154 0.509139 0.0153692 0.0249994 0.00213417
41 0.850867 0.576528 0.0189796 0.0363493 0.00213069
73 0.210043 0.80227 0.0699421 0.0255453 0.00212336
45 0.29168 0.126441 0.0892738 0.106701 0.00211474
28 0.866302 0.828846 0.258381 0.299792 0.00210485
74 0.428362 0.908457 0.13888 0.155206 0.00207841
58 0.079496 0.746053 0.0987854 0.110698 0.00204614
41 0.251663 0.158411 0.0167323 0.0408876 0.00204062
71 0.10971 0.809495 0.181472 0.0173823 0.00202644
75 0.407256 0.152838 0.0336622 0.0526663 0.00200164
41 0.921891 0.16056 0.0515072 0.0432533 0.00200048
42 0.383819 0.356823 0.0723627 0.0315836 0.00197482
58 0.291864 0.126861 0.0877892 0.108435 0.00197178
41 0.593471 0.293287 0.0133263 0.0343153 0.00193816
67 0.380856 0.83329 0.249615 0.308048 0.00193718
39 0.902827 0.157817 0.0470531 0.0469204 0.00193694
39 0.899455 0.573872 0.0812603 0.0438516 0.00193197
41 0.68795 0.14515 0.0284245 0.0701985 0.00191078
74 0.563475 0.104934 0.0396564 0.0546419 0.00188878
47 0.28427 0.337008 0.0678409 0.0324892 0.00188521
41 0.660402 0.218276 0.0226366 0.0458582 0.00182912
58 0.0798801 0.754387 0.0799334 0.0920938 0.00182226
39 0.885114 0.568832 0.0171013 0.0437841 0.00182089
74 0.639213 0.747734 0.0354164 0.0188581 0.00181562
69 0.304429 0.412181 0.132866 0.0685639 0.00180998
41 0.134065 0.80213 0.0157669 0.017785 0.00177807
69 0.510539 0.359998 0.198147 0.0388024 0.0017705
71 0.837577 0.352384 0.138913 0.0182702 0.00175974
59 0.552581 0.947471 0.098877 0.0751438 0.00175261
32 0.376589 0.520443 0.0196346 0.0221551 0.00173
71 0.596099 0.358267 0.396099 0.0365267 0.00171757
41 0.597224 0.292558 0.0222944 0.0344537 0.00171694
58 0.0878248 0.775178 0.0363393 0.0395824 0.00171587
49 0.28427 0.337008 0.0678409 0.0324892 0.00170094
41 0.544582 0.295547 0.0470385 0.0263762 0.0016914
71 0.124135 0.809044 0.248271 0.0185964 0.00169098
25 0.310826 0.833312 0.110047 0.306633 0.00168648
44 0.290509 0.349036 0.0878904 0.0236816 0.00168166
42 0.356529 0.356603 0.0870762 0.030678 0.00165293
39 0.661187 0.217021 0.0218124 0.0432739 0.00165108
75 0.0878248 0.775178 0.0363393 0.0395824 0.00164738
39 0.90696 0.130346 0.0823895 0.101552 0.00161555
43 0.356194 0.356942 0.0982131 0.0315412 0.00161156
75 0.903539 0.150885 0.067326 0.0624179 0.00160155
69 0.878278 0.397647 0.205245 0.105671 0.00159994
41 0.240589 0.204421 0.0445936 0.0714984 0.00159326
43 0.284425 0.381153 0.0835164 0.0158861 0.0015884
62 0.428455 0.875431 0.143236 0.220355 0.0015856
45 0.714001 0.259438 0.0538866 0.0587589 0.00156417
43 0.284411 0.352278 0.0724386 0.0173828 0.00155622
69 0.428455 0.875431 0.143236 0.220355 0.00154984
68 0.428455 0.875431 0.143236 0.220355 0.0015026
26 0.545246 0.336249 0.0670103 0.0536289 0.00150073
41 0.602123 0.292351 0.0265961 0.0361966 0.00148672
39 0.806947 0.562539 0.0148182 0.028308 0.00145707
41 0.855714 0.571143 0.0164589 0.0411388 0.00145394
41 0.593072 0.328701 0.0146213 0.0273033 0.00145292
45 0.480671 0.324232 0.117605 0.0422893 0.00143683
75 0.397902 0.152396 0.0187038 0.0537335 0.00143069
71 0.461276 0.353872 0.0528702 0.0171487 0.00142592
41 0.545618 0.33637 0.0681569 0.0541095 0.00142494
70 0.474894 0.325084 0.102573 0.0430977 0.0014216
69 0.303324 0.39931 0.137513 0.0959145 0.00140768
56 0.97832 0.949986 0.0334282 0.0335129 0.00140512
44 0.356529 0.356603 0.0870762 0.030678 0.00139457
74 0.162158 0.751052 0.0404718 0.0831885 0.00138271
71 0.159792 0.808755 0.177902 0.0164955 0.00138065
70 0.461276 0.353872 0.0528702 0.0171487 0.00136274
71 0.865779 0.322272 0.160212 0.0895715 0.00136253
71 0.83323 0.346613 0.14342 0.0169157 0.00135645
32 0.10532 0.923838 0.0144374 0.0172411 0.00135332
74 0.713823 0.258824 0.0533836 0.0585883 0.00135061
45 0.878586 0.398336 0.203557 0.104386 0.0013417
73 0.84681 0.138961 0.0491592 0.085217 0.00132534
44 0.383819 0.356823 0.0723627 0.0315836 0.00131577
41 0.291858 0.126193 0.088982 0.106841 0.00130901
64 0.639213 0.747734 0.0354164 0.0188581 0.00130671
59 0.311147 0.833884 0.110273 0.304843 0.00130367
74 0.683334 0.410176 0.043388 0.0178478 0.00129575
60 0.690314 0.359385 0.207772 0.0400502 0.00129369
60 0.519026 0.630675 0.912429 0.0730664 0.00128189
69 0.317264 0.361078 0.203425 0.0428073 0.0012815
58 0.90326 0.157246 0.0463028 0.0460837 0.00126618
39 0.856185 0.55982 0.0168617 0.0302485 0.0012643
43 0.28936 0.383304 0.106508 0.0163313 0.00125602
69 0.596099 0.358267 0.396099 0.0365267 0.00125268
74 0.428373 0.87695 0.141292 0.218153 0.00123933
71 0.0721981 0.809438 0.0841707 0.0168576 0.00123191
76 0.290922 0.358115 0.0874105 0.0351899 0.00123018
45 0.0874054 0.777194 0.0384171 0.0395433 0.00122991
69 0.769871 0.120958 0.122835 0.105562 0.00122753
65 0.428362 0.908457 0.13888 0.155206 0.00122294
44 0.282754 0.337559 0.0694792 0.0291716 0.00121295
41 0.846563 0.573076 0.0197014 0.0389523 0.00121287
45 0.314568 0.357629 0.0418586 0.0332953 0.00120848
71 0.925148 0.352053 0.0410831 0.0161311 0.00120419
45 0.292779 0.357978 0.0849143 0.0325677 0.00118297
66 0.196121 0.801719 0.0904723 0.024265 0.00117955
73 0.289779 0.384586 0.102309 0.0145724 0.00116274
41 0.175877 0.84671 0.0310685 0.0141804 0.00115103
75 0.379967 0.124653 0.0318295 0.0544915 0.0011445
71 0.162092 0.801391 0.0418138 0.0203059 0.00113875
71 0.946046 0.965697 0.0950434 0.0418863 0.00113317
56 0.310826 0.833312 0.110047 0.306633 0.00113127
39 0.344285 0.330564 0.016743 0.0213066 0.00112608
45 0.921891 0.16056 0.0515072 0.0432533 0.00112131
74 0.747373 0.129836 0.0408283 0.0616474 0.00110373
41 0.241908 0.189315 0.0411805 0.100923 0.0011
74 0.550657 0.106717 0.0646954 0.0614628 0.00109732
40 0.311147 0.833884 0.110273 0.304843 0.00109693
69 0.782692 0.393516 0.392056 0.113713 0.00109193
74 0.105057 0.113956 0.0129561 0.0172734 0.00107437
63 0.769871 0.120958 0.122835 0.105562 0.00106844
56 0.380551 0.83357 0.249874 0.307855 0.00106406
49 0.75516 0.522863 0.0176579 0.0231126 0.00106338
73 0.384152 0.357201 0.0764282 0.0343966 0.00106165
67 0.865547 0.830132 0.259661 0.303491 0.00104681
70 0.545618 0.33637 0.0681569 0.0541095 0.00104365
76 0.313295 0.357927 0.0419242 0.0332037 0.00104132
72 0.525549 0.818685 0.0444682 0.182604 0.00104102
71 0.486479 0.32439 0.130124 0.0424543 0.00103027
41 0.830248 0.571435 0.0187157 0.045644 0.00102702
71 0.868747 0.39522 0.193577 0.0490763 0.00102571
72 0.310826 0.833312 0.110047 0.306633 0.00102326
28 0.538029 0.814445 0.0664192 0.210898 0.0010215
71 0.196121 0.801719 0.0904723 0.024265 0.00102034
