0 0.550358 0.447804 0.143432 0.161096 0.771517
31 0.578548 0.507468 0.0924255 0.267702 0.639518
0 0.21597 0.757567 0.0609355 0.0576584 0.22112
31 0.574792 0.581529 0.0950157 0.411124 0.115399
31 0.588807 0.374986 0.0721864 0.0761907 0.0602469
31 0.589096 0.398059 0.0741202 0.122043 0.0511956
31 0.563028 0.603022 0.0728009 0.414835 0.0382745
31 0.589141 0.42479 0.0763193 0.176052 0.0327996
0 0.201333 0.757216 0.033173 0.0574856 0.0244578
37 0.0960421 0.400911 0.0703007 0.344034 0.0206353
0 0.224557 0.759699 0.0468444 0.0563535 0.0199485
0 0.231448 0.759134 0.0320231 0.0549243 0.0160443
31 0.560261 0.544517 0.0579798 0.180078 0.012122
30 0.572791 0.583656 0.0961761 0.417858 0.0116954
30 0.570427 0.507363 0.0752617 0.265071 0.0103272
8 0.0965274 0.398704 0.0708013 0.348724 0.00909176
33 0.0960028 0.402551 0.0712736 0.345774 0.00876552
31 0.590028 0.5096 0.0345152 0.252339 0.00863382
8 0.581136 0.337455 0.0627939 0.17631 0.00861353
30 0.563028 0.603022 0.0728009 0.414835 0.00845373
0 0.239445 0.75466 0.0147031 0.045138 0.00828272
0 0.196683 0.752278 0.0242493 0.0472819 0.00795397
31 0.0965274 0.398704 0.0708013 0.348724 0.00793344
8 0.573937 0.326748 0.047571 0.160565 0.00696763
30 0.588807 0.374986 0.0721864 0.0761907 0.00683597
33 0.580155 0.509063 0.0911313 0.273581 0.00653002
37 0.578548 0.507468 0.0924255 0.267702 0.00642911
30 0.589096 0.398059 0.0741202 0.122043 0.00622103
31 0.578702 0.373715 0.0483483 0.0701701 0.00571921
30 0.589141 0.42479 0.0763193 0.176052 0.00535053
31 0.584099 0.523495 0.0392182 0.273189 0.00500402
31 0.5048 0.501147 0.0502522 0.0501221 0.00491881
31 0.511359 0.512486 0.0642797 0.0489502 0.00484273
33 0.585435 0.386472 0.0788584 0.281888 0.0047968
37 0.589443 0.376833 0.0711141 0.0786555 0.004686
37 0.576329 0.367795 0.0413629 0.0594893 0.00461012
0 0.589096 0.398059 0.0741202 0.122043 0.00441498
8 0.558286 0.326633 0.0237314 0.153907 0.00387853
0 0.580155 0.509063 0.0911313 0.273581 0.0037024
31 0.497847 0.497264 0.0372156 0.059634 0.00361747
31 0.550854 0.447876 0.143179 0.158961 0.00359538
37 0.573937 0.326748 0.047571 0.160565 0.00350195
30 0.588979 0.350222 0.0724066 0.133612 0.00347912
31 0.586998 0.416737 0.077165 0.102018 0.00344631
30 0.581306 0.491115 0.0911026 0.304097 0.00326553
31 0.588979 0.350222 0.0724066 0.133612 0.00325909
31 0.514351 0.492559 0.0685934 0.0697278 0.00305361
31 0.544652 0.50866 0.136394 0.121405 0.00300753
31 0.617412 0.406574 0.0446085 0.0490816 0.00292361
31 0.582019 0.534042 0.0273741 0.200639 0.00269914
8 0.562148 0.332302 0.0263396 0.164224 0.002588
31 0.530835 0.469248 0.103115 0.117508 0.00254738
31 0.605683 0.434157 0.0414636 0.0972131 0.00246114
30 0.0965274 0.398704 0.0708013 0.348724 0.00232747
33 0.576329 0.367795 0.0413629 0.0594893 0.00232238
30 0.586298 0.340007 0.0719697 0.18283 0.00231269
31 0.518638 0.527597 0.0796356 0.104402 0.00222698
0 0.589141 0.42479 0.0763193 0.176052 0.00219241
37 0.558286 0.326633 0.0237314 0.153907 0.00216416
31 0.492513 0.4876 0.0314857 0.0567048 0.00206587
31 0.61463 0.400917 0.0519462 0.0399083 0.00201386
0 0.589547 0.376931 0.0712891 0.079413 0.00197697
31 0.615615 0.426592 0.0493317 0.0958607 0.00196436
31 0.55326 0.581978 0.139737 0.41283 0.00190911
31 0.566299 0.528021 0.059689 0.23902 0.00190207
8 0.588979 0.350222 0.0724066 0.133612 0.00185567
25 0.573937 0.326748 0.047571 0.160565 0.0018155
33 0.588062 0.374892 0.0676071 0.0720522 0.00178105
37 0.572791 0.583656 0.0961761 0.417858 0.00165203
31 0.609023 0.408251 0.0471933 0.0571568 0.00165105
31 0.572349 0.432404 0.107473 0.183091 0.00163463
25 0.558286 0.326633 0.0237314 0.153907 0.00159454
8 0.585435 0.386472 0.0788584 0.281888 0.00152379
36 0.578548 0.507468 0.0924255 0.267702 0.00150651
31 0.502504 0.517964 0.0485643 0.0561086 0.00150287
31 0.603719 0.395838 0.068897 0.0664028 0.00149623
31 0.764203 0.508452 0.0976669 0.0304056 0.00149274
30 0.590028 0.5096 0.0345152 0.252339 0.00147268
31 0.598194 0.480776 0.0542532 0.205143 0.00146973
31 0.576222 0.36681 0.0415922 0.0569332 0.00140193
0 0.572349 0.432404 0.107473 0.183091 0.00139773
31 0.548721 0.516711 0.153168 0.293737 0.00136754
37 0.562148 0.332302 0.0263396 0.164224 0.00135082
24 0.218623 0.758662 0.0551219 0.057071 0.0013378
36 0.589443 0.376833 0.0711141 0.0786555 0.00131407
37 0.581136 0.337455 0.0627939 0.17631 0.0012987
33 0.586298 0.340007 0.0719697 0.18283 0.00129744
37 0.588979 0.350222 0.0724066 0.133612 0.00129566
0 0.404963 0.802881 0.0142309 0.0150129 0.00127709
31 0.597467 0.381968 0.0802545 0.0873015 0.00127006
37 0.585435 0.386472 0.0788584 0.281888 0.00125346
0 0.587296 0.426705 0.0719033 0.119758 0.00119495
