0 0.365096 0.679436 0.15502 0.319521 0.924367
0 0.123046 0.700134 0.141748 0.36242 0.910092
0 0.886405 0.591679 0.0704554 0.128644 0.870066
0 0.259725 0.741201 0.173955 0.277048 0.827547
35 0.35805 0.699706 0.0381254 0.0572828 0.759427
32 0.681031 0.630761 0.0116577 0.0191073 0.667971
0 0.350697 0.577317 0.0439737 0.169905 0.422554
35 0.280327 0.774624 0.0302931 0.0574296 0.388798
35 0.882219 0.583966 0.026376 0.0436001 0.310642
34 0.358158 0.590489 0.0478648 0.0610005 0.15377
34 0.361409 0.600062 0.0550609 0.0803616 0.114939
0 0.876776 0.592457 0.0496572 0.126418 0.104366
0 0.353558 0.458931 0.00893822 0.0204185 0.104007
0 0.351904 0.607123 0.0526207 0.227124 0.0718323
35 0.42296 0.655898 0.0245434 0.0271988 0.0618101
35 0.884932 0.580341 0.0283411 0.0393181 0.0486228
34 0.354191 0.565049 0.050675 0.140465 0.0442529
34 0.353601 0.585184 0.0476853 0.0856262 0.0377427
0 0.351501 0.458569 0.010674 0.0191653 0.036572
34 0.365625 0.595627 0.0603458 0.0561782 0.0330356
34 0.355516 0.60287 0.0525434 0.108467 0.0313257
34 0.386708 0.608805 0.0240311 0.0570393 0.03003
35 0.878995 0.578966 0.0265495 0.0456898 0.0250663
35 0.354017 0.693662 0.0421885 0.0735864 0.0219025
0 0.353601 0.585184 0.0476853 0.0856262 0.019221
34 0.400627 0.60994 0.053041 0.110052 0.0183649
32 0.698562 0.653559 0.0245847 0.0177333 0.0134884
34 0.386835 0.625711 0.0251678 0.0584639 0.0126561
0 0.346881 0.538013 0.0333763 0.0853358 0.0117915
0 0.342083 0.458712 0.00909476 0.0224129 0.0116606
35 0.277427 0.694176 0.0137703 0.0241209 0.0102933
35 0.882389 0.573948 0.0337513 0.056622 0.0102156
32 0.145622 0.461832 0.0347351 0.0294089 0.0101724
35 0.332112 0.702513 0.0136106 0.0243829 0.00951803
29 0.146284 0.461786 0.0333129 0.0297137 0.00913271
0 0.355516 0.60287 0.0525434 0.108467 0.00689545
34 0.364741 0.629503 0.0614343 0.128687 0.00677985
35 0.385092 0.636533 0.0204085 0.0450073 0.00631061
32 0.425242 0.655637 0.0208165 0.0243642 0.00618201
34 0.385231 0.625833 0.0226505 0.0465255 0.0055382
34 0.399613 0.589756 0.0582846 0.139703 0.00535849
35 0.405524 0.646248 0.0570811 0.0463167 0.00527495
34 0.356952 0.628844 0.057301 0.14912 0.00511876
0 0.339046 0.679423 0.104108 0.316557 0.00511718
35 0.876776 0.592457 0.0496572 0.126418 0.00505403
34 0.407477 0.602462 0.0443692 0.132132 0.00461397
32 0.680968 0.639888 0.0128618 0.0377109 0.00450921
35 0.390812 0.642604 0.0314736 0.0480765 0.0041295
0 0.343469 0.557406 0.0282777 0.0709448 0.00364658
35 0.681031 0.630761 0.0116577 0.0191073 0.00347421
35 0.385231 0.625833 0.0226505 0.0465255 0.00341532
35 0.858268 0.648943 0.0136322 0.0141779 0.00324109
35 0.334155 0.642917 0.0119753 0.0374335 0.003111
35 0.364841 0.603403 0.0644097 0.0879282 0.00309381
18 0.145622 0.461832 0.0347351 0.0294089 0.0030826
2 0.0613093 0.507602 0.0316638 0.0149679 0.00299948
34 0.145622 0.461832 0.0347351 0.0294089 0.0028086
34 0.697917 0.653565 0.025904 0.0197289 0.00274435
0 0.359981 0.633809 0.051193 0.12346 0.00248528
34 0.385092 0.636533 0.0204085 0.0450073 0.0024575
35 0.336745 0.675057 0.0180468 0.0468963 0.00241143
0 0.882219 0.583966 0.026376 0.0436001 0.00237101
0 0.202429 0.703382 0.301448 0.357467 0.00234169
35 0.890143 0.629128 0.0242483 0.0464628 0.00219423
35 0.272679 0.693471 0.0168465 0.0268719 0.00212228
35 0.386835 0.625711 0.0251678 0.0584639 0.00205389
35 0.368328 0.650893 0.0510908 0.0644504 0.00192812
2 0.145762 0.461852 0.0343064 0.0304475 0.00187719
34 0.390812 0.642604 0.0314736 0.0480765 0.00184244
35 0.874386 0.611561 0.0447971 0.0833564 0.00183547
34 0.405998 0.621127 0.058143 0.0964118 0.00152677
35 0.359981 0.633809 0.051193 0.12346 0.00150701
32 0.497406 0.789341 0.0140158 0.0116881 0.00149941
32 0.421869 0.654001 0.0259359 0.0298417 0.0014984
0 0.259496 0.660094 0.384994 0.41726 0.00148988
0 0.386304 0.602735 0.0940538 0.165326 0.00148919
34 0.354017 0.693662 0.0421885 0.0735864 0.0014689
34 0.405524 0.646248 0.0570811 0.0463167 0.00144318
14 0.353558 0.458931 0.00893822 0.0204185 0.00143865
34 0.334155 0.642917 0.0119753 0.0374335 0.00142452
34 0.884932 0.580341 0.0283411 0.0393181 0.00141245
35 0.285654 0.791791 0.0295751 0.06477 0.00135171
0 0.871139 0.621622 0.0329586 0.0625424 0.0013496
35 0.862665 0.627536 0.0217899 0.0527184 0.00133282
35 0.145622 0.461832 0.0347351 0.0294089 0.00128886
35 0.871139 0.621622 0.0329586 0.0625424 0.00126183
34 0.353558 0.458931 0.00893822 0.0204185 0.00125682
35 0.353601 0.585184 0.0476853 0.0856262 0.00124797
0 0.894016 0.608528 0.0548168 0.0911376 0.00123492
0 0.33581 0.629659 0.016096 0.0619869 0.0011999
34 0.336745 0.675057 0.0180468 0.0468963 0.00116864
0 0.88333 0.569301 0.0359781 0.07479 0.00116786
35 0.267533 0.784892 0.0561699 0.0793027 0.00115186
0 0.343087 0.541432 0.0276103 0.0674222 0.00114131
35 0.299503 0.82608 0.0279122 0.0280154 0.00112584
0 0.890143 0.629128 0.0242483 0.0464628 0.00111616
0 0.355251 0.642314 0.0541404 0.158863 0.00107104
35 0.283343 0.695751 0.0285522 0.0268549 0.00104472
35 0.90336 0.622128 0.0358814 0.0609146 0.00103992
35 0.278425 0.668764 0.0166884 0.0705538 0.00102666
2 0.771813 0.415859 0.0187215 0.0265588 0.00100857
34 0.350885 0.584004 0.0479117 0.166326 0.00100186
