65 0.822882 0.595279 0.274935 0.208432 0.922535
65 0.766162 0.491124 0.305301 0.145845 0.918235
15 0.320497 0.545168 0.64039 0.890032 0.915152
57 0.498302 0.492233 0.944253 0.983388 0.816466
58 0.91013 0.330594 0.178479 0.65368 0.574176
56 0.470062 0.489757 0.92194 0.979515 0.112127
58 0.908338 0.470203 0.183324 0.929149 0.0811357
57 0.7815 0.491861 0.436102 0.969367 0.0579414
58 0.818247 0.485762 0.363505 0.954133 0.0244339
57 0.484387 0.788621 0.968774 0.398865 0.0180842
65 0.760061 0.468834 0.303398 0.121144 0.0127931
57 0.0724105 0.789093 0.144068 0.399874 0.0112454
57 0.82562 0.598241 0.273764 0.200397 0.00859806
0 0.452737 0.495693 0.892514 0.979758 0.00669563
57 0.420985 0.688367 0.839408 0.601728 0.00653568
57 0.415649 0.229543 0.814278 0.456653 0.00592977
58 0.955086 0.307452 0.0898273 0.614904 0.00552312
58 0.962863 0.0502874 0.0742731 0.0995909 0.0052821
36 0.771469 0.493699 0.304348 0.164295 0.0052014
57 0.7497 0.623794 0.443003 0.700017 0.00461543
57 0.490819 0.90277 0.954039 0.173223 0.00459507
58 0.936864 0.0512639 0.126272 0.102528 0.00439733
58 0.913533 0.0954413 0.171932 0.187859 0.00414929
57 0.114844 0.789891 0.229533 0.4027 0.00363347
57 0.245358 0.788627 0.490649 0.402011 0.00358951
58 0.910463 0.231066 0.175968 0.460665 0.00302023
57 0.332006 0.301956 0.661645 0.59655 0.00297415
65 0.819566 0.5054 0.198664 0.0993748 0.00282601
56 0.486148 0.757597 0.971647 0.456857 0.00265843
59 0.452737 0.495693 0.892514 0.979758 0.00249067
57 0.522499 0.866271 0.899137 0.243705 0.00226623
65 0.803291 0.567041 0.31694 0.281105 0.00226435
59 0.245358 0.788627 0.490649 0.402011 0.00213152
59 0.416631 0.790618 0.832218 0.393661 0.00198224
13 0.452737 0.495693 0.892514 0.979758 0.00194615
58 0.953913 0.429593 0.0917675 0.636726 0.00185055
57 0.768228 0.4914 0.301778 0.157241 0.00181359
56 0.0724105 0.789093 0.144068 0.399874 0.00180849
36 0.823217 0.595249 0.271708 0.202025 0.00176039
56 0.751013 0.519857 0.462568 0.922908 0.00167969
58 0.913325 0.156485 0.172879 0.29985 0.00165603
65 0.753584 0.677623 0.402864 0.576139 0.00157097
58 0.943483 0.45987 0.108995 0.284378 0.0015308
57 0.335883 0.742128 0.671766 0.488918 0.00153059
27 0.771469 0.493699 0.304348 0.164295 0.00151959
59 0.420985 0.688367 0.839408 0.601728 0.00137016
58 0.957261 0.534431 0.0850292 0.623757 0.00133696
79 0.768228 0.4914 0.301778 0.157241 0.00132182
0 0.818247 0.485762 0.363505 0.954133 0.00130942
43 0.771469 0.493699 0.304348 0.164295 0.00126287
58 0.932457 0.548832 0.133106 0.52389 0.00120384
65 0.729332 0.466571 0.223326 0.101032 0.00120226
59 0.0695033 0.794851 0.138394 0.397995 0.00119913
29 0.76804 0.487593 0.303138 0.152093 0.00106344
59 0.467134 0.929029 0.567193 0.115586 0.00100818
