16 0.617147 0.350252 0.5406 0.526896 0.898518
28 0.232259 0.784783 0.457635 0.405045 0.229392
24 0.290476 0.815498 0.344502 0.350176 0.0939103
59 0.485995 0.503376 0.965773 0.993247 0.0903144
28 0.533143 0.518821 0.93019 0.929317 0.0711406
28 0.0816138 0.7878 0.160756 0.40519 0.0582529
26 0.290476 0.815498 0.344502 0.350176 0.0462611
0 0.5123 0.552751 0.528252 0.49938 0.0220146
59 0.5514 0.633629 0.893596 0.700291 0.0220119
28 0.290476 0.815498 0.344502 0.350176 0.0193151
73 0.593688 0.0431515 0.0240276 0.086303 0.019072
73 0.658039 0.0480419 0.0157983 0.0941281 0.0184645
56 0.112824 0.545125 0.13706 0.161194 0.0176238
39 0.394674 0.477288 0.297542 0.342464 0.0175819
73 0.631979 0.0479652 0.0643167 0.0948265 0.0163158
59 0.749566 0.763561 0.498407 0.447608 0.0138518
77 0.262369 0.546262 0.194725 0.232383 0.012305
15 0.9833 0.717272 0.0334007 0.168459 0.0121307
77 0.617093 0.351539 0.542027 0.529402 0.0119112
57 0.112916 0.545429 0.136317 0.161495 0.00992951
24 0.511328 0.645251 0.920025 0.685051 0.00923136
24 0.5123 0.552751 0.528252 0.49938 0.00842696
0 0.983333 0.717262 0.0330944 0.165754 0.00796187
26 0.235843 0.787379 0.45469 0.401883 0.00789252
28 0.251869 0.706284 0.447593 0.556999 0.00727063
28 0.0823012 0.920003 0.163326 0.152551 0.0071997
0 0.503679 0.635916 0.931059 0.687936 0.00689891
24 0.509899 0.493428 0.926118 0.836515 0.0068748
24 0.236594 0.795058 0.447977 0.384879 0.00642166
13 0.489251 0.501202 0.971592 0.997597 0.00588733
41 0.394674 0.477288 0.297542 0.342464 0.00548032
0 0.541981 0.47335 0.589497 0.654361 0.00504687
0 0.980906 0.185562 0.0381881 0.212317 0.00501734
59 0.523723 0.797429 0.945628 0.382741 0.00485307
26 0.518157 0.549084 0.532998 0.505095 0.00476357
26 0.511328 0.645251 0.920025 0.685051 0.00434199
57 0.489251 0.501202 0.971592 0.997597 0.0042586
28 0.511328 0.645251 0.920025 0.685051 0.00407809
56 0.517499 0.635868 0.954262 0.693067 0.00396794
16 0.596512 0.433871 0.598848 0.692115 0.00386155
73 0.661774 0.0484452 0.0227737 0.0953787 0.0037114
56 0.289944 0.815364 0.344631 0.351219 0.00365442
56 0.544127 0.516838 0.853283 0.877678 0.00348881
16 0.890766 0.463586 0.166332 0.332304 0.00340527
0 0.530351 0.577518 0.817774 0.546358 0.00336176
26 0.509899 0.493428 0.926118 0.836515 0.00330278
0 0.890561 0.894977 0.218445 0.189966 0.00328013
24 0.539948 0.496532 0.500897 0.673832 0.00326353
67 0.912261 0.347858 0.099073 0.096005 0.00321981
45 0.290101 0.816683 0.34619 0.349989 0.00308165
56 0.262718 0.546746 0.19521 0.233673 0.00307411
59 0.574071 0.43032 0.845493 0.837971 0.00301045
26 0.262007 0.549963 0.19855 0.24214 0.00300494
15 0.890766 0.463586 0.166332 0.332304 0.00299945
32 0.262369 0.546262 0.194725 0.232383 0.00294513
16 0.9833 0.717272 0.0334007 0.168459 0.00293332
24 0.617024 0.352802 0.540922 0.532156 0.00289887
59 0.788125 0.812239 0.423427 0.352812 0.00288138
24 0.239969 0.683461 0.444366 0.599889 0.00280088
59 0.828822 0.772203 0.342356 0.425048 0.00277323
16 0.558615 0.484695 0.776989 0.803456 0.00255755
24 0.890766 0.463586 0.166332 0.332304 0.0025036
0 0.983306 0.650511 0.0333872 0.299899 0.00246128
78 0.695005 0.590088 0.179694 0.231093 0.00245735
32 0.691295 0.589615 0.184389 0.232259 0.00244185
58 0.935801 0.167765 0.127848 0.220379 0.0023942
59 0.879959 0.77333 0.240081 0.431169 0.0023866
77 0.5123 0.552751 0.528252 0.49938 0.00230622
0 0.509899 0.493428 0.926118 0.836515 0.00230297
24 0.596512 0.433871 0.598848 0.692115 0.00220248
64 0.290476 0.815498 0.344502 0.350176 0.00219685
16 0.912038 0.355075 0.0997677 0.109479 0.00217265
63 0.115148 0.735208 0.180512 0.270699 0.00216416
26 0.0817873 0.787431 0.161946 0.407128 0.00212964
28 0.518157 0.549084 0.532998 0.505095 0.00209486
26 0.530684 0.683745 0.236878 0.225008 0.00209004
0 0.290583 0.815415 0.34374 0.350886 0.00205842
39 0.530684 0.683745 0.236878 0.225008 0.00204346
24 0.262883 0.550115 0.197964 0.241917 0.00200251
15 0.912038 0.355075 0.0997677 0.109479 0.0019995
63 0.191271 0.740397 0.340748 0.27561 0.00198653
0 0.982463 0.571225 0.0350744 0.471656 0.00195462
0 0.239969 0.683461 0.444366 0.599889 0.00194907
63 0.232893 0.780402 0.456113 0.409725 0.00193039
58 0.980271 0.237478 0.0388029 0.323235 0.00191215
0 0.787131 0.758951 0.425413 0.457524 0.00190628
73 0.621263 0.0493803 0.0913094 0.0987605 0.00190485
0 0.980271 0.237478 0.0388029 0.323235 0.00186527
58 0.87837 0.136144 0.242862 0.272289 0.00183898
59 0.886975 0.897148 0.22605 0.185083 0.00183681
63 0.0314508 0.760123 0.0629016 0.351565 0.00173739
47 0.261047 0.545909 0.192834 0.230526 0.00165465
73 0.109031 0.740491 0.183364 0.276615 0.00165212
24 0.521819 0.554268 0.832124 0.502627 0.00164354
28 0.215391 0.556394 0.346831 0.199206 0.00159487
26 0.239969 0.683461 0.444366 0.599889 0.00153124
58 0.895538 0.223057 0.207758 0.333226 0.00152722
28 0.230138 0.672343 0.452421 0.412463 0.00152582
26 0.890766 0.463586 0.166332 0.332304 0.00147456
56 0.235843 0.787379 0.45469 0.401883 0.00145987
67 0.89346 0.344843 0.0482182 0.055832 0.00145409
59 0.775399 0.692588 0.449202 0.58315 0.00140819
28 0.49915 0.52263 0.91907 0.50599 0.00140142
62 0.0318423 0.755347 0.0628728 0.34585 0.00139251
58 0.98084 0.185241 0.038093 0.217101 0.00137064
2 0.554214 0.491017 0.883672 0.976231 0.0013541
15 0.616733 0.349091 0.542651 0.525538 0.00131917
66 0.0292725 0.758702 0.0584997 0.350517 0.00131527
26 0.236739 0.818824 0.237129 0.350718 0.00129315
0 0.879959 0.77333 0.240081 0.431169 0.00124621
73 0.191271 0.740397 0.340748 0.27561 0.00124595
73 0.0318423 0.755347 0.0628728 0.34585 0.00124279
77 0.98084 0.185241 0.038093 0.217101 0.00123531
77 0.544127 0.516838 0.853283 0.877678 0.0012351
77 0.937649 0.179902 0.124329 0.228334 0.00121158
28 0.262883 0.550115 0.197964 0.241917 0.00120884
24 0.236739 0.818824 0.237129 0.350718 0.00120258
0 0.915206 0.458109 0.148784 0.322275 0.00118351
67 0.886197 0.335504 0.0465134 0.0695148 0.00117666
28 0.236739 0.818824 0.237129 0.350718 0.00116321
26 0.304926 0.571093 0.300656 0.294949 0.00116086
28 0.890766 0.463586 0.166332 0.332304 0.00116083
73 0.396816 0.48004 0.292269 0.345125 0.00112832
73 0.912958 0.350416 0.0962364 0.0972989 0.00110406
0 0.937649 0.179902 0.124329 0.228334 0.00107792
59 0.317775 0.438868 0.632704 0.869395 0.00107658
15 0.983306 0.650511 0.0333872 0.299899 0.0010758
16 0.912092 0.429613 0.113322 0.259322 0.0010643
58 0.91412 0.259208 0.171041 0.38692 0.00104895
56 0.0314508 0.760123 0.0629016 0.351565 0.00104079
41 0.530684 0.683745 0.236878 0.225008 0.00102741
30 0.567277 0.563629 0.865223 0.839925 0.00101891
28 0.534804 0.461492 0.733072 0.75299 0.00101686
59 0.837743 0.52664 0.324515 0.914547 0.00101149
