5 0.542203 0.511625 0.655402 0.55173 0.947188
1 0.198924 0.629234 0.0475441 0.132921 0.589977
0 0.896749 0.605061 0.0236652 0.0890211 0.363498
0 0.0205032 0.524605 0.0384645 0.0738501 0.251145
0 0.87231 0.576846 0.017091 0.0767856 0.198273
0 0.914005 0.554796 0.0171341 0.0418991 0.166302
0 0.00583597 0.541869 0.01081 0.0415647 0.149373
9 0.0844965 0.399431 0.0106489 0.0297264 0.149125
0 0.937101 0.55739 0.011787 0.0289124 0.128556
0 0.0300356 0.525429 0.0194962 0.0343907 0.12379
0 0.0281876 0.515081 0.0251382 0.0534048 0.123677
0 0.419452 0.462942 0.0607668 0.108119 0.119477
0 0.0691824 0.515825 0.0367666 0.0519209 0.108413
56 0.89096 0.635291 0.0256863 0.0717831 0.104336
56 0.886944 0.642516 0.0242796 0.056814 0.0971913
1 0.174806 0.623431 0.096043 0.144522 0.0967684
0 0.910473 0.571842 0.014642 0.0434188 0.0848728
0 0.869453 0.592917 0.0197809 0.106547 0.0842156
0 0.87462 0.569766 0.0175251 0.0626232 0.0818138
0 0.0205905 0.574408 0.0399599 0.164766 0.0808934
0 0.433033 0.463412 0.0861006 0.115355 0.0759679
0 0.897935 0.587476 0.0216053 0.0605138 0.0740856
0 0.0780735 0.51743 0.0239253 0.0507202 0.0698796
0 0.0144812 0.52577 0.0278576 0.0680453 0.0652413
0 0.954923 0.554953 0.0133678 0.0408425 0.0648944
0 0.941809 0.55511 0.0136671 0.0364045 0.0636635
0 0.877416 0.581363 0.0196354 0.080624 0.0568751
0 0.943851 0.55862 0.0118717 0.0322993 0.0546313
0 0.412191 0.476839 0.0599804 0.0885762 0.0540686
0 0.447888 0.488776 0.0805277 0.104 0.0510468
9 0.0847269 0.394611 0.0126816 0.0391301 0.0488089
0 0.00686945 0.545326 0.0130563 0.0532991 0.0424306
0 0.357767 0.478343 0.0659448 0.0967449 0.0401542
56 0.98753 0.603658 0.0247074 0.0642261 0.0393317
56 0.987185 0.614974 0.0252659 0.0423678 0.0365774
1 0.891195 0.632531 0.0267904 0.0746079 0.0353602
56 0.902577 0.636547 0.0216446 0.0509293 0.0344729
13 0.985888 0.611574 0.0282242 0.0459424 0.0321017
0 0.891195 0.632531 0.0267904 0.0746079 0.0315323
56 0.990948 0.596265 0.0177097 0.0768994 0.0292898
0 0.0202205 0.546447 0.0385576 0.10638 0.0292024
0 0.91307 0.587306 0.0190874 0.0941698 0.0285609
1 0.205435 0.60143 0.036089 0.0761327 0.0269629
0 0.886155 0.566578 0.0152798 0.0496866 0.0261565
0 0.903142 0.601452 0.0290646 0.0869725 0.0260626
56 0.901199 0.643691 0.0235565 0.05472 0.0248958
1 0.889053 0.6439 0.0242929 0.0544174 0.0248608
0 0.39675 0.472558 0.0651095 0.0954587 0.023932
9 0.2056 0.417158 0.0146954 0.044051 0.0235936
0 0.447217 0.468021 0.0782049 0.0964549 0.0235373
0 0.0419329 0.525855 0.0201682 0.027587 0.0234956
0 0.640657 0.534927 0.0290289 0.0909561 0.0233755
1 0.192591 0.608699 0.0606956 0.101295 0.0230005
0 0.433899 0.476454 0.101338 0.129203 0.0226943
13 0.886695 0.644115 0.0230198 0.0539522 0.0226436
1 0.902577 0.636547 0.0216446 0.0509293 0.0216958
0 0.952899 0.588418 0.0203205 0.083379 0.0204297
1 0.205384 0.58547 0.0328856 0.045965 0.0190166
0 0.349133 0.486167 0.0816665 0.089467 0.0175097
1 0.879801 0.60209 0.0158401 0.0454595 0.0170684
13 0.98753 0.603658 0.0247074 0.0642261 0.0168029
0 0.0146174 0.579249 0.0286328 0.161232 0.0166977
0 0.456889 0.477702 0.0609535 0.0648173 0.016644
0 0.424709 0.452333 0.0580162 0.0973104 0.0165572
60 0.930066 0.599776 0.0268517 0.0606845 0.0156796
1 0.201169 0.607602 0.039007 0.0940753 0.0152266
0 0.356444 0.492298 0.0610996 0.0698631 0.0150617
0 0.879801 0.60209 0.0158401 0.0454595 0.0150436
0 0.565132 0.553982 0.0343974 0.0656917 0.0144377
1 0.894461 0.611153 0.028767 0.103308 0.0141579
0 0.403023 0.476067 0.0548092 0.0810992 0.0140428
0 0.863837 0.595553 0.0222765 0.11064 0.0139411
56 0.991812 0.57399 0.0153732 0.03287 0.0137866
1 0.901199 0.643691 0.0235565 0.05472 0.0131351
0 0.902577 0.636547 0.0216446 0.0509293 0.0130572
13 0.947887 0.601282 0.0288807 0.0584685 0.012815
13 0.901199 0.643691 0.0235565 0.05472 0.0127517
0 0.86049 0.597955 0.0170996 0.107024 0.0126533
0 0.208182 0.536478 0.0238164 0.0756114 0.0125585
13 0.930066 0.599776 0.0268517 0.0606845 0.0125155
56 0.0112224 0.612647 0.0218638 0.0910391 0.0123498
13 0.979638 0.61412 0.0385376 0.0408063 0.0122773
0 0.946622 0.592407 0.0263691 0.0742792 0.0121739
56 0.863773 0.60266 0.0158529 0.101696 0.0119218
56 0.930066 0.599776 0.0268517 0.0606845 0.0117416
0 0.558421 0.544936 0.0486842 0.0855408 0.0117184
0 0.338832 0.491615 0.0779955 0.077647 0.0116263
0 0.00979047 0.534624 0.0195809 0.0592643 0.011319
0 0.0111612 0.590279 0.0218562 0.137295 0.0112242
0 0.311326 0.49218 0.0650535 0.0913782 0.0110645
13 0.867193 0.653582 0.0309666 0.0366958 0.0110099
0 0.567621 0.544873 0.0322601 0.0860724 0.0109381
0 0.0877896 0.521297 0.020331 0.050984 0.0109131
0 0.0375669 0.516949 0.0302694 0.046129 0.0107085
13 0.978374 0.607144 0.0421741 0.0524452 0.0106957
56 0.894461 0.611153 0.028767 0.103308 0.0106551
0 0.355622 0.46025 0.0544396 0.0658736 0.0105349
0 0.631478 0.538385 0.0465921 0.0933467 0.0102779
0 0.295646 0.481415 0.0400138 0.0651634 0.0101298
9 0.210205 0.448874 0.0293074 0.0253334 0.00971192
1 0.206196 0.57389 0.0295515 0.0379311 0.00965303
56 0.95441 0.599268 0.0224487 0.0614701 0.00955856
0 0.440947 0.45421 0.0716061 0.0982355 0.00945258
56 0.872844 0.616469 0.0318047 0.106159 0.00920603
56 0.863597 0.643489 0.0268829 0.0591532 0.00906789
56 0.928252 0.619735 0.01546 0.0219992 0.00905314
56 0.994451 0.609492 0.0110975 0.0526346 0.00877529
0 0.94987 0.552482 0.0116146 0.0431864 0.00855815
9 0.856366 0.354878 0.0266834 0.0394303 0.00825503
0 0.610501 0.529267 0.0448118 0.0999368 0.00823292
0 0.373638 0.482837 0.0502538 0.0841648 0.0078814
0 0.461369 0.495969 0.0582117 0.0970249 0.00787988
0 0.0331927 0.513347 0.0396605 0.0553449 0.00767234
0 0.333553 0.484582 0.101192 0.0876388 0.00757664
56 0.867193 0.653582 0.0309666 0.0366958 0.00734013
1 0.863773 0.60266 0.0158529 0.101696 0.00732186
56 0.879801 0.60209 0.0158401 0.0454595 0.00730744
24 0.0271546 0.684691 0.0274176 0.0458085 0.00715128
60 0.985888 0.611574 0.0282242 0.0459424 0.00706798
0 0.323311 0.497136 0.0605397 0.0870547 0.00680989
0 0.567941 0.562288 0.0259551 0.0506625 0.0067963
13 0.0112058 0.610934 0.0216806 0.0932261 0.00669226
13 0.89096 0.635291 0.0256863 0.0717831 0.00658897
56 0.985865 0.595185 0.0275505 0.0721842 0.006587
0 0.333376 0.488235 0.0487922 0.069964 0.0064348
0 0.461874 0.49669 0.0716145 0.118944 0.00632793
0 0.317242 0.484764 0.0636003 0.0710275 0.00632319
56 0.947771 0.595969 0.0284012 0.0678622 0.00624162
1 0.986392 0.614616 0.0272163 0.0417746 0.00609523
0 0.991812 0.57399 0.0153732 0.03287 0.0059799
9 0.209475 0.429984 0.0274413 0.0609935 0.00576976
1 0.202038 0.576589 0.0311988 0.0356582 0.00548151
0 0.555387 0.561546 0.0464576 0.0545302 0.00546938
13 0.953279 0.601155 0.0385118 0.0632832 0.00546741
0 0.37933 0.466489 0.0393466 0.0644652 0.00542107
0 0.681511 0.53171 0.0270966 0.0899045 0.00528795
56 0.953279 0.601155 0.0385118 0.0632832 0.0052267
0 0.553087 0.53738 0.058079 0.103302 0.00521976
0 0.289403 0.47946 0.0294422 0.0589082 0.00518548
13 0.976007 0.597653 0.0451893 0.0663558 0.00517312
56 0.898153 0.644534 0.0355904 0.0557058 0.00516081
9 0.864319 0.35458 0.0142311 0.0391831 0.00513181
9 0.210046 0.443969 0.0295011 0.0310686 0.00506261
56 0.902247 0.607139 0.0280081 0.091616 0.00499803
0 0.350059 0.453859 0.0537639 0.0713596 0.00497231
9 0.0877741 0.395121 0.0201429 0.0405218 0.00492764
9 0.867378 0.354817 0.00903626 0.0386308 0.00485671
0 0.299601 0.487579 0.0588969 0.0804808 0.00485349
0 0.863773 0.60266 0.0158529 0.101696 0.00475287
0 0.0608901 0.524663 0.0749408 0.0545106 0.00474772
0 0.896289 0.564769 0.0205616 0.0518628 0.00470671
0 0.572743 0.541446 0.0317348 0.0940529 0.00465992
56 0.0111612 0.590279 0.0218562 0.137295 0.00457835
60 0.947771 0.595969 0.0284012 0.0678622 0.00451189
13 0.928252 0.619735 0.01546 0.0219992 0.0044722
0 0.617146 0.53167 0.0653774 0.106562 0.00440273
74 0.953756 0.47091 0.021825 0.0318179 0.00434723
56 0.872186 0.632588 0.0436127 0.0946689 0.00432682
1 0.902247 0.607139 0.0280081 0.091616 0.00429773
0 0.587873 0.535051 0.0610676 0.104427 0.00427023
13 0.990948 0.596265 0.0177097 0.0768994 0.00418204
60 0.978374 0.607144 0.0421741 0.0524452 0.00417244
0 0.366954 0.502959 0.0465383 0.0477783 0.00416112
0 0.946825 0.548527 0.0190037 0.0502947 0.00415173
0 0.452691 0.455654 0.0690821 0.0875707 0.00407216
60 0.886944 0.642516 0.0242796 0.056814 0.00401309
13 0.872844 0.616469 0.0318047 0.106159 0.00395605
56 0.936173 0.599253 0.0256607 0.0580782 0.00388211
60 0.0112058 0.610934 0.0216806 0.0932261 0.00387809
13 0.969968 0.612953 0.0546227 0.0449336 0.00387362
0 0.597607 0.52989 0.0393676 0.0934374 0.00385356
60 0.98753 0.603658 0.0247074 0.0642261 0.00383851
13 0.952385 0.601739 0.0209452 0.058023 0.00382224
0 0.306732 0.474961 0.0616084 0.0758837 0.00382036
0 0.859565 0.578759 0.0154053 0.0840497 0.00381067
0 0.390983 0.483458 0.0518231 0.0878723 0.00377953
0 0.830576 0.56446 0.0120676 0.0379478 0.0037688
13 0.863597 0.643489 0.0268829 0.0591532 0.00373256
56 0.86118 0.623458 0.0193253 0.0689195 0.00370234
0 0.577547 0.534278 0.0403959 0.0970872 0.00361887
56 0.916192 0.604211 0.0247997 0.0525484 0.00358269
56 0.0146174 0.579249 0.0286328 0.161232 0.00356966
0 0.929275 0.593883 0.0249945 0.0703085 0.00355947
1 0.98753 0.603658 0.0247074 0.0642261 0.00348243
0 0.0107703 0.615559 0.0210234 0.0854475 0.00330633
1 0.181261 0.616969 0.0552586 0.111195 0.00327024
0 0.990948 0.596265 0.0177097 0.0768994 0.00326493
16 0.888955 0.642902 0.0233715 0.0568736 0.00323346
0 0.854094 0.558929 0.0148535 0.0743505 0.00319934
56 0.978374 0.607144 0.0421741 0.0524452 0.00319701
1 0.936173 0.599253 0.0256607 0.0580782 0.00316694
13 0.994451 0.609492 0.0110975 0.0526346 0.00312063
1 0.898153 0.644534 0.0355904 0.0557058 0.003059
13 0.902577 0.636547 0.0216446 0.0509293 0.0029985
56 0.866622 0.59477 0.0194775 0.114296 0.00298327
1 0.877416 0.581363 0.0196354 0.080624 0.00290978
0 0.116635 0.53836 0.0114121 0.0337874 0.00289991
0 0.401084 0.482854 0.0830493 0.0995881 0.00287679
0 0.206196 0.57389 0.0295515 0.0379311 0.00287479
0 0.735755 0.539356 0.0275248 0.0918217 0.00284863
56 0.952899 0.588418 0.0203205 0.083379 0.00281098
13 0.0111612 0.590279 0.0218562 0.137295 0.00278875
56 0.979638 0.61412 0.0385376 0.0408063 0.00276056
9 0.114532 0.399003 0.00996139 0.0329242 0.00264516
1 0.869453 0.592917 0.0197809 0.106547 0.00261778
0 0.915421 0.54971 0.0186069 0.0504962 0.00255314
0 0.312953 0.509127 0.042413 0.0658033 0.0025126
0 0.375337 0.507364 0.0313786 0.0379593 0.00245595
0 0.889053 0.6439 0.0242929 0.0544174 0.00245434
56 0.912421 0.594258 0.0225773 0.0780506 0.00245392
13 0.936173 0.599253 0.0256607 0.0580782 0.00244865
60 0.979638 0.61412 0.0385376 0.0408063 0.00244293
60 0.976007 0.597653 0.0451893 0.0663558 0.00240779
26 0.879801 0.60209 0.0158401 0.0454595 0.00238141
0 0.474089 0.546416 0.0274381 0.0472084 0.00237507
0 0.469813 0.519498 0.0422791 0.0846285 0.00233421
13 0.991812 0.57399 0.0153732 0.03287 0.00231913
0 0.86118 0.623458 0.0193253 0.0689195 0.00231251
9 0.221664 0.422845 0.0214403 0.0602885 0.00230402
0 0.202038 0.576589 0.0311988 0.0356582 0.00230104
0 0.0364049 0.53155 0.0578777 0.0398525 0.00229165
1 0.208182 0.536478 0.0238164 0.0756114 0.00224715
0 0.896831 0.582797 0.0246159 0.11049 0.00223136
0 0.522206 0.569705 0.0278838 0.0499376 0.00222617
0 0.4635 0.467591 0.0521109 0.063481 0.00220689
0 0.400809 0.460174 0.0742943 0.0906493 0.00220156
1 0.872186 0.632588 0.0436127 0.0946689 0.00217324
16 0.89096 0.635291 0.0256863 0.0717831 0.00215837
13 0.916192 0.604211 0.0247997 0.0525484 0.0021154
0 0.282839 0.491232 0.0435583 0.0871371 0.00210056
13 0.985865 0.595185 0.0275505 0.0721842 0.00208712
26 0.0271546 0.684691 0.0274176 0.0458085 0.0020662
0 0.992795 0.561935 0.0132324 0.0699302 0.0020254
9 0.230339 0.417132 0.0274824 0.0590246 0.00200966
1 0.990948 0.596265 0.0177097 0.0768994 0.00199693
26 0.897935 0.587476 0.0216053 0.0605138 0.00197339
0 0.377121 0.462074 0.0497324 0.0775043 0.00190744
56 0.976007 0.597653 0.0451893 0.0663558 0.00188249
0 0.283632 0.472292 0.0391225 0.0721927 0.00186527
13 0.122379 0.599386 0.0561255 0.0795024 0.00185215
60 0.89096 0.635291 0.0256863 0.0717831 0.00185147
13 0.936477 0.606685 0.0549986 0.0573337 0.00180444
1 0.201459 0.643012 0.0420094 0.101921 0.00180238
60 0.936173 0.599253 0.0256607 0.0580782 0.00180027
0 0.487159 0.515185 0.0618237 0.117826 0.00177705
13 0.0146174 0.579249 0.0286328 0.161232 0.00177222
0 0.357775 0.503775 0.0659518 0.0635514 0.00172305
2 0.991812 0.57399 0.0153732 0.03287 0.00170487
0 0.0282665 0.685452 0.0297033 0.045324 0.001643
0 0.985865 0.595185 0.0275505 0.0721842 0.0016138
60 0.0111612 0.590279 0.0218562 0.137295 0.00159478
0 0.501035 0.538109 0.072205 0.110553 0.00158104
6 0.542046 0.510184 0.654605 0.553073 0.00152892
13 0.872186 0.632588 0.0436127 0.0946689 0.00149709
13 0.910157 0.639229 0.0261795 0.0336861 0.00149357
7 0.542046 0.510184 0.654605 0.553073 0.00148502
0 0.646213 0.534263 0.027829 0.0916825 0.00148401
0 0.51771 0.55684 0.0358984 0.0908535 0.0014731
0 0.475026 0.538217 0.0273617 0.0652385 0.00146568
0 0.733843 0.524257 0.031839 0.0765562 0.00144741
60 0.928252 0.619735 0.01546 0.0219992 0.00144437
0 0.491915 0.529786 0.0602032 0.092694 0.00143766
13 0.110239 0.604448 0.0305794 0.0687692 0.00141495
13 0.898153 0.644534 0.0355904 0.0557058 0.00140095
2 0.158136 0.552622 0.0680228 0.0528773 0.00138912
60 0.901199 0.643691 0.0235565 0.05472 0.0013876
0 0.529691 0.366632 0.0223095 0.0372195 0.00138018
1 0.204528 0.55559 0.0330187 0.0702612 0.0013766
13 0.952899 0.588418 0.0203205 0.083379 0.00136817
0 0.521282 0.583198 0.0284803 0.0539308 0.0013566
0 0.52915 0.552779 0.0417416 0.0699469 0.00132918
0 0.828456 0.555132 0.0159851 0.0500946 0.00132352
1 0.212192 0.628323 0.0725949 0.145625 0.00132346
1 0.188308 0.58171 0.0507161 0.0633111 0.00132275
11 0.210205 0.448874 0.0293074 0.0253334 0.00131968
0 0.813599 0.51801 0.0243401 0.0588581 0.00131056
0 0.344093 0.445432 0.0492813 0.0686004 0.0012576
0 0.994451 0.609492 0.0110975 0.0526346 0.00124982
0 0.283773 0.444909 0.043121 0.11532 0.0012497
9 0.105897 0.397619 0.0159911 0.0337857 0.00124931
56 0.86049 0.597955 0.0170996 0.107024 0.00123617
0 0.473235 0.556685 0.0233877 0.0331344 0.00120947
9 0.210051 0.472455 0.030106 0.0961279 0.00120628
0 0.444631 0.492027 0.0744599 0.076083 0.00119913
9 0.203267 0.424298 0.0224876 0.0621011 0.0011895
49 0.103296 0.254918 0.0220746 0.0380638 0.00117776
60 0.95259 0.596583 0.0206184 0.0676821 0.00117189
0 0.204528 0.55559 0.0330187 0.0702612 0.00116542
0 0.952385 0.601739 0.0209452 0.058023 0.0011445
0 0.693611 0.53531 0.0539791 0.100634 0.0011439
13 0.879801 0.60209 0.0158401 0.0454595 0.00112939
1 0.198586 0.605178 0.0496449 0.175019 0.00112545
2 0.0697888 0.51827 0.0375706 0.0500765 0.00112224
26 0.896749 0.605061 0.0236652 0.0890211 0.00111583
0 0.737601 0.547173 0.0228909 0.0822496 0.00111163
13 0.985494 0.619664 0.0290123 0.0475471 0.00109211
56 0.969968 0.612953 0.0546227 0.0449336 0.00108865
0 0.306483 0.492877 0.089253 0.0989346 0.0010851
13 0.894461 0.611153 0.028767 0.103308 0.00105664
13 0.17064 0.630189 0.10326 0.135725 0.00105643
