4 0.500754 0.494918 0.998492 0.983967 0.940326
2 0.151996 0.482389 0.127182 0.0820137 0.87282
0 0.0715107 0.458871 0.0124504 0.0310646 0.351437
7 0.803026 0.446119 0.109052 0.0444798 0.226901
0 0.0678103 0.470925 0.0203673 0.058538 0.110332
2 0.164832 0.433905 0.0365293 0.0240375 0.10716
2 0.831396 0.446328 0.0529642 0.0399584 0.103013
2 0.771038 0.453589 0.0456905 0.0262078 0.0766123
0 0.0622258 0.458391 0.0203568 0.0315114 0.0760498
7 0.771038 0.453589 0.0456905 0.0262078 0.0734507
2 0.803203 0.446353 0.109266 0.0440544 0.0727505
2 0.685924 0.406166 0.0194904 0.0202763 0.0550483
7 0.831998 0.446607 0.0517422 0.0410509 0.0514002
0 0.472358 0.294901 0.0595757 0.0670481 0.0373114
2 0.856873 0.413796 0.0148151 0.0162247 0.0360972
2 0.729748 0.412687 0.0240875 0.0160101 0.0359538
7 0.686063 0.404897 0.0215426 0.0202238 0.0308275
7 0.803366 0.433034 0.10905 0.0704831 0.0286372
2 0.714644 0.409219 0.0220666 0.0181046 0.0218339
4 0.831596 0.272333 0.336807 0.130223 0.0209506
0 0.587163 0.332716 0.053351 0.0349975 0.0199858
0 0.0650573 0.45704 0.0269777 0.0373065 0.0178421
2 0.784264 0.415084 0.0306408 0.0247899 0.0175963
2 0.761684 0.413763 0.0259074 0.0149826 0.0174614
2 0.789936 0.411916 0.0370804 0.0261645 0.0164052
2 0.130271 0.454661 0.0485702 0.0284535 0.015226
7 0.714644 0.409219 0.0220666 0.0181046 0.0152169
0 0.466186 0.300248 0.0514067 0.0558439 0.0152044
7 0.710062 0.409069 0.0213171 0.0184667 0.0139215
2 0.77098 0.417341 0.0325068 0.0209135 0.0132025
3 0.0712415 0.460485 0.0131492 0.0356622 0.0131488
7 0.801591 0.414164 0.101464 0.0288253 0.0127615
5 0.801956 0.445868 0.112832 0.0431562 0.0121532
7 0.729748 0.412687 0.0240875 0.0160101 0.0113404
0 0.0666482 0.471212 0.0300371 0.0606427 0.0108682
7 0.856873 0.413796 0.0148151 0.0162247 0.0106943
3 0.0622258 0.458391 0.0203568 0.0315114 0.00907061
7 0.77098 0.417341 0.0325068 0.0209135 0.00811678
7 0.784264 0.415084 0.0306408 0.0247899 0.0080249
2 0.129873 0.456658 0.0652987 0.0311075 0.00792766
7 0.761684 0.413763 0.0259074 0.0149826 0.00770408
7 0.789936 0.411916 0.0370804 0.0261645 0.00755817
2 0.189341 0.460336 0.0665012 0.0359809 0.00743407
4 0.508209 0.31547 0.970427 0.623616 0.00725713
7 0.787103 0.413403 0.0578018 0.0288168 0.00704247
7 0.151997 0.482543 0.127135 0.0832924 0.0069651
7 0.164832 0.433905 0.0365293 0.0240375 0.00672024
0 0.165765 0.45082 0.0350858 0.0197003 0.00670436
2 0.710062 0.409069 0.0213171 0.0184667 0.00665751
2 0.0622258 0.458391 0.0203568 0.0315114 0.00645787
7 0.776735 0.408455 0.0563688 0.0214634 0.00640529
2 0.666753 0.408379 0.0185242 0.0211344 0.00633135
2 0.198031 0.460663 0.0545215 0.0316398 0.00555101
0 0.583713 0.32637 0.0649279 0.0457466 0.0054684
2 0.201382 0.46551 0.0375992 0.0315311 0.00540739
2 0.13468 0.460434 0.0773079 0.0361772 0.00533345
2 0.739755 0.412982 0.0371506 0.0172552 0.00514534
7 0.764898 0.401198 0.0316947 0.027744 0.00485379
10 0.0715107 0.458871 0.0124504 0.0310646 0.0044249
0 0.069595 0.452775 0.0180274 0.0438206 0.00442225
2 0.844869 0.414863 0.022628 0.0149854 0.00413588
7 0.739755 0.412982 0.0371506 0.0172552 0.00403631
25 0.16506 0.434091 0.0354433 0.0246173 0.00395653
2 0.936751 0.405924 0.0135736 0.00896108 0.00393361
0 0.591983 0.342777 0.0632084 0.056651 0.00376001
2 0.205982 0.455626 0.0555821 0.0386347 0.00372386
2 0.0650573 0.45704 0.0269777 0.0373065 0.00371286
7 0.772453 0.4469 0.0481635 0.0398922 0.00369516
7 0.779286 0.407472 0.0612847 0.036397 0.00368583
2 0.127029 0.47797 0.075966 0.0731878 0.00360087
2 0.963485 0.404348 0.0191162 0.0104914 0.00355232
2 0.668084 0.408515 0.0254037 0.0229324 0.00350687
2 0.190981 0.486769 0.0675839 0.0723752 0.00342622
8 0.80307 0.445611 0.109785 0.0430807 0.00339347
13 0.881882 0.445992 0.0303398 0.0201947 0.00334752
7 0.701875 0.405002 0.0454023 0.0214334 0.00311917
7 0.668084 0.408515 0.0254037 0.0229324 0.00299186
3 0.0678103 0.470925 0.0203673 0.058538 0.00292057
2 0.910835 0.405531 0.0116035 0.00943612 0.00291631
4 0.802336 0.444359 0.111291 0.0454808 0.00289842
2 0.192672 0.448265 0.0975971 0.0473266 0.00279105
0 0.577913 0.325142 0.0803781 0.0558142 0.00274006
0 0.457108 0.304268 0.0476301 0.0506754 0.00272599
0 0.165188 0.434047 0.0359288 0.0248787 0.00264537
2 0.801591 0.414164 0.101464 0.0288253 0.00263786
2 0.0715107 0.458871 0.0124504 0.0310646 0.00255305
4 0.0523057 0.503268 0.103609 0.0313087 0.00245962
5 0.686063 0.404897 0.0215426 0.0202238 0.00244468
2 0.856806 0.408628 0.0189583 0.0172655 0.00240383
4 0.504935 0.735622 0.99013 0.497367 0.00240171
0 0.515954 0.278617 0.0311592 0.0830781 0.0023815
4 0.779286 0.407472 0.0612847 0.036397 0.00236359
8 0.685924 0.406166 0.0194904 0.0202763 0.00235945
7 0.714518 0.404236 0.0248676 0.0226227 0.00235254
24 0.0715107 0.458871 0.0124504 0.0310646 0.00234628
7 0.856806 0.408628 0.0189583 0.0172655 0.00234047
0 0.500542 0.281824 0.0854135 0.0886724 0.00232047
2 0.191569 0.465542 0.0515743 0.0359339 0.00226644
5 0.771038 0.453589 0.0456905 0.0262078 0.00224376
7 0.822869 0.433726 0.0668737 0.0540639 0.00223264
0 0.513993 0.280218 0.0604851 0.0890332 0.0022212
2 0.155283 0.441147 0.0624363 0.026887 0.00212592
9 0.944308 0.290028 0.0159445 0.0453985 0.00210923
7 0.872864 0.437014 0.0500956 0.0402198 0.00207871
0 0.0734989 0.457933 0.0178676 0.0318854 0.00201005
2 0.736556 0.409266 0.0305527 0.0162043 0.00199336
13 0.87734 0.435998 0.0418781 0.0391019 0.0019713
7 0.789374 0.448938 0.147349 0.0485183 0.00193161
2 0.787103 0.413403 0.0578018 0.0288168 0.00191072
13 0.880197 0.443174 0.0362431 0.025089 0.00190848
0 0.656283 0.402409 0.007866 0.0266529 0.00190711
2 0.177958 0.486549 0.0777079 0.0718642 0.00187951
10 0.0622258 0.458391 0.0203568 0.0315114 0.00185364
3 0.0666482 0.471212 0.0300371 0.0606427 0.00183877
7 0.736556 0.409266 0.0305527 0.0162043 0.00183392
0 0.525302 0.281738 0.0883413 0.0926632 0.00181755
4 0.764898 0.401198 0.0316947 0.027744 0.00180775
2 0.772453 0.4469 0.0481635 0.0398922 0.00178221
8 0.7143 0.407091 0.0209167 0.0173324 0.00177857
9 0.0715107 0.458871 0.0124504 0.0310646 0.00175804
0 0.561712 0.327323 0.099943 0.0652422 0.00169635
7 0.819339 0.417056 0.0557117 0.0229403 0.00169462
7 0.666753 0.408379 0.0185242 0.0211344 0.0016821
7 0.753153 0.399082 0.0580972 0.0378968 0.0016799
5 0.803366 0.433034 0.10905 0.0704831 0.00166827
2 0.776735 0.408455 0.0563688 0.0214634 0.00164783
4 0.0542773 0.50876 0.0693006 0.0225013 0.00163496
1 0.0715107 0.458871 0.0124504 0.0310646 0.00163224
1 0.0622258 0.458391 0.0203568 0.0315114 0.00160891
4 0.7143 0.407091 0.0209167 0.0173324 0.00158519
2 0.803366 0.433034 0.10905 0.0704831 0.00156096
2 0.150624 0.454957 0.0717119 0.0236983 0.00154173
2 0.789374 0.448938 0.147349 0.0485183 0.00153852
6 0.80307 0.445611 0.109785 0.0430807 0.00152108
7 0.844869 0.414863 0.022628 0.0149854 0.00151989
4 0.787103 0.413403 0.0578018 0.0288168 0.00148851
7 0.870456 0.429376 0.0553066 0.0435127 0.00146845
2 0.211764 0.45148 0.0609174 0.0460988 0.00146055
4 0.685924 0.406166 0.0194904 0.0202763 0.00143829
4 0.776735 0.408455 0.0563688 0.0214634 0.00138533
0 0.856873 0.413796 0.0148151 0.0162247 0.00135589
13 0.0622258 0.458391 0.0203568 0.0315114 0.00135106
2 0.764898 0.401198 0.0316947 0.027744 0.00134268
5 0.7143 0.407091 0.0209167 0.0173324 0.00133473
2 0.822869 0.433726 0.0668737 0.0540639 0.00133219
0 0.463208 0.329425 0.0558943 0.0442362 0.00132859
0 0.588116 0.322463 0.0584087 0.060089 0.00131813
10 0.0678103 0.470925 0.0203673 0.058538 0.00128624
5 0.801591 0.414164 0.101464 0.0288253 0.0012646
7 0.73655 0.400689 0.0753967 0.0380423 0.00123966
5 0.824849 0.44656 0.0664291 0.0415891 0.00123024
0 0.421149 0.843678 0.0127403 0.0257449 0.0012289
0 0.469907 0.314766 0.0623336 0.0760754 0.00121549
7 0.857276 0.40408 0.0776505 0.0724951 0.00119591
7 0.0650573 0.45704 0.0269777 0.0373065 0.00119373
0 0.577322 0.342231 0.0657598 0.0550243 0.00116789
5 0.776735 0.408455 0.0563688 0.0214634 0.001118
0 0.386029 0.534933 0.0286867 0.0596938 0.00110209
0 0.510476 0.251091 0.0160843 0.0331918 0.00106797
7 0.671074 0.404901 0.0305252 0.0222634 0.00105658
8 0.856873 0.413796 0.0148151 0.0162247 0.00105175
2 0.880158 0.442082 0.0342762 0.0308885 0.00104031
2 0.152115 0.468672 0.12516 0.0692287 0.00103852
24 0.0622258 0.458391 0.0203568 0.0315114 0.0010111
13 0.801956 0.445868 0.112832 0.0431562 0.00100151
2 0.819339 0.417056 0.0557117 0.0229403 0.0010013
7 0.0622258 0.458391 0.0203568 0.0315114 0.00100088
