0 0.579 0.384666 0.466363 0.433773 0.923926
32 0.48126 0.411081 0.103346 0.0779973 0.875348
0 0.600463 0.180652 0.0869549 0.128635 0.798503
0 0.0204901 0.292102 0.0407128 0.142625 0.655087
0 0.382198 0.21166 0.114143 0.17373 0.626598
0 0.194634 0.339724 0.12799 0.0567602 0.612882
0 0.942614 0.292629 0.100112 0.154692 0.594283
0 0.199686 0.265028 0.0674424 0.102711 0.560989
0 0.321423 0.296524 0.0826862 0.132728 0.531897
0 0.158343 0.26735 0.0405993 0.0920126 0.504008
0 0.379965 0.267408 0.119981 0.285561 0.326118
0 0.30134 0.296265 0.0430713 0.119321 0.202771
0 0.680233 0.30611 0.107293 0.218434 0.192493
0 0.692832 0.383948 0.1444 0.37235 0.184125
0 0.299955 0.280764 0.0397706 0.0886106 0.164412
0 0.466141 0.210447 0.0449478 0.0425418 0.155407
0 0.166369 0.261355 0.0297052 0.075629 0.135447
0 0.1947 0.293133 0.129599 0.148722 0.124257
0 0.171834 0.267742 0.0295577 0.0948246 0.106048
32 0.0201482 0.278779 0.0376706 0.0294063 0.100546
0 0.169394 0.267437 0.0423139 0.0951675 0.0869922
0 0.648193 0.384097 0.271532 0.363805 0.0696703
0 0.938445 0.32165 0.0753654 0.096537 0.0689873
0 0.215131 0.261769 0.0454827 0.0903067 0.0680665
32 0.78768 0.301185 0.057365 0.0576051 0.060877
0 0.765533 0.320602 0.0844185 0.178694 0.0596687
0 0.541801 0.17783 0.204592 0.122055 0.0477251
0 0.246349 0.293177 0.237657 0.151056 0.0431139
32 0.786302 0.319983 0.0615618 0.0945903 0.0426675
24 0.0204201 0.269658 0.0403162 0.050071 0.041064
0 0.168297 0.245032 0.0224723 0.0451916 0.0406049
0 0.186262 0.264937 0.0406368 0.0869573 0.0397172
0 0.359022 0.277356 0.0457044 0.104173 0.0390793
0 0.679805 0.252933 0.103197 0.109184 0.0382404
29 0.0201482 0.278779 0.0376706 0.0294063 0.0372213
0 0.344507 0.270221 0.078223 0.0948204 0.0366333
26 0.334505 0.299833 0.0515275 0.055383 0.0342961
0 0.355562 0.317757 0.057642 0.179781 0.0336265
0 0.541427 0.19977 0.195599 0.0687281 0.0328192
0 0.779084 0.323477 0.111755 0.154267 0.0300158
0 0.450627 0.272146 0.261537 0.276049 0.0261824
0 0.311209 0.302772 0.0648193 0.117931 0.025391
0 0.951952 0.234296 0.0390553 0.0371725 0.0235869
0 0.964898 0.268485 0.0702041 0.106203 0.0223348
0 0.495967 0.272497 0.332515 0.303479 0.0222506
0 0.544906 0.277526 0.228671 0.322061 0.0200813
0 0.694815 0.326827 0.160221 0.25987 0.0199977
0 0.185108 0.238302 0.0255042 0.0357894 0.0195921
24 0.195364 0.340247 0.122203 0.0532035 0.0186211
24 0.466335 0.210508 0.044989 0.0424374 0.0174611
0 0.210399 0.256771 0.0437338 0.0573523 0.0167171
0 0.0166269 0.30398 0.0320796 0.118738 0.0162375
26 0.0204201 0.269658 0.0403162 0.050071 0.0156489
0 0.476684 0.200839 0.0647554 0.0606037 0.0147544
0 0.720929 0.382161 0.190983 0.359793 0.0144991
0 0.467785 0.202888 0.0466774 0.0560297 0.0143462
25 0.0837363 0.271017 0.163147 0.0960363 0.0140986
32 0.0205089 0.268899 0.0397542 0.0504128 0.0139514
0 0.195827 0.326271 0.129745 0.0841056 0.0136204
0 0.210653 0.242877 0.0443831 0.0569532 0.0136139
0 0.734042 0.329204 0.0976761 0.172568 0.012715
0 0.330798 0.298519 0.0604147 0.114483 0.0115818
0 0.939934 0.26725 0.120132 0.103212 0.0115036
0 0.322709 0.275766 0.0885869 0.0926898 0.01095
0 0.214052 0.344174 0.0894906 0.0468742 0.0107683
0 0.515863 0.19891 0.143663 0.0637239 0.0105587
32 0.214281 0.350561 0.0712962 0.0306351 0.0103033
0 0.0202035 0.269349 0.0404071 0.0513428 0.0100493
32 0.779124 0.317944 0.111641 0.147212 0.00994363
0 0.216408 0.256328 0.0466913 0.0632446 0.00954667
0 0.218073 0.266708 0.0349697 0.0739416 0.00944343
24 0.216561 0.351651 0.0821859 0.0310266 0.00910139
29 0.913358 0.288411 0.0590701 0.0370714 0.00875995
0 0.364457 0.26537 0.0369884 0.0813027 0.0086318
0 0.848746 0.292565 0.297965 0.159364 0.0081754
32 0.195364 0.340247 0.122203 0.0532035 0.00795826
0 0.728141 0.379509 0.158186 0.287088 0.00784394
0 0.960168 0.265669 0.0557805 0.0943499 0.00739107
29 0.242629 0.702039 0.0521882 0.0142029 0.00729886
0 0.542495 0.199712 0.210149 0.0938729 0.0069122
0 0.781375 0.318221 0.0698519 0.111819 0.00689042
0 0.698245 0.40734 0.116623 0.315584 0.00683084
0 0.192438 0.227329 0.0343705 0.0265276 0.00682524
35 0.157917 0.330813 0.0437191 0.0378853 0.00663716
26 0.0201482 0.278779 0.0376706 0.0294063 0.0062823
0 0.70766 0.32858 0.0702548 0.177972 0.00626004
26 0.354171 0.314723 0.0239618 0.035261 0.0057396
0 0.181454 0.231477 0.0288475 0.0311172 0.00560576
32 0.912084 0.287589 0.058394 0.0387163 0.00553116
2 0.913298 0.28835 0.0594187 0.0379286 0.0054853
35 0.0201932 0.276876 0.0390692 0.0338633 0.00533837
0 0.176544 0.276328 0.030397 0.0792317 0.0053238
32 0.770058 0.313313 0.0927002 0.0955185 0.00513205
0 0.749895 0.369414 0.0531301 0.0794337 0.00506434
33 0.0837363 0.271017 0.163147 0.0960363 0.00497365
0 0.283752 0.260565 0.312152 0.273076 0.0048852
16 0.192943 0.340808 0.125384 0.0535423 0.00481015
29 0.0205089 0.268899 0.0397542 0.0504128 0.00479349
24 0.334505 0.299833 0.0515275 0.055383 0.00470603
0 0.554769 0.356588 0.35307 0.421826 0.00460479
32 0.437517 0.36286 0.0396917 0.0239675 0.00450379
0 0.542166 0.289549 0.418342 0.244592 0.00440463
0 0.752397 0.335752 0.0590169 0.146844 0.00437918
0 0.321929 0.273795 0.0579965 0.0823148 0.0043357
0 0.14871 0.271625 0.0323458 0.0857257 0.00428426
0 0.370845 0.312659 0.0975693 0.191467 0.00401309
2 0.844615 0.264081 0.301691 0.102238 0.00398928
0 0.156632 0.283885 0.0254359 0.0623581 0.00397888
0 0.328374 0.302925 0.0587491 0.0609106 0.00371137
0 0.921089 0.292463 0.140778 0.157154 0.00369087
29 0.78882 0.301289 0.0562302 0.0562672 0.00366846
0 0.737174 0.337607 0.0729956 0.159329 0.00352401
0 0.761179 0.329403 0.0784472 0.101875 0.00351441
0 0.291411 0.265202 0.175077 0.1005 0.00350142
38 0.0201932 0.276876 0.0390692 0.0338633 0.00349131
25 0.294755 0.267142 0.171361 0.0984058 0.00342721
56 0.940195 0.326771 0.0734537 0.08481 0.00317001
0 0.912181 0.280783 0.0613757 0.0525989 0.00312388
0 0.203896 0.228863 0.0350496 0.032552 0.00312042
24 0.0201932 0.276876 0.0390692 0.0338633 0.00296599
32 0.505221 0.388661 0.0523895 0.0349785 0.00280729
24 0.210399 0.256771 0.0437338 0.0573523 0.0027869
0 0.442267 0.282516 0.166256 0.205385 0.00276643
38 0.0205089 0.268899 0.0397542 0.0504128 0.00272179
34 0.147173 0.286867 0.0335878 0.070759 0.00268942
24 0.35332 0.316364 0.0203735 0.0345629 0.002673
2 0.91085 0.280311 0.0647438 0.0559184 0.00261521
0 0.214684 0.352166 0.0845371 0.0304303 0.00259992
10 0.192943 0.340808 0.125384 0.0535423 0.00257096
0 0.344918 0.284896 0.0658398 0.0723268 0.00256857
0 0.410982 0.284367 0.174413 0.2545 0.00256595
0 0.734253 0.318801 0.204004 0.161832 0.00253049
0 0.556488 0.267069 0.258739 0.173302 0.00251535
0 0.912811 0.287904 0.0589231 0.0383041 0.00251433
0 0.656609 0.288474 0.353661 0.239234 0.00250056
35 0.193167 0.332886 0.120732 0.0414722 0.00249109
0 0.210716 0.285 0.0497686 0.0658168 0.00230357
36 0.19354 0.339961 0.124183 0.0539877 0.00229356
0 0.767167 0.319707 0.0984451 0.112238 0.00221851
14 0.912084 0.287589 0.058394 0.0387163 0.00221151
34 0.14871 0.271625 0.0323458 0.0857257 0.00219947
32 0.214052 0.344174 0.0894906 0.0468742 0.00217748
0 0.323079 0.284927 0.0348614 0.0643601 0.00216663
0 0.0294648 0.295113 0.0574029 0.135148 0.00216568
26 0.323079 0.284927 0.0348614 0.0643601 0.00215888
26 0.344918 0.284896 0.0658398 0.0723268 0.00214306
32 0.514032 0.390689 0.0359861 0.0293453 0.00213784
24 0.913298 0.28835 0.0594187 0.0379286 0.00207949
34 0.156632 0.283885 0.0254359 0.0623581 0.0020678
16 0.952534 0.233828 0.0397408 0.0370199 0.00205019
25 0.844769 0.264352 0.301915 0.103366 0.00199866
35 0.788351 0.300855 0.0573237 0.0558369 0.00196996
26 0.210399 0.256771 0.0437338 0.0573523 0.00193283
0 0.282328 0.287053 0.0737333 0.117894 0.00193238
24 0.166369 0.261355 0.0297052 0.075629 0.00190753
0 0.929751 0.305391 0.0810538 0.0808242 0.00190058
32 0.772731 0.296213 0.0958954 0.0743916 0.0018982
13 0.19354 0.339961 0.124183 0.0539877 0.00186056
77 0.779124 0.317944 0.111641 0.147212 0.0018473
0 0.0181696 0.246485 0.0355467 0.0611168 0.00182974
35 0.190661 0.302215 0.031089 0.0279266 0.0018132
32 0.966258 0.712514 0.0419106 0.0200921 0.00180203
32 0.445685 0.412639 0.0280673 0.0274652 0.0018014
33 0.845757 0.292047 0.303523 0.159313 0.00179726
0 0.966278 0.251738 0.0662582 0.0702019 0.00173652
35 0.783945 0.320193 0.0672066 0.0968402 0.00170404
0 0.131497 0.302571 0.254674 0.132214 0.00170264
26 0.913298 0.28835 0.0594187 0.0379286 0.00168455
38 0.913358 0.288411 0.0590701 0.0370714 0.00167954
25 0.292497 0.237229 0.105869 0.0312411 0.00163865
24 0.214052 0.344174 0.0894906 0.0468742 0.00163251
0 0.245062 0.264294 0.0916684 0.0849728 0.00162959
0 0.190661 0.302215 0.031089 0.0279266 0.0016132
0 0.962126 0.236977 0.0600652 0.0428095 0.00159982
0 0.210788 0.24331 0.0640063 0.0632802 0.00159729
24 0.300449 0.277022 0.0387169 0.0761506 0.00157318
2 0.437141 0.362823 0.0399584 0.0245327 0.00157094
0 0.990787 0.515446 0.0184252 0.0889717 0.00154474
32 0.441042 0.440044 0.0362892 0.0247158 0.00154155
0 0.691554 0.400203 0.234362 0.359956 0.00152686
0 0.800176 0.381728 0.38727 0.369872 0.00150901
26 0.218073 0.266708 0.0349697 0.0739416 0.00150403
32 0.793098 0.286654 0.0794801 0.0800574 0.00150239
26 0.330798 0.298519 0.0604147 0.114483 0.00150096
37 0.294755 0.267142 0.171361 0.0984058 0.00146788
0 0.763513 0.33971 0.0992264 0.169258 0.00146729
0 0.710776 0.324972 0.0906709 0.206358 0.00144622
26 0.166369 0.261355 0.0297052 0.075629 0.0014368
0 0.702957 0.366525 0.063489 0.113496 0.00142053
0 0.640429 0.280463 0.24403 0.245453 0.00141692
25 0.780205 0.26832 0.110878 0.0503908 0.00140882
32 0.781213 0.267978 0.108061 0.0540165 0.00140131
35 0.148782 0.328285 0.036222 0.0337202 0.00139636
26 0.300449 0.277022 0.0387169 0.0761506 0.00139487
25 0.305633 0.237825 0.135336 0.0364521 0.00138783
25 0.845647 0.292066 0.303262 0.158661 0.00137079
0 0.136863 0.27293 0.0570422 0.0901163 0.00136536
0 0.991116 0.530951 0.0177678 0.0548035 0.00135815
0 0.64519 0.205893 0.178116 0.173545 0.0013569
35 0.0202813 0.267864 0.0400024 0.0530173 0.00135645
0 0.734787 0.371098 0.0695427 0.0980871 0.00134385
35 0.767167 0.319707 0.0984451 0.112238 0.00134084
0 0.751183 0.32568 0.122729 0.103068 0.00133732
38 0.767167 0.319707 0.0984451 0.112238 0.00133711
35 0.912084 0.287589 0.058394 0.0387163 0.00127769
0 0.29904 0.310719 0.0414165 0.0639203 0.0012745
35 0.952043 0.234309 0.0391998 0.0379865 0.00127435
13 0.96531 0.244872 0.0684739 0.047621 0.00126979
35 0.779124 0.317944 0.111641 0.147212 0.0012286
0 0.905259 0.0315253 0.0374919 0.0385156 0.00122675
0 0.916747 0.302727 0.0679844 0.0763571 0.00121781
25 0.414315 0.312048 0.17452 0.19698 0.00121018
0 0.320075 0.321508 0.124597 0.181104 0.00120813
26 0.91085 0.280311 0.0647438 0.0559184 0.00120741
2 0.664047 0.330567 0.671905 0.255413 0.00120243
0 0.308971 0.328585 0.0407216 0.0635541 0.00120139
24 0.91085 0.280311 0.0647438 0.0559184 0.00119853
56 0.192943 0.340808 0.125384 0.0535423 0.00119561
0 0.99143 0.537693 0.0171394 0.0403352 0.00118759
33 0.294755 0.267142 0.171361 0.0984058 0.00117564
29 0.786302 0.319983 0.0615618 0.0945903 0.00117031
32 0.242629 0.702039 0.0521882 0.0142029 0.00116864
2 0.294755 0.267142 0.171361 0.0984058 0.00116855
2 0.969069 0.244021 0.0604736 0.048067 0.00116765
35 0.772731 0.296213 0.0958954 0.0743916 0.0011611
0 0.237314 0.289627 0.141336 0.148199 0.00113863
33 0.779855 0.308862 0.11209 0.134057 0.00113797
0 0.322062 0.270226 0.116754 0.097067 0.00113529
0 0.362029 0.290239 0.0375799 0.0974846 0.00112852
77 0.192943 0.340808 0.125384 0.0535423 0.0011251
0 0.923268 0.289664 0.0790237 0.0395657 0.00112489
2 0.845517 0.292125 0.303871 0.16071 0.00111732
35 0.48126 0.411081 0.103346 0.0779973 0.00111121
28 0.192943 0.340808 0.125384 0.0535423 0.00111082
35 0.35332 0.316364 0.0203735 0.0345629 0.00110644
0 0.781213 0.267978 0.108061 0.0540165 0.0011034
0 0.161341 0.248361 0.0392585 0.0637039 0.0010916
32 0.779776 0.286761 0.114015 0.0880742 0.0010891
0 0.932355 0.286761 0.0999589 0.0520385 0.00108856
32 0.448674 0.400671 0.0343675 0.0404668 0.00107843
29 0.779084 0.323477 0.111755 0.154267 0.00106832
0 0.348664 0.362653 0.040785 0.0893485 0.00106695
65 0.913298 0.28835 0.0594187 0.0379286 0.00106198
2 0.0828052 0.273728 0.16136 0.10061 0.00105634
0 0.859098 0.389528 0.281805 0.353279 0.00105217
37 0.0842397 0.272553 0.162784 0.0991348 0.00104567
0 0.268472 0.275128 0.103021 0.0996285 0.00104114
0 0.202631 0.301517 0.0319385 0.0309669 0.00102308
0 0.715287 0.372013 0.0392616 0.0987129 0.00101417
0 0.779776 0.286761 0.114015 0.0880742 0.00100812
