77 0.365702 0.498602 0.165537 0.198323 0.695756
77 0.509454 0.638204 0.203136 0.237142 0.631672
77 0.651223 0.532784 0.135462 0.143509 0.317046
15 0.725473 0.704166 0.209078 0.223951 0.278784
59 0.510655 0.73402 0.674046 0.508131 0.21903
57 0.587323 0.731221 0.825355 0.514889 0.192424
58 0.0876888 0.586443 0.173636 0.3715 0.192325
77 0.62399 0.502598 0.075983 0.0832767 0.154804
75 0.948448 0.913449 0.0978302 0.171685 0.13948
77 0.662374 0.545228 0.109055 0.119808 0.138421
41 0.955929 0.616225 0.0868395 0.178901 0.130273
77 0.686546 0.546869 0.0747609 0.110175 0.127623
75 0.111642 0.648629 0.0480237 0.236737 0.126724
77 0.643371 0.561235 0.153997 0.208192 0.115545
77 0.538633 0.659278 0.150713 0.181951 0.110548
77 0.467479 0.670646 0.122001 0.168878 0.106449
77 0.729322 0.704159 0.217967 0.219859 0.0944282
75 0.0281116 0.703986 0.053047 0.310185 0.0915454
77 0.630834 0.607823 0.075778 0.126524 0.0902874
16 0.723169 0.703657 0.20487 0.224315 0.0791636
77 0.614665 0.562036 0.110059 0.208806 0.0750944
77 0.491875 0.668292 0.0788168 0.162465 0.0738838
75 0.0184937 0.702291 0.0352743 0.308526 0.0691088
77 0.90177 0.504469 0.195718 0.991062 0.066888
77 0.61336 0.600626 0.101714 0.139282 0.0527116
75 0.619357 0.371945 0.0817996 0.208759 0.052474
77 0.37668 0.564137 0.190566 0.323286 0.051948
75 0.206646 0.524503 0.050419 0.179682 0.0485943
77 0.590449 0.574776 0.0619066 0.0980741 0.0473844
77 0.554478 0.503246 0.137677 0.24991 0.0466726
77 0.59405 0.551091 0.0828138 0.190076 0.0453173
32 0.894352 0.477614 0.053846 0.0660238 0.0424684
77 0.522796 0.457934 0.200847 0.166337 0.0393851
77 0.560935 0.633055 0.113808 0.166762 0.038195
77 0.564827 0.477305 0.115449 0.207868 0.0347172
77 0.620586 0.515771 0.0915935 0.113309 0.0343974
75 0.0732559 0.604912 0.115447 0.353214 0.0337283
77 0.530729 0.567973 0.0790892 0.0864009 0.0335884
77 0.536743 0.561874 0.247935 0.376521 0.0312271
77 0.609314 0.495803 0.0850858 0.0834536 0.0308412
56 0.587323 0.731221 0.825355 0.514889 0.0297171
77 0.563116 0.608892 0.0683715 0.0889782 0.0295759
58 0.902595 0.871541 0.192805 0.254219 0.0293869
75 0.0906924 0.651514 0.0798373 0.241062 0.0289459
77 0.634239 0.586625 0.0614676 0.0910749 0.0286663
59 0.901609 0.503548 0.196782 0.985989 0.0270588
77 0.641043 0.599328 0.074564 0.113834 0.026567
77 0.455792 0.582097 0.324468 0.336853 0.0246853
58 0.239184 0.312436 0.136918 0.595705 0.0242259
77 0.565054 0.636335 0.0739475 0.143947 0.0241379
59 0.544846 0.496907 0.754382 0.993814 0.0237806
77 0.626082 0.571878 0.0902763 0.124091 0.0234428
75 0.704251 0.362509 0.0918289 0.393113 0.0234127
77 0.617447 0.629753 0.0960935 0.177878 0.0232745
77 0.562074 0.533292 0.12995 0.206581 0.0227996
57 0.900974 0.503657 0.198052 0.983822 0.0226373
77 0.529809 0.54883 0.0745131 0.0852112 0.0225422
56 0.900974 0.503657 0.198052 0.983822 0.0225399
77 0.573264 0.451888 0.0978489 0.157719 0.0223652
77 0.542494 0.581843 0.103924 0.113409 0.0223466
77 0.652917 0.583991 0.13654 0.172504 0.0219226
56 0.485662 0.463536 0.118851 0.121237 0.0219168
75 0.92919 0.372272 0.126744 0.138336 0.0216156
77 0.64263 0.512287 0.113749 0.0913958 0.0214354
77 0.648697 0.574134 0.112095 0.117507 0.0198555
77 0.474806 0.660827 0.0803276 0.151368 0.0188962
77 0.61601 0.49733 0.0545893 0.0719279 0.0187165
75 0.0738434 0.65736 0.109667 0.238988 0.0178128
77 0.484195 0.637265 0.0595331 0.102375 0.0174837
75 0.201791 0.568639 0.0570559 0.288244 0.0174116
58 0.948928 0.881592 0.100479 0.23612 0.0173832
58 0.152342 0.411319 0.303404 0.766312 0.0166424
75 0.104587 0.65602 0.0433887 0.209592 0.0162246
75 0.763395 0.45682 0.0945204 0.317276 0.0154554
77 0.627252 0.544183 0.0916369 0.15993 0.0152349
56 0.0965437 0.875119 0.191984 0.23208 0.0145966
77 0.513912 0.501283 0.192662 0.215226 0.0135016
77 0.892191 0.497188 0.0602486 0.100783 0.0133387
56 0.0978964 0.773581 0.194025 0.43499 0.0132039
77 0.397758 0.590457 0.203552 0.335638 0.0125824
77 0.535868 0.522805 0.0542959 0.0367645 0.0124771
77 0.494379 0.561229 0.125234 0.0934888 0.0122584
57 0.0963546 0.874083 0.191841 0.232646 0.0122581
77 0.682348 0.588647 0.194563 0.208664 0.0122196
77 0.466965 0.559202 0.0657875 0.0896886 0.0121849
77 0.452987 0.613358 0.0952736 0.286989 0.0121846
75 0.947661 0.942112 0.0868259 0.115019 0.0115506
77 0.589074 0.494631 0.0608381 0.0920944 0.0113905
75 0.955927 0.61597 0.0865864 0.179682 0.0108902
75 0.902648 0.483409 0.194703 0.954417 0.0108198
59 0.517969 0.600318 0.679862 0.782875 0.0108007
75 0.113333 0.649343 0.0354644 0.213522 0.0105087
77 0.511623 0.664405 0.106341 0.160465 0.0104577
58 0.0851382 0.512229 0.168091 0.222556 0.0104504
77 0.684254 0.560313 0.0582172 0.0877955 0.0102219
77 0.593361 0.591581 0.0738911 0.133383 0.0102171
75 0.929112 0.343647 0.124191 0.196751 0.0102091
77 0.586613 0.553226 0.0626598 0.0724664 0.0100172
57 0.566694 0.496914 0.789127 0.993827 0.00991139
77 0.501034 0.582302 0.18034 0.139085 0.0095576
58 0.113852 0.653516 0.0459453 0.230918 0.00950977
77 0.901969 0.351708 0.194323 0.69172 0.0094164
58 0.0984157 0.687355 0.194863 0.576775 0.00941637
77 0.58151 0.493066 0.0453382 0.0835213 0.00922626
59 0.549475 0.839858 0.594944 0.301325 0.00910664
56 0.523515 0.455394 0.203617 0.157853 0.00902009
32 0.967391 0.275191 0.0625992 0.0918217 0.00897107
77 0.5574 0.602313 0.071398 0.0718722 0.00869119
77 0.573433 0.687068 0.0814417 0.116199 0.00868571
75 0.0269571 0.779657 0.0528835 0.160594 0.00843877
75 0.106709 0.624456 0.0428415 0.194885 0.008414
75 0.922549 0.382685 0.104096 0.106238 0.00838739
75 0.207921 0.494658 0.0496701 0.159908 0.00820452
77 0.95608 0.61611 0.0875692 0.180042 0.00809231
58 0.254594 0.314193 0.0948289 0.409934 0.00808626
58 0.901329 0.808026 0.193455 0.371687 0.00794393
75 0.211135 0.490885 0.0641106 0.230558 0.00790006
39 0.0281116 0.703986 0.053047 0.310185 0.00783208
77 0.495252 0.642388 0.0850529 0.116011 0.00772569
75 0.0150277 0.672342 0.0287723 0.22813 0.00769478
56 0.544846 0.496907 0.754382 0.993814 0.00762171
77 0.484753 0.503851 0.167316 0.206123 0.00761804
77 0.489727 0.588692 0.169496 0.187842 0.00751761
77 0.589745 0.5257 0.0618233 0.0368566 0.00741726
58 0.57322 0.45244 0.0894302 0.159156 0.00741243
75 0.135173 0.651166 0.0922268 0.240281 0.00722811
58 0.704251 0.362509 0.0918289 0.393113 0.00718582
77 0.571222 0.520872 0.284499 0.243238 0.00712466
75 0.0190115 0.786406 0.0357622 0.14038 0.00697467
75 0.198096 0.610621 0.0658782 0.376483 0.00694579
77 0.400094 0.512078 0.200332 0.194708 0.0067015
77 0.584452 0.605907 0.10768 0.122633 0.00656402
58 0.109771 0.549036 0.214675 0.447445 0.00646025
60 0.096232 0.87428 0.191545 0.232204 0.00628668
77 0.556413 0.55161 0.12927 0.0996206 0.00628263
75 0.618371 0.337261 0.0859989 0.2846 0.00623956
45 0.924839 0.374555 0.117273 0.133547 0.00614014
77 0.701968 0.634035 0.203172 0.307117 0.00589615
77 0.527893 0.668746 0.106907 0.149291 0.00578317
77 0.967627 0.267402 0.0631081 0.106375 0.00576091
58 0.218182 0.42803 0.168018 0.816317 0.00574088
58 0.0165348 0.683694 0.0320869 0.273641 0.00562704
77 0.587436 0.562771 0.0575025 0.0644733 0.00546849
75 0.200108 0.510697 0.0578988 0.211347 0.0054059
77 0.616979 0.634357 0.0654301 0.067732 0.00538567
77 0.573939 0.499972 0.0291754 0.0782843 0.00527292
58 0.703057 0.305213 0.0905477 0.573168 0.00518793
77 0.549772 0.644076 0.088077 0.15787 0.00511625
77 0.444016 0.675197 0.0750601 0.163618 0.00511393
58 0.0549728 0.604843 0.108131 0.390785 0.00505209
75 0.0879753 0.58587 0.173718 0.372283 0.00501424
77 0.545458 0.502399 0.0782433 0.0803191 0.00490147
57 0.517969 0.600318 0.679862 0.782875 0.00487086
45 0.95607 0.616065 0.0859051 0.179528 0.00486955
58 0.173997 0.495701 0.0925062 0.252063 0.00473729
77 0.583677 0.489214 0.0264107 0.0711881 0.00462461
57 0.485662 0.463536 0.118851 0.121237 0.00461191
75 0.0961505 0.666968 0.190002 0.537337 0.00459892
16 0.365702 0.498602 0.165537 0.198323 0.00452527
75 0.0602671 0.666714 0.0714805 0.226259 0.00446141
58 0.114657 0.535123 0.20323 0.277896 0.00445244
56 0.104116 0.691705 0.207181 0.588141 0.00436985
77 0.59499 0.562432 0.0482023 0.0791395 0.00434631
57 0.517245 0.460318 0.191297 0.141967 0.00423115
58 0.126761 0.583285 0.12801 0.367801 0.00419512
77 0.677168 0.584931 0.0284596 0.0361265 0.00409731
27 0.550222 0.661252 0.0548269 0.108425 0.00409028
60 0.510655 0.73402 0.674046 0.508131 0.00405005
77 0.703555 0.664462 0.263433 0.303356 0.00403675
58 0.0208522 0.664213 0.0412798 0.42897 0.00403211
0 0.90177 0.504469 0.195718 0.991062 0.00400308
75 0.0179432 0.74095 0.0352993 0.219062 0.00394663
47 0.295366 0.131739 0.0451173 0.0616374 0.00394449
77 0.587117 0.5 0.825766 1 0.00390264
58 0.315726 0.50015 0.306333 0.967532 0.00386071
75 0.218349 0.47988 0.0789484 0.274702 0.00381628
77 0.446226 0.491358 0.0854861 0.0758568 0.00375956
77 0.542304 0.665021 0.0804899 0.134958 0.00367498
16 0.509615 0.638464 0.203922 0.231813 0.0036273
14 0.89342 0.490207 0.0583542 0.0926067 0.00362402
73 0.0959936 0.876347 0.191491 0.235062 0.00354043
58 0.935275 0.808093 0.12815 0.379105 0.00351703
57 0.0978964 0.773581 0.194025 0.43499 0.00349131
75 0.924976 0.398189 0.120127 0.180893 0.00341392
58 0.556989 0.459064 0.0519116 0.12508 0.00336573
56 0.190758 0.635067 0.0803112 0.414884 0.00333247
75 0.012983 0.635194 0.0247679 0.175735 0.00327128
0 0.509615 0.638464 0.203922 0.231813 0.0032647
75 0.0214539 0.733742 0.0368399 0.170372 0.00323772
56 0.541362 0.514174 0.244407 0.278283 0.00321731
75 0.166331 0.589118 0.0449307 0.0530434 0.0032129
77 0.575115 0.488122 0.0451455 0.0970847 0.00319397
56 0.902945 0.354679 0.192573 0.69586 0.00317779
58 0.0281116 0.703986 0.053047 0.310185 0.00313377
77 0.893945 0.48135 0.0545246 0.0763652 0.00311881
56 0.522607 0.560312 0.210754 0.363786 0.00311679
59 0.0963546 0.874083 0.191841 0.232646 0.0031018
75 0.0116235 0.615273 0.0218703 0.135703 0.00300625
56 0.95608 0.61611 0.0875692 0.180042 0.00298774
77 0.696058 0.502733 0.607884 0.96797 0.00298536
40 0.0282589 0.703893 0.0543915 0.304575 0.00296691
77 0.712605 0.548361 0.0487385 0.0944049 0.00295711
27 0.557809 0.644057 0.079361 0.146032 0.00290832
16 0.623759 0.503029 0.0777239 0.0852904 0.0028595
75 0.0549907 0.572475 0.0765712 0.103558 0.00285125
77 0.498208 0.564997 0.684497 0.769346 0.0028401
75 0.703907 0.452449 0.094393 0.278924 0.00283131
41 0.948539 0.912371 0.0970337 0.174532 0.00282204
58 0.559576 0.443166 0.0619714 0.143246 0.00277084
58 0.500295 0.493973 0.70446 0.983573 0.00273865
58 0.0773399 0.655274 0.122479 0.239604 0.00272229
47 0.893498 0.475977 0.0518501 0.0665351 0.00271252
75 0.868244 0.923798 0.0669178 0.152405 0.00269061
75 0.038822 0.38175 0.0765387 0.13488 0.00266126
75 0.0225702 0.696723 0.0376069 0.221092 0.00262925
75 0.773101 0.55825 0.0489374 0.109953 0.0025934
77 0.487656 0.464624 0.131624 0.12651 0.00256354
57 0.549475 0.839858 0.594944 0.301325 0.00254977
16 0.630834 0.607823 0.075778 0.126524 0.00248778
75 0.0205514 0.654907 0.0345531 0.210089 0.00248715
77 0.676522 0.507904 0.0316576 0.0456322 0.00248045
77 0.571774 0.525558 0.0247055 0.0261487 0.00245264
75 0.180022 0.579927 0.0850651 0.33019 0.00243956
75 0.7021 0.289371 0.06975 0.157728 0.00239944
75 0.694081 0.383948 0.0573138 0.102966 0.00239059
27 0.544577 0.65159 0.0796682 0.137189 0.00234348
75 0.13286 0.606925 0.0896424 0.334881 0.00233197
56 0.495186 0.500207 0.159095 0.201863 0.00233123
75 0.690775 0.43461 0.0712439 0.173135 0.00232205
58 0.900447 0.502122 0.197802 0.980953 0.00231153
75 0.706927 0.267212 0.082406 0.295116 0.00228241
58 0.952138 0.780451 0.0957248 0.435496 0.0022518
75 0.856094 0.471779 0.0973141 0.454113 0.00224194
0 0.37668 0.564137 0.190566 0.323286 0.00224048
77 0.9676 0.240618 0.063623 0.165975 0.00223798
39 0.0184937 0.702291 0.0352743 0.308526 0.00223076
58 0.181929 0.446899 0.107564 0.260537 0.00221121
77 0.930255 0.33808 0.134914 0.228091 0.00218293
58 0.568437 0.470541 0.0724419 0.119541 0.00213876
0 0.524844 0.462066 0.210727 0.17244 0.00212154
75 0.94896 0.880748 0.101339 0.238505 0.0021193
77 0.438116 0.47986 0.168193 0.143664 0.00210488
40 0.206646 0.524503 0.050419 0.179682 0.00209185
58 0.91778 0.758164 0.163574 0.477978 0.00207332
75 0.0542614 0.59983 0.0708181 0.126153 0.00207108
77 0.452456 0.557515 0.0852183 0.0955963 0.00205663
58 0.870914 0.849274 0.134668 0.294181 0.00204515
58 0.707005 0.248181 0.0809808 0.293658 0.00204024
58 0.660116 0.277855 0.169614 0.547677 0.00203237
77 0.556359 0.43438 0.0556641 0.122997 0.00201753
58 0.520684 0.454374 0.196139 0.162949 0.00201687
15 0.498208 0.564997 0.684497 0.769346 0.00201565
39 0.948448 0.913449 0.0978302 0.171685 0.00198472
16 0.614649 0.600079 0.106386 0.137946 0.0019612
15 0.703555 0.664462 0.263433 0.303356 0.00195628
77 0.380835 0.524914 0.137084 0.142334 0.00194243
77 0.592438 0.430101 0.12452 0.133771 0.00191921
0 0.573264 0.451888 0.0978489 0.157719 0.00191605
56 0.509454 0.638204 0.203136 0.237142 0.0019092
58 0.0338477 0.596674 0.0673377 0.315086 0.00190562
58 0.703744 0.27227 0.0721294 0.192914 0.00188696
58 0.213625 0.402341 0.140572 0.522201 0.00187799
57 0.514423 0.747101 0.632393 0.470877 0.00186989
77 0.446958 0.640499 0.0854429 0.228794 0.00184774
16 0.565054 0.636335 0.0739475 0.143947 0.00184312
0 0.564827 0.477305 0.115449 0.207868 0.00184229
16 0.662374 0.545228 0.109055 0.119808 0.0018411
77 0.493913 0.671938 0.182915 0.172568 0.00182956
77 0.62378 0.470424 0.174218 0.205026 0.00182554
16 0.486635 0.667219 0.0723366 0.162145 0.00181913
75 0.166019 0.567268 0.0451255 0.0998514 0.00180852
75 0.351917 0.113372 0.0750727 0.224034 0.00180829
77 0.507997 0.625264 0.112571 0.157713 0.00180686
73 0.557319 0.670412 0.0433868 0.0933469 0.00178799
75 0.0958007 0.601393 0.062323 0.160734 0.00176418
60 0.549475 0.839858 0.594944 0.301325 0.00175881
75 0.775632 0.464723 0.0663612 0.303982 0.00175765
75 0.218609 0.423404 0.080284 0.377774 0.00173813
77 0.566857 0.421586 0.0741043 0.097853 0.00173655
58 0.715227 0.346811 0.110117 0.508826 0.00172895
75 0.714472 0.350972 0.11006 0.503638 0.00172639
57 0.522607 0.560312 0.210754 0.363786 0.00172052
47 0.922557 0.37856 0.110919 0.118348 0.00170347
21 0.729322 0.704159 0.217967 0.219859 0.00169989
39 0.204507 0.514715 0.0517527 0.190318 0.00169417
58 0.750075 0.310233 0.173727 0.611288 0.00167495
15 0.623757 0.501863 0.0773733 0.080911 0.0016382
56 0.564345 0.542112 0.302127 0.334535 0.00163364
75 0.967305 0.268532 0.0641331 0.105176 0.00163266
75 0.0228633 0.766137 0.030254 0.101552 0.00162527
16 0.538633 0.659278 0.150713 0.181951 0.00161919
13 0.0961379 0.876991 0.192276 0.235717 0.00160006
58 0.123605 0.668456 0.0643243 0.203076 0.00159559
58 0.133995 0.657483 0.0872286 0.229397 0.00159082
75 0.240616 0.433925 0.0361232 0.170799 0.00158322
77 0.642902 0.505989 0.102542 0.0639962 0.00156781
77 0.568437 0.470541 0.0724419 0.119541 0.00156128
56 0.144815 0.609965 0.102436 0.356507 0.0015527
58 0.257833 0.246043 0.0937089 0.412227 0.00154832
77 0.550829 0.616037 0.578196 0.449144 0.00154552
