0 0.441051 0.612761 0.0630439 0.185346 0.888142
0 0.162941 0.598971 0.056849 0.138345 0.790899
0 0.269004 0.91541 0.108004 0.169179 0.632326
0 0.345743 0.553804 0.0147882 0.0498356 0.596406
38 0.474243 0.644153 0.0228546 0.0501127 0.577248
0 0.708907 0.550186 0.0193213 0.0776016 0.531444
0 0.0232148 0.574031 0.0240158 0.0763776 0.523966
0 0.798549 0.550297 0.0209187 0.0685051 0.465701
0 0.403549 0.5584 0.0159569 0.0466713 0.378136
0 0.0264724 0.567299 0.0313141 0.084862 0.233738
0 0.620876 0.567488 0.0169793 0.0240888 0.169422
36 0.172714 0.645275 0.0719518 0.0468592 0.141736
0 0.797973 0.540393 0.0183651 0.051565 0.118433
1 0.093833 0.576276 0.0376414 0.0364273 0.093518
36 0.157809 0.650572 0.0482143 0.0431592 0.0684952
0 0.39979 0.559943 0.024358 0.0486019 0.0545197
38 0.404333 0.561295 0.0152288 0.0404104 0.0496356
0 0.61992 0.561357 0.0192562 0.0358487 0.0486008
36 0.186163 0.642691 0.0445277 0.0408089 0.0451976
0 0.169171 0.632277 0.0714566 0.0823709 0.034521
0 0.991398 0.558364 0.0150394 0.0282071 0.0333225
0 0.347972 0.553648 0.0205873 0.0521731 0.0299873
0 0.39906 0.570647 0.0249823 0.0232152 0.0296237
38 0.419956 0.602935 0.0176412 0.0324369 0.0287869
0 0.171803 0.602043 0.0793691 0.139898 0.028698
38 0.469205 0.657045 0.027504 0.0775916 0.02862
1 0.0785699 0.579521 0.0682317 0.0430194 0.0283679
38 0.172714 0.645275 0.0719518 0.0468592 0.0267017
38 0.458789 0.642447 0.0267654 0.080911 0.0260513
13 0.071585 0.581763 0.0834662 0.0490041 0.0247489
13 0.388982 0.574531 0.0339855 0.0270002 0.0197221
38 0.460719 0.659932 0.0206177 0.0658501 0.0191134
0 0.0251355 0.586397 0.0209684 0.0529617 0.0173323
0 0.00627134 0.534851 0.0116544 0.0472459 0.0166655
38 0.420535 0.590621 0.021213 0.0543935 0.0152069
0 0.167066 0.594561 0.0441877 0.109507 0.0146244
36 0.474243 0.644153 0.0228546 0.0501127 0.0145424
38 0.39906 0.570647 0.0249823 0.0232152 0.0139475
38 0.619913 0.566003 0.0193243 0.0260838 0.0130326
0 0.341132 0.553378 0.0247319 0.0514175 0.0127502
56 0.0934028 0.576465 0.0382217 0.036791 0.0124263
38 0.388982 0.574531 0.0339855 0.0270002 0.0122018
0 0.0208393 0.551595 0.0204209 0.109699 0.0121949
0 0.713819 0.539507 0.0180677 0.0518707 0.012136
0 0.033654 0.578005 0.0453533 0.0627001 0.011255
56 0.0742921 0.578344 0.0753522 0.0405932 0.0108161
2 0.619913 0.566003 0.0193243 0.0260838 0.0106038
0 0.990615 0.554812 0.0175987 0.037795 0.0103735
36 0.147529 0.659203 0.0281538 0.0271698 0.00981918
0 0.171597 0.57073 0.0354053 0.0763117 0.00961885
38 0.183738 0.643719 0.0509797 0.0465613 0.0092524
0 0.708763 0.53047 0.0158157 0.0622776 0.00906742
38 0.48074 0.645178 0.0331192 0.0501653 0.0089635
38 0.462416 0.611772 0.0248139 0.143417 0.0088715
38 0.0405388 0.593233 0.0213034 0.0256573 0.008811
32 0.510151 0.963267 0.0348126 0.0331568 0.00858721
56 0.388982 0.574531 0.0339855 0.0270002 0.00776881
56 0.619913 0.566003 0.0193243 0.0260838 0.00776091
0 0.0954966 0.575765 0.0342591 0.0345329 0.00708747
0 0.917539 0.541082 0.00804405 0.0169179 0.00675043
38 0.172677 0.566941 0.028696 0.0410238 0.00645471
13 0.093833 0.576276 0.0376414 0.0364273 0.00610653
0 0.989181 0.558862 0.0207634 0.032946 0.00583965
38 0.0477231 0.584496 0.0375879 0.042526 0.00573725
0 0.0405388 0.593233 0.0213034 0.0256573 0.00570101
0 0.17682 0.546041 0.0203506 0.0360179 0.00565034
1 0.39906 0.570647 0.0249823 0.0232152 0.00541189
38 0.0954966 0.575765 0.0342591 0.0345329 0.00540084
1 0.388982 0.574531 0.0339855 0.0270002 0.00528577
38 0.071585 0.581763 0.0834662 0.0490041 0.00508937
0 0.461712 0.614879 0.0220314 0.139551 0.00506571
38 0.0540863 0.579609 0.0153333 0.0309924 0.00501692
14 0.510664 0.962939 0.03508 0.0326436 0.00493783
0 0.118351 0.530556 0.0143129 0.0215567 0.0049279
38 0.467635 0.610397 0.031151 0.134891 0.00479776
38 0.0880697 0.577176 0.0469406 0.0374222 0.00472313
38 0.179016 0.564898 0.0189478 0.0416733 0.0046553
0 0.0540863 0.579609 0.0153333 0.0309924 0.00461832
36 0.16381 0.644176 0.0624822 0.0548787 0.00449398
2 0.0785699 0.579521 0.0682317 0.0430194 0.00444734
0 0.023228 0.55261 0.0362617 0.117527 0.00437525
38 0.171597 0.57073 0.0354053 0.0763117 0.00434521
38 0.39979 0.559943 0.024358 0.0486019 0.00426418
13 0.390836 0.568954 0.0407001 0.0398891 0.00406653
13 0.0477231 0.584496 0.0375879 0.042526 0.00406384
38 0.460046 0.603584 0.0191323 0.0817083 0.0040184
0 0.019186 0.514779 0.0122387 0.0384066 0.00397512
26 0.460046 0.603584 0.0191323 0.0817083 0.0039469
0 0.467635 0.610397 0.031151 0.134891 0.00384465
38 0.167066 0.594561 0.0441877 0.109507 0.00384417
0 0.0157396 0.556966 0.0307462 0.0995717 0.00382087
13 0.619913 0.566003 0.0193243 0.0260838 0.00380346
56 0.39906 0.570647 0.0249823 0.0232152 0.00379771
13 0.0405388 0.593233 0.0213034 0.0256573 0.00368169
1 0.0540863 0.579609 0.0153333 0.0309924 0.00365826
0 0.615137 0.566078 0.0308131 0.0270289 0.00361994
0 0.393754 0.575234 0.0367529 0.0345126 0.00358009
26 0.420535 0.590621 0.021213 0.0543935 0.00355393
0 0.402629 0.549767 0.0185259 0.0604104 0.00349957
13 0.606492 0.564285 0.0468911 0.0254934 0.00348008
38 0.443006 0.634742 0.056575 0.135795 0.00347829
36 0.388982 0.574531 0.0339855 0.0270002 0.00347441
1 0.0477231 0.584496 0.0375879 0.042526 0.00342464
38 0.345636 0.55394 0.0151686 0.0505562 0.00334007
0 0.288139 0.514537 0.0128313 0.0201635 0.00328395
38 0.0348228 0.59896 0.035253 0.0258897 0.00322664
13 0.614162 0.564527 0.0316523 0.0285217 0.00321779
2 0.614162 0.564527 0.0316523 0.0285217 0.0031592
0 0.16381 0.644176 0.0624822 0.0548787 0.00313231
24 0.26663 0.944733 0.100471 0.110534 0.00312725
1 0.404333 0.561295 0.0152288 0.0404104 0.00312376
38 0.157809 0.650572 0.0482143 0.0431592 0.00304985
1 0.0251355 0.586397 0.0209684 0.0529617 0.00304511
36 0.709155 0.549366 0.0211667 0.0792638 0.00303972
35 0.419956 0.602935 0.0176412 0.0324369 0.00288221
0 0.594788 0.544449 0.00965157 0.01679 0.00282639
2 0.0405388 0.593233 0.0213034 0.0256573 0.00279421
0 0.00618331 0.51913 0.0113613 0.0428833 0.0027315
13 0.39906 0.570647 0.0249823 0.0232152 0.00273025
13 0.390029 0.578783 0.0425635 0.03501 0.00272983
38 0.459668 0.673632 0.0234196 0.0523856 0.00269562
2 0.093833 0.576276 0.0376414 0.0364273 0.00264066
38 0.448803 0.688712 0.0436943 0.0260277 0.00262743
1 0.0405388 0.593233 0.0213034 0.0256573 0.00262412
35 0.510664 0.962939 0.03508 0.0326436 0.00261384
38 0.189724 0.641774 0.0389879 0.0363675 0.00257114
13 0.806291 0.555212 0.0373886 0.0585494 0.00255474
38 0.390836 0.568954 0.0407001 0.0398891 0.00251716
34 0.419956 0.602935 0.0176412 0.0324369 0.00240377
1 0.390836 0.568954 0.0407001 0.0398891 0.00237581
0 0.4727 0.642642 0.0259695 0.0584251 0.00236174
24 0.26933 0.91333 0.106837 0.173339 0.00235325
9 0.0818885 0.506239 0.0124898 0.0194102 0.00232762
0 0.799953 0.545505 0.0271606 0.0603287 0.00231323
1 0.619913 0.566003 0.0193243 0.0260838 0.00229496
34 0.474243 0.644153 0.0228546 0.0501127 0.00226164
0 0.510352 0.963918 0.0357782 0.0329725 0.00224686
0 0.613441 0.553761 0.0347275 0.0507052 0.00222841
38 0.474348 0.6373 0.0290888 0.0667821 0.00221804
1 0.169592 0.646645 0.0751964 0.050524 0.00217995
1 0.033654 0.578005 0.0453533 0.0627001 0.00216049
0 0.705402 0.550621 0.0287103 0.0797117 0.00213391
1 0.39979 0.559943 0.024358 0.0486019 0.00211251
10 0.34568 0.554516 0.0152269 0.0487081 0.002105
36 0.404333 0.561295 0.0152288 0.0404104 0.00210372
0 0.390836 0.568954 0.0407001 0.0398891 0.00205138
2 0.987886 0.507475 0.0242271 0.0192051 0.00204411
0 0.407977 0.573768 0.0197561 0.0542631 0.0019998
2 0.606492 0.564285 0.0468911 0.0254934 0.00198779
0 0.388982 0.574531 0.0339855 0.0270002 0.00190035
56 0.390836 0.568954 0.0407001 0.0398891 0.00188163
38 0.0251355 0.586397 0.0209684 0.0529617 0.00183243
0 0.661602 0.543999 0.0160273 0.0256279 0.00182012
13 0.0540863 0.579609 0.0153333 0.0309924 0.00178498
0 0.762262 0.521409 0.0129992 0.029332 0.0017812
0 0.686805 0.483877 0.0119845 0.0153949 0.00177804
38 0.16267 0.597893 0.0543827 0.134833 0.0017699
13 0.0348228 0.59896 0.035253 0.0258897 0.00176808
26 0.434994 0.572841 0.0488016 0.0892891 0.00176486
0 0.994011 0.524312 0.0117828 0.016422 0.0017603
13 0.033654 0.578005 0.0453533 0.0627001 0.00175428
0 0.413631 0.573255 0.0244416 0.0713899 0.00174257
38 0.175143 0.544701 0.0225277 0.0327128 0.0017406
13 0.183738 0.643719 0.0509797 0.0465613 0.00170302
38 0.446435 0.693517 0.0441298 0.0227757 0.00169757
38 0.423374 0.610107 0.0247574 0.0440575 0.0016917
13 0.172714 0.645275 0.0719518 0.0468592 0.001674
38 0.413631 0.573255 0.0244416 0.0713899 0.0016731
38 0.407977 0.573768 0.0197561 0.0542631 0.00164658
16 0.269194 0.915028 0.108537 0.169103 0.00164184
56 0.0405388 0.593233 0.0213034 0.0256573 0.00162289
34 0.172714 0.645275 0.0719518 0.0468592 0.00161812
2 0.665389 0.543586 0.0213692 0.0254793 0.00161025
38 0.434113 0.69627 0.0197247 0.019445 0.00160819
0 0.621861 0.565285 0.0210249 0.0269404 0.00159332
9 0.99058 0.55845 0.0151699 0.0314453 0.00158942
2 0.39906 0.570647 0.0249823 0.0232152 0.00155848
36 0.401394 0.668794 0.0546535 0.0557484 0.00152102
34 0.420535 0.590621 0.021213 0.0543935 0.00151202
2 0.952518 0.507196 0.012779 0.0103091 0.00150186
13 0.636127 0.562289 0.0457304 0.0234538 0.00148031
56 0.404333 0.561295 0.0152288 0.0404104 0.00147244
38 0.449039 0.666341 0.0448832 0.0713014 0.00146899
56 0.614162 0.564527 0.0316523 0.0285217 0.00146636
0 0.55643 0.544121 0.0136773 0.0186267 0.00146577
56 0.0540863 0.579609 0.0153333 0.0309924 0.0014635
26 0.427526 0.57924 0.0333347 0.0698831 0.00145712
2 0.545466 0.54369 0.0191609 0.0173164 0.00145108
0 0.0287606 0.509307 0.0137824 0.0252548 0.00144321
0 0.906672 0.507039 0.00991878 0.0143513 0.00142476
38 0.174946 0.575558 0.0280581 0.0538723 0.00142395
0 0.177429 0.534601 0.0174302 0.0257545 0.00141373
13 0.363558 0.569711 0.0277759 0.0479172 0.00140661
2 0.0540863 0.579609 0.0153333 0.0309924 0.0014064
38 0.165681 0.582923 0.0440563 0.0518646 0.00140491
2 0.665151 0.548761 0.0251303 0.0270131 0.0013887
56 0.474243 0.644153 0.0228546 0.0501127 0.00138319
0 0.990512 0.535792 0.0177408 0.0685824 0.00137597
2 0.636127 0.562289 0.0457304 0.0234538 0.00137374
38 0.455971 0.581322 0.0245424 0.0732941 0.00137082
2 0.661602 0.543999 0.0160273 0.0256279 0.00136855
13 0.130014 0.585213 0.0119306 0.0207128 0.00136051
1 0.0226659 0.574157 0.0223559 0.0772364 0.00135896
0 0.714997 0.517812 0.0169649 0.0603367 0.00135428
1 0.0348228 0.59896 0.035253 0.0258897 0.00133839
26 0.419956 0.602935 0.0176412 0.0324369 0.00133696
36 0.39906 0.570647 0.0249823 0.0232152 0.0013316
0 0.0348228 0.59896 0.035253 0.0258897 0.00130185
36 0.0405388 0.593233 0.0213034 0.0256573 0.00129426
36 0.13946 0.658072 0.0187945 0.0287999 0.00129068
0 0.545466 0.54369 0.0191609 0.0173164 0.00128767
13 0.384598 0.575072 0.0355337 0.0404554 0.00128445
0 0.919784 0.552857 0.0131386 0.0377856 0.00127754
36 0.0348228 0.59896 0.035253 0.0258897 0.00126317
38 0.438247 0.612468 0.0557323 0.186665 0.00123832
34 0.461712 0.614879 0.0220314 0.139551 0.00123346
27 0.460046 0.603584 0.0191323 0.0817083 0.00120899
0 0.179016 0.564898 0.0189478 0.0416733 0.0012067
0 0.894705 0.508407 0.00775413 0.0141479 0.00119898
2 0.984448 0.506235 0.0311031 0.0230262 0.00119492
38 0.155526 0.581201 0.0438628 0.048396 0.00119388
0 0.75713 0.524922 0.0111731 0.0268389 0.00119165
2 0.947829 0.50729 0.0229712 0.0119133 0.00118765
38 0.437828 0.667652 0.024152 0.0728268 0.00118342
36 0.382817 0.656313 0.0176475 0.028346 0.00118107
22 0.0949342 0.575957 0.0348222 0.0360407 0.00117218
0 0.619927 0.567233 0.0202659 0.0355459 0.00115123
0 0.916548 0.548306 0.0165371 0.025325 0.00113705
35 0.179016 0.564898 0.0189478 0.0416733 0.00113165
3 0.093833 0.576276 0.0376414 0.0364273 0.00110611
24 0.093833 0.576276 0.0376414 0.0364273 0.00110397
34 0.186163 0.642691 0.0445277 0.0408089 0.00110251
38 0.147529 0.659203 0.0281538 0.0271698 0.00109065
2 0.0477231 0.584496 0.0375879 0.042526 0.00108337
58 0.093833 0.576276 0.0376414 0.0364273 0.0010829
0 0.0477231 0.584496 0.0375879 0.042526 0.00108221
2 0.55643 0.544121 0.0136773 0.0186267 0.00107664
13 0.665151 0.548761 0.0251303 0.0270131 0.00105733
0 0.936695 0.564045 0.0134487 0.0455808 0.00105512
13 0.102718 0.576965 0.0419159 0.0349149 0.00103387
1 0.708616 0.550385 0.0205425 0.0776443 0.00101423
13 0.710399 0.550985 0.022623 0.0762032 0.00100222
