33 0.697293 0.468957 0.0209098 0.0337727 0.669385
33 0.688202 0.207482 0.0194977 0.0332742 0.618602
33 0.130686 0.810712 0.0668786 0.0384339 0.570772
33 0.612266 0.661731 0.0238129 0.026491 0.474459
0 0.393242 0.769877 0.014742 0.0468114 0.349946
0 0.883726 0.786153 0.0149384 0.0393028 0.33508
0 0.344639 0.768263 0.0167442 0.0588039 0.33327
0 0.847149 0.777542 0.0222044 0.0651245 0.307664
0 0.882359 0.776204 0.0165955 0.0593518 0.302275
33 0.447994 0.596548 0.0207401 0.0217371 0.295605
0 0.631349 0.775198 0.0122568 0.0330985 0.274453
0 0.612811 0.777313 0.00880756 0.0262092 0.268111
33 0.461418 0.493647 0.0156559 0.0143927 0.263171
0 0.370376 0.763649 0.0184268 0.0560375 0.222183
0 0.637456 0.776466 0.0167311 0.0346577 0.215376
0 0.881873 0.771857 0.0108871 0.0541522 0.182435
0 0.391174 0.770639 0.0135787 0.043335 0.174516
0 0.0866424 0.780243 0.0184363 0.0367848 0.169598
0 0.43619 0.776366 0.0116451 0.022528 0.169438
0 0.608201 0.774962 0.00886669 0.024214 0.159433
0 0.63956 0.774981 0.0133648 0.0320657 0.157036
0 0.616519 0.776042 0.00949249 0.0256606 0.137752
33 0.445946 0.593961 0.0174236 0.0231099 0.137483
0 0.180514 0.763276 0.0137813 0.0441698 0.133961
0 0.167304 0.77239 0.0139029 0.0287233 0.131193
0 0.187278 0.76738 0.0103028 0.0417569 0.130657
0 0.22199 0.762426 0.0170581 0.0326574 0.125377
33 0.463036 0.493994 0.0198297 0.016263 0.114864
0 0.208288 0.767685 0.00907898 0.0342631 0.109065
0 0.640898 0.778907 0.0140412 0.0303653 0.108208
0 0.190298 0.760064 0.0105364 0.044024 0.102318
0 0.131868 0.76802 0.0144426 0.0189788 0.0967096
0 0.851955 0.7708 0.0195705 0.0636503 0.0910994
0 0.580279 0.774689 0.0214899 0.0284874 0.0881461
0 0.533745 0.758353 0.0141932 0.0343659 0.0841805
0 0.366779 0.764477 0.0154359 0.0531006 0.083061
0 0.351744 0.760467 0.0142676 0.0484618 0.0763351
0 0.535772 0.759987 0.0150053 0.0342598 0.0725566
0 0.37021 0.750677 0.0158669 0.0406237 0.0636387
0 0.477575 0.756691 0.0111506 0.0307164 0.063462
0 0.538005 0.758997 0.0120227 0.0375055 0.0628992
2 0.937153 0.769553 0.0318893 0.0148652 0.0619264
0 0.921185 0.765789 0.00865669 0.0188362 0.0591349
0 0.418033 0.772017 0.0128689 0.0300351 0.0563627
33 0.469032 0.495262 0.0335972 0.0203719 0.0491329
0 0.41365 0.7725 0.0106998 0.0323379 0.0487946
0 0.212044 0.767079 0.0128911 0.0349499 0.0468166
0 0.374357 0.767109 0.0175811 0.0490614 0.0459398
0 0.305782 0.769689 0.0108064 0.0190889 0.044645
0 0.868231 0.781556 0.0183792 0.0460505 0.0410464
0 0.466785 0.772778 0.0139889 0.0287139 0.040046
0 0.600013 0.766535 0.0409847 0.0320574 0.0395444
0 0.461982 0.773884 0.0137736 0.0253088 0.0394048
0 0.435021 0.774129 0.0118565 0.0263616 0.0391631
0 0.441538 0.775425 0.0137921 0.0219179 0.0388762
33 0.612319 0.656734 0.0253035 0.0359426 0.0386126
0 0.869208 0.777957 0.0135702 0.0506375 0.0377955
2 0.456578 0.775315 0.0148722 0.02096 0.0372967
0 0.226317 0.76665 0.0145303 0.0242361 0.0372271
0 0.377297 0.769324 0.0122978 0.0451127 0.0363011
0 0.225297 0.763061 0.0174533 0.031635 0.0362908
0 0.577158 0.76865 0.0202986 0.0378986 0.0352985
0 0.194331 0.768517 0.013451 0.0424137 0.0345706
0 0.47714 0.76509 0.0118746 0.0429409 0.0341364
0 0.619591 0.778165 0.00947342 0.0275806 0.0337826
0 0.353579 0.765426 0.0143067 0.0567747 0.0329219
2 0.933817 0.766718 0.0361324 0.0186003 0.0299144
0 0.356765 0.744562 0.0134721 0.0301253 0.0297976
0 0.171725 0.766998 0.0188128 0.0387277 0.0292369
0 0.353441 0.761953 0.0324507 0.0388717 0.0289137
2 0.732055 0.772841 0.0128447 0.016407 0.0282401
0 0.16317 0.772976 0.00799038 0.0296234 0.0263145
0 0.327602 0.757593 0.0117128 0.0321578 0.0261933
33 0.448722 0.596008 0.0235807 0.0283557 0.0260764
0 0.522694 0.76968 0.0134408 0.0172359 0.025714
0 0.854518 0.771251 0.0365273 0.057332 0.0239403
33 0.703918 0.470089 0.0342983 0.036534 0.0234946
2 0.122423 0.768913 0.0286756 0.0194679 0.0234674
2 0.441538 0.775425 0.0137921 0.0219179 0.023398
0 0.53807 0.763917 0.013895 0.0252737 0.02291
0 0.433767 0.780548 0.0103319 0.0233169 0.0228395
2 0.131868 0.76802 0.0144426 0.0189788 0.0220149
33 0.617031 0.661041 0.0349764 0.0289886 0.0210992
0 0.887591 0.785392 0.0146614 0.0397136 0.0206848
0 0.0811793 0.728151 0.0149932 0.0282248 0.0204785
0 0.419228 0.775542 0.0147841 0.0391532 0.0197949
14 0.687854 0.208165 0.0200567 0.0332317 0.0197508
0 0.456578 0.775315 0.0148722 0.02096 0.0195869
0 0.853502 0.775146 0.0258549 0.0650023 0.0194608
0 0.182316 0.769311 0.0116586 0.0431792 0.0181105
2 0.0867527 0.780498 0.0192474 0.03781 0.0177119
0 0.20232 0.779217 0.0134282 0.0236075 0.0176054
33 0.692424 0.468962 0.0316973 0.037486 0.0174952
0 0.52471 0.758794 0.0167185 0.0353488 0.0172654
0 0.732055 0.772841 0.0128447 0.016407 0.0169273
2 0.0186726 0.770142 0.0342932 0.0169843 0.01585
0 0.348438 0.767047 0.0228159 0.0566252 0.0158055
2 0.305782 0.769689 0.0108064 0.0190889 0.0156169
25 0.130633 0.812211 0.0669392 0.0373246 0.0153268
0 0.450889 0.765463 0.0330538 0.0324892 0.0146592
33 0.706264 0.449859 0.0409662 0.0709032 0.0144085
2 0.226317 0.76665 0.0145303 0.0242361 0.014227
0 0.348188 0.759236 0.0154506 0.0548284 0.0133633
2 0.0239512 0.768472 0.0385006 0.015442 0.0132281
2 0.946504 0.770805 0.0451595 0.0159815 0.0131849
0 0.130851 0.811034 0.0671823 0.0372811 0.012941
0 0.870988 0.774588 0.0195816 0.0559102 0.012639
0 0.580288 0.779718 0.0200204 0.0241631 0.0119911
2 0.418033 0.772017 0.0128689 0.0300351 0.0119315
33 0.462591 0.492096 0.0175173 0.0246433 0.0108701
0 0.304988 0.762287 0.0121024 0.0287441 0.0106609
2 0.921185 0.765789 0.00865669 0.0188362 0.0104005
0 0.195971 0.780048 0.0107111 0.0218058 0.00986061
4 0.687854 0.208165 0.0200567 0.0332317 0.0096471
0 0.578365 0.774031 0.0224841 0.0376316 0.00907162
33 0.450889 0.765463 0.0330538 0.0324892 0.00860828
0 0.128531 0.765049 0.0246809 0.0285429 0.00859675
33 0.610278 0.70065 0.0220731 0.0150628 0.00857672
0 0.320226 0.765575 0.0171217 0.023547 0.00826004
0 0.706238 0.72152 0.0124886 0.0266381 0.00789493
2 0.49052 0.772799 0.0187195 0.0190935 0.00785688
14 0.461418 0.493647 0.0156559 0.0143927 0.0078043
2 0.580212 0.772856 0.0190319 0.0307671 0.00762662
33 0.449754 0.60806 0.0247478 0.0463528 0.00760451
13 0.933817 0.766718 0.0361324 0.0186003 0.00735953
0 0.122423 0.768913 0.0286756 0.0194679 0.00734228
2 0.461982 0.773884 0.0137736 0.0253088 0.007337
0 0.644345 0.720568 0.0121605 0.0240992 0.00730324
2 0.300467 0.769904 0.0230908 0.0167838 0.00728309
2 0.522694 0.76968 0.0134408 0.0172359 0.00712407
2 0.132811 0.76799 0.0360839 0.020886 0.00693923
0 0.419058 0.769329 0.0159668 0.0372113 0.00692111
2 0.456648 0.76256 0.0540819 0.0371228 0.00668666
0 0.330449 0.761268 0.0128045 0.0345664 0.00663075
0 0.322433 0.760642 0.0163725 0.0300778 0.00662717
33 0.200083 0.766199 0.0328582 0.037068 0.00660658
0 0.300467 0.769904 0.0230908 0.0167838 0.00590348
0 0.40863 0.775596 0.0139699 0.0346333 0.00587869
33 0.0857381 0.779512 0.0187585 0.0400048 0.00585905
2 0.28384 0.766615 0.017655 0.0178123 0.00582537
8 0.130633 0.812211 0.0669392 0.0373246 0.00582215
0 0.29422 0.758597 0.00920987 0.0245567 0.00579554
0 0.607755 0.777535 0.0123129 0.0259951 0.00573787
2 0.766071 0.773199 0.0321466 0.013337 0.00539944
33 0.613858 0.700278 0.0280095 0.0218881 0.0053747
2 0.322433 0.760642 0.0163725 0.0300778 0.00522465
13 0.49052 0.772799 0.0187195 0.0190935 0.00510278
33 0.464779 0.498364 0.023805 0.0256674 0.00506005
0 0.469056 0.762814 0.0254019 0.0406597 0.00481108
2 0.130851 0.811034 0.0671823 0.0372811 0.00479624
2 0.320226 0.765575 0.0171217 0.023547 0.00475159
2 0.722773 0.773429 0.0345768 0.0169683 0.00458711
33 0.625115 0.65999 0.052149 0.0303524 0.00457907
56 0.456578 0.775315 0.0148722 0.02096 0.0044888
2 0.52471 0.758794 0.0167185 0.0353488 0.00438654
7 0.456648 0.76256 0.0540819 0.0371228 0.00432366
2 0.707136 0.773973 0.0189724 0.0140187 0.00414914
13 0.267291 0.767431 0.0323306 0.0193924 0.00408089
2 0.491506 0.756904 0.0188898 0.0224435 0.00390175
0 0.0855902 0.761469 0.0189797 0.0597648 0.00388962
33 0.668478 0.465766 0.0819382 0.0462711 0.00388634
2 0.964376 0.768986 0.0284302 0.0138162 0.00386688
9 0.706238 0.72152 0.0124886 0.0266381 0.00384191
33 0.454456 0.599484 0.034199 0.0288847 0.00382197
33 0.353441 0.761953 0.0324507 0.0388717 0.00359684
13 0.456578 0.775315 0.0148722 0.02096 0.00354162
56 0.461982 0.773884 0.0137736 0.0253088 0.00351319
0 0.200083 0.766199 0.0328582 0.037068 0.0035021
33 0.854518 0.771251 0.0365273 0.057332 0.00346485
2 0.101038 0.774909 0.0301691 0.0266742 0.0033488
56 0.43619 0.776366 0.0116451 0.022528 0.00333768
13 0.28384 0.766615 0.017655 0.0178123 0.00330061
13 0.937153 0.769553 0.0318893 0.0148652 0.0032692
33 0.4546 0.670922 0.0404148 0.175506 0.0032458
0 0.628752 0.767435 0.0587254 0.0349291 0.00319603
2 0.53807 0.763917 0.013895 0.0252737 0.00318506
13 0.300467 0.769904 0.0230908 0.0167838 0.00317663
0 0.440653 0.778001 0.0217487 0.02559 0.00317499
2 0.553258 0.772021 0.027869 0.0185853 0.00316224
2 0.43619 0.776366 0.0116451 0.022528 0.00312769
2 0.505711 0.770076 0.0476002 0.0179965 0.00309038
2 0.167304 0.77239 0.0139029 0.0287233 0.00302809
25 0.612266 0.661731 0.0238129 0.026491 0.00302806
2 0.469056 0.762814 0.0254019 0.0406597 0.00299901
2 0.775672 0.772763 0.0518108 0.0138573 0.00294998
2 0.164173 0.770667 0.0195305 0.0258621 0.00293377
56 0.441538 0.775425 0.0137921 0.0219179 0.00288597
7 0.456578 0.775315 0.0148722 0.02096 0.00286028
56 0.344358 0.768409 0.0174534 0.0585997 0.00285313
0 0.398357 0.76491 0.0260437 0.0379311 0.00284091
0 0.921733 0.762259 0.015686 0.0272836 0.00281903
33 0.450024 0.642031 0.0235821 0.119482 0.00280949
33 0.468247 0.498782 0.0319054 0.0285433 0.00271493
33 0.685316 0.468397 0.0455521 0.0379038 0.00270936
2 0.267291 0.767431 0.0323306 0.0193924 0.00266138
56 0.418033 0.772017 0.0128689 0.0300351 0.0026516
0 0.818498 0.769465 0.0119417 0.0253195 0.00263447
33 0.721989 0.449253 0.0734211 0.0729681 0.00262085
2 0.74153 0.772407 0.0316728 0.0169775 0.00258341
33 0.695739 0.461138 0.024585 0.0528555 0.00255272
33 0.606579 0.718476 0.0171438 0.028656 0.00254875
13 0.946504 0.770805 0.0451595 0.0159815 0.00254336
24 0.131849 0.809477 0.0699514 0.0337567 0.00251013
2 0.932367 0.761623 0.0577211 0.028146 0.00248456
56 0.226317 0.76665 0.0145303 0.0242361 0.00248107
2 0.507252 0.755189 0.0574213 0.0296825 0.00244758
56 0.393189 0.770272 0.0142 0.0470632 0.00236499
37 0.130477 0.812507 0.0669142 0.0373725 0.0023396
2 0.921733 0.762259 0.015686 0.0272836 0.00230712
0 0.594324 0.775058 0.0266502 0.02362 0.00230598
13 0.936848 0.762011 0.0492647 0.0295345 0.00228393
0 0.440813 0.767465 0.0276481 0.0383142 0.00224236
56 0.580212 0.772856 0.0190319 0.0307671 0.00224021
13 0.320226 0.765575 0.0171217 0.023547 0.00223729
29 0.130477 0.812507 0.0669142 0.0373725 0.00222409
5 0.456648 0.76256 0.0540819 0.0371228 0.00222296
0 0.815381 0.776602 0.0122349 0.0207445 0.00218892
14 0.463036 0.493994 0.0198297 0.016263 0.00218412
13 0.258682 0.76735 0.0387588 0.0183365 0.00217324
0 0.285255 0.760267 0.0160818 0.0229518 0.00217274
2 0.466785 0.772778 0.0139889 0.0287139 0.00216019
13 0.226317 0.76665 0.0145303 0.0242361 0.00215483
56 0.371107 0.764842 0.0197994 0.0551033 0.00215325
8 0.937153 0.769553 0.0318893 0.0148652 0.00213417
2 0.0350403 0.768162 0.0567181 0.0135914 0.00212711
0 0.321543 0.761124 0.0706293 0.0373954 0.00212494
0 0.164173 0.770667 0.0195305 0.0258621 0.00210926
33 0.599715 0.716906 0.025548 0.0297769 0.00206837
0 0.40855 0.775734 0.019117 0.0384031 0.0020555
7 0.441538 0.775425 0.0137921 0.0219179 0.0020355
56 0.466785 0.772778 0.0139889 0.0287139 0.00202593
0 0.667229 0.829842 0.0137967 0.0126397 0.00202286
2 0.225297 0.763061 0.0174533 0.031635 0.00200954
5 0.0606256 0.728433 0.0495167 0.0271753 0.00199571
2 0.391174 0.770639 0.0135787 0.043335 0.00193614
56 0.522694 0.76968 0.0134408 0.0172359 0.0019089
2 0.241186 0.767244 0.0342681 0.0189451 0.00190461
2 0.353441 0.761953 0.0324507 0.0388717 0.00190431
13 0.770975 0.773168 0.0401907 0.0137319 0.00187686
3 0.0863521 0.78088 0.0186248 0.0348425 0.00185609
33 0.16317 0.772976 0.00799038 0.0296234 0.00183883
2 0.786422 0.772468 0.031211 0.0134324 0.00181857
13 0.305782 0.769689 0.0108064 0.0190889 0.00181735
33 0.884412 0.782614 0.0145821 0.0486111 0.00181618
33 0.692944 0.208462 0.0310457 0.0352682 0.00179231
33 0.344358 0.768409 0.0174534 0.0585997 0.00178233
33 0.701639 0.208585 0.0471787 0.0390315 0.00177354
2 0.577158 0.76865 0.0202986 0.0378986 0.00177225
0 0.132811 0.76799 0.0360839 0.020886 0.00176871
56 0.305782 0.769689 0.0108064 0.0190889 0.00176039
56 0.130851 0.811034 0.0671823 0.0372811 0.00176027
13 0.456648 0.76256 0.0540819 0.0371228 0.00175104
2 0.580288 0.779718 0.0200204 0.0241631 0.00172701
2 0.258682 0.76735 0.0387588 0.0183365 0.00169089
2 0.452997 0.778038 0.0288136 0.024754 0.0016855
0 0.309884 0.770187 0.0141606 0.028756 0.00168151
2 0.975584 0.76855 0.0281021 0.0124332 0.0016785
56 0.377607 0.769356 0.0138369 0.0466985 0.00167838
33 0.226317 0.76665 0.0145303 0.0242361 0.00167003
33 0.847709 0.773001 0.0195076 0.0673885 0.00166988
2 0.533745 0.758353 0.0141932 0.0343659 0.00166446
13 0.505711 0.770076 0.0476002 0.0179965 0.00166139
2 0.538016 0.759248 0.0133896 0.0306402 0.00165787
2 0.450889 0.765463 0.0330538 0.0324892 0.00165042
13 0.441538 0.775425 0.0137921 0.0219179 0.00164247
0 0.558979 0.765976 0.0476782 0.0324194 0.00160688
0 0.172431 0.763256 0.0269514 0.0493593 0.00159279
56 0.320226 0.765575 0.0171217 0.023547 0.00158638
56 0.53807 0.763917 0.013895 0.0252737 0.00158238
0 0.192056 0.754191 0.0090416 0.0441748 0.00156304
56 0.469056 0.762814 0.0254019 0.0406597 0.00156227
33 0.131868 0.76802 0.0144426 0.0189788 0.0015544
33 0.644345 0.720568 0.0121605 0.0240992 0.00154203
13 0.461982 0.773884 0.0137736 0.0253088 0.00153357
33 0.851955 0.7708 0.0195705 0.0636503 0.00152746
33 0.418033 0.772017 0.0128689 0.0300351 0.00152478
0 0.819145 0.759857 0.0127541 0.0326977 0.0015173
33 0.398357 0.76491 0.0260437 0.0379311 0.00151718
2 0.133032 0.76455 0.0861972 0.0314679 0.00151557
33 0.105761 0.767514 0.119141 0.0558604 0.00150824
2 0.435021 0.774129 0.0118565 0.0263616 0.00149438
0 0.106698 0.795178 0.0306555 0.025087 0.00149426
2 0.265038 0.760635 0.0384409 0.0224324 0.00147229
10 0.0863521 0.78088 0.0186248 0.0348425 0.00146571
9 0.0866424 0.780243 0.0184363 0.0367848 0.00144657
8 0.732055 0.772841 0.0128447 0.016407 0.00144067
13 0.452997 0.778038 0.0288136 0.024754 0.00142488
33 0.136214 0.768164 0.0737305 0.0444963 0.00142175
0 0.310626 0.757425 0.0137693 0.0410162 0.00142169
33 0.106698 0.795178 0.0306555 0.025087 0.00141943
2 0.594324 0.775058 0.0266502 0.02362 0.00141829
56 0.0867527 0.780498 0.0192474 0.03781 0.00141695
2 0.440653 0.778001 0.0217487 0.02559 0.00141528
13 0.491506 0.756904 0.0188898 0.0224435 0.00141305
2 0.0208772 0.678866 0.0374667 0.0179284 0.00141197
33 0.598508 0.708041 0.0297031 0.029211 0.00140649
7 0.0866231 0.780307 0.0188145 0.0373167 0.00135854
56 0.40863 0.775596 0.0139699 0.0346333 0.00134748
33 0.713129 0.468937 0.0541235 0.0438868 0.00134486
3 0.167304 0.77239 0.0139029 0.0287233 0.00134102
