69 0.625149 0.606036 0.391219 0.370059 0.455305
59 0.470983 0.490161 0.894443 0.920095 0.353845
56 0.159607 0.955676 0.31612 0.0783007 0.249821
60 0.217406 0.699159 0.367676 0.564231 0.202374
56 0.150338 0.830421 0.130547 0.270525 0.146907
15 0.132073 0.485466 0.102918 0.166517 0.104048
59 0.155358 0.958995 0.308924 0.0779046 0.0822478
59 0.509221 0.264085 0.961738 0.331311 0.063804
37 0.839504 0.507099 0.103768 0.741448 0.0383088
16 0.132073 0.485466 0.102918 0.166517 0.0346359
24 0.124407 0.101324 0.074996 0.0778515 0.0345235
59 0.502238 0.314052 0.959407 0.568761 0.033351
56 0.182718 0.842087 0.203861 0.277385 0.0320936
60 0.494166 0.532779 0.950807 0.910796 0.028305
59 0.489605 0.143451 0.869525 0.218063 0.0274814
60 0.171317 0.959794 0.340092 0.0760409 0.0273126
61 0.975286 0.764274 0.0494272 0.193182 0.0265428
72 0.839504 0.507099 0.103768 0.741448 0.0252811
61 0.975012 0.803682 0.0499759 0.113231 0.0234855
57 0.155358 0.958995 0.308924 0.0779046 0.0212751
56 0.217406 0.699159 0.367676 0.564231 0.0206907
26 0.124407 0.101324 0.074996 0.0778515 0.0194386
26 0.132047 0.485326 0.102601 0.166435 0.018298
56 0.16502 0.886005 0.321385 0.214082 0.0142539
71 0.975012 0.803682 0.0499759 0.113231 0.0137706
14 0.510009 0.14718 0.018708 0.0332286 0.0134691
14 0.511597 0.157649 0.0217334 0.0533649 0.0127054
56 0.97534 0.742125 0.0493196 0.235451 0.0122605
75 0.132442 0.485425 0.102972 0.165925 0.0107425
59 0.893157 0.492812 0.211499 0.744397 0.0092997
56 0.23261 0.798864 0.324636 0.380445 0.00914374
60 0.841411 0.958745 0.315588 0.0751616 0.00876597
69 0.658825 0.50095 0.45902 0.727247 0.00871143
71 0.975286 0.764274 0.0494272 0.193182 0.00859469
56 0.21685 0.828968 0.265341 0.301779 0.0076493
75 0.115805 0.486288 0.0664151 0.165558 0.00656724
56 0.148684 0.780151 0.123479 0.1568 0.00645381
15 0.133186 0.452269 0.102052 0.0785678 0.00623733
15 0.12518 0.100662 0.0761783 0.0770524 0.00605085
72 0.0408609 0.576757 0.0764642 0.716255 0.005712
32 0.727859 0.470838 0.019636 0.0273854 0.00570792
71 0.168064 0.960127 0.332624 0.0735719 0.00559479
59 0.691398 0.474193 0.61699 0.921762 0.00558195
69 0.529484 0.520217 0.198228 0.190281 0.00556546
60 0.218398 0.543818 0.364878 0.236769 0.00534827
56 0.841701 0.957876 0.315001 0.0741099 0.00521523
24 0.131764 0.485114 0.103247 0.166393 0.00516567
60 0.895849 0.493806 0.20671 0.749519 0.00502121
14 0.959647 0.212684 0.080582 0.0583688 0.00485489
75 0.124941 0.498194 0.0561455 0.139306 0.00476423
59 0.487044 0.105034 0.892515 0.184186 0.00475991
60 0.212228 0.57763 0.362741 0.171828 0.00464207
49 0.531447 0.574533 0.0204082 0.0281176 0.00461611
59 0.940401 0.254613 0.119038 0.157302 0.00458854
74 0.290767 0.110122 0.0764019 0.0408112 0.00447041
59 0.662463 0.156916 0.466365 0.112684 0.00439903
14 0.131764 0.485114 0.103247 0.166393 0.00420943
59 0.377182 0.275762 0.71243 0.534948 0.00418845
28 0.124716 0.101498 0.0750862 0.0766158 0.00417024
59 0.645064 0.208345 0.489549 0.0552286 0.00415915
56 0.975022 0.804495 0.0499568 0.11477 0.00402269
72 0.658825 0.50095 0.45902 0.727247 0.00398505
69 0.660505 0.606841 0.462767 0.50592 0.00398362
15 0.115805 0.486288 0.0664151 0.165558 0.00395498
74 0.309852 0.110613 0.117232 0.0426998 0.00394443
26 0.12425 0.491296 0.0575088 0.153149 0.00390789
61 0.985628 0.675247 0.0287365 0.104954 0.00384772
30 0.839061 0.501876 0.10856 0.748305 0.00366333
58 0.41535 0.538671 0.031718 0.146456 0.00366205
14 0.127682 0.176909 0.0554779 0.0529163 0.00357372
59 0.660144 0.18713 0.461075 0.0989345 0.00351226
60 0.23261 0.798864 0.324636 0.380445 0.00334042
74 0.817663 0.20694 0.0986217 0.047106 0.00312611
77 0.132073 0.485466 0.102918 0.166517 0.00311911
69 0.412747 0.635117 0.0488287 0.409172 0.0030483
68 0.532821 0.474557 0.192132 0.099868 0.00303909
13 0.21792 0.702666 0.371179 0.560827 0.00300005
56 0.129212 0.629042 0.190702 0.667561 0.00291049
74 0.124941 0.498194 0.0561455 0.139306 0.00284061
73 0.837771 0.958444 0.324365 0.0825864 0.00280821
61 0.148684 0.780151 0.123479 0.1568 0.00275645
59 0.741854 0.496741 0.50462 0.773469 0.00272498
69 0.317806 0.725558 0.153808 0.273488 0.0026685
60 0.196229 0.597722 0.340011 0.733506 0.00262985
32 0.531447 0.574533 0.0204082 0.0281176 0.00259852
0 0.0419917 0.556936 0.0839833 0.773388 0.00258023
58 0.416881 0.579643 0.0269162 0.0597713 0.00255877
71 0.985566 0.676619 0.0288688 0.106298 0.00254038
73 0.809613 0.9642 0.250549 0.067978 0.0025025
41 0.975255 0.803363 0.0494896 0.111209 0.00247338
59 0.624047 0.182646 0.750941 0.32428 0.00243607
59 0.354876 0.168078 0.477081 0.0851517 0.00243604
74 0.127543 0.175242 0.0559559 0.0500909 0.00239223
47 0.531447 0.574533 0.0204082 0.0281176 0.00238216
64 0.124701 0.101307 0.0751477 0.0784822 0.00235942
14 0.312477 0.110204 0.109943 0.0414893 0.00229383
56 0.199551 0.909028 0.22931 0.155509 0.0022887
14 0.339263 0.117161 0.0532851 0.0270745 0.00222972
58 0.412747 0.635117 0.0488287 0.409172 0.00220424
61 0.149619 0.82978 0.127811 0.263858 0.00218543
56 0.160735 0.97034 0.321471 0.052847 0.00217053
59 0.402798 0.290049 0.761404 0.351312 0.00213447
72 0.660505 0.606841 0.462767 0.50592 0.00211692
60 0.182718 0.842087 0.203861 0.277385 0.00211573
59 0.411809 0.0780315 0.688939 0.14143 0.00207752
59 0.160735 0.97034 0.321471 0.052847 0.00206524
69 0.317798 0.770054 0.150575 0.17673 0.00205827
53 0.623248 0.601704 0.387787 0.376221 0.0020186
76 0.203041 0.0638074 0.0331271 0.03949 0.00201792
63 0.841701 0.957876 0.315001 0.0741099 0.00196031
60 0.160735 0.97034 0.321471 0.052847 0.00195715
76 0.202782 0.0725863 0.0334502 0.0596498 0.00193778
34 0.839269 0.501317 0.106826 0.750158 0.00193602
72 0.624155 0.602634 0.390167 0.377826 0.00190523
59 0.837683 0.498011 0.112959 0.75717 0.00189388
75 0.126209 0.517152 0.0538372 0.0997554 0.00189087
14 0.228943 0.0680531 0.0708077 0.0445022 0.00186858
69 0.532821 0.474557 0.192132 0.099868 0.00186005
14 0.203041 0.0638074 0.0331271 0.03949 0.00184432
15 0.817515 0.206821 0.101496 0.0467844 0.00181285
14 0.224779 0.0707609 0.0764005 0.0583253 0.0018101
69 0.839504 0.507099 0.103768 0.741448 0.00180167
14 0.351944 0.118026 0.0270257 0.0237613 0.00178459
56 0.083006 0.95857 0.164732 0.0799604 0.00178194
72 0.894063 0.509438 0.211874 0.737343 0.00177458
14 0.346098 0.116126 0.0387382 0.0265336 0.00176603
56 0.118707 0.679807 0.169582 0.502616 0.00174585
45 0.97512 0.80367 0.0497606 0.114197 0.00174493
49 0.53249 0.479123 0.0217106 0.0289102 0.00173852
56 0.152057 0.725327 0.301393 0.531328 0.00171459
61 0.974009 0.734821 0.0519827 0.252593 0.00171164
59 0.636873 0.237715 0.47544 0.119682 0.00169542
56 0.157445 0.886619 0.134414 0.183733 0.00167266
49 0.53151 0.666053 0.0202106 0.0257109 0.00166658
25 0.940401 0.254613 0.119038 0.157302 0.00162923
74 0.720083 0.564925 0.0220715 0.0266905 0.00160462
69 0.23076 0.740792 0.343943 0.487164 0.00159588
56 0.973927 0.698062 0.0521454 0.331962 0.00157654
72 0.529588 0.519985 0.197783 0.187936 0.00157496
56 0.894891 0.501957 0.209264 0.730666 0.00156379
56 0.942836 0.513976 0.114185 0.712375 0.0015443
61 0.171317 0.959794 0.340092 0.0760409 0.00154173
59 0.935444 0.175906 0.128505 0.337365 0.00148049
14 0.115805 0.486288 0.0664151 0.165558 0.00147986
56 0.0394107 0.571856 0.0788213 0.734799 0.00147867
39 0.122572 0.494493 0.0604584 0.155687 0.00146896
6 0.463032 0.492054 0.884134 0.966726 0.00145531
60 0.209465 0.609538 0.362654 0.108844 0.00145477
68 0.316804 0.771644 0.145568 0.170545 0.00144002
69 0.620878 0.694218 0.369124 0.181036 0.0014331
56 0.147759 0.746528 0.124441 0.233788 0.00142792
73 0.0934155 0.229024 0.0598739 0.0454274 0.00141984
26 0.125579 0.515945 0.0550667 0.10228 0.00140324
65 0.816814 0.20673 0.0898468 0.0475337 0.00140193
59 0.619369 0.265568 0.532219 0.140965 0.00139627
58 0.131674 0.485326 0.102485 0.16612 0.00137645
14 0.148264 0.211964 0.0202012 0.0173283 0.00137401
14 0.335444 0.0465628 0.0189948 0.0166706 0.0013527
15 0.31087 0.111733 0.114184 0.0438614 0.00134599
71 0.316804 0.771644 0.145568 0.170545 0.00134203
59 0.640951 0.142551 0.563028 0.106951 0.00133935
37 0.830648 0.591835 0.0904625 0.575171 0.00133413
61 0.317141 0.773182 0.150589 0.170563 0.00132975
15 0.15358 0.456008 0.0597686 0.0670409 0.00132549
49 0.727859 0.470838 0.019636 0.0273854 0.00130415
14 0.922753 0.25729 0.0110378 0.0148069 0.00128135
69 0.622447 0.652251 0.374946 0.239274 0.00127947
14 0.955089 0.210385 0.0668205 0.0423663 0.00127786
1 0.309526 0.111503 0.113162 0.0443661 0.00126952
0 0.132001 0.485423 0.102601 0.167264 0.00126648
59 0.16502 0.886005 0.321385 0.214082 0.00126612
14 0.202677 0.0718096 0.0337787 0.0574423 0.00125214
59 0.664417 0.126697 0.478558 0.146336 0.0012427
63 0.168064 0.960127 0.332624 0.0735719 0.00120482
24 0.12425 0.491296 0.0575088 0.153149 0.00120437
59 0.364305 0.131053 0.714874 0.255163 0.00119945
13 0.158699 0.954569 0.314872 0.0774305 0.00119337
74 0.5316 0.666343 0.0208355 0.0255834 0.0011906
32 0.335444 0.0465628 0.0189948 0.0166706 0.00118697
73 0.0819609 0.229339 0.0364153 0.0449735 0.00117093
16 0.115805 0.486288 0.0664151 0.165558 0.00116917
56 0.237852 0.738862 0.297985 0.378897 0.00116262
56 0.316804 0.726728 0.153462 0.269496 0.00115949
21 0.132073 0.485466 0.102918 0.166517 0.0011594
0 0.160288 0.958118 0.316923 0.0718722 0.00114694
14 0.802009 0.206028 0.0827105 0.0437265 0.00114679
57 0.16502 0.886005 0.321385 0.214082 0.00114518
73 0.951046 0.960641 0.0972546 0.0779877 0.00113583
14 0.12297 0.103 0.0770154 0.0748345 0.00113258
32 0.53249 0.479123 0.0217106 0.0289102 0.00112963
59 0.928647 0.315525 0.142706 0.332506 0.00110233
60 0.083006 0.95857 0.164732 0.0799604 0.00110054
0 0.00629105 0.311211 0.0104866 0.136847 0.00107747
14 0.76678 0.199193 0.0336765 0.0278961 0.00107318
74 0.124716 0.101498 0.0750862 0.0766158 0.00107044
47 0.53249 0.479123 0.0217106 0.0289102 0.00106281
76 0.105546 0.445042 0.0471598 0.0880067 0.00106001
1 0.13219 0.485192 0.103597 0.166924 0.00105828
2 0.8177 0.20701 0.102539 0.0479301 0.00104597
14 0.250232 0.0890759 0.124497 0.0891422 0.00103658
14 0.133113 0.452929 0.102958 0.0781497 0.00102648
74 0.531447 0.574533 0.0204082 0.0281176 0.00102615
69 0.46688 0.489697 0.890361 0.95798 0.00102615
68 0.627109 0.608233 0.393641 0.369558 0.00102454
16 0.309526 0.111503 0.113162 0.0443661 0.00102448
37 0.89101 0.501024 0.207227 0.743335 0.00100949
56 0.128487 0.803976 0.252498 0.369949 0.00100654
26 0.139707 0.454901 0.0880666 0.071064 0.00100008
