75 0.503116 0.594409 0.26445 0.450494 0.910258
58 0.517517 0.44655 0.399336 0.742752 0.555928
60 0.497267 0.862807 0.986408 0.244213 0.10815
58 0.910822 0.531073 0.177345 0.407706 0.0113793
75 0.519627 0.448594 0.402456 0.746461 0.00921449
58 0.934886 0.54254 0.127631 0.375947 0.00694957
13 0.511924 0.855742 0.976153 0.264314 0.00494453
58 0.935622 0.604078 0.126528 0.257634 0.00467831
58 0.899606 0.607369 0.199904 0.25509 0.00374085
58 0.954815 0.529396 0.0876541 0.405671 0.00255203
41 0.501733 0.59484 0.271309 0.451924 0.00195077
58 0.568397 0.405266 0.857981 0.734559 0.00163963
58 0.501733 0.59484 0.271309 0.451924 0.00159308
60 0.517328 0.642155 0.965343 0.699606 0.00154278
74 0.501733 0.59484 0.271309 0.451924 0.00153208
58 0.8708 0.621594 0.136272 0.228153 0.00122032
56 0.501733 0.59484 0.271309 0.451924 0.0011076
56 0.698643 0.604656 0.320406 0.305882 0.00109944
