51 0.629006 0.839737 0.138255 0.201998 0.847941
51 0.788041 0.535554 0.117246 0.171117 0.621775
44 0.24277 0.0884774 0.478711 0.164843 0.532895
45 0.496523 0.511702 0.977513 0.963674 0.431679
51 0.84721 0.667214 0.10264 0.172822 0.294953
51 0.760201 0.692816 0.123943 0.172255 0.261415
51 0.260606 0.532973 0.103882 0.170354 0.255205
44 0.885339 0.0804052 0.229322 0.154536 0.239347
60 0.495727 0.504683 0.991454 0.983981 0.218672
44 0.177205 0.0909334 0.346341 0.149856 0.201351
51 0.669601 0.569528 0.096159 0.141372 0.185646
44 0.0780061 0.303808 0.151959 0.296904 0.171967
50 0.510917 0.300378 0.165959 0.202452 0.156308
51 0.370354 0.498589 0.130095 0.17666 0.144605
50 0.551249 0.304804 0.245638 0.21174 0.114527
51 0.827827 0.435798 0.112274 0.059787 0.103401
50 0.666319 0.478153 0.0504635 0.0549888 0.0965912
50 0.485338 0.241682 0.0588593 0.0885586 0.0910559
44 0.174322 0.0649568 0.342566 0.122519 0.0795383
50 0.532322 0.31267 0.179312 0.185345 0.0713133
44 0.142776 0.0386557 0.274958 0.0680781 0.0661775
51 0.42386 0.193663 0.114514 0.142738 0.0592517
44 0.158573 0.0490546 0.301304 0.0916729 0.059023
50 0.525752 0.332768 0.0977114 0.14059 0.0549345
50 0.554431 0.320607 0.109994 0.166408 0.0512668
50 0.490248 0.263784 0.103519 0.137307 0.0509985
43 0.25404 0.0924188 0.506348 0.175634 0.0508927
50 0.645372 0.377073 0.0736156 0.0606833 0.0489007
50 0.495077 0.249225 0.0841001 0.100972 0.0477865
51 0.898313 0.440541 0.0340149 0.078707 0.0473506
50 0.690238 0.488573 0.102836 0.094906 0.0468293
44 0.861858 0.103744 0.275984 0.202111 0.0422215
50 0.530093 0.517046 0.0799026 0.107182 0.0406665
42 0.233922 0.0896867 0.458522 0.155325 0.0386014
50 0.575727 0.328502 0.206758 0.17679 0.0383574
51 0.371892 0.460475 0.133972 0.248443 0.038331
50 0.70835 0.374983 0.0562977 0.0843694 0.0368158
43 0.861858 0.103744 0.275984 0.202111 0.0361239
50 0.656 0.376204 0.0538607 0.0574354 0.035927
43 0.88307 0.0812954 0.233268 0.153959 0.0357336
50 0.590914 0.33826 0.0582523 0.122337 0.0341879
51 0.390654 0.371913 0.0605538 0.091969 0.0340047
50 0.708659 0.358828 0.0525764 0.0528636 0.0331789
44 0.215174 0.107841 0.430348 0.210945 0.0325796
50 0.614479 0.366008 0.10756 0.0783715 0.0298858
50 0.595476 0.30565 0.0457928 0.059375 0.0290651
44 0.82497 0.0880227 0.350061 0.16638 0.0288107
50 0.6319 0.372448 0.0983231 0.0695559 0.0286287
50 0.715348 0.488187 0.0516868 0.089895 0.0285755
50 0.527197 0.290999 0.093083 0.124246 0.0280369
50 0.587452 0.365288 0.0508886 0.0738778 0.0263889
44 0.228631 0.216823 0.454598 0.409255 0.0259597
51 0.391057 0.313623 0.0870897 0.0612035 0.0254303
51 0.421797 0.759802 0.0849585 0.124398 0.0247888
42 0.884909 0.077462 0.229054 0.14945 0.0244366
50 0.66343 0.376855 0.0381584 0.0570405 0.0235204
43 0.177205 0.0909334 0.346341 0.149856 0.0233034
69 0.514977 0.495831 0.96509 0.974797 0.0232751
50 0.603152 0.501746 0.0742138 0.112287 0.0232728
44 0.107111 0.285286 0.21355 0.277989 0.0222992
50 0.60021 0.364812 0.0739113 0.0749996 0.0217329
50 0.45246 0.275632 0.0510134 0.0638673 0.0215591
47 0.847719 0.66708 0.100619 0.174561 0.0211763
50 0.506123 0.314086 0.0987564 0.0848683 0.0203465
44 0.850097 0.15197 0.293432 0.29585 0.0201891
50 0.487932 0.29738 0.107773 0.0768176 0.0201126
50 0.602488 0.344442 0.157146 0.177072 0.0195121
51 0.400751 0.367343 0.0853199 0.108104 0.018836
44 0.144495 0.21359 0.288486 0.388578 0.0186063
50 0.594816 0.298091 0.0497906 0.0805993 0.0177146
50 0.519796 0.304512 0.0676611 0.0661896 0.0176951
50 0.536028 0.349421 0.0695944 0.110109 0.0174371
50 0.524883 0.315561 0.0805903 0.0897775 0.0169725
50 0.473954 0.246887 0.0816627 0.10027 0.016271
51 0.342257 0.287399 0.0393528 0.0625372 0.0159869
51 0.29078 0.333447 0.065612 0.0523942 0.0159857
42 0.0801658 0.294486 0.153442 0.288802 0.0157528
50 0.509014 0.302145 0.0627865 0.0594835 0.0156282
50 0.543129 0.310129 0.065884 0.155929 0.015478
44 0.0970698 0.256113 0.187331 0.371574 0.0149392
51 0.384478 0.321918 0.0752113 0.0815436 0.0148304
50 0.606915 0.374193 0.152373 0.115486 0.0147893
51 0.371798 0.420302 0.149344 0.338133 0.0142611
51 0.493809 0.873588 0.110613 0.132132 0.013933
51 0.636153 0.31173 0.054982 0.108961 0.0136979
51 0.400941 0.270045 0.0557939 0.0337957 0.0135505
47 0.788161 0.537471 0.114412 0.173069 0.0133886
43 0.852612 0.158589 0.294418 0.317178 0.0133665
51 0.388913 0.3313 0.0943025 0.151759 0.0129021
51 0.318848 0.366347 0.0606346 0.104636 0.0128277
51 0.301363 0.339755 0.0876503 0.0610426 0.0127998
47 0.260447 0.533401 0.0999923 0.169267 0.0126148
50 0.463631 0.282832 0.0754155 0.0759726 0.0122992
51 0.603674 0.500403 0.0782387 0.117482 0.0120375
44 0.0683788 0.223087 0.134089 0.152851 0.0118278
50 0.878772 0.487327 0.0564587 0.0925116 0.0117998
51 0.626527 0.234097 0.111422 0.0944101 0.0117853
44 0.0963539 0.185007 0.191375 0.146344 0.0116079
44 0.126281 0.0934923 0.248346 0.136655 0.0112999
51 0.643668 0.552338 0.150341 0.176595 0.0112365
51 0.903918 0.457226 0.0409813 0.113237 0.010995
51 0.405264 0.770316 0.0831011 0.103576 0.0107952
50 0.490777 0.231608 0.0715229 0.10232 0.0107039
51 0.39896 0.27639 0.0610843 0.0470201 0.0106023
50 0.551101 0.292319 0.0445166 0.119375 0.0103629
50 0.569268 0.31178 0.0968993 0.168543 0.0103383
51 0.314186 0.392862 0.0760637 0.112091 0.0101099
44 0.0720358 0.196162 0.140478 0.123715 0.0100856
51 0.400195 0.407809 0.0841823 0.171184 0.00999007
51 0.798325 0.675539 0.203801 0.189649 0.00943163
51 0.636705 0.173463 0.0925037 0.0807206 0.00935283
51 0.413992 0.214958 0.0958648 0.0897183 0.00917575
51 0.393509 0.28352 0.0777176 0.0647166 0.00916553
51 0.638264 0.157547 0.0946228 0.111612 0.00898835
42 0.861858 0.103744 0.275984 0.202111 0.00891545
51 0.397934 0.307629 0.0745247 0.0555867 0.0086816
51 0.37907 0.30725 0.1105 0.113372 0.00866717
51 0.349816 0.288725 0.0537385 0.0643539 0.00863767
50 0.536457 0.363764 0.0594017 0.0808855 0.00854045
51 0.627388 0.285071 0.120278 0.159014 0.00849238
51 0.37376 0.320503 0.0559778 0.0737556 0.00824896
47 0.370363 0.498704 0.130651 0.176309 0.00807682
51 0.633008 0.252558 0.12017 0.0861185 0.00796846
50 0.492905 0.18846 0.070286 0.128592 0.00771293
44 0.0185977 0.223876 0.0346398 0.0429321 0.00767553
51 0.595392 0.201779 0.0397059 0.0422008 0.007606
50 0.482816 0.169826 0.0515459 0.088586 0.00757211
51 0.713311 0.857509 0.0749138 0.096988 0.00749287
50 0.615511 0.391924 0.126777 0.096796 0.0074847
51 0.79806 0.604589 0.20514 0.322498 0.00740767
50 0.700268 0.39876 0.0410934 0.100363 0.00736865
45 0.222481 0.0907234 0.438852 0.156293 0.00734618
51 0.346986 0.347042 0.173987 0.191118 0.00732419
51 0.855873 0.682978 0.0865078 0.14273 0.00724924
47 0.371892 0.460475 0.133972 0.248443 0.0071944
51 0.400522 0.439334 0.0874757 0.250688 0.00719309
50 0.848109 0.667693 0.0988747 0.172582 0.00715217
51 0.451091 0.193605 0.0556213 0.107905 0.00710362
42 0.165053 0.0934785 0.325315 0.143559 0.0070937
50 0.511125 0.259939 0.160542 0.298458 0.00707507
43 0.82497 0.0880227 0.350061 0.16638 0.007016
51 0.371107 0.331447 0.132299 0.164763 0.00700814
50 0.491824 0.325572 0.109936 0.11374 0.00686178
51 0.250408 0.720286 0.122687 0.174371 0.00667697
50 0.511888 0.595193 0.0720028 0.0521156 0.00656623
52 0.630259 0.837933 0.139554 0.200829 0.00652415
51 0.616609 0.226601 0.0906603 0.0892982 0.00647774
44 0.0584235 0.314617 0.113671 0.302601 0.00647622
51 0.844534 0.441182 0.122749 0.0756589 0.00646418
50 0.408375 0.87839 0.061623 0.0808051 0.00643194
50 0.622257 0.335289 0.117684 0.148246 0.00637767
50 0.570498 0.404678 0.0882944 0.0665848 0.00635198
50 0.517749 0.602519 0.0539919 0.0321754 0.00635165
50 0.590214 0.385688 0.123657 0.107197 0.00633618
50 0.551537 0.254918 0.0422525 0.0567241 0.00629276
51 0.287684 0.33934 0.0591718 0.0364307 0.00628257
50 0.586801 0.419212 0.11242 0.0576208 0.00618374
51 0.518425 0.800724 0.134484 0.0676831 0.00614387
50 0.851147 0.483541 0.112051 0.0971321 0.00613627
51 0.288406 0.383776 0.0601322 0.0836235 0.00609636
51 0.710801 0.829357 0.0823434 0.142014 0.0059399
50 0.569533 0.414504 0.0891371 0.0485618 0.00591862
51 0.337052 0.347048 0.0832663 0.182367 0.00590271
50 0.557831 0.357062 0.0872112 0.0984016 0.00575551
50 0.678122 0.537492 0.0952696 0.171062 0.00574851
51 0.479 0.711717 0.0399635 0.0739394 0.00564978
69 0.520391 0.160738 0.95585 0.309044 0.00563169
51 0.570262 0.413528 0.0829374 0.0426237 0.00561196
50 0.788041 0.535554 0.117246 0.171117 0.00557441
43 0.0774907 0.307625 0.152834 0.296747 0.00553638
44 0.332364 0.0627286 0.359712 0.123246 0.00549212
44 0.0835659 0.498727 0.160089 0.702629 0.0054532
45 0.2485 0.501296 0.495325 0.985307 0.00530928
50 0.55609 0.23534 0.0554419 0.0675188 0.00530323
50 0.502406 0.580633 0.089673 0.0834886 0.00518072
50 0.550901 0.263948 0.0388065 0.0661936 0.00512901
50 0.642754 0.39948 0.0779156 0.100665 0.00512362
51 0.301722 0.326858 0.0350598 0.0395275 0.00510821
44 0.0186952 0.232919 0.0349855 0.0672836 0.00509211
50 0.840913 0.470541 0.142015 0.137038 0.00506544
50 0.545868 0.517119 0.0506485 0.106086 0.00496104
51 0.756632 0.549744 0.0554678 0.10333 0.00495437
50 0.498105 0.228327 0.128787 0.197007 0.00494528
50 0.447056 0.349916 0.0387821 0.0806042 0.0049136
51 0.318721 0.337106 0.0616059 0.0535291 0.00489828
50 0.639953 0.542453 0.157184 0.203731 0.00486487
51 0.637398 0.28771 0.0878792 0.149919 0.00483873
47 0.759635 0.693397 0.12096 0.172212 0.0048334
52 0.260004 0.534004 0.105706 0.174157 0.00481173
51 0.612007 0.0877021 0.048942 0.0442147 0.00481072
51 0.503437 0.862487 0.134831 0.155877 0.00476372
51 0.199501 0.566762 0.0254525 0.0841632 0.00473797
44 0.238575 0.0386451 0.438672 0.0707478 0.00470692
50 0.422242 0.195686 0.113179 0.140213 0.00469586
51 0.747296 0.586051 0.344472 0.460179 0.00465667
50 0.476436 0.158046 0.0409299 0.0616467 0.00465217
51 0.717577 0.828901 0.0688904 0.102823 0.00464925
50 0.526507 0.539335 0.0884471 0.16736 0.00462142
50 0.777506 0.597722 0.0323519 0.0567126 0.00451997
51 0.334859 0.375117 0.106307 0.144616 0.00448287
44 0.595735 0.0393488 0.27729 0.0742306 0.00448129
50 0.450692 0.375006 0.05333 0.136901 0.00446612
50 0.63583 0.387768 0.220386 0.134212 0.00445986
50 0.670606 0.569651 0.0957504 0.139402 0.00443515
50 0.776442 0.385524 0.0612692 0.0791386 0.00440976
51 0.641647 0.332032 0.0699989 0.146924 0.00439945
76 0.884909 0.077462 0.229054 0.14945 0.00439593
50 0.664339 0.436531 0.165311 0.211348 0.00438461
50 0.638695 0.670141 0.10336 0.107346 0.00436428
51 0.25988 0.499289 0.0911619 0.101878 0.00435156
50 0.509833 0.539111 0.123018 0.15875 0.00434119
42 0.142776 0.0386557 0.274958 0.0680781 0.00428307
51 0.712102 0.815866 0.105597 0.132494 0.0042651
50 0.622665 0.419819 0.0424984 0.0547003 0.00426063
51 0.314386 0.348482 0.112826 0.18534 0.00425571
51 0.744653 0.335409 0.0411686 0.0648762 0.00421974
50 0.62522 0.415743 0.0330195 0.0388893 0.00421083
51 0.614782 0.252945 0.0896963 0.0746372 0.00417915
47 0.423498 0.192791 0.112894 0.144262 0.00413224
51 0.360691 0.307341 0.0460733 0.0846263 0.00413135
44 0.367249 0.0562472 0.303621 0.104086 0.00404176
50 0.527716 0.362078 0.0652334 0.0888668 0.00401929
50 0.638027 0.464502 0.232031 0.240541 0.00392675
42 0.174322 0.0649568 0.342566 0.122519 0.003903
50 0.69884 0.413642 0.0338846 0.0614021 0.00389785
43 0.174322 0.0649568 0.342566 0.122519 0.00389081
42 0.80743 0.0819004 0.382328 0.158102 0.00387946
50 0.501933 0.239113 0.0756189 0.0769792 0.00380868
50 0.646725 0.413203 0.0770687 0.0745991 0.00380868
51 0.391859 0.351836 0.0838789 0.138857 0.0037263
50 0.452344 0.287925 0.0443472 0.0504809 0.00370035
51 0.398371 0.330264 0.070146 0.0664435 0.00368628
50 0.694224 0.389065 0.0825275 0.114281 0.00368512
42 0.850097 0.15197 0.293432 0.29585 0.00368273
51 0.606816 0.203365 0.0641912 0.0453117 0.00365061
51 0.394233 0.27176 0.0764942 0.0432985 0.00363564
51 0.891626 0.440336 0.04867 0.0787934 0.00361565
51 0.758165 0.613093 0.174231 0.333587 0.00361013
50 0.541822 0.250534 0.0560159 0.0609327 0.0035888
51 0.331734 0.317759 0.073765 0.120739 0.00358206
44 0.202832 0.0361682 0.16199 0.0697976 0.00355425
51 0.363027 0.480137 0.111421 0.141544 0.0035173
50 0.554299 0.232604 0.0468279 0.0539894 0.00346559
51 0.19638 0.561754 0.0340598 0.103247 0.00346172
50 0.709653 0.388343 0.0608959 0.111824 0.00344649
51 0.821253 0.430698 0.0917377 0.0388606 0.00343812
44 0.745848 0.0843944 0.505058 0.16073 0.00340745
51 0.206462 0.662574 0.110257 0.0750692 0.00339693
60 0.111253 0.835088 0.217824 0.311345 0.00338277
50 0.595412 0.268364 0.0489738 0.0354739 0.00336349
44 0.361412 0.0458948 0.375449 0.0861215 0.00335813
50 0.604113 0.452533 0.154711 0.217541 0.00333399
51 0.215765 0.58453 0.015417 0.0757437 0.00332534
60 0.562621 0.0878121 0.869166 0.168015 0.0033215
51 0.368378 0.350758 0.0451809 0.0861332 0.00327078
50 0.538341 0.266823 0.0684355 0.0897196 0.00323629
50 0.405359 0.371982 0.0892018 0.114062 0.00323102
50 0.65923 0.461337 0.0659575 0.0803141 0.00318721
50 0.709132 0.413139 0.0852535 0.161961 0.00318059
51 0.728727 0.808722 0.109764 0.133163 0.00317064
44 0.48619 0.0172208 0.0800202 0.0318682 0.00315866
51 0.299757 0.370904 0.085819 0.116012 0.00314784
51 0.865943 0.469257 0.115512 0.135098 0.00312409
44 0.0926883 0.139725 0.182382 0.236006 0.00311622
43 0.901872 0.060303 0.191649 0.118896 0.00310263
51 0.727724 0.68571 0.0592693 0.126459 0.00310066
45 0.0774907 0.307625 0.152834 0.296747 0.0030987
69 0.562621 0.0878121 0.869166 0.168015 0.00305322
51 0.412996 0.143926 0.0503183 0.0439654 0.00301862
51 0.840744 0.470743 0.135434 0.135867 0.00300753
44 0.866825 0.0222853 0.067448 0.0406234 0.00300747
44 0.1291 0.12048 0.256196 0.19315 0.00298655
50 0.839289 0.451495 0.128667 0.0922991 0.00298309
51 0.407188 0.226471 0.0848485 0.108342 0.0029355
50 0.841658 0.522882 0.167817 0.249481 0.00291738
60 0.520391 0.160738 0.95585 0.309044 0.00291461
51 0.455845 0.18603 0.0454619 0.0869001 0.00286469
51 0.717482 0.638294 0.219798 0.298987 0.00285503
51 0.643136 0.74251 0.0415238 0.0513836 0.00280449
50 0.691486 0.44299 0.180811 0.220133 0.00279033
44 0.901872 0.060303 0.191649 0.118896 0.00273225
42 0.0970698 0.256113 0.187331 0.371574 0.00271514
51 0.878742 0.470495 0.0621151 0.118765 0.0026989
50 0.63361 0.30404 0.135263 0.206051 0.00268337
43 0.143923 0.038945 0.271475 0.0701243 0.00267279
51 0.675544 0.327965 0.0554123 0.0560796 0.0026665
44 0.112537 0.293664 0.222515 0.46332 0.00266308
51 0.852333 0.547096 0.0377041 0.0758588 0.00265509
51 0.466096 0.860164 0.0434349 0.079591 0.00263563
51 0.605872 0.213859 0.0607981 0.0660553 0.00260633
44 0.018272 0.246946 0.0344281 0.102956 0.0026052
44 0.0370623 0.293063 0.0712517 0.20363 0.00260383
51 0.505659 0.798501 0.0925874 0.0712169 0.00258401
44 0.0906448 0.0981801 0.17649 0.146985 0.00256926
51 0.596947 0.256216 0.0514595 0.0542084 0.00256735
69 0.850111 0.154837 0.293662 0.289326 0.00252762
60 0.42084 0.0751847 0.832705 0.146609 0.00252393
44 0.943662 0.14315 0.112675 0.0635702 0.00248811
50 0.516313 0.552272 0.0739645 0.137989 0.00243613
51 0.595412 0.268364 0.0489738 0.0354739 0.00242549
