9 0.53814 0.333764 0.100449 0.0680416 0.764114
2 0.128492 0.933272 0.248629 0.110504 0.512404
9 0.372363 0.357032 0.128329 0.103289 0.391397
9 0.8704 0.36417 0.110376 0.116394 0.207077
9 0.449589 0.355805 0.274895 0.10438 0.0412819
2 0.558363 0.88911 0.0117475 0.0186462 0.0225089
9 0.142564 0.342753 0.0215424 0.0310377 0.0214315
2 0.174692 0.746507 0.341441 0.481343 0.016514
4 0.540679 0.334498 0.101359 0.0655716 0.0165102
9 0.308492 0.736598 0.0114252 0.0470367 0.014451
9 0.523354 0.335401 0.0669701 0.0643425 0.0141574
9 0.906064 0.323089 0.182675 0.64368 0.0141216
2 0.545259 0.88583 0.0177933 0.0211883 0.0116543
9 0.482573 0.883039 0.0147486 0.0256655 0.0113858
9 0.51295 0.335238 0.047378 0.0632387 0.0102007
2 0.566134 0.890616 0.013011 0.0179687 0.00966039
2 0.544457 0.967728 0.0759495 0.0607048 0.00888315
2 0.563438 0.904127 0.0258179 0.0320556 0.00825444
2 0.552617 0.973276 0.0547289 0.0489941 0.00715676
2 0.561063 0.921694 0.033868 0.0228265 0.00698006
2 0.322184 0.884658 0.0162041 0.0242802 0.00667116
0 0.174692 0.746507 0.341441 0.481343 0.00657344
9 0.48176 0.878501 0.0134504 0.0243293 0.00647229
2 0.56339 0.94029 0.0361367 0.03271 0.00637352
2 0.559491 0.905458 0.0329937 0.026572 0.00633916
2 0.582401 0.925803 0.0162571 0.0245111 0.00622293
2 0.58325 0.912498 0.0286696 0.032425 0.00617349
2 0.562288 0.961732 0.0378394 0.0535052 0.00600064
9 0.892708 0.424386 0.159035 0.240059 0.00576019
9 0.538098 0.283836 0.0997091 0.168211 0.00563669
9 0.891468 0.36839 0.152293 0.12531 0.00514969
0 0.539491 0.333778 0.105262 0.0654975 0.0050872
2 0.560853 0.924989 0.030069 0.0173142 0.0049307
9 0.439034 0.85692 0.0131309 0.0361467 0.00471461
2 0.328114 0.885795 0.0236929 0.0246119 0.00431859
9 0.538417 0.357513 0.100584 0.11376 0.00418308
25 0.175029 0.743782 0.346267 0.479791 0.00395757
5 0.127661 0.934086 0.247945 0.109513 0.00369087
9 0.312401 0.739605 0.0163242 0.0498794 0.00368103
2 0.53422 0.980875 0.0211204 0.0335748 0.00365439
9 0.347556 0.699219 0.0347945 0.063256 0.00362897
2 0.540679 0.985475 0.0107744 0.0219009 0.00361377
9 0.5977 0.840738 0.0130607 0.0383327 0.0035792
2 0.563884 0.89763 0.0260026 0.0261164 0.00345901
7 0.126795 0.93546 0.248284 0.116115 0.00334743
2 0.582766 0.886699 0.0241475 0.0230294 0.00326055
9 0.140881 0.348179 0.0325694 0.0450467 0.00321168
3 0.125755 0.932389 0.247892 0.11151 0.00320178
0 0.581365 0.943505 0.0108602 0.036333 0.00313541
2 0.546666 0.956265 0.0764333 0.0874705 0.00306273
2 0.321623 0.900495 0.0469142 0.0543229 0.00304553
9 0.394454 0.865647 0.0162947 0.0390362 0.00302306
0 0.141352 0.340935 0.023911 0.0279639 0.00291815
1 0.176215 0.743074 0.34795 0.484239 0.00288597
0 0.308386 0.737666 0.011136 0.046493 0.00288033
2 0.536722 0.884524 0.019822 0.020905 0.00287205
62 0.372398 0.356988 0.129596 0.104891 0.00284737
74 0.372398 0.356988 0.129596 0.104891 0.00282499
0 0.125755 0.932389 0.247892 0.11151 0.00275931
33 0.539505 0.334641 0.101292 0.0642736 0.00266707
0 0.583221 0.957158 0.0135821 0.059508 0.00256166
7 0.348085 0.699504 0.0361187 0.0647728 0.00255403
2 0.587855 0.910147 0.0243317 0.0235719 0.00245559
9 0.496581 0.886141 0.00832718 0.0184771 0.00244588
9 0.404422 0.864375 0.00809546 0.0380302 0.002325
2 0.545961 0.957574 0.0710798 0.0627292 0.00230634
14 0.141352 0.340935 0.023911 0.0279639 0.00227106
9 0.574073 0.331812 0.0332799 0.0639719 0.00226107
74 0.539491 0.333778 0.105262 0.0654975 0.00223628
9 0.2942 0.618572 0.011591 0.0397702 0.00222883
2 0.590384 0.922784 0.0199072 0.0315674 0.00222287
2 0.504693 0.884423 0.0184648 0.0196826 0.00209829
25 0.908838 0.315134 0.181467 0.62804 0.00198683
9 0.136673 0.356446 0.0806541 0.0614232 0.00198475
5 0.488471 0.951838 0.186735 0.0950171 0.00190434
2 0.525983 0.976795 0.03602 0.0426571 0.00187477
9 0.879757 0.487488 0.0916153 0.0827836 0.0018523
0 0.566134 0.890616 0.013011 0.0179687 0.0018459
2 0.416295 0.917311 0.0286777 0.0389961 0.00180638
0 0.621352 0.842287 0.0128726 0.05593 0.00179878
9 0.283597 0.657739 0.0118724 0.029352 0.00173819
9 0.55772 0.333102 0.0666553 0.0664927 0.00172353
9 0.566134 0.890616 0.013011 0.0179687 0.00168723
0 0.667713 0.881739 0.00826959 0.023519 0.00167382
1 0.125755 0.932389 0.247892 0.11151 0.00161675
2 0.414053 0.905832 0.0210975 0.0228866 0.00161427
9 0.892048 0.486947 0.0647232 0.0791886 0.00155675
56 0.126203 0.93673 0.252406 0.116131 0.00154534
9 0.422435 0.419459 0.33713 0.235992 0.00153843
9 0.292809 0.658664 0.00850842 0.0335087 0.00153378
9 0.328114 0.885795 0.0236929 0.0246119 0.00148502
2 0.517399 0.883265 0.0253416 0.0193959 0.00147676
2 0.468415 0.973604 0.0280789 0.0493443 0.0014649
0 0.482573 0.883039 0.0147486 0.0256655 0.00145996
2 0.323735 0.935033 0.0531199 0.0757696 0.0014334
4 0.0859806 0.359674 0.168942 0.0600283 0.00141931
0 0.907695 0.311678 0.178836 0.611565 0.00140545
62 0.870179 0.364037 0.109766 0.117726 0.00139347
9 0.667713 0.881739 0.00826959 0.023519 0.00137007
7 0.558363 0.88911 0.0117475 0.0186462 0.00135207
2 0.553402 0.924341 0.054678 0.0304394 0.00134909
4 0.141352 0.340935 0.023911 0.0279639 0.00134906
0 0.70818 0.772039 0.00869171 0.0448462 0.00134331
9 0.579041 0.330103 0.184029 0.066413 0.00133112
2 0.559419 0.945973 0.0544863 0.070195 0.00132018
9 0.70818 0.772039 0.00869171 0.0448462 0.00128794
2 0.581365 0.943505 0.0108602 0.036333 0.00127247
0 0.343599 0.948261 0.0154966 0.0450386 0.0012244
9 0.6906 0.626612 0.015055 0.0645515 0.00121155
5 0.339055 0.830942 0.104423 0.253725 0.00120869
2 0.459525 0.971434 0.0506662 0.0554916 0.00120774
9 0.669914 0.69066 0.0149127 0.0435128 0.0011808
4 0.133071 0.357749 0.266141 0.0623998 0.00118029
9 0.395541 0.859199 0.0179052 0.0311732 0.00116214
0 0.5977 0.840738 0.0130607 0.0383327 0.00115645
2 0.558376 0.909144 0.0444973 0.0293236 0.00115088
14 0.907319 0.511338 0.0455352 0.0585366 0.0011481
2 0.483942 0.971933 0.0230534 0.0484983 0.00114667
9 0.558363 0.88911 0.0117475 0.0186462 0.00113627
0 0.363328 0.96225 0.0399819 0.0627189 0.00111884
9 0.621352 0.842287 0.0128726 0.05593 0.0011124
7 0.563884 0.89763 0.0260026 0.0261164 0.00110987
2 0.319085 0.910484 0.0549567 0.0830836 0.00110471
0 0.341172 0.951769 0.0236779 0.0579106 0.00110182
9 0.6707 0.684978 0.0166295 0.0343618 0.00109127
0 0.283597 0.657739 0.0118724 0.029352 0.00107604
9 0.659341 0.690341 0.0130151 0.0328853 0.00107527
9 0.117482 0.49297 0.0518455 0.11297 0.00106376
2 0.46995 0.981823 0.0247742 0.0318741 0.00106198
0 0.491613 0.972538 0.0179142 0.0479317 0.0010469
2 0.590832 0.88502 0.0192975 0.0201373 0.00102189
0 0.606111 0.868829 0.011234 0.0290805 0.00101596
2 0.333672 0.94464 0.0329181 0.0648736 0.00101069
6 0.190183 0.744873 0.3685 0.481087 0.00100347
