6 0.447021 0.582777 0.746314 0.266528 0.697564
6 0.569144 0.582712 0.505709 0.246772 0.649922
2 0.938009 0.560281 0.0391296 0.029207 0.413581
2 0.539906 0.466966 0.0292894 0.022667 0.235058
2 0.981095 0.573078 0.0368164 0.0265961 0.151673
2 0.587123 0.47251 0.0288724 0.0190622 0.110211
6 0.302646 0.519992 0.449123 0.161416 0.0914028
6 0.414862 0.52993 0.221776 0.127814 0.0892645
6 0.439617 0.534568 0.7248 0.186107 0.0711729
6 0.194971 0.469489 0.235913 0.069194 0.0680822
2 0.832311 0.536383 0.0383331 0.0288256 0.0603729
2 0.948731 0.512432 0.024374 0.0147348 0.0603043
2 0.573791 0.469396 0.0382263 0.0144426 0.0472828
2 0.539699 0.462577 0.0299981 0.0235483 0.0398998
6 0.0428264 0.447128 0.0771011 0.0340393 0.0394716
6 0.713824 0.606691 0.213926 0.191463 0.0362027
2 0.551384 0.467933 0.0546952 0.0223759 0.034574
2 0.702603 0.520939 0.0355941 0.025633 0.0274061
2 0.939245 0.55856 0.0485359 0.0347253 0.0272947
7 0.981095 0.573078 0.0368164 0.0265961 0.0256149
2 0.6022 0.496034 0.0168703 0.0243782 0.0255984
2 0.95228 0.514829 0.030051 0.0185015 0.0252155
6 0.661349 0.600103 0.318585 0.211215 0.0251463
2 0.655724 0.47754 0.0355886 0.0189748 0.0240289
2 0.648467 0.500607 0.0534164 0.0374936 0.0234953
2 0.976865 0.503344 0.0168484 0.0265092 0.0229138
6 0.161533 0.470647 0.161776 0.0643146 0.0220385
7 0.539906 0.466966 0.0292894 0.022667 0.0214539
2 0.595691 0.489457 0.0282215 0.0323107 0.0210669
6 0.648711 0.499979 0.055467 0.0400541 0.0206095
2 0.702764 0.516248 0.0366335 0.0243489 0.0202021
2 0.644023 0.504162 0.0430021 0.0297446 0.0197732
2 0.858539 0.493272 0.020533 0.0171324 0.0192234
6 0.752493 0.525676 0.0844227 0.0316997 0.0186159
6 0.452071 0.672482 0.75643 0.453617 0.0186153
2 0.978295 0.49952 0.0199228 0.0250615 0.0169356
6 0.760922 0.527417 0.100405 0.0391745 0.0167851
7 0.58872 0.47281 0.0307768 0.0220171 0.0166965
5 0.648711 0.499979 0.055467 0.0400541 0.0165708
2 0.803949 0.541423 0.0217699 0.0252373 0.0160546
7 0.938009 0.560281 0.0391296 0.029207 0.01535
6 0.982882 0.568871 0.0332687 0.0326744 0.015181
2 0.603879 0.476109 0.0500076 0.0253251 0.0148542
2 0.992264 0.499022 0.0141973 0.0243404 0.0147858
6 0.744499 0.52051 0.122025 0.0303164 0.0146152
6 0.134212 0.468841 0.109363 0.0554749 0.0133132
2 0.97173 0.500872 0.0198141 0.0270295 0.0128929
7 0.603879 0.476109 0.0500076 0.0253251 0.0127713
6 0.404396 0.492818 0.161294 0.0524041 0.0126225
2 0.103657 0.982765 0.0570525 0.0286478 0.0125863
2 0.992653 0.502917 0.0145638 0.0228187 0.0125472
2 0.972759 0.504974 0.0165028 0.0289562 0.0124449
7 0.539699 0.462577 0.0299981 0.0235483 0.0120695
2 0.60584 0.500888 0.02036 0.024311 0.0120685
6 0.150266 0.4599 0.29101 0.0500066 0.0116994
2 0.500154 0.5691 0.0440884 0.0378369 0.011503
6 0.268261 0.472007 0.109456 0.0508574 0.0113351
2 0.613482 0.503131 0.0236477 0.023567 0.0109585
2 0.651585 0.496805 0.0612902 0.0475991 0.0104983
6 0.685574 0.469847 0.0997133 0.0559711 0.0101714
2 0.802368 0.536344 0.0256092 0.0289647 0.00994554
6 0.300316 0.495985 0.442116 0.118106 0.00992694
6 0.228738 0.465773 0.189038 0.0639474 0.00971314
6 0.724453 0.52207 0.0841185 0.0301227 0.00969046
6 0.680418 0.481649 0.120514 0.072544 0.00911954
7 0.648711 0.499979 0.055467 0.0400541 0.0089775
2 0.61695 0.492156 0.030068 0.0322618 0.0089097
6 0.704475 0.465707 0.0871385 0.0507735 0.00887734
6 0.777917 0.537404 0.0740509 0.0460065 0.00863907
7 0.702062 0.516711 0.0356224 0.0262182 0.00845283
6 0.980787 0.574765 0.0369629 0.0272561 0.00831762
6 0.200022 0.49201 0.314311 0.110723 0.00824535
6 0.749749 0.534848 0.151228 0.0537897 0.00822294
7 0.654969 0.477334 0.0363949 0.0183545 0.00801185
6 0.76879 0.526409 0.102118 0.0538306 0.0077177
6 0.650147 0.484938 0.0458437 0.021469 0.00747067
5 0.654969 0.477334 0.0363949 0.0183545 0.0074569
2 0.569875 0.486958 0.0785046 0.0412421 0.00737199
2 0.517588 0.468384 0.0125911 0.0194404 0.00725058
2 0.614694 0.475519 0.0407417 0.0240973 0.00701633
6 0.765326 0.522011 0.101324 0.037372 0.00671917
7 0.948731 0.512432 0.024374 0.0147348 0.00669947
6 0.437261 0.471666 0.0815241 0.0233986 0.00661299
6 0.720509 0.509126 0.086861 0.0435575 0.00639606
5 0.680418 0.481649 0.120514 0.072544 0.00635645
2 0.626893 0.969644 0.0905769 0.0607114 0.00631586
6 0.479189 0.543297 0.0873232 0.0887809 0.00630957
6 0.435202 0.477127 0.172922 0.0269956 0.00615847
5 0.981095 0.573078 0.0368164 0.0265961 0.00602561
2 0.50818 0.574899 0.035363 0.038095 0.00593948
6 0.704569 0.514226 0.0431773 0.0310123 0.00591338
7 0.551384 0.467933 0.0546952 0.0223759 0.00577632
6 0.272513 0.476298 0.0782063 0.0517772 0.00569716
7 0.573791 0.469396 0.0382263 0.0144426 0.00564942
7 0.939245 0.55856 0.0485359 0.0347253 0.00552878
6 0.660984 0.557516 0.113344 0.0744898 0.00551748
6 0.956968 0.563241 0.0798504 0.0366945 0.00551704
2 0.724453 0.52207 0.0841185 0.0301227 0.00548083
6 0.155802 0.462385 0.145277 0.0518676 0.00546566
7 0.658766 0.500622 0.0707642 0.0419754 0.00540927
6 0.0578546 0.448404 0.0448338 0.0298647 0.00530061
6 0.725919 0.517336 0.0997776 0.0269803 0.00527573
2 0.704569 0.514226 0.0431773 0.0310123 0.00517255
5 0.603879 0.476109 0.0500076 0.0253251 0.00513619
5 0.0431703 0.449506 0.0751686 0.03268 0.00509629
6 0.653755 0.512059 0.0586829 0.0256887 0.00509012
6 0.589337 0.478732 0.028371 0.0249025 0.00506201
6 0.254379 0.472653 0.374851 0.0693458 0.00505191
6 0.564309 0.479279 0.0624769 0.0234578 0.00502169
2 0.800734 0.540076 0.0289619 0.0290768 0.00502056
7 0.6022 0.496034 0.0168703 0.0243782 0.00498563
6 0.380688 0.515921 0.103309 0.07303 0.00495878
6 0.128556 0.462185 0.0997211 0.0443223 0.00490984
2 0.808249 0.495318 0.041143 0.0177905 0.0048773
6 0.938212 0.559099 0.0398249 0.0282268 0.00484636
6 0.658766 0.500622 0.0707642 0.0419754 0.00483578
7 0.614694 0.475519 0.0407417 0.0240973 0.00480363
7 0.832207 0.535404 0.0367519 0.0254654 0.00475264
6 0.780374 0.611612 0.0789133 0.13414 0.00469738
2 0.665757 0.462894 0.0172001 0.0272631 0.00463149
2 0.760922 0.527417 0.100405 0.0391745 0.00461712
6 0.751442 0.601599 0.139753 0.192046 0.00449991
5 0.612772 0.443776 0.0722091 0.0278598 0.00448662
6 0.240207 0.46479 0.0891052 0.0378102 0.00443506
2 0.574949 0.500802 0.0879082 0.0249761 0.00441986
6 0.166892 0.462946 0.140371 0.0376368 0.00426206
2 0.78974 0.533931 0.0502199 0.0339205 0.00421447
2 0.752493 0.525676 0.0844227 0.0316997 0.00412136
7 0.680418 0.481649 0.120514 0.072544 0.00410455
7 0.0431703 0.449506 0.0751686 0.03268 0.004078
0 0.418583 0.543932 0.0255744 0.0292949 0.00407404
7 0.595691 0.489457 0.0282215 0.0323107 0.00390607
2 0.0578546 0.448404 0.0448338 0.0298647 0.00388679
6 0.907157 0.542372 0.173515 0.0495966 0.00378066
6 0.467043 0.475376 0.119531 0.02683 0.00376993
7 0.616747 0.455745 0.05592 0.0253656 0.00376785
5 0.702062 0.516711 0.0356224 0.0262182 0.00375953
7 0.644023 0.504162 0.0430021 0.0297446 0.00373694
5 0.658766 0.500622 0.0707642 0.0419754 0.00370094
6 0.751542 0.55373 0.12997 0.0747801 0.00369218
5 0.538866 0.466317 0.0306992 0.023949 0.00368589
5 0.58872 0.47281 0.0307768 0.0220171 0.00361827
6 0.644023 0.504162 0.0430021 0.0297446 0.00355011
6 0.898504 0.500927 0.071624 0.0308379 0.00354645
6 0.259984 0.465651 0.106351 0.0490564 0.00346094
2 0.865293 0.49335 0.0390961 0.0193889 0.00344133
6 0.499338 0.547223 0.0484385 0.0850475 0.00339812
7 0.704569 0.514226 0.0431773 0.0310123 0.00336352
7 0.95228 0.514829 0.030051 0.0185015 0.0033595
2 0.658766 0.500622 0.0707642 0.0419754 0.00335056
6 0.893286 0.539081 0.128795 0.0536796 0.00334868
5 0.551384 0.467933 0.0546952 0.0223759 0.00333583
2 0.755912 0.486494 0.0384089 0.0182694 0.00330037
6 0.45446 0.474104 0.0500978 0.0195945 0.0032827
6 0.54318 0.472684 0.0335533 0.0277779 0.00324127
6 0.70745 0.507692 0.0567717 0.0423115 0.00322101
5 0.539699 0.462577 0.0299981 0.0235483 0.00319034
6 0.397978 0.468084 0.168061 0.022687 0.00318855
6 0.733547 0.483675 0.128908 0.0500056 0.00318134
2 0.777917 0.537404 0.0740509 0.0460065 0.00316471
6 0.713177 0.431501 0.0892172 0.0214228 0.00316074
5 0.720509 0.509126 0.086861 0.0435575 0.00310519
6 0.702764 0.516248 0.0366335 0.0243489 0.00307894
5 0.704569 0.514226 0.0431773 0.0310123 0.00307557
6 0.396562 0.514669 0.201601 0.112927 0.00307226
5 0.616804 0.440787 0.0641148 0.0212619 0.00305581
2 0.963041 0.562472 0.0735128 0.0476524 0.00300029
5 0.616747 0.455745 0.05592 0.0253656 0.00299352
6 0.569009 0.5227 0.104539 0.049091 0.00296894
6 0.122389 0.465751 0.078253 0.0424281 0.00296167
6 0.659179 0.548428 0.101174 0.0645279 0.00295526
7 0.655281 0.467089 0.0404717 0.0360463 0.00290319
6 0.1998 0.48587 0.239337 0.10595 0.0028941
5 0.0381123 0.445717 0.0730264 0.0304717 0.00285262
6 0.612772 0.443776 0.0722091 0.0278598 0.002848
7 0.720509 0.509126 0.086861 0.0435575 0.00283903
7 0.972759 0.504974 0.0165028 0.0289562 0.00281224
6 0.500154 0.5691 0.0440884 0.0378369 0.00280225
7 0.976865 0.503344 0.0168484 0.0265092 0.00279212
7 0.612772 0.443776 0.0722091 0.0278598 0.00278866
2 0.62044 0.97346 0.0757175 0.0506199 0.00277999
2 0.758343 0.532227 0.118115 0.0495495 0.00277108
5 0.644023 0.504162 0.0430021 0.0297446 0.00274447
6 0.615055 0.48248 0.0288406 0.0265092 0.00273332
6 0.469061 0.519801 0.131354 0.0991452 0.00270924
6 0.200563 0.463443 0.0807047 0.0326948 0.0026935
2 0.880602 0.496449 0.0184437 0.0191325 0.00265077
2 0.982882 0.568871 0.0332687 0.0326744 0.00263542
6 0.202843 0.467534 0.0638128 0.0349931 0.0025937
6 0.895147 0.518675 0.0962673 0.0181634 0.00257403
6 0.747715 0.541115 0.118997 0.0619233 0.00256899
0 0.423327 0.533934 0.0197935 0.028972 0.00255936
6 0.450181 0.529176 0.312922 0.130096 0.00254712
6 0.832207 0.535404 0.0367519 0.0254654 0.00250378
6 0.981775 0.588615 0.0355137 0.0593626 0.0024907
6 0.574949 0.500802 0.0879082 0.0249761 0.00247329
2 0.628654 0.473701 0.0191131 0.020993 0.00244892
2 0.0431703 0.449506 0.0751686 0.03268 0.00244254
2 0.528355 0.435627 0.014142 0.0155766 0.00241935
5 0.614694 0.475519 0.0407417 0.0240973 0.00240561
6 0.831189 0.532351 0.0378048 0.0366386 0.00240099
5 0.137435 0.463922 0.124664 0.0455252 0.00238192
7 0.62777 0.968398 0.0951643 0.056483 0.00236946
7 0.0578546 0.448404 0.0448338 0.0298647 0.00236049
6 0.657065 0.40748 0.201295 0.02424 0.00233412
2 0.418583 0.543932 0.0255744 0.0292949 0.00231993
2 0.759677 0.491261 0.0572551 0.0196863 0.0023067
6 0.702603 0.520939 0.0355941 0.025633 0.00229362
5 0.724453 0.52207 0.0841185 0.0301227 0.00227001
7 0.608023 0.4569 0.0459149 0.0232878 0.00226694
6 0.151111 0.470091 0.0887901 0.0417539 0.00226185
2 0.655281 0.467089 0.0404717 0.0360463 0.00225872
6 0.963889 0.517596 0.0174152 0.0128344 0.00225556
6 0.316267 0.50748 0.264611 0.11424 0.00223655
7 0.963041 0.562472 0.0735128 0.0476524 0.00223204
5 0.939245 0.55856 0.0485359 0.0347253 0.00221261
9 0.010925 0.575194 0.015932 0.028759 0.00220183
6 0.800734 0.540076 0.0289619 0.0290768 0.00219783
5 0.704475 0.465707 0.0871385 0.0507735 0.00219205
5 0.745991 0.517395 0.124078 0.0388076 0.002188
6 0.418226 0.485326 0.129205 0.0450854 0.00218683
6 0.488635 0.475394 0.0678534 0.0284215 0.0021866
5 0.948731 0.512432 0.024374 0.0147348 0.00218043
6 0.77341 0.484358 0.0947292 0.025731 0.00216866
5 0.70745 0.507692 0.0567717 0.0423115 0.00216776
6 0.616804 0.440787 0.0641148 0.0212619 0.0021407
6 0.260121 0.469785 0.0561622 0.0408162 0.00214022
8 0.538866 0.466317 0.0306992 0.023949 0.00213119
7 0.200563 0.463443 0.0807047 0.0326948 0.00212744
2 0.524467 0.437389 0.0194651 0.0174535 0.00210312
5 0.269421 0.470282 0.110457 0.0544091 0.00209969
7 0.103167 0.983834 0.0566658 0.0306376 0.00209671
5 0.573791 0.469396 0.0382263 0.0144426 0.0020546
5 0.685574 0.469847 0.0997133 0.0559711 0.00203246
2 0.654942 0.964222 0.0327414 0.0427965 0.00202402
7 0.500154 0.5691 0.0440884 0.0378369 0.00201711
2 0.553294 0.480431 0.0543861 0.0426472 0.00201139
5 0.9394 0.561545 0.0401279 0.0304422 0.00200906
5 0.95228 0.514829 0.030051 0.0185015 0.0020059
7 0.702174 0.506802 0.0463484 0.0420178 0.00199053
7 0.724453 0.52207 0.0841185 0.0301227 0.00197947
5 0.655281 0.467089 0.0404717 0.0360463 0.00197878
6 0.811018 0.525562 0.0252466 0.0334346 0.00196385
2 0.532952 0.458032 0.0428402 0.0227074 0.00196078
2 0.745991 0.517395 0.124078 0.0388076 0.00195444
7 0.858539 0.493272 0.020533 0.0171324 0.0019531
2 0.544167 0.475946 0.0412691 0.0432973 0.00195184
6 0.138966 0.442585 0.121028 0.0522111 0.00195155
2 0.680017 0.509324 0.0174625 0.0273611 0.00193712
6 0.471082 0.458849 0.0788956 0.0266042 0.00192913
6 0.76908 0.619172 0.104181 0.156385 0.00192615
7 0.992653 0.502917 0.0145638 0.0228187 0.00191215
6 0.37291 0.519337 0.135645 0.108083 0.00190124
7 0.550901 0.46222 0.0549599 0.0262516 0.00188386
2 0.963889 0.517596 0.0174152 0.0128344 0.00186491
6 0.657255 0.455981 0.0923071 0.0531591 0.00186467
5 0.155802 0.462385 0.145277 0.0518676 0.0018633
2 0.129345 0.983436 0.0202525 0.0279681 0.0018582
6 0.102624 0.457987 0.0472345 0.0329025 0.0018332
2 0.509522 0.472115 0.0286412 0.0152611 0.00182942
2 0.667798 0.376551 0.0153786 0.0164675 0.00182834
6 0.0668121 0.443743 0.0230752 0.0270384 0.00182742
9 0.80663 0.963641 0.0117702 0.0554795 0.00181639
6 0.693661 0.560862 0.251612 0.115924 0.00181136
6 0.653153 0.475773 0.042292 0.0219281 0.00179711
5 0.555156 0.461273 0.0542681 0.0255316 0.00179228
7 0.976658 0.565377 0.0466847 0.0442489 0.00178355
6 0.250128 0.459063 0.0862769 0.0427365 0.00178233
6 0.744568 0.4973 0.047581 0.023109 0.00177941
6 0.472312 0.534367 0.114729 0.0816445 0.00177655
6 0.595888 0.44845 0.0999113 0.0280212 0.0017699
2 0.685564 0.526346 0.0415174 0.0197058 0.00176919
6 0.752509 0.540758 0.493384 0.0657585 0.00176659
6 0.635671 0.447011 0.0521553 0.0323025 0.0017654
7 0.569875 0.486958 0.0785046 0.0412421 0.00174585
6 0.755096 0.487787 0.0438372 0.0202708 0.00174314
2 0.765326 0.522011 0.101324 0.037372 0.001728
7 0.613482 0.503131 0.0236477 0.023567 0.00172323
8 0.982113 0.572345 0.0348152 0.0266302 0.00170818
2 0.77739 0.493856 0.0927856 0.0201061 0.00169852
7 0.97173 0.500872 0.0198141 0.0270295 0.00169688
6 0.720627 0.359158 0.0884763 0.0304883 0.00167936
7 0.0353446 0.445278 0.0685471 0.029517 0.00167343
7 0.60584 0.500888 0.02036 0.024311 0.00166801
7 0.61695 0.492156 0.030068 0.0322618 0.00166446
2 0.937784 0.510789 0.0216366 0.0153041 0.00166056
7 0.584835 0.462922 0.0722731 0.0285467 0.00165427
6 0.146232 0.447777 0.145434 0.045994 0.00164947
5 0.569875 0.486958 0.0785046 0.0412421 0.00164831
6 0.56742 0.50044 0.0861675 0.0333066 0.00164089
7 0.0668121 0.443743 0.0230752 0.0270384 0.00162035
5 0.653963 0.442255 0.156267 0.040946 0.00161329
6 0.773152 0.517564 0.0933498 0.0415692 0.00160649
6 0.502133 0.474583 0.036977 0.0156682 0.00160167
7 0.628654 0.473701 0.0191131 0.020993 0.00160059
0 0.810807 0.674779 0.0196455 0.0309758 0.00159773
5 0.0578546 0.448404 0.0448338 0.0298647 0.00159571
2 0.951545 0.639445 0.0135275 0.0194029 0.00158614
5 0.766667 0.524192 0.104943 0.037137 0.00158092
6 0.686779 0.485627 0.130906 0.0494442 0.00156036
