74 0.762007 0.193529 0.356865 0.382593 0.889941
75 0.724588 0.638713 0.43723 0.607662 0.630894
75 0.236357 0.772126 0.378159 0.441974 0.413714
74 0.769509 0.220509 0.250421 0.254292 0.0713876
60 0.510056 0.861107 0.979887 0.256134 0.00987136
75 0.607649 0.597057 0.198879 0.503098 0.00812498
41 0.722037 0.649087 0.440713 0.631979 0.00625387
58 0.724588 0.638713 0.43723 0.607662 0.00484437
61 0.236615 0.77197 0.378 0.441606 0.00455955
58 0.236626 0.772184 0.378735 0.439616 0.00401387
60 0.512855 0.654989 0.968344 0.654567 0.00361934
26 0.719808 0.650659 0.437319 0.635069 0.00344351
73 0.732625 0.906674 0.388488 0.0741218 0.00305772
60 0.50639 0.506405 0.947795 0.946288 0.00293869
74 0.241535 0.599436 0.1704 0.0970682 0.00291193
75 0.761 0.195671 0.357297 0.388812 0.00268045
22 0.761 0.195671 0.357297 0.388812 0.0022774
39 0.721257 0.643406 0.435125 0.6184 0.00199676
28 0.713089 0.8633 0.550479 0.257767 0.00192595
41 0.235804 0.772714 0.377583 0.444805 0.00162458
73 0.716948 0.865236 0.532647 0.257661 0.00161043
40 0.236626 0.772184 0.378735 0.439616 0.00155517
0 0.719808 0.650659 0.437319 0.635069 0.00154716
61 0.722037 0.649087 0.440713 0.631979 0.00152215
74 0.236357 0.771653 0.377417 0.440831 0.00126263
45 0.724588 0.638713 0.43723 0.607662 0.00119862
40 0.721257 0.643406 0.435125 0.6184 0.00115666
59 0.761 0.195671 0.357297 0.388812 0.00111139
60 0.509876 0.800644 0.980248 0.372694 0.00110465
29 0.761723 0.193666 0.35689 0.384424 0.00102592
