0 0.66483 0.490568 0.668796 0.979609 0.968801
0 0.197085 0.564887 0.392376 0.598167 0.933094
0 0.586391 0.0976679 0.117267 0.194615 0.87912
0 0.493905 0.146491 0.19792 0.289829 0.869212
0 0.101042 0.176862 0.201737 0.348599 0.832616
0 0.274421 0.090762 0.141796 0.175579 0.755954
0 0.374944 0.0897303 0.113664 0.17834 0.725162
53 0.47268 0.897952 0.528072 0.187915 0.717244
0 0.22857 0.0545169 0.0420018 0.108759 0.637562
56 0.321846 0.366216 0.0935029 0.153956 0.625262
41 0.269765 0.187331 0.0294469 0.0486933 0.598862
41 0.302987 0.184584 0.0299322 0.0366727 0.574975
41 0.342472 0.184184 0.0271775 0.0321331 0.538694
42 0.537505 0.928402 0.153533 0.132996 0.518527
56 0.423297 0.334881 0.0971487 0.109681 0.498587
56 0.4396 0.406526 0.134121 0.254469 0.470845
56 0.03412 0.464788 0.0676368 0.358603 0.461679
43 0.106255 0.930954 0.095941 0.136917 0.460514
41 0.370027 0.182278 0.026721 0.039622 0.424108
0 0.661107 0.0833833 0.0541493 0.165612 0.407631
43 0.536996 0.928063 0.153448 0.13319 0.368327
0 0.630552 0.0274671 0.0438864 0.0539853 0.357898
41 0.637242 0.176684 0.0254023 0.0370065 0.331172
41 0.230381 0.115545 0.0137917 0.0413523 0.306899
0 0.363534 0.0516646 0.0539908 0.10172 0.26783
41 0.211683 0.196342 0.0339842 0.0368953 0.258808
60 0.307386 0.228948 0.192857 0.09098 0.226598
60 0.140389 0.909221 0.278172 0.163828 0.223949
60 0.445141 0.901037 0.88785 0.173333 0.221714
60 0.293564 0.216204 0.218259 0.116795 0.209001
0 0.312609 0.0412988 0.0613224 0.0825975 0.206193
53 0.383907 0.900197 0.351359 0.186973 0.19787
0 0.648272 0.0832013 0.0781286 0.165863 0.188061
0 0.955162 0.14292 0.0892988 0.278684 0.16335
41 0.66407 0.179115 0.0337589 0.0279458 0.148096
42 0.623746 0.876672 0.260854 0.21598 0.148045
0 0.302718 0.0410181 0.047779 0.0820362 0.144619
43 0.439307 0.870995 0.0310606 0.233268 0.143797
42 0.439307 0.870995 0.0310606 0.233268 0.140802
60 0.843101 0.95715 0.265967 0.0812631 0.132641
53 0.333363 0.902884 0.249709 0.178496 0.127773
39 0.637572 0.176507 0.0247373 0.0369787 0.106146
56 0.66431 0.179202 0.0333778 0.0293306 0.104185
53 0.600041 0.930876 0.282402 0.128882 0.102963
60 0.230665 0.214631 0.078611 0.0732796 0.10232
60 0.299877 0.261513 0.208576 0.15824 0.0974152
43 0.63282 0.869471 0.244026 0.202589 0.0940051
60 0.279015 0.20534 0.175262 0.0879663 0.0939296
56 0.329274 0.460528 0.105733 0.338346 0.0881437
60 0.536654 0.885805 0.889932 0.210164 0.0859058
41 0.161897 0.213821 0.0177773 0.0448346 0.0845766
0 0.381959 0.0679654 0.089356 0.135586 0.0829358
56 0.488747 0.498039 0.042211 0.0750329 0.0807193
60 0.234969 0.21171 0.107321 0.078979 0.0783181
42 0.643716 0.849902 0.222424 0.16285 0.0734294
0 0.188398 0.0699622 0.0666905 0.128288 0.0679101
60 0.290899 0.266567 0.230497 0.208437 0.060793
56 0.291737 0.36483 0.155934 0.160036 0.0581017
0 0.326901 0.0415836 0.04445 0.0824322 0.0569704
60 0.286307 0.195728 0.243154 0.176942 0.0567737
41 0.362244 0.182775 0.0416274 0.0375174 0.0549442
0 0.232303 0.0259557 0.0332548 0.0509839 0.0538752
43 0.436705 0.857944 0.025658 0.197503 0.0499232
43 0.539313 0.899756 0.151813 0.0795746 0.0475864
0 0.195855 0.103185 0.0548394 0.0747094 0.0458487
41 0.27399 0.174078 0.0262631 0.0560081 0.0425653
42 0.492206 0.940752 0.0632213 0.109469 0.0420306
44 0.643716 0.849902 0.222424 0.16285 0.0382652
0 0.0372114 0.0782581 0.0733148 0.154493 0.0347563
53 0.585811 0.891489 0.77886 0.200236 0.0345384
40 0.636888 0.176483 0.0259333 0.0371639 0.0344009
42 0.436095 0.846015 0.0242723 0.173841 0.0329642
44 0.106061 0.930952 0.0958516 0.136233 0.0329465
42 0.672468 0.838538 0.165158 0.140679 0.0324888
60 0.228012 0.198124 0.0726146 0.0427171 0.0297979
60 0.425673 0.862453 0.848714 0.252741 0.0297694
41 0.369863 0.190139 0.0290086 0.0515811 0.0275539
42 0.104288 0.931525 0.0982531 0.135743 0.0274799
0 0.337229 0.0422817 0.0624405 0.0838893 0.0262342
60 0.291717 0.235948 0.127668 0.0753937 0.0260091
0 0.023026 0.0779823 0.0454921 0.153497 0.025999
0 0.101066 0.336785 0.201391 0.668119 0.0259125
60 0.228374 0.229666 0.0716703 0.0444756 0.0252586
60 0.683976 0.95102 0.562636 0.0893305 0.022295
60 0.225579 0.201693 0.15975 0.104965 0.02207
0 0.259182 0.0736909 0.0897302 0.143074 0.0219416
0 0.630775 0.0454064 0.0479216 0.0908128 0.021274
43 0.20202 0.120046 0.0343389 0.0288612 0.0209537
0 0.667755 0.0326015 0.04277 0.0637622 0.0204049
0 0.631712 0.0744649 0.0478258 0.14869 0.0201577
43 0.44443 0.906402 0.027637 0.17259 0.0201426
56 0.403044 0.457163 0.203756 0.356015 0.0200935
0 0.196088 0.120273 0.0620861 0.116334 0.0200429
0 0.298406 0.0419813 0.0922201 0.0834223 0.0197629
0 0.390128 0.0846537 0.0860073 0.165827 0.019538
60 0.213141 0.216139 0.130504 0.0822597 0.019516
67 0.200979 0.119063 0.0357715 0.0293898 0.0193672
56 0.637242 0.176684 0.0254023 0.0370065 0.0190591
41 0.302757 0.174955 0.0321244 0.0529126 0.0189622
44 0.623746 0.876672 0.260854 0.21598 0.0185849
0 0.197507 0.0770799 0.0616624 0.143181 0.0179878
44 0.439168 0.863969 0.0314168 0.246953 0.0177564
40 0.370027 0.182278 0.026721 0.039622 0.0171871
0 0.275771 0.0414989 0.074675 0.0820955 0.0164776
43 0.643288 0.844173 0.222822 0.151422 0.0163153
45 0.211236 0.196367 0.0341691 0.0367329 0.0160779
60 0.664682 0.17907 0.0333844 0.0280982 0.0157493
60 0.561469 0.927981 0.838623 0.125727 0.0155578
56 0.267521 0.362715 0.066649 0.139417 0.0146984
42 0.689039 0.817347 0.127154 0.0953116 0.014593
0 0.647128 0.0312168 0.0788432 0.0622059 0.0145552
60 0.160185 0.218712 0.251362 0.0991971 0.0145075
41 0.17602 0.23299 0.0433264 0.0846086 0.0139291
0 0.362464 0.0681323 0.0492755 0.0829131 0.0138825
41 0.282898 0.147638 0.0206996 0.0407325 0.0138215
56 0.200026 0.354502 0.340942 0.173137 0.0137923
56 0.0348618 0.421435 0.0677138 0.251144 0.0130757
43 0.0779325 0.930305 0.152643 0.138683 0.0129468
40 0.230324 0.11562 0.0143456 0.0417652 0.0128831
43 0.434902 0.837829 0.0210888 0.161416 0.0126343
41 0.370182 0.170065 0.0280744 0.049872 0.0126303
56 0.636642 0.143202 0.0209612 0.103371 0.0126104
56 0.661513 0.109391 0.0513929 0.111784 0.0122135
42 0.0779325 0.930305 0.152643 0.138683 0.0121356
56 0.575698 0.140876 0.0421247 0.104415 0.0113872
56 0.263418 0.429783 0.218737 0.283481 0.01116
60 0.274935 0.241374 0.270767 0.172094 0.0109002
44 0.53651 0.928053 0.15457 0.131912 0.0108126
44 0.689039 0.817347 0.127154 0.0953116 0.010545
56 0.0992838 0.489434 0.197481 0.42282 0.0105382
41 0.0306278 0.972708 0.0604351 0.0535309 0.0101067
60 0.365025 0.230468 0.0747181 0.0826474 0.00991565
42 0.200979 0.119063 0.0357715 0.0293898 0.00987688
42 0.00511158 0.900434 0.00982975 0.0888321 0.00986791
44 0.434902 0.837829 0.0210888 0.161416 0.00976065
0 0.256389 0.0483925 0.0854867 0.0961172 0.00933796
60 0.254106 0.146342 0.114457 0.066979 0.00921747
44 0.672468 0.838538 0.165158 0.140679 0.00914302
0 0.648413 0.0434761 0.080193 0.0869522 0.00911972
0 0.956521 0.241762 0.0863796 0.0820024 0.00905815
0 0.362505 0.0335599 0.0474576 0.0661282 0.00902644
56 0.955669 0.245607 0.0874043 0.0753611 0.00855437
56 0.636808 0.131343 0.0185365 0.0792088 0.0082463
44 0.436705 0.857944 0.025658 0.197503 0.00809622
40 0.269158 0.187097 0.0296344 0.0496202 0.00802514
40 0.342172 0.183419 0.0254876 0.0313166 0.00797334
0 0.355232 0.0386496 0.0371742 0.075772 0.00773084
56 0.422108 0.531737 0.197631 0.522972 0.00766447
45 0.195227 0.199954 0.0828847 0.0424327 0.00763565
41 0.178398 0.210216 0.0481565 0.0396142 0.00754637
42 0.433905 0.827544 0.0188828 0.138844 0.00754535
43 0.556277 0.893201 0.113241 0.0832574 0.00738284
41 0.276081 0.148766 0.0365134 0.0433482 0.00715789
53 0.38419 0.896487 0.765161 0.186635 0.00713566
60 0.24213 0.172505 0.0998114 0.0838886 0.00711668
0 0.376906 0.0286075 0.0280219 0.0559469 0.00709835
0 0.308412 0.0451171 0.0423993 0.0734135 0.00691664
60 0.308212 0.274247 0.191325 0.114344 0.00685292
60 0.222209 0.193371 0.0574993 0.0427252 0.00676483
45 0.222876 0.195858 0.061518 0.0387057 0.00673571
41 0.235677 0.113144 0.0239645 0.0451972 0.00670999
60 0.328888 0.3298 0.188501 0.148182 0.00667411
0 0.823569 0.143576 0.350964 0.279275 0.00638878
42 0.581983 0.887015 0.0626909 0.0501151 0.00621918
53 0.483957 0.901115 0.135789 0.197769 0.00618678
42 0.505121 0.934475 0.0857113 0.107249 0.00609097
55 0.471339 0.899283 0.527406 0.187475 0.00608861
40 0.302833 0.184791 0.0297466 0.0366915 0.00602648
0 0.360217 0.0876845 0.0553915 0.121781 0.00601354
56 0.243508 0.344029 0.270812 0.1749 0.005997
41 0.0301658 0.926803 0.0597139 0.14611 0.0059486
0 0.442195 0.408156 0.132269 0.260266 0.00592679
56 0.328593 0.531974 0.122797 0.239622 0.00580806
43 0.20168 0.116547 0.0401991 0.0349826 0.00578296
56 0.354468 0.638588 0.0620575 0.104508 0.00568458
0 0.287077 0.0776789 0.107859 0.152666 0.00567523
0 0.2424 0.0307677 0.0598064 0.0615354 0.00567174
60 0.423297 0.334881 0.0971487 0.109681 0.00559905
44 0.0779325 0.930305 0.152643 0.138683 0.00559655
42 0.720954 0.797551 0.0678329 0.0594312 0.00551173
45 0.47119 0.898932 0.524855 0.187289 0.00549316
60 0.206209 0.224525 0.107105 0.0689939 0.00541306
43 0.580869 0.886009 0.0647072 0.051583 0.00537181
44 0.20202 0.120046 0.0343389 0.0288612 0.00536191
40 0.282898 0.147638 0.0206996 0.0407325 0.00534755
0 0.350138 0.12733 0.0726418 0.120254 0.00531083
41 0.255595 0.200413 0.0582806 0.0838174 0.00526816
56 0.158167 0.474662 0.313279 0.410632 0.00525525
40 0.664682 0.17907 0.0333844 0.0280982 0.00522238
60 0.195227 0.199954 0.0828847 0.0424327 0.00510624
56 0.345941 0.325666 0.133062 0.121658 0.00510025
26 0.197857 0.103035 0.0485332 0.0611691 0.00497094
56 0.654433 0.597202 0.427988 0.401184 0.00496563
56 0.596065 0.144317 0.0777872 0.103463 0.00495937
42 0.444755 0.904595 0.0262364 0.167396 0.00489843
0 0.117057 0.0735861 0.222826 0.145532 0.00487578
56 0.355108 0.608554 0.0567923 0.0399172 0.00479639
56 0.040254 0.503443 0.0791901 0.43112 0.00476632
56 0.236538 0.15437 0.073019 0.0514735 0.0047535
60 0.229405 0.137697 0.064032 0.0818291 0.0047507
56 0.328381 0.333477 0.0802462 0.0865439 0.0047417
42 0.00968172 0.925485 0.0189174 0.148566 0.00473702
43 0.443929 0.825649 0.0520708 0.318179 0.004724
41 0.391313 0.130409 0.0383966 0.0664537 0.00470805
0 0.325151 0.0992649 0.208621 0.197667 0.00462976
43 0.667564 0.83564 0.174445 0.134301 0.00457799
41 0.215699 0.113032 0.0228942 0.0360616 0.00452003
60 0.318813 0.259641 0.214569 0.0953255 0.00436398
56 0.623226 0.17371 0.0565546 0.0444297 0.00423181
41 0.196191 0.195763 0.0733046 0.0406063 0.00418788
0 0.179057 0.0810438 0.0894041 0.148665 0.00418568
42 0.443929 0.825649 0.0520708 0.318179 0.00416306
41 0.372359 0.176933 0.0409225 0.0367638 0.00405133
0 0.188324 0.094967 0.0673337 0.0760278 0.00402123
39 0.230381 0.115545 0.0137917 0.0413523 0.00396264
45 0.342472 0.184184 0.0271775 0.0321331 0.0039337
60 0.236538 0.15437 0.073019 0.0514735 0.00391954
45 0.585811 0.891489 0.77886 0.200236 0.00377738
43 0.54268 0.918684 0.153382 0.0855459 0.00375965
56 0.328888 0.3298 0.188501 0.148182 0.00375956
0 0.034836 0.505244 0.0694686 0.430287 0.00371754
42 0.0302623 0.972215 0.0599737 0.0549074 0.00370574
39 0.369966 0.183686 0.0278701 0.0390505 0.00369608
56 0.39835 0.409886 0.192753 0.261105 0.00366649
40 0.362244 0.182775 0.0416274 0.0375174 0.00360176
45 0.369966 0.183686 0.0278701 0.0390505 0.0036006
39 0.66431 0.179202 0.0333778 0.0293306 0.00358629
48 0.471339 0.899283 0.527406 0.187475 0.00358537
41 0.215396 0.194766 0.0433684 0.0432764 0.00357679
56 0.343624 0.547313 0.101239 0.323176 0.00356212
60 0.955708 0.245952 0.0873413 0.0741433 0.00355235
0 0.381335 0.0329224 0.0632125 0.064606 0.00351471
56 0.624523 0.135805 0.0428659 0.107729 0.00351179
41 0.390315 0.176679 0.0183537 0.0281476 0.00349775
56 0.585202 0.141 0.0606814 0.112004 0.00336704
56 0.351011 0.583309 0.0652039 0.0977287 0.00334254
56 0.661112 0.172922 0.0397674 0.040567 0.00331116
60 0.287185 0.151188 0.256675 0.279401 0.00330859
39 0.304549 0.0413 0.0479331 0.0799285 0.00327629
42 0.0247613 0.923662 0.0492605 0.152676 0.00326693
43 0.679923 0.819963 0.146997 0.100207 0.00325826
56 0.0411026 0.441265 0.0601991 0.182621 0.00322583
39 0.370182 0.170065 0.0280744 0.049872 0.0032025
0 0.385822 0.111565 0.0687051 0.107784 0.00319001
43 0.601705 0.929738 0.287456 0.129689 0.00312808
60 0.214208 0.118808 0.0431437 0.0361871 0.00309655
43 0.464425 0.739939 0.0318178 0.109872 0.00307053
40 0.213699 0.194862 0.0357774 0.0359145 0.00301981
41 0.0214831 0.974109 0.0421698 0.051214 0.00300071
45 0.664682 0.17907 0.0333844 0.0280982 0.00299233
56 0.651825 0.174418 0.0592146 0.0395054 0.00298789
0 0.661513 0.109391 0.0513929 0.111784 0.00296614
42 0.430335 0.86555 0.0516907 0.246515 0.00294691
56 0.436738 0.543007 0.235495 0.631932 0.00292429
43 0.575031 0.891453 0.0770944 0.0572789 0.00291201
56 0.578269 0.508131 0.452469 0.573541 0.00290838
0 0.932136 0.143319 0.134736 0.272486 0.00287375
42 0.539313 0.899756 0.151813 0.0795746 0.00283432
0 0.226777 0.0695223 0.0391275 0.0885318 0.00280622
0 0.408736 0.0519584 0.0440495 0.102237 0.00280157
60 0.69507 0.922888 0.539953 0.142851 0.00278315
56 0.324293 0.591878 0.137839 0.32019 0.00271511
40 0.0302934 0.972435 0.0598827 0.0547507 0.00270948
0 0.289056 0.113528 0.116529 0.0952974 0.00270876
56 0.36078 0.655616 0.0510707 0.115787 0.00269642
53 0.423987 0.85824 0.817678 0.263511 0.00266311
39 0.282898 0.147638 0.0206996 0.0407325 0.00265738
56 0.659886 0.151214 0.0374149 0.0310939 0.00265718
60 0.213699 0.194862 0.0357774 0.0359145 0.00264728
56 0.608696 0.142957 0.0699394 0.107993 0.00260478
60 0.471403 0.918042 0.558279 0.16172 0.00255379
40 0.372475 0.165839 0.0313075 0.0419849 0.00254077
56 0.248889 0.323949 0.0759837 0.0803896 0.00249603
56 0.467428 0.442884 0.0863367 0.338078 0.00249484
41 0.222876 0.195858 0.061518 0.0387057 0.00248012
76 0.438884 0.870345 0.0293152 0.228602 0.00247523
56 0.619466 0.543542 0.570905 0.291632 0.00247097
39 0.269158 0.187097 0.0296344 0.0496202 0.00245264
26 0.20168 0.116547 0.0401991 0.0349826 0.00245187
43 0.494375 0.936826 0.066154 0.10773 0.00245109
60 0.675697 0.179497 0.0594126 0.0291021 0.00243634
56 0.337916 0.312311 0.133441 0.0944042 0.00242576
56 0.17602 0.23299 0.0433264 0.0846086 0.00242475
60 0.296755 0.219362 0.12193 0.105385 0.00240427
41 0.0800153 0.926204 0.158559 0.14728 0.00237972
60 0.313608 0.296799 0.184803 0.0799308 0.0023742
60 0.340343 0.285419 0.33826 0.241845 0.00236371
56 0.196288 0.565099 0.391155 0.597139 0.00234649
40 0.369863 0.190139 0.0290086 0.0515811 0.00233847
39 0.636642 0.143202 0.0209612 0.103371 0.0023129
26 0.322135 0.369996 0.0945185 0.161186 0.00230262
41 0.287831 0.148919 0.0230732 0.0378842 0.00229999
0 0.397794 0.0612886 0.0681672 0.119969 0.00226307
42 0.437176 0.819609 0.0258988 0.131582 0.00226247
56 0.610576 0.1703 0.0517775 0.0527529 0.00222641
56 0.415238 0.695801 0.126488 0.195879 0.00221902
60 0.637242 0.176684 0.0254023 0.0370065 0.00221047
0 0.100725 0.474725 0.200037 0.4166 0.00219393
56 0.342237 0.552063 0.0816543 0.160637 0.00218165
56 0.598865 0.572544 0.382781 0.434036 0.00218123
