0 0.629455 0.533724 0.550804 0.909343 0.953121
27 0.65833 0.771328 0.148977 0.436043 0.887547
55 0.769359 0.821634 0.273985 0.337248 0.878295
40 0.448367 0.0804473 0.196196 0.156388 0.246449
27 0.657747 0.64729 0.148819 0.187181 0.0306252
67 0.827853 0.321164 0.0344006 0.0700314 0.0168848
60 0.472623 0.448791 0.930702 0.897583 0.014219
42 0.402694 0.780843 0.0614399 0.202655 0.0142162
40 0.447486 0.369787 0.198131 0.739574 0.011882
41 0.779274 0.624102 0.0548569 0.0879202 0.0116601
27 0.649322 0.84072 0.0627981 0.300082 0.0113414
55 0.771729 0.757223 0.239159 0.199264 0.0110937
42 0.834033 0.381683 0.0483999 0.195166 0.00923735
43 0.401798 0.776701 0.06248 0.198712 0.00693628
42 0.414992 0.780926 0.0408744 0.195061 0.00622916
42 0.828131 0.319804 0.0327116 0.0680476 0.00599524
42 0.399562 0.746987 0.0613359 0.137177 0.00579947
44 0.403366 0.780254 0.0608925 0.203312 0.00527799
67 0.827929 0.363062 0.037619 0.155978 0.00502878
60 0.740293 0.816865 0.482971 0.343923 0.00487942
75 0.198738 0.314009 0.361593 0.619273 0.00332245
43 0.414992 0.780926 0.0408744 0.195061 0.00284711
61 0.198557 0.312055 0.358603 0.615655 0.00275111
44 0.414992 0.780926 0.0408744 0.195061 0.00256205
40 0.447582 0.207466 0.197368 0.410748 0.00240466
75 0.448004 0.0742437 0.196383 0.145782 0.00236267
41 0.402236 0.775898 0.0640318 0.196323 0.0022617
65 0.402236 0.775898 0.0640318 0.196323 0.00225276
45 0.199149 0.315854 0.363529 0.624891 0.00218672
60 0.295052 0.490836 0.573162 0.981673 0.00205967
42 0.831848 0.396098 0.0399906 0.15973 0.00194681
44 0.198738 0.314009 0.361593 0.619273 0.00192556
60 0.641947 0.817273 0.705253 0.349277 0.00189295
41 0.448422 0.0734158 0.196523 0.143836 0.001874
27 0.654885 0.799722 0.0605696 0.206971 0.00185317
42 0.826712 0.377543 0.0386631 0.18616 0.0015727
67 0.403366 0.780254 0.0608925 0.203312 0.00156185
45 0.448422 0.0734158 0.196523 0.143836 0.00149801
64 0.198738 0.314009 0.361593 0.619273 0.00131202
27 0.653023 0.803389 0.0770966 0.377638 0.00128609
55 0.768888 0.919655 0.275422 0.147845 0.00123405
55 0.779274 0.624102 0.0548569 0.0879202 0.00111306
44 0.399562 0.746987 0.0613359 0.137177 0.0011059
65 0.414992 0.780926 0.0408744 0.195061 0.00109014
0 0.845606 0.573101 0.119433 0.563484 0.00107017
60 0.196417 0.491796 0.382189 0.980963 0.00104129
71 0.198369 0.314299 0.359362 0.622538 0.00103936
42 0.746984 0.512242 0.0190925 0.283082 0.00100097
