62 0.420781 0.70754 0.410538 0.504949 0.944655
39 0.179698 0.831644 0.093265 0.29406 0.741135
45 0.346935 0.221779 0.0793627 0.0610994 0.695468
73 0.695134 0.759264 0.0617815 0.157199 0.325083
73 0.700085 0.948593 0.125301 0.0913445 0.238068
77 0.435824 0.0829522 0.102501 0.13611 0.229374
73 0.670164 0.392845 0.0155228 0.134536 0.19204
39 0.438713 0.217463 0.0539745 0.167167 0.187475
73 0.712385 0.391675 0.0132211 0.129954 0.162373
73 0.710363 0.389333 0.0182955 0.13375 0.14623
73 0.688364 0.392711 0.012986 0.132165 0.145651
73 0.231232 0.284864 0.111132 0.0194955 0.131823
73 0.696006 0.391474 0.0219638 0.130404 0.103821
73 0.703329 0.390724 0.0789629 0.13428 0.102513
73 0.683993 0.392951 0.0164451 0.134219 0.0957789
73 0.231131 0.250201 0.110479 0.0181207 0.0957465
39 0.769011 0.399015 0.0620529 0.148755 0.0945474
45 0.874842 0.451051 0.0808666 0.0504434 0.0942843
73 0.698039 0.392075 0.0130453 0.130716 0.0921659
73 0.849068 0.393359 0.0924841 0.162357 0.0902519
73 0.23196 0.256533 0.111903 0.0223022 0.0897546
73 0.230404 0.273877 0.110314 0.0137844 0.0779499
73 0.728987 0.391831 0.0214754 0.128904 0.0741907
73 0.695264 0.392391 0.0102536 0.130981 0.0722489
73 0.231409 0.259482 0.108155 0.0139126 0.0699464
73 0.702717 0.39105 0.0126069 0.130875 0.0667025
73 0.717227 0.390192 0.0164694 0.130749 0.0616181
73 0.769211 0.399285 0.0614094 0.147831 0.0613387
73 0.23284 0.288149 0.115765 0.0170907 0.0586417
14 0.282187 0.442398 0.212024 0.135932 0.0563057
73 0.683042 0.767028 0.038015 0.140635 0.0539117
73 0.723472 0.391555 0.0191637 0.131653 0.0537187
73 0.677032 0.784156 0.021521 0.105728 0.0520823
73 0.233608 0.268642 0.10951 0.0129428 0.0512362
73 0.526635 0.223621 0.136456 0.164184 0.0508017
75 0.438671 0.217881 0.0540434 0.166915 0.0467381
68 0.84257 0.717713 0.291386 0.500997 0.043819
62 0.842676 0.717683 0.292281 0.501638 0.0429493
73 0.713163 0.763524 0.028736 0.147614 0.0373847
73 0.340152 0.278868 0.107864 0.0451176 0.0356682
73 0.735784 0.392277 0.0254518 0.129941 0.0335507
41 0.179423 0.831757 0.092976 0.293715 0.0293562
73 0.234415 0.246352 0.116968 0.0146207 0.0246717
73 0.2403 0.236222 0.114172 0.0324259 0.0244467
0 0.526556 0.238638 0.0290386 0.0531497 0.0237778
73 0.679591 0.392627 0.0130186 0.136527 0.0235788
74 0.0183862 0.330536 0.03597 0.150088 0.0227435
73 0.753806 0.390947 0.189009 0.144475 0.0227219
77 0.812366 0.165485 0.0920356 0.146468 0.0216855
45 0.340442 0.280129 0.107022 0.0412095 0.0216491
73 0.340596 0.284727 0.107682 0.031344 0.0194563
0 0.643797 0.101706 0.0954929 0.201302 0.0189691
73 0.719333 0.389509 0.0342175 0.13562 0.0186576
73 0.24042 0.232306 0.0978399 0.0243305 0.0186498
73 0.707386 0.392056 0.0330861 0.139243 0.0171373
73 0.727085 0.390627 0.0293675 0.137521 0.014946
75 0.243302 0.196752 0.0606774 0.0534851 0.0149181
77 0.28211 0.442021 0.211963 0.13588 0.0144952
73 0.741969 0.394732 0.0216131 0.1395 0.0144884
73 0.695438 0.393181 0.0350252 0.141469 0.0138577
41 0.87506 0.45128 0.0806223 0.0508479 0.0137991
73 0.673192 0.948354 0.181205 0.0934278 0.0136343
45 0.242462 0.233338 0.106444 0.0286914 0.0134824
73 0.709543 0.754875 0.040664 0.145111 0.0124261
39 0.407858 0.215308 0.0236731 0.171074 0.012356
73 0.683859 0.394499 0.0326527 0.145125 0.0118406
73 0.68211 0.740458 0.0362936 0.0900421 0.0114736
73 0.346178 0.273539 0.11744 0.014917 0.0113245
77 0.848299 0.387164 0.0413812 0.0845309 0.0110725
73 0.683833 0.77407 0.0282181 0.122528 0.010974
73 0.236913 0.243799 0.117891 0.0262813 0.0109221
75 0.346849 0.22198 0.0791992 0.0620424 0.0108653
73 0.27143 0.271217 0.241255 0.0191094 0.0106269
73 0.339496 0.255841 0.104278 0.0198964 0.0103675
73 0.318889 0.287562 0.118549 0.0257974 0.010349
68 0.420883 0.707024 0.410964 0.503904 0.00986621
73 0.341198 0.275528 0.108483 0.0204133 0.00974283
67 0.227688 0.97643 0.073635 0.0471407 0.00945669
73 0.638308 0.949491 0.110171 0.0873623 0.00939202
73 0.406643 0.268348 0.0172952 0.0660801 0.00901631
73 0.728081 0.392395 0.135315 0.137681 0.00886875
73 0.634507 0.897221 0.0707489 0.0434034 0.00857171
41 0.346849 0.22198 0.0791992 0.0620424 0.00824139
0 0.549712 0.24108 0.0213477 0.0567748 0.00776479
14 0.225421 0.470252 0.0963705 0.0819454 0.00755772
73 0.332281 0.273212 0.123376 0.0302403 0.0073548
73 0.771803 0.268461 0.213043 0.0645991 0.0069876
73 0.343186 0.252411 0.112504 0.0235891 0.00688386
73 0.627189 0.938723 0.0863272 0.0784534 0.00677457
64 0.227252 0.976014 0.0736173 0.0479198 0.00659782
0 0.545325 0.237606 0.0226252 0.0543441 0.00615755
73 0.686982 0.781404 0.0230853 0.108564 0.00598049
73 0.33643 0.289057 0.11063 0.0228624 0.00591624
75 0.179442 0.832247 0.093097 0.294284 0.00590861
73 0.890548 0.372773 0.0139359 0.115021 0.0058364
77 0.847217 0.403581 0.0421816 0.124097 0.00560695
39 0.422475 0.212449 0.0537916 0.177575 0.00557637
74 0.525894 0.22337 0.136873 0.163657 0.00547221
0 0.528171 0.228068 0.0680244 0.0814965 0.00537086
73 0.705392 0.733609 0.0562605 0.115638 0.00532541
65 0.227196 0.97626 0.0752449 0.0474791 0.0051187
75 0.874842 0.451051 0.0808666 0.0504434 0.00504506
0 0.51963 0.236143 0.0444109 0.0664193 0.00496593
64 0.912992 0.799103 0.0370525 0.0550567 0.00480029
73 0.270856 0.254695 0.223603 0.0186417 0.00472522
63 0.420883 0.707024 0.410964 0.503904 0.00468424
65 0.632963 0.897212 0.0755479 0.0425364 0.00425857
73 0.689885 0.705593 0.0504488 0.053994 0.00391293
73 0.629192 0.938467 0.0922575 0.105325 0.0038358
0 0.399918 0.645594 0.0244321 0.0294243 0.00373513
73 0.681193 0.723853 0.0337544 0.0523218 0.00373384
73 0.691254 0.780059 0.0234591 0.110942 0.00360671
72 0.420883 0.707024 0.410964 0.503904 0.00353402
32 0.913411 0.799773 0.0375141 0.0548691 0.00344276
73 0.710361 0.7746 0.025895 0.125137 0.00336272
73 0.745584 0.267657 0.15236 0.0640871 0.00334984
60 0.505671 0.944888 0.650964 0.110223 0.00334978
75 0.0182619 0.330299 0.0358854 0.14927 0.00334248
60 0.700914 0.948438 0.253647 0.0963405 0.0032599
73 0.530575 0.224819 0.0786654 0.0916267 0.00322837
77 0.444789 0.149116 0.121652 0.268658 0.00321522
75 0.979554 0.0816239 0.040451 0.1608 0.00311303
45 0.33691 0.254825 0.0992986 0.0201257 0.0029791
73 0.284528 0.269639 0.225549 0.061064 0.00290903
73 0.695237 0.72816 0.0568218 0.0997152 0.00284821
60 0.507002 0.921894 0.652508 0.156213 0.0028232
73 0.785366 0.864864 0.0875714 0.185085 0.00281885
50 0.28219 0.442716 0.212661 0.135811 0.00267375
0 0.554664 0.225206 0.0224604 0.0882096 0.00264376
75 0.407858 0.215308 0.0236731 0.171074 0.0026156
14 0.626889 0.255252 0.0660897 0.0848042 0.00259086
73 0.405865 0.218957 0.0211779 0.166459 0.00254318
65 0.528958 0.954405 0.0803137 0.0561776 0.00243327
73 0.630477 0.928481 0.0811949 0.0591031 0.00242862
41 0.768897 0.39926 0.0616403 0.148384 0.00240135
0 0.643473 0.147 0.0971062 0.292997 0.00235161
41 0.443117 0.259909 0.0423742 0.0819146 0.00231662
73 0.804255 0.395467 0.0129509 0.14338 0.00230616
75 0.422475 0.212449 0.0537916 0.177575 0.00228697
0 0.516349 0.238559 0.0322226 0.0611343 0.00221196
73 0.665258 0.393145 0.0238861 0.133406 0.00217935
45 0.773134 0.26853 0.210711 0.0649753 0.00214788
77 0.243985 0.196815 0.0594286 0.0543476 0.0021365
73 0.397371 0.268335 0.0202402 0.0630067 0.00212309
73 0.749589 0.388826 0.0412456 0.13493 0.00211534
73 0.705293 0.891608 0.0812061 0.11394 0.00208771
73 0.345628 0.25848 0.0958917 0.019386 0.0020476
58 0.28219 0.442716 0.212661 0.135811 0.00203025
77 0.240139 0.209286 0.115528 0.0801925 0.00201002
73 0.7862 0.968181 0.0755735 0.0625236 0.0019744
73 0.674903 0.806203 0.0227733 0.154481 0.00197133
73 0.524259 0.983696 0.0898081 0.0299893 0.00192964
0 0.811572 0.165561 0.0907993 0.147712 0.00189462
65 0.525843 0.961081 0.0939912 0.0754018 0.00184497
45 0.244184 0.196677 0.0592442 0.0539157 0.00183794
45 0.240169 0.238252 0.115584 0.0342647 0.00179607
75 0.24069 0.213172 0.115116 0.0863349 0.00179052
73 0.438916 0.217752 0.0543502 0.166951 0.00178838
73 0.196368 0.603974 0.0429096 0.19447 0.00176981
41 0.438796 0.217249 0.0540877 0.168473 0.00175801
73 0.283562 0.270353 0.216157 0.0402129 0.00173497
16 0.811597 0.165363 0.091111 0.147609 0.00173008
73 0.20783 0.605278 0.0222412 0.186762 0.00168371
65 0.710105 0.915582 0.064459 0.0662326 0.00156423
73 0.718799 0.760777 0.0322413 0.148572 0.00155687
73 0.393315 0.272729 0.0173101 0.0552928 0.0015561
45 0.231516 0.251357 0.108315 0.0160243 0.00154302
73 0.617378 0.945542 0.0677217 0.0676209 0.00153571
65 0.699735 0.947964 0.124574 0.0910494 0.00151652
14 0.811833 0.165128 0.0903137 0.147452 0.00150025
73 0.708256 0.873477 0.0753413 0.0757342 0.00149444
75 0.451458 0.188331 0.12268 0.222573 0.00146216
73 0.795597 0.395893 0.0205406 0.145473 0.0014509
45 0.315746 0.265579 0.151208 0.0652528 0.00143486
39 0.425516 0.222146 0.0286053 0.159795 0.00140211
73 0.708822 0.861785 0.0751016 0.053866 0.00138479
45 0.236913 0.243799 0.117891 0.0262813 0.00135285
73 0.680725 0.589744 0.0352908 0.224234 0.00134659
65 0.707609 0.860026 0.076269 0.0488824 0.00130486
75 0.81205 0.164682 0.0895787 0.147015 0.00129992
65 0.525697 0.983284 0.0932076 0.0319087 0.00129303
73 0.854643 0.372431 0.0859863 0.11801 0.00128013
73 0.86723 0.374654 0.0613676 0.122443 0.00124475
73 0.525528 0.963663 0.0945112 0.0701014 0.00119668
0 0.439445 0.218236 0.0532593 0.166787 0.00119463
75 0.242462 0.233338 0.106444 0.0286914 0.00119442
73 0.837319 0.39597 0.0668354 0.149729 0.00115004
75 0.443117 0.259909 0.0423742 0.0819146 0.00113308
14 0.847796 0.391794 0.042119 0.0814155 0.00113252
65 0.913568 0.799775 0.0377712 0.0554217 0.00112861
75 0.769011 0.399015 0.0620529 0.148755 0.00111851
49 0.243901 0.197144 0.0588152 0.0549745 0.00111461
75 0.435536 0.0829274 0.101956 0.13516 0.00110278
45 0.23309 0.257925 0.111515 0.0198374 0.00109878
0 0.398169 0.760049 0.0197043 0.0370356 0.00109681
73 0.713334 0.80718 0.0208027 0.0603888 0.00107074
0 0.402145 0.760651 0.0194128 0.0366348 0.00105315
75 0.340033 0.279603 0.107579 0.0423926 0.0010125
65 0.677032 0.784156 0.021521 0.105728 0.00101021
73 0.480543 0.221829 0.0440252 0.162462 0.00100854
73 0.395313 0.268137 0.0313822 0.0656076 0.00100169
