6 0.423499 0.537101 0.844107 0.52417 0.920929
58 0.66952 0.665408 0.0958231 0.163102 0.50282
58 0.750748 0.634653 0.0770365 0.124418 0.126129
58 0.776176 0.634931 0.130639 0.125729 0.0709343
58 0.811773 0.626152 0.0648888 0.0948291 0.0162977
0 0.723605 0.51485 0.0124786 0.0399984 0.00690886
58 0.802917 0.62858 0.044515 0.085793 0.00506765
58 0.73186 0.654867 0.228781 0.167691 0.00456151
6 0.987042 0.488304 0.0251514 0.143985 0.00232917
58 0.79013 0.63439 0.058186 0.12244 0.00206542
58 0.762996 0.632353 0.0487317 0.114542 0.00197139
58 0.792655 0.626658 0.102609 0.105378 0.00178742
0 0.635325 0.48489 0.0190287 0.0283849 0.00105658
58 0.800836 0.636401 0.061274 0.114728 0.00100723
