0 0.451488 0.477935 0.0723061 0.14692 0.480926
20 0.622126 0.557571 0.0782545 0.0940859 0.471269
17 0.459064 0.584623 0.229976 0.171749 0.39502
20 0.461299 0.585991 0.226648 0.178018 0.364091
0 0.631065 0.473897 0.0640959 0.10892 0.259321
0 0.0643023 0.608618 0.0349877 0.0609338 0.173348
0 0.683108 0.429366 0.0454655 0.18146 0.166689
17 0.622126 0.557571 0.0782545 0.0940859 0.121559
20 0.632618 0.543246 0.0985949 0.12435 0.102095
20 0.716477 0.435024 0.112992 0.195659 0.0889491
0 0.623669 0.454901 0.0434219 0.0624482 0.085877
0 0.624774 0.442524 0.0376946 0.0740807 0.0793386
0 0.626215 0.458274 0.0324044 0.0470176 0.0638651
20 0.739997 0.47099 0.0573486 0.127215 0.0627556
0 0.450197 0.44929 0.0601259 0.0998803 0.0490597
0 0.626918 0.450895 0.0279552 0.0496056 0.0485102
0 0.381092 0.463313 0.0259909 0.100258 0.0478427
0 0.626355 0.481434 0.0537022 0.0898355 0.0421791
0 0.630803 0.446713 0.0488822 0.072541 0.0411329
0 0.631121 0.49699 0.0659226 0.0750539 0.0369233
0 0.685197 0.390897 0.0372194 0.106913 0.0368507
17 0.635173 0.533825 0.100623 0.140564 0.0342299
20 0.641436 0.528692 0.116679 0.153496 0.0304981
0 0.617434 0.552331 0.0674871 0.10453 0.0280738
20 0.692537 0.444589 0.16472 0.2071 0.0279373
0 0.635365 0.485191 0.061854 0.0791892 0.0244516
20 0.733986 0.453137 0.0706618 0.163374 0.0238681
0 0.379996 0.468068 0.034255 0.105456 0.0232398
0 0.715422 0.435913 0.106342 0.192822 0.0230016
0 0.452286 0.439168 0.042458 0.0806435 0.0228648
0 0.638806 0.483801 0.0795887 0.106025 0.0217636
0 0.448226 0.433971 0.0304836 0.0684102 0.0212751
0 0.627981 0.526899 0.0765242 0.114533 0.0205969
19 0.460797 0.581746 0.229036 0.160428 0.0193514
17 0.620809 0.539688 0.0737459 0.128457 0.0190517
20 0.0638441 0.610576 0.0346522 0.0655159 0.0177203
9 0.0642661 0.608056 0.0351352 0.0610159 0.0176615
0 0.621984 0.494857 0.0448902 0.0575564 0.017117
20 0.679127 0.468775 0.190089 0.256945 0.0170186
0 0.46512 0.459004 0.0386948 0.0759157 0.0162199
20 0.701589 0.474036 0.136309 0.141583 0.0161505
19 0.618014 0.558963 0.0711357 0.0907105 0.0158781
20 0.0505485 0.612465 0.0615315 0.0716605 0.0158659
0 0.687777 0.374112 0.0317511 0.0704028 0.0157355
0 0.323278 0.444469 0.0204385 0.0684132 0.01519
17 0.627981 0.526899 0.0765242 0.114533 0.0140723
0 0.630963 0.511961 0.0811662 0.0868354 0.0140551
0 0.381118 0.441749 0.0253356 0.0513456 0.0139442
20 0.678821 0.519732 0.191607 0.171517 0.0139289
0 0.446855 0.420458 0.0221879 0.0400711 0.0139271
0 0.441745 0.469486 0.062539 0.107789 0.0137564
0 0.370231 0.467096 0.0501165 0.110501 0.0134986
0 0.738034 0.472161 0.0521114 0.126115 0.0134392
0 0.639402 0.49521 0.0524763 0.0610394 0.0134191
17 0.638806 0.483801 0.0795887 0.106025 0.0125632
17 0.630963 0.511961 0.0811662 0.0868354 0.012364
0 0.0555712 0.612433 0.0514758 0.0689342 0.0117421
24 0.0642927 0.60902 0.0357139 0.0604846 0.0114218
0 0.682707 0.402768 0.042412 0.134168 0.0110715
24 0.621984 0.494857 0.0448902 0.0575564 0.0110163
0 0.462233 0.506287 0.0552782 0.0925108 0.00975358
24 0.623062 0.480335 0.0464239 0.0813168 0.00970021
0 0.442348 0.461666 0.0505363 0.0851199 0.0094088
0 0.626415 0.434294 0.0313103 0.0651171 0.00929058
20 0.682097 0.429477 0.0452593 0.181143 0.00926331
0 0.376911 0.47467 0.0460668 0.125224 0.00922775
0 0.652093 0.432959 0.105117 0.185659 0.00841621
0 0.672357 0.489628 0.0370296 0.0646205 0.0072397
17 0.631592 0.469629 0.0639576 0.112996 0.00676697
17 0.631709 0.502263 0.0688238 0.0680867 0.00672069
20 0.732494 0.49536 0.0404484 0.0787233 0.0066745
3 0.63214 0.48579 0.0660252 0.0868431 0.00649372
0 0.0955682 0.605706 0.0130751 0.028297 0.00590485
0 0.664838 0.492027 0.0471618 0.061597 0.00560164
0 0.448654 0.508684 0.0728182 0.0875249 0.00537771
0 0.324445 0.44913 0.0265568 0.0810561 0.00531
19 0.635173 0.533825 0.100623 0.140564 0.00524032
0 0.468924 0.488447 0.0425839 0.127022 0.00520396
20 0.386971 0.542951 0.0871771 0.064392 0.00500286
21 0.616611 0.561409 0.0669601 0.0886978 0.00499925
0 0.427299 0.485516 0.0377208 0.0629885 0.00480959
0 0.733986 0.453137 0.0706618 0.163374 0.00473905
17 0.420785 0.539998 0.152016 0.0832587 0.00472209
0 0.670847 0.426083 0.0695259 0.181247 0.00461063
56 0.462233 0.506287 0.0552782 0.0925108 0.00460523
3 0.639402 0.49521 0.0524763 0.0610394 0.00455421
3 0.631709 0.502263 0.0688238 0.0680867 0.00446731
17 0.387033 0.545365 0.0849707 0.0706686 0.00434211
0 0.734172 0.489303 0.0436329 0.0903781 0.00422275
0 0.677084 0.481823 0.0389643 0.0815242 0.00421202
1 0.631709 0.502263 0.0688238 0.0680867 0.00418428
1 0.464938 0.510797 0.0567333 0.082418 0.00418094
1 0.635365 0.485191 0.061854 0.0791892 0.00415739
0 0.645528 0.509361 0.0569411 0.0823867 0.00398803
0 0.682673 0.367421 0.0402891 0.0631602 0.00398436
0 0.69913 0.437503 0.057564 0.159081 0.00398141
1 0.639402 0.49521 0.0524763 0.0610394 0.00397947
0 0.720881 0.472115 0.0640533 0.131759 0.00393721
0 0.043022 0.615619 0.0362197 0.0614341 0.00390774
0 0.635173 0.533825 0.100623 0.140564 0.00383097
2 0.0642927 0.60902 0.0357139 0.0604846 0.00368878
0 0.694547 0.421182 0.0446393 0.141256 0.0036411
17 0.641056 0.498972 0.0514034 0.0610262 0.00358963
0 0.731084 0.497885 0.0376118 0.0724186 0.00355101
17 0.464509 0.523955 0.0521388 0.0573909 0.00353464
0 0.399275 0.459687 0.0594685 0.104725 0.00348815
17 0.645528 0.509361 0.0569411 0.0823867 0.00348812
0 0.464816 0.524337 0.0528072 0.0585794 0.00348577
17 0.71451 0.433897 0.110155 0.193448 0.00348431
17 0.0643023 0.608618 0.0349877 0.0609338 0.00347626
7 0.460797 0.581746 0.229036 0.160428 0.00340086
24 0.635365 0.485191 0.061854 0.0791892 0.00336766
26 0.623062 0.480335 0.0464239 0.0813168 0.00332904
20 0.0495051 0.626559 0.0677091 0.100411 0.00331855
17 0.619429 0.52971 0.0626781 0.0803088 0.00331315
17 0.620845 0.499674 0.0395531 0.0529943 0.00331059
0 0.629661 0.429532 0.0441004 0.0874714 0.00325093
20 0.0890653 0.608 0.0884315 0.0704919 0.00320649
24 0.442348 0.461666 0.0505363 0.0851199 0.00320518
0 0.210796 0.506881 0.0173491 0.0286999 0.00314769
0 0.423342 0.494154 0.0317129 0.0561088 0.00310361
0 0.386006 0.454119 0.0334952 0.0821302 0.00306883
0 0.439572 0.498732 0.0636707 0.0718974 0.00306749
0 0.0359967 0.611845 0.0432985 0.0729228 0.00305685
56 0.462617 0.522137 0.0530279 0.0612894 0.00304431
0 0.244294 0.374953 0.0370649 0.140238 0.0028781
0 0.698238 0.39561 0.0496737 0.105492 0.00286415
26 0.621984 0.494857 0.0448902 0.0575564 0.002855
0 0.619429 0.52971 0.0626781 0.0803088 0.00282836
17 0.488002 0.551524 0.173044 0.120492 0.00270161
0 0.685596 0.361541 0.0340134 0.0512518 0.00269729
20 0.511669 0.656258 0.0482774 0.042937 0.00268257
17 0.740898 0.472563 0.0573323 0.124803 0.00267348
3 0.638806 0.483801 0.0795887 0.106025 0.00266868
24 0.46512 0.459004 0.0386948 0.0759157 0.00264806
9 0.0955682 0.605706 0.0130751 0.028297 0.00259715
1 0.620845 0.499674 0.0395531 0.0529943 0.00257513
20 0.494447 0.608798 0.151766 0.14802 0.0025357
24 0.463019 0.522123 0.0549665 0.0611112 0.00251028
20 0.731299 0.474683 0.0395395 0.120229 0.00250626
17 0.626355 0.481434 0.0537022 0.0898355 0.00248733
1 0.638806 0.483801 0.0795887 0.106025 0.00248492
24 0.621408 0.458125 0.0412321 0.0696611 0.00247085
0 0.472643 0.46453 0.0283127 0.0758518 0.00246695
19 0.630963 0.511961 0.0811662 0.0868354 0.00244659
24 0.687777 0.374112 0.0317511 0.0704028 0.00242046
0 0.0520063 0.620831 0.0640894 0.0861726 0.00242019
21 0.716477 0.435024 0.112992 0.195659 0.0023596
20 0.661852 0.585547 0.178822 0.19401 0.0023464
24 0.450197 0.44929 0.0601259 0.0998803 0.00233912
19 0.633866 0.555539 0.102057 0.0998363 0.00233504
24 0.446855 0.420458 0.0221879 0.0400711 0.00223812
13 0.456845 0.511723 0.0634437 0.0829208 0.00216797
17 0.679066 0.474863 0.194222 0.223808 0.00210568
24 0.639402 0.49521 0.0524763 0.0610394 0.0020757
17 0.683108 0.429366 0.0454655 0.18146 0.00206944
24 0.0559896 0.612081 0.0512246 0.0683267 0.00205633
1 0.626355 0.481434 0.0537022 0.0898355 0.00203925
20 0.616411 0.566973 0.0660792 0.0747263 0.00198591
17 0.635365 0.485191 0.061854 0.0791892 0.00190398
24 0.451107 0.473655 0.0680988 0.128091 0.00189292
0 0.44759 0.411058 0.0237375 0.0475101 0.00189149
19 0.645528 0.509361 0.0569411 0.0823867 0.00188711
56 0.448654 0.508684 0.0728182 0.0875249 0.00184593
26 0.621408 0.458125 0.0412321 0.0696611 0.00182587
17 0.534734 0.550133 0.0831496 0.0911575 0.00181103
19 0.641056 0.498972 0.0514034 0.0610262 0.00181088
0 0.421256 0.501009 0.0270491 0.0436777 0.00180382
24 0.686564 0.386518 0.034619 0.0962835 0.00179133
17 0.412609 0.556271 0.0868826 0.0932766 0.00178799
58 0.0642927 0.60902 0.0357139 0.0604846 0.00175005
0 0.387962 0.464659 0.0427147 0.108393 0.0017482
0 0.710934 0.448687 0.0750015 0.139029 0.00172627
0 0.449751 0.521211 0.0784964 0.0750855 0.00172481
0 0.424473 0.474057 0.032852 0.0768705 0.00170204
0 0.493795 0.499592 0.163956 0.172664 0.00169966
19 0.620809 0.539688 0.0737459 0.128457 0.00169811
3 0.620845 0.499674 0.0395531 0.0529943 0.00166669
24 0.628688 0.478603 0.0589115 0.0953572 0.00165069
26 0.446855 0.420458 0.0221879 0.0400711 0.00164625
17 0.393455 0.556873 0.102373 0.0896968 0.00163776
5 0.459488 0.584834 0.23007 0.170558 0.001634
24 0.423342 0.494154 0.0317129 0.0561088 0.00163168
19 0.714328 0.446103 0.109237 0.177796 0.00159878
24 0.672357 0.489628 0.0370296 0.0646205 0.00157768
19 0.0642661 0.608056 0.0351352 0.0610159 0.0015592
17 0.436751 0.548145 0.13673 0.076409 0.00155818
24 0.621911 0.527095 0.061264 0.114325 0.00155267
24 0.441745 0.469486 0.062539 0.107789 0.00148758
20 0.630963 0.511961 0.0811662 0.0868354 0.00148121
24 0.616744 0.56048 0.0665295 0.090735 0.00147855
17 0.450559 0.481281 0.0758789 0.151225 0.00144529
26 0.423342 0.494154 0.0317129 0.0561088 0.00144413
0 0.626485 0.410491 0.0359317 0.114473 0.0014427
24 0.619429 0.52971 0.0626781 0.0803088 0.00143886
20 0.436751 0.548145 0.13673 0.076409 0.00143227
24 0.448226 0.433971 0.0304836 0.0684102 0.00142384
19 0.664838 0.492027 0.0471618 0.061597 0.00141543
20 0.516802 0.661296 0.0546634 0.0502444 0.00139362
20 0.627981 0.526899 0.0765242 0.114533 0.00139138
0 0.0317196 0.627611 0.0304552 0.041247 0.0013909
56 0.620845 0.499674 0.0395531 0.0529943 0.00136346
0 0.443505 0.440431 0.0470395 0.0792394 0.00133419
20 0.412609 0.556271 0.0868826 0.0932766 0.00131452
0 0.729791 0.444787 0.0381159 0.0775045 0.00130129
19 0.386971 0.542951 0.0871771 0.064392 0.00129962
26 0.442348 0.461666 0.0505363 0.0851199 0.00129858
17 0.402377 0.565714 0.119429 0.109458 0.00127664
0 0.469601 0.455374 0.0337474 0.0876895 0.00127596
20 0.532344 0.590517 0.431654 0.211681 0.00126871
17 0.381692 0.465911 0.0296409 0.10312 0.00126848
0 0.0978819 0.607642 0.0213921 0.0456393 0.00126719
20 0.534734 0.550133 0.0831496 0.0911575 0.00125757
0 0.840597 0.554252 0.0864544 0.139625 0.00124586
24 0.452286 0.439168 0.042458 0.0806435 0.00121003
17 0.40191 0.536424 0.0537542 0.0493347 0.00119701
26 0.635365 0.485191 0.061854 0.0791892 0.00118861
26 0.466547 0.46264 0.0377755 0.0813646 0.00118604
24 0.631121 0.49699 0.0659226 0.0750539 0.00118083
20 0.508765 0.658419 0.0569229 0.0559642 0.00117746
16 0.682185 0.430122 0.0455377 0.182351 0.00117335
0 0.684875 0.436459 0.164733 0.203251 0.00117317
12 0.0643017 0.608701 0.0359919 0.060731 0.0011676
26 0.0642927 0.60902 0.0357139 0.0604846 0.00115699
20 0.638806 0.483801 0.0795887 0.106025 0.00115496
20 0.673327 0.546372 0.192277 0.121257 0.00115171
20 0.502055 0.641383 0.101356 0.0929923 0.00115019
20 0.720881 0.472115 0.0640533 0.131759 0.00114256
20 0.409696 0.542093 0.135063 0.0705242 0.00114104
0 0.445105 0.519416 0.103403 0.100403 0.00113702
17 0.043022 0.615619 0.0362197 0.0614341 0.00113666
19 0.638806 0.483801 0.0795887 0.106025 0.00113517
17 0.0555712 0.612433 0.0514758 0.0689342 0.00112888
17 0.452032 0.564866 0.216714 0.111778 0.00111949
0 0.477657 0.525138 0.0531315 0.059851 0.00111586
19 0.740898 0.472563 0.0573323 0.124803 0.00111547
17 0.669677 0.490941 0.0409431 0.0619187 0.00111362
20 0.686646 0.595561 0.291815 0.258038 0.0011116
0 0.731158 0.440979 0.0321199 0.0586413 0.00110832
20 0.521353 0.563378 0.109629 0.118489 0.0011057
7 0.641436 0.528692 0.116679 0.153496 0.00110355
17 0.686564 0.386518 0.034619 0.0962835 0.00109383
20 0.824002 0.433031 0.33104 0.377709 0.00108466
17 0.652093 0.432959 0.105117 0.185659 0.00106207
16 0.620845 0.499674 0.0395531 0.0529943 0.00104767
17 0.731299 0.474683 0.0395395 0.120229 0.0010463
0 0.410356 0.457151 0.0424206 0.11117 0.0010379
26 0.464938 0.510797 0.0567333 0.082418 0.00103724
13 0.462617 0.522137 0.0530279 0.0612894 0.00102589
56 0.641056 0.498972 0.0514034 0.0610262 0.00102586
20 0.49584 0.64053 0.0734161 0.0654971 0.00102514
19 0.627981 0.526899 0.0765242 0.114533 0.00102335
26 0.463019 0.522123 0.0549665 0.0611112 0.00101799
0 0.432237 0.567018 0.0402744 0.106821 0.00101671
0 0.240249 0.336166 0.0293805 0.0463042 0.0010151
24 0.448654 0.508684 0.0728182 0.0875249 0.00101027
