6 0.448415 0.581673 0.745923 0.278446 0.779826
6 0.569637 0.583559 0.506181 0.252396 0.62296
2 0.937424 0.559481 0.0400223 0.0309928 0.536839
2 0.981056 0.572833 0.0378889 0.0284753 0.253073
2 0.539705 0.46674 0.0304293 0.0237838 0.249104
2 0.586284 0.471569 0.0265767 0.0186451 0.160462
2 0.831857 0.535048 0.0397293 0.0327095 0.118619
2 0.945716 0.512067 0.0189194 0.0147803 0.0873622
6 0.0434288 0.447245 0.0752566 0.035668 0.0825168
6 0.414757 0.528236 0.220279 0.124573 0.0802927
2 0.5675 0.468362 0.0241453 0.0151066 0.0659869
6 0.299644 0.522521 0.442695 0.173201 0.0628614
6 0.195323 0.468222 0.239601 0.0729502 0.0579854
6 0.163159 0.468178 0.167328 0.0666605 0.0537762
7 0.981056 0.572833 0.0378889 0.0284753 0.0458252
2 0.702398 0.520372 0.0370914 0.026691 0.0407612
2 0.80181 0.536512 0.0272163 0.0312599 0.0332506
2 0.803567 0.540251 0.022562 0.0264688 0.0329622
2 0.647445 0.49967 0.0516006 0.0398024 0.0328827
7 0.937424 0.559481 0.0400223 0.0309928 0.0327735
2 0.95211 0.515066 0.0316029 0.0194302 0.0307839
2 0.549434 0.466891 0.0525249 0.0247386 0.0262152
7 0.539705 0.46674 0.0304293 0.0237838 0.0244473
2 0.601747 0.496632 0.0177997 0.0266504 0.0241162
2 0.976098 0.502807 0.0182285 0.0277608 0.0236711
2 0.598319 0.489833 0.0221172 0.0308869 0.023513
6 0.981631 0.572785 0.0367376 0.0307802 0.0203403
6 0.647405 0.499677 0.0535301 0.0406561 0.0197614
2 0.978099 0.500544 0.0233757 0.027767 0.0191193
2 0.972159 0.50463 0.0169926 0.0299416 0.0172986
6 0.763538 0.528054 0.0924245 0.0407586 0.0166884
2 0.796128 0.535075 0.0377083 0.0337396 0.0160349
6 0.747281 0.526326 0.0678275 0.0324985 0.0153057
2 0.858074 0.493884 0.0219736 0.0182786 0.0152259
2 0.991767 0.499813 0.0157843 0.0272906 0.0150702
7 0.588453 0.472652 0.0304167 0.0224137 0.014194
2 0.653151 0.477467 0.0410864 0.0196942 0.0139551
6 0.747799 0.521764 0.1311 0.0329442 0.013578
6 0.664836 0.60213 0.314041 0.21165 0.0111628
6 0.143256 0.463297 0.134187 0.050933 0.0110966
2 0.51729 0.468146 0.0131111 0.0213921 0.0104075
6 0.542364 0.470784 0.0381409 0.0318765 0.0102736
2 0.604069 0.500627 0.0170923 0.0250473 0.0101533
5 0.647405 0.499677 0.0535301 0.0406561 0.0100827
6 0.440824 0.471828 0.0762624 0.0254753 0.00995278
6 0.141169 0.458834 0.278407 0.0522555 0.00943592
7 0.647405 0.499677 0.0535301 0.0406561 0.0093905
2 0.613679 0.50327 0.0221912 0.0233303 0.00931802
7 0.945716 0.512067 0.0189194 0.0147803 0.00916696
6 0.769997 0.527291 0.0982298 0.0536701 0.0086439
7 0.832245 0.536538 0.037995 0.0293003 0.00847268
6 0.832245 0.536538 0.037995 0.0293003 0.00842261
6 0.406276 0.492817 0.159148 0.0550772 0.00836098
2 0.6025 0.476707 0.0381951 0.0261053 0.00817573
2 0.807563 0.495627 0.0417475 0.0186588 0.00778159
7 0.6025 0.476707 0.0381951 0.0261053 0.00775304
5 0.0415807 0.446724 0.0751486 0.0350587 0.00767538
2 0.757939 0.526233 0.0798924 0.0363793 0.00738552
7 0.701883 0.516894 0.0367512 0.0270611 0.00738299
7 0.5675 0.468362 0.0241453 0.0151066 0.00699952
5 0.981056 0.572833 0.0378889 0.0284753 0.00697899
2 0.703506 0.515447 0.0415469 0.0291992 0.00670418
6 0.269241 0.471106 0.109679 0.0560903 0.00646737
2 0.766809 0.529511 0.0971495 0.0464202 0.00643966
7 0.549434 0.466891 0.0525249 0.0247386 0.00640166
6 0.203628 0.484526 0.260832 0.100859 0.00632843
6 0.652972 0.510609 0.0627213 0.0276432 0.00632787
6 0.830924 0.534543 0.0405712 0.0402692 0.00631869
6 0.560322 0.475173 0.0712437 0.0293212 0.00631267
6 0.714482 0.608379 0.213467 0.194112 0.00629219
6 0.96433 0.563337 0.0698368 0.0357238 0.00626305
6 0.752913 0.534007 0.124242 0.0460435 0.00618607
6 0.494884 0.70275 0.846551 0.542582 0.00602049
2 0.747281 0.526326 0.0678275 0.0324985 0.00594851
6 0.587572 0.477618 0.0306229 0.0266105 0.00592706
7 0.0439405 0.449522 0.0715394 0.034726 0.00588021
8 0.539705 0.46674 0.0304293 0.0237838 0.00567734
2 0.103282 0.983312 0.0574156 0.0304365 0.00565606
6 0.757859 0.602095 0.128209 0.191641 0.0054251
6 0.937455 0.558988 0.0413845 0.0301678 0.0052149
6 0.790239 0.537616 0.0472076 0.0369356 0.00519061
2 0.0664966 0.448112 0.0263751 0.0316208 0.0051901
2 0.790239 0.537616 0.0472076 0.0369356 0.00515005
2 0.569376 0.485849 0.0790842 0.0428576 0.00505534
2 0.755065 0.486689 0.0375763 0.0181192 0.00495511
6 0.723271 0.52211 0.0816149 0.030761 0.00495282
6 0.677244 0.485316 0.114815 0.0794371 0.004848
6 0.165938 0.463995 0.135387 0.0414877 0.00482413
6 0.131651 0.466196 0.101734 0.0471929 0.00471053
2 0.615865 0.493317 0.0293261 0.0362351 0.00469366
7 0.651595 0.478493 0.0439057 0.0218486 0.00459486
6 0.81017 0.528197 0.0249428 0.0377487 0.00449577
6 0.206077 0.46638 0.0759126 0.0407205 0.00436553
6 0.307124 0.502094 0.391917 0.11837 0.00432801
2 0.723271 0.52211 0.0816149 0.030761 0.0042837
9 0.806186 0.96119 0.0113655 0.0518087 0.0042828
6 0.415103 0.486081 0.134645 0.0511538 0.0041182
6 0.722356 0.517686 0.177377 0.0305167 0.00408885
7 0.95211 0.515066 0.0316029 0.0194302 0.00403109
6 0.703506 0.515447 0.0415469 0.0291992 0.00399157
7 0.972159 0.50463 0.0169926 0.0299416 0.00398281
5 0.651595 0.478493 0.0439057 0.0218486 0.00397512
6 0.900844 0.544308 0.173786 0.0558406 0.00396368
6 0.0664966 0.448112 0.0263751 0.0316208 0.00391757
5 0.538652 0.466199 0.0312881 0.0254305 0.00384194
5 0.549434 0.466891 0.0525249 0.0247386 0.00383314
6 0.239165 0.463671 0.0807596 0.0410709 0.00382653
6 0.462904 0.473706 0.0321798 0.021365 0.00379285
7 0.659212 0.501038 0.0706072 0.0429149 0.00377756
6 0.235293 0.465879 0.180362 0.0653627 0.00373867
6 0.659212 0.501038 0.0706072 0.0429149 0.00358191
6 0.68454 0.477037 0.0955474 0.0730566 0.00351614
2 0.756532 0.49052 0.0418669 0.0184408 0.00347832
7 0.0346216 0.446256 0.0680588 0.0320862 0.00343806
7 0.976098 0.502807 0.0182285 0.0277608 0.00338784
2 0.0439405 0.449522 0.0715394 0.034726 0.00334692
6 0.434905 0.477685 0.174915 0.0287829 0.00333688
6 0.662293 0.556511 0.112121 0.0730582 0.00326437
6 0.707372 0.467244 0.0855595 0.0605751 0.00324795
2 0.880258 0.496929 0.0201237 0.0206908 0.0032405
6 0.967592 0.516792 0.0239981 0.0153035 0.0032137
6 0.140016 0.454259 0.237498 0.0416203 0.00320923
7 0.601747 0.496632 0.0177997 0.0266504 0.00317496
6 0.613209 0.483197 0.0261427 0.0296381 0.00313935
6 0.258192 0.465026 0.0931607 0.0488952 0.00310543
6 0.628194 0.448277 0.0447452 0.0357308 0.0031037
6 0.229121 0.46389 0.0298769 0.0325112 0.00305685
8 0.981588 0.572343 0.0368247 0.0300369 0.00299236
2 0.972991 0.562874 0.0540173 0.0459446 0.0029639
6 0.610937 0.447499 0.0697995 0.0310381 0.00284541
7 0.598319 0.489833 0.0221172 0.0308869 0.00281596
6 0.775679 0.54104 0.0906678 0.0490054 0.00271484
2 0.765235 0.522628 0.0967583 0.0367337 0.00267774
6 0.714437 0.509047 0.0782029 0.043724 0.00264099
6 0.398669 0.513892 0.191083 0.109162 0.00264058
2 0.527654 0.437017 0.0156521 0.0182221 0.0026249
2 0.659212 0.501038 0.0706072 0.0429149 0.00262371
5 0.6025 0.476707 0.0381951 0.0261053 0.00260809
6 0.981195 0.588988 0.0376095 0.0634834 0.00259081
5 0.936818 0.559322 0.0398247 0.0333282 0.00258014
6 0.46248 0.462138 0.0706648 0.0314198 0.00256249
0 0.972159 0.50463 0.0169926 0.0299416 0.00254357
6 0.888812 0.51905 0.0916988 0.0197473 0.0024893
6 0.222122 0.458497 0.0438348 0.0373903 0.00244349
6 0.494785 0.474673 0.105515 0.0318761 0.00244331
6 0.471017 0.474015 0.109795 0.030262 0.00242978
7 0.803567 0.540251 0.022562 0.0264688 0.0024142
7 0.991871 0.502122 0.0159706 0.0241655 0.00241315
7 0.616284 0.454012 0.0567614 0.0300912 0.00240901
6 0.65187 0.476215 0.0451979 0.0225211 0.00240532
5 0.588453 0.472652 0.0304167 0.0224137 0.00239155
2 0.679049 0.509275 0.0207173 0.0290133 0.00238481
7 0.80181 0.536512 0.0272163 0.0312599 0.00237268
2 0.967592 0.516792 0.0239981 0.0153035 0.00230429
6 0.726454 0.493652 0.175171 0.0698643 0.0022988
2 0.613313 0.476345 0.0430567 0.0264127 0.00225884
7 0.0664966 0.448112 0.0263751 0.0316208 0.00225598
2 0.746694 0.520508 0.113984 0.0372225 0.00224957
2 0.867766 0.494842 0.0396328 0.0226538 0.00224704
6 0.538652 0.466199 0.0312881 0.0254305 0.00224435
6 0.771096 0.486576 0.0987259 0.0303813 0.00223073
5 0.945716 0.512067 0.0189194 0.0147803 0.00220916
2 0.581486 0.501039 0.0676614 0.0246099 0.00219873
2 0.777451 0.494018 0.0915342 0.0212312 0.00218865
9 0.803567 0.540251 0.022562 0.0264688 0.00218812
7 0.978099 0.500544 0.0233757 0.027767 0.00218332
6 0.678444 0.46649 0.149252 0.0765203 0.00218192
7 0.972991 0.562874 0.0540173 0.0459446 0.00217447
6 0.259601 0.480105 0.39082 0.0865851 0.00217387
5 0.677244 0.485316 0.114815 0.0794371 0.0021618
7 0.858074 0.493884 0.0219736 0.0182786 0.00216129
6 0.271851 0.476315 0.0843152 0.0573358 0.0021472
7 0.629471 0.969938 0.0947565 0.0592207 0.002143
9 0.0109092 0.573543 0.0174126 0.0324078 0.00213286
7 0.811304 0.495337 0.0332397 0.0184847 0.00211692
6 0.247815 0.459221 0.0714778 0.0427798 0.00211158
7 0.763538 0.528054 0.0924245 0.0407586 0.00209826
7 0.677244 0.485316 0.114815 0.0794371 0.00207028
2 0.509878 0.471412 0.0266016 0.0158194 0.00205764
5 0.831857 0.535048 0.0397293 0.0327095 0.00205755
7 0.103494 0.983604 0.0573208 0.0311557 0.00204235
0 0.976098 0.502807 0.0182285 0.0277608 0.00202408
6 0.801123 0.538988 0.0283316 0.0297244 0.002022
9 0.972159 0.50463 0.0169926 0.0299416 0.00199366
6 0.702398 0.520372 0.0370914 0.026691 0.0019691
6 0.549434 0.466891 0.0525249 0.0247386 0.00195193
6 0.228395 0.457007 0.0280261 0.0281268 0.00193325
2 0.936716 0.567029 0.0456844 0.0461217 0.00192952
7 0.613313 0.476345 0.0430567 0.0264127 0.00192752
2 0.541658 0.475612 0.0385955 0.0436525 0.00192195
13 0.980777 0.573778 0.0383234 0.0290284 0.00191304
2 0.960385 0.49697 0.0120783 0.0215984 0.00189084
7 0.714437 0.509047 0.0782029 0.043724 0.00189063
5 0.769997 0.527291 0.0982298 0.0536701 0.00188971
7 0.553524 0.46225 0.0526228 0.0270336 0.00185129
5 0.5675 0.468362 0.0241453 0.0151066 0.00184461
2 0.936682 0.510595 0.0207235 0.0150568 0.00183928
7 0.654155 0.466167 0.0453545 0.0374766 0.00183299
2 0.681975 0.52662 0.0386148 0.0207445 0.00182876
6 0.479172 0.542092 0.0866203 0.0917229 0.00182858
6 0.26106 0.470549 0.0547944 0.0426621 0.00182593
5 0.95211 0.515066 0.0316029 0.0194302 0.00180343
7 0.601772 0.45544 0.0312307 0.0247829 0.00178286
6 0.701979 0.507532 0.048171 0.0424115 0.0017783
6 0.444973 0.465226 0.0868843 0.0390576 0.00177601
5 0.615208 0.446603 0.0678009 0.0335013 0.00174367
2 0.96433 0.563337 0.0698368 0.0357238 0.00173369
6 0.147822 0.452517 0.147702 0.0606543 0.00173366
2 0.550294 0.477857 0.0570286 0.0457748 0.00170416
5 0.659212 0.501038 0.0706072 0.0429149 0.00170416
2 0.440824 0.471828 0.0762624 0.0254753 0.00170341
6 0.318657 0.508175 0.265571 0.113555 0.00168917
7 0.747281 0.526326 0.0678275 0.0324985 0.00168687
6 0.754161 0.539665 0.488658 0.0635022 0.00168398
7 0.746694 0.520508 0.113984 0.0372225 0.00168008
2 0.0159077 0.446786 0.0293441 0.0266413 0.00167951
6 0.743966 0.541059 0.105508 0.0496628 0.00167596
7 0.769997 0.527291 0.0982298 0.0536701 0.00167501
5 0.553524 0.46225 0.0526228 0.0270336 0.00165647
6 0.047141 0.455909 0.064524 0.0460691 0.00164449
6 0.0687657 0.44453 0.0181367 0.0300504 0.00164384
6 0.796128 0.535075 0.0377083 0.0337396 0.0016425
5 0.701883 0.516894 0.0367512 0.0270611 0.00162959
6 0.144938 0.469061 0.106717 0.047109 0.0016104
8 0.549434 0.466891 0.0525249 0.0247386 0.00160629
6 0.498535 0.544601 0.0489105 0.0904643 0.00159904
6 0.616284 0.454012 0.0567614 0.0300912 0.00159809
2 0.524601 0.437988 0.0205654 0.0195463 0.00159085
7 0.796128 0.535075 0.0377083 0.0337396 0.00159082
7 0.527654 0.437017 0.0156521 0.0182221 0.00156567
5 0.616284 0.454012 0.0567614 0.0300912 0.00154385
7 0.441465 0.472704 0.0749867 0.0253355 0.00154233
6 0.17773 0.471389 0.0353404 0.0404271 0.00153252
2 0.627525 0.969653 0.0897854 0.0606949 0.00152615
6 0.468903 0.457666 0.069356 0.0342138 0.00151712
6 0.897937 0.500859 0.0593361 0.0309577 0.00150141
0 0.423027 0.533988 0.0210464 0.0350915 0.00149682
2 0.663979 0.462727 0.0216252 0.0291634 0.00146285
5 0.143256 0.463297 0.134187 0.050933 0.00146058
7 0.701979 0.507532 0.048171 0.0424115 0.00145841
6 0.712704 0.433621 0.0863873 0.0213677 0.0014573
6 0.120296 0.46327 0.0826019 0.0447252 0.00145599
19 0.629471 0.969938 0.0947565 0.0592207 0.00143126
6 0.379508 0.51649 0.106832 0.0772702 0.00142962
2 0.75178 0.533016 0.14167 0.0471277 0.00142413
6 0.686485 0.494481 0.14264 0.0601795 0.0014196
2 0.531367 0.45833 0.0446901 0.0268151 0.0014028
2 0.0687657 0.44453 0.0181367 0.0300504 0.00138199
2 0.980889 0.565845 0.0382229 0.0436878 0.00136468
6 0.264912 0.431982 0.0719543 0.0425246 0.00136003
7 0.615208 0.446603 0.0678009 0.0335013 0.00135031
5 0.763538 0.528054 0.0924245 0.0407586 0.00134254
7 0.51729 0.468146 0.0131111 0.0213921 0.00132537
7 0.723271 0.52211 0.0816149 0.030761 0.00132263
2 0.0847601 0.456854 0.0143474 0.0332481 0.00130787
0 0.41896 0.542978 0.0267919 0.0322041 0.00129712
6 0.654126 0.410875 0.209702 0.0370907 0.00129098
7 0.980889 0.565845 0.0382229 0.0436878 0.00128675
6 0.0984298 0.459798 0.0416772 0.0364041 0.00128046
7 0.0687657 0.44453 0.0181367 0.0300504 0.00126266
0 0.613679 0.50327 0.0221912 0.0233303 0.00125223
8 0.586284 0.471569 0.0265767 0.0186451 0.00124672
13 0.83225 0.537869 0.0374783 0.0317495 0.00122073
6 0.6025 0.476707 0.0381951 0.0261053 0.0012193
7 0.754468 0.489138 0.0455996 0.0214741 0.00120237
6 0.56039 0.482493 0.0749266 0.0482483 0.0012002
5 0.440824 0.471828 0.0762624 0.0254753 0.00119838
7 0.715451 0.967954 0.26884 0.0628868 0.00115865
6 0.450888 0.464183 0.0458248 0.0347667 0.00115675
6 0.750788 0.5571 0.126533 0.0634316 0.00114709
7 0.755065 0.486689 0.0375763 0.0181192 0.00114435
2 0.654155 0.466167 0.0453545 0.0374766 0.00114286
9 0.991871 0.502122 0.0159706 0.0241655 0.00114045
6 0.666871 0.46112 0.187686 0.0642153 0.00113538
2 0.0346216 0.446256 0.0680588 0.0320862 0.0011279
7 0.579045 0.463269 0.0556927 0.0301044 0.00112674
2 0.499624 0.569519 0.0444835 0.0399243 0.00112122
8 0.5675 0.468362 0.0241453 0.0151066 0.00111413
6 0.565897 0.436239 0.0545992 0.0197584 0.00111154
5 0.0664966 0.448112 0.0263751 0.0316208 0.00111145
6 0.405378 0.46846 0.149108 0.0227994 0.00110975
6 0.593502 0.450373 0.0940311 0.0309308 0.00110757
0 0.581795 0.545401 0.0103457 0.0304747 0.00109273
6 0.509878 0.471412 0.0266016 0.0158194 0.00108072
5 0.654155 0.466167 0.0453545 0.0374766 0.0010775
8 0.937424 0.559481 0.0400223 0.0309928 0.0010654
7 0.880258 0.496929 0.0201237 0.0206908 0.00106356
6 0.543582 0.458084 0.038639 0.038738 0.0010567
5 0.714437 0.509047 0.0782029 0.043724 0.00105643
6 0.754468 0.489138 0.0455996 0.0214741 0.00105172
7 0.462904 0.473706 0.0321798 0.021365 0.00105152
5 0.972159 0.50463 0.0169926 0.0299416 0.00104311
5 0.613313 0.476345 0.0430567 0.0264127 0.00104123
6 0.264691 0.477235 0.0570107 0.0561648 0.00103185
6 0.265253 0.435207 0.0691751 0.0308152 0.00103042
58 0.476534 0.739622 0.0402962 0.0254479 0.0010244
6 0.581486 0.501039 0.0676614 0.0246099 0.00102422
2 0.56039 0.482493 0.0749266 0.0482483 0.00101706
5 0.0687657 0.44453 0.0181367 0.0300504 0.00101531
8 0.945716 0.512067 0.0189194 0.0147803 0.00101066
