0 0.342936 0.179521 0.0371983 0.132281 0.849521
0 0.13253 0.466636 0.0312497 0.234799 0.832425
0 0.948673 0.813575 0.0449867 0.217337 0.791418
0 0.849317 0.742859 0.0413544 0.22043 0.771661
0 0.907026 0.824493 0.0419529 0.167171 0.726753
0 0.596348 0.181955 0.0269377 0.121541 0.721298
0 0.444563 0.181294 0.0436779 0.149722 0.67628
0 0.432493 0.0978034 0.0301561 0.113271 0.469539
34 0.84579 0.609747 0.0113342 0.116918 0.151964
34 0.847838 0.612624 0.0173569 0.122347 0.146768
0 0.585164 0.130848 0.0115505 0.0480915 0.121623
0 0.43432 0.110827 0.0361952 0.147294 0.10511
0 0.882857 0.179283 0.0185026 0.110132 0.0629334
0 0.745785 0.0810771 0.0138781 0.0605021 0.040991
0 0.866832 0.175879 0.0173355 0.100383 0.0355975
0 0.854786 0.161919 0.0149075 0.101942 0.0299779
0 0.847838 0.612624 0.0173569 0.122347 0.0289398
0 0.930791 0.220887 0.0184464 0.116542 0.0278225
0 0.941421 0.762369 0.0312521 0.111468 0.0255878
0 0.933651 0.226999 0.014665 0.106477 0.0255286
0 0.864099 0.168419 0.0162651 0.102541 0.022991
32 0.0430008 0.552043 0.0138054 0.0266032 0.0229828
0 0.742884 0.0592475 0.0200025 0.107854 0.0208752
0 0.75007 0.088606 0.0200228 0.0725726 0.0200657
0 0.856756 0.168092 0.0122215 0.0908867 0.019761
0 0.831543 0.142263 0.0145559 0.0964284 0.0187156
0 0.896338 0.19732 0.012888 0.0871693 0.0178994
0 0.869646 0.180776 0.016394 0.102262 0.0153117
0 0.845591 0.149905 0.0151615 0.0916152 0.0150819
0 0.428372 0.110681 0.0442368 0.127004 0.0150135
0 0.856175 0.152118 0.015926 0.10488 0.0147431
0 0.844165 0.139807 0.015307 0.108909 0.0145429
0 0.899757 0.878212 0.0285982 0.0512687 0.0143248
0 0.940913 0.0528434 0.017675 0.05822 0.0134578
0 0.992836 0.302759 0.012677 0.0601805 0.0131521
0 0.964738 0.0564537 0.0157284 0.0744728 0.0131191
0 0.918386 0.22309 0.013398 0.0953977 0.0127507
0 0.965852 0.0675227 0.014978 0.0709566 0.0118594
0 0.910197 0.215487 0.0164047 0.0721192 0.0116255
0 0.956174 0.0629728 0.0131147 0.0554726 0.0112389
0 0.943027 0.0602231 0.013903 0.0485911 0.0111803
0 0.914765 0.198652 0.0212915 0.13837 0.0109924
0 0.910104 0.195153 0.0226292 0.111774 0.0106353
0 0.890858 0.183403 0.0234499 0.110257 0.010275
13 0.97176 0.246553 0.0493343 0.0931265 0.0100363
34 0.941421 0.762369 0.0312521 0.111468 0.00959143
0 0.837585 0.146176 0.0128994 0.0983342 0.00932071
0 0.726824 0.068381 0.0158869 0.0581895 0.00928038
0 0.435992 0.161635 0.0640077 0.172076 0.0091303
34 0.843462 0.663032 0.0223206 0.0601707 0.0090141
0 0.914568 0.22385 0.0175129 0.10167 0.00874543
0 0.847396 0.156556 0.0160736 0.0846838 0.00874126
0 0.954905 0.054677 0.0154108 0.0636906 0.00870728
0 0.787304 0.111414 0.019582 0.0913923 0.00849664
0 0.909229 0.177365 0.0230316 0.106124 0.00798205
0 0.989078 0.0797414 0.0173084 0.0754893 0.00747016
0 0.84579 0.609747 0.0113342 0.116918 0.00714093
0 0.940926 0.237336 0.0175291 0.10967 0.00700438
0 0.8893 0.0282988 0.0136812 0.0438953 0.00692981
0 0.920823 0.229625 0.0136795 0.0869331 0.00684246
13 0.964759 0.260908 0.0286516 0.085788 0.00644556
0 0.934067 0.0485056 0.0208725 0.0566037 0.00642326
0 0.991417 0.0802578 0.0166561 0.0677899 0.00635466
34 0.444601 0.18099 0.0433825 0.147621 0.00632033
0 0.843462 0.663032 0.0223206 0.0601707 0.00625935
0 0.919711 0.0423044 0.01675 0.0513684 0.00622097
0 0.93962 0.251928 0.0155937 0.0842697 0.00616613
0 0.819708 0.137251 0.0108372 0.0740852 0.00584778
0 0.933628 0.214503 0.0210541 0.136447 0.00584766
13 0.975517 0.241858 0.0461893 0.0732301 0.00576091
0 0.836238 0.137582 0.0169447 0.104456 0.00573611
0 0.905384 0.0251244 0.0136553 0.0502487 0.00555399
0 0.846838 0.619421 0.0283295 0.135678 0.0054419
13 0.754832 0.103315 0.0261056 0.0581906 0.00540495
34 0.121615 0.56336 0.0174487 0.0357473 0.00534669
13 0.981115 0.261532 0.0343533 0.0886345 0.00532275
34 0.947642 0.806248 0.0449306 0.200064 0.0050948
34 0.409178 0.144029 0.0284764 0.0554278 0.00502828
0 0.907303 0.75594 0.0149551 0.0419978 0.00497976
0 0.131711 0.444531 0.0268683 0.190443 0.00488365
0 0.990165 0.056457 0.0196709 0.112914 0.00483856
0 0.130234 0.555796 0.0339475 0.0540374 0.00476679
0 0.890878 0.0233353 0.0157246 0.0466707 0.00469825
0 0.911595 0.16876 0.021101 0.0882316 0.00462529
35 0.899757 0.878212 0.0285982 0.0512687 0.00450623
13 0.768776 0.112921 0.0169559 0.0612773 0.00431868
0 0.921271 0.806256 0.0382656 0.174407 0.00427803
56 0.784435 0.117748 0.0160358 0.0782406 0.00422341
34 0.430398 0.103341 0.0384087 0.13159 0.00421378
0 0.44003 0.0968979 0.037291 0.103032 0.00421181
0 0.121615 0.56336 0.0174487 0.0357473 0.00419921
34 0.945264 0.91203 0.0170809 0.0278281 0.00401106
0 0.432454 0.0859628 0.0408086 0.141824 0.0039669
0 0.852729 0.711467 0.0270706 0.154389 0.00395682
0 0.74144 0.0479059 0.017079 0.0920024 0.0038344
34 0.852729 0.711467 0.0270706 0.154389 0.00375995
35 0.941421 0.762369 0.0312521 0.111468 0.00364503
56 0.784567 0.108445 0.0224853 0.0975599 0.0036352
0 0.868008 0.134004 0.0205765 0.0782163 0.00361416
34 0.944333 0.855699 0.021624 0.133245 0.00353312
34 0.862507 0.841415 0.0215847 0.0312534 0.00352651
0 0.727198 0.0568052 0.024694 0.0695267 0.00351799
0 0.784435 0.117748 0.0160358 0.0782406 0.00345522
38 0.84579 0.609747 0.0113342 0.116918 0.00337929
0 0.816213 0.12786 0.0140881 0.0922436 0.00331759
0 0.981651 0.0807193 0.0152309 0.0685033 0.00330716
0 0.981133 0.0580219 0.0144295 0.0893466 0.00329173
13 0.956095 0.240918 0.0223213 0.0972227 0.00327745
0 0.596013 0.164287 0.0298426 0.139543 0.00323501
34 0.934847 0.727586 0.0184513 0.0591901 0.0031282
0 0.815611 0.117316 0.016988 0.0967292 0.00302944
0 0.878905 0.160105 0.0161846 0.128299 0.00299978
0 0.798422 0.101721 0.0210342 0.118067 0.00296941
0 0.944333 0.855699 0.021624 0.133245 0.0029121
0 0.816103 0.0927523 0.0157732 0.109797 0.00287715
34 0.418588 0.122832 0.0418001 0.0555269 0.00272584
35 0.121615 0.56336 0.0174487 0.0357473 0.00266775
0 0.919908 0.0326405 0.0192242 0.065281 0.00261909
0 0.927977 0.195967 0.0243626 0.135042 0.00259387
0 0.934847 0.727586 0.0184513 0.0591901 0.00253287
0 0.740398 0.0158001 0.0165381 0.0316002 0.00249723
13 0.969091 0.212041 0.0610214 0.138445 0.00245288
0 0.963908 0.0852226 0.0146774 0.0570271 0.00243798
56 0.798422 0.101721 0.0210342 0.118067 0.00239679
36 0.899757 0.878212 0.0285982 0.0512687 0.00239441
36 0.444601 0.18099 0.0433825 0.147621 0.00226972
13 0.722534 0.064715 0.0201887 0.0531107 0.00224119
0 0.937683 0.221906 0.0252277 0.12931 0.00223821
0 0.935938 0.0584371 0.019313 0.0511442 0.0022369
0 0.804362 0.134832 0.0154945 0.0678204 0.00221711
0 0.797426 0.125875 0.0168718 0.073866 0.00221142
0 0.914299 0.0320549 0.0145138 0.0550814 0.00218147
34 0.343547 0.180954 0.0369596 0.13259 0.00210136
0 0.962419 0.0426511 0.014015 0.0758093 0.00206241
0 0.991624 0.284684 0.0159958 0.0975941 0.00202808
34 0.136536 0.561042 0.0226569 0.0419015 0.00202808
0 0.956609 0.252096 0.0205292 0.0816012 0.00201735
0 0.743136 0.0843579 0.0192885 0.0816103 0.00195521
34 0.427968 0.228749 0.0279202 0.0505262 0.00194392
0 0.991082 0.307182 0.0169554 0.0585625 0.00191155
0 0.756279 0.101359 0.0305166 0.0743498 0.00190684
34 0.426665 0.160242 0.0527679 0.139699 0.00190175
0 0.801585 0.127245 0.0193033 0.0787174 0.00183275
34 0.333447 0.0362867 0.0582127 0.0725735 0.00182015
0 0.885395 0.189219 0.0194309 0.131865 0.00181016
0 0.136536 0.561042 0.0226569 0.0419015 0.00180906
56 0.804362 0.134832 0.0154945 0.0678204 0.00179461
0 0.722534 0.064715 0.0201887 0.0531107 0.00176597
38 0.847838 0.612624 0.0173569 0.122347 0.00175121
0 0.750274 0.0715146 0.0301619 0.104879 0.00172007
13 0.751988 0.0906807 0.0236442 0.0712765 0.00170648
0 0.764969 0.0984666 0.0296778 0.0839827 0.00170398
56 0.768776 0.112921 0.0169559 0.0612773 0.00169504
13 0.953039 0.226137 0.0403027 0.119229 0.00167039
0 0.936706 0.0401492 0.0188183 0.0653437 0.00166836
0 0.946087 0.75616 0.0398472 0.118129 0.00166687
34 0.585164 0.130848 0.0115505 0.0480915 0.00159195
24 0.899757 0.878212 0.0285982 0.0512687 0.00155011
34 0.840918 0.612859 0.0231987 0.118911 0.00152633
34 0.889539 0.846197 0.0270042 0.0498341 0.00150985
38 0.585164 0.130848 0.0115505 0.0480915 0.00150883
56 0.909229 0.177365 0.0230316 0.106124 0.00150025
0 0.972208 0.283338 0.0143946 0.0550923 0.00148985
0 0.840611 0.0938834 0.0187279 0.0624458 0.00148779
0 0.831255 0.0907312 0.0187042 0.0885673 0.00148529
35 0.947642 0.806248 0.0449306 0.200064 0.00147811
34 0.910583 0.824352 0.0371565 0.164816 0.00145999
0 0.815559 0.0665544 0.0156727 0.0762024 0.00145459
0 0.984619 0.292412 0.0252411 0.063951 0.00141919
36 0.121615 0.56336 0.0174487 0.0357473 0.00138941
38 0.945264 0.91203 0.0170809 0.0278281 0.00138655
56 0.797426 0.125875 0.0168718 0.073866 0.00137192
34 0.848859 0.840689 0.0422295 0.0325449 0.0013648
13 0.972872 0.146274 0.0511086 0.0821421 0.00133225
13 0.784435 0.117748 0.0160358 0.0782406 0.00133047
56 0.722534 0.064715 0.0201887 0.0531107 0.00131193
34 0.133433 0.466432 0.0279341 0.227427 0.00129616
0 0.798038 0.056339 0.01968 0.0552717 0.00129187
56 0.801585 0.127245 0.0193033 0.0787174 0.00129065
0 0.993121 0.0301421 0.0137582 0.0602841 0.00125518
13 0.981882 0.146356 0.0345705 0.0717572 0.00125223
56 0.919711 0.0423044 0.01675 0.0513684 0.00124896
34 0.324979 0.0298599 0.0439187 0.0597199 0.00124425
13 0.764969 0.0984666 0.0296778 0.0839827 0.00124049
13 0.784567 0.108445 0.0224853 0.0975599 0.00123468
32 0.313903 0.009587 0.0240577 0.019174 0.00120288
34 0.44716 0.199555 0.0500858 0.134764 0.0011957
56 0.764969 0.0984666 0.0296778 0.0839827 0.00119346
35 0.585164 0.130848 0.0115505 0.0480915 0.00118372
36 0.907307 0.823391 0.039999 0.164796 0.00116619
34 0.907303 0.75594 0.0149551 0.0419978 0.00115624
35 0.945264 0.91203 0.0170809 0.0278281 0.00115499
34 0.934626 0.912483 0.0408829 0.0369447 0.00114289
13 0.984612 0.19003 0.028681 0.064782 0.00112209
56 0.991417 0.0802578 0.0166561 0.0677899 0.00111932
0 0.907651 0.139594 0.0222086 0.0755016 0.00109634
34 0.94833 0.907879 0.0240288 0.0430096 0.00109228
0 0.814242 0.132029 0.0180866 0.105409 0.00107858
13 0.966039 0.162828 0.0601715 0.0902109 0.00107789
36 0.945264 0.91203 0.0170809 0.0278281 0.00107726
0 0.602486 0.186491 0.0401563 0.124495 0.00105095
56 0.956095 0.240918 0.0223213 0.0972227 0.00102854
0 0.736427 0.0151257 0.0174141 0.0302513 0.00102821
0 0.860547 0.14472 0.0287411 0.124927 0.00102782
38 0.131711 0.444531 0.0268683 0.190443 0.00102204
56 0.831543 0.142263 0.0145559 0.0964284 0.00100687
56 0.964759 0.260908 0.0286516 0.085788 0.00100598
