0 0.415759 0.541557 0.254281 0.626816 0.831822
3 0.553162 0.71116 0.52597 0.529647 0.656617
1 0.55105 0.712243 0.527262 0.530599 0.502667
0 0.918908 0.422204 0.0327835 0.0413233 0.173284
26 0.641964 0.532326 0.267798 0.164578 0.0930265
0 0.412358 0.379722 0.247395 0.300937 0.0603684
0 0.877546 0.421894 0.0270932 0.0327645 0.052259
14 0.919989 0.421942 0.0348871 0.0400638 0.0256487
19 0.877546 0.421894 0.0270932 0.0327645 0.0140948
24 0.642093 0.537387 0.264267 0.166871 0.0135723
0 0.881395 0.421899 0.0335867 0.0372774 0.0112559
26 0.620443 0.55156 0.17411 0.100491 0.0110734
1 0.393397 0.713264 0.159316 0.258267 0.0103143
0 0.532463 0.5457 0.484932 0.635462 0.0095931
26 0.607245 0.535214 0.170482 0.132051 0.00918075
1 0.347555 0.710597 0.0703269 0.248907 0.00805292
1 0.407222 0.646281 0.185835 0.33835 0.00796086
1 0.401252 0.634003 0.175029 0.234313 0.00719458
28 0.641964 0.532326 0.267798 0.164578 0.00577953
14 0.877546 0.421894 0.0270932 0.0327645 0.00546485
1 0.347995 0.65455 0.0688493 0.131208 0.00531244
16 0.919805 0.421911 0.0346103 0.0405886 0.00400603
1 0.3695 0.71709 0.126024 0.279506 0.00392938
1 0.635998 0.718689 0.359027 0.516329 0.00366139
19 0.919888 0.421791 0.0348084 0.0389418 0.00335366
26 0.576285 0.534974 0.442605 0.181736 0.0033296
0 0.574795 0.446345 0.0846822 0.0697748 0.00279129
17 0.919805 0.421911 0.0346103 0.0405886 0.00276768
16 0.877546 0.421894 0.0270932 0.0327645 0.00275987
17 0.877546 0.421894 0.0270932 0.0327645 0.00258675
55 0.638885 0.531531 0.271041 0.162681 0.00223818
9 0.877546 0.421894 0.0270932 0.0327645 0.00208655
37 0.63623 0.532821 0.273231 0.162494 0.00204846
0 0.567498 0.434885 0.0700393 0.0542171 0.00194246
0 0.922628 0.218 0.0422862 0.0566576 0.00185922
0 0.878583 0.432955 0.0299251 0.0562098 0.00183156
3 0.877546 0.421894 0.0270932 0.0327645 0.00173229
25 0.63623 0.532821 0.273231 0.162494 0.0016776
1 0.877871 0.422103 0.0275865 0.0328674 0.00166464
1 0.35105 0.718078 0.0995565 0.260686 0.00163782
0 0.560331 0.430711 0.05178 0.0370213 0.00150454
1 0.323123 0.70741 0.132908 0.260386 0.00148594
1 0.345806 0.718219 0.146458 0.273674 0.0014841
39 0.478893 0.767539 0.0653837 0.143224 0.00146326
1 0.919477 0.422068 0.0339377 0.0392037 0.00138491
0 0.428271 0.628265 0.176865 0.381541 0.00131065
1 0.350402 0.618507 0.0768855 0.213264 0.00129816
0 0.406763 0.6565 0.135235 0.404959 0.00125468
0 0.893432 0.42199 0.0586689 0.0366307 0.00124192
0 0.87285 0.437009 0.0212069 0.0504509 0.00118199
0 0.17774 0.430093 0.0271577 0.0597025 0.00111037
26 0.64115 0.495413 0.265068 0.091724 0.0010736
34 0.295579 0.478304 0.0353225 0.137223 0.00104481
