65 0.950533 0.903293 0.0989346 0.193415 0.0135138
65 0.333933 0.0422465 0.0654668 0.0844931 0.012643
65 0.274356 0.905377 0.102136 0.189246 0.0125346
65 0.200039 0.904588 0.108393 0.190825 0.0120806
65 0.448252 0.906022 0.0856697 0.187956 0.0111116
65 0.199175 0.0378967 0.0459418 0.0757935 0.010861
65 0.14137 0.901186 0.085742 0.197628 0.0107227
65 0.933551 0.903314 0.0811064 0.193372 0.0100562
65 0.113891 0.908702 0.0971459 0.182595 0.0100407
65 1 0.823559 0 0.155645 0.00950181
65 1 0.831995 0 0.118489 0.00933096
65 0.728019 0.904149 0.081684 0.191703 0.00916702
65 0.965577 0.905558 0.0688449 0.188884 0.00887448
65 0.908422 0.905582 0.0829531 0.188836 0.00865903
65 0.0420983 0.901864 0.0841966 0.196273 0.00846955
65 0.672082 0.906067 0.0940151 0.187865 0.007898
65 0.889069 0.905371 0.103146 0.189257 0.00780594
65 0.178047 0.909187 0.085367 0.181626 0.00778824
65 0.696533 0.904289 0.0816469 0.191421 0.00738475
65 0.257455 0.901905 0.0862942 0.19619 0.00736654
65 0.212731 0.452993 0.0487313 0.231418 0.00720528
65 0.297049 0.907076 0.108652 0.185848 0.00665143
65 0.38529 0.905622 0.088746 0.188756 0.00656739
65 0.847903 0.906121 0.0687342 0.187758 0.00649571
65 0.527094 0.902693 0.0955112 0.194614 0.00639644
65 0.584104 0.902342 0.101947 0.195317 0.00637573
6 0.158291 0.892654 0.227581 0.214691 0.00622359
65 0.870424 0.903953 0.0949417 0.192094 0.0061228
65 0.807485 0.0213049 0.03414 0.0426097 0.00597516
65 0.119172 0.910976 0.0551763 0.178048 0.00592354
6 0.850802 0.92242 0.298396 0.15516 0.0058814
65 0.306996 0.903141 0.0331187 0.193718 0.00568447
65 0.753572 0.904808 0.0901505 0.190385 0.00564411
65 0.494218 0.909398 0.0680806 0.181204 0.0055384
65 0.328724 0.90458 0.0904812 0.19084 0.00553286
65 0.544501 0.906449 0.109625 0.187102 0.00542566
6 0.201844 0.162053 0.245113 0.324106 0.00541192
6 0.803106 0.930771 0.254264 0.138459 0.00536367
6 0.868312 0.901028 0.263376 0.197945 0.00534147
65 0.638881 0.906332 0.106299 0.187335 0.00514865
6 0.564876 0.407217 0.200229 0.302342 0.00511548
65 0.687074 0.907875 0.076399 0.184249 0.00509244
65 0.40882 0.906142 0.0883625 0.187716 0.00508574
6 0.237247 0.897012 0.340168 0.205976 0.00508514
6 0.831501 0.910012 0.309148 0.179976 0.00498158
65 1 0.474058 0 0.100981 0.00488955
6 0.450725 0.310294 0.277506 0.329421 0.00483459
6 0.451941 0.520868 0.236581 0.289642 0.00483271
6 0.157344 0.71204 0.197499 0.325643 0.00481808
65 0.0316588 0.909031 0.0633177 0.181937 0.00473794
6 0.601647 0.80857 0.211331 0.297195 0.00470728
6 0.325928 0.914459 0.312999 0.171082 0.004702
6 0.558613 0.603086 0.159721 0.243691 0.00468054
65 0.775862 0.906426 0.103592 0.187147 0.00466171
6 0.881795 0.935588 0.236411 0.128824 0.00458539
6 0.941314 0.401338 0.117371 0.299858 0.0045594
65 0.171816 0.162241 0.0485963 0.19382 0.00452694
65 0.977707 0.592609 0.0445852 0.120254 0.00451401
6 0.24347 0.598537 0.227346 0.260476 0.0044947
6 0.242928 0.157131 0.224204 0.314262 0.00443894
6 0.553731 0.447978 0.22875 0.249918 0.0044173
65 0.340303 0.911247 0.093313 0.177505 0.00432038
6 0.514343 0.259509 0.214535 0.27764 0.00431076
65 0.338469 0.136891 0.0184378 0.223328 0.00428334
65 0.0957607 0.908499 0.0871125 0.183001 0.00428161
6 0.218937 0.20108 0.226447 0.340753 0.00427368
65 0.219102 0.912445 0.0828841 0.17511 0.00425857
6 0.182581 0.599839 0.251518 0.326186 0.00424185
6 0.879792 0.9194 0.240416 0.1612 0.0042372
65 0.153334 0.730604 0.0192179 0.211593 0.00422406
65 0.576665 0.912374 0.0763166 0.175252 0.00419527
6 0.458984 0.453969 0.210058 0.290719 0.00416076
6 0.428168 0.479496 0.195545 0.311955 0.00414371
6 0.542488 0.48936 0.194646 0.281147 0.00412321
6 0.419891 0.903024 0.312199 0.193952 0.00408036
6 0.565164 0.31916 0.248365 0.3263 0.00407645
6 0.748339 0.902415 0.290433 0.195171 0.0040279
65 0.713986 0.908084 0.0936861 0.183832 0.00401902
6 0.467661 0.262539 0.248757 0.335513 0.00401783
6 0.630436 0.774567 0.288317 0.351026 0.00401682
6 0.249116 0.701551 0.25578 0.325677 0.00401622
6 0.3886 0.320415 0.120347 0.330937 0.00400397
65 0.157138 0.905215 0.0939262 0.189571 0.0039939
6 0.402205 0.474686 0.258602 0.26246 0.00398213
6 0.157468 0.155692 0.314935 0.311383 0.00397137
65 0.377402 0.270127 0.0707247 0.119053 0.00395393
65 0.224287 0.903959 0.108761 0.192082 0.00394136
65 1 0.0122756 0 0.0245513 0.00385323
6 0.511172 0.565467 0.272181 0.312651 0.00383422
6 0.883798 0.2326 0.232403 0.331161 0.00383201
6 0.415449 0.358466 0.177646 0.324156 0.00381926
65 0.796453 0.910672 0.101375 0.178656 0.00380605
6 0.235861 0.495995 0.286626 0.351484 0.00380152
65 0.794684 0.639137 0.0809313 0.202611 0.00379252
6 0.343996 0.307634 0.0780569 0.318824 0.00376013
6 0.223741 0.511999 0.210404 0.313763 0.00373843
6 0.441892 0.707037 0.244259 0.302005 0.00372931
6 0.49011 0.507936 0.219797 0.319965 0.00372779
6 0.939643 0.343056 0.120714 0.354139 0.00371504
6 0.580868 0.599155 0.249437 0.285066 0.00371271
6 0.933818 0.267693 0.132365 0.333456 0.00370884
6 0.325558 0.38228 0.21037 0.320449 0.00370559
6 0.776854 0.81638 0.151633 0.261829 0.00369126
6 0.492917 0.223751 0.233286 0.264806 0.00366113
6 0.846534 0.243354 0.197325 0.315337 0.00365347
6 0.43734 0.356664 0.298915 0.305987 0.00365207
6 0.429211 0.61395 0.242076 0.308106 0.00364497
6 0.211824 0.39599 0.267487 0.306432 0.0036324
6 0.390055 0.378713 0.238079 0.246942 0.0036321
65 0.835763 0.905961 0.0715736 0.188078 0.00361338
65 0.60374 0.903472 0.0749453 0.193056 0.00360671
6 0.506307 0.313562 0.263996 0.302135 0.00360614
6 0.220333 0.269962 0.262683 0.328022 0.00358883
6 0.527144 0.524411 0.180301 0.351613 0.00356087
6 0.705939 0.927677 0.20351 0.144646 0.00355643
65 0.066248 0.900444 0.0970573 0.199112 0.0035499
6 0.309428 0.257253 0.273087 0.34236 0.00354162
6 0.302318 0.432549 0.272326 0.298357 0.00352842
6 0.764604 0.555758 0.247932 0.28342 0.00352824
6 0.568582 0.929231 0.308127 0.141539 0.00352326
6 0.906219 0.872485 0.187562 0.25503 0.00350976
6 0.40748 0.405115 0.229976 0.331202 0.00350934
6 0.845588 0.881185 0.217793 0.237631 0.00350428
6 0.688922 0.897994 0.310415 0.204012 0.00345391
6 0.368452 0.380661 0.125395 0.258872 0.00344679
65 0.548283 0.74402 0.0238323 0.224586 0.00343898
65 0.926345 0.818368 0.0401016 0.221514 0.0034011
65 0.0560269 0.0874201 0.0416465 0.17484 0.00340047
6 0.235825 0.789072 0.302687 0.370802 0.00339794
6 0.559122 0.337091 0.190768 0.332368 0.00338709
65 0.861323 0.571648 0.044799 0.194202 0.00338513
6 0.669931 0.490332 0.335737 0.27484 0.00337318
6 0.519572 0.309822 0.183195 0.292807 0.00336102
6 0.399248 0.938565 0.239575 0.122869 0.00335339
6 0.922879 0.305115 0.154242 0.306562 0.00332081
6 0.920043 0.589751 0.159915 0.338008 0.0033119
6 0.941157 0.452408 0.117686 0.295539 0.00330985
6 0.376318 0.336422 0.207246 0.283418 0.00330549
6 0.344295 0.438583 0.20065 0.317449 0.00330487
65 0.47957 0.91149 0.0901077 0.177021 0.00330094
6 0.236864 0.805657 0.228197 0.299458 0.00329438
6 0.791475 0.20363 0.304559 0.296243 0.00329268
6 0.208823 0.837534 0.273072 0.324932 0.00329053
6 0.90045 0.330884 0.199101 0.335593 0.00328764
6 0.580598 0.932576 0.226775 0.131301 0.0032813
6 0.660321 0.921154 0.242118 0.157692 0.00327271
6 0.24821 0.937739 0.259571 0.124522 0.00327262
6 0.109667 0.936752 0.219333 0.126497 0.0032697
6 0.750574 0.788711 0.177058 0.335086 0.0032486
65 0.209846 0.4809 0.0886673 0.184556 0.0032157
65 0.203788 0.930477 0.0908896 0.139047 0.00320399
6 0.546309 0.579451 0.191887 0.321187 0.00319445
6 0.445188 0.57495 0.252538 0.336769 0.00318709
6 0.863968 0.449249 0.260915 0.252156 0.0031583
6 0.402333 0.167903 0.27307 0.335806 0.00314
6 0.428958 0.540455 0.15985 0.303936 0.00313595
6 0.725557 0.953592 0.220058 0.0928155 0.00312647
6 0.380409 0.274267 0.125784 0.314732 0.00312483
6 0.785095 0.895017 0.270012 0.209965 0.0031212
6 0.391718 0.426373 0.299051 0.343549 0.00308716
65 0.376628 0.160415 0.053841 0.181774 0.00308385
6 0.922814 0.521375 0.154372 0.269668 0.00307989
65 0.35695 0.622523 0.0653235 0.154704 0.00307986
65 1 0.472782 0 0.124236 0.00307253
65 0.436117 0.702226 0.0585273 0.207715 0.00306723
6 0.483932 0.922333 0.27934 0.155333 0.00304517
6 0.36631 0.153711 0.293813 0.29642 0.00303656
65 0.962367 0.918676 0.0752663 0.162649 0.00301161
6 0.233893 0.35944 0.24733 0.329649 0.00300649
6 0.866496 0.302938 0.164927 0.309689 0.00300437
6 0.460219 0.192413 0.271626 0.318165 0.00300166
6 0.918431 0.263655 0.163139 0.336716 0.00299382
6 0.603518 0.39959 0.273672 0.302038 0.0029825
6 0.118733 0.33591 0.160738 0.326808 0.00298163
6 0.674816 0.191085 0.241483 0.301813 0.00297311
6 0.544588 0.377986 0.262307 0.347427 0.00297111
6 0.590796 0.899378 0.339725 0.201244 0.00296956
65 0.46975 0.0158927 0.0429152 0.0317855 0.00296238
65 0.46632 0.906918 0.060746 0.186165 0.00295901
6 0.262823 0.461852 0.216487 0.328346 0.00294483
6 0.247894 0.306777 0.190792 0.349159 0.0029448
6 0.154559 0.494309 0.309118 0.361011 0.00294283
65 1 0.466168 0 0.071798 0.00293869
6 0.160623 0.598284 0.321245 0.333399 0.00292924
6 0.485319 0.897304 0.344865 0.205391 0.00291076
65 0.7867 0.196551 0.0860159 0.233055 0.00290576
6 0.421113 0.675872 0.187163 0.346518 0.00290334
6 0.888722 0.323032 0.222557 0.326774 0.00290295
6 0.565462 0.548402 0.191858 0.291021 0.00289071
6 0.183169 0.349169 0.248047 0.331215 0.0028877
6 0.289079 0.94286 0.225746 0.108089 0.00288573
6 0.641672 0.443342 0.193639 0.278746 0.0028846
65 0.258434 0.929727 0.0864737 0.140545 0.00288403
6 0.803051 0.67499 0.305518 0.289123 0.00288156
65 0.196005 0.440314 0.0942453 0.162331 0.00287223
6 0.209415 0.940103 0.25594 0.119793 0.00287083
6 0.323155 0.848192 0.230926 0.303616 0.00286916
6 0.634652 0.701443 0.26975 0.332748 0.00286299
6 0.337725 0.195516 0.278505 0.31329 0.00285646
6 0.707251 0.756727 0.226074 0.29235 0.00285143
6 0.843731 0.688846 0.270646 0.234556 0.00284123
6 0.455493 0.431673 0.262312 0.302916 0.00283727
6 0.694451 0.500057 0.250151 0.316444 0.00283393
65 0.372703 0.912973 0.0902259 0.174054 0.0028339
6 0.147903 0.226279 0.295806 0.358453 0.00281981
6 0.557593 0.919002 0.227483 0.161995 0.00281975
65 0.347933 0.0871019 0.0547411 0.174204 0.00281799
6 0.229979 0.243626 0.167115 0.27681 0.00281432
6 0.569886 0.488222 0.280212 0.318268 0.0028125
6 0.713558 0.557402 0.325707 0.322462 0.00281048
6 0.497146 0.917206 0.305613 0.165588 0.00281015
6 0.130304 0.897626 0.260609 0.204749 0.00280949
6 0.545306 0.758679 0.288401 0.344086 0.002792
6 0.640575 0.26124 0.293524 0.264215 0.00278628
6 0.936425 0.558405 0.12715 0.317096 0.00277907
6 0.913244 0.374374 0.173512 0.348762 0.00277853
6 0.752544 0.629138 0.30687 0.269474 0.00277677
6 0.218816 0.441953 0.229156 0.300923 0.00277457
6 0.662919 0.742252 0.214646 0.336524 0.00276127
6 0.314235 0.244868 0.205185 0.314305 0.00276062
6 0.667928 0.293764 0.277178 0.329744 0.002758
6 0.747945 0.960463 0.235837 0.0790748 0.00274026
6 0.31845 0.299061 0.235204 0.319319 0.00273827
6 0.854768 0.300532 0.290465 0.323769 0.00273445
6 0.166328 0.497324 0.162192 0.352205 0.00269598
6 0.33008 0.261769 0.121072 0.332334 0.00269282
6 0.14043 0.45179 0.28086 0.335102 0.00269097
6 0.604167 0.240898 0.199236 0.281233 0.00268704
6 0.860718 0.182736 0.226285 0.302381 0.00268593
6 0.86681 0.743252 0.189674 0.269082 0.00267881
6 0.702848 0.420343 0.284698 0.293299 0.0026783
6 0.375932 0.251502 0.200415 0.2941 0.00267646
6 0.293744 0.503905 0.195695 0.332686 0.00267509
6 0.546811 0.289779 0.185837 0.28186 0.00267255
6 0.850108 0.198081 0.152184 0.295546 0.00266555
6 0.620995 0.293231 0.305547 0.258588 0.00266472
6 0.485726 0.157849 0.232037 0.315699 0.00265238
6 0.509293 0.420562 0.222643 0.290669 0.0026505
6 0.683494 0.795721 0.223507 0.255619 0.00264665
6 0.302383 0.643147 0.296414 0.349944 0.00263828
6 0.839026 0.215891 0.241719 0.291476 0.00260642
6 0.181561 0.264232 0.247453 0.359549 0.00260454
6 0.40956 0.252629 0.239401 0.258208 0.00260314
25 0.097242 0.127053 0.194484 0.141989 0.00260139
7 0.534971 0.751704 0.282578 0.346089 0.00259465
65 0.543013 0.932194 0.0973025 0.135612 0.00259101
6 0.339201 0.258776 0.272656 0.271697 0.00258446
6 0.654845 0.780814 0.165257 0.31088 0.0025818
6 0.897255 0.929592 0.20549 0.140816 0.00258148
6 0.207591 0.703051 0.204963 0.326581 0.00257578
7 0.358471 0.646542 0.235879 0.356961 0.00257576
6 0.77352 0.599191 0.217641 0.279641 0.00256988
6 0.183173 0.467423 0.205453 0.286163 0.00256705
6 0.314996 0.547702 0.234077 0.317865 0.00255755
6 0.251606 0.214772 0.158516 0.314242 0.00254881
65 0.820765 0.903998 0.049135 0.192004 0.00254065
6 0.411802 0.213697 0.286312 0.288884 0.00253096
65 0.621652 0.912942 0.0866869 0.174116 0.00252938
6 0.762248 0.673859 0.164882 0.30829 0.00252137
6 0.169213 0.755406 0.338426 0.339408 0.00252086
6 0.261066 0.901028 0.201409 0.197944 0.00251937
6 0.934093 0.768113 0.131813 0.284498 0.00251216
6 0.147244 0.683952 0.16141 0.320942 0.00250542
6 0.733533 0.756955 0.142753 0.306695 0.00250474
6 0.593167 0.679654 0.276792 0.310756 0.00250345
6 0.89322 0.83189 0.213561 0.33622 0.00249338
6 0.138514 0.38479 0.25158 0.289468 0.00249246
65 0.889721 0.917999 0.0859159 0.164001 0.00249198
6 0.677611 0.360125 0.223374 0.314994 0.00249112
6 0.732016 0.157242 0.228449 0.314484 0.0024896
6 0.823771 0.170719 0.268482 0.29944 0.00248826
6 0.81129 0.7373 0.267881 0.313272 0.00248799
6 0.348593 0.751408 0.25939 0.313999 0.00248501
6 0.930411 0.739758 0.139178 0.307943 0.00248146
6 0.17369 0.460544 0.256562 0.333325 0.00247714
6 0.634145 0.614853 0.210221 0.325573 0.00247627
65 0.0222669 0.0857333 0.0445338 0.171467 0.0024704
6 0.363224 0.9114 0.261231 0.1772 0.00246236
6 0.669951 0.589527 0.234622 0.283408 0.00246021
65 0.502494 0.652749 0.0711025 0.223528 0.00244907
6 0.285521 0.856079 0.291767 0.287841 0.00244689
6 0.623253 0.538934 0.196351 0.33637 0.00244299
6 0.170614 0.658067 0.128537 0.321351 0.00243723
6 0.536149 0.640141 0.226901 0.297893 0.00243619
6 0.322273 0.490831 0.169239 0.32879 0.00243506
6 0.864391 0.137252 0.250323 0.274505 0.00242782
6 0.648315 0.382012 0.195975 0.253553 0.00242591
6 0.482041 0.921231 0.230224 0.157539 0.00242063
65 0.186931 0.165914 0.0518531 0.226304 0.0024201
6 0.18971 0.886644 0.294988 0.226713 0.00241607
6 0.882663 0.381367 0.234674 0.327783 0.00239447
65 0.0183976 0.915058 0.0367952 0.169883 0.00239354
6 0.909284 0.794374 0.181431 0.250959 0.00239271
65 0.207692 0.0488515 0.108158 0.097703 0.0023883
6 0.692092 0.221667 0.12687 0.257379 0.00238243
6 0.166687 0.925933 0.225574 0.148134 0.00238147
6 0.30958 0.501228 0.239636 0.270128 0.00237253
6 0.443855 0.880309 0.291629 0.239382 0.00236851
25 0.0478123 0.176146 0.0956246 0.262524 0.00236103
6 0.726125 0.79596 0.27878 0.310903 0.00235972
