65 0.00961912 0.9073 0.00777692 0.0775668 0.108125
65 0.00930022 0.814961 0.00691282 0.100749 0.0988846
65 0.00870183 0.931152 0.00630078 0.0690403 0.0948127
65 0.00905803 0.333993 0.00609798 0.097298 0.0876
65 0.00888341 0.83604 0.00616733 0.0852512 0.0855868
65 0.00980548 0.884115 0.0076318 0.123378 0.0811377
65 0.00947412 0.452687 0.00705073 0.102561 0.0807022
65 0.00909134 0.480673 0.00648999 0.0761474 0.0791678
65 0.00902509 0.790923 0.00626045 0.123416 0.0789641
65 0.00782854 0.022975 0.00379659 0.04595 0.0751206
65 0.00875832 0.611899 0.00555917 0.0788204 0.0736863
65 0.00885319 0.87558 0.00567997 0.105937 0.0729867
65 0.00900778 0.0494122 0.00609574 0.0646261 0.0714206
65 0.00961526 0.0331135 0.00706757 0.0662271 0.0706421
65 0.00884724 0.585292 0.0058884 0.109785 0.0691546
65 0.00837115 0.391052 0.00488756 0.0676175 0.0690963
65 0.0093562 0.367183 0.00684919 0.0873872 0.0689503
65 0.00869951 0.431811 0.00539377 0.0804578 0.0684026
65 0.00896002 0.744007 0.00610521 0.0903724 0.0682668
65 0.00912579 0.688141 0.00646175 0.0805554 0.0679587
65 0.00891513 0.702399 0.00610575 0.0769648 0.0661976
65 0.0089727 0.722586 0.00612813 0.102346 0.065767
65 0.00903063 0.530272 0.00609639 0.0646712 0.0647517
65 0.00936484 0.305404 0.00677766 0.0935891 0.0640472
65 0.00872017 0.551547 0.00563022 0.108098 0.0635979
65 0.00972926 0.432518 0.0074886 0.11115 0.0621893
65 0.00889181 0.50847 0.00578961 0.086298 0.0597807
65 0.00906545 0.271779 0.00618475 0.107422 0.0592003
65 0.0172666 0.0201869 0.0345333 0.0403738 0.0586888
65 0.00899404 0.237493 0.0061068 0.110068 0.0572378
65 0.00921266 0.564075 0.0065733 0.119751 0.0566505
65 0.00821266 0.647836 0.00445319 0.0608921 0.0562862
65 0.00933073 0.762108 0.00704213 0.120759 0.0557268
65 0.0091053 0.0682756 0.00623082 0.0589254 0.0543028
65 0.00922683 0.625223 0.00652997 0.0851477 0.0540631
65 0.00860551 0.649833 0.00517074 0.0934256 0.0511148
65 0.00906068 0.529928 0.00609677 0.0927951 0.0507998
65 0.00883834 0.217568 0.00573195 0.12465 0.0495657
65 0.00993048 0.656906 0.00798255 0.1193 0.0495533
65 0.00902226 0.404613 0.00603719 0.11308 0.0484103
65 0.00858508 0.069411 0.00513952 0.085076 0.046242
65 0.00838924 0.0898792 0.00468621 0.0674247 0.0458754
65 0.00785265 0.142873 0.00408408 0.113271 0.0418969
65 0.00778221 0.118173 0.00358674 0.0943269 0.040342
65 0.00836745 0.103945 0.00464642 0.0626068 0.0392665
65 0.00823895 0.187339 0.00465743 0.129003 0.0363864
65 0.0198307 0.0205068 0.0396614 0.0410135 0.0249261
65 0.71109 0.802293 0.0523118 0.162979 0.015839
7 0.130261 0.95994 0.260522 0.0801198 0.0137371
65 0.0069689 0.917626 0.00971833 0.0860961 0.0130488
65 0.707665 0.81292 0.00558105 0.189545 0.0125822
65 0.702765 0.891749 0.0400403 0.184884 0.0113432
7 0.91148 0.960722 0.17704 0.0785557 0.0104316
7 0.312395 0.38064 0.215269 0.243667 0.0102687
18 0.1433 0.976983 0.286601 0.0460333 0.00980973
7 0.724778 0.949168 0.182504 0.101664 0.00897545
65 0.607244 0.396093 0.0330687 0.1815 0.00844249
7 0.927341 0.948256 0.145317 0.103487 0.00803986
65 0.574308 0.510329 0.0669537 0.187327 0.0080002
65 0.587002 0.526245 0.049277 0.183066 0.00787497
7 0.832895 0.579681 0.28851 0.257715 0.00763211
7 0.152655 0.942453 0.30531 0.115093 0.00759649
7 0.509714 0.933387 0.178133 0.133227 0.00716439
7 0.307645 0.335923 0.265646 0.2762 0.00709802
18 0.851986 0.980033 0.296028 0.0399341 0.00692725
65 0.690549 0.797516 0.0219994 0.128434 0.00690198
7 0.3526 0.943295 0.304883 0.113409 0.00687909
7 0.854253 0.537326 0.264878 0.261125 0.00680131
7 0.150595 0.181247 0.229022 0.26284 0.00677049
7 0.915286 0.758542 0.169428 0.280503 0.0067254
65 0.594796 0.589293 0.0719483 0.0740727 0.00625449
18 0.788285 0.976964 0.393397 0.0460724 0.00623283
7 0.894363 0.975775 0.211274 0.0484507 0.0061616
7 0.898149 0.943651 0.203701 0.112698 0.00606099
18 0.562695 0.477624 0.215337 0.259588 0.00595319
18 0.346568 0.978226 0.386873 0.0435482 0.00585303
65 0.669551 0.567884 0.0817094 0.184912 0.00583681
7 0.175065 0.121124 0.227539 0.242249 0.00579759
7 0.138362 0.221965 0.210025 0.251933 0.00575343
7 0.354065 0.303235 0.20395 0.269003 0.00570086
7 0.370741 0.404011 0.272838 0.249688 0.00563785
65 0.87965 0.819234 0.0371165 0.185705 0.00556779
7 0.320779 0.438784 0.284147 0.252173 0.00549459
65 0.615369 0.780913 0.0693349 0.140036 0.00547886
6 0.683581 0.467861 0.207547 0.256065 0.00545868
7 0.870724 0.611242 0.258553 0.258202 0.00545123
59 0.816914 0.957983 0.339284 0.084033 0.00544819
7 0.3475 0.370364 0.291784 0.250985 0.00544065
18 0.710522 0.973822 0.398779 0.0523558 0.00543809
7 0.878097 0.757751 0.243806 0.277861 0.00539491
18 0.432379 0.976701 0.400149 0.0465971 0.00537619
7 0.131583 0.933494 0.263165 0.133013 0.00533882
7 0.714277 0.947432 0.275852 0.105137 0.00533694
65 0.618916 0.717234 0.00248047 0.137185 0.00533354
65 0.940554 0.978965 0.100062 0.0420692 0.00533286
18 0.612844 0.968345 0.388824 0.0633096 0.00529397
7 0.796801 0.956455 0.286219 0.08709 0.00526386
18 0.231878 0.977519 0.40641 0.0449614 0.00522682
65 0.607527 0.765329 0.0822391 0.173881 0.00521863
65 0.544774 0.588772 0.0481136 0.161377 0.0052025
7 0.353341 0.329448 0.267654 0.26359 0.00515503
7 0.77068 0.937446 0.241752 0.125109 0.00515318
65 0.531382 0.429828 0.0418422 0.167901 0.00511372
65 0.284097 0.848749 0.03369 0.111334 0.0051007
65 0.919783 0.491568 0.0381896 0.140092 0.00500402
7 0.894876 0.787036 0.210247 0.250344 0.00494349
7 0.543591 0.928634 0.263577 0.142733 0.00490794
7 0.851762 0.50295 0.207003 0.253555 0.0048576
59 0.539409 0.964096 0.320391 0.0718084 0.00482208
65 0.24346 0.727805 0.0200106 0.187307 0.00477621
59 0.660954 0.956838 0.286541 0.086325 0.00467655
7 0.332604 0.409099 0.208621 0.245584 0.004639
6 0.690154 0.4294 0.196082 0.225687 0.00462776
7 0.622167 0.937614 0.271245 0.124773 0.00460565
7 0.213399 0.0888611 0.219218 0.177722 0.00458083
65 0.597269 0.386254 0.0457363 0.169464 0.00457731
7 0.151713 0.283467 0.221585 0.257127 0.00455689
7 0.423016 0.943511 0.268569 0.112977 0.00455377
6 0.492606 0.711673 0.228332 0.274237 0.00452155
6 0.688891 0.507484 0.194631 0.258854 0.00451308
59 0.872221 0.956635 0.255557 0.0867298 0.00450096
7 0.337751 0.615147 0.207238 0.257788 0.00447315
6 0.311512 0.22996 0.243941 0.248058 0.00447112
59 0.599287 0.967663 0.337878 0.0646744 0.00446972
59 0.1433 0.976983 0.286601 0.0460333 0.00445721
65 0.909897 0.496556 0.0586475 0.11453 0.00444376
7 0.191984 0.282778 0.191027 0.248078 0.00442702
6 0.326245 0.120697 0.207183 0.241394 0.00442156
7 0.894479 0.704185 0.211041 0.250182 0.00439587
7 0.327244 0.644593 0.180313 0.232714 0.00436276
7 0.857031 0.517113 0.138544 0.266869 0.00435928
6 0.715226 0.429574 0.286386 0.25347 0.0043399
65 0.917695 0.980971 0.0986931 0.0380583 0.00430241
65 0.200179 0.872832 0.0555445 0.16569 0.00429761
65 0.58609 0.874418 0.0945068 0.136061 0.00429651
7 0.462069 0.93451 0.178806 0.13098 0.00429395
6 0.684772 0.803035 0.225752 0.232313 0.00426903
65 0.0325701 0.983268 0.0651402 0.0334633 0.00426599
65 0.0535598 0.983084 0.0979767 0.0338315 0.00421286
59 0.443978 0.953485 0.316071 0.0930299 0.00419211
7 0.226679 0.229648 0.259523 0.275682 0.00415677
7 0.861106 0.668715 0.277788 0.268218 0.00415272
7 0.877153 0.491204 0.158672 0.256285 0.00414467
7 0.140242 0.933772 0.184046 0.132457 0.00407654
65 0.566854 0.528083 0.0421662 0.194771 0.00407401
6 0.292191 0.139442 0.246574 0.257008 0.00407198
6 0.499708 0.345395 0.235069 0.263261 0.00399566
65 0.866134 0.982394 0.0958633 0.0352113 0.00399199
7 0.387869 0.935121 0.262429 0.129758 0.00398758
7 0.333889 0.788663 0.281482 0.254828 0.00397885
6 0.737235 0.463984 0.241369 0.261298 0.00397304
65 0.804394 0.981228 0.0946214 0.0375436 0.00396973
6 0.495993 0.666704 0.235835 0.255615 0.00396526
7 0.816129 0.553105 0.239735 0.246159 0.0039584
65 0.0801678 0.982364 0.0956376 0.035273 0.00394151
7 0.699987 0.933334 0.205844 0.133332 0.00393739
6 0.272363 0.354464 0.237818 0.261117 0.0039345
6 0.424248 0.279472 0.226309 0.27191 0.00393346
65 0.892155 0.982448 0.0957947 0.0351031 0.00392008
7 0.382469 0.610084 0.25231 0.272949 0.00391844
65 0.841653 0.982463 0.0953253 0.0350743 0.00390169
59 0.562695 0.477624 0.215337 0.259588 0.00390148
65 0.105039 0.981923 0.0944406 0.0361539 0.0038839
65 0.717081 0.981854 0.0938979 0.0362919 0.00387564
6 0.783239 0.640623 0.249932 0.260607 0.00384915
65 0.580495 0.981281 0.0931815 0.0374387 0.00383484
65 0.692037 0.981824 0.0946349 0.0363526 0.00382507
18 0.532333 0.972059 0.418763 0.0558822 0.00382403
7 0.102325 0.988396 0.204651 0.0232077 0.00382066
65 0.742292 0.982796 0.0942422 0.0344071 0.00380161
65 0.405192 0.981603 0.0941268 0.0367936 0.00379911
18 0.580407 0.947285 0.287114 0.105429 0.00379762
65 0.619586 0.870537 0.0316331 0.150331 0.00379419
65 0.667543 0.981377 0.0935534 0.0372467 0.00379217
6 0.91031 0.232861 0.179381 0.241893 0.00378934
65 0.493974 0.981322 0.0927119 0.0373552 0.003784
65 0.779525 0.981338 0.095394 0.0373238 0.0037775
65 0.518026 0.982191 0.0935545 0.0356187 0.00376803
65 0.342549 0.982933 0.0940303 0.0341337 0.00376466
65 1 0 0 0 0.00375709
6 0.4744 0.283037 0.257204 0.262857 0.00375253
65 0.317297 0.982646 0.0948017 0.0347082 0.00374728
65 0.129888 0.98207 0.0952081 0.03586 0.00374082
65 0.292393 0.982698 0.0947113 0.0346044 0.0037384
18 0.565511 0.405371 0.239243 0.2455 0.00373664
6 0.45143 0.348968 0.238205 0.265387 0.00373286
7 0.30181 0.824202 0.247866 0.246384 0.00371787
65 0.605212 0.980835 0.0942983 0.03833 0.00371298
65 0.379882 0.982833 0.0946697 0.0343339 0.0037111
7 0.49977 0.698946 0.207228 0.253495 0.00370386
59 0.52764 0.938994 0.279341 0.122012 0.00370103
65 0.455384 0.981428 0.0934464 0.0371432 0.00370064
65 0.555915 0.981544 0.0934265 0.0369128 0.00369892
18 0.125427 0.990379 0.250855 0.0192412 0.00369892
65 0.629881 0.98008 0.0947265 0.0398399 0.00369599
59 0.231878 0.977519 0.40641 0.0449614 0.00369442
65 0.498648 0.930847 0.0262791 0.0523594 0.00369349
6 0.347515 0.142819 0.209808 0.255725 0.00368673
65 0.430295 0.982076 0.0947579 0.035848 0.00367862
65 0.23039 0.981309 0.0939948 0.0373821 0.00367203
59 0.623936 0.952869 0.282012 0.0942624 0.00367197
18 0.816914 0.957983 0.339284 0.084033 0.00367051
7 0.892736 0.937443 0.214529 0.125114 0.00365475
65 0.267199 0.982216 0.0948858 0.0355679 0.00365126
65 0.20537 0.981509 0.0938099 0.0369816 0.00364846
65 0.180609 0.980525 0.0942691 0.0389508 0.00364149
6 0.459726 0.416727 0.249237 0.249689 0.00363028
6 0.699132 0.347458 0.227975 0.26514 0.00361672
65 0.154778 0.981569 0.094997 0.0368613 0.00360575
6 0.730735 0.501027 0.265215 0.261761 0.0036011
59 0.886188 0.958707 0.227624 0.0825851 0.0035876
18 0.872221 0.956635 0.255557 0.0867298 0.00357404
7 0.573063 0.334148 0.276895 0.261473 0.00356016
6 0.416642 0.825322 0.215724 0.259913 0.00353888
6 0.881743 0.368872 0.207749 0.203993 0.00353816
6 0.27719 0.257636 0.265797 0.263403 0.00353256
59 0.767618 0.974204 0.394097 0.0515927 0.00353166
59 0.377055 0.959701 0.330023 0.0805987 0.0035297
59 0.851986 0.980033 0.296028 0.0399341 0.00349981
2 0.921267 0.93685 0.157465 0.1263 0.00349772
7 0.870242 0.930424 0.259516 0.139152 0.00349459
6 0.67247 0.664681 0.214493 0.223401 0.00348598
6 0.60566 0.120338 0.213298 0.240676 0.00346872
6 0.656597 0.586796 0.218097 0.26033 0.00346375
59 0.91177 0.551319 0.176459 0.263125 0.0034515
7 0.497563 0.917554 0.177207 0.164892 0.00343323
7 0.350946 0.573093 0.221647 0.253679 0.00343314
7 0.826987 0.93712 0.237833 0.12576 0.00341529
7 0.901086 0.637358 0.197828 0.234308 0.00340524
6 0.651976 0.141998 0.215048 0.25461 0.00340492
6 0.898434 0.327047 0.20018 0.221052 0.00340486
2 0.114166 0.934049 0.228332 0.131901 0.0033969
7 0.540072 0.66859 0.249639 0.266711 0.00339362
59 0.565511 0.405371 0.239243 0.2455 0.0033924
6 0.905637 0.466744 0.188725 0.25512 0.00338703
6 0.554482 0.141442 0.21055 0.253204 0.00338674
6 0.687194 0.408074 0.246315 0.253542 0.00337613
6 0.457616 0.121094 0.209277 0.242188 0.00337529
6 0.694244 0.835842 0.272822 0.24836 0.00337389
6 0.471277 0.787113 0.231082 0.274355 0.00337279
6 0.898102 0.325027 0.203796 0.260224 0.00336823
59 0.821875 0.985756 0.356251 0.0284885 0.00335509
6 0.480265 0.140413 0.211844 0.251886 0.00335208
6 0.359739 0.106855 0.22578 0.213709 0.0033474
6 0.828362 0.120491 0.210572 0.240983 0.00333765
6 0.703223 0.121572 0.204499 0.243144 0.0033364
7 0.886704 0.682007 0.226592 0.258332 0.00332978
6 0.284234 0.885409 0.21871 0.216753 0.00332934
7 0.295417 0.945374 0.203522 0.109252 0.00332862
6 0.483731 0.584227 0.206653 0.249793 0.00332755
7 0.221473 0.944677 0.278911 0.110646 0.00332734
7 0.828788 0.545709 0.169112 0.274305 0.00332299
65 0.685613 0.804531 0.0211978 0.169875 0.00332287
6 0.298376 0.396448 0.241159 0.24717 0.00331691
6 0.778494 0.121207 0.202922 0.242414 0.0033108
6 0.899639 0.121215 0.200721 0.242429 0.0033066
6 0.507086 0.121173 0.20911 0.242345 0.00330025
65 0.578756 0.606259 0.0305612 0.140237 0.00329319
65 0.882031 0.851362 0.0359365 0.109288 0.00328201
18 0.660954 0.956838 0.286541 0.086325 0.00327763
18 0.886188 0.958707 0.227624 0.0825851 0.00326562
6 0.886334 0.392069 0.227332 0.250778 0.0032649
6 0.665164 0.110153 0.223376 0.220307 0.00326413
6 0.497693 0.409317 0.231966 0.251544 0.00326198
7 0.595356 0.924689 0.246039 0.150623 0.00326073
6 0.284833 0.91462 0.20797 0.170761 0.00325799
6 0.880394 0.288098 0.239212 0.252819 0.00325367
6 0.461572 0.222608 0.260741 0.254269 0.00325102
6 0.817931 0.854941 0.29325 0.242064 0.00324908
6 0.265302 0.815757 0.228977 0.275024 0.00324148
6 0.738366 0.110183 0.21691 0.220365 0.00324115
65 0.856125 0.812658 0.0448894 0.177289 0.00324023
6 0.322893 0.172324 0.204932 0.266564 0.00323611
6 0.602 0.169746 0.224343 0.261918 0.00322989
6 0.798907 0.140414 0.194633 0.252968 0.00322479
6 0.728797 0.376678 0.234364 0.261374 0.00322393
6 0.725586 0.140325 0.204679 0.252499 0.00322345
7 0.517382 0.606452 0.209218 0.254796 0.00321788
6 0.90269 0.196289 0.194621 0.247875 0.00321525
2 0.130967 0.943143 0.261934 0.113714 0.0032104
6 0.5346 0.904296 0.23113 0.191408 0.0032047
6 0.725591 0.314176 0.206829 0.259306 0.00320342
6 0.564353 0.109659 0.220082 0.219318 0.00319558
7 0.555893 0.370388 0.248149 0.260782 0.00318831
7 0.751885 0.921315 0.231684 0.15737 0.00318617
6 0.295655 0.933146 0.207006 0.133707 0.00318551
6 0.683557 0.623319 0.211242 0.261524 0.00318441
6 0.912619 0.167988 0.174763 0.25336 0.00317776
6 0.750623 0.408927 0.251251 0.260029 0.00317162
6 0.454122 0.170796 0.211842 0.26329 0.00315881
65 0.64225 0.628624 0.0275108 0.176116 0.00315621
7 0.940527 0.742236 0.118945 0.259329 0.00314918
6 0.494108 0.254263 0.247058 0.256983 0.00314441
6 0.493141 0.470646 0.234378 0.278361 0.00314406
7 0.139981 0.156503 0.279962 0.279293 0.00314391
65 0.671821 0.624033 0.0510903 0.194951 0.00314125
7 0.892025 0.667375 0.21595 0.242611 0.00314066
6 0.924821 0.121062 0.150359 0.242123 0.00313851
6 0.879933 0.142099 0.207891 0.253072 0.00313842
59 0.900036 0.961292 0.199928 0.0774163 0.00313696
