65 0.0188789 0.0291184 0.0377577 0.0582367 0.0531905
65 0.0203068 0.010357 0.0406136 0.0207141 0.0455753
65 0.00859379 0.0342192 0.0171876 0.0684384 0.0276554
65 0.00733728 0.249502 0.0104533 0.133945 0.0148632
65 0.00751565 0.337344 0.0102033 0.142415 0.0143084
65 0.716568 0.700304 0.043972 0.157438 0.0139054
65 0.00841883 0.234787 0.0100089 0.132914 0.0137633
65 0.893912 0.92214 0.0833553 0.155719 0.0123147
65 0.00572493 0.042199 0.0114499 0.0843981 0.0122672
65 0.00551632 0.0520146 0.0110326 0.104029 0.0112512
65 0.00606652 0.0684237 0.012133 0.136847 0.0109216
65 0.00607936 0.0601861 0.0121587 0.120372 0.0105222
65 0.00685613 0.280612 0.00954816 0.146778 0.0105129
65 0.00737063 0.201695 0.00927557 0.13711 0.0101673
65 0.0058121 0.0963904 0.0116242 0.14957 0.00979978
65 0.00737145 0.453542 0.0147429 0.141093 0.00954467
65 0.00795211 0.364054 0.01113 0.137584 0.00929108
65 0.00769506 0.466289 0.0153901 0.133204 0.0091089
65 0.688393 0.726177 0.0488558 0.121963 0.00883147
65 0.81588 0.919298 0.102512 0.161404 0.00880319
65 0.00672655 0.185527 0.00999435 0.141061 0.00846428
65 0.277564 0.497262 0.0417959 0.19694 0.00835922
65 0.803718 0.92313 0.0942853 0.153741 0.00817415
65 0.0850706 0.273357 0.0274319 0.103699 0.00812981
65 0.00793381 0.435678 0.0158676 0.132219 0.00804767
65 0.935691 0.920914 0.116022 0.158172 0.00795043
65 0.00784143 0.301438 0.00962491 0.133974 0.00778991
13 0.304075 0.944765 0.303065 0.11047 0.00766015
65 0.00690477 0.38421 0.0107479 0.142572 0.00722072
13 0.136963 0.944188 0.273927 0.111623 0.0071474
65 0.116815 0.448258 0.0253588 0.0600222 0.00707805
65 0.0059977 0.152275 0.0119954 0.135408 0.00698602
65 0.581408 0.608206 0.000630249 0.118731 0.00668275
13 0.209711 0.9198 0.305568 0.1604 0.00649446
65 0.750105 0.696917 0.0616465 0.139403 0.00648645
13 0.257949 0.919358 0.300082 0.161283 0.00645074
13 0.343887 0.924893 0.287529 0.150213 0.00618529
65 0.853812 0.920298 0.0932468 0.159405 0.00601375
65 0.756535 0.926606 0.0841459 0.146788 0.00592768
13 0.431953 0.923496 0.32633 0.153008 0.0058842
65 0.674644 0.940159 0.0996153 0.119683 0.00558722
65 0.698741 0.68534 0.0789841 0.193014 0.00545084
65 0.00601441 0.13467 0.0110535 0.143195 0.00544065
65 0.609582 0.926047 0.0758954 0.147907 0.00538662
65 0.0615448 0.414623 0.0433498 0.188313 0.00529918
13 0.179133 0.946206 0.29133 0.107589 0.00501126
18 0.208125 0.903765 0.304962 0.19247 0.00496465
18 0.162581 0.918695 0.314273 0.16261 0.00492498
65 0.0283568 0.927753 0.0567137 0.144494 0.00480506
13 0.217228 0.945165 0.261335 0.109669 0.00468376
13 0.403887 0.950791 0.27482 0.0984188 0.00462702
6 0.652617 0.410419 0.233919 0.28313 0.00456032
65 0.24341 0.534225 0.0783689 0.167082 0.00450066
6 0.761651 0.838331 0.274578 0.301264 0.00447553
65 0.00674082 0.488487 0.0134816 0.139524 0.00444335
65 0.679252 0.753652 0.0237427 0.109584 0.00428581
6 0.771285 0.874669 0.291608 0.250662 0.00423381
13 0.115292 0.94497 0.230583 0.110061 0.00422597
65 0.731154 0.923894 0.0887809 0.152211 0.00422096
65 0.696756 0.941872 0.0823231 0.116256 0.00415543
6 0.224631 0.294875 0.223979 0.281119 0.00414059
65 0.0338431 0.923656 0.0676862 0.152687 0.00410011
65 0.708738 0.793348 0.0130272 0.0548078 0.00406662
6 0.667323 0.368132 0.213132 0.283814 0.00404048
13 0.147554 0.923283 0.295109 0.153435 0.00399995
65 0.780995 0.925543 0.0910706 0.148914 0.00395185
18 0.80521 0.913616 0.36609 0.172767 0.00393489
65 0.549239 0.567764 0.0481325 0.187878 0.00392526
6 0.412563 0.601998 0.266592 0.28229 0.00391605
6 0.595587 0.541219 0.170872 0.263187 0.00390196
6 0.730292 0.914918 0.336467 0.170163 0.00384805
65 0.242077 0.450724 0.0563972 0.174448 0.00383204
65 0.872137 0.923306 0.0869904 0.153389 0.00380838
65 0.593759 0.928569 0.0900665 0.142863 0.00376016
6 0.504392 0.461146 0.229537 0.296414 0.00374147
6 0.421473 0.570983 0.227736 0.277737 0.0037269
13 0.657784 0.91905 0.299751 0.161901 0.0036507
65 0.720085 0.92394 0.074066 0.15212 0.00362793
6 0.861916 0.714058 0.177185 0.300519 0.00362372
65 0.969443 0.920794 0.0611134 0.158412 0.00362143
6 0.657784 0.91905 0.299751 0.161901 0.00360352
65 0.00883887 0.0167455 0.0176777 0.033491 0.00359401
6 0.629165 0.783007 0.239076 0.280606 0.00357518
13 0.476998 0.938787 0.310023 0.122426 0.00354812
65 0.554241 0.931006 0.0901581 0.137987 0.00354809
6 0.716804 0.437938 0.25589 0.300001 0.00348574
6 0.817329 0.397632 0.201682 0.282233 0.00345263
6 0.705042 0.360522 0.262453 0.290397 0.00344363
6 0.67281 0.498716 0.201608 0.298513 0.00340751
65 0.517525 0.699051 0.040735 0.187761 0.00340673
6 0.554199 0.913386 0.284463 0.173229 0.00338897
6 0.512727 0.644997 0.191898 0.245998 0.0033735
13 0.305168 0.906727 0.258021 0.186546 0.0033496
6 0.607066 0.404666 0.182779 0.255138 0.00333279
65 0.680814 0.929719 0.0724329 0.140561 0.00332975
6 0.808661 0.914837 0.22696 0.170326 0.0033254
6 0.630451 0.369936 0.202697 0.281203 0.00331357
18 0.359491 0.908424 0.270004 0.183153 0.00330627
6 0.937275 0.363226 0.125449 0.287326 0.00329101
6 0.219525 0.479042 0.205752 0.257445 0.00323963
6 0.736821 0.807919 0.170537 0.247793 0.00323531
6 0.426588 0.493244 0.223102 0.292655 0.00323486
6 0.937084 0.298551 0.125831 0.286216 0.00322765
6 0.56491 0.528473 0.240148 0.284506 0.00322658
6 0.937548 0.430552 0.124903 0.288314 0.00322431
65 0.028563 0.0218707 0.057126 0.0437414 0.00321496
6 0.668707 0.466319 0.253372 0.293176 0.00321126
6 0.912462 0.423771 0.175076 0.286997 0.00320753
6 0.936209 0.495042 0.127582 0.28724 0.00320145
6 0.825934 0.42809 0.238068 0.289688 0.00319776
6 0.500142 0.362284 0.215037 0.290997 0.00318652
6 0.206285 0.328037 0.255241 0.27902 0.00318539
6 0.675088 0.642892 0.271215 0.244616 0.00318143
65 1 0.879254 0 0.12259 0.00317764
65 0.544542 0.690461 0.0356415 0.180966 0.00317428
6 0.557911 0.327748 0.219014 0.291681 0.00315708
6 0.4455 0.362477 0.219021 0.29031 0.00315666
6 0.40478 0.526671 0.2648 0.272628 0.00314823
6 0.877114 0.297321 0.206041 0.292773 0.00312999
6 0.321185 0.393575 0.21794 0.277464 0.00311807
6 0.951457 0.861973 0.0970867 0.276054 0.00311476
6 0.898724 0.363615 0.202552 0.296894 0.00311086
6 0.768831 0.66205 0.253513 0.318093 0.00310811
6 0.888228 0.424561 0.223544 0.294465 0.00309303
6 0.695248 0.323449 0.20844 0.275092 0.00309163
65 0.503051 0.936041 0.0753761 0.127917 0.00308785
13 0.63911 0.947624 0.321217 0.104751 0.00308535
6 0.184604 0.754864 0.217498 0.298315 0.00308362
18 0.187583 0.888334 0.284895 0.223331 0.00308043
6 0.469178 0.489747 0.200305 0.286392 0.00306827
6 0.824099 0.329953 0.20347 0.292066 0.00306553
6 0.454727 0.564387 0.181729 0.316365 0.00305364
6 0.846508 0.787549 0.157487 0.258339 0.00304356
18 0.28873 0.922677 0.315306 0.154645 0.00304171
6 0.936707 0.231351 0.126585 0.287233 0.00303549
6 0.913014 0.525469 0.173971 0.293757 0.00302532
6 0.510638 0.535099 0.229851 0.286741 0.00302264
72 0.985708 0.920923 0.0285843 0.158154 0.00302255
6 0.866527 0.519061 0.264624 0.29227 0.00302234
13 0.350537 0.951879 0.285187 0.0962414 0.00301459
6 0.789786 0.900569 0.229486 0.198862 0.00301233
6 0.528973 0.595543 0.244768 0.278853 0.00299427
6 0.911924 0.329593 0.176151 0.293215 0.00299019
6 0.898315 0.627205 0.20337 0.288794 0.0029884
6 0.649483 0.327905 0.208684 0.2804 0.00298578
6 0.396357 0.359778 0.234873 0.286471 0.00297523
6 0.628195 0.834527 0.230039 0.213707 0.00297055
6 0.924433 0.362985 0.151134 0.293613 0.00296599
6 0.934959 0.55829 0.130082 0.285208 0.00296172
6 0.521217 0.326894 0.197789 0.289431 0.00295231
6 0.376329 0.392694 0.2603 0.287021 0.00293994
6 0.899146 0.263388 0.201707 0.293128 0.00293937
6 0.924473 0.264627 0.151054 0.29283 0.00292802
6 0.26793 0.434736 0.25726 0.275617 0.0029192
6 0.821376 0.829308 0.257698 0.291748 0.00291872
6 0.850701 0.262729 0.211367 0.293615 0.002909
6 0.79671 0.464779 0.184007 0.274896 0.00290477
6 0.59662 0.821731 0.203143 0.239885 0.00290444
6 0.923925 0.46259 0.15215 0.296617 0.00289667
6 0.799087 0.359949 0.196024 0.282043 0.00289342
6 0.953082 0.835522 0.0938355 0.267839 0.0028879
6 0.778341 0.434448 0.160218 0.268684 0.0028863
6 0.878867 0.229838 0.208561 0.294105 0.00288051
6 0.478907 0.325725 0.217039 0.285853 0.00287047
6 0.854431 0.755699 0.183688 0.249958 0.00286344
6 0.421003 0.325797 0.221024 0.285962 0.00286034
65 0.244521 0.40321 0.0479124 0.189691 0.00285673
6 0.667512 0.778482 0.225575 0.259425 0.0028508
6 0.351827 0.360292 0.220659 0.27829 0.00284427
6 0.798725 0.294377 0.205956 0.28612 0.00284192
6 0.527809 0.49121 0.222259 0.265299 0.0028365
6 0.845578 0.364973 0.212943 0.297038 0.00282454
6 0.912871 0.230462 0.174257 0.293617 0.002823
6 0.461149 0.9204 0.340397 0.1592 0.00282285
6 0.223877 0.465917 0.274597 0.288827 0.0028159
18 0.444323 0.915515 0.261084 0.16897 0.00281361
6 0.756818 0.463088 0.103337 0.274819 0.00280207
6 0.481544 0.396083 0.211061 0.289331 0.00279802
13 0.243208 0.963734 0.251857 0.0725311 0.00279334
6 0.372376 0.32719 0.23511 0.290794 0.00279006
6 0.952118 0.803852 0.0957637 0.267286 0.00278699
6 0.503081 0.297267 0.21648 0.288606 0.002783
65 1 0.00355645 0 0.00711291 0.0027737
65 1 0.964507 0 0.0424662 0.00276673
6 0.710754 0.857497 0.22886 0.255921 0.00276139
6 0.453353 0.296475 0.216413 0.288919 0.00275582
6 0.562799 0.696985 0.247742 0.29577 0.00275001
6 0.41921 0.686001 0.161572 0.275656 0.00274876
6 0.882656 0.486428 0.223669 0.281326 0.002745
6 0.778597 0.882028 0.200053 0.235945 0.00273979
6 0.580634 0.294281 0.218291 0.287813 0.00273839
65 0.0184164 0.925922 0.0368329 0.148156 0.00273371
6 0.776409 0.263224 0.209833 0.292834 0.00273329
6 0.496857 0.698594 0.266126 0.26311 0.00273225
6 0.204388 0.262656 0.209259 0.291909 0.00271758
6 0.797644 0.229589 0.207912 0.294728 0.00271019
6 0.41047 0.430514 0.211571 0.288885 0.00270846
6 0.725729 0.8893 0.266387 0.2214 0.00270647
6 0.79152 0.582378 0.19943 0.228007 0.00270492
6 0.775006 0.329459 0.206962 0.291457 0.00269789
13 0.914543 0.91637 0.170913 0.16726 0.00269458
6 0.921021 0.632206 0.157958 0.294902 0.00269449
6 0.725168 0.295046 0.214634 0.289016 0.00268623
6 0.400682 0.292556 0.232612 0.286691 0.00268447
13 0.592179 0.94547 0.28094 0.109059 0.00268337
6 0.46444 0.532202 0.215422 0.27747 0.00267875
65 1 0.946436 0 0.0593861 0.00267512
6 0.229094 0.573767 0.297184 0.279482 0.00266391
6 0.949959 0.397236 0.100082 0.280655 0.00266078
6 0.523648 0.395548 0.190314 0.293064 0.00265291
6 0.677339 0.262824 0.213098 0.291976 0.00264683
6 0.470174 0.65489 0.158915 0.255086 0.00264227
6 0.620445 0.587033 0.145496 0.291528 0.00264129
6 0.554089 0.262987 0.217009 0.29255 0.00262523
6 0.775809 0.59206 0.246051 0.286351 0.00262278
6 0.283773 0.397513 0.22732 0.287369 0.0026218
6 0.72689 0.22945 0.213564 0.291349 0.0026212
6 0.702071 0.530836 0.194718 0.309589 0.00261885
6 0.892266 0.756658 0.215468 0.287611 0.00261104
6 0.949725 0.464387 0.10055 0.281588 0.00261024
6 0.748235 0.468761 0.261951 0.291526 0.00258005
6 0.709563 0.577649 0.22996 0.264794 0.00257739
7 0.95341 0.89057 0.0931799 0.218861 0.00257713
6 0.279408 0.294206 0.221097 0.281974 0.00257197
6 0.537924 0.433612 0.21648 0.300031 0.00256491
6 0.949757 0.331868 0.100486 0.281198 0.00256425
6 0.375084 0.22687 0.218908 0.293347 0.00256225
6 0.327827 0.295358 0.221012 0.284562 0.00255796
6 0.325265 0.227468 0.218857 0.294952 0.00255787
65 0.642032 0.924355 0.0809718 0.15129 0.0025557
6 0.229389 0.226129 0.222821 0.288725 0.00255287
65 0.218041 0.720762 0.0918031 0.155436 0.0025447
6 0.628638 0.262211 0.213503 0.292641 0.00254282
6 0.858063 0.453476 0.229522 0.286159 0.00254145
6 0.628964 0.82964 0.14586 0.223588 0.00253999
6 0.898139 0.200143 0.203723 0.289559 0.00253347
6 0.528494 0.229426 0.220336 0.289384 0.00252947
65 1 0.845587 0 0.0839417 0.00252572
6 0.596972 0.5062 0.192341 0.298936 0.00252467
65 1 0.915652 0 0.082357 0.00252008
6 0.568126 0.571032 0.200413 0.250678 0.0025171
6 0.281943 0.226786 0.220097 0.294184 0.00251558
6 0.30415 0.261304 0.217908 0.293438 0.00251415
6 0.901212 0.801798 0.197575 0.283228 0.00250944
65 1 0.860563 0 0.104481 0.00250825
13 0.766223 0.914331 0.253026 0.171337 0.00250679
6 0.280414 0.5753 0.260415 0.281664 0.00250432
6 0.642945 0.848672 0.175499 0.285621 0.00250047
6 0.81804 0.752285 0.237977 0.279771 0.00249436
6 0.950193 0.529651 0.0996132 0.282597 0.00248578
6 0.825355 0.868027 0.233151 0.263947 0.00248554
6 0.607892 0.328351 0.224069 0.281827 0.00248334
6 0.583309 0.229333 0.216394 0.28825 0.00247341
6 0.375929 0.464619 0.234114 0.274702 0.00246918
6 0.293329 0.530747 0.240018 0.261176 0.00246897
6 0.654515 0.22847 0.217398 0.287265 0.00246841
6 0.595229 0.734738 0.186712 0.236862 0.00246242
6 0.851468 0.199841 0.212032 0.287592 0.00246069
6 0.760875 0.634118 0.285581 0.237092 0.00244203
6 0.775427 0.200187 0.212921 0.283131 0.00242943
13 0.118275 0.96579 0.23655 0.0684202 0.0024263
6 0.478428 0.26179 0.218865 0.291165 0.00242564
6 0.500957 0.683111 0.113276 0.234494 0.00242192
65 0.0688786 0.931161 0.0621416 0.137678 0.00241333
6 0.428168 0.262558 0.219804 0.291023 0.00241289
6 0.767654 0.47285 0.181691 0.280148 0.00240895
65 0.0780307 0.844386 0.0214418 0.162966 0.00240275
6 0.949175 0.26487 0.10165 0.280617 0.00240013
6 0.352513 0.261018 0.222015 0.289836 0.00239909
6 0.80521 0.913616 0.36609 0.172767 0.00239545
65 0.195844 0.716051 0.101879 0.214985 0.00238776
6 0.760737 0.698742 0.239003 0.221353 0.00238773
6 0.703754 0.532048 0.256964 0.274182 0.00238627
6 0.544086 0.635596 0.18506 0.274133 0.00238448
18 0.914543 0.91637 0.170913 0.16726 0.00237879
6 0.582045 0.360649 0.207546 0.286704 0.00237846
6 0.249796 0.258087 0.234694 0.293082 0.00237614
65 0.106532 0.93746 0.0924066 0.12508 0.0023759
6 0.299836 0.362234 0.202476 0.292899 0.00237525
7 0.969251 0.914845 0.0614982 0.170309 0.00237367
65 0.0950655 0.36404 0.0590571 0.166034 0.0023708
6 0.861879 0.750257 0.257137 0.278171 0.00236985
6 0.762527 0.511733 0.256912 0.280768 0.0023652
6 0.558874 0.394566 0.21009 0.288968 0.00235876
65 0.531047 0.927689 0.0944845 0.144623 0.00235641
65 0.246977 0.630519 0.0559869 0.204342 0.00235376
65 0.243675 0.736849 0.0441092 0.189717 0.00235307
7 0.115409 0.91627 0.230817 0.167461 0.00235236
6 0.722192 0.714406 0.161954 0.250482 0.00234729
6 0.349808 0.427324 0.257593 0.268721 0.00234395
6 0.47186 0.848013 0.216214 0.303974 0.00234145
6 0.77482 0.512926 0.138374 0.275893 0.00233829
6 0.329314 0.444086 0.206459 0.234334 0.00233629
6 0.769338 0.40168 0.197647 0.291261 0.00233066
6 0.558715 0.432717 0.161547 0.261575 0.00232941
6 0.701912 0.20004 0.221185 0.284658 0.0023284
6 0.471946 0.835663 0.308542 0.295611 0.00232583
6 0.453228 0.227918 0.216351 0.293011 0.00231999
6 0.555809 0.200937 0.218219 0.286305 0.00231701
6 0.752636 0.779205 0.238082 0.266464 0.00230965
