65 0.317521 0.679879 0.0463088 0.196695 0.0255188
65 0.1427 0.779298 0.0270181 0.164973 0.0241118
65 1 0.00667235 0 0.0133447 0.0239066
65 0.994942 0.341159 0.0101166 0.0588165 0.0237156
65 0.320985 0.673606 0.0689518 0.185732 0.0234947
65 1 0.0122205 0 0.0244409 0.0197792
65 1 0.0195165 0 0.0390331 0.0192047
65 0.346436 0.666835 0.0444521 0.192575 0.0190067
65 0.524248 0.324118 0.080415 0.205512 0.0172727
65 0.143776 0.624853 0.0259724 0.168705 0.0172373
65 0.357353 0.666118 0.0462442 0.190315 0.0142041
58 0.601986 0.62265 0.276342 0.281876 0.0140011
65 0.836514 0.0823779 0.016716 0.139449 0.0139869
65 0.83763 0.0822149 0.0221136 0.0954781 0.0139658
58 0.644648 0.389041 0.231215 0.291445 0.0120367
65 0.482339 0.0690797 0.0481754 0.138159 0.0120085
65 1 0.306181 0 0.0799978 0.0115831
65 0.145643 0.765288 0.0301013 0.0844308 0.0115562
65 0.14316 0.861416 0.025084 0.103893 0.011517
65 0.888272 0.191022 0.0709154 0.199387 0.011385
65 0.830033 0.185548 0.0617584 0.208147 0.0111391
65 1 0.275011 0 0.0564505 0.010934
65 0.510464 0.294698 0.0509473 0.202458 0.0107459
65 0.826119 0.167392 0.0286594 0.226603 0.0107306
65 0.820503 0.0675638 0.0318546 0.135128 0.0107057
65 0.597302 0.354351 0.0376551 0.192018 0.0106609
58 0.646285 0.442009 0.230008 0.290275 0.0105226
58 0.6353 0.593343 0.292685 0.305806 0.0103498
65 0.863562 0.69337 0.0831066 0.197813 0.0102639
65 0.914726 0.0803911 0.0347523 0.160782 0.0101004
58 0.625116 0.494681 0.207236 0.307994 0.0100727
65 0.296073 0.687038 0.0627219 0.205532 0.0100184
65 0.267096 0.690039 0.0651814 0.219239 0.00999561
58 0.617809 0.555623 0.276688 0.265732 0.00995913
65 0.780905 0.680893 0.071658 0.188627 0.00977564
65 0.145785 0.816067 0.0303572 0.14297 0.0094046
65 0.605388 0.368243 0.0338087 0.191025 0.00933287
65 0.0250849 0.081996 0.0501699 0.163992 0.0089297
65 0.233078 0.658287 0.0309835 0.0755516 0.0088962
65 0.14519 0.678498 0.0348455 0.138768 0.00885004
65 0.142366 0.754995 0.0238185 0.104737 0.00866309
65 0.681799 0.0399509 0.0439576 0.0799019 0.00826097
65 0.580668 0.368121 0.0393191 0.182078 0.00822866
65 0.783261 0.193717 0.0567459 0.196652 0.00816193
65 0.159007 0.152144 0.0312894 0.170075 0.00806478
65 0.137428 0.626853 0.0137211 0.160281 0.00803727
65 0.144307 0.621764 0.0272793 0.120385 0.00794187
65 0.140951 0.73817 0.0210643 0.115525 0.00793996
65 0.158101 0.295937 0.031658 0.0979493 0.00791988
65 0.505816 0.310828 0.0205576 0.190287 0.00788397
65 1 0.914275 0 0.12199 0.00772786
65 0.776616 0.682669 0.0511431 0.204002 0.00767916
65 0.890511 0.172585 0.0431789 0.210011 0.0075984
65 0.81676 0.165485 0.0397188 0.213215 0.0073387
6 0.939036 0.11443 0.121927 0.228859 0.00720727
58 0.650467 0.481963 0.247308 0.237359 0.0072068
58 0.653546 0.553674 0.229509 0.236888 0.00711906
65 0.975563 0.756149 0.0219028 0.192701 0.00702387
65 0.370611 0.714383 0.0643764 0.204177 0.00699317
65 0.895061 0.685447 0.0577784 0.195836 0.00686651
58 0.702335 0.623954 0.271095 0.276991 0.0068253
65 0.109337 0.574854 0.0365032 0.156296 0.0066506
65 1 0.0385001 0 0.0770002 0.00656685
65 0.618914 0.255567 0.0131426 0.205603 0.0065304
65 0.851745 0.701189 0.0712894 0.199687 0.00647801
65 0.957056 0.418544 0.0316412 0.199105 0.00643983
65 0.684136 0.0265639 0.0363379 0.0531279 0.00639248
65 0.152381 0.33038 0.0193815 0.0705908 0.00622752
65 0.183565 0.243178 0.0311949 0.0665762 0.00610366
65 0.843397 0.691316 0.0492805 0.202341 0.00605124
65 0.242813 0.626101 0.0727154 0.205917 0.00599766
65 0.783366 0.0954806 0.0324165 0.126874 0.00579244
65 0.386147 0.684782 0.063945 0.151642 0.00564671
65 0.820321 0.186575 0.0336845 0.210747 0.00564307
6 0.736351 0.981653 0.32594 0.0366937 0.00562572
13 0.696318 0.817076 0.251904 0.308434 0.00556707
65 0.954435 0.371029 0.0355761 0.209941 0.00556111
58 0.665971 0.362388 0.215583 0.272375 0.00547203
65 0.543024 0.170086 0.0629049 0.201287 0.00545052
65 0.734691 0.161152 0.0544811 0.194048 0.0054253
65 0.969713 0.299274 0.0363432 0.178436 0.00538206
65 0.815208 0.0865571 0.0284786 0.128913 0.00537616
65 1 0.286169 0 0.0837336 0.00529367
65 0.955531 0.109694 0.0371506 0.178806 0.00524169
65 0.953518 0.184518 0.0379152 0.196585 0.0051336
65 1 0.150576 0 0.0827553 0.00513154
65 0.976716 0.592678 0.0339283 0.165408 0.00512898
65 0.88825 0.0780238 0.0493874 0.106779 0.0051201
65 0.195664 0.159319 0.00617323 0.128538 0.00507545
58 0.562323 0.638408 0.300762 0.276572 0.0050725
65 0.794541 0.0712176 0.0283554 0.142435 0.00507095
65 0.771248 0.0959898 0.0338513 0.119715 0.00505906
65 0.23222 0.506775 0.0326046 0.097128 0.00502637
65 0.590024 0.210556 0.0474901 0.215998 0.00500968
65 0.12279 0.497309 0.0352357 0.0999208 0.00499061
65 0.461601 0.146016 0.0427071 0.155724 0.00496554
65 0.387309 0.335427 0.0987539 0.197904 0.00492439
65 0.599281 0.180188 0.0505786 0.194338 0.00490472
65 0.514674 0.0648189 0.0192074 0.129638 0.00488403
65 0.705114 0.0433379 0.029951 0.0866758 0.00484988
65 0.50437 0.888983 0.0380516 0.180536 0.00482598
65 0.325385 0.668064 0.0518834 0.213457 0.00480023
65 0.78235 0.0793964 0.0269962 0.143423 0.00479263
65 0.158537 0.268572 0.0316632 0.0718475 0.00475928
65 0.928987 0.14302 0.0410442 0.18672 0.00475457
6 0.357848 0.28275 0.242362 0.29252 0.00475007
65 0.879191 0.178013 0.0908188 0.131732 0.00467521
65 1 0.893464 0 0.0919838 0.00466287
65 0.385779 0.290726 0.0772265 0.209291 0.00464863
6 0.375526 0.671496 0.242628 0.288866 0.00464615
58 0.64714 0.394986 0.149626 0.22279 0.0046441
65 0.831354 0.17858 0.0338181 0.204914 0.0046429
65 0.982481 0.330885 0.0101576 0.0688119 0.00462738
65 0.765603 0.690495 0.0611975 0.217039 0.00462142
13 0.744696 0.802405 0.240729 0.33796 0.00461331
65 0.951347 0.67654 0.0345078 0.204721 0.0046041
65 0.39761 0.310543 0.0840539 0.210788 0.00460231
65 0.15739 0.322722 0.0287925 0.114512 0.00458261
65 1 0.189988 0 0.0674274 0.00455195
6 0.325603 0.208544 0.207568 0.247203 0.00452268
65 0.707616 0.0378255 0.0333767 0.075651 0.00451532
65 0.957761 0.248483 0.029557 0.185182 0.00450981
65 0.969374 0.117614 0.0301447 0.192588 0.00450557
58 0.568504 0.569217 0.280381 0.29412 0.00450394
13 0.393258 0.944585 0.24929 0.11083 0.00448343
65 0.980847 0.556171 0.0377369 0.144278 0.00445923
65 0.9576 0.456826 0.0335094 0.182476 0.00445637
65 0.842764 0.686303 0.0670752 0.218998 0.00444925
13 0.71565 0.917101 0.396711 0.165798 0.00441715
6 0.69364 0.791764 0.248229 0.223775 0.00440171
65 0.462843 0.0360285 0.0519569 0.072057 0.00440165
65 0.903202 0.711971 0.0508961 0.197903 0.00438425
6 0.343322 0.158406 0.183246 0.286966 0.00434834
13 0.729452 0.982581 0.358228 0.0348377 0.00432992
65 0.843148 0.924303 0.0881062 0.151394 0.00432763
65 0.860678 0.0654714 0.0396442 0.130943 0.00431731
65 0.309711 0.0505422 0.03972 0.101084 0.00431466
13 0.404544 0.925369 0.373624 0.149262 0.00431335
65 0.552126 0.182046 0.0453671 0.192072 0.00431213
65 0.148944 0.282178 0.0107337 0.0881056 0.00427476
65 0.897377 0.245778 0.0567526 0.166459 0.00424871
6 0.290376 0.162751 0.160991 0.27221 0.00423974
65 0.158455 0.194685 0.0303777 0.113189 0.00422719
65 0.825402 0.154862 0.0466518 0.234582 0.00422451
65 0.944673 0.354425 0.0329311 0.212498 0.0042226
65 0.928878 0.262676 0.0362843 0.169918 0.00421783
65 0.24471 0.472339 0.059248 0.170344 0.00421229
65 0.969015 0.276519 0.0270287 0.16766 0.00419647
65 0.071973 0.215597 0.0356779 0.152493 0.00419116
13 0.328882 0.941721 0.226036 0.116559 0.0041838
6 0.875611 0.94713 0.248779 0.10574 0.00417146
65 0.0696636 0.133891 0.0288598 0.0742631 0.00416729
65 0.818463 0.0688289 0.0350708 0.137658 0.00416142
65 0.619817 0.181186 0.0340488 0.174127 0.00416058
65 1 0.212472 0 0.0435366 0.00415802
65 0.936729 0.922821 0.100526 0.154358 0.0041208
6 0.763629 0.957604 0.295747 0.0847923 0.0040901
65 0.952193 0.922961 0.092482 0.154078 0.00408235
65 0.871558 0.252556 0.0566765 0.209861 0.00404978
6 0.762221 0.793839 0.245342 0.337735 0.00404024
65 1 0.0383819 0 0.0767638 0.00403199
58 0.599434 0.673577 0.265423 0.259067 0.00402483
65 0.741948 0.142533 0.0650482 0.21697 0.00402179
6 0.377023 0.603197 0.233641 0.256736 0.00401619
65 0.968326 0.186551 0.0324127 0.179492 0.00398517
65 0.593529 0.271506 0.0876501 0.173355 0.00395256
65 0.951894 0.383502 0.0439575 0.164137 0.00393185
65 0.734229 0.128039 0.0340845 0.0552024 0.00391933
65 0.565098 0.358935 0.0700317 0.187791 0.00390479
65 0.4584 0.0589869 0.00581799 0.117974 0.00388789
65 0.847558 0.368233 0.0610329 0.20433 0.00387684
65 0.55793 0.239768 0.0683526 0.156186 0.00384873
6 0.535589 0.781353 0.252759 0.227715 0.00384128
65 0.131314 0.850663 0.0355093 0.131924 0.0038397
65 0.443339 0.358444 0.0338184 0.180151 0.00383919
65 0.711062 0.161196 0.0566971 0.187875 0.0038372
13 0.648698 0.812793 0.289551 0.314134 0.00383377
65 0.534549 0.138728 0.0547815 0.195736 0.00382823
65 0.38724 0.36509 0.0655958 0.21043 0.00380138
65 0.904788 0.146931 0.0468781 0.177109 0.00379834
65 0.766706 0.928778 0.0926285 0.142444 0.00378987
65 0.954424 0.398731 0.0291954 0.168904 0.0037733
65 0.0965232 0.177549 0.0337772 0.165661 0.00375861
65 0.893938 0.126957 0.0681723 0.185158 0.00375459
65 0.385016 0.358027 0.0869128 0.182062 0.00375244
65 0.919963 0.522735 0.0357704 0.20713 0.00373796
65 0.0840399 0.124943 0.0344503 0.124517 0.00373185
65 0.376071 0.389756 0.0732378 0.194329 0.00370482
65 0.883644 0.718668 0.0415543 0.194002 0.00367838
65 0.180015 0.936458 0.0918439 0.118237 0.00367683
65 0.619727 0.14583 0.0601028 0.210363 0.00367153
65 0.823374 0.937127 0.0809639 0.125745 0.00366747
65 0.901388 0.352897 0.0507111 0.214798 0.00363609
65 0.474921 0.143556 0.0831305 0.20069 0.00363001
6 0.370926 0.420209 0.231146 0.299685 0.00362477
65 0.544037 0.134708 0.0596426 0.195475 0.00361231
65 0.897497 0.91848 0.109678 0.163041 0.00359079
65 1 0.690268 0 0.138808 0.00357449
6 0.402641 0.218294 0.237643 0.300475 0.0035696
65 0.502982 0.144474 0.0676167 0.169276 0.00355855
65 0.147736 0.918607 0.11226 0.162785 0.00355825
65 0.553427 0.613633 0.026195 0.145948 0.00355774
65 0.522003 0.893282 0.0395199 0.14722 0.00355712
58 0.731068 0.594529 0.257343 0.303544 0.0035482
65 0.153459 0.130477 0.022619 0.18762 0.00348434
65 0.145469 0.567584 0.0295362 0.163894 0.00348395
65 0.927354 0.347495 0.0274107 0.206539 0.00347278
65 1 0.535913 0 0.0525589 0.00346437
65 0.971537 0.150068 0.0357136 0.162253 0.00346357
6 0.613522 0.977417 0.273199 0.0451656 0.00346303
65 1 0.0386263 0 0.0772526 0.0034577
65 0.148625 0.213278 0.0101394 0.150727 0.00341591
6 0.641956 0.765209 0.30619 0.259869 0.00341144
65 0.341072 0.708229 0.0636554 0.228729 0.00340176
65 0.677565 0.929774 0.0966679 0.140453 0.00340164
65 0.909438 0.294893 0.0542175 0.169473 0.00339699
6 0.186486 0.950855 0.235059 0.0982893 0.00339127
6 0.32831 0.260945 0.213373 0.223961 0.00337401
6 0.718571 0.807523 0.255339 0.298817 0.00337285
65 0.617732 0.139298 0.0626566 0.146891 0.0033702
65 0.51411 0.145881 0.0690104 0.208392 0.00332406
65 0.954442 0.477254 0.0349232 0.192809 0.00331891
65 0.134589 0.771573 0.0345371 0.130479 0.00331885
65 0.969869 0.119573 0.0315771 0.134714 0.00330362
13 0.552988 0.966334 0.253157 0.0673311 0.00330183
65 0.874033 0.116984 0.0333107 0.104521 0.00329754
65 0.849248 0.0558882 0.0125847 0.111776 0.00329638
65 0.540618 0.147421 0.0423476 0.157833 0.00329423
13 0.48978 0.772656 0.248824 0.288611 0.00329208
58 0.566785 0.602457 0.223686 0.283536 0.0032841
65 0.0824587 0.594288 0.0331399 0.0921271 0.00326854
65 0.695066 0.0799524 0.0348953 0.159905 0.00325707
65 0.145527 0.297409 0.0339863 0.127709 0.00325629
65 0.919381 0.282099 0.0360592 0.176647 0.00324896
65 0.121142 0.409606 0.0311344 0.169501 0.00323874
65 0.906158 0.0728339 0.030488 0.145668 0.00323641
65 0.998163 0.87905 0.00367317 0.113098 0.00323391
65 0.843419 0.141472 0.0338718 0.11908 0.00322837
65 0.924228 0.188174 0.0604397 0.203072 0.00322464
65 0.882242 0.158691 0.0332863 0.232852 0.00322148
65 0.848443 0.327097 0.0772041 0.175862 0.003218
65 0.850585 0.131111 0.0536798 0.155127 0.00321028
6 0.362377 0.194255 0.229905 0.290595 0.00319928
65 0.572697 0.231314 0.081224 0.180204 0.00319487
65 0.41064 0.35269 0.0359789 0.196376 0.00319302
65 0.688983 0.923213 0.101302 0.153575 0.00318861
6 0.743303 0.765599 0.243509 0.251038 0.00318822
65 0.16625 0.28104 0.0216899 0.0585744 0.00317624
65 0.828192 0.692207 0.0562294 0.189265 0.00317416
65 0.0644525 0.83801 0.033467 0.177503 0.00317189
6 0.752812 0.760455 0.312654 0.284439 0.00316921
65 0.766175 0.142148 0.0434562 0.210676 0.00316796
65 0.138641 0.269552 0.0167246 0.130574 0.00316653
65 0.808097 0.0791653 0.035564 0.158331 0.00316215
65 0.580171 0.199593 0.0388245 0.20493 0.00315681
65 0.539518 0.206192 0.0647331 0.185597 0.0031499
65 0.894364 0.0744767 0.0355034 0.148953 0.0031428
65 0.613378 0.156654 0.0479401 0.170425 0.00313884
65 0.0513198 0.951504 0.0864118 0.0969917 0.00310981
65 0.513174 0.150791 0.0476711 0.215957 0.00310093
65 0.74499 0.0891204 0.0365229 0.0530972 0.00307426
65 0.200444 0.22882 0.0366655 0.129625 0.00307199
65 0.478623 0.0553341 0.0139572 0.110668 0.00306883
6 0.361734 0.375344 0.214869 0.309813 0.00306565
65 0.629408 0.194414 0.0757327 0.179047 0.00305197
58 0.654835 0.662508 0.289197 0.238344 0.00305125
6 0.910161 0.859317 0.179677 0.281366 0.00303954
13 0.763629 0.957604 0.295747 0.0847923 0.00303826
65 0.0813943 0.925308 0.092607 0.149385 0.003023
65 0.858608 0.429437 0.0555389 0.207797 0.00302216
65 0.0596972 0.820109 0.0353201 0.192 0.00301766
65 0.595699 0.223147 0.070595 0.208161 0.00301695
65 0.753056 0.17053 0.0693651 0.203745 0.00301597
65 0.967152 0.106658 0.0478767 0.178758 0.00301456
65 0.836219 0.463877 0.0504358 0.20501 0.0030117
65 0.881832 0.458157 0.0343428 0.192071 0.00300542
58 0.696003 0.559661 0.297726 0.301297 0.00300276
13 0.711439 0.973969 0.305233 0.0520622 0.00299305
65 0.606368 0.363573 0.0822799 0.196906 0.00298932
65 0.600889 0.250855 0.0683105 0.192365 0.00298929
65 0.884116 0.446372 0.0607103 0.194045 0.00298199
65 0.837619 0.20343 0.034486 0.212497 0.00297537
65 0.906454 0.478147 0.0374104 0.206825 0.00297457
65 0.969307 0.449228 0.0355404 0.159256 0.00296059
65 0.444838 0.926673 0.0908667 0.146654 0.00295848
65 0.798083 0.176275 0.0486925 0.210329 0.00294945
65 0.131708 0.636829 0.0363833 0.121776 0.00294861
65 0.0730622 0.0643721 0.00883887 0.128744 0.00294831
65 0.412032 0.311797 0.0401761 0.185711 0.00294316
65 0.875648 0.158756 0.0750866 0.121235 0.00293764
65 0.729551 0.15309 0.0409107 0.228581 0.002933
65 1 0.488228 0 0.0656402 0.00293088
6 0.903168 0.95919 0.193665 0.0816204 0.00292948
6 0.397074 0.723957 0.218086 0.285781 0.00292298
65 0.185186 0.900306 0.0228875 0.185464 0.00292146
65 0.869221 0.0753509 0.0386055 0.139421 0.00291973
65 0.75167 0.133609 0.0450253 0.169113 0.00291264
65 0.477845 0.131813 0.0672915 0.157921 0.00291064
65 0.939714 0.517742 0.0522873 0.18586 0.00290444
6 0.371207 0.563155 0.22768 0.225172 0.00290328
