65 0.491418 0.24839 0.0242596 0.167136 0.226645
65 0.483491 0.568695 0.00859928 0.0453785 0.167559
65 0.489797 0.25201 0.0185896 0.193771 0.166581
65 0.489397 0.17493 0.020017 0.0439106 0.153194
65 0.487169 0.161726 0.0128996 0.0886269 0.139588
65 0.49264 0.707034 0.0233415 0.065546 0.137571
65 0.484005 0.192603 0.00685272 0.0503112 0.130704
65 0.485721 0.700802 0.0198179 0.12428 0.123032
65 0.483304 0.326397 0.00768051 0.0987829 0.11633
65 0.482935 0.268745 0.0117001 0.184442 0.111609
65 0.486352 0.521502 0.0114147 0.0676858 0.104881
65 0.485916 0.547265 0.0103721 0.0718959 0.0905161
65 0.485403 0.291874 0.0309046 0.213747 0.0882076
65 0.429026 0.699392 0.0209824 0.137178 0.0845269
65 0.493146 0.20279 0.0264315 0.217851 0.0734838
65 0.492929 0.0858751 0.0354789 0.169095 0.0647453
65 0.487135 0.145263 0.0367958 0.0568505 0.0628789
65 0.487589 0.326689 0.0204445 0.192798 0.0620035
65 0.447798 0.212905 0.0234165 0.244521 0.0518042
65 0.481556 0.71122 0.0116257 0.157001 0.0512387
65 0.4865 0.176389 0.0128277 0.141358 0.0486768
65 0.428133 0.753518 0.0238432 0.0871236 0.0468321
65 0.493112 0.496419 0.0294906 0.0948518 0.0407174
65 0.489242 0.188823 0.0181427 0.17401 0.0386744
65 0.36246 0.775762 0.0508663 0.199996 0.034501
65 0.399556 0.21366 0.0520937 0.236655 0.0339364
65 0.395463 0.32759 0.0301058 0.0533026 0.0302624
65 0.494352 0.447398 0.028549 0.133393 0.0298446
65 0.483863 0.259747 0.00671616 0.0706273 0.0277675
65 0.482804 0.542076 0.00736485 0.177541 0.0231748
65 0.482004 0.813861 0.00172005 0.0569817 0.0220357
65 0.414385 0.215132 0.0192883 0.151241 0.0214093
65 0.485114 0.355927 0.0143619 0.169543 0.0204338
65 0.903781 0.38387 0.0485085 0.198797 0.0179237
65 0.427353 0.614907 0.0189462 0.230807 0.0175106
65 0.48331 0.743516 0.00447569 0.166683 0.0174801
65 0.506856 0.167576 0.0293442 0.119021 0.0174769
65 0.430163 0.559515 0.0405155 0.240288 0.0169867
65 0.461605 0.59441 0.0324125 0.209296 0.0169399
65 0.482811 0.766095 0.0149651 0.0644463 0.0164759
65 0.431443 0.612585 0.0372681 0.157614 0.0136604
65 0.177717 0.430969 0.0264295 0.235655 0.0129365
65 0.204569 0.190577 0.0177897 0.13985 0.0126071
65 0.484209 0.404842 0.00758438 0.065968 0.0125263
65 0.335593 0.57 0.0288648 0.1431 0.0117914
65 0.382561 0.626872 0.0385288 0.15273 0.0100081
65 0.274855 0.11588 0.022541 0.193129 0.00996497
65 0.493765 0.352682 0.0298113 0.183396 0.00975358
65 0.437886 0.418581 0.0873265 0.156018 0.00974646
65 0.337908 0.15512 0.0455717 0.220612 0.00969785
65 0.381432 0.224031 0.0277216 0.202963 0.00952756
65 0.915708 0.533386 0.0420231 0.200772 0.00933516
65 1 0.0158114 0 0.0316229 0.00908408
65 0.43357 0.663442 0.0302568 0.181848 0.00899154
65 0.909228 0.905061 0.098904 0.189879 0.00899088
65 0.783977 0.0856538 0.083267 0.171308 0.00895849
65 0.481747 0.609066 0.0073391 0.0448803 0.00888711
65 0.429782 0.757708 0.0258841 0.122163 0.00881183
65 0.384459 0.725709 0.0286194 0.0672669 0.00858748
65 0.243948 0.109649 0.070144 0.186756 0.00833714
65 0.504719 0.49823 0.0414015 0.177663 0.00826439
65 0.373094 0.590257 0.0756936 0.199259 0.00824833
65 0.331399 0.75275 0.00341258 0.160103 0.0081937
65 0.279225 0.244791 0.0228073 0.125096 0.0079447
65 0.422964 0.202741 0.0278825 0.183133 0.0079335
65 0.493232 0.607274 0.0242961 0.15223 0.00764972
65 0.43864 0.201894 0.0528475 0.201314 0.00761196
65 0.129014 0.911475 0.0945407 0.177049 0.00753239
65 0.0287732 0.920352 0.0575464 0.159295 0.00745994
65 0.542511 0.860116 0.013422 0.250778 0.00735068
65 0.491705 0.640029 0.0310499 0.152054 0.00709495
65 0.449959 0.624289 0.0343203 0.20497 0.00661683
65 0.323115 0.530589 0.0678304 0.129955 0.00641888
65 0.505631 0.157591 0.0287497 0.219978 0.00637069
65 0.179208 0.901865 0.103309 0.19627 0.00636655
65 0.921838 0.780931 0.0797867 0.197252 0.0063206
65 0.166315 0.41843 0.0487079 0.230542 0.00630775
65 0.486886 0.706778 0.0137321 0.229473 0.00626051
65 0.537588 0.876336 0.0564163 0.200543 0.00606585
18 0.116327 0.897199 0.232654 0.205601 0.00603995
65 0.369339 0.60163 0.0571997 0.204327 0.00599295
65 0.855389 0.868703 0.0459373 0.242775 0.00598258
6 0.816917 0.832185 0.259177 0.325683 0.00586429
6 0.915559 0.146915 0.168882 0.280239 0.00573832
65 0.445823 0.190603 0.0296737 0.193433 0.00572658
65 0.243078 0.151401 0.0454624 0.175494 0.00564599
58 0.354185 0.283334 0.257487 0.300627 0.00564292
65 0.343287 0.214535 0.0477163 0.223366 0.00562769
65 0.681847 0.919874 0.101606 0.160252 0.00562605
65 0.221069 0.903717 0.0920881 0.192567 0.00554982
65 0.150699 0.904497 0.0867551 0.191006 0.00545546
65 0.682151 0.0533593 0.0310442 0.106719 0.00540268
6 0.835126 0.601352 0.132767 0.262584 0.00539991
65 0.690533 0.0486625 0.0207319 0.097325 0.00537887
65 0.392128 0.563437 0.070495 0.214206 0.00537634
65 0.302877 0.428426 0.0744286 0.210308 0.00536254
65 0.280519 0.906219 0.100247 0.187563 0.0053511
65 0.244475 0.906475 0.0797854 0.18705 0.00534493
65 0.327133 0.147984 0.0450356 0.236029 0.00532985
65 0.341454 0.548211 0.0475301 0.18178 0.00530416
6 0.505121 0.637397 0.234504 0.310005 0.00523311
65 0.23892 0.750528 0.0511032 0.178593 0.00522888
65 0.946794 0.700665 0.0579506 0.181365 0.0052228
65 0.459577 0.439941 0.01325 0.19881 0.00510925
65 0.876342 0.417767 0.0465046 0.206943 0.00503111
65 0.387492 0.585428 0.0224321 0.217732 0.00493237
65 0.62789 0.910327 0.0545757 0.179345 0.00486794
65 0.50546 0.148199 0.0317171 0.165945 0.00485215
65 0.222044 0.545669 0.0752142 0.221918 0.00484037
65 0.65 0.908405 0.098436 0.183191 0.00483453
65 0.260717 0.907358 0.0917709 0.185284 0.00481653
65 0.855242 0.913147 0.0986176 0.173706 0.0047853
65 0.435128 0.908619 0.108519 0.182761 0.00472301
65 0.37413 0.217031 0.0532411 0.139618 0.00462702
65 0.243022 0.307317 0.00812421 0.182243 0.00460529
65 0.391049 0.636232 0.040344 0.159544 0.00459173
6 0.876271 0.515308 0.247459 0.326211 0.004585
65 0.791717 0.546131 0.0984221 0.215535 0.00453964
65 0.911588 0.654191 0.035084 0.140923 0.00446004
65 0.252765 0.141177 0.0213278 0.197942 0.00444975
65 0.505207 0.534266 0.0413244 0.128647 0.00444871
65 0.0382933 0.918557 0.0765865 0.162886 0.0044291
65 0.803461 0.284787 0.0229174 0.248625 0.00442049
6 0.903183 0.450228 0.193634 0.362326 0.00440648
65 0.205716 0.075004 0.0359108 0.150008 0.00440615
65 0.106858 0.932253 0.0881599 0.135495 0.00433627
65 0.509859 0.518121 0.0496864 0.208014 0.00432977
65 0.492484 0.404758 0.0243029 0.147759 0.00429502
65 0.933949 0.906228 0.103747 0.187544 0.00428239
65 0.571042 0.718694 0.0366743 0.205296 0.00420567
65 0.238619 0.137407 0.0264748 0.209776 0.00420028
58 0.313814 0.288099 0.297009 0.331434 0.00419697
65 0.875669 0.902387 0.0804026 0.195226 0.00418752
65 0.428182 0.151046 0.0467115 0.197912 0.00418207
65 0.433875 0.321122 0.0339258 0.0415759 0.00416678
6 0.362583 0.921303 0.337347 0.157395 0.00414303
13 0.796326 0.931237 0.274916 0.137525 0.00413823
65 0.326964 0.740497 0.059983 0.203662 0.00412852
65 0.506556 0.911926 0.0936512 0.176149 0.00410557
65 0.352968 0.280668 0.0205521 0.211635 0.00410548
65 0.0797319 0.916375 0.0898094 0.16725 0.00408271
65 0.219295 0.127214 0.0202727 0.242814 0.00403413
65 0.643029 0.909658 0.0681204 0.180684 0.00403178
65 0.908862 0.450124 0.0410353 0.0932771 0.00399372
65 0.299797 0.901157 0.103309 0.197685 0.00396481
65 0.944881 0.694306 0.0308037 0.0375007 0.0039365
6 0.900564 0.418352 0.198873 0.322172 0.00392637
65 0.681423 0.0394659 0.0363588 0.0789317 0.003914
65 0.108695 0.917679 0.0579684 0.164643 0.00384679
65 0.567815 0.919937 0.0931149 0.160126 0.00380021
65 0.322236 0.438173 0.0346229 0.163351 0.00379634
65 0.93632 0.81528 0.081797 0.200472 0.00379303
65 0.497743 0.403718 0.083016 0.133239 0.00376821
65 0.881358 0.724358 0.0309933 0.226573 0.003764
65 0.195643 0.90141 0.0997192 0.197179 0.00376201
6 0.174174 0.636773 0.209776 0.344855 0.00375575
13 0.821049 0.925807 0.284749 0.148387 0.00374937
65 0.455208 0.309253 0.0028614 0.186276 0.00374061
65 0.736167 0.274118 0.0306129 0.0802017 0.00373831
6 0.92956 0.386071 0.140879 0.314517 0.00373447
6 0.827973 0.864288 0.251264 0.271424 0.00373289
65 0.321198 0.131564 0.0277534 0.242668 0.0037097
65 0.172714 0.429922 0.0446923 0.217441 0.00370714
65 0.0538527 0.91494 0.107705 0.170121 0.00365549
65 0.443889 0.639105 0.0289254 0.210937 0.0036504
6 0.9287 0.46196 0.142601 0.318094 0.00362924
65 0.476825 0.904839 0.11081 0.190321 0.00359133
65 0.0507275 0.923903 0.0834998 0.152193 0.00357327
18 0.182985 0.903759 0.365969 0.192481 0.00357148
65 0.957567 0.649608 0.0308165 0.192582 0.00353652
65 0.0190389 0.169266 0.0380777 0.229312 0.00353482
58 0.335757 0.20092 0.264133 0.266381 0.00351521
65 0.96728 0.91719 0.06544 0.16562 0.00349271
65 0.814464 0.0927132 0.0787136 0.11003 0.0034894
6 0.399935 0.899843 0.337789 0.200313 0.00348583
65 0.673747 0.910017 0.077074 0.179966 0.0034824
6 0.78681 0.793045 0.188314 0.346529 0.0034619
65 0.842276 0.748032 0.0346287 0.225838 0.00345856
65 0.731591 0.919758 0.0637673 0.160484 0.00343022
6 0.718141 0.386651 0.178035 0.327604 0.00342175
7 0.112492 0.891964 0.224985 0.216071 0.00341561
65 0.314722 0.535935 0.0453195 0.19842 0.00340536
6 0.834102 0.899685 0.331795 0.20063 0.00338718
65 0.370787 0.0373881 0.0321874 0.0747762 0.0033865
65 0.706115 0.0530115 0.0352135 0.106023 0.00337762
6 0.115235 0.422438 0.23047 0.296716 0.00337344
65 0.560774 0.847479 0.0961239 0.163619 0.0033671
65 0.687156 0.943513 0.110826 0.112974 0.00335461
65 0.45802 0.543315 0.0105581 0.209549 0.00334957
6 0.767438 0.459169 0.226426 0.344468 0.00332201
6 0.589003 0.221932 0.146901 0.309161 0.00331646
65 0.206981 0.207019 0.0853388 0.194941 0.00331393
65 0.543916 0.837913 0.102764 0.214128 0.00329542
65 0.868569 0.323155 0.0915077 0.149283 0.00328892
6 0.781436 0.935034 0.303783 0.129931 0.00328535
65 0.370841 0.623851 0.0349839 0.163923 0.00327787
6 0.866059 0.458105 0.267881 0.299074 0.00327638
6 0.320952 0.897453 0.285622 0.205095 0.00326544
6 0.30475 0.73414 0.207634 0.286597 0.00326476
65 0.283458 0.139793 0.0918838 0.210738 0.00326192
58 0.301055 0.212627 0.233169 0.316867 0.00325271
65 0.823368 0.0852637 0.0196877 0.170527 0.00324357
13 0.174347 0.958652 0.335631 0.0724334 0.00319067
6 0.688038 0.38088 0.176611 0.324652 0.00318688
6 0.88108 0.429714 0.237839 0.311329 0.00318605
13 0.806192 0.9409 0.240863 0.118199 0.00318199
6 0.737564 0.349645 0.209663 0.325355 0.00318176
65 0.150911 0.0284518 0.0245467 0.0569036 0.00317794
6 0.870808 0.677076 0.205038 0.283871 0.0031479
6 0.738421 0.514738 0.168153 0.308058 0.00314444
65 0.506598 0.518096 0.0223509 0.0532967 0.00310239
65 0.424088 0.606134 0.0959045 0.197688 0.00309366
6 0.727728 0.91683 0.337994 0.16634 0.00308317
6 0.467778 0.638276 0.227841 0.32142 0.00307897
6 0.189356 0.438651 0.216672 0.304096 0.00304493
65 0.508506 0.279501 0.0330816 0.160085 0.00303906
6 0.19714 0.364729 0.269082 0.307847 0.003034
6 0.655809 0.310765 0.185711 0.337702 0.00302714
6 0.878248 0.92919 0.243504 0.14162 0.00300604
65 0.445877 0.618356 0.0405361 0.251592 0.003005
6 0.161056 0.90535 0.322113 0.1893 0.00299871
65 0.320734 0.375165 0.00634937 0.212224 0.0029867
65 0.392297 0.666932 0.0119097 0.17769 0.00298414
6 0.715275 0.317103 0.221854 0.331758 0.0029825
6 0.791715 0.511283 0.24509 0.316399 0.00298187
6 0.889595 0.414 0.178878 0.314904 0.00297704
6 0.938321 0.556356 0.123357 0.294342 0.00296605
65 0.181559 0.0351075 0.0322116 0.070215 0.00296593
65 0.897502 0.0446448 0.0602726 0.0892895 0.0029631
65 0.0243525 0.912929 0.048705 0.174141 0.00296119
6 0.121116 0.633336 0.228379 0.321628 0.0029583
13 0.839987 0.914947 0.320026 0.170106 0.00295785
6 0.728379 0.905145 0.19587 0.18971 0.00295559
6 0.645174 0.413652 0.261525 0.320711 0.0029467
6 0.273807 0.904849 0.347448 0.190303 0.00291878
65 0.372431 0.588163 0.0125525 0.204039 0.00291193
6 0.813966 0.209788 0.247007 0.313037 0.00289437
6 0.673717 0.427362 0.14367 0.318839 0.00289172
65 0.921088 0.23658 0.0860672 0.21067 0.00288922
6 0.951904 0.40604 0.0961924 0.299225 0.0028818
6 0.192075 0.418566 0.275492 0.291919 0.00286764
65 0.818522 0.213852 0.0450096 0.23861 0.00285885
6 0.785176 0.899067 0.26844 0.201866 0.00285205
6 0.726552 0.32575 0.143391 0.305818 0.00284791
6 0.49386 0.827592 0.0815283 0.304092 0.00284335
6 0.139828 0.252447 0.259421 0.291982 0.0028373
6 0.154018 0.380476 0.263128 0.306853 0.0028331
65 0.362146 0.780164 0.0151376 0.209861 0.00282279
65 0.0660609 0.578359 0.0454126 0.223336 0.00279883
65 0.34336 0.907486 0.0980359 0.185029 0.0027802
6 0.752222 0.408862 0.23527 0.330486 0.00277317
6 0.696983 0.419907 0.145697 0.320907 0.00276592
6 0.284778 0.642948 0.262502 0.285819 0.00276402
6 0.124095 0.606368 0.12446 0.33795 0.00276014
18 0.434081 0.905151 0.381111 0.189699 0.00275958
13 0.149951 0.901748 0.299903 0.196503 0.0027549
65 0.496206 0.0720879 0.036538 0.144176 0.00275385
65 0.385048 0.635963 0.0490937 0.0289727 0.0027484
65 0.368701 0.674215 0.0265426 0.155147 0.00274652
6 0.833483 0.788783 0.28124 0.332181 0.00269949
65 0.280689 0.154509 0.0341053 0.221838 0.00269347
65 0.440128 0.598112 0.0270685 0.194222 0.00268164
65 0.182815 0.424012 0.0324295 0.211055 0.00267774
6 0.196465 0.333931 0.212067 0.28699 0.00267541
6 0.864071 0.891353 0.271857 0.217293 0.00267467
65 0.452504 0.234991 0.00899801 0.221259 0.0026651
6 0.193287 0.807351 0.182886 0.299262 0.0026567
6 0.219629 0.581202 0.242871 0.297408 0.00264779
65 0.157344 0.413265 0.0634797 0.175527 0.00263485
6 0.104962 0.237258 0.209925 0.32273 0.00263193
65 0.455597 0.332575 0.00212975 0.1692 0.00262165
65 0.506327 0.186205 0.0323363 0.210549 0.00262135
6 0.91286 0.899266 0.17428 0.201469 0.002621
6 0.667264 0.881408 0.295153 0.237185 0.00261578
65 0.149884 0.0774065 0.0481373 0.154813 0.00260583
13 0.119624 0.949697 0.239248 0.100607 0.0026046
65 0.821156 0.443243 0.0774235 0.211131 0.00259653
6 0.70634 0.463745 0.172102 0.3263 0.00259545
65 1 0.837719 0 0.129511 0.0025906
6 0.598082 0.17402 0.164748 0.28376 0.00258344
65 0.873582 0.49146 0.0544716 0.151292 0.00257996
6 0.846975 0.398684 0.24272 0.300865 0.00257868
6 0.857598 0.805391 0.199453 0.337529 0.00257683
65 0.405341 0.910502 0.0936435 0.178995 0.00257543
6 0.159658 0.531421 0.162797 0.340878 0.00257325
65 0.338047 0.562155 0.0150457 0.209262 0.00256744
65 0.393261 0.727244 0.00372372 0.200191 0.00256601
6 0.435695 0.598103 0.247928 0.28006 0.00256297
6 0.216601 0.688146 0.242202 0.307668 0.00256127
65 0.314672 0.164357 0.023634 0.190402 0.00255966
65 0.503231 0.187035 0.0222192 0.0413403 0.00255749
6 0.857594 0.849181 0.255496 0.301639 0.00255439
6 0.892275 0.664334 0.215451 0.283814 0.00253087
6 0.666001 0.263571 0.208518 0.321319 0.00252894
6 0.751209 0.331398 0.158974 0.300359 0.00252715
65 0.677752 0.0355004 0.0234346 0.0710008 0.00252205
65 0.901176 0.800284 0.0485302 0.196582 0.00251746
65 0.205779 0.164188 0.0792532 0.184379 0.00251576
6 0.541361 0.660677 0.19089 0.281557 0.00251561
65 0.577268 0.856655 0.0583176 0.223519 0.00250807
