52 0.762579 0.663606 0.386087 0.495424 0.901137
52 0.763026 0.391532 0.364869 0.504328 0.732863
52 0.291247 0.4904 0.337058 0.771863 0.70792
48 0.292917 0.485802 0.34155 0.780048 0.323129
60 0.499167 0.494996 0.998334 0.976935 0.224727
45 0.276595 0.497151 0.495559 0.968468 0.206635
52 0.370899 0.483863 0.175919 0.765659 0.182032
48 0.762922 0.387917 0.364071 0.500024 0.154341
45 0.762062 0.515719 0.469279 0.946511 0.0770287
60 0.737036 0.520025 0.523126 0.930854 0.0697533
48 0.761546 0.662617 0.385115 0.493436 0.0655205
45 0.0465047 0.487143 0.0898523 0.909154 0.0585331
48 0.368413 0.480545 0.181434 0.769018 0.0338405
51 0.746168 0.321202 0.0603312 0.155793 0.0156566
45 0.500418 0.509455 0.999164 0.956611 0.0133447
52 0.791673 0.522136 0.21434 0.239551 0.0116098
52 0.815097 0.501354 0.250131 0.279721 0.0101354
60 0.503092 0.0857901 0.991724 0.168926 0.00972065
60 0.26964 0.493493 0.516631 0.971969 0.00774148
60 0.755888 0.0767337 0.486389 0.113794 0.00562727
51 0.738296 0.348689 0.0433065 0.0967473 0.0047749
51 0.827574 0.453588 0.0217371 0.0781367 0.00463271
51 0.836177 0.452784 0.0400433 0.0816283 0.0041976
0 0.0971507 0.931403 0.192614 0.128655 0.00405234
60 0.285856 0.927897 0.565458 0.122659 0.00371623
51 0.753827 0.311784 0.0847961 0.168815 0.00369197
52 0.834621 0.45108 0.216922 0.344162 0.00354928
45 0.0387735 0.419132 0.0751203 0.605913 0.00348112
48 0.815097 0.501354 0.250131 0.279721 0.00329977
51 0.799625 0.438712 0.0751247 0.11399 0.00319573
45 0.76342 0.383396 0.365547 0.493655 0.003052
51 0.807194 0.438549 0.0548874 0.107175 0.00291467
51 0.824637 0.444627 0.0253332 0.0980186 0.00281593
51 0.782829 0.437309 0.1035 0.115587 0.00261465
41 0.0460402 0.503979 0.0894198 0.948484 0.0025793
51 0.838629 0.468445 0.0449841 0.107642 0.00238627
52 0.717358 0.274557 0.232988 0.276041 0.00229764
60 0.51608 0.0534171 0.967841 0.0932631 0.00219262
52 0.28675 0.492714 0.488454 0.95801 0.00206769
48 0.832678 0.454689 0.225865 0.347815 0.00199816
0 0.257151 0.928697 0.508636 0.123562 0.00196853
0 0.483644 0.953063 0.92539 0.0776507 0.00187021
51 0.730737 0.296603 0.0389921 0.0702851 0.00179571
52 0.759644 0.511923 0.424634 0.907058 0.00178567
46 0.291247 0.4904 0.337058 0.771863 0.00177911
48 0.717358 0.274557 0.232988 0.276041 0.00175014
51 0.753611 0.334561 0.0725618 0.116602 0.00173572
0 0.140886 0.936354 0.281471 0.123781 0.00172198
0 0.497684 0.49933 0.995368 0.979152 0.00156927
51 0.782838 0.414149 0.100287 0.0688311 0.00155485
60 0.702803 0.0750351 0.589559 0.0903473 0.00149453
52 0.752635 0.530688 0.274667 0.239148 0.00129768
69 0.737036 0.520025 0.523126 0.930854 0.00128409
53 0.291247 0.4904 0.337058 0.771863 0.00126684
48 0.791673 0.522136 0.21434 0.239551 0.00126389
60 0.104203 0.929977 0.205624 0.123472 0.00125104
48 0.759644 0.511923 0.424634 0.907058 0.00124577
51 0.8395 0.475288 0.0484049 0.15528 0.00120923
52 0.786806 0.510133 0.15164 0.272567 0.00112027
41 0.276595 0.497151 0.495559 0.968468 0.00106713
0 0.270264 0.49572 0.519401 0.976175 0.00105053
45 0.291247 0.4904 0.337058 0.771863 0.00104764
52 0.669736 0.250532 0.112329 0.18435 0.00103116
46 0.763636 0.391333 0.36341 0.500077 0.00101998
60 0.450408 0.949287 0.863529 0.0762634 0.00101334
0 0.443121 0.959108 0.407332 0.0780935 0.00101322
51 0.767727 0.36123 0.0413803 0.055335 0.00100231
