53 0.496904 0.528493 0.976024 0.891486 0.942748
0 0.192562 0.207558 0.383326 0.408977 0.401677
0 0.188284 0.0880881 0.373605 0.169034 0.345902
56 0.820416 0.0936771 0.159943 0.181502 0.322633
41 0.870625 0.884408 0.255144 0.224804 0.20795
56 0.865954 0.106891 0.251696 0.202386 0.129886
60 0.50352 0.507458 0.986223 0.972987 0.110285
56 0.935429 0.103531 0.125217 0.20151 0.102709
0 0.0793066 0.087421 0.157662 0.168064 0.0855576
60 0.481845 0.69558 0.952599 0.576901 0.064526
0 0.203654 0.400171 0.405069 0.776553 0.0521774
56 0.774865 0.0713943 0.0694788 0.139829 0.0407316
0 0.320957 0.0761183 0.182009 0.146718 0.0397557
0 0.42971 0.198231 0.855375 0.390152 0.0315987
0 0.81877 0.0954201 0.159108 0.184543 0.0306626
60 0.521893 0.869131 0.954301 0.239324 0.0286368
60 0.48137 0.796792 0.954892 0.371722 0.0282609
0 0.406175 0.497751 0.809653 0.964993 0.0209082
56 0.37375 0.0541539 0.0864366 0.106438 0.0194444
56 0.957924 0.260467 0.0826868 0.235866 0.0187067
56 0.918576 0.121204 0.0736958 0.135849 0.0160317
53 0.492695 0.294382 0.964723 0.388681 0.0138851
41 0.820383 0.0945877 0.15513 0.183079 0.0134529
39 0.820383 0.0945877 0.15513 0.183079 0.0130839
60 0.542964 0.0563319 0.260745 0.101051 0.0130233
42 0.337879 0.957502 0.118169 0.0550958 0.0119663
60 0.108735 0.814142 0.213954 0.349067 0.0115221
60 0.110236 0.705312 0.21817 0.568038 0.0114342
0 0.668432 0.0616087 0.156701 0.117447 0.0111764
56 0.67301 0.0632272 0.145486 0.119962 0.0110257
56 0.932813 0.188377 0.132387 0.36104 0.010853
53 0.457198 0.256827 0.811676 0.334905 0.0108529
56 0.690759 0.0590164 0.103015 0.114056 0.00975782
60 0.586606 0.634055 0.825801 0.703195 0.00935295
56 0.714686 0.0650433 0.167864 0.124642 0.00934747
60 0.545752 0.142699 0.900461 0.24829 0.00923261
39 0.870625 0.884408 0.255144 0.224804 0.00900781
53 0.512708 0.670381 0.916034 0.601928 0.0086115
0 0.470817 0.055087 0.293847 0.106274 0.00834188
60 0.573141 0.758775 0.851674 0.460832 0.00826338
60 0.387581 0.578071 0.770823 0.810435 0.00774881
0 0.370692 0.0559304 0.090329 0.106676 0.00715616
40 0.865539 0.878577 0.26665 0.22537 0.00706059
0 0.615159 0.0392686 0.0670292 0.0741053 0.00698286
41 0.0311583 0.686547 0.060237 0.170707 0.00662374
56 0.477798 0.0560512 0.305095 0.106621 0.00640726
56 0.795357 0.106589 0.394452 0.202223 0.0062466
56 0.481338 0.0765327 0.520551 0.145837 0.00620559
60 0.599624 0.108133 0.774802 0.200048 0.00593936
60 0.957994 0.264081 0.0840122 0.246058 0.00582087
0 0.598332 0.0539495 0.295767 0.100521 0.00565073
0 0.293581 0.0757172 0.127337 0.14872 0.0054855
0 0.474893 0.0776972 0.495287 0.149579 0.00519073
56 0.92979 0.104987 0.085733 0.164396 0.00517684
56 0.349639 0.0589286 0.132679 0.114136 0.00516877
60 0.169454 0.708382 0.336091 0.560683 0.00511268
60 0.691291 0.128327 0.607228 0.232653 0.0050551
56 0.333123 0.0723352 0.168332 0.140384 0.00484291
56 0.958219 0.0917517 0.0823395 0.178904 0.00480124
41 0.95789 0.328468 0.0823807 0.370482 0.00451863
60 0.866945 0.105404 0.252382 0.202638 0.00447094
0 0.443976 0.097462 0.88408 0.190514 0.00446483
40 0.0311583 0.686547 0.060237 0.170707 0.00445861
42 0.963331 0.879765 0.0729118 0.109063 0.00425571
0 0.349639 0.0589286 0.132679 0.114136 0.0041728
41 0.0315892 0.583289 0.0614034 0.377397 0.00412858
56 0.598332 0.0539495 0.295767 0.100521 0.00406468
0 0.944682 0.0925956 0.109238 0.180546 0.0040181
43 0.031981 0.615267 0.0623644 0.31389 0.00400025
56 0.373047 0.0849563 0.731695 0.164974 0.00381657
45 0.870959 0.878364 0.25575 0.224825 0.00374082
60 0.957147 0.339468 0.0847677 0.39337 0.00371563
42 0.935522 0.861295 0.127353 0.203888 0.00356522
60 0.507678 0.268967 0.965067 0.47703 0.00350979
42 0.975552 0.879015 0.0484314 0.0798622 0.00335994
0 0.862256 0.097712 0.272782 0.192229 0.00334609
60 0.795357 0.106589 0.394452 0.202223 0.00334099
44 0.337879 0.957502 0.118169 0.0550958 0.00329185
40 0.0315892 0.583289 0.0614034 0.377397 0.00323007
56 0.691291 0.128327 0.607228 0.232653 0.00311765
60 0.496286 0.0769565 0.487024 0.143201 0.00306112
56 0.958369 0.198464 0.083262 0.10781 0.00304398
41 0.0786255 0.086897 0.155188 0.166032 0.0030269
41 0.957825 0.266086 0.082445 0.246374 0.00286853
56 0.713451 0.0655397 0.0901632 0.129184 0.00285059
60 0.181782 0.215238 0.360992 0.407561 0.00277114
39 0.843803 0.0888604 0.116267 0.174434 0.00273296
45 0.846102 0.894896 0.204325 0.202127 0.00269997
0 0.598735 0.0437309 0.353224 0.0834142 0.00265586
60 0.297764 0.805807 0.592443 0.364484 0.00263789
56 0.615856 0.0404499 0.0696208 0.0768847 0.00262457
56 0.524139 0.0537759 0.246104 0.0988821 0.00254679
56 0.916898 0.144308 0.0834944 0.142795 0.00245446
0 0.690123 0.0578416 0.102182 0.111884 0.00239578
60 0.7756 0.784321 0.445328 0.411051 0.00234872
42 0.937186 0.965308 0.125573 0.0681896 0.00230119
42 0.031981 0.615267 0.0623644 0.31389 0.00223154
42 0.935568 0.775515 0.12743 0.380223 0.00222355
0 0.524139 0.0537759 0.246104 0.0988821 0.0022091
0 0.501904 0.127287 0.90599 0.144445 0.00220898
60 0.135323 0.611318 0.267277 0.747113 0.00219232
60 0.490445 0.0549949 0.320661 0.103231 0.00218961
43 0.0314054 0.684614 0.061459 0.175446 0.00216058
69 0.500354 0.526699 0.951942 0.890859 0.00213659
42 0.031569 0.695737 0.0599977 0.146091 0.00212985
56 0.843803 0.0888604 0.116267 0.174434 0.00208387
42 0.959794 0.858819 0.0804116 0.145719 0.00206786
0 0.535355 0.039385 0.23602 0.0751593 0.00203925
43 0.33793 0.958758 0.111935 0.0542999 0.00200355
41 0.847184 0.901737 0.208645 0.190698 0.00192973
39 0.0790867 0.0875728 0.155234 0.168144 0.00190049
53 0.870959 0.878364 0.25575 0.224825 0.00187734
56 0.923961 0.105178 0.0598255 0.121513 0.00179428
56 0.486314 0.19697 0.972627 0.376669 0.00177956
53 0.548478 0.793214 0.854071 0.373607 0.00174552
0 0.703919 0.065144 0.205721 0.126605 0.00174424
39 0.615223 0.0365223 0.0656937 0.0687738 0.00174087
56 0.878517 0.201332 0.240054 0.316532 0.00170943
56 0.95789 0.328468 0.0823807 0.370482 0.00169867
42 0.9471 0.953824 0.105801 0.0902603 0.00168258
57 0.500354 0.526699 0.951942 0.890859 0.00165653
60 0.501904 0.127287 0.90599 0.144445 0.00162581
56 0.47673 0.120257 0.929005 0.194346 0.00160301
56 0.731555 0.0473779 0.0393383 0.0900126 0.00156498
56 0.38603 0.0523351 0.0599087 0.101448 0.00155795
56 0.93925 0.0915432 0.0874964 0.178482 0.00153726
56 0.549283 0.0974398 0.854977 0.181537 0.00151384
60 0.556254 0.90099 0.861291 0.181354 0.00149801
60 0.440451 0.0544269 0.227907 0.103568 0.00148696
0 0.457198 0.256827 0.811676 0.334905 0.00146872
0 0.119346 0.200024 0.23685 0.400048 0.0014016
59 0.545991 0.522072 0.908019 0.955856 0.00137702
60 0.955195 0.200305 0.088353 0.108246 0.0013718
42 0.969629 0.713242 0.0304108 0.110319 0.00133765
56 0.907526 0.10671 0.0612753 0.164486 0.00130078
60 0.878517 0.201332 0.240054 0.316532 0.00130025
42 0.338959 0.966994 0.110679 0.0390975 0.0012719
56 0.598735 0.0437309 0.353224 0.0834142 0.00124475
0 0.957656 0.260918 0.0844912 0.240913 0.00121358
42 0.932875 0.795944 0.117316 0.0616777 0.00117004
40 0.935568 0.775515 0.12743 0.380223 0.00115559
56 0.97311 0.0856099 0.0523605 0.169032 0.00115028
53 0.580012 0.177106 0.32694 0.178097 0.00114232
42 0.936427 0.781379 0.1175 0.062882 0.0011133
56 0.829228 0.073522 0.199046 0.145475 0.001109
60 0.371956 0.0545169 0.0908506 0.1056 0.00108585
48 0.865539 0.878577 0.26665 0.22537 0.00107819
0 0.625758 0.0429195 0.0634582 0.0805107 0.00106522
60 0.956071 0.229224 0.087001 0.178838 0.00101775
44 0.937197 0.786239 0.119377 0.0674383 0.00100735
42 0.828977 0.87899 0.340234 0.223931 0.00100687
0 0.258192 0.0770612 0.208474 0.147992 0.00100505
