77 0.482551 0.528735 0.964011 0.934665 0.932714
0 0.689748 0.484418 0.522939 0.958449 0.684848
0 0.661553 0.264441 0.462145 0.519581 0.147828
0 0.471939 0.483651 0.943878 0.945775 0.142034
60 0.94178 0.500946 0.114494 0.146651 0.0368398
56 0.861733 0.274847 0.276534 0.27124 0.0264427
0 0.449342 0.331062 0.898684 0.623452 0.00916597
0 0.692988 0.368764 0.404542 0.318381 0.00891757
60 0.866148 0.638428 0.266132 0.423145 0.00787601
57 0.860584 0.254844 0.276685 0.244462 0.0074276
77 0.476896 0.356339 0.94751 0.593681 0.00734422
16 0.477102 0.531398 0.95329 0.927311 0.00699762
13 0.942423 0.500467 0.115155 0.146327 0.00694788
0 0.738024 0.77931 0.386656 0.389148 0.0066466
56 0.859984 0.484522 0.279075 0.692395 0.00579563
56 0.942329 0.500472 0.114771 0.146698 0.00538239
60 0.860895 0.260986 0.277272 0.254348 0.00521439
59 0.862168 0.271494 0.275056 0.266933 0.0046283
57 0.421158 0.799523 0.829686 0.380954 0.00431451
0 0.573403 0.4422 0.669205 0.873378 0.0042676
56 0.860032 0.361655 0.279936 0.449485 0.0040848
57 0.863838 0.651297 0.271821 0.447935 0.00386003
57 0.860322 0.279249 0.272334 0.170568 0.00373343
13 0.861733 0.274847 0.276534 0.27124 0.0028885
60 0.865936 0.172584 0.266887 0.0759892 0.00271124
57 0.866649 0.759593 0.264338 0.243129 0.0024288
60 0.86082 0.485903 0.27355 0.571489 0.00230518
56 0.855525 0.653672 0.286875 0.454013 0.00229478
56 0.644206 0.777134 0.192496 0.384549 0.00222093
13 0.873024 0.598777 0.25148 0.341856 0.00217164
57 0.772251 0.701215 0.450553 0.53856 0.00213283
57 0.645997 0.779106 0.196868 0.386798 0.00191242
56 0.865738 0.172791 0.266286 0.0750682 0.0017722
62 0.861366 0.27216 0.277267 0.26773 0.00170892
13 0.939545 0.593374 0.120765 0.33627 0.00170121
14 0.434475 0.433679 0.075899 0.0401188 0.00153717
56 0.860402 0.285702 0.269364 0.183657 0.00148013
56 0.94511 0.665299 0.108558 0.187025 0.00147149
13 0.859984 0.484522 0.279075 0.692395 0.00142944
0 0.652043 0.779732 0.210528 0.385099 0.00126648
56 0.867962 0.76245 0.261006 0.242051 0.0012607
77 0.253515 0.518341 0.50703 0.916812 0.0012551
56 0.737047 0.780435 0.38398 0.396926 0.00112975
60 0.939545 0.593374 0.120765 0.33627 0.00111827
56 0.322438 0.0569428 0.219489 0.11211 0.00101489
57 0.83039 0.763089 0.191103 0.232204 0.00101042
