31 0.552234 0.447485 0.146678 0.154341 0.512178
0 0.552303 0.445709 0.147498 0.155866 0.292321
31 0.534474 0.466749 0.113531 0.118283 0.236919
0 0.571742 0.425605 0.108709 0.112845 0.228592
0 0.218212 0.759525 0.052601 0.0563629 0.150315
31 0.529358 0.478288 0.100901 0.0922568 0.100757
33 0.574774 0.362606 0.042913 0.0512194 0.0251
0 0.239996 0.757378 0.0115924 0.0470113 0.020953
0 0.241307 0.760054 0.01539 0.0532692 0.0199185
0 0.575097 0.410231 0.101465 0.0827648 0.0162221
0 0.196814 0.757042 0.025096 0.0562581 0.0156379
33 0.552931 0.447016 0.148587 0.155361 0.014487
31 0.51548 0.485136 0.0742123 0.078564 0.0131146
31 0.505473 0.495679 0.0540387 0.0568378 0.00980365
0 0.58397 0.397205 0.0837817 0.057125 0.00833738
33 0.0952788 0.399433 0.0700244 0.336351 0.00716496
0 0.577069 0.407819 0.0626345 0.14326 0.00564587
33 0.774088 0.512653 0.0940743 0.0378159 0.00428024
8 0.572329 0.323945 0.051211 0.154772 0.00415859
24 0.218801 0.76002 0.0509538 0.0555723 0.00393319
4 0.55303 0.446896 0.147356 0.155916 0.00375414
33 0.571523 0.384523 0.0844976 0.0959044 0.00364736
31 0.266614 0.591855 0.0433862 0.399481 0.00362074
0 0.562712 0.400809 0.0922842 0.114188 0.00348035
77 0.55303 0.446896 0.147356 0.155916 0.00345218
8 0.57512 0.361229 0.0440735 0.0511857 0.00322506
30 0.552303 0.445709 0.147498 0.155866 0.00294116
33 0.572372 0.424608 0.108277 0.110922 0.00285959
31 0.509278 0.487092 0.05917 0.0605094 0.0027959
33 0.586054 0.41061 0.0819251 0.153789 0.00273472
30 0.264564 0.592403 0.0456199 0.402231 0.00252691
33 0.565811 0.502715 0.0725677 0.265784 0.00218573
16 0.217843 0.759689 0.0504577 0.0552373 0.00210464
37 0.552303 0.445709 0.147498 0.155866 0.00209793
33 0.787265 0.512177 0.0684372 0.0341886 0.00190541
19 0.552398 0.446535 0.148935 0.155741 0.00164437
0 0.567023 0.426172 0.0928751 0.0914994 0.00160781
31 0.576608 0.504291 0.0897977 0.266978 0.00151306
9 0.55303 0.446896 0.147356 0.155916 0.00140792
31 0.546566 0.449147 0.0933667 0.140759 0.00136632
31 0.240424 0.759232 0.0119188 0.0505812 0.00133508
0 0.571523 0.384523 0.0844976 0.0959044 0.00131553
0 0.19197 0.755582 0.0336731 0.0563706 0.00127742
30 0.535908 0.459029 0.114548 0.131112 0.00124732
31 0.55303 0.442858 0.0796616 0.0909571 0.00122753
33 0.587675 0.375677 0.069179 0.0776751 0.0012151
31 0.500504 0.498794 0.0435466 0.0469252 0.00119776
8 0.561227 0.324487 0.0346798 0.153709 0.0011484
33 0.755036 0.513704 0.134446 0.040668 0.00109977
37 0.0951682 0.399591 0.070582 0.337611 0.00109199
3 0.55303 0.446896 0.147356 0.155916 0.00106072
30 0.576608 0.504291 0.0897977 0.266978 0.00102904
31 0.518114 0.466907 0.0707244 0.048903 0.00100848
0 0.535908 0.459029 0.114548 0.131112 0.00100559
16 0.552398 0.446535 0.148935 0.155741 0.00100434
