0 0.276755 0.511685 0.326341 0.583537 0.940343
29 0.474807 0.442314 0.0689052 0.028996 0.54547
29 0.557915 0.426454 0.131745 0.0390392 0.315586
29 0.532154 0.432451 0.185166 0.0495126 0.197013
34 0.531945 0.432324 0.185252 0.0497935 0.045047
0 0.0974844 0.453025 0.116522 0.383961 0.0421041
34 0.555156 0.426645 0.127899 0.0372643 0.0203802
0 0.0867078 0.387008 0.0800291 0.246023 0.00551265
29 0.598905 0.421307 0.0541519 0.025708 0.00427201
32 0.475363 0.442318 0.0699893 0.0290318 0.00425404
0 0.0765728 0.451307 0.106308 0.384953 0.00392288
2 0.596696 0.345988 0.0978712 0.103116 0.00238127
29 0.570157 0.419717 0.108629 0.0265287 0.00224185
2 0.819856 0.282152 0.209183 0.124517 0.00216547
34 0.475081 0.442588 0.0680553 0.028814 0.0015471
