0 0.73197 0.763903 0.0908381 0.463042 0.906238
72 0.414459 0.726583 0.149499 0.524189 0.897316
69 0.146303 0.832721 0.210026 0.314945 0.836566
0 0.580093 0.714304 0.130973 0.555695 0.835485
74 0.733373 0.308715 0.0390252 0.0780813 0.803408
26 0.746561 0.766772 0.0444692 0.116955 0.435283
71 0.0376359 0.70219 0.0752719 0.161509 0.366945
72 0.59147 0.617811 0.170688 0.586232 0.347646
26 0.610788 0.851485 0.0436837 0.266298 0.243268
72 0.619697 0.657495 0.104355 0.505888 0.20947
26 0.750852 0.772741 0.0343883 0.103666 0.184298
69 0.51037 0.809352 0.0495918 0.363305 0.168433
69 0.510055 0.852532 0.0425881 0.27503 0.0796326
69 0.414337 0.727201 0.149167 0.5233 0.0709848
69 0.509934 0.703253 0.0457766 0.145872 0.0594552
71 0.0323823 0.742349 0.0641802 0.078016 0.0525331
71 0.0373634 0.672244 0.0747268 0.0989483 0.0514682
69 0.145772 0.902888 0.205822 0.183192 0.0507646
45 0.416579 0.424286 0.0461384 0.0424626 0.0447925
45 0.514603 0.597703 0.03207 0.0612282 0.0392482
45 0.101782 0.70273 0.0553299 0.099386 0.0324172
45 0.0863244 0.752208 0.0484257 0.0618878 0.0319934
45 0.250203 0.702144 0.0499876 0.090805 0.031244
69 0.50979 0.660443 0.0449133 0.0614984 0.0268145
71 0.0370823 0.652407 0.0730495 0.0626547 0.0234081
41 0.0874859 0.753395 0.045771 0.0610001 0.0190067
45 0.305581 0.722661 0.0617725 0.0508417 0.01549
45 0.30289 0.714271 0.0389409 0.0310141 0.0149978
45 0.299859 0.71749 0.0495286 0.0404389 0.014057
45 0.296469 0.707657 0.0430476 0.0343637 0.0131716
72 0.615107 0.535197 0.0945061 0.268555 0.0124882
72 0.90595 0.807011 0.187006 0.367668 0.0122405
53 0.647449 0.690306 0.0574314 0.0205347 0.011731
45 0.538601 0.606691 0.0222048 0.0329898 0.0113946
69 0.643164 0.791383 0.049852 0.236053 0.0106112
45 0.848324 0.612801 0.0468628 0.0457585 0.0101556
68 0.616343 0.367783 0.0903179 0.0783844 0.0089733
45 0.304801 0.724116 0.0358446 0.03841 0.00854993
69 0.593157 0.616861 0.1715 0.592912 0.00854376
47 0.641207 0.662655 0.0188705 0.0404669 0.0078789
49 0.641207 0.662655 0.0188705 0.0404669 0.00733194
69 0.646863 0.753979 0.0591969 0.314947 0.00689894
72 0.645376 0.787257 0.0572279 0.252988 0.00666818
71 0.0335389 0.679908 0.0661704 0.0666511 0.00629875
46 0.647799 0.690284 0.0558969 0.0183912 0.00623649
41 0.063859 0.614021 0.0209064 0.0506467 0.00612682
45 0.4116 0.427524 0.061718 0.0467184 0.00607723
26 0.738716 0.741654 0.03094 0.0744763 0.00538242
72 0.939199 0.520455 0.12089 0.30839 0.00531161
72 0.632866 0.617454 0.1326 0.57094 0.00527468
25 0.610088 0.852834 0.042841 0.272408 0.00523999
41 0.514291 0.597255 0.0308928 0.057078 0.00520241
72 0.666252 0.617388 0.313869 0.587031 0.00519615
45 0.414598 0.459058 0.0601215 0.0258657 0.00484097
71 0.0365853 0.639945 0.0720634 0.0418272 0.00471866
26 0.848324 0.612801 0.0468628 0.0457585 0.00467882
45 0.153372 0.703977 0.0484358 0.0478603 0.00466886
56 0.510236 0.823052 0.0431433 0.264452 0.00425842
26 0.746086 0.744532 0.0439121 0.0826942 0.00401592
70 0.51418 0.597515 0.0314547 0.0588357 0.00381488
69 0.306903 0.907141 0.109634 0.179875 0.00377759
45 0.20033 0.72172 0.031259 0.0494807 0.00366393
69 0.514636 0.8839 0.0316318 0.135272 0.00365621
45 0.295294 0.689135 0.0423831 0.045438 0.00360566
41 0.846534 0.568011 0.0177382 0.0593219 0.00344256
41 0.0926919 0.718026 0.0359445 0.0586035 0.00340775
69 0.616343 0.367783 0.0903179 0.0783844 0.00338724
45 0.616016 0.369865 0.0925976 0.0799714 0.00332776
39 0.846534 0.568011 0.0177382 0.0593219 0.00308418
75 0.0872526 0.750359 0.0455669 0.0675512 0.00305703
39 0.063859 0.614021 0.0209064 0.0506467 0.0030556
45 0.101894 0.670037 0.0534637 0.0377593 0.0029332
24 0.746423 0.76812 0.043262 0.118667 0.0029299
43 0.647799 0.690284 0.0558969 0.0183912 0.00284165
75 0.846553 0.569167 0.0180878 0.0586319 0.00282377
72 0.587309 0.524624 0.161365 0.407759 0.00281826
40 0.931867 0.660041 0.0137291 0.0477793 0.00263524
45 0.539513 0.596722 0.0216492 0.0247114 0.00255269
41 0.250005 0.701382 0.0498815 0.0922773 0.00252092
75 0.808225 0.544569 0.0180939 0.090184 0.00246394
56 0.610627 0.851451 0.0422546 0.271976 0.00241783
52 0.647449 0.690306 0.0574314 0.0205347 0.00234258
69 0.622652 0.652062 0.11059 0.51816 0.00230443
69 0.616884 0.505417 0.0961168 0.352561 0.00229034
72 0.747221 0.597692 0.135904 0.476118 0.00221652
52 0.641207 0.662655 0.0188705 0.0404669 0.00220609
72 0.609972 0.606329 0.111511 0.563681 0.00217193
45 0.613762 0.388527 0.0829655 0.0391743 0.00213271
69 0.508588 0.775055 0.0424104 0.264421 0.00211564
45 0.406477 0.45658 0.0876474 0.0286055 0.00209594
69 0.144413 0.772927 0.202128 0.138741 0.0020943
45 0.200598 0.712493 0.0324557 0.0456804 0.00206634
73 0.646634 0.691165 0.0576604 0.0239362 0.00205353
48 0.641207 0.662655 0.0188705 0.0404669 0.00197282
51 0.647877 0.691405 0.0571614 0.0228193 0.00195467
51 0.641207 0.662655 0.0188705 0.0404669 0.0019142
39 0.085982 0.751092 0.0496436 0.0638829 0.00188988
71 0.510945 0.658294 0.0466229 0.0611815 0.00183615
72 0.510785 0.80366 0.0481847 0.349868 0.00165787
26 0.758123 0.801716 0.0649606 0.181163 0.00164053
73 0.647004 0.696215 0.058194 0.0347143 0.00160769
69 0.586641 0.501978 0.156387 0.351473 0.00154662
26 0.737295 0.765824 0.0558767 0.123378 0.00150284
0 0.578937 0.552207 0.100777 0.22884 0.0014959
39 0.80854 0.544065 0.0181046 0.0918017 0.00148433
45 0.251144 0.668217 0.0465754 0.0270806 0.00147811
69 0.614262 0.531654 0.0950982 0.257003 0.0014331
69 0.0375587 0.709204 0.0745319 0.146857 0.00135911
69 0.562779 0.742245 0.192097 0.446313 0.00135189
72 0.586566 0.456248 0.161011 0.273493 0.00132328
69 0.554053 0.802609 0.134496 0.377828 0.00131318
70 0.101957 0.702979 0.0556082 0.101146 0.00126287
45 0.646634 0.691165 0.0576604 0.0239362 0.00125772
39 0.931867 0.660041 0.0137291 0.0477793 0.00124183
41 0.85148 0.569486 0.028159 0.0624711 0.00124064
39 0.847164 0.561413 0.0166267 0.0437932 0.00121507
69 0.172599 0.753146 0.144193 0.152084 0.00118822
37 0.610587 0.849823 0.0420204 0.275552 0.00118297
41 0.102047 0.70379 0.0553848 0.0978981 0.00117695
48 0.647877 0.691405 0.0571614 0.0228193 0.00116605
45 0.36015 0.449305 0.0356156 0.0301402 0.00116163
62 0.414337 0.727201 0.149167 0.5233 0.00114024
45 0.0375587 0.709204 0.0745319 0.146857 0.00113401
72 0.539194 0.428824 0.0655714 0.221387 0.00113383
24 0.610388 0.853532 0.0420443 0.269257 0.00112596
55 0.647877 0.691405 0.0571614 0.0228193 0.00106105
46 0.641207 0.662655 0.0188705 0.0404669 0.00106043
45 0.0926919 0.718026 0.0359445 0.0586035 0.00104764
63 0.0315919 0.742045 0.0628216 0.0772854 0.00104168
26 0.603795 0.78107 0.0297443 0.120019 0.00103596
72 0.306903 0.907141 0.109634 0.179875 0.00103152
68 0.591792 0.613964 0.172559 0.584758 0.00102872
41 0.538601 0.606691 0.0222048 0.0329898 0.0010125
73 0.0315919 0.742045 0.0628216 0.0772854 0.0010097
69 0.145176 0.829773 0.218816 0.152642 0.00100833
