74 0.548236 0.0946657 0.10321 0.121024 0.830208
69 0.50014 0.449441 0.188964 0.297066 0.819601
58 0.906953 0.131258 0.0768301 0.09875 0.744347
75 0.366337 0.138317 0.0504537 0.0824912 0.711735
45 0.283228 0.336703 0.0694883 0.0305016 0.697775
75 0.29263 0.126563 0.0880903 0.107257 0.665353
72 0.128773 0.388269 0.230484 0.442458 0.663307
71 0.871906 0.397682 0.215511 0.101328 0.649745
75 0.687508 0.145923 0.0271254 0.0705485 0.24941
39 0.847516 0.140101 0.0486612 0.0835815 0.24146
75 0.902331 0.157619 0.0474209 0.0441314 0.157338
74 0.547489 0.0952053 0.0747831 0.0823837 0.137811
71 0.861882 0.367133 0.18485 0.0307259 0.130766
17 0.310682 0.834176 0.110474 0.303055 0.125336
71 0.869369 0.364816 0.211844 0.0391442 0.101718
75 0.935723 0.159813 0.0190022 0.0420869 0.0972345
75 0.846921 0.139935 0.048777 0.0840711 0.0916481
47 0.284425 0.32699 0.0194845 0.0106138 0.0902615
39 0.687523 0.145873 0.027158 0.0708153 0.0844137
69 0.502251 0.497023 0.176953 0.200302 0.0824114
74 0.413105 0.152518 0.0441878 0.0546312 0.059748
49 0.284425 0.32699 0.0194845 0.0106138 0.0563263
41 0.935723 0.159813 0.0190022 0.0420869 0.0393884
71 0.860348 0.351822 0.179195 0.0164803 0.0292323
41 0.902983 0.157522 0.0472744 0.0453254 0.0286559
71 0.858624 0.355079 0.191055 0.0188778 0.0260483
71 0.879036 0.370469 0.184904 0.0298882 0.0249947
56 0.310412 0.834327 0.110579 0.302774 0.0247941
58 0.0802801 0.759229 0.0617625 0.0861028 0.0218771
75 0.0867691 0.77391 0.0484164 0.0543046 0.0190451
69 0.500839 0.339988 0.186961 0.0780918 0.0189729
71 0.861292 0.358898 0.19583 0.032501 0.0187477
75 0.251435 0.159313 0.0155975 0.0410389 0.0157397
75 0.413082 0.152178 0.0437191 0.0545485 0.0128019
45 0.544689 0.336529 0.066622 0.0534599 0.0128018
19 0.310682 0.834176 0.110474 0.303055 0.0125324
39 0.366167 0.138398 0.0499057 0.0828689 0.012112
58 0.687572 0.145738 0.0271964 0.0706335 0.0110212
39 0.935143 0.16004 0.0185961 0.0416686 0.0105118
45 0.713746 0.260398 0.053211 0.0581565 0.0100931
58 0.29275 0.126266 0.0880703 0.106385 0.00933635
75 0.252833 0.1515 0.0163697 0.0532892 0.00932613
39 0.162702 0.756962 0.0390074 0.0931995 0.00901806
62 0.771603 0.120816 0.125544 0.104185 0.00877833
32 0.375618 0.521385 0.0206287 0.0205195 0.00789496
45 0.284425 0.32699 0.0194845 0.0106138 0.00775826
74 0.714025 0.260202 0.0529404 0.0584191 0.00682542
58 0.935143 0.16004 0.0185961 0.0416686 0.00677696
69 0.537425 0.814247 0.0652298 0.213403 0.00671875
68 0.771677 0.121717 0.125473 0.104681 0.00650373
46 0.284425 0.32699 0.0194845 0.0106138 0.00646883
57 0.310682 0.834176 0.110474 0.303055 0.00639489
51 0.284425 0.32699 0.0194845 0.0106138 0.00638565
47 0.283682 0.336614 0.0697505 0.0302201 0.00622582
45 0.283368 0.345056 0.0699806 0.0262928 0.00561231
41 0.413214 0.152424 0.0442083 0.054473 0.00518727
45 0.650342 0.277788 0.067631 0.0746589 0.00498641
32 0.754562 0.522815 0.0186743 0.0222941 0.00484133
75 0.906401 0.130756 0.0791046 0.0990122 0.00464866
73 0.769854 0.123655 0.104284 0.0920388 0.00457469
39 0.252833 0.1515 0.0163697 0.0532892 0.00445956
74 0.771483 0.121678 0.12496 0.104971 0.00431472
74 0.161796 0.77713 0.0157556 0.0270804 0.00420743
16 0.310682 0.834176 0.110474 0.303055 0.00415155
69 0.305102 0.411643 0.132997 0.0688942 0.00393838
45 0.283615 0.327695 0.0705532 0.0248588 0.00384507
75 0.0848394 0.756925 0.0541623 0.088309 0.00363311
62 0.874149 0.826866 0.24407 0.293517 0.00345001
39 0.865457 0.134728 0.0219219 0.0601752 0.00344732
47 0.289895 0.318034 0.0186804 0.0172148 0.00344479
39 0.29275 0.126266 0.0880703 0.106385 0.00320071
69 0.872156 0.396705 0.215769 0.10414 0.00314173
58 0.0787983 0.73283 0.0483236 0.0323902 0.00313395
39 0.251816 0.159177 0.0162097 0.0396983 0.00287935
45 0.650235 0.255952 0.0672773 0.118497 0.00273183
58 0.847174 0.139913 0.0484367 0.083837 0.00273094
75 0.0869106 0.773782 0.0370184 0.0461954 0.00271064
46 0.283682 0.336614 0.0697505 0.0302201 0.00263587
71 0.853162 0.346735 0.18462 0.019935 0.00259474
71 0.686539 0.358872 0.116895 0.0342768 0.00251946
41 0.29275 0.126266 0.0880703 0.106385 0.00249577
56 0.544689 0.322128 0.0599939 0.0822914 0.00244257
49 0.289895 0.318034 0.0186804 0.0172148 0.00238276
32 0.694359 0.894753 0.0224002 0.0264175 0.0023455
62 0.526465 0.815076 0.0430048 0.183531 0.00232804
39 0.871675 0.152789 0.0168533 0.0563769 0.0021995
39 0.862038 0.311716 0.0226887 0.0727574 0.00218114
45 0.287703 0.336227 0.0541565 0.0251846 0.00216442
32 0.105946 0.923777 0.01449 0.0179075 0.00213391
41 0.251818 0.159196 0.0160514 0.039875 0.00213233
41 0.832113 0.571714 0.0195158 0.0448593 0.00205827
39 0.846739 0.118079 0.0433878 0.0405386 0.00203177
60 0.310682 0.834176 0.110474 0.303055 0.00198674
69 0.87417 0.828445 0.24417 0.29522 0.00195396
73 0.413307 0.15239 0.0441597 0.0545976 0.0019505
39 0.845916 0.126542 0.0455101 0.0576838 0.00192499
62 0.537531 0.814218 0.0647224 0.21621 0.00185838
32 0.123383 0.924023 0.0146206 0.0189505 0.00181198
47 0.284747 0.318477 0.0365686 0.0170592 0.00180593
69 0.508001 0.349448 0.195795 0.0491857 0.001798
47 0.754562 0.522815 0.0186743 0.0222941 0.00177678
32 0.284425 0.32699 0.0194845 0.0106138 0.00171116
74 0.650354 0.277727 0.0672623 0.0749306 0.00168198
45 0.903876 0.157343 0.0500641 0.0462842 0.00166562
58 0.0762299 0.736985 0.0576718 0.0509453 0.00159734
41 0.0866611 0.773158 0.0491038 0.0564165 0.00154617
41 0.687572 0.145738 0.0271964 0.0706335 0.00153717
73 0.902916 0.157665 0.0469906 0.0445516 0.00149158
71 0.871336 0.473885 0.212922 0.255625 0.00147021
75 0.846739 0.118079 0.0433878 0.0405386 0.00141555
49 0.284747 0.318477 0.0365686 0.0170592 0.00141191
0 0.310682 0.834176 0.110474 0.303055 0.00137782
71 0.690784 0.361214 0.20307 0.0402897 0.00137573
75 0.861251 0.311947 0.0220879 0.0720821 0.00136498
39 0.903876 0.157343 0.0500641 0.0462842 0.0013606
49 0.283682 0.336614 0.0697505 0.0302201 0.00135961
41 0.878022 0.329445 0.0150957 0.0240204 0.00134778
41 0.848959 0.571892 0.0187725 0.046189 0.00134623
58 0.870348 0.136919 0.0990293 0.0899414 0.00132507
74 0.902916 0.157665 0.0469906 0.0445516 0.00131476
41 0.838979 0.509273 0.0145317 0.0237214 0.00130099
39 0.841246 0.135836 0.0371002 0.0753324 0.00128961
74 0.162702 0.756962 0.0390074 0.0931995 0.00128323
39 0.853185 0.115327 0.0270378 0.0346766 0.00126937
74 0.0866611 0.773158 0.0491038 0.0564165 0.00126857
18 0.310682 0.834176 0.110474 0.303055 0.00125334
39 0.870214 0.142773 0.0192692 0.0760043 0.00122792
75 0.831886 0.572966 0.0204002 0.0430188 0.00120801
26 0.545867 0.322456 0.0696405 0.0821852 0.00120133
39 0.842343 0.155393 0.0369019 0.0520105 0.00117078
72 0.536931 0.813734 0.0640408 0.214249 0.0011639
40 0.831774 0.570064 0.0228844 0.0485459 0.00114155
56 0.54642 0.294144 0.0468301 0.0286692 0.00109804
40 0.935199 0.159661 0.0190121 0.0431108 0.00109702
74 0.162755 0.779253 0.0355412 0.0437005 0.00108492
41 0.809189 0.5711 0.0208548 0.0442863 0.00108248
43 0.290209 0.352272 0.0848817 0.023155 0.00107828
75 0.316042 0.128496 0.137365 0.104567 0.00106528
59 0.310412 0.834327 0.110579 0.302774 0.00105664
58 0.902963 0.157684 0.04709 0.0443908 0.00105479
39 0.831886 0.572966 0.0204002 0.0430188 0.00104612
41 0.252833 0.1515 0.0163697 0.0532892 0.00103953
71 0.836831 0.36455 0.148846 0.0336588 0.00103942
75 0.31083 0.834161 0.110526 0.303098 0.00103214
69 0.499573 0.463967 0.148331 0.119246 0.00102043
49 0.754562 0.522815 0.0186743 0.0222941 0.00101891
58 0.366063 0.138086 0.0498341 0.082225 0.00101787
69 0.869369 0.364816 0.211844 0.0391442 0.0010103
39 0.809168 0.571777 0.0198099 0.0457399 0.00100136
