50 0.74821 0.591843 0.500968 0.365626 0.956218
0 0.594407 0.511486 0.811187 0.948746 0.881054
73 0.115902 0.31873 0.0639713 0.0831182 0.0334539
73 0.0702715 0.203647 0.128709 0.12573 0.0298582
73 0.0859336 0.324801 0.0622993 0.0783934 0.0240591
73 0.0724374 0.327151 0.0652101 0.0790885 0.0209624
73 0.0977771 0.199368 0.0727437 0.119121 0.0178557
73 0.0991555 0.323379 0.0662575 0.0780634 0.0170273
73 0.0892136 0.414093 0.0561913 0.0645742 0.0146978
73 0.0711906 0.416767 0.0545086 0.0632765 0.0146326
0 0.283887 0.508659 0.205976 0.944208 0.0144024
73 0.0525228 0.206674 0.0979137 0.122624 0.0143303
73 0.0736469 0.32257 0.143504 0.0946945 0.0130104
73 0.0870779 0.324792 0.0987282 0.0861646 0.012819
56 0.0776078 0.815674 0.153202 0.351702 0.0127622
73 0.0547169 0.419233 0.0509227 0.0623984 0.0122444
73 0.0796124 0.201203 0.0877177 0.117243 0.0114343
73 0.0384742 0.420676 0.0589755 0.0626515 0.0102117
73 0.0568065 0.330571 0.067394 0.0826425 0.00997904
73 0.101441 0.412641 0.0425394 0.0612081 0.00953329
73 0.0380006 0.332058 0.0699112 0.083988 0.0089246
73 0.0658551 0.414247 0.0429129 0.0551688 0.00852332
73 0.0678795 0.202068 0.0668343 0.111279 0.00738662
0 0.354853 0.509724 0.341471 0.945405 0.00590026
73 0.0859844 0.198745 0.0607183 0.113864 0.00561678
73 0.105378 0.321082 0.0473762 0.0798177 0.00540236
73 0.0266208 0.423913 0.0516681 0.0651108 0.00539562
73 0.0766671 0.367565 0.151283 0.170973 0.00506821
73 0.11809 0.409621 0.0460269 0.060148 0.00489327
73 0.08175 0.0754749 0.0754134 0.106202 0.00482699
73 0.0521511 0.330506 0.101165 0.0850226 0.00454572
73 0.0264588 0.335211 0.0513901 0.0821941 0.00426307
73 0.113042 0.177012 0.039585 0.074002 0.00389332
73 0.0955918 0.0710878 0.0487761 0.100922 0.00387567
73 0.0340499 0.210568 0.0656706 0.123643 0.0038096
73 0.0239968 0.218447 0.046551 0.113395 0.00371215
41 0.042397 0.0783415 0.0677444 0.0989408 0.00325441
73 0.0454486 0.202857 0.0708445 0.109958 0.00310811
73 0.0866361 0.185196 0.0433184 0.0865689 0.00306597
73 0.0550984 0.329771 0.0456549 0.0785473 0.00299343
73 0.0221005 0.350548 0.0421454 0.0535349 0.00292388
73 0.125984 0.407567 0.0508487 0.0577789 0.0027909
45 0.867684 0.781758 0.264633 0.335516 0.00271305
73 0.0402221 0.0792896 0.0682193 0.0968828 0.00262687
73 0.113425 0.162868 0.0344411 0.0444187 0.0025757
73 0.113766 0.193223 0.0442596 0.108547 0.00252393
73 0.0691232 0.0761022 0.0580993 0.0979523 0.00248605
56 0.124182 0.810459 0.245315 0.358101 0.00244978
73 0.0624736 0.0687241 0.121852 0.120003 0.00232574
41 0.0752134 0.0751986 0.0627596 0.102061 0.00228858
73 0.0788249 0.414598 0.13817 0.0719331 0.00201797
73 0.105793 0.408366 0.0713867 0.0663173 0.00198278
73 0.0722076 0.257795 0.140932 0.231615 0.00180328
0 0.315091 0.435272 0.167876 0.126797 0.00175983
73 0.0892607 0.408257 0.0821757 0.0727854 0.00174931
73 0.112309 0.502851 0.122507 0.0409199 0.00150943
73 0.0281935 0.0809049 0.052735 0.101021 0.00150433
45 0.749973 0.692653 0.500054 0.582571 0.00148538
73 0.0759834 0.340672 0.148949 0.110115 0.00140575
45 0.845781 0.733593 0.306547 0.318405 0.00133952
45 0.749395 0.593034 0.499461 0.366441 0.00133258
73 0.0607389 0.19247 0.0507782 0.0956633 0.00123653
73 0.0824995 0.416409 0.0978985 0.0682694 0.00121701
13 0.0776078 0.815674 0.153202 0.351702 0.0010801
45 0.750058 0.788155 0.499885 0.380848 0.00105542
