4 0.682274 0.318257 0.136251 0.141242 0.900919
4 0.465242 0.430546 0.0585199 0.0830162 0.00388968
4 0.654149 0.344354 0.0793426 0.0875418 0.00232923
7 0.46525 0.433997 0.0583141 0.0900883 0.00218704
4 0.458998 0.411712 0.0470306 0.0501397 0.00212887
4 0.687129 0.343013 0.14808 0.0944488 0.00209451
8 0.46531 0.433227 0.0581596 0.0871997 0.00208819
4 0.671701 0.364562 0.0229463 0.0491513 0.00190344
14 0.441927 0.403699 0.0107222 0.0287711 0.00178847
4 0.645855 0.338657 0.0624222 0.0738614 0.00163007
8 0.441927 0.403699 0.0107222 0.0287711 0.00145838
0 0.671701 0.364562 0.0229463 0.0491513 0.00135252
4 0.441927 0.403699 0.0107222 0.0287711 0.00127104
4 0.681939 0.289988 0.124601 0.0918982 0.00100181
