0 0.200516 0.714323 0.128952 0.301923 0.886675
33 0.239295 0.513323 0.0576524 0.0837897 0.0736214
1 0.373236 0.457557 0.0806116 0.0969165 0.0595195
33 0.373548 0.457237 0.0801921 0.096383 0.0444045
33 0.322575 0.462019 0.0454777 0.0595666 0.0389098
33 0.36508 0.464637 0.0588892 0.0831267 0.024996
33 0.233283 0.521677 0.0462468 0.0849782 0.0239608
33 0.328013 0.463307 0.0344702 0.0528545 0.0221635
14 0.308852 0.459483 0.0203288 0.0554022 0.0209307
33 0.176139 0.544059 0.0287587 0.0241175 0.0200799
33 0.244348 0.507262 0.0420579 0.0705182 0.0169057
1 0.3093 0.464505 0.0685456 0.0670575 0.0158308
1 0.286792 0.473772 0.0642283 0.0868543 0.0157921
58 0.373 0.457419 0.0807585 0.0966208 0.0148657
58 0.296429 0.491536 0.236547 0.167151 0.0148262
1 0.371255 0.469564 0.0461484 0.0720935 0.0141985
33 0.371255 0.469564 0.0461484 0.0720935 0.0131463
14 0.307196 0.462011 0.0276712 0.0603056 0.0124336
1 0.36508 0.464637 0.0588892 0.0831267 0.0121773
1 0.296368 0.474189 0.0491398 0.0832075 0.0118007
1 0.308976 0.465222 0.0310976 0.0687298 0.0112234
1 0.357054 0.458442 0.112505 0.0927821 0.0107913
33 0.23461 0.52032 0.0472966 0.054201 0.0107501
33 0.330472 0.469499 0.0338303 0.0478058 0.0098232
14 0.296008 0.463158 0.0476007 0.0636246 0.00939363
13 0.618317 0.940494 0.268435 0.118317 0.00879747
33 0.308852 0.459483 0.0203288 0.0554022 0.00847596
33 0.214725 0.517636 0.112151 0.098429 0.00847471
33 0.223946 0.524106 0.0255887 0.0436648 0.00838464
33 0.381585 0.440103 0.0644954 0.0671366 0.00804999
1 0.322311 0.462979 0.0506428 0.0686258 0.00801814
1 0.379261 0.468478 0.049164 0.0728982 0.00794861
76 0.176139 0.544059 0.0287587 0.0241175 0.00780246
33 0.307196 0.462011 0.0276712 0.0603056 0.00771996
1 0.284516 0.483537 0.133053 0.106263 0.0076192
33 0.376371 0.455078 0.0368258 0.0467431 0.00733659
1 0.237732 0.510177 0.05349 0.0785929 0.0072538
33 0.247036 0.500237 0.035964 0.0525656 0.0065895
14 0.322513 0.462129 0.0467795 0.0601746 0.00647962
1 0.285804 0.480698 0.0352684 0.0742476 0.00634858
13 0.638742 0.947941 0.212455 0.104118 0.00634727
1 0.264964 0.482624 0.0680526 0.075482 0.00614208
33 0.230859 0.530525 0.0422853 0.0588989 0.00602692
33 0.360299 0.455151 0.0567536 0.0688854 0.00579897
33 0.369293 0.43538 0.06876 0.0532148 0.00578228
58 0.795073 0.665486 0.0828177 0.0981707 0.00558534
33 0.291842 0.474369 0.05437 0.0861321 0.00529453
33 0.371707 0.470223 0.0313365 0.071402 0.00518709
1 0.371707 0.470223 0.0313365 0.071402 0.00506416
33 0.355506 0.441339 0.0439473 0.0515501 0.00499725
13 0.579501 0.959027 0.179962 0.0819459 0.00478616
33 0.29631 0.465528 0.0465401 0.066286 0.00477526
13 0.61363 0.95479 0.157116 0.0898139 0.00466651
33 0.282447 0.495413 0.0151383 0.0459529 0.00460014
33 0.3093 0.464505 0.0685456 0.0670575 0.00432777
1 0.262719 0.493489 0.104949 0.115404 0.0043124
33 0.382042 0.466648 0.0520059 0.0752546 0.00428665
26 0.256246 0.674403 0.012608 0.0437859 0.00419018
1 0.233283 0.521677 0.0462468 0.0849782 0.0041469
1 0.275213 0.480378 0.0561382 0.0744124 0.00413045
58 0.803967 0.502907 0.391309 0.414149 0.00411966
0 0.238919 0.509284 0.0542527 0.0753129 0.00405243
1 0.244348 0.507262 0.0420579 0.0705182 0.00404677
1 0.289278 0.468468 0.0332703 0.0522064 0.00404525
1 0.300355 0.463027 0.0428675 0.0622527 0.0040158
0 0.373 0.457419 0.0807585 0.0966208 0.00400841
33 0.296429 0.491536 0.236547 0.167151 0.00396469
0 0.374437 0.469686 0.0397542 0.0715167 0.00383839
0 0.646086 0.578263 0.0190453 0.0265129 0.00383171
25 0.233283 0.521677 0.0462468 0.0849782 0.00382873
33 0.357054 0.458442 0.112505 0.0927821 0.00374496
33 0.25824 0.488789 0.0658088 0.0758252 0.00372794
56 0.36508 0.464637 0.0588892 0.0831267 0.00367284
33 0.378298 0.429267 0.0717876 0.0447814 0.0036428
1 0.196918 0.538598 0.0724434 0.0566168 0.00361606
56 0.371255 0.469564 0.0461484 0.0720935 0.00359026
33 0.262719 0.493489 0.104949 0.115404 0.00354284
33 0.29333 0.474715 0.0432045 0.0687639 0.00352454
33 0.289278 0.468468 0.0332703 0.0522064 0.00351578
58 0.239295 0.513323 0.0576524 0.0837897 0.00347143
36 0.36506 0.460829 0.0610734 0.091463 0.00345662
1 0.376371 0.455078 0.0368258 0.0467431 0.00342441
13 0.601368 0.963536 0.12496 0.0729287 0.00336421
33 0.285804 0.480698 0.0352684 0.0742476 0.00333387
1 0.242491 0.516944 0.0690378 0.094682 0.00332677
1 0.214725 0.517636 0.112151 0.098429 0.00328565
30 0.269751 0.48287 0.0627398 0.0771969 0.00328314
33 0.331679 0.474135 0.0377977 0.0625179 0.00328273
56 0.296368 0.474189 0.0491398 0.0832075 0.00327942
33 0.247423 0.513269 0.0592995 0.0735739 0.00326532
13 0.664681 0.936516 0.166939 0.121451 0.00322965
2 0.337968 0.0068062 0.0715697 0.0136124 0.00322235
25 0.36445 0.459828 0.0608811 0.0926649 0.00318536
0 0.282447 0.495413 0.0151383 0.0459529 0.00310585
56 0.373621 0.45703 0.0803117 0.0978771 0.00301373
3 0.373621 0.45703 0.0803117 0.0978771 0.00297135
14 0.176139 0.544059 0.0287587 0.0241175 0.0028832
38 0.366007 0.461546 0.0602925 0.0884068 0.00285375
14 0.286792 0.473772 0.0642283 0.0868543 0.0028252
1 0.646086 0.578263 0.0190453 0.0265129 0.0028224
25 0.237694 0.512419 0.0539231 0.0784466 0.00277606
33 0.281393 0.477406 0.0738309 0.0937368 0.00273085
0 0.367458 0.46487 0.0543915 0.0817596 0.00268701
3 0.237732 0.510177 0.05349 0.0785929 0.0026651
14 0.373 0.457419 0.0807585 0.0966208 0.00263005
0 0.636712 0.576634 0.0195326 0.026885 0.00262365
0 0.369293 0.43538 0.06876 0.0532148 0.00261682
30 0.366007 0.461546 0.0602925 0.0884068 0.00259039
0 0.220705 0.720754 0.0889893 0.286584 0.00257346
8 0.373 0.457419 0.0807585 0.0966208 0.00255054
0 0.376371 0.455078 0.0368258 0.0467431 0.00252667
58 0.781538 0.672876 0.0596783 0.08321 0.00252277
30 0.240696 0.506359 0.0508369 0.0706881 0.00250435
47 0.676026 0.0929692 0.352969 0.124001 0.00248361
10 0.331598 0.108493 0.0801297 0.216211 0.00247744
58 0.893699 0.664686 0.0433474 0.0591804 0.00246412
0 0.297896 0.47051 0.0495957 0.079003 0.00244179
8 0.302002 0.491444 0.22705 0.168356 0.00243074
14 0.352925 0.429504 0.0367436 0.0316766 0.00238284
1 0.648026 0.580603 0.0170789 0.0304509 0.00232893
14 0.289278 0.468468 0.0332703 0.0522064 0.00231594
33 0.196918 0.538598 0.0724434 0.0566168 0.00229353
58 0.78749 0.69634 0.0647026 0.0361923 0.00227305
1 0.381585 0.440103 0.0644954 0.0671366 0.00227302
33 0.352925 0.429504 0.0367436 0.0316766 0.00225675
3 0.646086 0.578263 0.0190453 0.0265129 0.00221601
1 0.652024 0.584605 0.017766 0.0383551 0.00220197
56 0.233283 0.521677 0.0462468 0.0849782 0.00219333
2 0.646086 0.578263 0.0190453 0.0265129 0.00216824
58 0.889671 0.661763 0.0339466 0.0520531 0.00216791
33 0.284516 0.483537 0.133053 0.106263 0.00215003
14 0.24103 0.50731 0.0476517 0.075209 0.00214589
56 0.237694 0.512419 0.0539231 0.0784466 0.00213084
14 0.3093 0.464505 0.0685456 0.0670575 0.00212926
1 0.282447 0.495413 0.0151383 0.0459529 0.00212315
30 0.260839 0.491668 0.0684092 0.0758844 0.00209445
38 0.322575 0.462019 0.0454777 0.0595666 0.00205037
26 0.190831 0.700084 0.0221843 0.120477 0.00204146
30 0.322575 0.462019 0.0454777 0.0595666 0.0020408
14 0.36197 0.436519 0.0545212 0.051858 0.00188011
1 0.177417 0.545993 0.0294491 0.0284304 0.00185466
33 0.195328 0.550193 0.0643515 0.0323353 0.00184491
58 0.233283 0.521677 0.0462468 0.0849782 0.00183558
4 0.176139 0.544059 0.0287587 0.0241175 0.00180963
36 0.371255 0.469564 0.0461484 0.0720935 0.00176832
33 0.181263 0.546034 0.0414426 0.0290675 0.00174624
25 0.296368 0.474189 0.0491398 0.0832075 0.00174016
36 0.371707 0.470223 0.0313365 0.071402 0.00171667
16 0.373 0.457419 0.0807585 0.0966208 0.001715
0 0.300355 0.463027 0.0428675 0.0622527 0.00170818
2 0.360037 0.00625698 0.0275602 0.012514 0.00169194
0 0.37785 0.425743 0.0733809 0.0439205 0.00164008
58 0.791643 0.69839 0.0745565 0.0283129 0.00163314
30 0.378298 0.429267 0.0717876 0.0447814 0.00162888
14 0.376772 0.43559 0.0770519 0.0551899 0.00162765
25 0.371255 0.469564 0.0461484 0.0720935 0.00159797
14 0.282447 0.495413 0.0151383 0.0459529 0.00159514
36 0.322575 0.462019 0.0454777 0.0595666 0.00159386
14 0.29333 0.474715 0.0432045 0.0687639 0.00159073
58 0.747486 0.636325 0.0298536 0.0529821 0.00156018
25 0.67611 0.0945992 0.35302 0.126146 0.00155842
36 0.176139 0.544059 0.0287587 0.0241175 0.00151905
25 0.376772 0.43559 0.0770519 0.0551899 0.00150776
13 0.73677 0.932137 0.497225 0.135725 0.00147158
30 0.176139 0.544059 0.0287587 0.0241175 0.00145671
4 0.373548 0.457237 0.0801921 0.096383 0.00144637
58 0.291842 0.474369 0.05437 0.0861321 0.00144443
36 0.373951 0.45731 0.0813812 0.0974347 0.00141695
30 0.328013 0.463307 0.0344702 0.0528545 0.00140783
1 0.230859 0.530525 0.0422853 0.0588989 0.00140488
1 0.195328 0.550193 0.0643515 0.0323353 0.00139767
30 0.243741 0.519531 0.0635605 0.0793132 0.00138095
0 0.308976 0.465222 0.0310976 0.0687298 0.00138003
14 0.363424 0.455571 0.0585867 0.0845361 0.00137663
56 0.285804 0.480698 0.0352684 0.0742476 0.00137237
14 0.355506 0.441339 0.0439473 0.0515501 0.00137103
30 0.29333 0.474715 0.0432045 0.0687639 0.00136459
0 0.308852 0.459483 0.0203288 0.0554022 0.00136083
34 0.15566 0.592478 0.038536 0.0564256 0.00133359
33 0.21996 0.540131 0.0327924 0.052623 0.00131983
36 0.234256 0.817046 0.0184621 0.0866732 0.00130969
30 0.381585 0.440103 0.0644954 0.0671366 0.001306
13 0.961598 0.679318 0.0631447 0.023597 0.00129637
33 0.269751 0.48287 0.0627398 0.0771969 0.00129291
58 0.293889 0.543941 0.248003 0.269881 0.00128341
33 0.247094 0.527171 0.0589555 0.0496435 0.00127721
36 0.379261 0.468478 0.049164 0.0728982 0.00127172
58 0.779106 0.697207 0.0434885 0.0342501 0.0012579
4 0.241376 0.51003 0.0591101 0.0750337 0.0012556
73 0.328013 0.463307 0.0344702 0.0528545 0.00124532
30 0.289278 0.468468 0.0332703 0.0522064 0.00123587
58 0.7443 0.627242 0.0512941 0.0759443 0.00123149
30 0.247036 0.500237 0.035964 0.0525656 0.00122797
3 0.244348 0.507262 0.0420579 0.0705182 0.00122157
1 0.636712 0.576634 0.0195326 0.026885 0.00120628
14 0.371707 0.470223 0.0313365 0.071402 0.00120288
0 0.240127 0.520959 0.0608406 0.0886379 0.00118729
0 0.177417 0.545993 0.0294491 0.0284304 0.00118685
1 0.386578 0.44964 0.0548327 0.0541642 0.00118572
13 0.652356 0.949689 0.128847 0.100622 0.00117996
1 0.247423 0.513269 0.0592995 0.0735739 0.00116926
36 0.355506 0.441339 0.0439473 0.0515501 0.00116438
0 0.247036 0.500237 0.035964 0.0525656 0.00116205
58 0.357054 0.458442 0.112505 0.0927821 0.00115836
30 0.285804 0.480698 0.0352684 0.0742476 0.00115308
0 0.285804 0.480698 0.0352684 0.0742476 0.00113288
36 0.328013 0.463307 0.0344702 0.0528545 0.00112617
36 0.260839 0.491668 0.0684092 0.0758844 0.00112239
0 0.23461 0.52032 0.0472966 0.054201 0.00112218
56 0.300355 0.463027 0.0428675 0.0622527 0.00110063
47 0.692479 0.119755 0.0939244 0.0552483 0.00110003
36 0.275213 0.480378 0.0561382 0.0744124 0.00109279
0 0.382042 0.466648 0.0520059 0.0752546 0.00109184
4 0.281393 0.477406 0.0738309 0.0937368 0.00108954
56 0.371707 0.470223 0.0313365 0.071402 0.00108647
76 0.238919 0.509284 0.0542527 0.0753129 0.00108221
30 0.371255 0.469564 0.0461484 0.0720935 0.00108188
58 0.308976 0.465222 0.0310976 0.0687298 0.00107893
47 0.789424 0.106254 0.089059 0.0522666 0.00107747
73 0.322575 0.462019 0.0454777 0.0595666 0.00106928
33 0.393182 0.435929 0.0417808 0.0240153 0.00106892
30 0.355506 0.441339 0.0439473 0.0515501 0.00105542
56 0.286792 0.473772 0.0642283 0.0868543 0.00105187
3 0.233283 0.521677 0.0462468 0.0849782 0.00104848
4 0.381585 0.440103 0.0644954 0.0671366 0.00103763
58 0.856523 0.605638 0.261912 0.220047 0.00103316
3 0.648026 0.580603 0.0170789 0.0304509 0.00102195
7 0.29665 0.48757 0.236846 0.159429 0.00101811
1 0.369293 0.43538 0.06876 0.0532148 0.00101545
1 0.671887 0.585212 0.0181459 0.0514417 0.00101
