54 0.841808 0.529711 0.193024 0.241062 0.925152
54 0.831759 0.316615 0.191586 0.212511 0.922703
54 0.849357 0.79171 0.207849 0.302692 0.908834
54 0.632383 0.818363 0.262168 0.255583 0.907733
54 0.389233 0.406094 0.218876 0.216137 0.884455
54 0.680547 0.452635 0.144491 0.490862 0.880824
54 0.385369 0.561505 0.241441 0.2138 0.866735
54 0.185637 0.433995 0.186579 0.194246 0.810057
54 0.390034 0.840918 0.255699 0.19234 0.764077
54 0.40833 0.668577 0.226435 0.212367 0.736156
54 0.176035 0.305369 0.199094 0.178419 0.653049
54 0.153036 0.551491 0.191478 0.158879 0.636994
54 0.176754 0.793683 0.246471 0.255481 0.527688
54 0.177844 0.648752 0.234738 0.161115 0.483586
54 0.549077 0.514004 0.137794 0.385916 0.349536
54 0.197095 0.202982 0.170614 0.142265 0.299638
54 0.377468 0.18119 0.199234 0.185266 0.175904
60 0.502623 0.509516 0.986601 0.940766 0.143515
54 0.383274 0.311985 0.229992 0.156715 0.110749
54 0.377838 0.238287 0.216923 0.304065 0.0311575
54 0.522995 0.273591 0.0969589 0.125919 0.0246741
45 0.500183 0.505154 0.987227 0.935381 0.0191545
60 0.52108 0.114491 0.949291 0.153865 0.00778797
55 0.679629 0.453903 0.147904 0.490236 0.00489891
54 0.504724 0.508878 0.987922 0.936725 0.00478601
60 0.521349 0.167544 0.950268 0.254092 0.00468311
41 0.951327 0.0558955 0.0970055 0.110781 0.00455046
52 0.679629 0.453903 0.147904 0.490236 0.00412279
60 0.0252478 0.327528 0.050279 0.322332 0.00324863
54 0.443985 0.504943 0.347071 0.411139 0.0030995
55 0.841808 0.529711 0.193024 0.241062 0.00269261
54 0.431801 0.491848 0.840797 0.708164 0.00268549
55 0.186019 0.43423 0.18687 0.19376 0.0025304
54 0.185585 0.362209 0.143021 0.052978 0.00250977
60 0.586513 0.178243 0.825466 0.327478 0.00222367
60 0.440595 0.105043 0.861313 0.199631 0.00194213
55 0.831759 0.316615 0.191586 0.212511 0.00176746
55 0.153036 0.551491 0.191478 0.158879 0.00176415
55 0.6317 0.818359 0.262981 0.254741 0.00157753
55 0.849969 0.791463 0.206453 0.302313 0.0015094
43 0.043773 0.0560663 0.0865724 0.107045 0.00141051
55 0.178307 0.648656 0.234335 0.161936 0.00128675
54 0.287924 0.27198 0.0440612 0.0768628 0.00126982
69 0.502623 0.509516 0.986601 0.940766 0.00117239
55 0.177393 0.793354 0.245772 0.254765 0.00116283
48 0.679629 0.453903 0.147904 0.490236 0.0011515
55 0.389445 0.406094 0.219701 0.216861 0.00110316
52 0.377838 0.238287 0.216923 0.304065 0.0010545
