0 0.535021 0.308286 0.206165 0.320995 0.915278
0 0.147866 0.672513 0.199326 0.457948 0.899482
0 0.740067 0.271236 0.201975 0.252913 0.891429
0 0.592613 0.324869 0.0420217 0.104575 0.674857
0 0.559722 0.267501 0.0402685 0.227806 0.57478
36 0.489501 0.420072 0.0881101 0.104815 0.386282
36 0.724553 0.4014 0.0492649 0.0351086 0.16324
36 0.719182 0.398081 0.0624407 0.0423672 0.0977843
36 0.728164 0.398848 0.0543236 0.0452179 0.0912395
36 0.506115 0.410482 0.0598026 0.097678 0.0880394
0 0.572856 0.266393 0.0657946 0.230169 0.0648841
36 0.505651 0.383714 0.0638286 0.130831 0.0611482
0 0.539931 0.30584 0.0788366 0.300136 0.0564252
0 0.560943 0.304736 0.0346625 0.14798 0.0412034
0 0.928682 0.379877 0.0227371 0.0187256 0.0338451
0 0.830645 0.372213 0.0257332 0.025013 0.0321654
0 0.546466 0.27567 0.0475809 0.246088 0.0286897
36 0.716711 0.401374 0.0643646 0.0693517 0.028307
36 0.469949 0.496143 0.0921376 0.0481372 0.0281779
36 0.717477 0.390873 0.0712789 0.0575998 0.0255671
36 0.12001 0.901537 0.0558756 0.0233643 0.0234268
36 0.136156 0.888588 0.0995343 0.0502108 0.0187451
36 0.302411 0.441303 0.0849881 0.141064 0.0179978
0 0.51522 0.313625 0.110284 0.312228 0.0150189
36 0.14339 0.884837 0.119256 0.0608994 0.0143875
36 0.728826 0.408062 0.0587961 0.0484222 0.013837
36 0.506462 0.36477 0.0772436 0.17921 0.013384
0 0.532023 0.277022 0.0414763 0.258109 0.0131294
0 0.830928 0.430887 0.0329714 0.148053 0.011498
36 0.481711 0.433306 0.0775715 0.0819233 0.0108204
36 0.50637 0.340918 0.119324 0.258934 0.0103527
36 0.485476 0.442941 0.105251 0.154573 0.0100474
36 0.498924 0.440493 0.0674646 0.14782 0.00915202
36 0.723267 0.412748 0.0611247 0.0599609 0.00876433
36 0.72845 0.389398 0.0614386 0.052837 0.00816852
36 0.475625 0.470916 0.103856 0.101847 0.00782219
36 0.491364 0.385329 0.109999 0.187149 0.00772655
36 0.737541 0.404203 0.0538878 0.0417625 0.00760755
36 0.748521 0.400134 0.0280449 0.0396679 0.00722814
36 0.148152 0.893763 0.118504 0.0584107 0.00713706
1 0.875808 0.531528 0.237102 0.296887 0.00710595
36 0.510293 0.439259 0.0596968 0.147505 0.00656217
36 0.585561 0.534177 0.0225118 0.158009 0.00651672
36 0.714494 0.413392 0.0606947 0.0748852 0.0058493
36 0.473902 0.434396 0.123333 0.108056 0.00562814
0 0.55033 0.284535 0.10505 0.252398 0.00535923
0 0.832732 0.436689 0.0597921 0.158231 0.00465149
36 0.435546 0.447817 0.0478846 0.0495374 0.00459874
36 0.530073 0.450947 0.0257958 0.13702 0.00453851
0 0.111435 0.424289 0.100898 0.153585 0.00449917
0 0.562564 0.318762 0.0276959 0.117733 0.00449231
0 0.538151 0.272967 0.0402008 0.198216 0.00435278
0 0.585872 0.267236 0.100474 0.230707 0.00413704
36 0.432528 0.442413 0.0404272 0.0382525 0.00358325
36 0.699125 0.410355 0.0288252 0.07763 0.00328684
7 0.502104 0.502038 0.980502 0.718872 0.00325409
0 0.600944 0.282761 0.0171467 0.0596092 0.00323123
36 0.518131 0.352969 0.0628497 0.183224 0.00304705
0 0.829786 0.398798 0.0295921 0.0792692 0.00286323
36 0.445745 0.451364 0.0361789 0.0469246 0.00286165
36 0.736196 0.384615 0.0491951 0.0441921 0.00283486
0 0.546844 0.270087 0.0614263 0.193311 0.00270838
0 0.585395 0.184699 0.103803 0.0648645 0.00267076
0 0.523779 0.328779 0.0506349 0.151604 0.00265729
36 0.565052 0.40146 0.0222737 0.0384617 0.0024493
0 0.590803 0.309084 0.0390434 0.0770934 0.00236696
36 0.116666 0.897406 0.0683348 0.0324663 0.00226882
0 0.582179 0.26558 0.057053 0.185968 0.00225592
0 0.928004 0.370489 0.0251747 0.0343799 0.0021641
31 0.489501 0.420072 0.0881101 0.104815 0.00216368
36 0.74614 0.409299 0.0468594 0.0501088 0.00216064
5 0.502104 0.502038 0.980502 0.718872 0.00215971
36 0.4944 0.492279 0.0653154 0.0583982 0.00214183
0 0.496842 0.325556 0.111664 0.292629 0.00202122
31 0.302894 0.441739 0.0859639 0.141467 0.00199392
36 0.502106 0.446819 0.0491932 0.146549 0.00198996
0 0.554818 0.286645 0.0531172 0.198282 0.00197372
0 0.826126 0.418237 0.0368611 0.117757 0.00196797
0 0.894875 0.37294 0.0108675 0.0255901 0.0019398
0 0.595125 0.291042 0.0289084 0.0606869 0.00191453
0 0.523511 0.294255 0.0575634 0.218067 0.00191015
36 0.600375 0.235746 0.0164629 0.0536223 0.00189611
0 0.600799 0.267574 0.0180621 0.11659 0.00189158
36 0.734828 0.398346 0.0736318 0.0514029 0.00182757
37 0.305994 0.764359 0.233154 0.12034 0.00175333
36 0.459221 0.453326 0.0358287 0.0424935 0.00175279
0 0.602528 0.301551 0.0230589 0.0926951 0.00175169
36 0.506535 0.31408 0.146048 0.309511 0.00162593
1 0.876032 0.463747 0.24225 0.168758 0.00159326
36 0.46916 0.443419 0.0713983 0.0611559 0.00157514
6 0.502104 0.502038 0.980502 0.718872 0.00155035
0 0.566001 0.401281 0.0205395 0.0408412 0.00152069
0 0.507698 0.440019 0.066907 0.160409 0.00151885
36 0.508337 0.468179 0.0359803 0.10319 0.00151432
36 0.160409 0.893364 0.0939076 0.0772265 0.00151086
36 0.560948 0.400009 0.0216145 0.0393103 0.00135002
0 0.597524 0.367767 0.056221 0.195247 0.00133511
0 0.600637 0.256453 0.0172509 0.0801145 0.00133124
36 0.460024 0.426715 0.0981329 0.0936261 0.00131476
9 0.600838 0.233956 0.0149066 0.0500824 0.00128618
36 0.464542 0.48317 0.0746904 0.0601222 0.00126213
36 0.535556 0.45239 0.0308065 0.138381 0.00125378
36 0.746072 0.385986 0.031123 0.0421394 0.00121841
0 0.592486 0.352425 0.0440736 0.163533 0.00120136
0 0.556324 0.235334 0.0310312 0.165189 0.00117555
36 0.515651 0.482287 0.025527 0.0758418 0.0011723
36 0.125949 0.884256 0.0849937 0.0567017 0.00116605
0 0.586993 0.207881 0.10194 0.0928797 0.00111228
36 0.308105 0.765863 0.230246 0.117558 0.00110397
36 0.788758 0.496698 0.0402607 0.0721906 0.00110176
0 0.553964 0.202285 0.0373464 0.0998177 0.00109681
36 0.51634 0.494946 0.0235173 0.0506843 0.00108725
36 0.519172 0.44653 0.0403676 0.148256 0.00107393
36 0.455361 0.495981 0.0589106 0.0462118 0.0010646
0 0.533619 0.449047 0.0344639 0.141957 0.00105035
0 0.579269 0.216276 0.0824841 0.111809 0.00102571
36 0.73079 0.418392 0.0555926 0.0731296 0.00100923
37 0.58544 0.534461 0.0221041 0.160659 0.00100914
