13 0.614771 0.661777 0.0535048 0.0583134 0.73179
0 0.816455 0.695045 0.0292044 0.0835036 0.680016
0 0.930339 0.674176 0.0240131 0.0525695 0.662495
13 0.732035 0.718467 0.0619751 0.0853025 0.592641
0 0.951777 0.667493 0.0171949 0.0309178 0.489206
0 0.859139 0.61589 0.0139332 0.0359544 0.44637
0 0.695284 0.592437 0.01622 0.0772602 0.294766
0 0.571565 0.516072 0.015094 0.0496483 0.293582
16 0.861188 0.729037 0.0360519 0.0356874 0.276406
8 0.054239 0.159606 0.065909 0.191955 0.229636
0 0.537924 0.495948 0.0126735 0.0337411 0.189021
0 0.951162 0.67314 0.0188614 0.0429523 0.182318
0 0.757849 0.622752 0.015423 0.060322 0.146191
8 0.150449 0.233494 0.0330338 0.0281022 0.124897
13 0.864066 0.744923 0.0418644 0.0614245 0.105204
8 0.0542791 0.23745 0.0659057 0.0368685 0.0751727
0 0.0953493 0.518053 0.0171219 0.0469965 0.0695717
0 0.863483 0.741714 0.0412689 0.0603557 0.0665445
0 0.861188 0.729037 0.0360519 0.0356874 0.0629997
13 0.860785 0.730185 0.0361454 0.0384425 0.0618238
0 0.48617 0.506452 0.00865583 0.0280143 0.0603906
16 0.863483 0.741714 0.0412689 0.0603557 0.0495341
8 0.122571 0.223248 0.0893149 0.0340753 0.0444239
0 0.121338 0.490301 0.0126347 0.0329851 0.0421623
0 0.295565 0.469196 0.0108462 0.0225 0.0406769
8 0.280577 0.485164 0.0274446 0.0153921 0.0384713
0 0.574354 0.516583 0.0220964 0.0498697 0.0283895
8 0.123387 0.222166 0.093351 0.0232204 0.0264631
1 0.695086 0.596153 0.0162712 0.0715721 0.023452
0 0.293251 0.414657 0.00680008 0.0238792 0.0234057
17 0.861188 0.729037 0.0360519 0.0356874 0.0187675
17 0.863483 0.741714 0.0412689 0.0603557 0.0184044
0 0.0899694 0.415959 0.0105712 0.0219118 0.0179642
8 0.0127316 0.242072 0.0241963 0.0236985 0.0169644
8 0.011934 0.244976 0.0143373 0.017298 0.0151672
0 0.293863 0.462774 0.0131934 0.0275682 0.0142049
36 0.81736 0.734348 0.0240723 0.0421393 0.0138129
8 0.282105 0.482903 0.0242882 0.0155673 0.0136187
8 0.280907 0.474958 0.0350811 0.037731 0.0133424
0 0.432953 0.460803 0.00645561 0.0262698 0.0132414
0 0.284003 0.472451 0.0177429 0.0223546 0.0118954
8 0.0402025 0.231753 0.080405 0.0476547 0.0118585
8 0.410755 0.359785 0.0254981 0.0478996 0.0114862
8 0.0611238 0.161187 0.0419751 0.193549 0.0108411
8 0.627278 0.219876 0.021019 0.0129566 0.0106741
56 0.757849 0.622752 0.015423 0.060322 0.0101231
16 0.866114 0.749723 0.0398342 0.0499226 0.0100668
8 0.282725 0.479804 0.0340279 0.0279114 0.00927907
8 0.0259467 0.230734 0.0518934 0.0466272 0.0092212
8 0.26012 0.228872 0.398034 0.0258676 0.00919741
60 0.864066 0.744923 0.0418644 0.0614245 0.0084582
0 0.866114 0.749723 0.0398342 0.0499226 0.00772882
8 0.619213 0.219666 0.0380663 0.0143601 0.00772181
8 0.231089 0.418159 0.438894 0.25332 0.007411
0 0.333144 0.455959 0.01717 0.0234073 0.00740772
8 0.126941 0.218314 0.0983905 0.0414796 0.00737572
0 0.12514 0.493481 0.0204106 0.0426083 0.0071772
8 0.384182 0.22839 0.149985 0.0245289 0.00716361
0 0.0725429 0.412455 0.0110328 0.0229683 0.00662038
0 0.379233 0.443742 0.006427 0.0296222 0.00650847
13 0.818116 0.733729 0.0274862 0.0478543 0.00649911
13 0.824685 0.776771 0.0266392 0.0459692 0.00648215
8 0.284003 0.472451 0.0177429 0.0223546 0.0063481
23 0.695214 0.593128 0.0163699 0.0775719 0.00615755
0 0.484688 0.504133 0.0120037 0.0305859 0.00609097
0 0.290006 0.410895 0.00886736 0.027459 0.00607505
8 0.605937 0.2187 0.0173704 0.0146543 0.00605816
0 0.419043 0.375393 0.00841589 0.0170853 0.006028
8 0.377847 0.231906 0.160431 0.0210816 0.00572482
8 0.4196 0.22846 0.0791162 0.0227283 0.00570393
1 0.864066 0.744923 0.0418644 0.0614245 0.00558394
13 0.333322 0.465214 0.019724 0.0215275 0.00519136
8 0.409673 0.232642 0.097422 0.0197772 0.00518417
8 0.26181 0.222587 0.398766 0.0445865 0.00502357
15 0.861188 0.729037 0.0360519 0.0356874 0.0049766
0 0.0814127 0.41399 0.0206708 0.023556 0.00493473
8 0.0301767 0.221373 0.0603533 0.0667842 0.00491354
2 0.605937 0.2187 0.0173704 0.0146543 0.00489083
8 0.28727 0.465309 0.0268574 0.0341155 0.00484243
8 0.337715 0.454833 0.0288917 0.042766 0.00482926
23 0.758166 0.622602 0.0158186 0.0604332 0.00481352
0 0.0892217 0.411361 0.0106517 0.0284166 0.00475064
8 0.200139 0.219028 0.248647 0.0396517 0.00471324
13 0.33919 0.457924 0.0295824 0.0287115 0.00444829
8 0.0450151 0.21415 0.0834511 0.0824396 0.00431398
8 0.295565 0.469196 0.0108462 0.0225 0.00423521
0 0.696411 0.563872 0.0119088 0.0355809 0.00411239
0 0.301554 0.470422 0.0174158 0.0230006 0.00409937
8 0.153278 0.219081 0.152084 0.0466082 0.00402901
8 0.419043 0.375393 0.00841589 0.0170853 0.00402877
8 0.138657 0.350617 0.032176 0.107993 0.00398818
30 0.695086 0.596153 0.0162712 0.0715721 0.00388098
17 0.757849 0.622752 0.015423 0.060322 0.00385746
2 0.627278 0.219876 0.021019 0.0129566 0.00381964
0 0.45554 0.497325 0.0109248 0.0412109 0.00379193
0 0.488022 0.505412 0.0142167 0.0266164 0.00363284
8 0.412954 0.422452 0.0440274 0.179103 0.00361609
1 0.333322 0.465214 0.019724 0.0215275 0.00360304
56 0.614875 0.661179 0.0545162 0.058152 0.00360197
14 0.860785 0.730185 0.0361454 0.0384425 0.00358978
8 0.614861 0.209448 0.0466436 0.0350809 0.00356185
13 0.819681 0.740003 0.0281961 0.0438024 0.00346968
19 0.861188 0.729037 0.0360519 0.0356874 0.0034695
56 0.864066 0.744923 0.0418644 0.0614245 0.00343096
8 0.153168 0.228979 0.0378363 0.0331057 0.0034104
0 0.35139 0.444111 0.0115362 0.0393219 0.00332588
0 0.455445 0.508584 0.0121427 0.0241424 0.00329348
0 0.353394 0.441021 0.00724783 0.0344458 0.00319335
0 0.28727 0.465309 0.0268574 0.0341155 0.0031766
14 0.295565 0.469196 0.0108462 0.0225 0.00315118
14 0.432953 0.460803 0.00645561 0.0262698 0.00313541
0 0.554216 0.643573 0.0205774 0.0892161 0.00311539
13 0.731939 0.706411 0.060557 0.0603648 0.00307751
8 0.116002 0.238762 0.0710729 0.0230529 0.00307295
1 0.333144 0.455959 0.01717 0.0234073 0.00301853
8 0.537221 0.238258 0.0597939 0.0159257 0.00299153
14 0.36689 0.531051 0.021923 0.0171221 0.00297901
1 0.861188 0.729037 0.0360519 0.0356874 0.00293562
8 0.418808 0.425709 0.0634903 0.186504 0.00289384
8 0.315014 0.46029 0.0772962 0.0551642 0.00286585
8 0.293863 0.462774 0.0131934 0.0275682 0.00282365
13 0.333144 0.455959 0.01717 0.0234073 0.002808
14 0.538096 0.497319 0.0149759 0.0317048 0.0028069
8 0.531065 0.238934 0.0471085 0.0139089 0.00280127
8 0.429799 0.225317 0.0329723 0.0174832 0.00274634
8 0.0261808 0.213467 0.0503345 0.0782845 0.00269553
13 0.823931 0.765009 0.0271379 0.0661969 0.00266802
0 0.107424 0.410308 0.0183477 0.0266036 0.00266567
8 0.135326 0.217009 0.178758 0.0574826 0.00265977
13 0.582011 0.519542 0.0378072 0.0449091 0.00265276
16 0.859712 0.720363 0.0388428 0.0504772 0.00264055
13 0.96289 0.695557 0.0499739 0.0198722 0.00263289
8 0.212255 0.219181 0.152601 0.0319708 0.00259209
13 0.574354 0.516583 0.0220964 0.0498697 0.00253972
8 0.545108 0.237123 0.0769188 0.0172837 0.00253522
14 0.825898 0.778151 0.0246815 0.041889 0.00252071
8 0.0725429 0.412455 0.0110328 0.0229683 0.00249377
1 0.339679 0.462228 0.0242293 0.0256638 0.00245154
74 0.0248186 0.960638 0.0284726 0.0436718 0.00241515
8 0.455057 0.223075 0.0108557 0.0121831 0.00240698
1 0.33919 0.457924 0.0295824 0.0287115 0.00240332
20 0.861188 0.729037 0.0360519 0.0356874 0.00238696
0 0.941342 0.67656 0.0503025 0.0538788 0.00235257
8 0.303226 0.464912 0.0733045 0.0467405 0.0023315
14 0.293863 0.462774 0.0131934 0.0275682 0.00231677
14 0.354413 0.529698 0.0209273 0.0216848 0.00231159
8 0.0419846 0.161682 0.0799101 0.198716 0.0022904
0 0.110459 0.406626 0.0122423 0.0212911 0.00225282
0 0.117838 0.408591 0.0103045 0.0211636 0.00223869
13 0.280577 0.485164 0.0274446 0.0153921 0.00217354
58 0.554207 0.641598 0.0191061 0.0850528 0.00210676
8 0.293515 0.46439 0.0378855 0.0373597 0.00209451
0 0.962365 0.677801 0.0442604 0.0521648 0.00209275
0 0.0581313 0.381314 0.00993862 0.0294408 0.00204632
8 0.1445 0.39591 0.0174103 0.0181161 0.00203389
13 0.150449 0.233494 0.0330338 0.0281022 0.00200576
8 0.301554 0.470422 0.0174158 0.0230006 0.00200096
8 0.538386 0.496736 0.0141324 0.032555 0.0019803
13 0.757849 0.622752 0.015423 0.060322 0.00197795
56 0.695214 0.593128 0.0163699 0.0775719 0.00194174
8 0.0899694 0.415959 0.0105712 0.0219118 0.00193277
8 0.497157 0.239643 0.0156462 0.0106567 0.00193065
8 0.197971 0.226693 0.18688 0.0353721 0.00191987
0 0.81736 0.734348 0.0240723 0.0421393 0.00191265
8 0.598303 0.218137 0.016932 0.0156388 0.00191206
56 0.860785 0.730185 0.0361454 0.0384425 0.00190732
13 0.339679 0.462228 0.0242293 0.0256638 0.00189266
36 0.865242 0.747528 0.0412865 0.0528355 0.00186959
8 0.987177 0.218997 0.0251802 0.0181457 0.00182712
8 0.111925 0.236104 0.0772338 0.0302779 0.00181323
2 0.280577 0.485164 0.0274446 0.0153921 0.00177124
2 0.619213 0.219666 0.0380663 0.0143601 0.00176165
8 0.208234 0.58846 0.059872 0.0237902 0.00176033
8 0.107424 0.410308 0.0183477 0.0266036 0.00175792
56 0.295565 0.469196 0.0108462 0.0225 0.00174186
8 0.4114 0.419469 0.0309175 0.170317 0.0017361
13 0.552715 0.655955 0.0214968 0.0821199 0.00171191
2 0.011934 0.244976 0.0143373 0.017298 0.00167841
14 0.333144 0.455959 0.01717 0.0234073 0.00167638
56 0.284003 0.472451 0.0177429 0.0223546 0.00167507
0 0.532648 0.838731 0.024725 0.0585817 0.00166473
8 0.359987 0.228084 0.161792 0.0207061 0.00165343
56 0.455445 0.508584 0.0121427 0.0241424 0.00164911
1 0.574354 0.516583 0.0220964 0.0498697 0.00162995
14 0.48464 0.505888 0.0114535 0.0267443 0.00161147
8 0.188024 0.214426 0.207975 0.0389283 0.00160947
8 0.282401 0.469695 0.0375211 0.0511966 0.00158697
30 0.81736 0.734348 0.0240723 0.0421393 0.00158489
8 0.13711 0.343252 0.0237412 0.0933602 0.001578
14 0.865242 0.747528 0.0412865 0.0528355 0.00157034
0 0.555732 0.466379 0.00761642 0.0412364 0.00156805
8 0.555732 0.466379 0.00761642 0.0412364 0.00153425
0 0.537579 0.503145 0.0171349 0.0470532 0.00153351
13 0.676076 0.72896 0.0262281 0.0352678 0.00152519
13 0.962365 0.677801 0.0442604 0.0521648 0.00152394
8 0.333322 0.465214 0.019724 0.0215275 0.00152072
8 0.433217 0.23266 0.0562641 0.0210926 0.00148261
38 0.695086 0.596153 0.0162712 0.0715721 0.00147817
8 0.339123 0.227644 0.233387 0.0225744 0.00147337
13 0.284003 0.472451 0.0177429 0.0223546 0.00146547
0 0.33919 0.457924 0.0295824 0.0287115 0.0014624
13 0.323067 0.46916 0.0364297 0.0217011 0.00145566
13 0.864794 0.754752 0.0432188 0.054929 0.00141954
13 0.832539 0.770257 0.0441475 0.0689662 0.00140637
8 0.133302 0.313973 0.0138711 0.0316172 0.00138867
13 0.951162 0.67314 0.0188614 0.0429523 0.00138128
0 0.490776 0.80571 0.0232897 0.0567238 0.00138021
0 0.331877 0.444297 0.013834 0.047026 0.00137571
8 0.382747 0.22602 0.0213854 0.0150583 0.00136369
8 0.142012 0.38537 0.0218024 0.0333206 0.00134373
8 0.134414 0.312874 0.018417 0.034438 0.00130907
0 0.28331 0.40805 0.00808592 0.0241208 0.00129625
14 0.333322 0.465214 0.019724 0.0215275 0.00129426
13 0.859784 0.72152 0.0387396 0.0475628 0.00129297
1 0.299662 0.657274 0.0524648 0.0346944 0.00129041
14 0.301554 0.470422 0.0174158 0.0230006 0.00127688
8 0.110459 0.406626 0.0122423 0.0212911 0.00126031
1 0.57135 0.516541 0.0155809 0.0494426 0.00125307
13 0.84681 0.734059 0.07808 0.0833998 0.00125229
16 0.48464 0.505888 0.0114535 0.0267443 0.00124869
0 0.333322 0.465214 0.019724 0.0215275 0.00124732
8 0.326855 0.432508 0.253177 0.201119 0.00124198
0 0.552715 0.655955 0.0214968 0.0821199 0.00122541
0 0.122034 0.488214 0.0170268 0.03933 0.00122523
13 0.674361 0.698331 0.0305234 0.0967548 0.00122228
36 0.929073 0.674274 0.0265205 0.0528928 0.00120655
60 0.860785 0.730185 0.0361454 0.0384425 0.00118953
14 0.237532 0.523765 0.0490728 0.0312314 0.0011889
0 0.957507 0.672424 0.0310478 0.0416288 0.00118285
0 0.339679 0.462228 0.0242293 0.0256638 0.00117746
1 0.81736 0.734348 0.0240723 0.0421393 0.0011749
8 0.0314888 0.369658 0.0162721 0.0278841 0.00115874
13 0.295565 0.469196 0.0108462 0.0225 0.0011543
13 0.282725 0.479804 0.0340279 0.0279114 0.00114551
2 0.282105 0.482903 0.0242882 0.0155673 0.00114062
8 0.299204 0.218053 0.0430934 0.0223882 0.00113958
17 0.866114 0.749723 0.0398342 0.0499226 0.00113851
8 0.0634399 0.207651 0.0495541 0.0936225 0.00113183
8 0.0542271 0.244012 0.0661223 0.0342212 0.00112489
13 0.293863 0.462774 0.0131934 0.0275682 0.00112081
8 0.25793 0.218172 0.127643 0.0248707 0.00110859
1 0.582011 0.519542 0.0378072 0.0449091 0.0011076
37 0.86141 0.728187 0.0380238 0.0331048 0.00109288
14 0.284003 0.472451 0.0177429 0.0223546 0.00108904
14 0.0899694 0.415959 0.0105712 0.0219118 0.00108865
0 0.495443 0.219491 0.00817976 0.0106266 0.00108707
13 0.301554 0.470422 0.0174158 0.0230006 0.00108555
8 0.216052 0.225721 0.130626 0.0259244 0.00108534
0 0.5356 0.614205 0.0108299 0.0673693 0.00106847
13 0.682212 0.730516 0.0130108 0.031944 0.00106642
13 0.282105 0.482903 0.0242882 0.0155673 0.00106576
8 0.289286 0.474809 0.0457714 0.0409864 0.00106138
36 0.819681 0.740003 0.0281961 0.0438024 0.00105509
3 0.864066 0.744923 0.0418644 0.0614245 0.00104371
37 0.695284 0.592437 0.01622 0.0772602 0.00104198
0 0.859784 0.72152 0.0387396 0.0475628 0.00102973
8 0.559059 0.485137 0.012039 0.0519139 0.00102681
8 0.0310676 0.378843 0.0122523 0.0257794 0.00102678
8 0.133422 0.397106 0.0177491 0.0155496 0.00100905
13 0.299662 0.657274 0.0524648 0.0346944 0.00100899
0 0.0908467 0.52015 0.0278409 0.0512276 0.00100332
