0 0.551893 0.446239 0.14563 0.160838 0.695697
33 0.0934607 0.402548 0.0729503 0.344263 0.345776
33 0.579273 0.484973 0.093879 0.297435 0.179766
33 0.575582 0.364632 0.0429593 0.0545485 0.0772648
33 0.567809 0.52218 0.0696205 0.223743 0.0638443
31 0.570771 0.518792 0.076533 0.22871 0.0579222
33 0.552143 0.446697 0.146193 0.159452 0.0495749
31 0.579116 0.485444 0.092503 0.298763 0.0407037
31 0.552087 0.446743 0.145382 0.158257 0.0336158
0 0.218817 0.760178 0.0510382 0.0556104 0.0269611
31 0.560089 0.543023 0.056816 0.178663 0.0263641
33 0.586984 0.373238 0.0668873 0.0738609 0.0240165
33 0.560089 0.543023 0.056816 0.178663 0.0209982
30 0.57912 0.484162 0.0947321 0.298799 0.0160648
33 0.570916 0.32187 0.047094 0.13412 0.0129786
37 0.560089 0.543023 0.056816 0.178663 0.0123061
0 0.578579 0.493098 0.0954212 0.280261 0.0121281
33 0.589743 0.434778 0.0725001 0.197068 0.0107766
77 0.552143 0.446697 0.146193 0.159452 0.0100046
37 0.579116 0.485444 0.092503 0.298763 0.00994533
8 0.556242 0.315259 0.0231487 0.124684 0.00907412
0 0.231019 0.757491 0.0314382 0.0542083 0.00867292
0 0.57034 0.433483 0.110307 0.131232 0.00628269
31 0.589734 0.426046 0.0738391 0.17977 0.00627258
0 0.239469 0.754985 0.013824 0.0447446 0.00545558
30 0.58991 0.395646 0.0739632 0.12006 0.00538194
33 0.58991 0.395646 0.0739632 0.12006 0.00505605
9 0.797243 0.514821 0.0463397 0.0283567 0.00498492
30 0.589734 0.426046 0.0738391 0.17977 0.00479561
30 0.571398 0.516797 0.0777966 0.232796 0.00474465
9 0.801248 0.517697 0.0385662 0.0228424 0.00434837
33 0.582285 0.36592 0.0574129 0.0634376 0.00410685
31 0.543262 0.501793 0.130659 0.261408 0.00405124
14 0.552143 0.446697 0.146193 0.159452 0.00401559
30 0.584928 0.368805 0.0622971 0.0653124 0.00389108
37 0.571398 0.516797 0.0777966 0.232796 0.00387892
30 0.56115 0.537897 0.0603909 0.191064 0.00339583
33 0.801513 0.518227 0.0378765 0.022005 0.00287279
33 0.574422 0.438032 0.0991085 0.39465 0.00281873
30 0.579515 0.364611 0.0502148 0.0558698 0.00280386
33 0.556874 0.316021 0.0238566 0.130099 0.00264296
0 0.550672 0.450019 0.0815286 0.161123 0.0023388
9 0.783585 0.511739 0.0743874 0.0346183 0.00205478
0 0.581343 0.420636 0.0877891 0.104087 0.00203601
0 0.543262 0.501793 0.130659 0.261408 0.00196823
0 0.569321 0.520401 0.0742841 0.225625 0.00193337
33 0.797243 0.514821 0.0463397 0.0283567 0.00192273
24 0.219555 0.760141 0.0483185 0.0558929 0.00188723
31 0.58991 0.395646 0.0739632 0.12006 0.00188613
30 0.587875 0.381879 0.0739981 0.077378 0.00179738
25 0.575582 0.364632 0.0429593 0.0545485 0.00175923
33 0.538405 0.509823 0.125256 0.24954 0.00172308
0 0.585628 0.394407 0.073292 0.057707 0.0015502
0 0.214096 0.753608 0.067013 0.0664004 0.00143817
30 0.264513 0.593686 0.044327 0.40358 0.00140497
0 0.196905 0.756111 0.0248809 0.0550234 0.00140131
8 0.572111 0.320143 0.0543312 0.145249 0.00139868
33 0.567584 0.429049 0.112753 0.189418 0.00139782
33 0.563515 0.605371 0.0775108 0.399326 0.00138974
37 0.589734 0.426046 0.0738391 0.17977 0.00137717
8 0.562295 0.308741 0.0190258 0.117193 0.00127655
30 0.324344 0.51807 0.607811 0.583233 0.00126153
31 0.801248 0.517697 0.0385662 0.0228424 0.00116444
8 0.560089 0.543023 0.056816 0.178663 0.00109267
30 0.570916 0.32187 0.047094 0.13412 0.00107613
31 0.584928 0.368805 0.0622971 0.0653124 0.00107598
33 0.758781 0.522871 0.12364 0.0597957 0.00103131
