69 0.481653 0.705121 0.528951 0.566131 0.928115
43 0.804929 0.356531 0.0388851 0.263281 0.894248
43 0.847427 0.349136 0.0439495 0.289957 0.884395
43 0.760379 0.374658 0.0304326 0.218545 0.858674
43 0.918435 0.348901 0.0453159 0.296326 0.818173
43 0.883443 0.349083 0.0351568 0.290991 0.783608
68 0.0979337 0.204113 0.19582 0.380271 0.591764
43 0.706478 0.414973 0.0475367 0.286399 0.563052
73 0.816387 0.727965 0.145547 0.061948 0.345864
43 0.221324 0.606603 0.0830711 0.0765409 0.323902
73 0.917799 0.864258 0.13942 0.0943991 0.184671
39 0.163861 0.349561 0.0458177 0.0849796 0.178712
43 0.670875 0.411671 0.0527557 0.271574 0.176468
73 0.858399 0.792348 0.188083 0.0840664 0.130177
43 0.698407 0.428304 0.0305418 0.257188 0.124855
73 0.858824 0.727938 0.231826 0.065136 0.118681
73 0.901293 0.89203 0.197414 0.106691 0.0928172
43 0.725497 0.397578 0.0242203 0.279916 0.0919631
43 0.723364 0.398878 0.0238165 0.203535 0.0645189
43 0.721403 0.417317 0.0240671 0.303529 0.0575721
43 0.728016 0.395067 0.0220879 0.235398 0.0515035
43 0.711807 0.435251 0.0214413 0.277517 0.0369982
43 0.719951 0.403922 0.0318406 0.264765 0.0369141
74 0.47615 0.479639 0.128666 0.0778095 0.0313016
69 0.11189 0.907058 0.222522 0.173587 0.0281603
43 0.707269 0.419799 0.0260935 0.24522 0.0272621
43 0.728803 0.385848 0.0242584 0.319889 0.0260455
43 0.6806 0.422619 0.032704 0.284761 0.0257863
43 0.730484 0.372206 0.0175954 0.246164 0.0251739
41 0.163629 0.349431 0.0456632 0.0837777 0.0208084
68 0.0654707 0.246928 0.129874 0.290435 0.0207113
73 0.900189 0.912226 0.196218 0.0623825 0.0196784
73 0.880897 0.847567 0.229255 0.186867 0.0158942
70 0.0273623 0.467759 0.0543995 0.109862 0.0149805
41 0.0268764 0.467822 0.0537529 0.109553 0.0143996
75 0.163861 0.349561 0.0458177 0.0849796 0.0139839
44 0.672703 0.41054 0.0578623 0.272446 0.0134692
44 0.706225 0.408808 0.0450464 0.294358 0.0134414
74 0.473224 0.468571 0.0302017 0.0189649 0.0123141
68 0.451725 0.136055 0.491479 0.146815 0.0122146
73 0.83028 0.879168 0.0566669 0.077623 0.00982815
73 0.896041 0.873037 0.20748 0.154034 0.00981247
43 0.679736 0.411784 0.052131 0.280803 0.00858957
42 0.707411 0.404832 0.0465624 0.30052 0.00846156
68 0.576137 0.0322863 0.237695 0.0630649 0.00812057
69 0.492544 0.708503 0.471888 0.194279 0.0079051
44 0.703853 0.390552 0.0349042 0.201877 0.00714755
45 0.159458 0.304604 0.0583211 0.146934 0.00714365
43 0.712404 0.385705 0.0418447 0.242942 0.00707319
69 0.0941503 0.246315 0.188014 0.292491 0.00676739
43 0.913436 0.375849 0.0340908 0.241274 0.0054822
74 0.470103 0.482382 0.325795 0.113799 0.00527248
43 0.672519 0.494976 0.0268433 0.100455 0.00515151
45 0.0267398 0.468073 0.0528785 0.109428 0.00505909
73 0.836747 0.795237 0.138219 0.0831802 0.00483045
73 0.869374 0.737277 0.222625 0.0490008 0.00475934
74 0.490961 0.480959 0.237967 0.100451 0.00471705
73 0.916068 0.831263 0.143043 0.160838 0.00465104
69 0.480168 0.833677 0.527072 0.310647 0.00452802
43 0.657408 0.494881 0.0241417 0.10072 0.00452647
44 0.686922 0.378635 0.0434765 0.201977 0.00447857
73 0.871676 0.831545 0.252843 0.262583 0.00446412
43 0.660536 0.419455 0.0302864 0.273465 0.00439134
44 0.697725 0.412649 0.0329286 0.283094 0.00437909
43 0.81299 0.333989 0.023708 0.225013 0.00433415
45 0.159938 0.274515 0.056249 0.0881165 0.0042896
73 0.874619 0.88557 0.146195 0.0938679 0.00410888
73 0.858606 0.78838 0.204515 0.111934 0.00405553
70 0.0941503 0.246315 0.188014 0.292491 0.00402349
74 0.877812 0.771676 0.130184 0.0585398 0.00388175
41 0.160028 0.309607 0.0592277 0.151908 0.00375324
43 0.729211 0.322536 0.0188236 0.203734 0.00373814
43 0.703853 0.390552 0.0349042 0.201877 0.0036709
73 0.815142 0.794322 0.102992 0.0778539 0.00360596
74 0.472718 0.464886 0.0408909 0.0279922 0.00360569
73 0.919344 0.91826 0.161311 0.046767 0.00335848
44 0.559548 0.493711 0.0329287 0.0849564 0.00324258
43 0.718889 0.420727 0.0156795 0.204399 0.00323355
68 0.11189 0.907058 0.222522 0.173587 0.00307557
43 0.93763 0.303901 0.019598 0.184869 0.00303602
43 0.728489 0.271336 0.0156551 0.105051 0.0028086
68 0.445963 0.0331992 0.479135 0.0663984 0.00274196
43 0.686922 0.378635 0.0434765 0.201977 0.00270742
71 0.451248 0.136757 0.488656 0.144671 0.00268373
73 0.815962 0.716723 0.136077 0.0431602 0.00266731
69 0.45113 0.137365 0.488936 0.144822 0.00261012
68 0.372667 0.0320629 0.33434 0.0633489 0.00249237
39 0.160028 0.309607 0.0592277 0.151908 0.00247324
44 0.339028 0.500697 0.0230238 0.0744693 0.00244409
43 0.714046 0.403192 0.051756 0.34521 0.00243595
43 0.715433 0.287276 0.0258595 0.0655469 0.00240967
44 0.219893 0.607689 0.0854857 0.0793284 0.00224423
73 0.915732 0.85647 0.168536 0.167068 0.00223443
76 0.221544 0.603736 0.0816579 0.0698063 0.00220448
69 0.493468 0.909335 0.510314 0.16639 0.00217623
43 0.693455 0.378103 0.0810947 0.353617 0.00217056
69 0.464865 0.490656 0.399267 0.133377 0.00213751
43 0.669874 0.43497 0.0416283 0.224371 0.00210682
74 0.165246 0.437232 0.0391622 0.0477001 0.00203532
74 0.491761 0.480628 0.0897438 0.0628904 0.00201625
43 0.90781 0.442195 0.0234104 0.110125 0.00194538
68 0.508141 0.0879595 0.283474 0.0442604 0.00192657
73 0.825301 0.669686 0.21508 0.128308 0.00191939
43 0.711193 0.286056 0.0222598 0.0769254 0.00191507
43 0.720745 0.293354 0.0160393 0.0514977 0.00189885
45 0.165785 0.245215 0.0431828 0.0301492 0.00186649
43 0.338363 0.50345 0.0212076 0.0667996 0.00185484
66 0.11124 0.908083 0.222407 0.175321 0.00184977
74 0.502245 0.478345 0.0654032 0.0581221 0.00179416
44 0.693455 0.378103 0.0810947 0.353617 0.00178987
73 0.807802 0.826634 0.0992058 0.14851 0.00176144
43 0.709238 0.260205 0.0152472 0.0298505 0.00176021
42 0.67217 0.409331 0.0603327 0.2756 0.00173786
43 0.936622 0.33791 0.0217665 0.308386 0.00172803
42 0.714046 0.403192 0.051756 0.34521 0.00170088
43 0.834073 0.361823 0.0173355 0.256689 0.00166777
45 0.1626 0.250192 0.0504085 0.0402714 0.00161457
44 0.714046 0.403192 0.051756 0.34521 0.00149217
73 0.852512 0.838832 0.118755 0.163611 0.00148261
45 0.0935618 0.440101 0.0856226 0.0487022 0.00146332
43 0.9212 0.35685 0.0352257 0.343719 0.00145268
42 0.693455 0.378103 0.0810947 0.353617 0.00143126
44 0.563587 0.500582 0.0244425 0.0726143 0.00142664
43 0.724514 0.271731 0.0185177 0.107375 0.00142401
44 0.559748 0.480406 0.0323252 0.0500325 0.00141826
74 0.876943 0.782077 0.142611 0.0817047 0.00141683
44 0.884706 0.347298 0.0321556 0.292662 0.00140983
73 0.791971 0.832848 0.106176 0.160373 0.00140667
43 0.563587 0.500582 0.0244425 0.0726143 0.00140139
73 0.869276 0.802451 0.162937 0.0515064 0.00131813
43 0.19594 0.640021 0.029189 0.020108 0.00131476
71 0.111574 0.908136 0.222511 0.172144 0.00131434
73 0.822233 0.830732 0.10727 0.162572 0.00128844
43 0.711817 0.356799 0.0357521 0.191067 0.00127444
45 0.163721 0.349737 0.0458737 0.0842705 0.00126374
43 0.678627 0.434962 0.0284138 0.225725 0.00125301
25 0.760115 0.376207 0.0319881 0.223801 0.00124758
43 0.560307 0.495409 0.0315634 0.0832383 0.00122496
43 0.434453 0.0266959 0.018397 0.0523813 0.00121015
73 0.876943 0.782077 0.142611 0.0817047 0.00120562
43 0.718267 0.279229 0.0329048 0.0998797 0.00118938
73 0.843676 0.740584 0.0968384 0.0362569 0.00118166
65 0.876404 0.77009 0.127644 0.0561006 0.00117898
42 0.703853 0.390552 0.0349042 0.201877 0.00117737
73 0.903567 0.897989 0.154223 0.0963467 0.00116608
73 0.848251 0.880892 0.0921951 0.0847707 0.00115666
43 0.711236 0.304098 0.0284432 0.111723 0.00115547
73 0.889522 0.820171 0.209312 0.182031 0.00113338
43 0.72819 0.412042 0.0354549 0.293582 0.00112742
42 0.884706 0.347298 0.0321556 0.292662 0.00111175
44 0.683243 0.411825 0.0348635 0.26927 0.00111145
43 0.727673 0.253154 0.0190981 0.0747162 0.00111106
68 0.325728 0.0317954 0.241737 0.0611748 0.00110465
73 0.783735 0.798566 0.0520794 0.0707047 0.00108802
43 0.83465 0.403837 0.0175577 0.174584 0.00107077
44 0.717855 0.391944 0.0342954 0.239739 0.00106427
73 0.947049 0.756231 0.0844399 0.0510076 0.00105703
73 0.799066 0.73227 0.107054 0.0544474 0.00104231
73 0.88224 0.731237 0.197093 0.0315135 0.00103998
45 0.16026 0.257764 0.055467 0.0560998 0.00103387
68 0.449354 0.0556599 0.494127 0.11132 0.00100353
