62 0.419992 0.708202 0.413027 0.504309 0.933402
39 0.17974 0.829433 0.0925791 0.293279 0.809442
45 0.347148 0.221309 0.0791166 0.0584753 0.700945
73 0.693917 0.759662 0.060792 0.15736 0.49395
73 0.700708 0.947143 0.125539 0.0914886 0.272747
45 0.87424 0.451358 0.0823986 0.049714 0.26002
73 0.769484 0.40216 0.0613403 0.143138 0.240612
73 0.700206 0.392869 0.0149785 0.129853 0.214259
77 0.43534 0.0815766 0.101177 0.134281 0.174828
73 0.712075 0.391511 0.0119615 0.12826 0.159492
73 0.847573 0.393492 0.0842751 0.161577 0.15698
73 0.670221 0.392281 0.0132643 0.130231 0.154733
73 0.688029 0.392054 0.0135148 0.130575 0.141563
77 0.810957 0.165608 0.091257 0.146786 0.127273
73 0.70336 0.390389 0.085079 0.134951 0.118564
73 0.677855 0.780174 0.0232444 0.115512 0.107877
73 0.709725 0.39173 0.0180568 0.128194 0.10721
73 0.729213 0.392181 0.0192115 0.127533 0.106562
73 0.684606 0.392299 0.016251 0.130149 0.0983711
73 0.526513 0.224723 0.136143 0.16138 0.0938356
73 0.706318 0.391216 0.0118793 0.12828 0.0914423
73 0.700868 0.389735 0.0107744 0.12339 0.0900954
73 0.697436 0.392225 0.0122557 0.129256 0.0794733
73 0.703349 0.391524 0.010577 0.126583 0.0762927
73 0.715246 0.391902 0.0127333 0.126586 0.0686395
73 0.691726 0.391814 0.00992627 0.129925 0.0679738
73 0.694894 0.3926 0.00767554 0.128216 0.0625367
73 0.693358 0.392474 0.00779437 0.129432 0.0605226
73 0.708921 0.390666 0.0126575 0.127671 0.0585616
73 0.718454 0.391511 0.00897083 0.126277 0.0564522
73 0.229753 0.256117 0.108167 0.0211069 0.054273
73 0.22921 0.274445 0.106526 0.0154725 0.0531516
73 0.720732 0.39064 0.0120068 0.128387 0.0500562
77 0.777417 0.164781 0.157266 0.147759 0.0484062
73 0.702414 0.95151 0.23676 0.0965482 0.0483762
73 0.682685 0.76939 0.038168 0.14004 0.0482355
45 0.340097 0.278523 0.110475 0.0457479 0.0459172
46 0.282841 0.441649 0.212123 0.137262 0.0447038
62 0.842042 0.718478 0.296893 0.501413 0.0392833
73 0.736658 0.391407 0.0284313 0.132442 0.0362709
73 0.219628 0.266653 0.0893638 0.0121312 0.0352914
73 0.241171 0.236013 0.110301 0.0309423 0.032431
73 0.6247 0.945391 0.0811862 0.082976 0.0285806
73 0.784301 0.863646 0.0839744 0.186315 0.0284289
73 0.741063 0.39085 0.0223912 0.130642 0.0278434
73 0.229847 0.288347 0.109654 0.0148961 0.0263662
73 0.230135 0.282998 0.109909 0.0184505 0.0253701
73 0.230838 0.283007 0.111193 0.0125012 0.0243772
73 0.671356 0.391696 0.0219788 0.134361 0.024356
74 0.0183656 0.330631 0.0367311 0.14928 0.0223643
73 0.735695 0.395984 0.15431 0.14953 0.0215296
73 0.231794 0.264846 0.114671 0.0474011 0.021443
73 0.641916 0.951954 0.115742 0.0939751 0.0207137
73 0.340301 0.279954 0.109536 0.0439215 0.0199476
73 0.232277 0.249506 0.113459 0.0215089 0.018369
65 0.232039 0.976146 0.0695364 0.0477076 0.0167989
67 0.233414 0.975376 0.0695756 0.0492479 0.0157778
75 0.453898 0.20451 0.117985 0.193573 0.014938
73 0.231651 0.256693 0.113072 0.0304329 0.0146512
75 0.440666 0.218241 0.0582716 0.168062 0.0144345
73 0.745579 0.395009 0.0161081 0.126643 0.0139117
39 0.439796 0.218276 0.0559814 0.167663 0.0134944
75 0.243674 0.197576 0.059749 0.0557285 0.0132886
0 0.522539 0.238793 0.0243006 0.0566027 0.0117504
14 0.282855 0.441265 0.212239 0.136616 0.0107281
41 0.769642 0.40191 0.0610789 0.144219 0.00941968
60 0.480417 0.937688 0.702596 0.11065 0.00920632
0 0.528241 0.239625 0.0303741 0.0577618 0.00903845
73 0.771782 0.3939 0.229389 0.157755 0.00883338
73 0.707035 0.391194 0.0346573 0.13632 0.00857171
73 0.720967 0.390208 0.0298538 0.135986 0.00820717
73 0.710067 0.768519 0.0305417 0.138873 0.00795281
73 0.703229 0.764079 0.0407509 0.146477 0.00786164
73 0.693074 0.392494 0.0597008 0.138575 0.00784412
75 0.0184879 0.330368 0.0362172 0.149747 0.00756454
65 0.525188 0.964441 0.0933264 0.0673546 0.00754362
73 0.238312 0.239692 0.100361 0.021905 0.00747567
73 0.681407 0.394044 0.0169037 0.132442 0.00730419
0 0.548931 0.236481 0.0256262 0.0583406 0.00722215
73 0.707338 0.96621 0.235426 0.0675809 0.00699651
73 0.405822 0.266194 0.0190095 0.0702571 0.00683776
77 0.244005 0.197069 0.0591532 0.0549757 0.00680274
75 0.347348 0.221574 0.0787288 0.0588132 0.00680232
74 0.0360365 0.0267155 0.0718371 0.0518514 0.00676635
73 0.707918 0.866659 0.0739612 0.0616089 0.00674713
63 0.419871 0.708747 0.411805 0.505749 0.00599104
65 0.634501 0.898563 0.0746691 0.0402736 0.00585482
77 0.283237 0.440389 0.212679 0.136227 0.00581819
41 0.347348 0.221574 0.0787288 0.0588132 0.0056698
73 0.69144 0.721411 0.0540989 0.0798544 0.00562719
41 0.87457 0.451187 0.0823707 0.0495977 0.00554478
73 0.525481 0.964996 0.0941772 0.066656 0.00544184
73 0.7134 0.794397 0.0250714 0.0871438 0.00514978
14 0.64381 0.100018 0.0949824 0.19945 0.00498015
0 0.551008 0.232783 0.0266901 0.0730991 0.00487489
73 0.241717 0.231649 0.10059 0.0234579 0.0047484
64 0.231765 0.975722 0.0697915 0.0485555 0.00458571
0 0.510713 0.239759 0.0316331 0.0605875 0.0043138
77 0.73689 0.20406 0.0781324 0.0654579 0.00420114
45 0.244685 0.235316 0.107934 0.030624 0.00417915
65 0.70755 0.86435 0.074502 0.0588068 0.00407505
0 0.535697 0.226394 0.0585474 0.0857342 0.00402096
73 0.753208 0.389939 0.0991082 0.139232 0.00389716
41 0.775202 0.431777 0.040145 0.0821958 0.00386924
73 0.767693 0.267382 0.218662 0.0660941 0.00357044
73 0.76933 0.967718 0.112199 0.0640153 0.00355965
0 0.519891 0.22958 0.0562601 0.0902527 0.00337872
73 0.338793 0.272379 0.105696 0.021604 0.00336543
77 0.845696 0.394107 0.0780518 0.160469 0.00332135
39 0.405438 0.21089 0.0224564 0.180789 0.00328046
0 0.515237 0.238969 0.0429813 0.0648267 0.00326261
41 0.441364 0.25811 0.0457806 0.0860839 0.00321937
73 0.793213 0.395033 0.0267685 0.140776 0.00315812
0 0.64394 0.0998265 0.0948079 0.198521 0.00310346
73 0.33173 0.271363 0.0913941 0.0162614 0.00304887
73 0.786252 0.967807 0.0767563 0.0642416 0.00302586
77 0.846406 0.40379 0.0486263 0.121467 0.00302404
73 0.707125 0.890444 0.0774025 0.111546 0.00301594
73 0.686229 0.702635 0.0426508 0.0454702 0.00296551
39 0.769805 0.401407 0.0608786 0.144569 0.00294966
41 0.440666 0.218241 0.0582716 0.168062 0.00287718
0 0.626718 0.256401 0.0650323 0.0838895 0.00287524
77 0.438871 0.219037 0.0563805 0.168649 0.00287268
73 0.335698 0.252986 0.0986378 0.0199373 0.00275692
77 0.453172 0.201249 0.120211 0.18277 0.00273538
73 0.633981 0.899103 0.0750004 0.0398176 0.00264865
73 0.695718 0.967886 0.116834 0.0477684 0.00264001
0 0.643783 0.146461 0.0984537 0.292218 0.00241965
73 0.77315 0.426405 0.0485195 0.0931477 0.00241804
73 0.30909 0.249828 0.0445692 0.023026 0.00236592
73 0.528649 0.227977 0.075502 0.100329 0.00236329
73 0.686646 0.679226 0.0279305 0.0398893 0.00230277
73 0.327282 0.290547 0.0824388 0.0180127 0.00228488
73 0.454818 0.204021 0.118295 0.19168 0.00224498
73 0.802031 0.397019 0.0135067 0.142687 0.0021629
73 0.69652 0.978921 0.1202 0.0366014 0.0021596
73 0.705772 0.806523 0.074814 0.166096 0.00210887
73 0.740975 0.967537 0.169306 0.0649261 0.00200275
65 0.693115 0.947647 0.110268 0.090736 0.00199419
0 0.628381 0.240131 0.0655909 0.115763 0.00198415
45 0.337583 0.251041 0.103892 0.0249964 0.00195852
74 0.454605 0.091631 0.0529716 0.0556128 0.00194362
73 0.348965 0.285932 0.0909539 0.02981 0.0019044
15 0.438871 0.219037 0.0563805 0.168649 0.00179571
75 0.442379 0.255582 0.0410717 0.0837608 0.00170028
65 0.711107 0.917912 0.0639479 0.0632795 0.00166056
77 0.84537 0.389772 0.0373737 0.0752684 0.00165477
32 0.0187829 0.330701 0.0370842 0.151092 0.00160858
68 0.84223 0.717932 0.294294 0.500271 0.00160491
72 0.841692 0.71957 0.296605 0.499803 0.00158334
32 0.914149 0.800608 0.037355 0.054481 0.00155044
45 0.342273 0.252052 0.0780065 0.0198863 0.00152504
74 0.441491 0.25334 0.037553 0.0730828 0.00150728
73 0.227405 0.230551 0.072405 0.0230968 0.00149304
77 0.974869 0.0809371 0.0491985 0.158169 0.00144935
0 0.525563 0.248843 0.0366335 0.084248 0.00144619
14 0.644313 0.146146 0.0975817 0.292175 0.0014331
75 0.87457 0.451187 0.0823707 0.0495977 0.00143269
74 0.526405 0.224413 0.136828 0.16129 0.00142792
73 0.321881 0.272212 0.0743195 0.0195042 0.00140727
60 0.328571 0.954099 0.405702 0.0918025 0.00140384
68 0.526405 0.224413 0.136828 0.16129 0.00136513
0 0.640725 0.237529 0.0943378 0.110175 0.00131834
45 0.346066 0.250885 0.0575919 0.0207112 0.00131088
41 0.441491 0.25334 0.037553 0.0730828 0.00128385
41 0.243674 0.197576 0.059749 0.0557285 0.00128022
16 0.73689 0.204619 0.0774733 0.0646101 0.00126624
41 0.455562 0.205564 0.117043 0.192299 0.00125134
73 0.694733 0.984158 0.113689 0.0275682 0.00123808
73 0.397879 0.268192 0.0130852 0.0642044 0.00122502
14 0.874409 0.450962 0.0842815 0.0492413 0.00122237
73 0.318462 0.250605 0.0644194 0.0224801 0.00121796
73 0.682556 0.720951 0.0374403 0.0517738 0.00120908
15 0.643973 0.100048 0.0950287 0.199617 0.00119972
45 0.24381 0.196993 0.058529 0.0545459 0.00119033
41 0.526226 0.224535 0.136505 0.161697 0.00118789
14 0.626718 0.256401 0.0650323 0.0838895 0.0011763
73 0.331294 0.270087 0.128046 0.0644891 0.00117248
41 0.847961 0.393287 0.0842834 0.163315 0.00115684
73 0.286009 0.269343 0.222866 0.0656263 0.00115088
73 0.814601 0.394217 0.161877 0.160108 0.00114822
63 0.841692 0.71957 0.296605 0.499803 0.00113878
73 0.709058 0.916548 0.0682852 0.0616465 0.00113618
15 0.626467 0.25639 0.0655641 0.0841191 0.00113407
75 0.769642 0.40191 0.0610789 0.144219 0.00111437
73 0.619999 0.950649 0.120777 0.0987022 0.00110629
60 0.703272 0.942842 0.2442 0.0976855 0.00110087
74 0.528649 0.227977 0.075502 0.100329 0.00106913
63 0.525936 0.224128 0.137355 0.160542 0.00106311
0 0.528307 0.226922 0.0744822 0.0974706 0.00105089
73 0.785702 0.401764 0.0323708 0.139104 0.00103912
39 0.439948 0.257527 0.0469665 0.087872 0.00103563
68 0.419871 0.708747 0.411805 0.505749 0.0010308
