0 0.731946 0.763921 0.0907936 0.463032 0.906344
72 0.414458 0.726571 0.149486 0.524257 0.896912
0 0.580002 0.71429 0.131005 0.555593 0.835423
69 0.146289 0.832791 0.209906 0.314755 0.834863
74 0.733312 0.308711 0.0386551 0.0777042 0.803334
26 0.746569 0.76679 0.0444592 0.116973 0.428128
71 0.0376107 0.702117 0.0752214 0.161676 0.395863
72 0.594014 0.615966 0.174626 0.583228 0.325039
26 0.610801 0.851345 0.0437374 0.266304 0.241515
72 0.619586 0.657315 0.104403 0.506225 0.21472
26 0.750921 0.773465 0.0342529 0.102046 0.178516
69 0.510387 0.809148 0.0497059 0.363054 0.165178
69 0.510005 0.852147 0.0426403 0.274993 0.0791734
69 0.414335 0.727224 0.149152 0.523376 0.0773579
69 0.50998 0.703278 0.045875 0.146135 0.0566729
71 0.0373621 0.672232 0.0747242 0.0991472 0.0547776
71 0.0323616 0.742455 0.0641765 0.0777562 0.0524015
69 0.146522 0.888718 0.208318 0.206449 0.0516379
45 0.416589 0.424225 0.0460951 0.0424728 0.0419458
45 0.514587 0.597664 0.0320263 0.0611323 0.0416963
45 0.0863456 0.752219 0.0484093 0.0617958 0.0306888
45 0.250221 0.702107 0.0500131 0.0909174 0.0305088
45 0.10175 0.702644 0.0554066 0.0999773 0.0303586
69 0.509827 0.660331 0.0449743 0.0614338 0.0259749
71 0.0370078 0.64853 0.0728712 0.05505 0.0239075
41 0.0878138 0.753396 0.045111 0.0609017 0.0172881
45 0.30577 0.722665 0.0622469 0.0509914 0.0146408
45 0.302805 0.714293 0.0390516 0.0310055 0.0144105
45 0.299862 0.717503 0.0496276 0.0405445 0.0134408
72 0.615108 0.535119 0.0945196 0.268582 0.0130382
45 0.29654 0.707757 0.0432593 0.0341998 0.0126071
53 0.647441 0.6902 0.0574185 0.0203854 0.0123149
72 0.905914 0.807032 0.187001 0.367668 0.0119629
45 0.538633 0.606688 0.0222229 0.03295 0.0114915
69 0.64313 0.791261 0.0497724 0.23601 0.0110356
68 0.616387 0.367773 0.0904601 0.0784363 0.0105924
45 0.848349 0.612837 0.04697 0.0456703 0.00973007
69 0.59274 0.616968 0.171031 0.592701 0.00841287
45 0.304662 0.724278 0.0361166 0.0380251 0.00821581
69 0.646931 0.754537 0.059312 0.313253 0.00744501
47 0.641286 0.662638 0.0187082 0.0403146 0.00734067
49 0.641286 0.662638 0.0187082 0.0403146 0.00682312
71 0.0333155 0.679909 0.0657421 0.066634 0.00671011
72 0.645328 0.787022 0.0571293 0.253065 0.00617787
46 0.647786 0.690243 0.0559162 0.0183499 0.00568774
45 0.411356 0.42763 0.0620437 0.0469946 0.00566176
41 0.063831 0.613996 0.020979 0.0507566 0.00564724
71 0.0365928 0.639876 0.0720912 0.0417809 0.00552902
72 0.632758 0.617635 0.132183 0.570461 0.00549185
26 0.738563 0.741332 0.0306158 0.0737437 0.00548956
41 0.514292 0.597195 0.0308939 0.0570147 0.00545561
72 0.939189 0.520283 0.120904 0.307458 0.00544661
72 0.66618 0.617937 0.313419 0.585354 0.00516269
25 0.610101 0.85277 0.0428868 0.272607 0.00503284
26 0.848349 0.612837 0.04697 0.0456703 0.00501314
45 0.414463 0.459009 0.0596942 0.0258364 0.00460055
56 0.508176 0.834464 0.0410431 0.247997 0.0043962
45 0.1533 0.703942 0.0481988 0.0475865 0.00438738
26 0.746103 0.744467 0.0439707 0.0825735 0.00408527
45 0.200331 0.721743 0.0311793 0.0492671 0.00385451
70 0.514178 0.597429 0.0314577 0.0587259 0.00375801
69 0.616387 0.367773 0.0904601 0.0784363 0.00370014
69 0.30689 0.907138 0.109632 0.17984 0.0036428
45 0.616105 0.36971 0.0926075 0.0799322 0.00348535
45 0.101881 0.673716 0.0537756 0.0454053 0.00345501
41 0.0920609 0.717856 0.0346621 0.0577891 0.00343052
69 0.51463 0.884642 0.0317003 0.133509 0.00343037
41 0.846546 0.567943 0.0177475 0.0592592 0.00336969
45 0.295297 0.689138 0.0424907 0.0454449 0.00331172
75 0.0874294 0.750116 0.0452385 0.0680204 0.00318268
43 0.647786 0.690243 0.0559162 0.0183499 0.00308895
24 0.746424 0.768125 0.0432606 0.118543 0.00287491
39 0.063831 0.613996 0.020979 0.0507566 0.00286695
72 0.587156 0.523919 0.161053 0.406419 0.00280619
39 0.846546 0.567943 0.0177475 0.0592592 0.00280562
75 0.808214 0.544469 0.018119 0.0904704 0.00268251
45 0.539561 0.596422 0.0215691 0.0240697 0.00267687
40 0.931858 0.660034 0.0137194 0.0477362 0.00262219
26 0.740378 0.766923 0.0580056 0.128428 0.00253749
52 0.647441 0.6902 0.0574185 0.0203854 0.00251588
75 0.846618 0.569183 0.0182156 0.0584541 0.00249249
72 0.616084 0.550296 0.0965802 0.431309 0.00249147
69 0.622507 0.65265 0.110654 0.516748 0.00247812
69 0.6165 0.500007 0.0959898 0.341859 0.00240633
56 0.610634 0.851522 0.0422435 0.271805 0.00236839
41 0.250018 0.701327 0.0499298 0.0923749 0.00232416
69 0.144307 0.772322 0.201873 0.139081 0.00230649
52 0.641286 0.662638 0.0187082 0.0403146 0.00230065
73 0.646576 0.691079 0.0576314 0.0237591 0.00220263
45 0.200605 0.712551 0.0324082 0.0455037 0.0021829
45 0.613773 0.388558 0.0829045 0.0390722 0.00204828
48 0.641286 0.662638 0.0187082 0.0403146 0.00201589
71 0.510977 0.658271 0.0466973 0.0611957 0.00200653
51 0.647842 0.691267 0.0571213 0.0225763 0.00196701
72 0.747203 0.597971 0.136323 0.476978 0.00194177
45 0.405853 0.456547 0.0888765 0.0286391 0.00193757
39 0.0860103 0.751088 0.049628 0.0638379 0.00189671
51 0.641286 0.662638 0.0187082 0.0403146 0.00188398
69 0.508339 0.773152 0.0418299 0.250735 0.00185874
39 0.80853 0.543976 0.0181509 0.0919539 0.00162995
73 0.646954 0.696175 0.0581786 0.0347042 0.00160813
0 0.578938 0.552963 0.100877 0.230278 0.00156063
45 0.251129 0.66819 0.046647 0.0271653 0.00155002
72 0.510879 0.803335 0.0483292 0.349435 0.00154862
69 0.0375668 0.709194 0.0746107 0.146944 0.00144938
26 0.757458 0.801729 0.0641249 0.180952 0.00144219
56 0.510468 0.78389 0.0464676 0.309724 0.00139603
70 0.101939 0.702948 0.055645 0.10138 0.00136176
72 0.586541 0.460128 0.160932 0.281465 0.00136116
69 0.172234 0.753326 0.14503 0.152508 0.00134757
39 0.931858 0.660034 0.0137194 0.0477362 0.0012888
69 0.562194 0.743215 0.193866 0.442111 0.00127453
69 0.591589 0.498403 0.145669 0.3427 0.00126603
69 0.553819 0.802567 0.134104 0.37755 0.00125062
45 0.646576 0.691079 0.0576314 0.0237591 0.00123432
41 0.851933 0.569403 0.0290783 0.0623525 0.00120035
48 0.647842 0.691267 0.0571213 0.0225763 0.00119683
41 0.102037 0.703772 0.0554083 0.0984689 0.00115377
73 0.0314818 0.742175 0.0626253 0.0770348 0.00113282
62 0.414335 0.727224 0.149152 0.523376 0.00112331
45 0.0375668 0.709194 0.0746107 0.146944 0.00111449
72 0.539255 0.428837 0.0657038 0.221695 0.00111282
24 0.610405 0.853609 0.0420542 0.269029 0.00110704
45 0.360132 0.449253 0.0355845 0.0301512 0.00108925
39 0.847461 0.560503 0.0165276 0.0422414 0.00108385
55 0.647842 0.691267 0.0571213 0.0225763 0.0010775
24 0.751416 0.776751 0.0386893 0.103355 0.00107279
69 0.145213 0.829257 0.218453 0.15425 0.00105885
46 0.641286 0.662638 0.0187082 0.0403146 0.00104517
26 0.60377 0.781165 0.0296729 0.120287 0.001012
68 0.591356 0.61401 0.171742 0.584534 0.00100911
