7 0.552612 0.705404 0.317774 0.263915 0.876483
0 0.27509 0.85683 0.110695 0.281435 0.843721
0 0.392612 0.765196 0.044977 0.164255 0.818443
0 0.477706 0.781816 0.0453333 0.16119 0.771295
0 0.511084 0.776155 0.0323236 0.163831 0.746818
5 0.188286 0.688308 0.215583 0.126341 0.67841
0 0.424506 0.761373 0.0301226 0.135418 0.670086
5 0.905979 0.759039 0.18744 0.470465 0.633018
3 0.211204 0.932036 0.105285 0.135402 0.624143
24 0.310807 0.811261 0.0898943 0.118956 0.619559
0 0.314706 0.732371 0.0363628 0.0851044 0.588309
0 0.865187 0.727781 0.0202679 0.0895589 0.563957
9 0.15208 0.442433 0.0283473 0.0508011 0.496798
0 0.137496 0.732656 0.0316459 0.105287 0.491691
0 0.353005 0.759769 0.0341367 0.129563 0.474813
0 0.0473204 0.886455 0.0247704 0.22709 0.464205
7 0.880521 0.696204 0.156201 0.118366 0.447962
0 0.227306 0.718943 0.0230531 0.0780365 0.447671
26 0.491428 0.748235 0.0254088 0.0650693 0.429089
0 0.74304 0.713067 0.0160486 0.0600283 0.350014
0 0.903818 0.724173 0.0214188 0.0833547 0.340886
7 0.905432 0.760182 0.188449 0.46707 0.324372
24 0.323801 0.815457 0.0629849 0.109186 0.303928
0 0.923461 0.721584 0.0227816 0.0866229 0.29076
26 0.490592 0.756876 0.0218513 0.0473259 0.290136
5 0.880762 0.696777 0.156622 0.119323 0.282362
0 0.202922 0.720367 0.0165761 0.0736656 0.282197
9 0.152011 0.41966 0.0279073 0.0957461 0.246861
5 0.552958 0.704563 0.31596 0.263102 0.227088
9 0.0994547 0.442892 0.0370329 0.0485049 0.179979
2 0.0548737 0.701364 0.0346451 0.0588893 0.166715
7 0.187639 0.690195 0.216381 0.127804 0.134664
0 0.361425 0.756408 0.0223284 0.134677 0.134171
0 0.848198 0.726142 0.0196629 0.0812136 0.126246
0 0.758591 0.710437 0.0120653 0.0474553 0.120638
0 0.832371 0.725567 0.0161739 0.0870328 0.118891
0 0.289021 0.709585 0.0278979 0.057193 0.117517
0 0.328531 0.700361 0.0181216 0.0447971 0.116469
0 0.347888 0.749239 0.0262118 0.102147 0.110884
7 0.024488 0.702217 0.0486321 0.590553 0.106973
0 0.824679 0.728617 0.0270992 0.0862406 0.106585
0 0.81956 0.709765 0.0174324 0.050337 0.0996725
0 0.294108 0.709176 0.0220851 0.0537989 0.0897347
0 0.205529 0.716696 0.0216031 0.0761626 0.0759697
0 0.345397 0.740691 0.0232564 0.0866848 0.0758158
26 0.494297 0.748151 0.0248095 0.0771988 0.0746306
9 0.152627 0.390376 0.0201088 0.0370427 0.0745763
26 0.532773 0.770328 0.0259085 0.0744942 0.074376
0 0.418198 0.657578 0.0190277 0.0502869 0.0638025
0 0.0504206 0.850093 0.0295988 0.297457 0.0617646
16 0.414906 0.825701 0.0242387 0.0421407 0.0610329
56 0.414514 0.825264 0.0254492 0.0434161 0.0586089
1 0.212087 0.931946 0.107008 0.135617 0.0468751
26 0.502136 0.75675 0.0182919 0.0579623 0.0438913
7 0.759298 0.686538 0.0383421 0.0400061 0.0414497
0 0.28494 0.703287 0.0199297 0.038318 0.0403566
5 0.759925 0.685171 0.0390446 0.0376849 0.0376548
0 0.365158 0.738414 0.0205334 0.116448 0.0358065
0 0.378637 0.69852 0.0161776 0.0372075 0.0349416
0 0.299293 0.707581 0.0188964 0.0455489 0.0306838
24 0.489861 0.754939 0.0224165 0.0549131 0.0297299
0 0.701601 0.695906 0.0143713 0.0418355 0.0294654
0 0.364995 0.691261 0.0172964 0.0225007 0.028971
0 0.329873 0.726884 0.0224928 0.0908246 0.0285935
9 0.477617 0.557575 0.0147984 0.0342974 0.0269816
2 0.905469 0.76092 0.188457 0.466009 0.0252802
0 0.37789 0.704646 0.0157952 0.0386408 0.0219817
5 0.76412 0.687434 0.0293606 0.042352 0.0211713
26 0.47434 0.773039 0.0292163 0.0333731 0.0198651
26 0.222329 0.930456 0.0656395 0.0727008 0.0190834
7 0.0550693 0.702821 0.0338238 0.0590977 0.0189952
26 0.309452 0.813124 0.0928617 0.118826 0.0188737
9 0.47375 0.557786 0.0172499 0.0355101 0.0186574
26 0.153656 0.737986 0.0175747 0.036283 0.0182224
0 0.688218 0.693769 0.0123581 0.0399002 0.0179397
0 0.356762 0.730773 0.0249361 0.0726321 0.0170159
26 0.442231 0.778268 0.0193357 0.0528521 0.0168996
0 0.814016 0.708194 0.0276764 0.0471588 0.016516
0 0.697743 0.696066 0.0182384 0.0417903 0.0162274
5 0.0238987 0.706764 0.0468185 0.576271 0.0152246
0 0.490967 0.763092 0.0240053 0.112544 0.0147236
26 0.363184 0.756137 0.0198113 0.10912 0.0142905
26 0.487361 0.750536 0.0281876 0.0796374 0.0141205
2 0.0849593 0.673279 0.0182761 0.0263076 0.0139257
26 0.475671 0.757629 0.0356642 0.0669566 0.0139186
3 0.522654 0.291461 0.128846 0.125701 0.0133936
0 0.4139 0.679546 0.0219213 0.0528432 0.0131019
0 0.804564 0.714191 0.0141529 0.0364063 0.012502
26 0.313224 0.930199 0.0243489 0.0527453 0.0120103
26 0.415433 0.8255 0.0239417 0.0425804 0.0120029
24 0.47434 0.773039 0.0292163 0.0333731 0.0119089
24 0.442228 0.772306 0.0188494 0.0624184 0.0118627
0 0.49785 0.71257 0.0191595 0.0474871 0.0117275
3 0.29967 0.928318 0.283481 0.133698 0.0111906
1 0.414815 0.825737 0.0252499 0.0425608 0.0105103
26 0.443829 0.768444 0.0214939 0.0673429 0.0104941
24 0.475671 0.757629 0.0356642 0.0669566 0.0100928
0 0.379393 0.696219 0.0213633 0.0390905 0.00991616
3 0.0506823 0.752218 0.0232518 0.098807 0.00981289
2 0.0244314 0.710824 0.0477515 0.571919 0.00979576
0 0.3273 0.733905 0.0203379 0.0780136 0.00932708
0 0.313537 0.686992 0.0186392 0.0311424 0.00927231
0 0.686147 0.692665 0.017828 0.0352356 0.00883278
0 0.363184 0.756137 0.0198113 0.10912 0.00877318
0 0.363903 0.698713 0.0192669 0.0350747 0.00869527
3 0.25749 0.926326 0.199508 0.139628 0.0086132
26 0.155365 0.72985 0.0158442 0.0392385 0.00837696
0 0.364757 0.687765 0.0160459 0.0164477 0.00783971
9 0.353198 0.635834 0.0280156 0.0330279 0.0075666
26 0.328663 0.74886 0.0168219 0.0532555 0.00750452
26 0.348771 0.741398 0.0259485 0.0829673 0.00747418
26 0.313266 0.900587 0.0315907 0.115123 0.00743347
0 0.137543 0.714833 0.0296445 0.0697725 0.00723007
2 0.759298 0.686538 0.0383421 0.0400061 0.00716928
0 0.415892 0.659918 0.0251959 0.0559451 0.00712335
26 0.47269 0.752242 0.0315243 0.0832926 0.00712079
0 0.303154 0.731527 0.0170451 0.0782452 0.00700679
26 0.503785 0.744107 0.0203852 0.0763626 0.0069682
24 0.348771 0.741398 0.0259485 0.0829673 0.00682181
0 0.689878 0.696048 0.0263188 0.0421815 0.00675261
24 0.47269 0.752242 0.0315243 0.0832926 0.00669321
1 0.225027 0.943893 0.0771512 0.111206 0.00658801
9 0.353081 0.643039 0.0284961 0.0474325 0.00650793
0 0.317721 0.68881 0.0122847 0.039478 0.00648785
24 0.494297 0.748151 0.0248095 0.0771988 0.00648782
24 0.444167 0.763025 0.0215322 0.055352 0.00638726
24 0.415433 0.8255 0.0239417 0.0425804 0.00611952
0 0.0506882 0.752325 0.0237959 0.097654 0.00603306
0 0.404478 0.69192 0.017742 0.0362363 0.00601995
74 0.356563 0.436681 0.0110704 0.0523848 0.00596014
24 0.532773 0.770328 0.0259085 0.0744942 0.00572231
9 0.12476 0.419605 0.0894077 0.0963361 0.00571644
17 0.563565 0.319473 0.0459995 0.0561601 0.00566074
1 0.0505546 0.753913 0.0234473 0.094917 0.00533321
9 0.145523 0.442988 0.0419181 0.0509508 0.00521469
0 0.415492 0.689027 0.0159084 0.0449777 0.00519097
2 0.364757 0.687765 0.0160459 0.0164477 0.00517392
0 0.0556453 0.853569 0.0421943 0.291514 0.00504124
24 0.222329 0.930456 0.0656395 0.0727008 0.00497335
1 0.248788 0.93283 0.183334 0.13434 0.00497171
0 0.499546 0.72515 0.0182262 0.0636981 0.00489363
0 0.929137 0.687 0.0166538 0.0301384 0.00488067
5 0.972044 0.647208 0.055188 0.25256 0.00465494
0 0.412342 0.687366 0.0210118 0.0430979 0.00458479
9 0.0815083 0.626313 0.0203674 0.0183207 0.00441858
3 0.222515 0.943741 0.0805101 0.111657 0.00434771
26 0.511638 0.768081 0.0300264 0.110033 0.00434622
5 0.140429 0.687725 0.123443 0.123169 0.00425214
74 0.356496 0.450574 0.00974178 0.0241194 0.00421751
26 0.288233 0.91478 0.0783619 0.160875 0.00421691
6 0.187639 0.690195 0.216381 0.127804 0.00416338
13 0.797299 0.750028 0.0712558 0.042726 0.00410923
26 0.224486 0.939276 0.0724704 0.0965777 0.00409201
0 0.791919 0.690353 0.00829334 0.0156751 0.00399601
0 0.694041 0.698064 0.0254915 0.044325 0.00399336
0 0.740836 0.712878 0.0226597 0.0619881 0.00398007
0 0.29149 0.720194 0.0203237 0.0637245 0.00394616
26 0.45671 0.76913 0.0145845 0.0525208 0.0039281
9 0.131374 0.389229 0.0637592 0.0386751 0.00392157
2 0.0542259 0.747984 0.0312611 0.104785 0.00389957
26 0.240462 0.924402 0.0546664 0.0900145 0.00387391
0 0.377786 0.739134 0.0162529 0.106594 0.00386775
9 0.114295 0.442495 0.0682311 0.0523959 0.00384715
2 0.905482 0.879094 0.188274 0.230416 0.0038335
5 0.243764 0.685522 0.106065 0.112013 0.0038029
0 0.380498 0.692437 0.0156749 0.0401881 0.00370216
13 0.415433 0.8255 0.0239417 0.0425804 0.00369439
0 0.494297 0.748151 0.0248095 0.0771988 0.00369152
7 0.0370306 0.69399 0.0627578 0.601337 0.00364876
26 0.25914 0.930154 0.0225321 0.0841975 0.00364733
26 0.24457 0.916322 0.0509607 0.115486 0.00360757
26 0.262159 0.909282 0.0194926 0.108659 0.00359762
0 0.477264 0.656701 0.0236571 0.0501108 0.00354972
2 0.187639 0.690195 0.216381 0.127804 0.00343645
25 0.364995 0.691261 0.0172964 0.0225007 0.0033907
26 0.3273 0.733905 0.0203379 0.0780136 0.00339043
26 0.262704 0.924091 0.0241242 0.0999821 0.00338256
2 0.175631 0.717486 0.0697321 0.0667938 0.00337908
7 0.243764 0.685522 0.106065 0.112013 0.00336599
0 0.309867 0.689295 0.015633 0.0393211 0.00328675
26 0.292171 0.930171 0.0685413 0.0978704 0.00315738
24 0.502136 0.75675 0.0182919 0.0579623 0.00312528
26 0.249405 0.926586 0.0408442 0.0890788 0.00305855
24 0.33149 0.827707 0.045337 0.0835569 0.0030522
5 0.0199808 0.832206 0.0396188 0.330498 0.00303522
7 0.905535 0.880558 0.188438 0.226517 0.00302905
26 0.47652 0.75866 0.0492701 0.115047 0.0030252
26 0.448362 0.768907 0.0277411 0.0659882 0.00294477
24 0.225027 0.943893 0.0771512 0.111206 0.0029389
0 0.568466 0.829253 0.808687 0.333143 0.00292507
24 0.487361 0.750536 0.0281876 0.0796374 0.00290713
9 0.0532718 0.588014 0.00967879 0.0259995 0.00288552
2 0.88062 0.697794 0.156082 0.121573 0.0028834
24 0.453713 0.765352 0.02633 0.0668432 0.00286537
56 0.420674 0.823693 0.035156 0.037414 0.00282997
24 0.45671 0.76913 0.0145845 0.0525208 0.00282192
1 0.522654 0.291461 0.128846 0.125701 0.00279683
26 0.453713 0.765352 0.02633 0.0668432 0.00275999
24 0.336703 0.797664 0.040979 0.121022 0.00270435
2 0.552843 0.705685 0.31722 0.263237 0.00260112
26 0.530542 0.761069 0.0323286 0.0995532 0.00259072
9 0.0454988 0.642558 0.00862892 0.023263 0.00254887
24 0.503785 0.744107 0.0203852 0.0763626 0.00252378
0 0.563774 0.319533 0.0464385 0.0574215 0.00249901
0 0.421809 0.724754 0.0248983 0.0623324 0.0024927
14 0.414906 0.825701 0.0242387 0.0421407 0.00243911
7 0.0199808 0.832206 0.0396188 0.330498 0.0024263
14 0.0993089 0.443004 0.0365094 0.0483649 0.00242469
2 0.0506882 0.752325 0.0237959 0.097654 0.00240651
0 0.415803 0.826785 0.024806 0.0427329 0.00238907
2 0.0225153 0.83467 0.044026 0.324848 0.00236669
0 0.474006 0.659445 0.0254597 0.0550934 0.00236639
0 0.0199808 0.832206 0.0396188 0.330498 0.00235274
24 0.452114 0.755217 0.0342517 0.0916733 0.00229117
9 0.473941 0.55922 0.0217054 0.0406036 0.00227925
0 0.0186834 0.665626 0.0103441 0.0195755 0.0022471
5 0.263329 0.684735 0.065361 0.102833 0.00220886
26 0.292444 0.884326 0.0737824 0.203761 0.00217751
26 0.308312 0.874314 0.0425318 0.172493 0.00215274
0 0.0499966 0.788136 0.0231508 0.180965 0.00210196
16 0.420674 0.823693 0.035156 0.037414 0.00207815
5 0.959393 0.659306 0.0804676 0.262785 0.00206706
24 0.0502376 0.758598 0.0234336 0.0887295 0.00204265
5 0.88152 0.668948 0.153197 0.0641884 0.00200799
0 0.146211 0.724122 0.0157239 0.0486966 0.00200546
1 0.442228 0.772306 0.0188494 0.0624184 0.00200236
2 0.0557577 0.684361 0.0341973 0.0945989 0.0019986
26 0.511821 0.739898 0.0297074 0.080261 0.00196663
24 0.312903 0.884968 0.0347318 0.144248 0.00195193
0 0.853311 0.683362 0.0138958 0.0342158 0.00194064
9 0.303943 0.641648 0.0137456 0.0585129 0.00192922
26 0.138544 0.717673 0.0279581 0.0719938 0.00192073
7 0.350871 0.652115 0.0336536 0.065212 0.00191349
26 0.28494 0.703287 0.0199297 0.038318 0.00190714
0 0.544876 0.669865 0.0130529 0.0310031 0.00188455
26 0.49785 0.71257 0.0191595 0.0474871 0.00187501
0 0.762089 0.707916 0.0184793 0.0536578 0.001872
0 0.431241 0.760671 0.0296953 0.133409 0.00186226
0 0.444167 0.763025 0.0215322 0.055352 0.00186157
0 0.423772 0.737772 0.0263048 0.0880524 0.00186127
0 0.511701 0.735208 0.0308228 0.0797419 0.00185373
3 0.320126 0.874349 0.328864 0.237831 0.00185224
9 0.114504 0.385739 0.0299781 0.0304929 0.00182095
0 0.510415 0.255693 0.0234859 0.0532122 0.00180137
0 0.493924 0.312578 0.0157162 0.0496031 0.00179386
0 0.829267 0.686234 0.0127396 0.0316755 0.00179335
0 0.92369 0.693847 0.0236483 0.042089 0.00178185
5 0.905535 0.880558 0.188438 0.226517 0.00178131
9 0.480689 0.557179 0.017577 0.0331532 0.00177363
0 0.340534 0.749801 0.0292938 0.0711611 0.00176948
3 0.205823 0.96287 0.090733 0.0742071 0.00174239
5 0.350871 0.652115 0.0336536 0.065212 0.0017283
0 0.293102 0.703317 0.0272012 0.0624213 0.00172356
0 0.145763 0.850408 0.246863 0.299184 0.00170127
3 0.480606 0.318576 0.044564 0.0680526 0.00170037
26 0.253862 0.942107 0.0339501 0.114266 0.00169003
0 0.52136 0.676375 0.0161206 0.0256119 0.00167486
9 0.30237 0.621704 0.0112973 0.0232718 0.001674
0 0.518197 0.257616 0.0396202 0.0582226 0.00166944
0 0.771436 0.698806 0.0141581 0.0299917 0.00162879
5 0.0332993 0.69449 0.0635647 0.596273 0.0016216
0 0.47883 0.651565 0.0131433 0.0395945 0.00161499
0 0.511638 0.768081 0.0300264 0.110033 0.00161356
24 0.448362 0.768907 0.0277411 0.0659882 0.00157702
0 0.531741 0.776017 0.0266603 0.0853953 0.00156605
0 0.22669 0.699744 0.0206476 0.0552367 0.00155896
0 0.817179 0.730372 0.0401354 0.0829147 0.00152948
26 0.431241 0.760671 0.0296953 0.133409 0.00150076
0 0.755786 0.714474 0.015567 0.0593358 0.00149554
2 0.0852067 0.668923 0.0200618 0.0341094 0.00148198
26 0.160222 0.740866 0.0114507 0.0273389 0.00147626
0 0.0222608 0.723608 0.0437507 0.547173 0.00147048
0 0.0521887 0.88121 0.0361101 0.235712 0.00146931
0 0.733985 0.700423 0.0107132 0.0316556 0.00144714
9 0.139282 0.414097 0.0540953 0.0887057 0.00143692
17 0.516486 0.304019 0.0315714 0.0749124 0.00142598
26 0.323801 0.815457 0.0629849 0.109186 0.00140086
0 0.518031 0.285959 0.0390692 0.114859 0.0013985
7 0.879875 0.676065 0.152535 0.0769442 0.00137326
0 0.0853054 0.675582 0.0180529 0.0316383 0.00135791
0 0.241506 0.710475 0.0147978 0.0607985 0.00134349
26 0.493077 0.74936 0.0377712 0.0972404 0.00134116
0 0.0686298 0.850486 0.0681339 0.295691 0.00133088
6 0.880225 0.698595 0.155761 0.123473 0.0013229
74 0.356703 0.430706 0.0127087 0.0678625 0.00130495
0 0.286704 0.734823 0.0270411 0.0401746 0.00126976
7 0.263329 0.684735 0.065361 0.102833 0.00126365
24 0.28494 0.703287 0.0199297 0.038318 0.00126317
7 0.0756712 0.693167 0.146494 0.600932 0.00126123
24 0.348726 0.756181 0.0303474 0.117946 0.00123733
5 0.139221 0.667601 0.116598 0.0854439 0.00123674
3 0.522075 0.31583 0.12789 0.0772963 0.00122628
0 0.365823 0.684793 0.0166043 0.0245724 0.00122604
0 0.328502 0.83228 0.400882 0.295554 0.00122601
26 0.260828 0.880494 0.0171443 0.0361237 0.00121701
29 0.880746 0.588166 0.0394238 0.0342457 0.00121513
0 0.0542259 0.747984 0.0312611 0.104785 0.00120017
24 0.362938 0.758176 0.0208519 0.125286 0.00119367
0 0.160222 0.740866 0.0114507 0.0273389 0.00119129
9 0.383865 0.589461 0.00865488 0.0241985 0.00117454
