5 0.537508 0.503572 0.72147 0.500592 0.936632
2 0.0156238 0.521253 0.0171391 0.0367748 0.0170725
9 0.104148 0.474564 0.00813224 0.014268 0.0156959
56 0.724827 0.427873 0.0256046 0.0310477 0.0153017
56 0.798386 0.440001 0.0295692 0.0357916 0.014973
0 0.356197 0.424472 0.0666836 0.100209 0.0129163
0 0.264847 0.432558 0.0395164 0.082144 0.0103227
56 0.684968 0.429626 0.025979 0.0426259 0.00903422
56 0.30788 0.443818 0.0365135 0.0570384 0.00872523
56 0.569371 0.413277 0.0291734 0.0253996 0.00826338
0 0.340885 0.418613 0.0965196 0.109749 0.00682956
0 0.50881 0.418172 0.0224859 0.0355971 0.00611204
56 0.519878 0.414198 0.043892 0.036386 0.0060378
0 0.144377 0.537829 0.0115203 0.0258065 0.00600117
7 0.0156238 0.521253 0.0171391 0.0367748 0.00544897
56 0.640195 0.418649 0.0182657 0.0191495 0.0052563
0 0.369738 0.392621 0.0406437 0.0598722 0.0050815
56 0.799131 0.433887 0.0296272 0.0427582 0.00479996
0 0.930605 0.476678 0.00828934 0.0195684 0.00391361
0 0.273426 0.431611 0.0511583 0.0831342 0.00390819
0 0.200969 0.646196 0.0314827 0.0881855 0.00374618
0 0.370774 0.430506 0.0365819 0.0972477 0.00352302
0 0.370859 0.389995 0.026706 0.0492434 0.00342453
0 0.72476 0.429369 0.0260924 0.0337923 0.00328779
0 0.310146 0.441829 0.0399931 0.0598282 0.00321484
0 0.322184 0.420038 0.0667478 0.102185 0.00319785
56 0.595809 0.416552 0.0106714 0.0222501 0.00318974
0 0.204713 0.621718 0.0194884 0.0487418 0.00318733
56 0.50881 0.418172 0.0224859 0.0355971 0.00311208
0 0.370845 0.398384 0.0170749 0.0288422 0.00296807
56 0.617292 0.416705 0.017748 0.0211508 0.00288478
0 0.352614 0.411361 0.0628071 0.0952091 0.00281119
0 0.402242 0.424441 0.0194342 0.0489441 0.00278151
56 0.456015 0.422575 0.0220511 0.0244765 0.00259998
9 0.0154774 0.521483 0.01746 0.0372187 0.0025931
56 0.467223 0.422466 0.0371168 0.0254146 0.00248045
0 0.36113 0.388694 0.0508933 0.0623505 0.00245324
6 0.537554 0.501858 0.720395 0.50012 0.00245064
0 0.798065 0.432549 0.0267649 0.0389063 0.00239375
0 0.186488 0.452454 0.0134204 0.0420485 0.00226656
0 0.375577 0.403275 0.0262486 0.0390184 0.00222939
0 0.514735 0.413872 0.0343523 0.035783 0.00206012
0 0.402308 0.40795 0.0207821 0.0403109 0.00183272
0 0.931339 0.487563 0.00939941 0.0407183 0.00183272
13 0.0154774 0.521483 0.01746 0.0372187 0.00183004
56 0.470251 0.418751 0.0332886 0.0350198 0.00179818
56 0.720344 0.430736 0.0368536 0.0390774 0.00178841
2 0.798386 0.440001 0.0295692 0.0357916 0.00173351
13 0.0467952 0.548037 0.0569134 0.0131912 0.001708
0 0.684862 0.428485 0.0259321 0.0412225 0.00167534
56 0.665779 0.427192 0.0162066 0.0423956 0.00164372
0 0.799302 0.440948 0.0290108 0.0344022 0.00163814
0 0.867963 0.435453 0.0188786 0.0367732 0.00151825
0 0.291677 0.438705 0.0375458 0.0659706 0.00150263
2 0.104148 0.474564 0.00813224 0.014268 0.00148776
56 0.464792 0.411129 0.0404886 0.03969 0.00146684
0 0.197124 0.652052 0.0291353 0.0748331 0.00146139
9 0.144377 0.537829 0.0115203 0.0258065 0.00143576
0 0.595809 0.416552 0.0106714 0.0222501 0.00140831
9 0.930605 0.476678 0.00828934 0.0195684 0.00136384
56 0.578891 0.433228 0.0466381 0.0269824 0.00133237
0 0.470251 0.418751 0.0332886 0.0350198 0.00132278
0 0.456015 0.422575 0.0220511 0.0244765 0.00129798
14 0.930605 0.476678 0.00828934 0.0195684 0.00127861
0 0.104148 0.474564 0.00813224 0.014268 0.00127175
2 0.724716 0.430529 0.0262356 0.0358201 0.00125813
0 0.26125 0.427004 0.0553495 0.0911424 0.00122926
0 0.44809 0.41992 0.0159961 0.0309477 0.00121546
0 0.402147 0.425582 0.0210581 0.075632 0.00120446
0 0.312768 0.426699 0.0473538 0.086056 0.00119856
56 0.759455 0.431619 0.0279581 0.0404134 0.00119576
0 0.376508 0.428369 0.029883 0.0878881 0.00116795
0 0.668406 0.363658 0.00896292 0.0115964 0.00111812
56 0.641627 0.428638 0.0209911 0.0377215 0.00107202
56 0.584943 0.430992 0.03473 0.0297002 0.00105426
7 0.537554 0.501858 0.720395 0.50012 0.00105417
0 0.868535 0.428456 0.0217258 0.044409 0.00104654
0 0.518702 0.419871 0.0416385 0.0448663 0.00101334
