71 0.289446 0.61321 0.21689 0.0469807 0.747644
41 0.110881 0.887872 0.0495944 0.0481554 0.215858
39 0.412095 0.334049 0.0475633 0.0647332 0.174521
41 0.16071 0.881396 0.0510348 0.0490253 0.145463
72 0.864158 0.495179 0.271684 0.980751 0.045628
39 0.37629 0.291865 0.0505459 0.0715781 0.0253977
45 0.290121 0.613417 0.216207 0.0465979 0.0232286
73 0.455006 0.615225 0.1228 0.0206435 0.0139551
39 0.375079 0.313509 0.0518528 0.112251 0.0119556
71 0.29309 0.602076 0.196195 0.0240276 0.0116653
71 0.222006 0.906504 0.444013 0.140032 0.00968885
41 0.280644 0.352529 0.0450618 0.0378216 0.0074926
39 0.439391 0.563252 0.0227438 0.0609663 0.00695774
75 0.413241 0.333551 0.0484294 0.0639088 0.00462762
75 0.235254 0.310052 0.0488296 0.0420069 0.00400802
41 0.0716579 0.624088 0.0341393 0.0355896 0.00365037
39 0.548303 0.574257 0.0369559 0.0898998 0.00352296
41 0.614356 0.7133 0.0605202 0.0399298 0.00348073
39 0.452308 0.35816 0.0385821 0.0961469 0.00347394
71 0.454315 0.614974 0.122205 0.0226013 0.00345638
41 0.0427888 0.604841 0.0379165 0.062249 0.00344658
39 0.440967 0.568798 0.027686 0.0715896 0.00291029
39 0.542426 0.602036 0.0245232 0.0324229 0.00287792
73 0.614356 0.7133 0.0605202 0.0399298 0.00284833
41 0.0566205 0.624571 0.0608302 0.041477 0.00245541
45 0.613387 0.706461 0.0702494 0.0531336 0.00244492
73 0.613086 0.706959 0.0704516 0.0522274 0.00234222
41 0.54283 0.604148 0.0242844 0.029402 0.00226554
71 0.276826 0.653084 0.505189 0.131363 0.00221515
71 0.0465019 0.924583 0.0917407 0.047963 0.00212571
45 0.269853 0.860077 0.164163 0.063315 0.00212452
0 0.712178 0.519973 0.0564545 0.16448 0.00211367
73 0.59934 0.715545 0.0769758 0.0417869 0.00208083
45 0.280365 0.352329 0.0447716 0.0375374 0.00205612
45 0.111224 0.887804 0.0507417 0.0477881 0.00189954
41 0.545156 0.601281 0.0272244 0.0333649 0.00186729
41 0.0547034 0.605011 0.0523386 0.0638181 0.00184721
41 0.613387 0.706461 0.0702494 0.0531336 0.00183931
73 0.107522 0.649911 0.161026 0.0273544 0.00182107
39 0.11096 0.887796 0.0497881 0.0483539 0.00177872
39 0.614356 0.7133 0.0605202 0.0399298 0.00170007
41 0.11071 0.626908 0.117007 0.0318251 0.00169784
39 0.0696528 0.624314 0.0284454 0.0350922 0.0016858
41 0.0643482 0.610616 0.0380247 0.0551792 0.00163919
29 0.290424 0.612417 0.214751 0.0462292 0.00162554
73 0.63981 0.519781 0.0636115 0.067556 0.00147188
45 0.614356 0.7133 0.0605202 0.0399298 0.00143501
39 0.526168 0.256695 0.0499499 0.103956 0.00143275
39 0.637829 0.518011 0.0633242 0.071147 0.00141943
41 0.0342479 0.604444 0.0294077 0.0641746 0.00139916
73 0.454807 0.620984 0.125451 0.0257974 0.00137281
39 0.160412 0.881561 0.051188 0.0486687 0.00131875
0 0.678939 0.518154 0.123966 0.169859 0.00129882
41 0.412975 0.333701 0.0477402 0.0637993 0.00128555
43 0.452161 0.620542 0.117482 0.0187466 0.00124839
73 0.609231 0.717664 0.071434 0.0398395 0.0012469
39 0.235344 0.312796 0.0484648 0.0450859 0.00124496
71 0.289463 0.576889 0.224669 0.119363 0.0012145
39 0.614713 0.706107 0.0682411 0.053154 0.00120378
39 0.54432 0.572201 0.0521276 0.0926218 0.00113636
45 0.160412 0.881561 0.051188 0.0486687 0.00111961
71 0.368657 0.624778 0.360536 0.0494521 0.00111538
71 0.277185 0.644656 0.262725 0.114621 0.0011012
71 0.0813144 0.92361 0.162629 0.0475521 0.00109082
26 0.60358 0.711366 0.0890691 0.0585593 0.00108233
71 0.289809 0.684322 0.578361 0.20735 0.00106665
73 0.667723 0.718222 0.0332047 0.0240154 0.00103682
39 0.0566205 0.624571 0.0608302 0.041477 0.00101167
41 0.021808 0.609901 0.0346069 0.0753277 0.00100887
73 0.585842 0.718493 0.0438639 0.0387743 0.00100088
