20 0.517741 0.665208 0.322348 0.424682 0.939526
20 0.18149 0.677555 0.35558 0.486315 0.927228
20 0.880664 0.633033 0.237439 0.432729 0.862723
20 0.566816 0.78334 0.12997 0.186791 0.764415
20 0.776801 0.735607 0.258315 0.278538 0.644743
20 0.770891 0.693498 0.216977 0.282244 0.0345445
20 0.812351 0.657966 0.134655 0.215846 0.027314
20 0.775276 0.584764 0.0545645 0.0627933 0.0134133
20 0.720273 0.733601 0.13986 0.258031 0.0116361
20 0.748495 0.730515 0.191091 0.254167 0.00891379
20 0.880992 0.53517 0.234174 0.237996 0.00761262
20 0.818943 0.642881 0.175748 0.194723 0.00535074
20 0.81416 0.735165 0.13111 0.26897 0.00469598
20 0.766116 0.589108 0.077322 0.0700216 0.00412828
20 0.0863626 0.588754 0.172482 0.314534 0.00389645
20 0.805136 0.616173 0.142795 0.131757 0.00342143
14 0.608006 0.898433 0.0146646 0.0536006 0.00285104
19 0.566399 0.784291 0.131219 0.186571 0.0023981
20 0.789395 0.651433 0.144799 0.201271 0.00172749
20 0.802306 0.586894 0.111356 0.0662514 0.00157475
20 0.841333 0.731583 0.165933 0.279827 0.00145957
20 0.84105 0.649593 0.205915 0.226939 0.00131437
14 0.600698 0.886261 0.033983 0.0813466 0.00114217
20 0.0407361 0.59394 0.0803184 0.287074 0.0011394
20 0.0347548 0.636804 0.0678836 0.180825 0.0010356
