3 0.69267 0.771064 0.375629 0.380913 0.937384
3 0.772734 0.421082 0.0691803 0.116412 0.00702852
1 0.771115 0.420699 0.0655232 0.117061 0.00643712
24 0.683 0.710722 0.0986115 0.0769723 0.00425369
0 0.670955 0.448688 0.0109068 0.023127 0.00224644
0 0.682367 0.494346 0.116644 0.252409 0.00205392
1 0.954952 0.447004 0.0810526 0.0730072 0.00205204
39 0.395326 0.400997 0.0116899 0.0298475 0.00193492
76 0.774907 0.420721 0.0736296 0.116544 0.00186151
3 0.720035 0.421268 0.170612 0.131072 0.00142175
0 0.678446 0.436017 0.089543 0.129581 0.00129128
0 0.453634 0.180562 0.0172657 0.0583688 0.00109109
0 0.724389 0.437934 0.021747 0.0385535 0.00107762
76 0.798692 0.440026 0.0309624 0.0635302 0.00102362
