59 0.547246 0.831916 0.899904 0.317249 0.164662
59 0.504628 0.478425 0.989981 0.947346 0.161024
28 0.548595 0.83377 0.895472 0.315103 0.110778
13 0.548799 0.831528 0.898668 0.317018 0.0190915
59 0.596157 0.355779 0.806781 0.699278 0.014625
59 0.547615 0.667748 0.90477 0.642439 0.0145865
56 0.213649 0.679198 0.118286 0.120256 0.0111085
57 0.547412 0.830834 0.899348 0.318007 0.00301278
60 0.5447 0.832552 0.898584 0.316772 0.00263873
56 0.944704 0.907767 0.109472 0.175233 0.00164586
75 0.981719 0.743471 0.0335332 0.0862915 0.00148058
57 0.857256 0.710486 0.283001 0.0722451 0.00142637
39 0.214424 0.679438 0.118597 0.120411 0.00134903
63 0.548799 0.831528 0.898668 0.317018 0.00132951
75 0.206275 0.680512 0.100681 0.116549 0.00130349
58 0.214295 0.679625 0.118581 0.120341 0.0012446
56 0.208881 0.693151 0.107262 0.0929327 0.00121486
