0 0.125969 0.701992 0.14527 0.362854 0.930165
0 0.365522 0.679627 0.157923 0.322281 0.922798
0 0.273327 0.738573 0.200186 0.280221 0.909477
0 0.886619 0.593003 0.070965 0.124309 0.880946
0 0.346204 0.576462 0.0354268 0.168693 0.757058
35 0.358394 0.70367 0.0360048 0.0492211 0.727986
32 0.680612 0.632136 0.0115142 0.0178083 0.725556
34 0.379862 0.61448 0.0951788 0.105256 0.620423
32 0.697673 0.655432 0.026121 0.0182614 0.102486
0 0.353736 0.46147 0.00900316 0.0218861 0.0904823
0 0.352815 0.459348 0.00915804 0.0217222 0.0765245
35 0.88876 0.624904 0.0130224 0.0393704 0.0757807
34 0.359828 0.591454 0.054669 0.0651481 0.068106
35 0.882413 0.589063 0.0160625 0.0263053 0.0516279
0 0.341354 0.460036 0.00814414 0.021166 0.036659
32 0.14536 0.462665 0.0351017 0.031331 0.0202667
35 0.353675 0.704823 0.0319605 0.0397591 0.0195193
35 0.870756 0.606504 0.0237463 0.0203101 0.0142398
32 0.429362 0.658633 0.0103182 0.0209934 0.012812
35 0.882538 0.578359 0.0245018 0.039473 0.0123172
32 0.428475 0.655875 0.0120794 0.0230659 0.00902903
0 0.885851 0.624468 0.0160671 0.0496249 0.00899652
34 0.400728 0.63123 0.0590409 0.075364 0.00748888
35 0.357954 0.694817 0.039168 0.0670152 0.00643361
34 0.39771 0.618527 0.0620253 0.0972394 0.00643167
29 0.144046 0.463183 0.0383887 0.0318422 0.00580865
35 0.428475 0.655875 0.0120794 0.0230659 0.00519916
35 0.890732 0.578427 0.0190399 0.0404583 0.00478259
0 0.346352 0.540032 0.0333892 0.095782 0.00463766
35 0.883711 0.639202 0.0185581 0.0326186 0.00457379
29 0.443172 0.849887 0.0681756 0.0228927 0.00384143
34 0.641382 0.654414 0.131083 0.0271712 0.00365564
35 0.364958 0.698138 0.0488295 0.0643067 0.00331673
32 0.681924 0.639798 0.0130547 0.0327194 0.00330567
18 0.145012 0.46266 0.0363587 0.0317432 0.00326702
0 0.347258 0.538111 0.0289716 0.0588861 0.0031614
35 0.422247 0.65529 0.0229012 0.0284926 0.00302127
35 0.905805 0.617837 0.025201 0.0583434 0.00298855
35 0.885851 0.624468 0.0160671 0.0496249 0.00285286
35 0.911269 0.628084 0.022348 0.0463714 0.00273699
34 0.408904 0.646814 0.0431791 0.0434173 0.00270545
35 0.876368 0.591972 0.0276203 0.0303074 0.0024814
35 0.429362 0.658633 0.0103182 0.0209934 0.0023987
0 0.907368 0.621841 0.0253555 0.0615116 0.00225815
0 0.389652 0.593274 0.077741 0.147324 0.00225538
0 0.883711 0.639202 0.0185581 0.0326186 0.00222781
34 0.905805 0.617837 0.025201 0.0583434 0.00213686
34 0.348901 0.601906 0.0370866 0.113426 0.00211829
0 0.87308 0.625406 0.0352242 0.0552347 0.00190431
35 0.408904 0.646814 0.0431791 0.0434173 0.00185195
34 0.409373 0.641641 0.0497412 0.0579043 0.00167677
35 0.866894 0.624813 0.0306465 0.0527825 0.00165612
35 0.36425 0.640665 0.0528762 0.1758 0.00162438
35 0.355271 0.683988 0.0463979 0.0920915 0.00161666
34 0.911269 0.628084 0.022348 0.0463714 0.00157726
32 0.690138 0.629199 0.0179313 0.0139262 0.00157213
35 0.913935 0.632407 0.0163219 0.0406353 0.00151327
0 0.887347 0.624673 0.0193825 0.0617736 0.00141254
32 0.353675 0.704823 0.0319605 0.0397591 0.0014061
38 0.377649 0.614099 0.0893685 0.104267 0.00137842
35 0.864388 0.629641 0.026421 0.0466751 0.00136918
35 0.34779 0.535493 0.0311766 0.079571 0.00136426
35 0.887347 0.624673 0.0193825 0.0617736 0.0013518
34 0.88876 0.624904 0.0130224 0.0393704 0.00133362
34 0.347717 0.576985 0.0363353 0.171294 0.00124452
34 0.697673 0.655432 0.026121 0.0182614 0.00118905
35 0.908706 0.622226 0.028051 0.054813 0.00115904
35 0.859567 0.640704 0.016164 0.02516 0.00113899
14 0.144046 0.463183 0.0383887 0.0318422 0.00112632
35 0.358678 0.589213 0.0539763 0.0676843 0.00112218
34 0.628881 0.657685 0.108911 0.0275016 0.00104249
35 0.346246 0.576585 0.034587 0.168919 0.00103068
34 0.353675 0.704823 0.0319605 0.0397591 0.00102937
32 0.693426 0.615581 0.0149075 0.0206884 0.00100708
