53 0.446661 0.512188 0.888883 0.943408 0.954061
40 0.797797 0.0725333 0.154866 0.145067 0.913707
41 0.938779 0.199955 0.122069 0.397587 0.727302
60 0.497251 0.497309 0.994361 0.981733 0.668638
41 0.365111 0.0120145 0.106401 0.0240289 0.314901
39 0.938694 0.199793 0.121875 0.39729 0.297974
41 0.153649 0.0323436 0.109829 0.0627547 0.178775
39 0.68611 0.0267697 0.098122 0.0522948 0.0990959
39 0.923609 0.0629523 0.0814842 0.124687 0.0917568
41 0.686149 0.02654 0.0983207 0.0513713 0.0630554
40 0.365263 0.0123261 0.107152 0.0245842 0.0564191
60 0.85814 0.67734 0.283721 0.621676 0.0158164
41 0.924389 0.0632048 0.0820625 0.124283 0.015147
41 0.157062 0.0544351 0.117464 0.107073 0.0132972
40 0.938621 0.199301 0.12226 0.398075 0.00768092
41 0.169417 0.0351406 0.139109 0.0695665 0.00613469
41 0.192689 0.0642232 0.186553 0.127613 0.00566852
60 0.441425 0.226882 0.877562 0.44891 0.00518352
39 0.154115 0.0327497 0.109039 0.0635425 0.00495788
60 0.855979 0.508519 0.287671 0.957909 0.00288579
40 0.153921 0.0339605 0.10804 0.0655802 0.00261161
41 0.797856 0.0723531 0.154193 0.144706 0.00252587
60 0.26166 0.2332 0.520241 0.458718 0.00243893
75 0.938621 0.199301 0.12226 0.398075 0.00230232
45 0.469891 0.495695 0.938501 0.983801 0.00209576
45 0.924381 0.0628161 0.082126 0.124871 0.00159362
69 0.467572 0.49868 0.931942 0.98917 0.00151899
