0 0.725366 0.560125 0.383168 0.859984 0.885658
0 0.245596 0.491118 0.339519 0.717542 0.856196
0 0.475343 0.57883 0.308815 0.780136 0.836545
73 0.451489 0.487234 0.131087 0.081858 0.466065
26 0.118967 0.418352 0.184936 0.19042 0.325302
24 0.117713 0.419464 0.183388 0.186887 0.270372
58 0.949626 0.470036 0.0910679 0.292557 0.218937
73 0.437386 0.478162 0.106686 0.0614399 0.215495
28 0.117949 0.420835 0.185583 0.186851 0.192023
13 0.483753 0.643131 0.961653 0.406969 0.174372
67 0.238652 0.268037 0.0481318 0.108355 0.134693
26 0.265021 0.409254 0.115407 0.195028 0.133571
13 0.256872 0.61 0.113781 0.15828 0.110813
13 0.572057 0.590201 0.822107 0.658257 0.103716
13 0.543362 0.7102 0.724905 0.436023 0.101114
67 0.25873 0.281376 0.0443847 0.073191 0.0888442
27 0.733082 0.402207 0.030094 0.0767245 0.0888433
26 0.156187 0.383853 0.105585 0.105926 0.0879317
63 0.449946 0.484653 0.135329 0.076853 0.0753025
27 0.513527 0.406695 0.0260561 0.11785 0.0687731
13 0.315137 0.609164 0.230426 0.162607 0.0628406
13 0.303438 0.622959 0.601595 0.345277 0.0615885
67 0.250568 0.277571 0.0349022 0.0873604 0.0597233
13 0.36606 0.547191 0.714498 0.604202 0.0576877
2 0.551428 0.0833888 0.0687826 0.0550592 0.0530094
63 0.435586 0.478327 0.103927 0.0626081 0.0507287
27 0.735365 0.415883 0.0330526 0.101473 0.0494982
73 0.463279 0.511145 0.111651 0.0378887 0.0422533
13 0.466301 0.500975 0.922198 0.72913 0.041449
26 0.263231 0.362874 0.122371 0.294788 0.0410325
27 0.73295 0.448524 0.0349514 0.176135 0.0367597
24 0.264385 0.406831 0.11916 0.198962 0.0321273
24 0.155132 0.384459 0.107043 0.105649 0.0250368
13 0.638388 0.756119 0.526551 0.364553 0.0243629
27 0.300017 0.382462 0.0497572 0.206098 0.0242511
2 0.0385418 0.149439 0.0355905 0.0478657 0.023628
2 0.0822602 0.155657 0.0302682 0.0508691 0.0236081
2 0.0771869 0.154001 0.0422782 0.0519475 0.0225153
13 0.176412 0.540827 0.350442 0.175275 0.0218324
2 0.0675076 0.153312 0.0625068 0.0531462 0.0195079
13 0.094036 0.538313 0.18493 0.17505 0.0189127
13 0.338766 0.484427 0.677333 0.435432 0.0173013
27 0.738777 0.405424 0.0304601 0.0822165 0.0171722
27 0.710773 0.401081 0.0686033 0.0817809 0.01708
67 0.51389 0.482203 0.0241325 0.0289503 0.0152653
13 0.686628 0.565706 0.362517 0.747758 0.0149156
13 0.307503 0.670293 0.22374 0.288158 0.0148859
67 0.229223 0.276135 0.0312161 0.109852 0.0146203
26 0.156276 0.408614 0.104245 0.154485 0.0145952
27 0.488086 0.413873 0.0291693 0.117709 0.0144713
13 0.240326 0.561789 0.477117 0.214597 0.014384
27 0.489341 0.392032 0.030157 0.120416 0.0132434
74 0.265021 0.409254 0.115407 0.195028 0.0131032
27 0.727995 0.458381 0.0435001 0.191011 0.0121686
26 0.238715 0.366492 0.0816814 0.30425 0.0121175
41 0.237777 0.274644 0.046965 0.109831 0.0119559
27 0.302051 0.356642 0.0478067 0.156626 0.0118637
73 0.476503 0.492814 0.176235 0.0927717 0.0115877
41 0.250568 0.277571 0.0349022 0.0873604 0.0115464
13 0.653234 0.659005 0.502872 0.583561 0.011442
24 0.251737 0.387257 0.0826633 0.15031 0.0107844
27 0.288104 0.392548 0.0674426 0.176156 0.0105937
39 0.225097 0.276784 0.0226452 0.10479 0.0104572
13 0.143317 0.442543 0.281192 0.354526 0.00972959
66 0.435586 0.478327 0.103927 0.0626081 0.00956503
13 0.679559 0.700298 0.445792 0.421842 0.00955495
2 0.105654 0.1592 0.081347 0.0543843 0.00916931
13 0.736415 0.743442 0.191995 0.194979 0.00913724
67 0.433532 0.480064 0.0986341 0.0652654 0.0091114
13 0.242042 0.595541 0.145996 0.189067 0.0091072
13 0.163498 0.602115 0.326996 0.287273 0.00907311
39 0.232915 0.275452 0.0370225 0.106252 0.00900969
27 0.6637 0.384918 0.0458605 0.10266 0.00895324
26 0.17614 0.359432 0.308373 0.279687 0.00876635
8 0.551418 0.0844645 0.0688041 0.0538196 0.00867465
13 0.249052 0.444976 0.495045 0.385501 0.00852329
13 0.19708 0.628769 0.388958 0.343376 0.00852254
27 0.474754 0.391016 0.0409394 0.187072 0.00842199
2 0.0440378 0.145129 0.0500606 0.0621897 0.00805134
13 0.769177 0.717971 0.29969 0.423638 0.0079692
24 0.156276 0.408614 0.104245 0.154485 0.00775105
28 0.207422 0.437289 0.391913 0.216949 0.00755104
26 0.726763 0.607769 0.105539 0.0734893 0.00737146
73 0.265099 0.408261 0.112331 0.197246 0.00736475
67 0.707228 0.595502 0.0571533 0.0377222 0.00723195
13 0.18476 0.49581 0.36952 0.261034 0.0071876
58 0.949406 0.542517 0.0886845 0.448454 0.00711292
24 0.141465 0.421164 0.128824 0.181817 0.00703308
27 0.498844 0.39305 0.0608177 0.165971 0.00696093
24 0.18254 0.37437 0.342174 0.28124 0.00681299
24 0.207422 0.437289 0.391913 0.216949 0.00662583
26 0.705062 0.554131 0.052022 0.134441 0.00659627
67 0.683441 0.381609 0.0203856 0.0314223 0.00654364
27 0.483727 0.370888 0.046815 0.136134 0.0064978
27 0.481235 0.391302 0.0394421 0.168145 0.00646982
56 0.653234 0.659005 0.502872 0.583561 0.00645408
2 0.121762 0.165944 0.04492 0.0480597 0.00645259
24 0.263231 0.362874 0.122371 0.294788 0.00641614
13 0.253524 0.562399 0.120759 0.259288 0.00641543
26 0.140402 0.38278 0.137317 0.117515 0.00630578
41 0.256998 0.277663 0.0500389 0.086942 0.00612316
56 0.769177 0.717971 0.29969 0.423638 0.00609475
26 0.259127 0.609535 0.113437 0.156392 0.00607294
27 0.30392 0.333897 0.0413457 0.107432 0.00605819
24 0.0967502 0.415841 0.144952 0.162871 0.00597954
27 0.70202 0.533829 0.0321717 0.102142 0.0059782
27 0.472331 0.375708 0.028944 0.161931 0.00594974
13 0.805842 0.737624 0.334207 0.214851 0.00592408
67 0.225097 0.276784 0.0226452 0.10479 0.00589073
26 0.291195 0.340628 0.176107 0.332916 0.00586438
58 0.949855 0.383343 0.0897297 0.110114 0.00584796
2 0.0779289 0.155185 0.0729775 0.0556138 0.00581634
62 0.238774 0.270095 0.0482844 0.121059 0.00579992
41 0.256811 0.284283 0.0391195 0.0689391 0.00567168
56 0.679559 0.700298 0.445792 0.421842 0.00566706
67 0.470474 0.508214 0.108812 0.0348776 0.00566334
26 0.726124 0.54279 0.0984784 0.179487 0.00560367
13 0.773018 0.763689 0.282092 0.27932 0.00557816
2 0.129175 0.169145 0.0295889 0.0425521 0.00555503
65 0.270732 0.46453 0.0741301 0.0799437 0.00522202
13 0.191715 0.595111 0.25549 0.24751 0.0051927
26 0.739836 0.738374 0.187605 0.209135 0.0051764
78 0.265021 0.409254 0.115407 0.195028 0.00514877
65 0.435586 0.478327 0.103927 0.0626081 0.00512925
63 0.238652 0.268037 0.0481318 0.108355 0.00510648
13 0.321044 0.551577 0.241796 0.279309 0.00508663
65 0.450422 0.487456 0.129177 0.0822007 0.00502682
2 0.974942 0.187995 0.0394295 0.0504577 0.00500137
2 0.114021 0.161852 0.0617254 0.0507879 0.00498885
26 0.25167 0.390503 0.0808028 0.152187 0.00491974
58 0.710572 0.610274 0.544617 0.639853 0.00488853
26 0.757775 0.583926 0.165619 0.118435 0.0048776
0 0.129618 0.176568 0.0257605 0.0292744 0.00481433
56 0.735868 0.739711 0.188074 0.200534 0.00481269
13 0.0849612 0.487773 0.168655 0.273842 0.0047881
2 0.0601865 0.145931 0.0768011 0.0684814 0.00474718
63 0.463279 0.511145 0.111651 0.0378887 0.00465962
67 0.778566 0.560669 0.0544039 0.0400604 0.00463611
56 0.780845 0.692899 0.2727 0.5654 0.00463593
67 0.514234 0.5054 0.0237691 0.027291 0.0045751
65 0.466612 0.507601 0.109367 0.0379542 0.00446159
26 0.0967502 0.415841 0.144952 0.162871 0.00445253
28 0.151844 0.481366 0.295322 0.306346 0.00440615
27 0.670457 0.386713 0.0488991 0.0759463 0.0043624
27 0.54868 0.419942 0.0872072 0.141894 0.0043084
13 0.756592 0.791911 0.290722 0.369374 0.00429127
2 0.551248 0.0678358 0.0704315 0.0871895 0.00421149
73 0.45943 0.494255 0.116676 0.0630059 0.00417182
27 0.745032 0.391502 0.0389832 0.125665 0.00408036
26 0.141465 0.421164 0.128824 0.181817 0.00400636
67 0.66629 0.381764 0.0557919 0.104793 0.00399131
26 0.207422 0.437289 0.391913 0.216949 0.00388312
2 0.0310629 0.142936 0.0521176 0.063157 0.00383842
73 0.238565 0.270156 0.0480366 0.113307 0.00382465
13 0.586612 0.697117 0.411222 0.249795 0.00378934
13 0.0841696 0.631231 0.165917 0.341855 0.0037697
67 0.483547 0.487337 0.0576082 0.0269835 0.0037595
65 0.51389 0.482203 0.0241325 0.0289503 0.00375032
13 0.780845 0.692899 0.2727 0.5654 0.00371137
67 0.449306 0.482762 0.13148 0.0721801 0.00370985
27 0.741435 0.37611 0.0422503 0.10649 0.00367779
66 0.449306 0.482762 0.13148 0.0721801 0.003665
56 0.799625 0.728504 0.314991 0.225876 0.0036608
27 0.683441 0.381609 0.0203856 0.0314223 0.00363684
0 0.309973 0.322005 0.204736 0.362055 0.00361681
24 0.380226 0.317198 0.0671278 0.175472 0.00360885
27 0.29891 0.325304 0.0508965 0.0921246 0.00358573
26 0.450422 0.487456 0.129177 0.0822007 0.00356176
67 0.465328 0.296482 0.0359465 0.0224905 0.0035494
24 0.0703708 0.424672 0.088287 0.131861 0.00353134
28 0.264561 0.409194 0.11858 0.194969 0.00340825
39 0.265099 0.408261 0.112331 0.197246 0.00335354
41 0.225097 0.276784 0.0226452 0.10479 0.00327373
27 0.706354 0.390064 0.0697865 0.0721585 0.00321266
67 0.690675 0.315994 0.0253777 0.022044 0.00318998
67 0.692861 0.323455 0.0265932 0.0292193 0.00317058
0 0.352389 0.485487 0.116767 0.582015 0.0031651
28 0.161342 0.564824 0.304587 0.520283 0.00314587
27 0.265678 0.390016 0.121443 0.230918 0.0031392
27 0.413272 0.369875 0.0338243 0.147576 0.00313166
63 0.256998 0.277663 0.0500389 0.086942 0.00305718
67 0.242725 0.219116 0.0357789 0.0300877 0.00301516
24 0.10686 0.464294 0.150904 0.0927625 0.00281137
13 0.574061 0.753852 0.398677 0.333852 0.0027808
27 0.700307 0.382507 0.0934236 0.0955092 0.00277036
41 0.229223 0.276135 0.0312161 0.109852 0.00275782
67 0.265099 0.408261 0.112331 0.197246 0.00275242
28 0.158719 0.424344 0.276049 0.203139 0.00274923
24 0.784756 0.40447 0.074406 0.177366 0.00268596
2 0.129618 0.176568 0.0257605 0.0292744 0.00266951
26 0.380226 0.317198 0.0671278 0.175472 0.00263229
56 0.753633 0.721969 0.212513 0.244207 0.00262511
24 0.291195 0.340628 0.176107 0.332916 0.0026125
56 0.686628 0.565706 0.362517 0.747758 0.00261077
27 0.516658 0.382913 0.0266785 0.111215 0.00260639
27 0.303356 0.309173 0.0403746 0.0586826 0.00259632
26 0.0703708 0.424672 0.088287 0.131861 0.00258195
13 0.753633 0.721969 0.212513 0.244207 0.00256276
13 0.2512 0.546948 0.379906 0.528967 0.0025413
67 0.271772 0.469954 0.076839 0.0866446 0.0025081
27 0.731095 0.480857 0.0366016 0.204679 0.00248462
56 0.638388 0.756119 0.526551 0.364553 0.00247669
26 0.413539 0.37095 0.0345684 0.126391 0.00246057
67 0.760356 0.570068 0.013562 0.0189349 0.00243154
26 0.30584 0.369287 0.218441 0.301155 0.00242409
26 0.283887 0.390951 0.0770951 0.199749 0.00242275
56 0.256478 0.609234 0.113758 0.160519 0.00242141
0 0.316423 0.519489 0.207736 0.694109 0.00239784
0 0.169833 0.514645 0.192085 0.621046 0.00239116
58 0.939273 0.380639 0.110283 0.470301 0.00238943
67 0.727143 0.587369 0.0890106 0.0461209 0.00238305
67 0.291538 0.24896 0.0179307 0.018133 0.00236848
27 0.549255 0.375432 0.0716183 0.153248 0.00235164
26 0.713341 0.500873 0.0720949 0.278662 0.00233623
26 0.714247 0.596688 0.0731556 0.0412625 0.00233474
27 0.460568 0.379643 0.0308504 0.195777 0.00233421
13 0.63701 0.722319 0.388414 0.217754 0.00232655
56 0.773018 0.763689 0.282092 0.27932 0.00225773
0 0.278137 0.334672 0.147944 0.336466 0.0022544
27 0.707418 0.425896 0.0904821 0.137305 0.00225106
27 0.281035 0.307267 0.0921268 0.0629607 0.00223604
27 0.541626 0.401918 0.0812025 0.150718 0.00222254
26 0.23767 0.280508 0.0523931 0.141423 0.00222105
67 0.490263 0.482732 0.0420645 0.0334567 0.00219449
27 0.7042 0.45208 0.0881464 0.229051 0.00218311
24 0.439601 0.374284 0.0371998 0.169741 0.00215146
67 0.259911 0.274861 0.0564875 0.0883686 0.00214529
2 0.888238 0.336648 0.0523907 0.0290869 0.0021438
73 0.232915 0.275452 0.0370225 0.106252 0.00213602
26 0.435757 0.407495 0.159721 0.248538 0.00211963
27 0.667595 0.371419 0.0539856 0.0820743 0.00210974
28 0.155132 0.384459 0.107043 0.105649 0.00208023
27 0.772768 0.393408 0.0870368 0.159364 0.00207156
13 0.795584 0.709791 0.281062 0.258006 0.00206012
26 0.265255 0.360955 0.106625 0.200952 0.00205511
26 0.10945 0.392074 0.142728 0.129773 0.00205076
26 0.10686 0.464294 0.150904 0.0927625 0.00205058
73 0.266219 0.454273 0.0652411 0.0959383 0.00203609
0 0.81017 0.308592 0.0684856 0.0757364 0.00201023
13 0.303196 0.482884 0.207906 0.419328 0.00200528
26 0.754811 0.708557 0.201682 0.272924 0.00199753
65 0.265099 0.408261 0.112331 0.197246 0.00198996
0 0.156617 0.609366 0.168662 0.417663 0.00197303
67 0.285023 0.247876 0.0295302 0.0215409 0.00196949
26 0.439601 0.374284 0.0371998 0.169741 0.00196508
67 0.266219 0.454273 0.0652411 0.0959383 0.00195736
0 0.36606 0.547191 0.714498 0.604202 0.00195479
24 0.158719 0.424344 0.276049 0.203139 0.00194585
28 0.259127 0.609535 0.113437 0.156392 0.00194064
24 0.238715 0.366492 0.0816814 0.30425 0.0019376
73 0.723528 0.593233 0.0927234 0.040631 0.00191543
27 0.705062 0.554131 0.052022 0.134441 0.00190166
2 0.500245 0.0916213 0.114658 0.0807961 0.00189552
24 0.430349 0.377575 0.0460582 0.170942 0.00189486
27 0.56599 0.413166 0.0583788 0.112646 0.00188377
62 0.256998 0.277663 0.0500389 0.086942 0.00185531
27 0.354043 0.313907 0.0203944 0.0432328 0.00184599
26 0.555363 0.686083 0.0797771 0.123171 0.00182623
66 0.463279 0.511145 0.111651 0.0378887 0.00182578
35 0.265021 0.409254 0.115407 0.195028 0.00180057
27 0.435559 0.381467 0.0479674 0.187564 0.00178164
26 0.430349 0.377575 0.0460582 0.170942 0.00177729
27 0.33513 0.307377 0.0671425 0.175067 0.00177562
26 0.280202 0.402645 0.115563 0.273355 0.00177446
26 0.565846 0.656008 0.0849106 0.0932996 0.00174743
39 0.238565 0.270156 0.0480366 0.113307 0.0017218
58 0.729671 0.400016 0.528433 0.497263 0.00170037
26 0.741126 0.498154 0.129674 0.295656 0.0017001
58 0.949883 0.411574 0.0888323 0.183092 0.00169662
0 0.0504185 0.138153 0.0224959 0.0519575 0.00168264
73 0.463366 0.516054 0.0986221 0.0337705 0.00168183
73 0.727244 0.606592 0.102518 0.071503 0.00168166
2 0.513473 0.0957017 0.0758431 0.0723137 0.00165603
24 0.104421 0.448062 0.155183 0.132798 0.00164255
28 0.739836 0.738374 0.187605 0.209135 0.0016371
24 0.283887 0.390951 0.0770951 0.199749 0.00163224
73 0.455092 0.504984 0.146753 0.115771 0.00162992
26 0.70202 0.533829 0.0321717 0.102142 0.00162241
13 0.236372 0.649213 0.159998 0.24049 0.00162062
27 0.520647 0.400462 0.034477 0.130093 0.00161722
27 0.714669 0.495439 0.0709455 0.264172 0.00159809
56 0.586612 0.697117 0.411222 0.249795 0.00156623
73 0.256998 0.277663 0.0500389 0.086942 0.00156569
26 0.362563 0.373764 0.105441 0.306703 0.00155294
56 0.543362 0.7102 0.724905 0.436023 0.00154945
67 0.775891 0.565138 0.04715 0.0331346 0.00154033
56 0.78206 0.58297 0.269591 0.816904 0.00153825
27 0.344747 0.317514 0.0550088 0.189257 0.00153446
26 0.78078 0.600966 0.216486 0.150535 0.00152063
73 0.707228 0.595502 0.0571533 0.0377222 0.00148982
27 0.695058 0.393569 0.0451012 0.0564703 0.00148156
26 0.225943 0.287126 0.0245939 0.0976339 0.00145778
7 0.0822602 0.155657 0.0302682 0.0508691 0.00145662
27 0.259091 0.280962 0.045594 0.075705 0.00144991
27 0.351033 0.290879 0.0321825 0.137345 0.00144926
24 0.139973 0.464711 0.135965 0.0862135 0.00143251
65 0.45943 0.494255 0.116676 0.0630059 0.00143245
2 0.53719 0.0837451 0.0976124 0.0634623 0.00143009
39 0.255618 0.285414 0.0401465 0.0682658 0.00142834
26 0.219283 0.422254 0.205509 0.287765 0.00141647
