20 0.180715 0.679394 0.354501 0.480279 0.92491
20 0.516626 0.664795 0.324926 0.424849 0.916798
20 0.568178 0.78354 0.132798 0.186222 0.775962
20 0.873182 0.643764 0.248796 0.453056 0.624455
20 0.778024 0.730179 0.245707 0.279687 0.493591
20 0.748124 0.736746 0.18103 0.261539 0.0381608
20 0.773578 0.584962 0.0504269 0.0635434 0.0350817
20 0.816512 0.721668 0.148454 0.284476 0.0254989
20 0.0857805 0.581244 0.169775 0.299252 0.0220744
20 0.87724 0.551841 0.242182 0.26761 0.0156083
20 0.72152 0.736847 0.12928 0.25524 0.0131598
20 0.881787 0.782952 0.0949556 0.1899 0.00960582
20 0.773859 0.699129 0.205031 0.297669 0.0092006
20 0.903475 0.535583 0.190204 0.232198 0.00700852
20 0.842823 0.732081 0.176419 0.288348 0.00571513
20 0.59183 0.7041 0.172034 0.352597 0.00476807
20 0.586768 0.773597 0.176553 0.206968 0.00392607
20 0.80024 0.735846 0.0939113 0.253686 0.003631
20 0.642474 0.81203 0.0363672 0.111098 0.00303054
20 0.469132 0.659473 0.224984 0.41843 0.00281259
20 0.88568 0.733403 0.130131 0.28177 0.00274062
20 0.912828 0.730821 0.170736 0.289591 0.00268742
20 0.554631 0.702603 0.244204 0.344746 0.00259754
20 0.875851 0.804855 0.0827419 0.14359 0.00237599
20 0.798143 0.804418 0.0730549 0.113484 0.0021174
20 0.795706 0.769281 0.0790846 0.186037 0.00197044
20 0.739229 0.725382 0.0862248 0.234908 0.00175157
20 0.785309 0.586338 0.0763947 0.0664823 0.00167936
19 0.567918 0.782951 0.134184 0.185295 0.0016498
20 0.819684 0.628109 0.144176 0.405803 0.00152129
20 0.810636 0.657364 0.323087 0.431931 0.0015192
0 0.774815 0.586749 0.0539503 0.0597779 0.00133437
56 0.567918 0.782951 0.134184 0.185295 0.00124851
20 0.0257292 0.589745 0.049421 0.285263 0.00110808
20 0.871268 0.713814 0.252783 0.304324 0.00108749
20 0.75281 0.728634 0.0800295 0.243671 0.00105864
0 0.785309 0.586338 0.0763947 0.0664823 0.00101256
