53 0.423838 0.456618 0.450642 0.122028 0.767886
72 0.750638 0.428271 0.498583 0.856542 0.691435
53 0.427203 0.524794 0.460915 0.10886 0.5741
53 0.427108 0.495633 0.460161 0.174312 0.460371
69 0.410092 0.496631 0.748335 0.786529 0.256839
69 0.434611 0.578277 0.531735 0.567329 0.0916812
53 0.420819 0.58867 0.347416 0.0682594 0.0795211
53 0.414817 0.556745 0.387408 0.131626 0.0266345
72 0.414407 0.488609 0.742776 0.801312 0.019556
53 0.381631 0.599117 0.244304 0.0429226 0.0188582
68 0.410092 0.496631 0.748335 0.786529 0.0150201
69 0.752407 0.437197 0.492525 0.874394 0.0137464
72 0.828095 0.573247 0.343811 0.672248 0.0134618
0 0.752309 0.437454 0.495382 0.874908 0.00938895
72 0.434611 0.578277 0.531735 0.567329 0.0073525
53 0.535801 0.451765 0.220935 0.107811 0.00626069
45 0.898271 0.741094 0.0760951 0.0331648 0.00620964
53 0.400093 0.537592 0.403892 0.0852428 0.00447622
71 0.345689 0.160487 0.498628 0.0664631 0.00376779
69 0.538687 0.470171 0.919905 0.860617 0.00363266
53 0.515256 0.592111 0.140192 0.0552538 0.00331765
69 0.828095 0.573247 0.343811 0.672248 0.00303173
48 0.429901 0.452911 0.449919 0.128308 0.00297001
72 0.538687 0.470171 0.919905 0.860617 0.00283661
53 0.325715 0.442102 0.180131 0.0390388 0.00268173
69 0.451156 0.590984 0.740975 0.588266 0.00262833
69 0.440591 0.700552 0.505226 0.322731 0.00254902
68 0.752407 0.437197 0.492525 0.874394 0.00233784
48 0.425518 0.521415 0.464638 0.11346 0.00229201
60 0.422094 0.50899 0.726265 0.775775 0.00212196
68 0.434611 0.578277 0.531735 0.567329 0.00208279
45 0.381463 0.396168 0.296939 0.0605754 0.00177139
69 0.583776 0.582812 0.832448 0.564628 0.00172406
48 0.427108 0.495633 0.460161 0.174312 0.00165984
72 0.579366 0.571071 0.82463 0.618682 0.00163525
53 0.545049 0.517018 0.23061 0.119308 0.00161511
53 0.389269 0.476472 0.383058 0.0771913 0.00149527
53 0.443889 0.229612 0.580314 0.102368 0.00136197
72 0.750488 0.153208 0.492047 0.303368 0.00124383
53 0.347711 0.59846 0.199475 0.0486492 0.00121987
56 0.751707 0.424254 0.496587 0.848507 0.00118798
53 0.346362 0.161183 0.483075 0.0669827 0.00118312
73 0.339214 0.164214 0.480391 0.0704112 0.00112346
69 0.417981 0.468817 0.468143 0.153032 0.00111344
55 0.429901 0.452911 0.449919 0.128308 0.00110084
45 0.425518 0.521415 0.464638 0.11346 0.00107753
69 0.410041 0.239463 0.664364 0.165127 0.00106898
53 0.33692 0.476804 0.274335 0.0716207 0.0010685
73 0.0555232 0.470564 0.110455 0.0936593 0.00104833
60 0.345689 0.160487 0.498628 0.0664631 0.00102991
52 0.425518 0.521415 0.464638 0.11346 0.00101623
69 0.346362 0.161183 0.483075 0.0669827 0.00100309
