3 0.464861 0.643446 0.847091 0.53844 0.932391
0 0.507058 0.440193 0.564849 0.645989 0.877319
0 0.609726 0.291856 0.184964 0.289245 0.354035
0 0.663702 0.448065 0.298916 0.607292 0.0726552
0 0.438101 0.286184 0.413032 0.339936 0.054872
0 0.589857 0.456942 0.494014 0.616947 0.0114404
0 0.664787 0.550222 0.326592 0.346246 0.00923133
0 0.541357 0.257003 0.256872 0.221679 0.00400043
0 0.499395 0.24274 0.238732 0.227293 0.0035201
0 0.445719 0.36274 0.449152 0.486081 0.00336784
0 0.558543 0.280716 0.199075 0.273182 0.00170702
0 0.612128 0.246145 0.177519 0.198149 0.00150385
3 0.791591 0.714396 0.197567 0.303289 0.00146237
0 0.786119 0.69681 0.20419 0.347108 0.00118306
