40 0.486815 0.409309 0.206101 0.333958 0.935228
39 0.254645 0.303998 0.200873 0.498128 0.916603
56 0.738689 0.309061 0.522622 0.408496 0.873972
60 0.498287 0.669399 0.995635 0.635562 0.654546
56 0.0686509 0.291849 0.136434 0.135302 0.651996
60 0.498711 0.517219 0.997224 0.924927 0.174814
56 0.855138 0.437394 0.288945 0.230002 0.0465494
56 0.516805 0.289999 0.96639 0.455987 0.0263638
60 0.0780686 0.364723 0.156137 0.0588457 0.0243589
56 0.958319 0.404206 0.0833628 0.170857 0.022359
60 0.497658 0.476469 0.99398 0.295464 0.0165406
56 0.856056 0.514128 0.287009 0.0783988 0.0154412
60 0.331222 0.419634 0.659926 0.16866 0.014147
60 0.506051 0.288909 0.985816 0.466135 0.014008
60 0.0790473 0.411765 0.156671 0.151913 0.0106452
57 0.732912 0.308515 0.53388 0.406161 0.00922269
60 0.228893 0.41728 0.457785 0.165181 0.00849694
40 0.476064 0.579432 0.210137 0.387609 0.00810036
56 0.0774753 0.360899 0.154951 0.279054 0.00775596
57 0.519788 0.2887 0.960425 0.455824 0.00733474
39 0.254121 0.635333 0.191838 0.197935 0.00630862
39 0.254737 0.739525 0.195358 0.431327 0.00579429
62 0.89769 0.0630339 0.202284 0.123071 0.00491717
60 0.897118 0.530557 0.205473 0.0438326 0.00390416
56 0.916938 0.428979 0.166124 0.213668 0.00369233
56 0.500454 0.515198 0.997377 0.924218 0.00301963
60 0.851335 0.513728 0.29733 0.0774071 0.0028221
56 0.0776879 0.364833 0.155376 0.0581547 0.00279212
60 0.500433 0.54297 0.998223 0.420189 0.00268567
56 0.897794 0.531284 0.204248 0.0428764 0.00263441
60 0.271936 0.444585 0.543871 0.225464 0.00253278
56 0.892069 0.518934 0.215862 0.0683578 0.00222558
56 0.0788068 0.411429 0.155974 0.153193 0.00205904
60 0.878397 0.520508 0.243205 0.0618736 0.00189304
60 0.388986 0.410821 0.461362 0.0594061 0.00165275
56 0.0458231 0.285308 0.0913104 0.11256 0.00164369
56 0.753001 0.449585 0.493997 0.211633 0.00136641
56 0.722784 0.39311 0.554433 0.327794 0.00133064
56 0.932133 0.53161 0.135628 0.0415936 0.00131506
60 0.0691365 0.292134 0.137064 0.136205 0.00118351
60 0.377651 0.482966 0.649721 0.169693 0.0010584
56 0.186055 0.331927 0.372109 0.220779 0.00103202
