0 0.59211 0.743504 0.278028 0.420794 0.929725
38 0.671025 0.709225 0.212061 0.061393 0.851305
56 0.181044 0.461385 0.0927642 0.0332043 0.455325
56 0.311609 0.422658 0.0946037 0.0380865 0.438879
0 0.912943 0.392867 0.174028 0.151164 0.43634
56 0.739802 0.515381 0.117664 0.0678321 0.433732
56 0.279591 0.460382 0.0907674 0.0338149 0.423874
56 0.524935 0.516648 0.108591 0.066905 0.421597
0 0.939321 0.38432 0.121358 0.13412 0.412781
56 0.217003 0.422911 0.0929099 0.0383602 0.374966
56 0.888206 0.455524 0.102475 0.0325708 0.367048
56 0.343611 0.382362 0.0886847 0.0383183 0.366174
56 0.125146 0.518461 0.109059 0.0657895 0.35874
56 0.856012 0.513282 0.113557 0.0665099 0.351866
56 0.781334 0.456968 0.0999478 0.0330704 0.349288
56 0.630903 0.51615 0.111808 0.0670841 0.341572
56 0.124967 0.424096 0.0910458 0.0374762 0.319928
56 0.634045 0.503963 0.104664 0.0429879 0.31134
56 0.252679 0.38347 0.0895164 0.0373631 0.305059
56 0.162343 0.385479 0.089209 0.0364177 0.302043
56 0.675193 0.457522 0.0998722 0.0339 0.298576
56 0.435607 0.382303 0.0903368 0.04007 0.293632
56 0.085259 0.461835 0.0904932 0.0329419 0.284289
56 0.798252 0.419841 0.102298 0.0464262 0.270222
56 0.514991 0.417546 0.118409 0.112119 0.259952
56 0.858003 0.502868 0.110689 0.0451159 0.255032
56 0.953501 0.514079 0.0924624 0.0677557 0.230209
56 0.408809 0.422953 0.0934454 0.0412281 0.208158
56 0.0392015 0.424617 0.0781761 0.0379042 0.201018
56 0.0390114 0.518608 0.0780229 0.0662275 0.191289
56 0.408618 0.432185 0.0939031 0.0595922 0.18911
56 0.745299 0.502983 0.106045 0.0429205 0.164883
56 0.073246 0.386212 0.0875014 0.0364244 0.159324
56 0.528592 0.385714 0.0920765 0.0486163 0.144155
56 0.0396418 0.506416 0.0776051 0.0417327 0.121428
56 0.972762 0.456651 0.0542544 0.0355084 0.110245
56 0.957354 0.502355 0.0836938 0.044334 0.102999
56 0.0178939 0.462425 0.0357613 0.0320156 0.083253
56 0.402895 0.44272 0.102489 0.0817016 0.0798649
56 0.527473 0.504546 0.103695 0.0432201 0.0672172
56 0.508738 0.442096 0.111614 0.0655591 0.049817
0 0.897505 0.395628 0.113152 0.082448 0.0445303
56 0.277099 0.495197 0.0965689 0.103704 0.0405126
56 0.0731578 0.40403 0.0892656 0.0711259 0.0370346
56 0.377095 0.513324 0.118595 0.0784419 0.0333994
56 0.310729 0.439238 0.0952795 0.0718967 0.0332069
56 0.0391742 0.437961 0.0772218 0.064455 0.0321654
56 0.216441 0.435569 0.0936503 0.0639379 0.0278879
38 0.674272 0.675651 0.187059 0.130907 0.0276086
56 0.124302 0.434889 0.0911997 0.0592129 0.0271262
56 0.130165 0.509035 0.0988635 0.0485106 0.0255403
56 0.0146562 0.387686 0.0288595 0.0373102 0.0255294
56 0.396824 0.456529 0.115281 0.107273 0.0239094
56 0.389659 0.466147 0.112106 0.0543378 0.023477
56 0.380383 0.495796 0.122692 0.110923 0.023131
38 0.715722 0.648608 0.0728547 0.0740347 0.0225034
38 0.730052 0.648705 0.0448121 0.0741017 0.0213991
56 0.434582 0.396406 0.090842 0.0686702 0.0184118
56 0.902513 0.391829 0.101536 0.0736423 0.0181557
56 0.953659 0.491499 0.0913598 0.106913 0.0178573
56 0.887803 0.470434 0.102365 0.0632105 0.0174455
56 0.794304 0.433384 0.113889 0.0731751 0.0163998
56 0.258022 0.512678 0.123547 0.0652496 0.0148827
56 0.261065 0.500032 0.126638 0.100843 0.014464
56 0.908126 0.375938 0.0918633 0.0416904 0.0132858
38 0.703178 0.677264 0.106487 0.133283 0.0130239
56 0.377089 0.66231 0.137217 0.104246 0.0129439
56 0.0845116 0.483857 0.0900237 0.0803189 0.012939
38 0.50864 0.662385 0.0734506 0.102943 0.0126486
56 0.342665 0.398023 0.0899861 0.0694653 0.0116065
56 0.970307 0.46283 0.0593102 0.0474487 0.00996941
56 0.402207 0.459543 0.0966238 0.0443409 0.009617
56 0.252255 0.400071 0.0910756 0.0708792 0.00868243
56 0.522289 0.398371 0.105487 0.0738752 0.00850379
38 0.712269 0.674508 0.0757024 0.127075 0.00771034
56 0.967664 0.480094 0.0643362 0.0815018 0.00756639
56 0.295767 0.446262 0.126899 0.062198 0.00698099
0 0.90692 0.374676 0.094247 0.0397358 0.00667968
56 0.386073 0.480778 0.119826 0.0849102 0.00556228
56 0.177704 0.491051 0.0992849 0.096299 0.00506523
56 0.779798 0.477039 0.103358 0.0737844 0.00475076
56 0.377898 0.527535 0.111955 0.0499166 0.00467455
38 0.991646 0.667285 0.0167084 0.0650785 0.00428894
32 0.582976 0.715127 0.0439851 0.0219003 0.0040594
56 0.334101 0.403293 0.114059 0.0740807 0.00403878
56 0.377008 0.480516 0.100557 0.041632 0.00387985
56 0.160932 0.402059 0.0936849 0.0697946 0.00374964
56 0.376452 0.490344 0.0928703 0.0276653 0.00365537
56 0.378524 0.492617 0.104249 0.0530953 0.00364417
56 0.0293232 0.486763 0.0584391 0.0686746 0.00358486
56 0.505587 0.451941 0.107014 0.0471492 0.00355288
56 0.676219 0.475324 0.102662 0.0695734 0.00340727
56 0.852411 0.534842 0.111679 0.0264012 0.00307196
32 0.591241 0.715066 0.046464 0.0176912 0.00301528
56 0.504645 0.46303 0.101377 0.0254539 0.00260395
56 0.506813 0.467069 0.141276 0.123974 0.00258389
38 0.544219 0.664561 0.138194 0.107409 0.00226691
56 0.880036 0.488168 0.133525 0.0983825 0.00226277
0 0.913535 0.395092 0.0737739 0.0725001 0.00218004
0 0.972565 0.45744 0.0538551 0.0365501 0.00214651
56 0.165336 0.406421 0.141679 0.0775327 0.00207704
56 0.520424 0.501663 0.0802044 0.0362084 0.0019778
56 0.119912 0.538286 0.104477 0.0288925 0.00185177
56 0.313052 0.435023 0.586752 0.144974 0.0017634
56 0.248322 0.405714 0.136253 0.0743512 0.00164303
56 0.0320042 0.536934 0.0632211 0.0310486 0.00163734
32 0.578513 0.711915 0.0504463 0.0241847 0.00163087
56 0.381182 0.502021 0.111208 0.0543396 0.00162598
56 0.738016 0.525152 0.120431 0.0497557 0.00157356
32 0.991818 0.667327 0.0154503 0.0647079 0.00157118
38 0.489197 0.660707 0.10111 0.103057 0.00156754
56 0.736552 0.53605 0.118819 0.0292358 0.00155652
38 0.551289 0.686296 0.0468985 0.0844732 0.00152257
38 0.529801 0.661911 0.0715164 0.101246 0.00150764
56 0.418155 0.420143 0.0763275 0.0359619 0.00149825
56 0.508642 0.45848 0.093253 0.0330096 0.00146177
56 0.157641 0.494213 0.141881 0.103568 0.00145951
56 0.522133 0.537465 0.107807 0.0266998 0.00145853
0 0.899775 0.407916 0.145499 0.116166 0.00139499
56 0.513633 0.465062 0.0697931 0.0205211 0.001385
38 0.647827 0.77827 0.0844147 0.105283 0.00131041
56 0.376493 0.456856 0.131555 0.0409195 0.00127444
56 0.247055 0.521775 0.136494 0.0548222 0.0012545
56 0.907053 0.455051 0.156242 0.0364122 0.00124952
56 0.423724 0.403669 0.10917 0.0807428 0.00124678
38 0.483313 0.898974 0.0549596 0.0821596 0.00123575
0 0.887442 0.418602 0.0940715 0.049217 0.00122136
56 0.158774 0.492972 0.131736 0.0699127 0.0012024
56 0.503315 0.503442 0.114521 0.0414616 0.00118828
56 0.0339658 0.45166 0.0679316 0.0519856 0.0011057
38 0.556187 0.685226 0.102726 0.0852554 0.001104
56 0.333212 0.45902 0.0515591 0.0362962 0.00107577
56 0.799184 0.411569 0.0964853 0.0296506 0.00107288
56 0.664008 0.485819 0.125772 0.0940353 0.00104991
56 0.382845 0.533246 0.0930504 0.0385509 0.00102443
38 0.549259 0.673318 0.0317357 0.0468662 0.0010123
74 0.991818 0.667327 0.0154503 0.0647079 0.00101018
