0 0.509165 0.510379 0.981605 0.979241 0.947686
54 0.635713 0.428955 0.235125 0.111273 0.794876
39 0.429022 0.926794 0.167356 0.14544 0.471767
56 0.0225918 0.534075 0.0442882 0.213344 0.137611
56 0.207667 0.647697 0.408831 0.436132 0.135404
57 0.50409 0.770633 0.99182 0.438869 0.0702898
74 0.885102 0.61078 0.0610649 0.034376 0.0484646
56 0.208915 0.724981 0.407149 0.295314 0.0420263
0 0.975921 0.183973 0.0481049 0.284133 0.0303057
48 0.635791 0.428939 0.235243 0.111719 0.0300516
54 0.42608 0.315677 0.0918051 0.0688093 0.0284616
74 0.918452 0.578092 0.0394953 0.0358376 0.0281264
56 0.209046 0.770397 0.415528 0.440983 0.0202357
56 0.16662 0.710412 0.331352 0.556204 0.0189373
57 0.209599 0.723855 0.409859 0.288227 0.0178909
55 0.636097 0.429214 0.235029 0.112164 0.0143671
74 0.888083 0.609036 0.0842105 0.0404335 0.0135044
63 0.0221716 0.538933 0.0439306 0.222731 0.0133593
74 0.890382 0.594624 0.0959601 0.0683529 0.0128686
67 0.0221716 0.538933 0.0439306 0.222731 0.0124327
57 0.207691 0.722003 0.413819 0.538512 0.0118013
0 0.978738 0.112508 0.04222 0.1457 0.0113295
74 0.880949 0.599801 0.0806846 0.0612232 0.0112222
26 0.209837 0.728274 0.410459 0.29033 0.00952783
56 0.50409 0.770633 0.99182 0.438869 0.00861448
56 0.087277 0.776658 0.17047 0.184371 0.00826052
28 0.0222407 0.537492 0.0437787 0.22038 0.0073013
52 0.636097 0.429214 0.235029 0.112164 0.00657693
57 0.215502 0.79961 0.422645 0.382079 0.00643465
48 0.426728 0.31525 0.0918583 0.0682372 0.00476396
74 0.907135 0.587663 0.063279 0.0663883 0.00447381
56 0.0236179 0.63179 0.0459788 0.409646 0.00437427
62 0.022151 0.540593 0.0433295 0.225483 0.00412062
28 0.205177 0.648675 0.410354 0.441665 0.00406665
56 0.0820957 0.833654 0.163136 0.322357 0.00399423
56 0.0349088 0.657934 0.0698176 0.456116 0.00361338
13 0.209607 0.727985 0.412708 0.289515 0.0034422
56 0.0275523 0.89008 0.0551047 0.200541 0.00324133
28 0.209837 0.728274 0.410459 0.29033 0.00304157
55 0.426728 0.31525 0.0918583 0.0682372 0.00300241
56 0.8055 0.220748 0.114068 0.122276 0.0029771
56 0.01699 0.820256 0.0322497 0.0661182 0.00297132
56 0.0459624 0.527026 0.0911187 0.203248 0.00289816
74 0.878221 0.590841 0.124775 0.0798576 0.00262794
24 0.209837 0.728274 0.410459 0.29033 0.00252318
56 0.204776 0.7747 0.406087 0.211083 0.00238213
56 0.0865859 0.788423 0.147241 0.147684 0.00226444
60 0.50877 0.787195 0.98246 0.401401 0.00217918
63 0.0215052 0.58544 0.0429555 0.316042 0.00214964
56 0.245117 0.694477 0.339483 0.23616 0.00214612
52 0.42608 0.315677 0.0918051 0.0688093 0.0021345
56 0.06041 0.656959 0.12082 0.463429 0.00196394
53 0.636097 0.429214 0.235029 0.112164 0.0017955
60 0.805742 0.220492 0.113722 0.123688 0.00173223
67 0.426728 0.31525 0.0918583 0.0682372 0.00160369
56 0.190928 0.829107 0.381855 0.320585 0.00157177
56 0.0442783 0.8815 0.0885565 0.194151 0.0014824
62 0.0215052 0.58544 0.0429555 0.316042 0.00144744
13 0.504089 0.76464 0.991823 0.451128 0.00137097
75 0.426997 0.926697 0.166178 0.146524 0.00132167
56 0.0585389 0.888302 0.117078 0.214133 0.00131494
56 0.100152 0.652886 0.200304 0.455943 0.0012159
56 0.0628934 0.796184 0.125108 0.161417 0.00107962
57 0.245117 0.694477 0.339483 0.23616 0.00107157
0 0.981322 0.0932517 0.0373568 0.104962 0.00105241
26 0.087277 0.776658 0.17047 0.184371 0.00104174
