65 0.890433 0.567338 0.218599 0.31318 0.931654
15 0.576848 0.483199 0.534971 0.77988 0.917098
0 0.543391 0.496643 0.74419 0.983107 0.840291
0 0.879017 0.318893 0.241034 0.631612 0.701793
0 0.106513 0.520252 0.212211 0.389392 0.616836
57 0.564185 0.502637 0.867286 0.994726 0.462069
0 0.109529 0.647039 0.218578 0.645053 0.434983
0 0.600788 0.623675 0.787734 0.734796 0.346782
57 0.707529 0.502599 0.582583 0.994803 0.303945
0 0.0843902 0.867994 0.16878 0.197385 0.22718
0 0.602521 0.760039 0.782174 0.45965 0.208012
57 0.390594 0.577923 0.776762 0.822866 0.133162
57 0.135168 0.734856 0.263584 0.523011 0.0864584
57 0.436748 0.72509 0.866415 0.529472 0.0824067
67 0.276304 0.966959 0.127618 0.0660823 0.0764028
0 0.878641 0.486186 0.241603 0.963339 0.0671726
0 0.872557 0.772278 0.253999 0.435388 0.0592905
0 0.31478 0.779421 0.209387 0.431537 0.0448453
65 0.273795 0.963648 0.127723 0.0716794 0.0389243
57 0.679909 0.265236 0.441767 0.525782 0.0319687
57 0.679134 0.377723 0.438172 0.750962 0.0318294
65 0.650017 0.753823 0.0454511 0.170778 0.0276393
57 0.120318 0.650983 0.239357 0.653216 0.0179609
64 0.27505 0.969709 0.129225 0.0603981 0.0162433
16 0.576848 0.483199 0.534971 0.77988 0.0130504
0 0.721669 0.501977 0.552107 0.996045 0.00788477
74 0.276404 0.965087 0.127592 0.0670303 0.00773484
57 0.878336 0.483385 0.242613 0.956556 0.00761896
0 0.946526 0.0863933 0.105497 0.170471 0.00726017
59 0.564185 0.502637 0.867286 0.994726 0.00698131
57 0.216994 0.727441 0.427077 0.52106 0.00640959
39 0.650274 0.751428 0.0466011 0.166422 0.00575018
0 0.809627 0.49454 0.377531 0.979282 0.00555238
65 0.280527 0.971868 0.117802 0.0557137 0.00513297
56 0.567669 0.503612 0.864662 0.992775 0.00502321
57 0.878182 0.318077 0.242864 0.630438 0.00484112
59 0.729478 0.96091 0.301522 0.0708069 0.0046618
57 0.809627 0.49454 0.377531 0.979282 0.00431651
57 0.72948 0.313194 0.539097 0.621453 0.00367785
56 0.134172 0.732307 0.264391 0.52476 0.00353232
59 0.878336 0.483385 0.242613 0.956556 0.00353128
65 0.264129 0.639116 0.0208292 0.0498912 0.00349432
74 0.231699 0.964112 0.0410085 0.0695641 0.00321385
56 0.707529 0.502599 0.582583 0.994803 0.00312728
65 0.264789 0.649751 0.0194449 0.0333715 0.00298685
0 0.135217 0.719052 0.268802 0.524137 0.00297719
57 0.714586 0.275391 0.305515 0.543692 0.00288162
0 0.72632 0.771651 0.545725 0.435874 0.00283393
59 0.721669 0.501977 0.552107 0.996045 0.00282222
66 0.274921 0.964397 0.127993 0.0705724 0.00273383
65 0.231699 0.964112 0.0410085 0.0695641 0.00270525
59 0.879263 0.317279 0.24042 0.630455 0.00266978
59 0.135217 0.719052 0.268802 0.524137 0.00261953
57 0.131947 0.654718 0.263376 0.372122 0.00253993
0 0.433674 0.772412 0.442581 0.434724 0.00253358
73 0.716845 0.961415 0.277333 0.0743562 0.00252745
67 0.157873 0.82755 0.0177116 0.0202878 0.00251472
65 0.644428 0.755758 0.0350541 0.157422 0.0023618
57 0.543651 0.286464 0.76722 0.568381 0.002267
74 0.233627 0.956052 0.0361021 0.0529814 0.00222647
57 0.106131 0.522245 0.211588 0.393681 0.00205037
39 0.273769 0.963935 0.125925 0.0705135 0.00202733
41 0.273795 0.963648 0.127723 0.0716794 0.00199875
67 0.890198 0.567297 0.217834 0.313928 0.00171259
65 0.157873 0.82755 0.0177116 0.0202878 0.00167152
0 0.0849975 0.818785 0.169023 0.297744 0.00166613
79 0.649924 0.750376 0.0456219 0.160494 0.00166544
56 0.679134 0.377723 0.438172 0.750962 0.00161892
56 0.390594 0.577923 0.776762 0.822866 0.00160232
67 0.650219 0.753031 0.0459846 0.168247 0.00154051
65 0.305147 0.641822 0.103143 0.0570094 0.00147024
67 0.231699 0.964112 0.0410085 0.0695641 0.00141454
0 0.40042 0.727583 0.794267 0.525427 0.0012567
60 0.549052 0.498612 0.895501 0.99072 0.00122276
0 0.245979 0.73775 0.485611 0.504182 0.00119358
56 0.680308 0.26114 0.437172 0.51827 0.00116414
56 0.477668 0.707945 0.943999 0.56348 0.00113377
59 0.436748 0.72509 0.866415 0.529472 0.00107592
57 0.606727 0.777489 0.769774 0.422785 0.00103056
