50 0.748209 0.591844 0.500966 0.36563 0.956217
0 0.594405 0.51149 0.81119 0.948739 0.881062
73 0.115902 0.318731 0.0639722 0.0831149 0.0335085
73 0.0702738 0.203646 0.128703 0.125723 0.0298811
73 0.0859338 0.324804 0.0623047 0.0783879 0.0241427
73 0.0724415 0.327154 0.0652088 0.0790823 0.0210224
73 0.0977774 0.199369 0.0727376 0.11912 0.0178908
73 0.0991535 0.323383 0.0662552 0.0780563 0.0170649
73 0.0892164 0.414093 0.056185 0.0645627 0.0147486
73 0.0711963 0.416767 0.0545009 0.06327 0.0146822
0 0.283889 0.508654 0.205977 0.944195 0.0143944
73 0.0525225 0.206675 0.0979109 0.122623 0.0143442
73 0.0736471 0.322573 0.143501 0.0946834 0.0130355
73 0.0870736 0.324796 0.0987044 0.0861518 0.012838
56 0.0776075 0.815673 0.153201 0.351707 0.0128149
73 0.0547146 0.419233 0.0509196 0.062396 0.0122888
73 0.0796101 0.201205 0.0877079 0.117238 0.0114532
73 0.0384825 0.420675 0.0589642 0.0626463 0.0102505
73 0.0568029 0.330572 0.0674058 0.0826401 0.0100165
73 0.10144 0.412642 0.04253 0.0612001 0.00955439
73 0.0380068 0.332059 0.0699123 0.0839844 0.00895399
73 0.0658528 0.414246 0.042912 0.0551594 0.00854644
73 0.0678802 0.202069 0.0668345 0.111274 0.00738987
0 0.354887 0.509724 0.341532 0.945405 0.00589472
73 0.0859821 0.198745 0.0607123 0.11386 0.00562242
73 0.026622 0.423912 0.051667 0.0651054 0.00541005
73 0.10537 0.321088 0.0473657 0.0798083 0.00540823
73 0.0766595 0.367567 0.151262 0.170963 0.0050762
73 0.118088 0.409621 0.0460196 0.0601419 0.00490412
73 0.0817454 0.0754802 0.0754007 0.106186 0.00483373
73 0.0520726 0.330512 0.101005 0.0850049 0.00454879
73 0.0264613 0.335213 0.051392 0.0821874 0.00427204
73 0.113045 0.176985 0.0395772 0.073944 0.00389507
73 0.0955936 0.0710935 0.0487754 0.100907 0.00387913
73 0.0340549 0.210566 0.0656762 0.123645 0.00381416
73 0.0239971 0.218449 0.0465481 0.113385 0.0037187
41 0.0424001 0.0783442 0.0677454 0.0989379 0.00327033
73 0.0454477 0.202857 0.0708432 0.109953 0.00311166
73 0.0866377 0.1852 0.0433235 0.0865745 0.00306869
73 0.0550966 0.329775 0.0456557 0.07855 0.00299975
73 0.0221016 0.350549 0.0421454 0.053531 0.00293097
73 0.125982 0.407569 0.0508476 0.0577784 0.00279698
45 0.867679 0.781744 0.264642 0.335502 0.0027166
73 0.0402247 0.0792961 0.0682153 0.0968679 0.00263134
73 0.113426 0.162862 0.0344407 0.0444046 0.00257787
73 0.113768 0.193225 0.0442523 0.108546 0.00252911
73 0.0691285 0.0761036 0.0581002 0.0979455 0.00248858
56 0.124134 0.810473 0.245219 0.358078 0.00246501
73 0.0624745 0.0687279 0.121848 0.119988 0.00232702
41 0.0752159 0.0751992 0.0627609 0.102057 0.00229871
73 0.0788404 0.414602 0.138079 0.0719125 0.00203097
73 0.105792 0.408368 0.0713431 0.0663071 0.00198558
73 0.0722005 0.257793 0.140911 0.231597 0.00180331
0 0.315093 0.435272 0.167873 0.126808 0.00175306
73 0.0892526 0.408264 0.0821424 0.0727674 0.00175235
73 0.112311 0.502851 0.122503 0.0409149 0.00151053
73 0.0281947 0.080908 0.0527339 0.101017 0.00150535
45 0.749973 0.692648 0.500054 0.582553 0.00148919
73 0.0759672 0.340532 0.148912 0.10981 0.00140893
45 0.845775 0.733562 0.306556 0.318434 0.00134149
45 0.749393 0.593037 0.499463 0.366446 0.0013324
73 0.0607397 0.192475 0.0507807 0.0956685 0.00123706
73 0.0825293 0.416413 0.0976823 0.0682471 0.00122604
13 0.0776075 0.815673 0.153201 0.351707 0.00108168
45 0.750057 0.788143 0.499886 0.38083 0.0010584
