0 0.591381 0.740936 0.276722 0.429382 0.901065
56 0.18089 0.460992 0.0903895 0.0346658 0.589459
56 0.675007 0.458028 0.0998293 0.0355337 0.567916
56 0.27968 0.460126 0.0933713 0.0361477 0.557325
56 0.312614 0.421733 0.0933773 0.0371445 0.540702
56 0.162065 0.385404 0.0873595 0.0362134 0.534727
56 0.782219 0.457123 0.0991523 0.034356 0.506449
0 0.939116 0.37699 0.120238 0.120883 0.502014
56 0.217528 0.422453 0.093209 0.0373024 0.496935
38 0.689918 0.707751 0.176383 0.0606955 0.493072
56 0.435086 0.382305 0.0916074 0.0397284 0.483143
56 0.0858234 0.460984 0.0887468 0.0334385 0.461155
56 0.34374 0.381788 0.0892694 0.0370905 0.444923
56 0.252371 0.383625 0.0890582 0.0383469 0.441159
56 0.633588 0.50413 0.105245 0.0449547 0.439184
56 0.524638 0.51621 0.107751 0.0665472 0.422077
56 0.124275 0.424049 0.0920118 0.0370666 0.391409
56 0.0721346 0.385685 0.0876821 0.0348866 0.391339
56 0.407818 0.421538 0.09278 0.0374789 0.382329
56 0.797751 0.420836 0.103274 0.0473737 0.363791
56 0.124075 0.518338 0.113095 0.0672538 0.360449
56 0.855628 0.513965 0.116498 0.0687925 0.332767
56 0.858251 0.502217 0.110735 0.0456984 0.32485
56 0.887833 0.455224 0.100811 0.0343212 0.323445
0 0.927996 0.392463 0.142258 0.154 0.318183
56 0.129877 0.50817 0.100418 0.0468212 0.301576
56 0.74191 0.515503 0.11273 0.0699638 0.289693
56 0.0390006 0.428703 0.0770227 0.0435087 0.285299
56 0.528654 0.381065 0.0916659 0.0395769 0.269521
56 0.03943 0.506502 0.0777496 0.0435701 0.257595
56 0.52589 0.505887 0.105606 0.0464814 0.257465
56 0.958295 0.501089 0.0834099 0.0431021 0.225127
56 0.743628 0.501702 0.107714 0.0429494 0.219696
56 0.512599 0.417503 0.124991 0.112013 0.214829
56 0.631088 0.514774 0.10873 0.0663805 0.210594
56 0.0392712 0.517914 0.0774498 0.0679548 0.161485
56 0.956219 0.511052 0.087562 0.0626852 0.160094
56 0.122414 0.435187 0.0977534 0.059086 0.150618
56 0.0187698 0.461731 0.036261 0.0328953 0.145528
56 0.972076 0.457122 0.0553044 0.0359288 0.14229
38 0.664693 0.729775 0.222239 0.105534 0.135973
56 0.0393018 0.437933 0.0786036 0.062566 0.130016
56 0.0711146 0.399597 0.0932679 0.0618267 0.0994612
56 0.405421 0.434743 0.0994044 0.062922 0.0946127
56 0.403664 0.458282 0.102507 0.11119 0.0794066
38 0.676618 0.703705 0.146385 0.0475075 0.0730619
56 0.778749 0.480407 0.110182 0.0794497 0.0718911
56 0.428204 0.398797 0.105582 0.0733189 0.0664232
56 0.254972 0.517366 0.133429 0.0717466 0.0597005
56 0.21428 0.437128 0.101062 0.0668543 0.0573867
56 0.248191 0.396146 0.099789 0.0618734 0.053107
56 0.259323 0.497846 0.131815 0.10816 0.05075
56 0.384182 0.476103 0.135702 0.149554 0.0504993
56 0.30938 0.432277 0.10071 0.0575768 0.046007
38 0.506769 0.661893 0.0765184 0.101942 0.0449101
38 0.68065 0.715512 0.15571 0.0474663 0.0408353
38 0.697736 0.699613 0.171757 0.0448439 0.0400773
56 0.116198 0.539226 0.105981 0.026683 0.0390346
56 0.0146188 0.386854 0.0287144 0.0359545 0.0379602
56 0.511869 0.421927 0.111877 0.0775846 0.0372015
38 0.533841 0.673422 0.0638459 0.0739708 0.0347603
38 0.652248 0.749285 0.0765806 0.067948 0.0335835
38 0.681784 0.724938 0.150244 0.0296892 0.0331965
56 0.394656 0.455305 0.114078 0.0545029 0.0318473
38 0.690181 0.722549 0.177773 0.0917826 0.0288185
56 0.295855 0.457265 0.121747 0.0354851 0.0285509
56 0.377714 0.497264 0.128673 0.112408 0.0281087
0 0.93491 0.434272 0.127247 0.0687291 0.0280672
56 0.331731 0.399813 0.114555 0.0730943 0.027659
38 0.644123 0.742253 0.0967949 0.0816244 0.027267
56 0.95633 0.497055 0.0867925 0.0649504 0.0258475
56 0.907428 0.37486 0.0948172 0.039834 0.0258162
56 0.374817 0.519556 0.125493 0.0704838 0.0254786
56 0.508679 0.436769 0.11188 0.0795786 0.0253599
56 0.161516 0.399336 0.0910272 0.0630125 0.0253449
56 0.886375 0.468729 0.106187 0.061265 0.0241377
56 0.304223 0.443822 0.148078 0.0699694 0.0231547
38 0.608222 0.731568 0.161282 0.106559 0.0217286
56 0.850398 0.533708 0.11452 0.030447 0.0206404
38 0.67547 0.748184 0.142387 0.0705979 0.0187862
56 0.388799 0.465223 0.112557 0.0527723 0.0180122
38 0.622775 0.720055 0.208774 0.0973675 0.0171314
56 0.202766 0.455419 0.102017 0.0342467 0.0166738
56 0.39721 0.443679 0.114065 0.0700043 0.0162924
38 0.627791 0.720645 0.124863 0.036273 0.0159557
56 0.397427 0.471968 0.112382 0.0766368 0.0146076
38 0.733797 0.652826 0.036176 0.0846805 0.0138309
0 0.916113 0.402511 0.149507 0.106191 0.0136129
56 0.254172 0.512971 0.104428 0.0609246 0.013227
56 0.0305374 0.453876 0.0610747 0.0472787 0.0131362
0 0.97059 0.454888 0.0588193 0.0372856 0.0127473
56 0.0349862 0.537798 0.0699724 0.030084 0.0126604
56 0.951056 0.520991 0.0978877 0.0551071 0.0125256
38 0.546894 0.674042 0.0373878 0.0542665 0.0123199
38 0.673778 0.700946 0.135633 0.035326 0.0112182
38 0.561487 0.687609 0.0915229 0.0792628 0.0106683
38 0.650275 0.712717 0.168697 0.0558754 0.0105174
38 0.539765 0.670637 0.0522806 0.0514555 0.010499
56 0.959373 0.480437 0.0812549 0.0842146 0.0104913
38 0.64458 0.721813 0.0939286 0.0353577 0.0101664
0 0.910139 0.374575 0.0978041 0.041326 0.0101352
56 0.876425 0.480864 0.144663 0.0854088 0.00990769
56 0.394853 0.40284 0.178344 0.0796267 0.00931942
38 0.564891 0.703891 0.096267 0.051601 0.00904053
56 0.0831902 0.48427 0.0941333 0.0807008 0.00892839
0 0.910587 0.406481 0.0716759 0.050073 0.00870508
38 0.739995 0.664115 0.0519872 0.11045 0.00837773
56 0.525144 0.398491 0.100476 0.0728289 0.00821272
56 0.278128 0.495458 0.0961645 0.106049 0.00794417
56 0.377651 0.474119 0.11383 0.0699546 0.00786322
56 0.140892 0.417951 0.10905 0.0427836 0.00761846
0 0.956731 0.435835 0.0855241 0.07229 0.0075506
38 0.728277 0.648873 0.0337399 0.0772202 0.00754535
56 0.729732 0.536167 0.112436 0.0296013 0.00729996
56 0.331754 0.491782 0.212742 0.11876 0.00707895
56 0.418971 0.45012 0.119834 0.131741 0.00691241
56 0.0594401 0.404582 0.116026 0.0717194 0.0069091
56 0.0987083 0.440953 0.126363 0.0723362 0.00681502
0 0.615922 0.624366 0.226517 0.196595 0.00675899
56 0.152913 0.404666 0.122614 0.0735922 0.00674066
38 0.543826 0.697709 0.0466616 0.0382235 0.00667208
56 0.577625 0.515953 0.221175 0.0696935 0.00583225
56 0.508919 0.442585 0.130638 0.126204 0.00577167
0 0.939983 0.42462 0.119173 0.0549789 0.00571272
38 0.579728 0.685083 0.151455 0.103298 0.00551894
56 0.493489 0.425523 0.167272 0.125721 0.00525934
38 0.534259 0.660735 0.133582 0.107779 0.00517488
13 0.78194 0.457114 0.0995702 0.0339401 0.00512889
32 0.54206 0.696256 0.0448348 0.0246326 0.00507179
56 0.37316 0.498807 0.10603 0.0436891 0.00502047
38 0.681282 0.676338 0.180766 0.132263 0.00500718
13 0.674848 0.457791 0.100243 0.0350092 0.00486684
56 0.0191617 0.47952 0.0383233 0.0695065 0.00486115
13 0.797805 0.421014 0.102291 0.0477079 0.00480488
38 0.489051 0.671266 0.0417094 0.0800596 0.00476924
0 0.909856 0.381453 0.100529 0.0581011 0.00464442
38 0.538656 0.691396 0.062541 0.0583088 0.00454971
38 0.699608 0.634212 0.0716561 0.107018 0.00431228
38 0.720696 0.695874 0.115215 0.0425518 0.00429136
38 0.734523 0.675961 0.045609 0.130123 0.00428712
38 0.725406 0.666561 0.0817261 0.118546 0.00417244
56 0.244815 0.471722 0.179984 0.160863 0.00404534
38 0.641055 0.719337 0.184053 0.0389923 0.00397345
56 0.299414 0.403411 0.183255 0.0763118 0.00390375
38 0.54387 0.674927 0.108503 0.107094 0.00384292
38 0.683912 0.750641 0.190781 0.120288 0.00379512
56 0.17533 0.491953 0.112329 0.100357 0.00379393
56 0.194391 0.442468 0.123141 0.0692434 0.00370139
56 0.396113 0.456104 0.106653 0.0371569 0.0035457
38 0.7059 0.648028 0.0600911 0.0856155 0.00348595
13 0.217222 0.422607 0.0923352 0.0366152 0.00341979
56 0.291208 0.462507 0.34754 0.195517 0.003369
13 0.408179 0.421965 0.0945645 0.0376463 0.0032731
0 0.900928 0.395972 0.114634 0.0839836 0.00313976
56 0.368294 0.526599 0.118104 0.051614 0.00311393
13 0.312287 0.422104 0.092927 0.0361383 0.00311363
38 0.641194 0.787141 0.0963801 0.130481 0.00309503
56 0.0681648 0.487074 0.132889 0.0773561 0.00306481
38 0.644067 0.771577 0.086023 0.110333 0.00300482
56 0.388362 0.45605 0.15763 0.162961 0.0029541
38 0.991292 0.667306 0.0168828 0.0677284 0.00293869
56 0.45561 0.473698 0.225721 0.143355 0.00290087
32 0.545354 0.70025 0.046409 0.0326441 0.00285926
13 0.886673 0.454562 0.102858 0.0331135 0.00285202
56 0.123379 0.406729 0.186634 0.0750328 0.0028159
56 0.243277 0.521908 0.121706 0.0598501 0.0027996
13 0.124156 0.4243 0.0907907 0.0375963 0.00269863
56 0.629141 0.535446 0.118341 0.030474 0.00264812
38 0.54206 0.696256 0.0448348 0.0246326 0.00264698
56 0.0425865 0.419901 0.085173 0.0483763 0.00260088
38 0.551317 0.683112 0.059856 0.0740726 0.00256726
56 0.372221 0.462198 0.118805 0.0455317 0.00256202
56 0.209753 0.405552 0.180692 0.0739128 0.00251749
56 0.789138 0.43475 0.113895 0.0773449 0.00250137
13 0.279664 0.459986 0.0941088 0.0353027 0.00247073
56 0.950774 0.534515 0.0969774 0.0295962 0.00246936
13 0.252002 0.383387 0.0897078 0.0381412 0.00240999
56 0.500803 0.449839 0.112111 0.0538403 0.00236577
56 0.397325 0.424203 0.40171 0.126666 0.00233391
38 0.624052 0.792813 0.0644482 0.115838 0.00232485
0 0.916919 0.448085 0.16557 0.181273 0.00230628
38 0.4975 0.665504 0.057713 0.0917392 0.00229582
0 0.976551 0.34486 0.0453177 0.0588367 0.00225517
0 0.891089 0.411001 0.0837123 0.0476984 0.00220147
13 0.162115 0.385868 0.0884319 0.0366226 0.00215939
13 0.182146 0.460722 0.0923813 0.0350068 0.0021258
56 0.491961 0.511417 0.182186 0.0822948 0.0021157
56 0.911137 0.391749 0.0936678 0.0755729 0.00207624
0 0.888499 0.400899 0.157805 0.0991085 0.00207555
13 0.343002 0.382224 0.0889215 0.0374688 0.00205311
56 0.498984 0.470191 0.115323 0.0353703 0.00205091
38 0.581279 0.716323 0.0724126 0.0228504 0.00203857
0 0.933342 0.391283 0.121764 0.0787812 0.002029
13 0.435217 0.381206 0.0903012 0.0374327 0.00202042
56 0.635593 0.498773 0.117986 0.0596409 0.0019781
38 0.547416 0.70509 0.0507122 0.0423773 0.00196931
56 0.028951 0.391077 0.0541969 0.0459144 0.00191566
56 0.200363 0.466937 0.28548 0.177676 0.0019035
0 0.888124 0.427416 0.117655 0.079115 0.00184464
38 0.582451 0.672818 0.215595 0.0889594 0.00181887
38 0.616961 0.687422 0.219756 0.0857031 0.00180393
38 0.626585 0.766592 0.130483 0.162129 0.0017769
56 0.354383 0.457992 0.173355 0.0403815 0.00176504
38 0.72138 0.63604 0.0470101 0.103021 0.00173411
13 0.5283 0.380883 0.0926446 0.0393598 0.0017291
13 0.0388294 0.426399 0.0776488 0.0386239 0.00171939
32 0.532976 0.632029 0.0329191 0.0257371 0.00170404
13 0.0871492 0.461241 0.0910941 0.0338831 0.00168499
56 0.673865 0.474325 0.10535 0.0666303 0.0016596
56 0.481992 0.381673 0.193066 0.0483991 0.00161996
38 0.711296 0.667457 0.126127 0.127507 0.00157794
56 0.916919 0.448085 0.16557 0.181273 0.00153053
56 0.388542 0.511194 0.108809 0.0849623 0.00152865
74 0.991292 0.667306 0.0168828 0.0677284 0.00148505
0 0.89257 0.409046 0.101659 0.0570731 0.00147614
56 0.360116 0.496192 0.117124 0.0782268 0.00147471
0 0.987946 0.343869 0.0227117 0.0569085 0.0014711
0 0.958652 0.363868 0.0821517 0.0966681 0.00144255
56 0.321276 0.473525 0.194331 0.0669586 0.00143939
56 0.961262 0.468725 0.0774757 0.0598811 0.00142661
56 0.501561 0.479924 0.123812 0.0560498 0.00141695
13 0.633404 0.504061 0.105174 0.0453991 0.00140825
0 0.967644 0.347647 0.0633503 0.0655078 0.00135899
38 0.620523 0.709545 0.185911 0.0436764 0.00132492
56 0.240048 0.449723 0.336972 0.169722 0.00131336
56 0.157568 0.516232 0.141251 0.0717445 0.00129065
38 0.613945 0.697942 0.19251 0.0674119 0.00127816
56 0.502219 0.456905 0.123212 0.0426902 0.00127602
56 0.218218 0.443127 0.308097 0.122256 0.00126317
56 0.498991 0.464682 0.107417 0.0240275 0.00124851
13 0.972134 0.460486 0.0557318 0.0433415 0.00123587
13 0.524638 0.51621 0.107751 0.0665472 0.00123459
0 0.851269 0.41908 0.221081 0.099058 0.00117916
56 0.730207 0.487411 0.221297 0.100767 0.00117394
13 0.0733897 0.385989 0.086068 0.034754 0.00116333
13 0.0394226 0.506533 0.0771814 0.0436892 0.00115997
56 0.515807 0.537179 0.103516 0.0275707 0.00114921
13 0.858251 0.502217 0.110735 0.0456984 0.0011301
56 0.425527 0.378689 0.0712475 0.0322675 0.00112548
56 0.280035 0.439392 0.451004 0.154173 0.00112441
0 0.563467 0.81737 0.215916 0.2673 0.00112134
0 0.869527 0.412221 0.0473215 0.0451129 0.00111479
56 0.317301 0.45868 0.14824 0.0368332 0.0011057
13 0.958194 0.50164 0.0836114 0.043431 0.00110427
56 0.399463 0.467736 0.198131 0.177288 0.00110406
38 0.657922 0.662283 0.138231 0.107015 0.00110292
56 0.919268 0.375329 0.118872 0.0455145 0.00108522
56 0.0170028 0.400713 0.0340055 0.0649252 0.00108477
13 0.525761 0.506433 0.106202 0.0469063 0.00106642
56 0.392449 0.48407 0.122094 0.092672 0.00104648
13 0.744214 0.501545 0.108023 0.0426949 0.00102025
38 0.635531 0.718279 0.158832 0.0306874 0.00101683
56 0.162035 0.504 0.133235 0.0765379 0.00101572
38 0.612628 0.796183 0.0408485 0.108277 0.00101185
56 0.85197 0.455413 0.0476915 0.0273991 0.00100267
