41 0.540397 0.546826 0.70547 0.789023 0.892364
79 0.533903 0.263603 0.206191 0.334936 0.779095
79 0.40622 0.340047 0.148055 0.175043 0.702341
79 0.250108 0.376584 0.209911 0.483139 0.313238
79 0.249554 0.272923 0.20183 0.277167 0.138902
79 0.246234 0.233452 0.19593 0.198437 0.0484931
79 0.413762 0.393371 0.168341 0.284975 0.0378235
79 0.408296 0.358198 0.112218 0.138212 0.017186
79 0.534103 0.186367 0.20584 0.181339 0.0151195
79 0.483483 0.387839 0.0717628 0.0779789 0.0150859
41 0.433288 0.539046 0.279104 0.331367 0.01371
79 0.47645 0.379676 0.0836774 0.0948267 0.0120364
79 0.466326 0.386798 0.087051 0.082428 0.00949982
41 0.491152 0.522925 0.16338 0.359204 0.00913849
79 0.432488 0.460048 0.204148 0.429924 0.00751394
79 0.327342 0.358598 0.165301 0.332857 0.00694421
79 0.300984 0.383517 0.154996 0.475061 0.00663972
79 0.306902 0.327758 0.0877739 0.185193 0.00614464
79 0.456867 0.37939 0.0769968 0.0966479 0.00606936
79 0.522348 0.437501 0.134324 0.498089 0.00596297
39 0.552449 0.552011 0.677457 0.790379 0.00566396
79 0.316727 0.334241 0.0822982 0.161649 0.00476444
71 0.825926 0.778153 0.348147 0.410523 0.00444293
79 0.372651 0.414365 0.24988 0.424111 0.00443727
79 0.493298 0.390927 0.0650763 0.073962 0.00406483
79 0.523691 0.404744 0.154504 0.383277 0.00385946
41 0.533976 0.66545 0.632255 0.549391 0.00361145
79 0.477034 0.357725 0.0866481 0.135858 0.00358379
79 0.367176 0.347768 0.073551 0.149886 0.00346541
79 0.388798 0.393564 0.198457 0.535123 0.00323546
79 0.462544 0.355041 0.083743 0.143422 0.00319904
39 0.491152 0.522925 0.16338 0.359204 0.00313216
79 0.297289 0.328088 0.0807606 0.161374 0.00298962
79 0.463453 0.207462 0.0745158 0.131107 0.0028713
79 0.312474 0.341132 0.13485 0.243626 0.00269338
79 0.53812 0.31856 0.129989 0.234164 0.00254726
79 0.482288 0.31958 0.249473 0.253065 0.0024659
41 0.35643 0.560759 0.166753 0.332233 0.00226399
79 0.274256 0.43796 0.243093 0.501489 0.00214192
79 0.486054 0.341047 0.0812529 0.173918 0.00199276
41 0.472881 0.773051 0.428928 0.342505 0.00195211
79 0.280867 0.355788 0.17348 0.384548 0.00175622
72 0.552449 0.552011 0.677457 0.790379 0.00173852
79 0.424384 0.362997 0.0783089 0.121443 0.00173002
79 0.539618 0.391284 0.139496 0.497863 0.00167426
39 0.534622 0.264995 0.205217 0.337321 0.00162348
25 0.245073 0.233686 0.193599 0.198111 0.00157219
79 0.358093 0.383936 0.410682 0.531744 0.0014827
79 0.384913 0.345668 0.102253 0.159192 0.00133821
79 0.237116 0.434115 0.1678 0.487916 0.00133064
75 0.543235 0.547583 0.699795 0.789247 0.00132838
71 0.865309 0.921927 0.267957 0.142527 0.00131041
79 0.306303 0.309025 0.12867 0.227516 0.00127435
39 0.249815 0.382231 0.210842 0.494872 0.00127167
79 0.518612 0.34279 0.107058 0.201372 0.00117791
79 0.376126 0.301532 0.462568 0.368923 0.00117114
79 0.54193 0.337441 0.103417 0.23206 0.00113037
71 0.658391 0.911998 0.683217 0.164693 0.00112963
79 0.544619 0.333335 0.159587 0.42013 0.00112471
41 0.474007 0.777487 0.421421 0.207012 0.00112018
73 0.534622 0.264995 0.205217 0.337321 0.00108504
79 0.348326 0.334945 0.0624557 0.175333 0.00108278
79 0.215922 0.289027 0.0901748 0.0861791 0.00108138
41 0.530714 0.514083 0.268073 0.378384 0.00106075
79 0.265028 0.273261 0.151538 0.123672 0.001059
41 0.491997 0.700056 0.505777 0.482108 0.00102997
