0 0.473476 0.583202 0.686506 0.336395 0.931398
0 0.903084 0.0889531 0.189652 0.177345 0.826709
36 0.55462 0.73898 0.374076 0.0863893 0.821617
0 0.213814 0.0821038 0.0604208 0.0442988 0.820914
0 0.375577 0.0513615 0.0499947 0.0449681 0.778916
0 0.438742 0.0444688 0.0496126 0.0381801 0.76334
0 0.0220796 0.0984783 0.0441593 0.0714385 0.299825
36 0.0218609 0.123633 0.0434626 0.0265104 0.2881
36 0.954441 0.168253 0.0895476 0.036225 0.190284
0 0.513741 0.0426905 0.0173912 0.00969077 0.127745
0 0.780656 0.00496684 0.0211462 0.00993369 0.0872224
0 0.242434 0.0452866 0.037488 0.0158785 0.0723097
0 0.78683 0.00520639 0.0340599 0.0104128 0.0484436
36 0.954692 0.174481 0.0899801 0.0344223 0.0473874
0 0.422092 0.0165865 0.0180124 0.0207196 0.0334818
0 0.434035 0.0143928 0.0416367 0.0222046 0.0299878
36 0.829814 0.0272323 0.0419344 0.053699 0.0257864
0 0.785621 0.00745986 0.0323641 0.0149197 0.0196045
36 0.0217835 0.128717 0.0433917 0.0378406 0.0185937
0 0.957036 0.0854452 0.0839967 0.168465 0.0176264
0 0.117941 0.0634852 0.0308158 0.0200122 0.0168934
0 0.663996 0.0184646 0.0349476 0.00858856 0.0160922
0 0.426887 0.0150803 0.0298265 0.0234459 0.0145373
0 0.439924 0.0128698 0.0267564 0.0231734 0.0128954
0 0.893496 0.0571226 0.164325 0.114245 0.0127726
36 0.78683 0.00520639 0.0340599 0.0104128 0.0121071
0 0.373188 0.0254545 0.0377789 0.0158177 0.011948
36 0.0220796 0.0984783 0.0441593 0.0714385 0.0111029
36 0.938194 0.164944 0.0600424 0.0318413 0.0107255
36 0.979907 0.134934 0.0401859 0.0709625 0.0099481
36 0.946852 0.118167 0.0710215 0.116677 0.00989193
36 0.780656 0.00496684 0.0211462 0.00993369 0.00906351
0 0.832378 0.0271645 0.0448924 0.053658 0.00896522
36 0.978988 0.103217 0.0420235 0.139998 0.0087516
0 0.865565 0.0282501 0.112579 0.0561525 0.00815532
36 0.956904 0.110344 0.0861918 0.128284 0.00726455
0 0.0218609 0.123633 0.0434626 0.0265104 0.00709802
0 0.324894 0.0348944 0.0359318 0.0127264 0.00666243
36 0.827897 0.0419478 0.0437095 0.0260324 0.00590977
0 0.132115 0.0631401 0.0573588 0.0200615 0.00571278
36 0.943796 0.17906 0.111745 0.0513429 0.00556082
0 0.884471 0.0335595 0.152354 0.0671189 0.00555477
0 0.793494 0.00619215 0.0491177 0.0123843 0.00551766
0 0.451524 0.0109216 0.035535 0.0194231 0.00514314
36 0.907114 0.0879438 0.0504609 0.0563972 0.00498834
0 0.380999 0.0434777 0.0425188 0.0411111 0.0048705
2 0.513741 0.0426905 0.0173912 0.00969077 0.00476253
0 0.0374824 0.077334 0.033606 0.0165364 0.00465938
32 0.513741 0.0426905 0.0173912 0.00969077 0.00440741
0 0.484816 0.00896292 0.0409377 0.0153419 0.00431782
36 0.663996 0.0184646 0.0349476 0.00858856 0.00418141
14 0.513741 0.0426905 0.0173912 0.00969077 0.00397623
0 0.474338 0.0102574 0.0595771 0.0174112 0.00395691
36 0.974795 0.087589 0.0502138 0.160391 0.00386766
0 0.645474 0.0221172 0.0725083 0.0162984 0.00377703
0 0.248026 0.0453281 0.0495089 0.0185774 0.00342783
0 0.516653 0.0068199 0.0391711 0.0136398 0.00329933
36 0.965277 0.160667 0.0678005 0.0307232 0.0032554
36 0.939958 0.0891557 0.0567395 0.0540948 0.00325355
36 0.927596 0.165224 0.0582047 0.0338951 0.00320634
9 0.513741 0.0426905 0.0173912 0.00969077 0.00318012
36 0.87491 0.204365 0.211702 0.0566761 0.0031279
0 0.363068 0.0510228 0.0739316 0.0486808 0.00307539
31 0.0212636 0.123743 0.0425272 0.0273577 0.00301468
0 0.663862 0.0175426 0.0351548 0.0125149 0.00294143
0 0.0879129 0.067765 0.0274638 0.0190017 0.00291198
0 0.204896 0.0498912 0.0346179 0.020171 0.00281847
0 0.444547 0.0124321 0.0467372 0.0204701 0.00275624
36 0.793494 0.00619215 0.0491177 0.0123843 0.0027518
24 0.513741 0.0426905 0.0173912 0.00969077 0.00267807
24 0.780656 0.00496684 0.0211462 0.00993369 0.00257996
36 0.925676 0.194055 0.148647 0.0553348 0.00252551
0 0.438413 0.0578893 0.0521018 0.0646229 0.00247338
36 0.958451 0.132954 0.0830985 0.0863173 0.00242612
36 0.785621 0.00745986 0.0323641 0.0149197 0.00242332
0 0.198593 0.0520373 0.0403914 0.0200851 0.00240257
14 0.665251 0.0180352 0.0326194 0.00794311 0.00237221
0 0.0326597 0.075049 0.0544137 0.0225553 0.00219542
13 0.555129 0.739895 0.37597 0.0878229 0.00218853
36 0.826205 0.0499715 0.0459512 0.026636 0.00217137
0 0.51296 0.0483475 0.0209452 0.0216644 0.00212443
36 0.937474 0.117386 0.113268 0.121287 0.00210038
39 0.513741 0.0426905 0.0173912 0.00969077 0.00205305
36 0.835792 0.0332925 0.0631592 0.0658972 0.00197497
0 0.846626 0.0258283 0.0854797 0.0516565 0.00195348
0 0.977631 0.0907098 0.0439469 0.160512 0.00187534
32 0.242434 0.0452866 0.037488 0.0158785 0.00184029
36 0.939425 0.0749241 0.0578723 0.100953 0.00179848
0 0.0235752 0.0810282 0.0471504 0.114073 0.00177097
0 0.50372 0.0436554 0.0383495 0.0122889 0.00176272
36 0.921977 0.0979993 0.0200939 0.0201916 0.00172934
0 0.428623 0.0479301 0.0629363 0.0398963 0.00171289
0 0.100055 0.0650553 0.0515112 0.0235736 0.0017072
36 0.888017 0.187462 0.221198 0.0721162 0.00168806
36 0.949702 0.0882767 0.0754222 0.138616 0.0016785
0 0.823595 0.0275745 0.0640502 0.0551491 0.00164646
9 0.780656 0.00496684 0.0211462 0.00993369 0.00164196
0 0.139944 0.0615144 0.0551639 0.0196596 0.00162843
36 0.923777 0.0849907 0.075918 0.0613018 0.00161767
0 0.904497 0.0855326 0.0502429 0.0590565 0.00156569
0 0.527092 0.00667567 0.0597238 0.0133513 0.00153905
30 0.0218548 0.123764 0.0437097 0.0269627 0.00150192
2 0.780656 0.00496684 0.0211462 0.00993369 0.00149903
0 0.466783 0.011662 0.0676635 0.0191541 0.00142583
67 0.513741 0.0426905 0.0173912 0.00969077 0.00139314
0 0.107095 0.0630301 0.04535 0.025446 0.00139189
0 0.242658 0.0407504 0.0401124 0.02612 0.00138086
0 0.0473292 0.0772309 0.035129 0.0151248 0.00132793
36 0.645474 0.0221172 0.0725083 0.0162984 0.00131202
0 0.346449 0.0367264 0.0787116 0.0180239 0.0012846
0 0.43803 0.0345279 0.0479045 0.059455 0.00123638
36 0.513741 0.0426905 0.0173912 0.00969077 0.00122377
0 0.411061 0.0242946 0.0502654 0.0188193 0.00114051
0 0.919493 0.0567024 0.099652 0.112677 0.00113881
0 0.405985 0.0505352 0.106484 0.0424656 0.00113773
31 0.553684 0.739987 0.378405 0.0840643 0.00111571
36 0.823595 0.0275745 0.0640502 0.0551491 0.00111243
0 0.437961 0.0439422 0.0692202 0.0439001 0.00105479
36 0.884471 0.0335595 0.152354 0.0671189 0.00102982
36 0.869044 0.0287072 0.119554 0.0574144 0.00102979
64 0.513741 0.0426905 0.0173912 0.00969077 0.00102037
26 0.513741 0.0426905 0.0173912 0.00969077 0.00101331
32 0.780656 0.00496684 0.0211462 0.00993369 0.00100768
16 0.513741 0.0426905 0.0173912 0.00969077 0.00100657
56 0.513741 0.0426905 0.0173912 0.00969077 0.00100082
