39 0.253358 0.304558 0.197825 0.500988 0.951632
40 0.487264 0.409318 0.207445 0.333768 0.945767
60 0.5 0.681935 1 0.609151 0.659158
56 0.736414 0.362065 0.525099 0.515283 0.604862
39 0.252543 0.67 0.195319 0.585332 0.377512
40 0.483057 0.532345 0.212244 0.584343 0.245917
56 0.0732492 0.293556 0.145785 0.139182 0.106572
57 0.735208 0.365979 0.527133 0.521031 0.0360168
39 0.473252 0.700243 0.194887 0.292488 0.0312626
40 0.474141 0.694612 0.200446 0.272551 0.0283259
56 0.831653 0.428574 0.335414 0.270469 0.0253017
39 0.2422 0.507424 0.221451 0.911226 0.0247594
56 0.0839654 0.368397 0.167931 0.285719 0.0245672
39 0.254786 0.653813 0.192578 0.259435 0.0191846
56 0.654575 0.311906 0.684196 0.413349 0.0182483
56 0.0808045 0.42492 0.160307 0.166484 0.0174442
60 0.0806875 0.424605 0.159351 0.168433 0.0129293
56 0.943581 0.433605 0.112837 0.240418 0.01232
60 0.553384 0.329315 0.88968 0.499961 0.0122834
60 0.0736576 0.293624 0.145813 0.138933 0.0122212
60 0.412201 0.571315 0.824402 0.827716 0.0119053
56 0.048877 0.291455 0.0969365 0.110024 0.0112055
56 0.876099 0.419776 0.247564 0.273041 0.0111782
43 0.734973 0.537993 0.530054 0.181203 0.0103166
57 0.654575 0.311906 0.684196 0.413349 0.00945175
56 0.586961 0.338278 0.826077 0.488543 0.00781578
57 0.586961 0.338278 0.826077 0.488543 0.0077619
40 0.334941 0.552671 0.669883 0.746363 0.00690746
39 0.254572 0.562268 0.192848 0.423605 0.00635609
56 0.488023 0.410653 0.210668 0.338209 0.00623092
40 0.4766 0.641679 0.236327 0.517243 0.00554746
60 0.355102 0.736347 0.710204 0.503162 0.0050588
40 0.474456 0.62584 0.200413 0.348454 0.00478327
60 0.302919 0.633718 0.605404 0.682548 0.00458184
40 0.684516 0.399969 0.624203 0.428635 0.00439966
56 0.953905 0.379974 0.0905532 0.229226 0.00425559
41 0.487138 0.409163 0.207433 0.335803 0.00388154
56 0.726646 0.510008 0.546707 0.586974 0.00383744
56 0.960213 0.403998 0.0792881 0.173926 0.00345632
56 0.630304 0.525499 0.739393 0.772389 0.00327986
62 0.730858 0.366 0.53665 0.520726 0.0031009
75 0.485676 0.40957 0.211092 0.334643 0.0028294
39 0.549005 0.321886 0.804795 0.532079 0.00279549
63 0.488023 0.410653 0.210668 0.338209 0.00260222
42 0.251052 0.721323 0.19272 0.491661 0.00255612
39 0.479923 0.675992 0.959845 0.58443 0.00252753
39 0.477278 0.608409 0.209414 0.435931 0.00237787
56 0.523318 0.425772 0.953364 0.639171 0.00231075
60 0.0820324 0.485667 0.163072 0.047475 0.00229037
43 0.25257 0.720363 0.193828 0.488167 0.00220248
41 0.473205 0.704261 0.192836 0.285199 0.0021174
40 0.251052 0.721323 0.19272 0.491661 0.00209877
39 0.440002 0.574191 0.880004 0.701137 0.00204805
60 0.523318 0.425772 0.953364 0.639171 0.00199798
60 0.473705 0.45939 0.318257 0.133739 0.00195926
40 0.479923 0.675992 0.959845 0.58443 0.00192127
60 0.22565 0.653888 0.450857 0.632433 0.00189096
60 0.192156 0.374781 0.384312 0.308012 0.0018492
56 0.192156 0.374781 0.384312 0.308012 0.00183693
56 0.864574 0.517006 0.267784 0.0755722 0.00177082
56 0.867518 0.55104 0.264964 0.160477 0.00175628
13 0.0719782 0.293948 0.142729 0.139385 0.00174496
43 0.0805937 0.485851 0.161187 0.0480139 0.00169784
60 0.429135 0.435479 0.160199 0.0628756 0.00156859
60 0.477278 0.608409 0.209414 0.435931 0.00155637
40 0.253705 0.802653 0.181312 0.314541 0.0015381
62 0.915813 0.0635228 0.164899 0.125171 0.00151891
39 0.487138 0.409163 0.207433 0.335803 0.00144696
60 0.630304 0.525499 0.739393 0.772389 0.00143835
44 0.251052 0.721323 0.19272 0.491661 0.00137979
60 0.416784 0.4265 0.139602 0.0615545 0.00135937
56 0.777462 0.396918 0.443227 0.233791 0.00127599
56 0.923622 0.390188 0.151818 0.244534 0.00127068
60 0.423774 0.41685 0.125406 0.0445351 0.00126198
28 0.735208 0.365979 0.527133 0.521031 0.00124884
59 0.549726 0.331189 0.899376 0.470967 0.00123435
42 0.734973 0.537993 0.530054 0.181203 0.00114509
60 0.0794834 0.367458 0.15813 0.0553413 0.00113234
73 0.0840744 0.293679 0.167763 0.140286 0.00109905
75 0.477278 0.608409 0.209414 0.435931 0.00106692
60 0.72899 0.538175 0.54202 0.179671 0.00104845
13 0.0809596 0.424714 0.159793 0.168653 0.00104356
60 0.0825737 0.370299 0.164658 0.286462 0.00103116
