40 0.583037 0.391644 0.441999 0.627022 0.937273
0 0.455716 0.596604 0.438679 0.785367 0.759128
39 0.47637 0.247548 0.222398 0.337516 0.0159249
0 0.713102 0.578283 0.190514 0.258524 0.00935179
40 0.474921 0.254105 0.22573 0.344782 0.00875142
39 0.716787 0.578119 0.18457 0.254841 0.00532484
44 0.580004 0.388251 0.440542 0.631746 0.00448027
0 0.669976 0.710007 0.280401 0.543839 0.00430986
40 0.544575 0.430757 0.282573 0.330313 0.00345916
40 0.565215 0.571285 0.482837 0.270269 0.00201747
0 0.667401 0.574881 0.280049 0.269156 0.00191176
0 0.565215 0.571285 0.482837 0.270269 0.00174415
39 0.580004 0.388251 0.440542 0.631746 0.00146386
40 0.716311 0.574685 0.185757 0.256369 0.00136608
40 0.580471 0.486409 0.437676 0.43963 0.00119945
41 0.583081 0.387367 0.439093 0.628668 0.00115356
14 0.582328 0.38994 0.440636 0.636052 0.00114217
