53 0.423809 0.456806 0.450281 0.120803 0.806837
72 0.75061 0.425973 0.497596 0.851815 0.678119
53 0.427082 0.524356 0.460263 0.109352 0.644339
69 0.407801 0.496781 0.746279 0.787976 0.253864
69 0.435705 0.581913 0.528412 0.560344 0.0924698
53 0.420897 0.588388 0.347958 0.0688596 0.0676343
53 0.433378 0.564722 0.389119 0.118716 0.0225266
72 0.412139 0.490243 0.741388 0.7992 0.0208196
68 0.407801 0.496781 0.746279 0.787976 0.0154208
53 0.382679 0.599175 0.247714 0.0429569 0.0149309
72 0.828118 0.573778 0.343764 0.670542 0.0132463
69 0.7528 0.436606 0.492672 0.873213 0.012923
53 0.428788 0.488002 0.467365 0.181299 0.0107914
0 0.752804 0.435773 0.49412 0.871547 0.00929376
72 0.435705 0.581913 0.528412 0.560344 0.00743452
53 0.536105 0.451859 0.219854 0.107915 0.00640631
45 0.898436 0.741183 0.075936 0.0331701 0.00522891
71 0.346214 0.160434 0.498934 0.0663311 0.00466689
48 0.429216 0.453064 0.451268 0.128396 0.00367042
69 0.533302 0.470048 0.931908 0.861291 0.00358024
53 0.400705 0.537508 0.404822 0.0849659 0.00356343
48 0.425364 0.522189 0.464248 0.111848 0.00327942
53 0.324433 0.442304 0.178112 0.0386807 0.00324872
69 0.826721 0.566881 0.346029 0.674209 0.0030441
53 0.515332 0.592156 0.139925 0.0551798 0.00295597
69 0.440557 0.591577 0.727327 0.585896 0.00294459
72 0.533302 0.470048 0.931908 0.861291 0.00272825
69 0.440683 0.700905 0.504917 0.321974 0.00233063
68 0.435705 0.581913 0.528412 0.560344 0.00228956
45 0.381921 0.396037 0.296194 0.0602445 0.00219372
68 0.7528 0.436606 0.492672 0.873213 0.00214577
60 0.419603 0.509087 0.722757 0.77363 0.00196597
69 0.584647 0.576322 0.830707 0.579582 0.00170395
52 0.427082 0.524356 0.460263 0.109352 0.00170344
53 0.541345 0.516821 0.237738 0.11953 0.00154543
72 0.580151 0.573432 0.823608 0.614745 0.00150287
53 0.390066 0.476847 0.384491 0.0765358 0.00144619
55 0.429216 0.453064 0.451268 0.128396 0.00131813
45 0.425364 0.522189 0.464248 0.111848 0.00125507
72 0.750437 0.153588 0.492711 0.303744 0.00122356
73 0.339591 0.164702 0.481732 0.0708448 0.00122011
60 0.346214 0.160434 0.498934 0.0663311 0.00119764
56 0.751675 0.422925 0.496651 0.84585 0.00114071
69 0.417846 0.466597 0.467705 0.1489 0.00107625
73 0.0554937 0.470638 0.110231 0.0939858 0.00105619
53 0.340397 0.477119 0.280756 0.0711872 0.00105584
69 0.346312 0.161158 0.482807 0.0670014 0.00104037
69 0.410434 0.23866 0.664541 0.168114 0.00100097
