62 0.419617 0.711404 0.413734 0.507681 0.870502
39 0.179678 0.830097 0.0935173 0.295015 0.834237
45 0.346852 0.22187 0.0792966 0.0587578 0.782642
73 0.770258 0.401163 0.0620653 0.146739 0.481941
73 0.69538 0.755937 0.0621409 0.166136 0.243788
73 0.850764 0.394285 0.0942593 0.164166 0.218729
14 0.282686 0.44358 0.214699 0.13459 0.129303
73 0.712074 0.391148 0.013709 0.130537 0.122804
73 0.698578 0.949729 0.123572 0.0903389 0.121334
73 0.671138 0.391099 0.0161501 0.133186 0.102155
73 0.686889 0.392745 0.0145618 0.131823 0.100739
73 0.683635 0.767109 0.0387208 0.153903 0.0994708
73 0.72976 0.393857 0.146983 0.146382 0.098902
73 0.679475 0.774275 0.0287857 0.139001 0.0985928
73 0.720286 0.390832 0.0125372 0.130569 0.0959924
73 0.715075 0.391472 0.0161341 0.130784 0.0869604
74 0.018334 0.331159 0.0363115 0.149942 0.0868852
73 0.731053 0.393059 0.0232914 0.132501 0.0822752
73 0.702818 0.39152 0.012856 0.130904 0.0814568
75 0.456835 0.206488 0.118073 0.190511 0.0799808
73 0.717678 0.391381 0.0133278 0.129549 0.0784278
73 0.696822 0.391795 0.0648529 0.135609 0.0739942
73 0.706834 0.391873 0.0121479 0.12977 0.0735665
73 0.684305 0.393092 0.0134091 0.131589 0.0730004
73 0.69514 0.393316 0.010713 0.128497 0.0665497
73 0.678685 0.78317 0.0248193 0.109819 0.0663083
73 0.733209 0.392097 0.0160441 0.13077 0.0660668
73 0.691346 0.392011 0.0115102 0.131241 0.0635084
73 0.701247 0.390516 0.0442603 0.134013 0.0557738
73 0.71122 0.391699 0.0201818 0.129015 0.0537651
73 0.703138 0.761152 0.045666 0.163656 0.0508724
73 0.667398 0.390569 0.0142275 0.136227 0.0472551
73 0.712566 0.777531 0.0248556 0.122369 0.0451106
74 0.0371241 0.0249655 0.0731312 0.0499311 0.0448997
45 0.874583 0.450813 0.0851937 0.0509547 0.0421989
73 0.231692 0.273924 0.110159 0.0161322 0.0402853
73 0.233771 0.257223 0.114314 0.024179 0.039115
77 0.814594 0.165172 0.0870058 0.148017 0.0357271
73 0.237736 0.237819 0.117307 0.03186 0.0318447
45 0.33965 0.278585 0.112215 0.0405816 0.0313201
73 0.693367 0.778454 0.0185576 0.116265 0.0305434
41 0.347344 0.22174 0.0805992 0.05917 0.0259694
75 0.435506 0.0825899 0.102946 0.130937 0.0226022
75 0.447986 0.158441 0.10761 0.280998 0.0224385
73 0.784136 0.865614 0.0862648 0.189971 0.0211836
73 0.739185 0.390052 0.019994 0.132179 0.020739
73 0.230717 0.289015 0.110531 0.016389 0.0205045
73 0.71458 0.764479 0.0277686 0.152217 0.0194476
73 0.71581 0.752249 0.0348719 0.167999 0.0189683
73 0.775431 0.267347 0.202668 0.069796 0.0182435
73 0.234694 0.252385 0.117039 0.0249002 0.0167036
73 0.743799 0.395943 0.0138923 0.130152 0.0161171
45 0.776932 0.267649 0.207528 0.06606 0.0155249
73 0.676994 0.800664 0.0239144 0.169168 0.0143222
73 0.62746 0.933645 0.0874393 0.0938611 0.0143044
73 0.746254 0.395049 0.0142565 0.130378 0.0140601
73 0.235822 0.246222 0.118624 0.0287946 0.0138454
75 0.436959 0.206234 0.0804974 0.193231 0.0136096
41 0.526165 0.224188 0.137452 0.165418 0.0134686
73 0.658486 0.788315 0.0182031 0.187665 0.0133505
65 0.235258 0.975867 0.0530159 0.0479349 0.012471
65 0.226893 0.975212 0.0752296 0.0495766 0.0124544
73 0.23212 0.282108 0.115646 0.019078 0.0123611
73 0.234155 0.25864 0.127348 0.0321602 0.0120468
73 0.694749 0.971674 0.110769 0.0461807 0.01186
73 0.675004 0.392169 0.0252384 0.14256 0.0118551
73 0.694521 0.960576 0.113 0.0663661 0.0117941
73 0.235884 0.277354 0.120481 0.0198704 0.0114633
73 0.233057 0.27317 0.124529 0.0246083 0.011037
73 0.689338 0.746169 0.049377 0.125458 0.0108607
77 0.435717 0.0828759 0.102703 0.131259 0.0103078
75 0.526165 0.224188 0.137452 0.165418 0.0100111
73 0.525802 0.224413 0.137394 0.165389 0.00991699
67 0.196022 0.974819 0.137802 0.0503625 0.00986779
45 0.331085 0.28074 0.0892836 0.0344003 0.00919989
62 0.843165 0.719413 0.291331 0.500956 0.00832471
58 0.436217 0.157668 0.100141 0.281996 0.00817147
75 0.24525 0.196736 0.056011 0.0543616 0.00771302
73 0.329696 0.2827 0.0938776 0.0321959 0.00757286
73 0.684062 0.397575 0.0205442 0.128506 0.00735554
63 0.419937 0.710792 0.413891 0.50885 0.00732815
73 0.682656 0.73072 0.0371547 0.0764516 0.00731292
73 0.803075 0.395412 0.0117161 0.139732 0.00717545
60 0.421506 0.908755 0.838509 0.168616 0.00694856
75 0.980206 0.0721159 0.0384281 0.140088 0.00674754
41 0.456835 0.206488 0.118073 0.190511 0.00667509
75 0.0181723 0.329263 0.0359024 0.154083 0.00648534
73 0.835784 0.396667 0.061371 0.148382 0.00646833
41 0.244664 0.197529 0.0569933 0.0558223 0.00635386
73 0.703524 0.390917 0.0211735 0.135951 0.00597602
73 0.24801 0.289741 0.158171 0.0217486 0.00584412
32 0.91381 0.799664 0.036261 0.0516182 0.00580174
73 0.659991 0.391838 0.0165175 0.137655 0.00555015
73 0.527951 0.963706 0.0934253 0.0714209 0.00551328
14 0.330279 0.432917 0.117753 0.0594955 0.00544339
41 0.180011 0.830033 0.0936482 0.295563 0.0054394
73 0.690275 0.39125 0.0296436 0.136532 0.00528294
73 0.729724 0.961438 0.189935 0.0741924 0.00514528
50 0.330334 0.434765 0.118325 0.0555691 0.00506806
73 0.239609 0.232658 0.11505 0.0246052 0.004933
65 0.196022 0.974819 0.137802 0.0503625 0.00486794
73 0.374878 0.283278 0.0393111 0.034771 0.00482303
45 0.3326 0.258496 0.0898524 0.0248023 0.00479805
73 0.691048 0.704564 0.0514376 0.0609421 0.00475556
73 0.75851 0.42131 0.0160029 0.0915768 0.00468341
65 0.634227 0.897748 0.0695428 0.0394018 0.00464541
75 0.437464 0.21401 0.0546337 0.164886 0.00446978
73 0.232054 0.280197 0.116337 0.0324053 0.00446284
73 0.775143 0.424234 0.028318 0.0965399 0.00446203
67 0.218011 0.97534 0.106449 0.0493192 0.00443974
60 0.424287 0.934789 0.835406 0.119428 0.00443444
75 0.874689 0.45022 0.085033 0.0522999 0.00442815
41 0.706071 0.890881 0.0766459 0.112526 0.00432083
73 0.661407 0.791434 0.0173442 0.183677 0.00430435
46 0.282438 0.444795 0.214588 0.134112 0.00426722
67 0.234175 0.976091 0.056101 0.0478182 0.00399682
73 0.62586 0.932355 0.0800514 0.0701235 0.00396639
73 0.364244 0.283143 0.0607392 0.0349346 0.00381097
73 0.364552 0.258662 0.0620024 0.0313263 0.00372958
73 0.628824 0.901634 0.0796705 0.0484486 0.00370568
41 0.851219 0.392413 0.0945366 0.161992 0.00365245
73 0.278847 0.278441 0.236454 0.0364259 0.0035482
73 0.706855 0.891336 0.0784081 0.111352 0.00343177
73 0.334248 0.251998 0.0996258 0.0261785 0.00336871
60 0.52268 0.942644 0.802199 0.110196 0.003355
39 0.438311 0.213773 0.050355 0.166353 0.00333989
73 0.633291 0.900612 0.0734163 0.0360951 0.00330216
74 0.24525 0.196736 0.056011 0.0543616 0.00318658
75 0.643136 0.127155 0.0988129 0.252719 0.0030801
0 0.543737 0.238604 0.0304449 0.0512951 0.00293455
73 0.480012 0.221338 0.0490782 0.158726 0.00293213
62 0.893622 0.718962 0.190238 0.501371 0.00287342
73 0.646988 0.951239 0.132393 0.0764657 0.00286677
73 0.673604 0.800056 0.01927 0.180978 0.00285214
73 0.778536 0.414883 0.0400967 0.11556 0.0027799
75 0.346962 0.221849 0.079827 0.0586654 0.00274134
41 0.707024 0.873439 0.0778657 0.0794976 0.0026747
60 0.440599 0.842913 0.872644 0.293356 0.00265062
74 0.526165 0.224188 0.137452 0.165418 0.00261611
73 0.337393 0.279409 0.116457 0.0432347 0.00259328
73 0.707024 0.873439 0.0778657 0.0794976 0.00259069
73 0.667503 0.942232 0.172175 0.0880279 0.00253621
65 0.697991 0.949067 0.120512 0.0894574 0.00252584
73 0.236673 0.287169 0.126316 0.025285 0.00251371
41 0.492192 0.13334 0.0446219 0.0406116 0.00242859
73 0.698322 0.396063 0.0256643 0.131521 0.00233683
73 0.196631 0.975029 0.138449 0.0499423 0.00232074
73 0.284349 0.284735 0.245202 0.0311626 0.00231472
68 0.842126 0.720311 0.294623 0.501879 0.0022943
73 0.742244 0.382649 0.188753 0.156401 0.00225911
45 0.332459 0.258741 0.0908569 0.0374589 0.00221476
77 0.979916 0.0696013 0.0390455 0.135209 0.00220466
73 0.405516 0.231573 0.0216343 0.138595 0.00219893
41 0.712312 0.920976 0.0662225 0.0667358 0.00216946
73 0.805126 0.39813 0.0119137 0.144271 0.00215274
73 0.67581 0.783798 0.0397961 0.17957 0.00214434
73 0.62243 0.950627 0.0774429 0.0718422 0.0021432
73 0.404471 0.254498 0.019875 0.0922072 0.00211358
73 0.706105 0.936962 0.10747 0.0550074 0.00207174
77 0.847124 0.392146 0.0415569 0.0784513 0.00205812
39 0.450781 0.206437 0.107424 0.19223 0.00205237
39 0.405516 0.231573 0.0216343 0.138595 0.00204617
74 0.436329 0.0686621 0.0988243 0.102512 0.00201404
73 0.406152 0.265925 0.0170355 0.06931 0.00199685
41 0.434403 0.209804 0.0621835 0.183018 0.00198942
75 0.808106 0.168052 0.0676055 0.141819 0.00194991
73 0.710741 0.916487 0.0652391 0.0569115 0.00185761
45 0.347347 0.267143 0.0967958 0.0445822 0.00182173
60 0.328194 0.954525 0.527542 0.09095 0.00181857
77 0.282686 0.44358 0.214699 0.13459 0.00181505
73 0.347347 0.267143 0.0967958 0.0445822 0.00179142
41 0.874689 0.45022 0.085033 0.0522999 0.00178656
0 0.532061 0.240492 0.0280349 0.0529764 0.00178149
47 0.91381 0.799664 0.036261 0.0516182 0.0017547
73 0.713724 0.936551 0.0793367 0.0500316 0.00173995
73 0.77555 0.395558 0.251356 0.164298 0.00173023
73 0.688102 0.700743 0.0477611 0.0455247 0.00168809
15 0.282936 0.443362 0.215644 0.135475 0.00168422
14 0.435717 0.0828759 0.102703 0.131259 0.00168195
68 0.418826 0.710233 0.414976 0.509275 0.00166771
65 0.526581 0.963796 0.0950538 0.0717821 0.00160518
73 0.23227 0.258872 0.118834 0.0556748 0.00157684
73 0.769874 0.439052 0.0106289 0.0646587 0.00157052
75 0.80587 0.200186 0.062368 0.0768763 0.00156251
41 0.48504 0.222195 0.056601 0.157229 0.00156066
73 0.378604 0.268084 0.0419166 0.0637028 0.00152609
65 0.710741 0.916487 0.0652391 0.0569115 0.00150231
50 0.282438 0.444795 0.214588 0.134112 0.0014827
14 0.311258 0.430771 0.158637 0.08599 0.00148097
77 0.435322 0.14502 0.103252 0.256729 0.00145569
65 0.694749 0.971674 0.110769 0.0461807 0.00144839
46 0.332407 0.432857 0.115748 0.0591006 0.00144765
75 0.496003 0.216525 0.196694 0.177818 0.00142485
73 0.796612 0.398608 0.016264 0.145236 0.00141963
58 0.435294 0.0816155 0.101904 0.129348 0.001378
41 0.435506 0.0825899 0.102946 0.130937 0.00135812
39 0.447986 0.158441 0.10761 0.280998 0.00135294
73 0.236687 0.230644 0.0911804 0.0229905 0.00133574
41 0.814632 0.16504 0.0858938 0.148046 0.00132564
45 0.244767 0.196938 0.0573279 0.0548676 0.0013088
73 0.289013 0.274987 0.229654 0.0534609 0.0013057
39 0.432334 0.209983 0.0722576 0.183535 0.00128362
0 0.521124 0.226628 0.0522007 0.0834596 0.00128183
45 0.706071 0.890881 0.0766459 0.112526 0.00127947
32 0.679883 0.0175245 0.0201141 0.0332179 0.00127548
73 0.524741 0.226178 0.065176 0.0923387 0.00124443
14 0.873089 0.449793 0.0814701 0.0521232 0.00123951
74 0.456345 0.207091 0.117536 0.190533 0.00123191
67 0.418826 0.710233 0.414976 0.509275 0.00121847
73 0.75323 0.402147 0.0281812 0.137595 0.0011749
40 0.437464 0.21401 0.0546337 0.164886 0.00117061
65 0.520254 0.981683 0.0811973 0.0319525 0.00116688
73 0.239932 0.240443 0.137399 0.0222041 0.00114882
75 0.480012 0.221338 0.0490782 0.158726 0.00114384
73 0.689919 0.68174 0.031416 0.0439256 0.00112799
77 0.779281 0.166264 0.163589 0.150315 0.00110599
73 0.279243 0.252768 0.224119 0.0344172 0.001104
75 0.66502 0.268707 0.0396074 0.0633779 0.00108805
73 0.75896 0.44368 0.0170311 0.0577133 0.00108263
73 0.727524 0.783414 0.0141954 0.108688 0.00108185
73 0.724825 0.779772 0.0188764 0.120963 0.00108108
75 0.434598 0.0630852 0.0919993 0.0908713 0.00108045
73 0.525924 0.974804 0.0962444 0.050393 0.00106108
65 0.525924 0.974804 0.0962444 0.050393 0.00105828
73 0.524876 0.983283 0.0916644 0.0322589 0.00105375
75 0.851219 0.392413 0.0945366 0.161992 0.00105217
77 0.24525 0.196736 0.056011 0.0543616 0.00104767
60 0.267051 0.902316 0.534101 0.190697 0.00102893
41 0.33965 0.278585 0.112215 0.0405816 0.00101417
55 0.526165 0.224188 0.137452 0.165418 0.00100592
45 0.239701 0.23365 0.109039 0.0252986 0.00100061
