0 0.838133 0.842745 0.0714047 0.173281 0.842572
30 0.827454 0.925524 0.124161 0.0566912 0.500782
0 0.79999 0.493594 0.0549976 0.0597169 0.35042
24 0.822289 0.807059 0.0262058 0.0837964 0.239008
31 0.762297 0.584196 0.0241027 0.031995 0.164642
30 0.858335 0.924229 0.176881 0.0518239 0.147275
0 0.762654 0.584101 0.023777 0.0316386 0.135583
24 0.828481 0.805482 0.0351442 0.0785734 0.134869
0 0.54227 0.441226 0.0136945 0.0257425 0.0906615
30 0.890168 0.932288 0.115956 0.0256482 0.0779862
24 0.816715 0.811641 0.0377663 0.0776699 0.0775291
24 0.808412 0.812555 0.019858 0.0592211 0.0687655
24 0.841342 0.795861 0.0270504 0.0444926 0.0438085
30 0.860372 0.934211 0.173274 0.0397099 0.0349736
30 0.815725 0.918579 0.0984537 0.0387767 0.0337641
30 0.84107 0.929875 0.121245 0.0435476 0.0316494
30 0.762489 0.583834 0.0241048 0.0332476 0.0250047
0 0.540207 0.442394 0.0189358 0.0305908 0.0245797
0 0.789 0.532866 0.0776422 0.1394 0.020511
30 0.883629 0.938026 0.0905663 0.028606 0.020231
30 0.87689 0.929322 0.148744 0.0347081 0.0172917
24 0.847255 0.790791 0.0360912 0.065133 0.0171882
30 0.77948 0.916029 0.0618565 0.0342402 0.0160413
31 0.8002 0.49363 0.0546186 0.0591326 0.0148791
30 0.803193 0.915915 0.0730619 0.033618 0.0134532
30 0.862929 0.937539 0.060157 0.0299507 0.0114639
30 0.845547 0.934304 0.09065 0.0365293 0.0111088
24 0.762419 0.584021 0.0238095 0.0319463 0.009224
30 0.768074 0.915808 0.0400828 0.030383 0.0088816
30 0.790125 0.913358 0.049704 0.0307643 0.00880826
30 0.893107 0.938091 0.150661 0.0345413 0.00801137
30 0.906057 0.930118 0.0937872 0.0225763 0.00787419
30 0.801085 0.492837 0.0547005 0.0580303 0.00784063
0 0.820497 0.839126 0.0381866 0.151895 0.00695822
30 0.833176 0.916512 0.0968803 0.0494414 0.00661531
30 0.830115 0.913018 0.115918 0.0276421 0.00618637
24 0.805725 0.812865 0.0299828 0.059097 0.00589225
0 0.538284 0.446202 0.0232899 0.038867 0.00496513
24 0.850505 0.794899 0.0397161 0.051182 0.00469008
30 0.817243 0.911255 0.145067 0.0812177 0.00399038
30 0.801609 0.907119 0.0738945 0.0451167 0.00397676
26 0.840105 0.79887 0.0258566 0.0522441 0.00380579
31 0.82685 0.925661 0.120069 0.0560552 0.00285316
31 0.800625 0.515556 0.0554609 0.0322586 0.00282618
24 0.7987 0.493548 0.0516243 0.0586305 0.0027999
30 0.768688 0.583611 0.0358501 0.0323372 0.00276774
30 0.934935 0.935905 0.0524532 0.0186114 0.0027414
30 0.837437 0.913472 0.0932955 0.0227491 0.00267762
30 0.804024 0.925645 0.087989 0.0516276 0.00258777
14 0.762419 0.584021 0.0238095 0.0319463 0.00254482
33 0.762419 0.584021 0.0238095 0.0319463 0.00228921
30 0.752351 0.907949 0.0787064 0.0407595 0.00228006
31 0.768688 0.583611 0.0358501 0.0323372 0.00208348
31 0.890168 0.932288 0.115956 0.0256482 0.00203344
24 0.809921 0.812373 0.0386856 0.0729085 0.00202337
14 0.54227 0.441226 0.0136945 0.0257425 0.00192973
24 0.833308 0.785027 0.0494293 0.0593033 0.00192538
30 0.777803 0.581731 0.0543995 0.0287542 0.00182605
36 0.762654 0.584101 0.023777 0.0316386 0.00179893
0 0.815065 0.84534 0.0366871 0.156577 0.00174361
0 0.843208 0.805049 0.0567471 0.0952137 0.0016045
30 0.540207 0.442394 0.0189358 0.0305908 0.00149921
26 0.821995 0.805989 0.026556 0.0823084 0.00147709
30 0.872405 0.897831 0.156927 0.102894 0.00141969
31 0.756829 0.584132 0.0367724 0.0345392 0.00140673
37 0.762419 0.584021 0.0238095 0.0319463 0.00133258
31 0.540207 0.442394 0.0189358 0.0305908 0.00129735
30 0.83878 0.935 0.110213 0.0608838 0.00128561
24 0.825958 0.783985 0.0338272 0.0591489 0.00125852
26 0.830802 0.803926 0.038522 0.0828629 0.00125575
16 0.800507 0.493719 0.0539139 0.059061 0.0012379
31 0.857124 0.928604 0.178146 0.0393372 0.00123739
30 0.538284 0.446202 0.0232899 0.038867 0.00122267
0 0.656347 0.313402 0.0133845 0.0384451 0.00122231
30 0.751721 0.91392 0.0638279 0.034105 0.00120807
30 0.870663 0.916284 0.131325 0.0287341 0.0011999
30 0.800625 0.515556 0.0554609 0.0322586 0.00117147
30 0.947522 0.937986 0.0485516 0.0189974 0.00111932
24 0.817256 0.846048 0.0423504 0.155312 0.00109407
56 0.762558 0.58427 0.0239079 0.0316948 0.00107887
31 0.54227 0.441226 0.0136945 0.0257425 0.00106657
30 0.84061 0.894382 0.167724 0.122506 0.00105861
0 0.651257 0.314624 0.0243914 0.0415518 0.00105125
30 0.913202 0.949173 0.159914 0.0400627 0.00103721
0 0.156534 0.392093 0.0110311 0.0150028 0.00100631
