63 0.686107 0.397607 0.599288 0.587213 0.8711
62 0.684507 0.322592 0.322858 0.247353 0.512443
63 0.612794 0.444136 0.762122 0.66104 0.439941
0 0.710186 0.329027 0.158019 0.173722 0.414781
0 0.68659 0.329178 0.11138 0.17283 0.182628
63 0.683182 0.319519 0.324763 0.2546 0.145382
67 0.683973 0.319409 0.323735 0.252358 0.105369
63 0.562044 0.536898 0.871544 0.842329 0.0583788
0 0.758464 0.354941 0.0644371 0.118944 0.0316946
63 0.325124 0.448595 0.18783 0.652775 0.0221094
62 0.682057 0.398231 0.598233 0.609171 0.0163922
60 0.562044 0.536898 0.871544 0.842329 0.0129472
63 0.431858 0.444638 0.399455 0.658507 0.00864151
0 0.760021 0.338609 0.0569275 0.0832339 0.00650713
62 0.560036 0.553918 0.873231 0.814255 0.00637195
62 0.6128 0.44167 0.763433 0.667063 0.00601852
0 0.719 0.349332 0.147778 0.129669 0.00553253
66 0.683106 0.405238 0.598076 0.637094 0.00475454
60 0.606177 0.441089 0.770204 0.671085 0.00445426
67 0.683374 0.397289 0.59861 0.608074 0.00444463
62 0.720449 0.325857 0.251133 0.221278 0.00414342
0 0.682575 0.321638 0.0850334 0.15588 0.00413895
73 0.683106 0.405238 0.598076 0.637094 0.00409126
28 0.682057 0.398231 0.598233 0.609171 0.00381601
73 0.683493 0.325765 0.319753 0.241466 0.00375304
73 0.312043 0.441547 0.160254 0.649659 0.00360581
32 0.759348 0.348713 0.061009 0.103417 0.00285563
32 0.759993 0.333819 0.0577865 0.0737448 0.00284588
65 0.683493 0.325765 0.319753 0.241466 0.00274706
66 0.683493 0.325765 0.319753 0.241466 0.00271171
67 0.313245 0.445673 0.162763 0.654612 0.00244796
73 0.316031 0.231852 0.156077 0.235452 0.00240272
64 0.0199927 0.354157 0.0386417 0.0734286 0.00209481
68 0.684919 0.321657 0.323229 0.246584 0.00201553
74 0.683493 0.325765 0.319753 0.241466 0.00187376
62 0.711014 0.329316 0.159529 0.175267 0.00180104
65 0.0199927 0.354157 0.0386417 0.0734286 0.00172231
27 0.312043 0.441547 0.160254 0.649659 0.00146928
2 0.0201026 0.353904 0.0385312 0.0727567 0.00143558
0 0.762257 0.335547 0.0661322 0.177598 0.00136209
66 0.615914 0.495938 0.768172 0.56486 0.00130674
0 0.683233 0.296711 0.083116 0.106761 0.00119737
68 0.682057 0.398231 0.598233 0.609171 0.00119382
67 0.739631 0.322092 0.212829 0.224697 0.00118399
9 0.686003 0.3203 0.31975 0.242523 0.00114569
68 0.557884 0.554286 0.884233 0.816821 0.00101328
28 0.610892 0.443185 0.757253 0.666222 0.00100768
66 0.313245 0.445673 0.162763 0.654612 0.00100654
