23 0.344066 0.653162 0.368216 0.681831 0.950428
23 0.760393 0.57321 0.263648 0.454736 0.94338
0 0.0576708 0.641401 0.113766 0.694995 0.747378
0 0.0676714 0.564104 0.131838 0.813321 0.693022
0 0.0569105 0.808411 0.112192 0.370789 0.221543
0 0.0671872 0.723749 0.13112 0.538204 0.040889
26 0.10729 0.9384 0.0525661 0.119004 0.0350943
0 0.0562346 0.258762 0.112001 0.202486 0.0344897
0 0.0915347 0.68738 0.0843053 0.448271 0.0205057
26 0.0972809 0.943131 0.0363911 0.110563 0.0171846
0 0.0878048 0.534981 0.0890302 0.607213 0.0156184
26 0.106823 0.91749 0.05682 0.157034 0.0116166
0 0.0589145 0.398852 0.116403 0.483379 0.0112802
26 0.104664 0.870674 0.0606266 0.25374 0.0107107
0 0.0445335 0.568668 0.086856 0.558203 0.00459644
26 0.0671872 0.723749 0.13112 0.538204 0.00341061
26 0.095392 0.818225 0.0752316 0.356788 0.00338545
26 0.0915347 0.68738 0.0843053 0.448271 0.00331235
26 0.0692113 0.940857 0.138423 0.118286 0.00310367
26 0.0911153 0.603138 0.0857088 0.535946 0.00244284
24 0.10729 0.9384 0.0525661 0.119004 0.00223163
23 0.689983 0.565087 0.0899841 0.28401 0.00217447
0 0.0411629 0.507918 0.0809156 0.4174 0.00209844
23 0.701599 0.55914 0.123439 0.329054 0.00202063
23 0.331575 0.408567 0.0602544 0.110537 0.00171533
26 0.157665 0.90498 0.110176 0.184215 0.00156778
24 0.104664 0.870674 0.0606266 0.25374 0.0012365
26 0.104361 0.947155 0.0363177 0.105586 0.00113854
26 0.0983329 0.923557 0.0427622 0.149509 0.00112158
0 0.0699142 0.542145 0.124349 0.518671 0.00110802
24 0.106823 0.91749 0.05682 0.157034 0.00105852
26 0.0569105 0.808411 0.112192 0.370789 0.00105852
24 0.0671872 0.723749 0.13112 0.538204 0.00102776
26 0.0579853 0.632813 0.1134 0.718682 0.00100797
24 0.0916706 0.649497 0.0837498 0.475846 0.00100762
