2 0.288567 0.718873 0.366536 0.228325 0.845164
74 0.392601 0.187485 0.306882 0.237974 0.808133
11 0.278813 0.413237 0.0797942 0.118335 0.780135
2 0.186834 0.586339 0.15964 0.063936 0.423332
7 0.237932 0.598698 0.263162 0.0897702 0.239046
7 0.186552 0.586668 0.159791 0.0642279 0.189755
11 0.296798 0.418653 0.0427811 0.100386 0.114001
74 0.420056 0.204288 0.390147 0.289298 0.0966873
2 0.237672 0.59675 0.265864 0.0846048 0.067841
7 0.289186 0.720053 0.368299 0.228695 0.0493665
13 0.925229 0.6487 0.0550749 0.0422272 0.0429736
7 0.332748 0.615274 0.0753068 0.0518843 0.0276231
13 0.926106 0.631288 0.0579572 0.0473373 0.0189974
10 0.652033 0.64346 0.0307348 0.0596478 0.0180907
0 0.856037 0.617022 0.0244559 0.0302235 0.0168944
0 0.239936 0.64819 0.0400063 0.0327172 0.0138774
1 0.845749 0.621279 0.0484851 0.0381814 0.0136289
13 0.938737 0.627179 0.0340109 0.0353455 0.0118914
2 0.842785 0.621545 0.0510265 0.0374714 0.0113026
13 0.933643 0.636237 0.0440496 0.0556845 0.00965187
0 0.988827 0.593108 0.0175674 0.0246416 0.00819936
11 0.260816 0.414374 0.0437055 0.112775 0.0077177
2 0.333096 0.611728 0.0746138 0.0452866 0.00736704
13 0.864189 0.624777 0.0456557 0.0309142 0.00648725
7 0.222717 0.589928 0.23421 0.0701113 0.00625712
0 0.985338 0.591505 0.0159643 0.0250385 0.00562957
1 0.856172 0.620243 0.0265464 0.0358337 0.00541085
13 0.941268 0.620904 0.0337959 0.0271255 0.00527731
0 0.845345 0.619964 0.0465548 0.0383649 0.00520524
13 0.913349 0.630437 0.033239 0.0255494 0.00483468
13 0.801791 0.627767 0.0508425 0.02563 0.00474373
58 0.914464 0.616686 0.0349264 0.0276505 0.00471067
13 0.892987 0.628302 0.0661352 0.0262754 0.00462681
2 0.802385 0.624458 0.0519618 0.0216167 0.00430372
11 0.299492 0.400898 0.0371858 0.111981 0.00422174
13 0.9237 0.61725 0.0509436 0.0329208 0.00416887
58 0.300927 0.838881 0.147467 0.15928 0.00415367
2 0.246775 0.646979 0.256633 0.0803987 0.00406283
13 0.901672 0.637761 0.0909081 0.0446967 0.00387728
0 0.852916 0.621103 0.0365763 0.0376091 0.0038068
13 0.845749 0.621279 0.0484851 0.0381814 0.00368696
2 0.282133 0.65768 0.190041 0.0825478 0.00357214
12 0.33277 0.607872 0.0729632 0.0352493 0.0034363
0 0.976948 0.590609 0.0150035 0.0267534 0.00336865
2 0.304917 0.659969 0.176525 0.0701577 0.00329849
0 0.0936586 0.790882 0.0096543 0.0166298 0.00315875
2 0.852916 0.621103 0.0365763 0.0376091 0.00290793
2 0.795031 0.62123 0.0355925 0.0115515 0.00287595
2 0.833325 0.620663 0.0730738 0.0380024 0.00283194
0 0.222064 0.557946 0.019142 0.0115713 0.00282115
3 0.845749 0.621279 0.0484851 0.0381814 0.00279292
13 0.944623 0.618243 0.032623 0.0237645 0.0027574
0 0.234378 0.658151 0.0538845 0.0587507 0.00273401
2 0.237184 0.572755 0.0361407 0.0259784 0.00270084
2 0.652066 0.642705 0.032069 0.0605633 0.00267774
13 0.45288 0.635182 0.0514598 0.040707 0.00262973
13 0.795031 0.62123 0.0355925 0.0115515 0.00259736
58 0.321658 0.850287 0.0966263 0.14208 0.00255036
9 0.333096 0.611728 0.0746138 0.0452866 0.00253773
1 0.862584 0.620006 0.0404048 0.0346369 0.00238609
13 0.893312 0.625757 0.0826899 0.0337385 0.00233486
0 0.6546 0.640479 0.0314812 0.0642371 0.00228396
11 0.308659 0.407682 0.140606 0.131488 0.00224552
0 0.23256 0.572111 0.045385 0.0276129 0.00220969
13 0.900272 0.65107 0.09845 0.0496146 0.00220647
0 0.973418 0.585517 0.0119367 0.0332739 0.00217763
13 0.78616 0.627899 0.0738289 0.0237159 0.00216496
0 0.658475 0.627042 0.0220018 0.0397354 0.00214648
11 0.33277 0.607872 0.0729632 0.0352493 0.00214589
13 0.773438 0.62782 0.102125 0.0254166 0.00213319
13 0.89019 0.631874 0.0829107 0.0351083 0.00212619
2 0.311282 0.671836 0.277888 0.108056 0.00209802
58 0.845749 0.621279 0.0484851 0.0381814 0.00208399
58 0.9237 0.61725 0.0509436 0.0329208 0.00203061
12 0.320186 0.607117 0.0474721 0.0327602 0.0020099
13 0.731137 0.640857 0.126528 0.0547419 0.00199962
2 0.862584 0.620006 0.0404048 0.0346369 0.0019303
2 0.251216 0.629395 0.24326 0.0688569 0.00192434
2 0.856037 0.617022 0.0244559 0.0302235 0.00186592
1 0.864189 0.624777 0.0456557 0.0309142 0.00186461
0 0.987545 0.587313 0.0214724 0.0355598 0.00186434
13 0.751191 0.629708 0.145591 0.0369943 0.00183135
74 0.560831 0.19682 0.104414 0.23481 0.00181642
13 0.705024 0.652858 0.0704988 0.0271799 0.00180221
2 0.864189 0.624777 0.0456557 0.0309142 0.001798
11 0.293731 0.360171 0.0224345 0.030495 0.00175074
13 0.943596 0.625547 0.0358925 0.0395567 0.00173253
11 0.320186 0.607117 0.0474721 0.0327602 0.00172585
2 0.451092 0.719443 0.0456497 0.0918479 0.00168973
13 0.786915 0.622421 0.0661059 0.0157507 0.0016802
9 0.320186 0.607117 0.0474721 0.0327602 0.00167328
58 0.923476 0.61236 0.0242338 0.02582 0.00166923
11 0.335448 0.387795 0.0853378 0.0964235 0.00166252
5 0.33303 0.616029 0.0748951 0.053219 0.00164151
13 0.887388 0.689932 0.113611 0.0147136 0.00161558
2 0.320186 0.607117 0.0474721 0.0327602 0.0016126
2 0.334533 0.620512 0.0784 0.0622213 0.00156951
2 0.453389 0.635733 0.0509005 0.0422201 0.00150114
56 0.925229 0.6487 0.0550749 0.0422272 0.00148416
0 0.650887 0.644814 0.0311392 0.0573614 0.0014641
13 0.767942 0.642328 0.110785 0.0522252 0.0014427
13 0.720081 0.65039 0.0968852 0.0340035 0.00144002
74 0.586056 0.194563 0.0567131 0.162164 0.00140354
13 0.78539 0.641067 0.0875197 0.0484289 0.00139847
0 0.225396 0.656311 0.0733779 0.0613044 0.00138649
5 0.238388 0.597879 0.265535 0.0878778 0.00130877
13 0.70037 0.63957 0.0748863 0.0536631 0.0012956
13 0.862584 0.620006 0.0404048 0.0346369 0.00127891
13 0.761208 0.619779 0.129185 0.0257538 0.00126129
74 0.551971 0.177187 0.0561675 0.156454 0.00124317
56 0.933643 0.636237 0.0440496 0.0556845 0.00123966
12 0.293188 0.659623 0.155996 0.070277 0.00123316
1 0.833325 0.620663 0.0730738 0.0380024 0.00121355
74 0.57624 0.185925 0.0762054 0.214142 0.00120735
13 0.754939 0.650674 0.0510648 0.0342852 0.00120473
0 0.862584 0.620006 0.0404048 0.0346369 0.00119147
0 0.217629 0.572756 0.0480262 0.0282787 0.00118884
13 0.698302 0.648829 0.0712583 0.0343027 0.00118715
3 0.856172 0.620243 0.0265464 0.0358337 0.00117898
13 0.897293 0.64747 0.117179 0.0698324 0.00116789
56 0.844022 0.622678 0.0478036 0.0355848 0.00113571
58 0.913349 0.630437 0.033239 0.0255494 0.00111637
0 0.238113 0.666509 0.046939 0.0568499 0.00111413
13 0.891274 0.619716 0.0665398 0.0334504 0.00108916
10 0.856172 0.620243 0.0265464 0.0358337 0.00108689
2 0.333197 0.63746 0.0678539 0.0258521 0.00106642
29 0.887802 0.689481 0.115289 0.0151449 0.00105834
58 0.856037 0.617022 0.0244559 0.0302235 0.00102913
7 0.251216 0.629395 0.24326 0.0688569 0.00102565
2 0.400321 0.721373 0.14608 0.0963951 0.00102261
2 0.563834 0.630125 0.204879 0.0873169 0.00100428
