29 0.646309 0.541042 0.55325 0.473153 0.99234
16 0.474231 0.491451 0.948462 0.916943 0.931385
16 0.666551 0.528904 0.518395 0.829241 0.0715205
29 0.490221 0.488387 0.980443 0.892592 0.0352201
0 0.643113 0.503151 0.564029 0.876508 0.0137283
29 0.643113 0.503151 0.564029 0.876508 0.00574678
0 0.490221 0.488387 0.980443 0.892592 0.00480363
20 0.490221 0.488387 0.980443 0.892592 0.00290802
15 0.474231 0.491451 0.948462 0.916943 0.00154635
17 0.474231 0.491451 0.948462 0.916943 0.00124577
20 0.666551 0.528904 0.518395 0.829241 0.00119114
45 0.6458 0.544609 0.555093 0.470237 0.00109348
16 0.475529 0.619197 0.903893 0.666468 0.00101
