20 0.651547 0.689473 0.107782 0.169917 0.898885
20 0.364745 0.67136 0.115993 0.192457 0.86764
20 0.786928 0.693663 0.113383 0.171069 0.858052
20 0.0428517 0.690574 0.08323 0.134027 0.84702
20 0.558701 0.720963 0.0641874 0.103104 0.845203
20 0.258054 0.692152 0.0976494 0.150705 0.831816
20 0.167983 0.708281 0.0613464 0.104682 0.626601
20 0.15457 0.704535 0.0894905 0.115146 0.224959
20 0.982264 0.525016 0.0237728 0.0637462 0.0289061
20 0.215835 0.645944 0.0224061 0.0731076 0.0245339
2 0.085923 0.469914 0.0271941 0.0395493 0.0226389
20 0.127733 0.685411 0.0244876 0.0408589 0.0173442
20 0.834228 0.723565 0.021563 0.104797 0.0168403
20 0.158258 0.713141 0.0395165 0.0968495 0.0146227
20 0.131026 0.64453 0.0168934 0.038732 0.0142317
20 0.245129 0.695069 0.0705507 0.141164 0.0120824
20 0.133983 0.697621 0.0505911 0.0679252 0.0086399
20 0.40917 0.672949 0.0303571 0.0580976 0.00774315
20 0.142153 0.645171 0.0396007 0.0449475 0.00770694
20 0.143821 0.699193 0.065098 0.0862464 0.00719357
20 0.296017 0.693485 0.0520549 0.126564 0.00697815
20 0.204038 0.662762 0.0439209 0.068895 0.00697029
20 0.190836 0.687497 0.0212689 0.0641164 0.00696963
20 0.409235 0.704621 0.0348444 0.122582 0.00545904
20 0.392225 0.705854 0.0660104 0.117908 0.004738
20 0.983762 0.502572 0.0311625 0.1122 0.00444072
20 0.630398 0.739416 0.0596441 0.0635317 0.00443709
20 0.290398 0.699095 0.0392043 0.127724 0.00421676
20 0.961727 0.525337 0.0719641 0.137125 0.00381264
20 0.297181 0.657909 0.0455887 0.0615404 0.00359645
20 0.146103 0.712282 0.07034 0.0967747 0.00320843
20 0.945727 0.54417 0.0445053 0.124785 0.00310087
19 0.0428002 0.691414 0.0837166 0.133578 0.00290379
20 0.133666 0.687581 0.0615922 0.103298 0.0027191
20 0.283918 0.694709 0.0430733 0.140192 0.00264978
20 0.217835 0.659907 0.0183637 0.0757257 0.00261584
20 0.450575 0.713439 0.0648853 0.0689584 0.00246739
20 0.977203 0.522254 0.0375011 0.0763016 0.00238696
20 0.314637 0.648785 0.0175793 0.0559963 0.00238562
20 0.456575 0.709257 0.0526712 0.0551945 0.00238326
19 0.786619 0.693605 0.113264 0.170949 0.00231746
20 0.503848 0.715081 0.0127056 0.0318409 0.00226301
20 0.981517 0.485001 0.036837 0.150581 0.00223273
20 0.206545 0.657931 0.0410062 0.100446 0.00219986
20 0.383284 0.718916 0.0787143 0.0935945 0.00212571
20 0.123299 0.643696 0.0281962 0.0537604 0.00212497
20 0.817319 0.723219 0.0547216 0.105145 0.00198662
20 0.155527 0.657411 0.0553108 0.0668994 0.00197655
20 0.441985 0.716008 0.0807609 0.0850203 0.00196612
20 0.628346 0.701931 0.0634794 0.136873 0.0019592
2 0.067771 0.476103 0.0645292 0.0528311 0.00193763
0 0.131026 0.64453 0.0168934 0.038732 0.00189048
20 0.28171 0.726238 0.0360271 0.0766616 0.00186297
20 0.122398 0.692473 0.0361301 0.0521326 0.00183502
20 0.410125 0.688625 0.0321154 0.0989016 0.00171301
20 0.303366 0.669944 0.035995 0.0679991 0.00169626
20 0.492644 0.709975 0.0345946 0.0527226 0.00168574
20 0.31655 0.621492 0.0127634 0.0351922 0.00165954
20 0.303715 0.654992 0.0350824 0.0379772 0.00162062
22 0.903361 0.709798 0.0325788 0.0497811 0.00145656
22 0.131026 0.64453 0.0168934 0.038732 0.001452
22 0.900083 0.711316 0.0262024 0.0421413 0.00142294
0 0.834674 0.723876 0.0208008 0.103533 0.00139832
20 0.639966 0.739177 0.0430992 0.0640547 0.00138226
20 0.00760465 0.705334 0.0149579 0.0885775 0.00137752
20 0.0871968 0.646319 0.0328899 0.0624094 0.00136089
17 0.786619 0.693605 0.113264 0.170949 0.00134328
20 0.31611 0.674128 0.0164845 0.0672415 0.00128648
20 0.0721975 0.685202 0.027521 0.0992919 0.00128597
20 0.386052 0.677907 0.481525 0.170724 0.00128537
20 0.0787676 0.644014 0.0301563 0.0659512 0.00122729
13 0.303715 0.654992 0.0350824 0.0379772 0.00119305
20 0.100811 0.693149 0.200967 0.142425 0.00107327
20 0.315798 0.7358 0.0177848 0.0511169 0.00106871
20 0.673075 0.721886 0.0620017 0.101796 0.00105631
20 0.801937 0.732294 0.0355534 0.0837198 0.00105625
20 0.68147 0.707692 0.047415 0.12823 0.00104311
20 0.0682656 0.651292 0.0331737 0.06722 0.00102231
