23 0.769039 0.490377 0.3438 0.698222 0.958809
23 0.183521 0.903326 0.209791 0.148844 0.844114
23 0.151537 0.913146 0.293011 0.173709 0.0103019
23 0.233013 0.873578 0.110481 0.0882299 0.00576293
23 0.635539 0.779589 0.0470068 0.134 0.00523221
23 0.72332 0.794721 0.0267167 0.081506 0.00229946
23 0.253222 0.866499 0.0717595 0.078331 0.00191221
23 0.185642 0.890334 0.107977 0.0996359 0.0018383
23 0.25346 0.897924 0.0847896 0.0596076 0.00173309
23 0.245351 0.88955 0.0915933 0.0769063 0.00154155
23 0.462634 0.86706 0.0348225 0.0355166 0.00126883
23 0.6034 0.780881 0.111149 0.144689 0.00126201
23 0.255529 0.907909 0.0793585 0.0253471 0.0010559
23 0.419689 0.878482 0.109393 0.0512798 0.00103182
23 0.635182 0.730977 0.0424026 0.0323131 0.00103059
