45 0.499758 0.812352 0.204991 0.190688 0.896264
72 0.668465 0.539145 0.0830161 0.256281 0.414967
60 0.493622 0.789661 0.640034 0.394442 0.363872
72 0.68576 0.539021 0.120486 0.261417 0.320763
69 0.800658 0.805311 0.398146 0.321143 0.2496
39 0.986915 0.585626 0.0257446 0.0772762 0.200803
62 0.323382 0.145266 0.0664998 0.107711 0.150648
68 0.323231 0.144892 0.0666394 0.106747 0.117698
69 0.145599 0.538163 0.200755 0.104874 0.113963
45 0.609067 0.17548 0.131923 0.0364057 0.095915
69 0.189115 0.535688 0.111888 0.0989376 0.0952782
44 0.395943 0.84959 0.0516109 0.0259125 0.0921974
69 0.145795 0.700664 0.201482 0.259284 0.0828138
72 0.587664 0.533375 0.0866631 0.242087 0.0827124
43 0.396903 0.849338 0.0529017 0.0269458 0.0825525
41 0.774337 0.203108 0.0428074 0.099059 0.0685093
41 0.856108 0.238685 0.0309925 0.0594816 0.053603
69 0.100728 0.689619 0.0953788 0.141939 0.05077
43 0.340246 0.498343 0.0121541 0.0600605 0.0431277
45 0.517791 0.257535 0.073809 0.0600355 0.0424805
69 0.0924455 0.544316 0.095032 0.0990561 0.0403584
45 0.518077 0.245805 0.0704955 0.0379864 0.0386029
45 0.275168 0.353192 0.0492634 0.0336577 0.0366135
45 0.613347 0.196676 0.137413 0.073791 0.0364524
44 0.54716 0.805628 0.0577494 0.0702978 0.0352592
45 0.583929 0.253898 0.0683931 0.0376278 0.0351476
45 0.376021 0.314846 0.0466434 0.0425183 0.0341167
45 0.391687 0.4977 0.0423903 0.0516642 0.0336073
45 0.739019 0.248068 0.0282869 0.0145397 0.031356
69 0.903862 0.848406 0.192276 0.234855 0.0311379
41 0.769286 0.688221 0.0246857 0.0258297 0.0295469
72 0.634402 0.544803 0.18352 0.264799 0.0282847
68 0.0924455 0.544316 0.095032 0.0990561 0.0281925
45 0.810845 0.200279 0.116271 0.12532 0.0279447
43 0.342599 0.497107 0.0123513 0.05952 0.0266479
69 0.952549 0.685399 0.094297 0.149017 0.0264821
45 0.774232 0.200917 0.0429399 0.095951 0.0254822
44 0.34007 0.501773 0.0111446 0.0540524 0.0234495
69 0.323447 0.145699 0.0666606 0.10762 0.0215437
43 0.354714 0.478162 0.00909801 0.0595373 0.0214522
72 0.583546 0.504424 0.0757324 0.182582 0.0212999
43 0.328619 0.478383 0.012534 0.0991362 0.021016
71 0.63157 0.80218 0.380663 0.295017 0.020368
44 0.327832 0.49581 0.0146713 0.060448 0.0189238
45 0.489307 0.691872 0.0870688 0.0705163 0.0187559
45 0.614283 0.220975 0.132996 0.0363366 0.0175973
45 0.302918 0.600755 0.0704098 0.109197 0.0167595
72 0.724726 0.538866 0.0438591 0.264289 0.0163983
44 0.342214 0.498329 0.0126912 0.0612397 0.0155005
43 0.33764 0.480343 0.0143251 0.100173 0.0152796
72 0.26925 0.485035 0.0816753 0.18524 0.0145605
68 0.145304 0.539981 0.20104 0.105487 0.0140519
43 0.353733 0.469505 0.00830469 0.0405149 0.0139676
69 0.718963 0.787212 0.5562 0.357193 0.0137749
43 0.371241 0.490013 0.00791092 0.0399007 0.0137039
45 0.827098 0.191016 0.0770996 0.107517 0.0134199
45 0.362239 0.278457 0.0606499 0.0325553 0.0133634
44 0.297089 0.250527 0.0154307 0.107412 0.0132828
45 0.570895 0.225407 0.0448192 0.0308339 0.0129002
44 0.328403 0.477403 0.0148031 0.0987184 0.0126429
43 0.327832 0.49581 0.0146713 0.060448 0.0124083
71 0.70039 0.774242 0.538229 0.355847 0.0121609
69 0.841208 0.812733 0.317584 0.269194 0.0119832
60 0.537419 0.842656 0.554426 0.292604 0.0116129
69 0.135451 0.677238 0.176366 0.205518 0.0115668
43 0.342961 0.479273 0.0115311 0.097217 0.0115452
45 0.590884 0.171959 0.0941537 0.0293206 0.0113407
69 0.106835 0.6707 0.116911 0.18587 0.0112862
44 0.530839 0.806063 0.0263605 0.0736557 0.0112396
45 0.536095 0.371864 0.033161 0.031201 0.0109576
43 0.356293 0.479338 0.0103539 0.0635963 0.0109326
45 0.615117 0.214833 0.136016 0.0548527 0.0106604
45 0.532675 0.220289 0.0399513 0.0379045 0.0105643
69 0.145623 0.505235 0.203147 0.179401 0.0103034
44 0.371241 0.490013 0.00791092 0.0399007 0.0101836
45 0.529598 0.213955 0.0474598 0.0379943 0.0100931
41 0.796739 0.686471 0.0329601 0.0505009 0.0100785
69 0.409023 0.538239 0.139326 0.0759394 0.00991526
45 0.769622 0.688098 0.0237835 0.0248969 0.00965226
69 0.146017 0.631658 0.201034 0.287733 0.0095143
45 0.98831 0.336179 0.0231186 0.0472107 0.00940573
69 0.145603 0.636489 0.2159 0.387404 0.00939915
44 0.33764 0.480343 0.0143251 0.100173 0.00930265
69 0.667234 0.539058 0.0801308 0.257192 0.00926185
39 0.34007 0.501773 0.0111446 0.0540524 0.00916019
44 0.353733 0.469505 0.00830469 0.0405149 0.00913909
72 0.647089 0.53547 0.0414986 0.245623 0.00881174
45 0.531297 0.237934 0.0445494 0.030282 0.00867477
41 0.222504 0.467177 0.023104 0.0352585 0.0085232
44 0.354714 0.478162 0.00909801 0.0595373 0.00823507
42 0.54716 0.805628 0.0577494 0.0702978 0.00822884
45 0.617773 0.214904 0.139065 0.0364263 0.00818038
70 0.302397 0.601335 0.0698207 0.110509 0.00814283
45 0.615278 0.208847 0.137162 0.0362455 0.0080072
45 0.51728 0.259394 0.0718782 0.0397969 0.00777626
45 0.856799 0.238736 0.031002 0.0589624 0.00766203
45 0.476395 0.340822 0.0678545 0.0274635 0.00760874
45 0.613123 0.191171 0.137993 0.0411734 0.00751641
39 0.279366 0.525704 0.0128985 0.0242503 0.0075132
26 0.182741 0.842356 0.0481225 0.14489 0.00730309
69 0.432483 0.542176 0.0929903 0.0874295 0.00721762
44 0.32382 0.482894 0.0160872 0.0893532 0.00710553
43 0.532563 0.438959 0.0115154 0.0556279 0.00706974
45 0.536203 0.212288 0.0377266 0.03268 0.00698546
71 0.499635 0.812972 0.204434 0.189045 0.00697714
43 0.32382 0.482894 0.0160872 0.0893532 0.00684091
39 0.536111 0.440055 0.0131674 0.0576611 0.00669405
45 0.452716 0.718793 0.0401712 0.0305579 0.00657076
60 0.32284 0.739472 0.282887 0.228226 0.00649345
26 0.210476 0.823418 0.0713073 0.184089 0.00645006
68 0.189115 0.535688 0.111888 0.0989376 0.00631955
74 0.771001 0.413836 0.0317842 0.0790026 0.00622058
26 0.175424 0.854581 0.033134 0.119198 0.00617644
43 0.360785 0.495179 0.0143093 0.0602744 0.00616258
45 0.364342 0.293288 0.0647405 0.0311574 0.00604469
44 0.27101 0.241238 0.0080843 0.0412192 0.00603774
43 0.35491 0.490877 0.0136292 0.0886391 0.0060046
45 0.370288 0.308565 0.050875 0.0380009 0.00597897
72 0.641015 0.533551 0.0287265 0.24178 0.00590464
43 0.54716 0.805628 0.0577494 0.0702978 0.00588217
44 0.27606 0.493911 0.0153511 0.0618765 0.00587073
45 0.467246 0.296261 0.0302872 0.0335182 0.00586393
44 0.272356 0.499718 0.0145452 0.0739831 0.00583053
72 0.672371 0.534042 0.0665075 0.215705 0.00582972
42 0.396903 0.849338 0.0529017 0.0269458 0.00571936
69 0.439731 0.526392 0.0773237 0.0528902 0.00570771
43 0.354098 0.528055 0.0146977 0.151591 0.00566235
69 0.0976896 0.632709 0.108317 0.282519 0.00558403
44 0.394264 0.842642 0.0548448 0.034897 0.00557816
68 0.952803 0.684696 0.0939627 0.149376 0.00555259
44 0.300142 0.248281 0.0154704 0.105558 0.0054729
44 0.356293 0.479338 0.0103539 0.0635963 0.00542769
69 0.433617 0.533706 0.090173 0.0626394 0.00538862
44 0.360316 0.490593 0.0135593 0.0596337 0.00535956
69 0.108609 0.492841 0.124948 0.20336 0.00524053
41 0.476309 0.271132 0.0141742 0.0518214 0.00515145
45 0.612801 0.189031 0.132354 0.0197775 0.00514764
69 0.117906 0.713393 0.136115 0.228417 0.00514233
67 0.7711 0.414037 0.0323502 0.0783554 0.00508669
45 0.612982 0.184807 0.131194 0.0272505 0.00508022
39 0.533039 0.439446 0.0124817 0.0582408 0.0050109
69 0.641192 0.818235 0.358509 0.309409 0.00500259
45 0.522617 0.212607 0.0182667 0.0335296 0.00500074
39 0.342214 0.498329 0.0126912 0.0612397 0.00497854
41 0.466909 0.295984 0.0290548 0.0328682 0.0049502
45 0.302678 0.5661 0.0713605 0.0416611 0.00486958
41 0.987031 0.586222 0.0253819 0.0749109 0.00483489
39 0.668702 0.545176 0.0135697 0.0312068 0.00477195
45 0.531537 0.369063 0.0256874 0.0305518 0.00471458
45 0.521074 0.240535 0.0776819 0.087507 0.00471187
39 0.561904 0.369135 0.00966797 0.0219323 0.00463238
0 0.56763 0.503871 0.0468488 0.184939 0.00457096
0 0.583673 0.482191 0.0222023 0.112978 0.00456819
44 0.402508 0.489711 0.0203991 0.0407017 0.00454792
43 0.365444 0.494319 0.013288 0.0476084 0.0043695
71 0.439749 0.515181 0.0765436 0.0332702 0.00428489
45 0.613447 0.226161 0.129902 0.025757 0.00428078
69 0.685699 0.538611 0.119699 0.258823 0.00418904
45 0.503475 0.219688 0.0196146 0.0294577 0.00414023
41 0.303104 0.600771 0.0681265 0.109161 0.00412992
0 0.561678 0.50111 0.0318192 0.181048 0.00409764
69 0.493297 0.783885 0.638782 0.407239 0.00396287
69 0.623971 0.771768 0.391253 0.342871 0.00390565
39 0.769286 0.688221 0.0246857 0.0258297 0.00384241
39 0.27719 0.49955 0.0150288 0.074453 0.0038361
39 0.856108 0.238685 0.0309925 0.0594816 0.00381705
44 0.342961 0.479273 0.0115311 0.097217 0.00378448
71 0.435396 0.524274 0.0886578 0.0371165 0.00375026
44 0.272567 0.506871 0.0177041 0.0872669 0.00371438
45 0.426517 0.296271 0.062089 0.0350815 0.00370196
69 0.183154 0.644677 0.12896 0.321522 0.00369775
71 0.778859 0.704156 0.252831 0.0952017 0.00356463
45 0.304272 0.554541 0.0683776 0.0233437 0.00351161
74 0.322915 0.144145 0.0670029 0.10459 0.00349802
39 0.271019 0.545061 0.0206267 0.070693 0.0034751
69 0.837818 0.729207 0.324364 0.137821 0.00339755
26 0.189744 0.825988 0.059921 0.179047 0.00334898
39 0.674159 0.677134 0.0165237 0.0739991 0.00331116
45 0.456033 0.717697 0.0498191 0.0359461 0.00326914
39 0.604014 0.363634 0.0119773 0.0372763 0.00317323
43 0.352184 0.533221 0.0192137 0.202517 0.00314325
72 0.636252 0.534877 0.0262901 0.241363 0.003059
43 0.394264 0.842642 0.0548448 0.034897 0.00304562
69 0.586183 0.554329 0.0770365 0.285169 0.00303656
39 0.402645 0.596357 0.025786 0.129302 0.00303414
45 0.424976 0.303804 0.0582235 0.0402973 0.00302127
43 0.536111 0.440055 0.0131674 0.0576611 0.00299713
45 0.562884 0.22411 0.0241194 0.0383504 0.00299269
44 0.40225 0.85553 0.0681555 0.0368818 0.00297302
0 0.582248 0.471185 0.0183825 0.0904199 0.00292984
71 0.80608 0.799959 0.386842 0.333139 0.00292796
45 0.774992 0.157313 0.0395735 0.0132172 0.00289977
45 0.465373 0.495141 0.0289843 0.0165575 0.00289199
71 0.408162 0.533484 0.140787 0.0680834 0.00289088
44 0.379952 0.489935 0.0198623 0.0394891 0.0028829
41 0.522617 0.212607 0.0182667 0.0335296 0.00287604
39 0.371241 0.490013 0.00791092 0.0399007 0.00287455
39 0.372516 0.568126 0.0405946 0.167322 0.0028677
43 0.276936 0.497178 0.0147338 0.0678784 0.00285858
69 0.439749 0.515181 0.0765436 0.0332702 0.0028156
45 0.614941 0.213476 0.133864 0.0257394 0.00275707
45 0.593164 0.19021 0.0963181 0.0196155 0.00275129
69 0.155124 0.521643 0.181811 0.12996 0.00273606
44 0.375732 0.489736 0.0160056 0.0395765 0.00272799
44 0.320867 0.478421 0.00955606 0.100781 0.00269672
39 0.253956 0.541308 0.0123918 0.0453993 0.00269252
26 0.219632 0.875884 0.0486994 0.0776227 0.00268835
44 0.35491 0.490877 0.0136292 0.0886391 0.00267783
44 0.365444 0.494319 0.013288 0.0476084 0.00265244
45 0.505843 0.609991 0.0705505 0.030327 0.00263643
60 0.333927 0.776485 0.311373 0.28755 0.00262687
60 0.410383 0.53338 0.1347 0.0786757 0.00262365
79 0.532563 0.438959 0.0115154 0.0556279 0.00255612
70 0.771366 0.414203 0.0308857 0.0781457 0.00252217
43 0.340861 0.476989 0.0117587 0.0962123 0.00252217
45 0.505744 0.21806 0.0256184 0.0305234 0.00251037
43 0.530839 0.806063 0.0263605 0.0736557 0.00250795
44 0.391882 0.494643 0.0419748 0.0494477 0.00250283
68 0.488488 0.688969 0.0871571 0.0668757 0.00248188
43 0.272567 0.506871 0.0177041 0.0872669 0.00241977
0 0.342214 0.498329 0.0126912 0.0612397 0.00239182
45 0.55643 0.287751 0.0402044 0.025657 0.00238365
0 0.581661 0.470371 0.0170394 0.0560356 0.00238261
41 0.536095 0.371864 0.033161 0.031201 0.00237817
26 0.219492 0.832325 0.0500217 0.164645 0.00236502
69 0.435396 0.524274 0.0886578 0.0371165 0.00235412
41 0.98831 0.336179 0.0231186 0.0472107 0.00232896
44 0.321549 0.534767 0.0152571 0.0253126 0.00232738
39 0.476309 0.271132 0.0141742 0.0518214 0.00230899
69 0.117422 0.441557 0.0976374 0.100021 0.00230035
45 0.523275 0.270561 0.0845919 0.0625788 0.00228038
45 0.820504 0.159693 0.0549068 0.0452145 0.00227919
0 0.582545 0.440545 0.01461 0.0354753 0.00225675
43 0.320867 0.478421 0.00955606 0.100781 0.00223851
71 0.439731 0.526392 0.0773237 0.0528902 0.00221497
70 0.223161 0.466798 0.0252464 0.0367772 0.00220576
44 0.532563 0.438959 0.0115154 0.0556279 0.00218171
45 0.362761 0.303667 0.064873 0.0409929 0.00217786
60 0.31588 0.789434 0.28288 0.378571 0.00215274
69 0.0910711 0.567585 0.0834757 0.0524345 0.00215235
45 0.448806 0.252306 0.10913 0.103521 0.00212666
13 0.701639 0.80415 0.236069 0.213947 0.0021244
69 0.190072 0.545239 0.0965433 0.0725062 0.00209194
69 0.529255 0.652885 0.197617 0.10598 0.00206342
41 0.452716 0.718793 0.0401712 0.0305579 0.00205949
41 0.561904 0.369135 0.00966797 0.0219323 0.00205138
69 0.583546 0.504424 0.0757324 0.182582 0.00204176
39 0.270805 0.507947 0.0183804 0.0910506 0.0020363
39 0.343065 0.582659 0.0194311 0.106279 0.00203472
44 0.536111 0.440055 0.0131674 0.0576611 0.00203064
69 0.103669 0.714857 0.0906105 0.0898552 0.00201812
69 0.0948404 0.52634 0.102911 0.0630416 0.00199682
45 0.556726 0.627106 0.0523041 0.0234509 0.00198972
72 0.701063 0.53639 0.0553595 0.268795 0.00197273
41 0.768789 0.687257 0.0273329 0.0335848 0.0019629
71 0.391509 0.497287 0.0425019 0.0523782 0.0019356
74 0.379518 0.17751 0.0165589 0.0253153 0.00192353
68 0.100728 0.689619 0.0953788 0.141939 0.00192055
45 0.546647 0.804108 0.0568581 0.0660412 0.00190502
68 0.1176 0.441756 0.0979083 0.100379 0.00190431
43 0.272356 0.499718 0.0145452 0.0739831 0.00188753
39 0.484214 0.617406 0.0143475 0.0544871 0.00188661
71 0.780488 0.720753 0.0971779 0.0338269 0.00188354
39 0.276672 0.548216 0.0309958 0.0673922 0.00187933
44 0.32966 0.531008 0.0285982 0.0224209 0.00187296
43 0.521264 0.441059 0.0137785 0.0566108 0.00183401
45 0.309581 0.578222 0.0724147 0.0786642 0.00183243
69 0.847706 0.74373 0.301303 0.100814 0.0018183
45 0.431278 0.269896 0.0706345 0.022606 0.00178617
45 0.494682 0.613537 0.0913034 0.0371025 0.0017806
26 0.172652 0.871464 0.0274665 0.0843895 0.00177738
42 0.530839 0.806063 0.0263605 0.0736557 0.00177017
44 0.524555 0.82325 0.0152 0.0414379 0.00176111
41 0.342348 0.61824 0.0172242 0.0350691 0.00174454
71 0.433948 0.531713 0.0896557 0.0708532 0.00174195
73 0.533039 0.439446 0.0124817 0.0582408 0.00173452
45 0.561263 0.219219 0.0267543 0.0308921 0.00172856
39 0.272356 0.499718 0.0145452 0.0739831 0.00171512
39 0.973084 0.584297 0.0505566 0.0819203 0.00171387
39 0.53968 0.44155 0.0143066 0.0592305 0.00171167
43 0.40225 0.85553 0.0681555 0.0368818 0.00171021
71 0.805253 0.719817 0.191035 0.0421343 0.00169572
39 0.521103 0.442933 0.0127275 0.0530261 0.00169528
45 0.827559 0.176393 0.0693811 0.0783269 0.0016925
45 0.297209 0.343158 0.0362771 0.0145001 0.00168914
45 0.387289 0.506214 0.0526168 0.0674932 0.00166661
69 0.102904 0.523337 0.118046 0.139144 0.00166613
45 0.475126 0.269721 0.015978 0.0481426 0.0016633
60 0.433948 0.531713 0.0896557 0.0708532 0.001654
60 0.14913 0.700047 0.208474 0.261249 0.00164777
71 0.68306 0.67707 0.123004 0.0259577 0.00163627
69 0.882249 0.699274 0.235502 0.182009 0.00161618
39 0.353733 0.469505 0.00830469 0.0405149 0.00160149
45 0.446063 0.226864 0.102426 0.0440788 0.00159964
42 0.34007 0.501773 0.0111446 0.0540524 0.00159848
45 0.475882 0.347856 0.0682093 0.0379743 0.00157735
71 0.669012 0.76598 0.306326 0.192913 0.00157464
69 0.634578 0.557213 0.0276486 0.181405 0.00156739
0 0.594416 0.433446 0.00988712 0.0288745 0.00156599
69 0.485401 0.693429 0.0950481 0.0793949 0.00156555
