20 0.247274 0.694688 0.0763315 0.145956 0.817816
20 0.366256 0.671305 0.111722 0.192807 0.77453
20 0.651892 0.691216 0.108764 0.169978 0.774182
20 0.0443748 0.690253 0.080819 0.136451 0.762326
20 0.557869 0.722683 0.0634777 0.101713 0.682846
20 0.787484 0.693459 0.113949 0.17488 0.579386
20 0.165331 0.713187 0.0547875 0.0919226 0.353223
20 0.155716 0.710974 0.0775474 0.0985915 0.289049
20 0.158762 0.716697 0.0408594 0.0854162 0.277207
20 0.156851 0.730834 0.0365771 0.0603448 0.132453
20 0.284366 0.692471 0.0727082 0.144488 0.113556
19 0.557594 0.723021 0.0633847 0.100428 0.080922
20 0.26448 0.694545 0.108919 0.146056 0.0767995
20 0.632772 0.691218 0.0707778 0.167085 0.0759687
20 0.298196 0.679035 0.0495626 0.114906 0.0604626
20 0.682712 0.712409 0.0486156 0.114632 0.0374271
20 0.293416 0.696225 0.0491883 0.135713 0.0251622
19 0.787368 0.693224 0.113501 0.17684 0.0243464
20 0.302269 0.665478 0.0396984 0.0787646 0.023609
20 0.407479 0.703392 0.0313757 0.125524 0.0212565
20 0.689231 0.689569 0.036741 0.148211 0.0202754
20 0.945948 0.554578 0.0280167 0.108856 0.01988
19 0.302269 0.665478 0.0396984 0.0787646 0.0188455
20 0.164788 0.702318 0.0703419 0.115475 0.0182727
20 0.0880842 0.645432 0.0272225 0.0665551 0.017202
19 0.247274 0.694688 0.0763315 0.145956 0.0162156
22 0.836177 0.712906 0.021487 0.0914996 0.0153667
20 0.944344 0.550013 0.039801 0.122419 0.0153485
19 0.0441014 0.690547 0.0805023 0.134537 0.0141998
19 0.299201 0.694421 0.0470079 0.134481 0.0133214
22 0.685286 0.705688 0.0438554 0.117846 0.0128967
19 0.159358 0.721371 0.0402669 0.0736054 0.0126878
20 0.184593 0.70492 0.024656 0.0890636 0.0124888
17 0.557594 0.723021 0.0633847 0.100428 0.0118454
19 0.366077 0.672534 0.110111 0.193338 0.0112931
22 0.299201 0.694421 0.0470079 0.134481 0.0100405
19 0.156851 0.730834 0.0365771 0.0603448 0.00944284
19 0.646098 0.690538 0.098621 0.170508 0.00920305
20 0.127185 0.681095 0.0232371 0.0408879 0.00886068
22 0.301658 0.67304 0.0407092 0.0894121 0.00880587
19 0.290739 0.72711 0.0266304 0.0754892 0.00810206
2 0.066075 0.478448 0.0719563 0.0525014 0.00757876
20 0.215346 0.652781 0.0215024 0.0747885 0.00752369
22 0.689231 0.689569 0.036741 0.148211 0.00723109
22 0.787928 0.697164 0.11502 0.160425 0.00715992
20 0.697811 0.688574 0.0209232 0.148005 0.00698054
22 0.086849 0.642635 0.0311653 0.0737878 0.00662169
19 0.157936 0.711755 0.0615294 0.0955286 0.00660059
22 0.40918 0.701838 0.0318392 0.125924 0.00640407
20 0.105102 0.659686 0.0660984 0.0596909 0.00603613
20 0.290739 0.72711 0.0266304 0.0754892 0.00586376
20 0.698657 0.667297 0.0217384 0.100849 0.00534776
20 0.14362 0.697587 0.0757772 0.0725039 0.00526124
22 0.697543 0.689348 0.022655 0.142898 0.00518155
22 0.0896921 0.65323 0.0249758 0.0749209 0.00504273
20 0.588768 0.712884 0.0300705 0.0964582 0.00472906
20 0.284714 0.723496 0.0259566 0.0853697 0.00460199
20 0.678596 0.687921 0.0573539 0.164001 0.00450617
22 0.716846 0.691767 0.055918 0.138983 0.00440919
17 0.787691 0.691566 0.113714 0.177579 0.00429738
2 0.0776407 0.486395 0.0618307 0.0622175 0.00407955
19 0.284714 0.723496 0.0259566 0.0853697 0.00404361
20 0.189512 0.688173 0.0233018 0.0882293 0.00397915
22 0.651772 0.690623 0.109502 0.171058 0.00391114
22 0.698657 0.667297 0.0217384 0.100849 0.00390923
20 0.0859031 0.655272 0.0283805 0.0791857 0.00384045
18 0.558104 0.721898 0.0638619 0.10089 0.00378644
20 0.207309 0.663668 0.0376268 0.0943874 0.00378409
19 0.0880842 0.645432 0.0272225 0.0665551 0.0036549
20 0.716846 0.691767 0.055918 0.138983 0.00360277
20 0.313549 0.704819 0.0250252 0.116042 0.00360075
17 0.366077 0.672534 0.110111 0.193338 0.00353491
20 0.384526 0.675329 0.0781531 0.186711 0.00351712
20 0.332396 0.690841 0.0483262 0.149099 0.00333133
22 0.410761 0.67434 0.0316557 0.0734735 0.00324661
20 0.590106 0.694838 0.0321964 0.0858007 0.00316161
20 0.182787 0.725479 0.0282923 0.0586518 0.00294194
20 0.140359 0.700981 0.11132 0.102478 0.00287864
25 0.277485 0.519632 0.0596938 0.0583058 0.00287786
20 0.668158 0.719162 0.0349888 0.101101 0.00269678
19 0.685205 0.711727 0.0419094 0.105527 0.00268856
19 0.406887 0.704105 0.0316954 0.124963 0.00265726
19 0.318641 0.734161 0.0187708 0.0581655 0.00265241
20 0.00988248 0.712471 0.0182996 0.0888758 0.00254086
22 0.844405 0.711122 0.0358719 0.0864903 0.00248092
18 0.787928 0.697164 0.11502 0.160425 0.00243053
22 0.1104 0.678987 0.0550245 0.0586794 0.00240177
19 0.301337 0.714116 0.0366117 0.100525 0.00235051
20 0.365973 0.591627 0.086699 0.0530543 0.00233752
17 0.651523 0.689786 0.109628 0.169726 0.00230452
22 0.896061 0.703098 0.0211594 0.0482114 0.00230214
20 0.325301 0.67622 0.0450608 0.178619 0.00225967
20 0.712809 0.656208 0.0443561 0.0689126 0.00224733
20 0.14504 0.71724 0.0730349 0.09081 0.00221545
18 0.366077 0.672534 0.110111 0.193338 0.0021832
20 0.738326 0.716955 0.0183315 0.107428 0.0021576
17 0.247274 0.694688 0.0763315 0.145956 0.00207958
20 0.337579 0.716818 0.0564658 0.0962775 0.00206563
20 0.007627 0.698976 0.0144235 0.109115 0.00204945
22 0.124969 0.681057 0.0278639 0.0450252 0.00204739
2 0.0854084 0.468684 0.0311251 0.0480083 0.0020026
22 0.558104 0.721898 0.0638619 0.10089 0.00199527
20 0.9832 0.524633 0.0299381 0.0828599 0.00198635
20 0.36475 0.603005 0.0864137 0.0617527 0.00189772
22 0.416338 0.698729 0.0409695 0.118354 0.00187042
20 0.590783 0.733265 0.0269402 0.0740315 0.00186107
18 0.159358 0.721371 0.0402669 0.0736054 0.00182968
0 0.12038 0.49176 0.0192677 0.0508425 0.00180298
22 0.479669 0.706848 0.0337887 0.0586622 0.00180158
22 0.726343 0.704256 0.0418848 0.107103 0.00179371
19 0.26448 0.694545 0.108919 0.146056 0.00175816
0 0.290739 0.72711 0.0266304 0.0754892 0.00170577
22 0.896391 0.695151 0.0315899 0.0645831 0.0017001
20 0.952647 0.541736 0.0545727 0.125316 0.00169095
20 0.835526 0.716454 0.0197243 0.0966826 0.00169042
20 0.726343 0.704256 0.0418848 0.107103 0.00168774
18 0.651991 0.691563 0.108788 0.170436 0.00168008
20 0.318641 0.734161 0.0187708 0.0581655 0.0016636
17 0.299201 0.694421 0.0470079 0.134481 0.00165391
23 0.685286 0.705688 0.0438554 0.117846 0.00164282
20 0.811053 0.623064 0.0354984 0.0492194 0.00164008
19 0.284366 0.692471 0.0727082 0.144488 0.00161588
20 0.398183 0.6967 0.0508919 0.138952 0.00160998
19 0.313549 0.704819 0.0250252 0.116042 0.0016073
22 0.0441014 0.690547 0.0805023 0.134537 0.00160664
20 0.0719337 0.708439 0.0237125 0.0747863 0.00159135
20 0.240328 0.69781 0.0600325 0.128495 0.00158963
19 0.698657 0.667297 0.0217384 0.100849 0.00156474
22 0.901332 0.699369 0.0287821 0.0600409 0.00155914
22 0.488856 0.709328 0.0211422 0.0521696 0.00154498
20 0.217369 0.662843 0.0183987 0.0849481 0.00153142
19 0.166783 0.717639 0.0564518 0.0798837 0.00152659
22 0.984558 0.524886 0.0257893 0.06899 0.00149581
0 0.303128 0.661822 0.0365929 0.0655075 0.00148124
20 0.0112228 0.725353 0.0201109 0.0661262 0.0014711
19 0.0112228 0.725353 0.0201109 0.0661262 0.00144461
20 0.408684 0.677202 0.0285412 0.078788 0.00143456
22 0.88305 0.698623 0.0560694 0.0687711 0.00143358
20 0.589798 0.678233 0.0307139 0.0902922 0.00141561
0 0.284714 0.723496 0.0259566 0.0853697 0.00139809
20 0.740236 0.739351 0.019869 0.0730839 0.0013831
17 0.0441014 0.690547 0.0805023 0.134537 0.00137949
19 0.689231 0.689569 0.036741 0.148211 0.001378
22 0.290739 0.72711 0.0266304 0.0754892 0.00135738
22 0.821443 0.691859 0.0483364 0.164742 0.00134504
22 0.472226 0.709396 0.0288406 0.0523605 0.00134504
20 0.172808 0.687208 0.0602726 0.106022 0.00134477
20 0.771516 0.69515 0.0833866 0.166137 0.001344
21 0.159358 0.721371 0.0402669 0.0736054 0.00130683
19 0.127185 0.681095 0.0232371 0.0408879 0.00128922
17 0.302269 0.665478 0.0396984 0.0787646 0.0012877
22 0.303128 0.661822 0.0365929 0.0655075 0.001259
22 0.94624 0.553603 0.0302162 0.109176 0.00123745
20 0.327016 0.733163 0.0324997 0.0644649 0.00123242
20 0.363964 0.649754 0.0967135 0.151657 0.00122687
22 0.167432 0.711596 0.0598677 0.0984167 0.00121793
22 0.712809 0.656208 0.0443561 0.0689126 0.00120085
18 0.302269 0.665478 0.0396984 0.0787646 0.00117546
19 0.944641 0.553111 0.0389233 0.123184 0.0011737
18 0.246133 0.693925 0.0742807 0.147641 0.00116193
20 0.301337 0.714116 0.0366117 0.100525 0.00116107
19 0.697811 0.688574 0.0209232 0.148005 0.00116086
20 0.934913 0.544744 0.0599457 0.118887 0.00113058
20 0.35973 0.582478 0.0620449 0.044884 0.00112069
20 0.389687 0.628536 0.0438698 0.103421 0.00111818
19 0.836177 0.712906 0.021487 0.0914996 0.001118
19 0.184593 0.70492 0.024656 0.0890636 0.00111368
22 0.454765 0.709876 0.0635235 0.0595964 0.00111261
2 0.100893 0.508124 0.034008 0.0720451 0.00110888
22 0.837872 0.677561 0.0240788 0.142415 0.00109047
17 0.158762 0.716697 0.0408594 0.0854162 0.00108615
20 0.0692283 0.694494 0.0288492 0.111528 0.00108433
21 0.155716 0.710974 0.0775474 0.0985915 0.00107813
22 0.473473 0.701519 0.0460844 0.0690672 0.00107771
20 0.192553 0.674543 0.057725 0.07942 0.00106668
22 0.436616 0.699761 0.0806644 0.114709 0.00105956
0 0.215346 0.652781 0.0215024 0.0747885 0.00105652
20 0.350223 0.697909 0.079466 0.134226 0.00105494
0 0.318641 0.734161 0.0187708 0.0581655 0.00104457
20 0.393657 0.715029 0.0172277 0.0997989 0.00103962
0 0.697811 0.688574 0.0209232 0.148005 0.00103918
22 0.214008 0.654097 0.0235589 0.0802383 0.00103596
20 0.1104 0.678987 0.0550245 0.0586794 0.00102833
18 0.0433688 0.692162 0.0827755 0.133862 0.00102812
0 0.086849 0.642635 0.0311653 0.0737878 0.00102377
22 0.247274 0.694688 0.0763315 0.145956 0.00100559
