28 0.836966 0.766381 0.323584 0.345916 0.943038
0 0.314853 0.663544 0.301054 0.538995 0.881013
0 0.493354 0.534158 0.346586 0.881564 0.862706
28 0.836915 0.640833 0.322181 0.0961876 0.0297624
60 0.533659 0.937075 0.932681 0.117523 0.0237743
41 0.486472 0.483355 0.0361125 0.0440111 0.0221955
60 0.543472 0.962621 0.902472 0.0642075 0.0201387
13 0.543472 0.962621 0.902472 0.0642075 0.0184104
28 0.845527 0.781804 0.303974 0.18523 0.0116287
41 0.495485 0.482108 0.059749 0.0436424 0.00912827
28 0.91092 0.636298 0.171268 0.0870854 0.00634056
13 0.533659 0.937075 0.932681 0.117523 0.00580147
24 0.573132 0.284509 0.176725 0.288282 0.00571659
59 0.532477 0.936028 0.935046 0.119711 0.00564894
56 0.543472 0.962621 0.902472 0.0642075 0.00476998
24 0.53062 0.288442 0.257166 0.29955 0.00466236
37 0.532693 0.936371 0.934614 0.121235 0.00433949
56 0.533719 0.935256 0.932562 0.119433 0.00419474
24 0.557349 0.228534 0.18255 0.182397 0.00335163
26 0.837306 0.766684 0.321252 0.346714 0.00303867
26 0.573132 0.284509 0.176725 0.288282 0.00248703
65 0.486897 0.48432 0.038812 0.0458075 0.00244501
60 0.627972 0.958802 0.744056 0.0539944 0.00234464
56 0.359343 0.935741 0.589314 0.124138 0.00227889
40 0.486472 0.483355 0.0361125 0.0440111 0.00223547
72 0.100922 0.4839 0.201845 0.958951 0.00220424
71 0.531715 0.957288 0.93127 0.0738689 0.00216269
24 0.608289 0.296153 0.11554 0.290996 0.00200552
31 0.533659 0.937075 0.932681 0.117523 0.00197917
59 0.526307 0.963209 0.947385 0.0612099 0.00183383
71 0.533659 0.937075 0.932681 0.117523 0.00183257
57 0.543472 0.962621 0.902472 0.0642075 0.00177449
24 0.535828 0.199488 0.167954 0.121266 0.00176778
24 0.487489 0.267124 0.326284 0.291789 0.00168639
26 0.608289 0.296153 0.11554 0.290996 0.0016436
39 0.485454 0.482184 0.037625 0.0458817 0.00159821
56 0.114323 0.938059 0.0961552 0.123882 0.0015862
57 0.532477 0.936028 0.935046 0.119711 0.00157654
73 0.419047 0.920891 0.118726 0.0272469 0.00144377
13 0.359343 0.935741 0.589314 0.124138 0.00135624
36 0.532693 0.936371 0.934614 0.121235 0.00128794
60 0.637817 0.947142 0.724366 0.0336117 0.0012641
65 0.495623 0.48311 0.0598766 0.045595 0.00125664
72 0.532477 0.936028 0.935046 0.119711 0.00125161
0 0.215464 0.774347 0.109434 0.309428 0.00121489
13 0.532493 0.849962 0.935015 0.281622 0.00120327
24 0.544003 0.221093 0.178777 0.137282 0.00119668
60 0.624568 0.969846 0.749867 0.0581177 0.00118309
26 0.530449 0.30597 0.260249 0.339308 0.00112006
24 0.525998 0.194248 0.23339 0.140184 0.00110215
65 0.484497 0.921833 0.252893 0.0276943 0.00105679
24 0.483898 0.219706 0.323818 0.239187 0.00102973
28 0.532477 0.936028 0.935046 0.119711 0.0010021
