0 0.342929 0.179533 0.0373258 0.132487 0.851297
0 0.132488 0.466737 0.0312276 0.234806 0.837297
0 0.948638 0.813599 0.0450161 0.217235 0.794653
0 0.849424 0.741892 0.0406744 0.222133 0.771178
0 0.596346 0.18186 0.0269836 0.121835 0.723256
0 0.90692 0.826159 0.0430443 0.169112 0.722494
0 0.444511 0.181241 0.0437205 0.149599 0.670887
0 0.432513 0.0977806 0.0301891 0.113292 0.475125
34 0.84573 0.609678 0.0113476 0.116972 0.15898
34 0.847777 0.61264 0.0173939 0.122547 0.143736
0 0.585113 0.130581 0.0114016 0.0476055 0.120924
0 0.434321 0.110932 0.0362663 0.147564 0.113041
0 0.882863 0.179368 0.0185091 0.110132 0.0648403
0 0.745712 0.0810684 0.0138453 0.0603666 0.039281
0 0.866838 0.175925 0.0173477 0.100452 0.0367174
34 0.850179 0.620207 0.0205784 0.114564 0.0347792
0 0.847777 0.61264 0.0173939 0.122547 0.0318196
0 0.854818 0.162037 0.0148987 0.101858 0.0303236
0 0.930806 0.220922 0.0185036 0.116714 0.0284361
0 0.941943 0.76426 0.0323059 0.115398 0.0271712
0 0.933596 0.226973 0.0147762 0.106605 0.0258154
32 0.0429998 0.552156 0.0137868 0.0264719 0.0241058
0 0.864146 0.168251 0.0163477 0.102172 0.0224379
0 0.742785 0.0591633 0.0199751 0.108154 0.0203288
0 0.856744 0.168323 0.0122292 0.0906616 0.0198551
0 0.750057 0.0885766 0.0200851 0.0724325 0.0192488
0 0.831458 0.142444 0.0145508 0.0961353 0.0186418
0 0.896187 0.197249 0.0130127 0.0873357 0.0182676
0 0.899769 0.878247 0.0286188 0.0513832 0.0164036
0 0.86958 0.180797 0.0163754 0.102291 0.01569
0 0.850179 0.620207 0.0205784 0.114564 0.0154705
0 0.845523 0.150109 0.0151609 0.0911804 0.0151057
0 0.428451 0.110632 0.0443214 0.127867 0.0150726
0 0.856208 0.152097 0.0159218 0.105127 0.0146725
0 0.844107 0.139725 0.0153336 0.109057 0.0146043
0 0.940934 0.053027 0.0176674 0.0580164 0.0137721
0 0.992769 0.302745 0.0127741 0.0603333 0.0135977
0 0.964793 0.0565951 0.0157839 0.0744441 0.0133626
0 0.918099 0.22314 0.0135515 0.0953933 0.0131199
0 0.965908 0.067654 0.0150476 0.0709945 0.0119854
0 0.910259 0.215552 0.0166994 0.0724487 0.0117935
0 0.914788 0.198767 0.0216621 0.139056 0.0112664
0 0.942973 0.0601991 0.0139519 0.0487675 0.011144
0 0.956098 0.0629843 0.0132 0.0555727 0.0110975
0 0.910126 0.195441 0.022661 0.111562 0.0108733
0 0.890641 0.183494 0.0234522 0.110229 0.0105763
0 0.914488 0.213358 0.0188953 0.11527 0.0104373
13 0.971756 0.246502 0.0494728 0.0927814 0.01008
0 0.43595 0.159927 0.0639964 0.1753 0.00951743
0 0.83762 0.14626 0.0129436 0.0980225 0.00923067
0 0.726579 0.0683084 0.0162666 0.0583897 0.00888649
34 0.941943 0.76426 0.0323059 0.115398 0.00886884
0 0.954884 0.0547269 0.0154512 0.0636664 0.0088093
0 0.847345 0.156966 0.0161228 0.0838505 0.00860789
0 0.84573 0.609678 0.0113476 0.116972 0.00857237
0 0.909304 0.176101 0.022937 0.103747 0.00817323
34 0.843511 0.662835 0.0222618 0.059698 0.00802037
0 0.787247 0.111494 0.0197002 0.0908133 0.00786981
0 0.989079 0.0797749 0.017358 0.0751432 0.00754887
0 0.920639 0.229716 0.0138008 0.0867471 0.0070897
0 0.843511 0.662835 0.0222618 0.059698 0.0070217
0 0.940518 0.23714 0.0176147 0.109952 0.00697187
0 0.889299 0.0281924 0.0137104 0.0441232 0.00671944
13 0.964494 0.2607 0.0289774 0.0862161 0.00666541
0 0.991405 0.0803217 0.016613 0.0677829 0.00661907
34 0.444559 0.180984 0.0434008 0.147357 0.00655857
0 0.933856 0.0487142 0.0210144 0.056512 0.00646114
0 0.919706 0.0425023 0.0167095 0.0512366 0.00617447
0 0.939391 0.252156 0.0156845 0.0839721 0.00615016
0 0.819602 0.137376 0.0108414 0.0740723 0.00584012
0 0.933498 0.214416 0.0215849 0.136689 0.00573334
13 0.975538 0.241833 0.0462189 0.0732128 0.00572988
0 0.836245 0.137565 0.0172901 0.104825 0.00571474
0 0.905373 0.0252456 0.0136189 0.0504911 0.00562498
34 0.12161 0.563287 0.0173889 0.0358526 0.00562114
0 0.907351 0.755971 0.014962 0.0419871 0.00559211
34 0.409054 0.143925 0.0281553 0.0552417 0.00551906
13 0.981125 0.261415 0.0344622 0.088925 0.00538561
13 0.754654 0.103267 0.0258556 0.0582197 0.00536114
0 0.130252 0.554932 0.0339782 0.0558066 0.00516063
0 0.990178 0.0564785 0.019644 0.112957 0.00511417
34 0.94764 0.806475 0.0449516 0.200604 0.00475428
0 0.890879 0.0234146 0.0157162 0.0468293 0.00470394
0 0.911593 0.168283 0.0210991 0.0873699 0.0046953
0 0.920833 0.806701 0.0373766 0.174491 0.00467995
0 0.440025 0.0971163 0.0373343 0.10363 0.00442737
34 0.945228 0.912108 0.0171057 0.027603 0.00442365
56 0.784356 0.117861 0.0159866 0.0782779 0.00439739
35 0.899769 0.878247 0.0286188 0.0513832 0.00439456
0 0.846873 0.620759 0.0284439 0.1384 0.00433454
0 0.12161 0.563287 0.0173889 0.0358526 0.00431511
34 0.43034 0.103517 0.0385559 0.131993 0.00425419
0 0.852406 0.717108 0.0276644 0.165848 0.00422353
13 0.768645 0.112887 0.0170689 0.0615633 0.00413078
0 0.432626 0.0862409 0.0410574 0.142351 0.00383833
0 0.741446 0.0475925 0.0171284 0.0914974 0.00373113
34 0.944335 0.858217 0.0217388 0.128207 0.00371531
0 0.867841 0.13399 0.0208557 0.0787822 0.00365537
56 0.78458 0.108702 0.0224592 0.0972102 0.00362915
34 0.862428 0.841434 0.0212915 0.0311526 0.00357372
38 0.84573 0.609678 0.0113476 0.116972 0.00348344
0 0.784356 0.117861 0.0159866 0.0782779 0.00347856
0 0.727108 0.0568574 0.0247296 0.0691698 0.0034489
34 0.852406 0.717108 0.0276644 0.165848 0.00340632
0 0.981553 0.0807831 0.0151402 0.068572 0.00340047
13 0.95626 0.241063 0.0226433 0.0968296 0.00336659
0 0.816139 0.128151 0.0141338 0.0918442 0.00335103
0 0.981129 0.0582441 0.0144115 0.0892693 0.00333822
35 0.941943 0.76426 0.0323059 0.115398 0.00313038
34 0.934944 0.728031 0.0187187 0.0601949 0.00309789
0 0.878908 0.159891 0.0162144 0.128121 0.00303787
0 0.944335 0.858217 0.0217388 0.128207 0.00302222
0 0.815621 0.11756 0.0171043 0.0965977 0.00293067
34 0.418572 0.122999 0.0418582 0.0554699 0.00292867
0 0.79801 0.115864 0.0195259 0.090747 0.00287524
0 0.816091 0.0905039 0.0157314 0.105177 0.00280058
0 0.596186 0.16409 0.0300777 0.138988 0.00275597
0 0.934944 0.728031 0.0187187 0.0601949 0.00271091
35 0.12161 0.563287 0.0173889 0.0358526 0.00269091
0 0.919909 0.0327875 0.0192015 0.0655749 0.00265449
0 0.928002 0.195538 0.0243431 0.133429 0.00259557
0 0.740402 0.0159047 0.0165066 0.0318094 0.00252178
13 0.96914 0.211895 0.060877 0.13791 0.00250068
56 0.798445 0.101925 0.0210358 0.117833 0.00245795
0 0.96394 0.0851499 0.0149965 0.0572109 0.00243583
36 0.899769 0.878247 0.0286188 0.0513832 0.00243354
13 0.722521 0.0646155 0.0202242 0.0531773 0.00236711
36 0.444559 0.180984 0.0434008 0.147357 0.00226817
0 0.937547 0.222001 0.0251894 0.128814 0.00223765
0 0.991509 0.284772 0.016188 0.0975151 0.00220022
0 0.93586 0.0584245 0.0193306 0.0513049 0.00219581
0 0.804268 0.134822 0.0156265 0.0680566 0.00218168
34 0.343532 0.180993 0.0369877 0.132607 0.00218126
0 0.797427 0.125693 0.0171001 0.0744634 0.00217855
0 0.914317 0.0318104 0.0145605 0.0551988 0.00213832
34 0.136359 0.560812 0.0230083 0.0424047 0.0020735
0 0.956755 0.252261 0.0207716 0.0814721 0.00203708
34 0.427979 0.228845 0.0278737 0.0503523 0.00202221
0 0.962414 0.0427963 0.014183 0.0764925 0.00200894
0 0.991075 0.307103 0.0169716 0.0585733 0.00200179
34 0.426418 0.159645 0.0524034 0.13946 0.00198835
0 0.136359 0.560812 0.0230083 0.0424047 0.00194103
56 0.804268 0.134822 0.0156265 0.0680566 0.00191742
0 0.743098 0.0839126 0.0192629 0.0826515 0.00191253
0 0.885356 0.189485 0.0195095 0.131427 0.00188139
0 0.801476 0.127392 0.019268 0.0785077 0.00182283
0 0.722521 0.0646155 0.0202242 0.0531773 0.00175196
0 0.756198 0.101005 0.0304092 0.0746039 0.00175121
13 0.953145 0.225966 0.0407394 0.119192 0.00172848
38 0.847777 0.61264 0.0173939 0.122547 0.00171009
34 0.585113 0.130581 0.0114016 0.0476055 0.00170892
13 0.751925 0.0907425 0.0235715 0.0711659 0.00168777
0 0.936699 0.0399089 0.0189014 0.0653536 0.00166428
34 0.841011 0.612888 0.0233623 0.119314 0.0016551
34 0.889179 0.846387 0.0263813 0.0493909 0.00163642
56 0.768645 0.112887 0.0170689 0.0615633 0.00162199
0 0.750278 0.0715403 0.0301212 0.104886 0.00160244
56 0.909304 0.176101 0.022937 0.103747 0.00157076
0 0.764848 0.0984355 0.0297228 0.0838697 0.00156054
38 0.585113 0.130581 0.0114016 0.0476055 0.00155127
24 0.899769 0.878247 0.0286188 0.0513832 0.00152662
34 0.333494 0.0362069 0.0577681 0.0724137 0.00150728
0 0.97205 0.283236 0.0145689 0.0553197 0.00150076
0 0.840543 0.093427 0.0188503 0.0622172 0.00146508
0 0.815503 0.0662782 0.0156363 0.0757354 0.00145602
0 0.831241 0.0889885 0.0186821 0.0853869 0.00145316
56 0.797427 0.125693 0.0171001 0.0744634 0.00143272
0 0.984736 0.29231 0.0254934 0.0646332 0.00143188
34 0.848887 0.840406 0.0422535 0.0330878 0.0013929
56 0.801476 0.127392 0.019268 0.0785077 0.00138721
56 0.722521 0.0646155 0.0202242 0.0531773 0.00138628
13 0.785015 0.122609 0.0159798 0.0731495 0.00135633
0 0.800451 0.100849 0.0209362 0.123237 0.00134692
34 0.910715 0.824386 0.0368988 0.164949 0.00134602
0 0.993096 0.0300866 0.0138083 0.0601732 0.00131571
35 0.585113 0.130581 0.0114016 0.0476055 0.00129992
35 0.94764 0.806475 0.0449516 0.200604 0.00129616
34 0.133305 0.466537 0.0280625 0.227551 0.00129607
13 0.97313 0.146152 0.0505325 0.0824131 0.00128669
34 0.934571 0.912728 0.0410572 0.0366343 0.00128201
0 0.798026 0.0555127 0.0195465 0.0536303 0.00126499
56 0.919706 0.0425023 0.0167095 0.0512366 0.00125775
36 0.12161 0.563287 0.0173889 0.0358526 0.00124717
38 0.945228 0.912108 0.0171057 0.027603 0.00123149
13 0.981826 0.14602 0.0346626 0.0728156 0.00122571
34 0.948273 0.908208 0.0241081 0.0423525 0.0012174
13 0.78458 0.108702 0.0224592 0.0972102 0.00120497
13 0.764848 0.0984355 0.0297228 0.0838697 0.00120488
34 0.447084 0.19951 0.0500282 0.13469 0.00119808
56 0.764848 0.0984355 0.0297228 0.0838697 0.00116941
13 0.984512 0.190159 0.0289829 0.0657251 0.00114655
56 0.991405 0.0803217 0.016613 0.0677829 0.0011428
34 0.907351 0.755971 0.014962 0.0419871 0.00112391
36 0.90735 0.823409 0.0399002 0.164863 0.00111797
35 0.945228 0.912108 0.0171057 0.027603 0.00110546
0 0.907657 0.139578 0.0223116 0.0752082 0.00109443
56 0.95626 0.241063 0.0226433 0.0968296 0.00109127
0 0.814164 0.132796 0.0181267 0.104207 0.00107571
13 0.97205 0.283236 0.0145689 0.0553197 0.00107467
56 0.964494 0.2607 0.0289774 0.0862161 0.00107023
56 0.831458 0.142444 0.0145508 0.0961353 0.00106698
33 0.596758 0.183005 0.0269745 0.120224 0.00105426
13 0.965931 0.162446 0.059852 0.0895641 0.00104168
0 0.602423 0.186387 0.0403073 0.124919 0.00104114
32 0.313891 0.00958917 0.0240367 0.0191783 0.00104013
36 0.945228 0.912108 0.0171057 0.027603 0.00103661
13 0.801476 0.127392 0.019268 0.0785077 0.00103432
0 0.736457 0.0152628 0.0175133 0.0305256 0.00102144
0 0.974189 0.260189 0.0506096 0.12185 0.00102127
34 0.324097 0.0298205 0.0421925 0.0596409 0.00101778
34 0.40361 0.146338 0.0414824 0.062848 0.0010131
34 0.899769 0.878247 0.0286188 0.0513832 0.00101221
0 0.860585 0.144425 0.0294842 0.124791 0.00100285
