77 0.48379 0.526189 0.967144 0.930483 0.959699
0 0.712443 0.495284 0.575115 0.980055 0.838212
56 0.862327 0.372503 0.273097 0.463685 0.286578
0 0.540745 0.491006 0.918509 0.971669 0.0553265
57 0.863291 0.269939 0.272716 0.260631 0.0537482
0 0.662682 0.266742 0.464811 0.520777 0.0461584
56 0.861666 0.491585 0.276668 0.702051 0.0312309
57 0.862841 0.368829 0.272726 0.457119 0.0258302
56 0.863777 0.272402 0.271985 0.264269 0.0242583
59 0.862479 0.365827 0.274114 0.450354 0.0176419
13 0.862479 0.365827 0.274114 0.450354 0.012771
59 0.863291 0.269939 0.272716 0.260631 0.0101801
56 0.321697 0.0571435 0.213402 0.112769 0.0078243
16 0.487309 0.52385 0.974619 0.93108 0.00537267
62 0.863633 0.273114 0.272734 0.262531 0.00414187
56 0.717048 0.508687 0.565905 0.948514 0.00399545
13 0.861666 0.491585 0.276668 0.702051 0.00391704
56 0.941569 0.518158 0.116279 0.180538 0.00293338
13 0.941569 0.518158 0.116279 0.180538 0.00287727
57 0.862522 0.279622 0.256549 0.17319 0.00283194
56 0.703004 0.347159 0.593993 0.426866 0.00254339
13 0.863291 0.269939 0.272716 0.260631 0.00225872
73 0.942095 0.416842 0.0985822 0.057871 0.00162843
57 0.860483 0.52514 0.279033 0.771073 0.00142744
21 0.487309 0.52385 0.974619 0.93108 0.00141689
72 0.870869 0.0739499 0.254467 0.145937 0.00135654
73 0.969024 0.0703927 0.0619528 0.127639 0.00127617
60 0.941746 0.501013 0.116049 0.145465 0.00122237
57 0.487309 0.52385 0.974619 0.93108 0.00116596
0 0.778557 0.804211 0.440426 0.355111 0.00114071
56 0.487309 0.52385 0.974619 0.93108 0.00112975
0 0.864922 0.765867 0.269212 0.239184 0.00112024
56 0.868455 0.172935 0.263089 0.067625 0.00111693
56 0.940858 0.592988 0.116783 0.331756 0.00107399
60 0.860391 0.540898 0.279219 0.800978 0.00103462
