0 0.836949 0.842156 0.0750345 0.172241 0.863611
30 0.831473 0.925608 0.124822 0.0547618 0.752628
24 0.823268 0.786784 0.0263432 0.0475253 0.436112
0 0.762822 0.584064 0.0238184 0.0315861 0.12583
24 0.82315 0.803925 0.0280624 0.0824487 0.110551
31 0.762822 0.584064 0.0238184 0.0315861 0.0449239
0 0.80006 0.493477 0.054287 0.0571891 0.0405654
24 0.830645 0.784093 0.0405827 0.0475772 0.0356866
30 0.860299 0.937723 0.0666172 0.0301208 0.0333404
14 0.762972 0.583964 0.0235819 0.0313615 0.0139904
24 0.819066 0.807314 0.0361197 0.0911791 0.00861612
0 0.541949 0.441131 0.0138018 0.0257383 0.00797871
14 0.541949 0.441131 0.0138018 0.0257383 0.00718987
30 0.877734 0.924988 0.103015 0.0213352 0.00703004
30 0.820623 0.919514 0.104148 0.0435612 0.00663587
30 0.803423 0.918574 0.0686956 0.0379965 0.00601074
30 0.878656 0.934425 0.10254 0.034034 0.00465342
26 0.822576 0.786436 0.0280651 0.0459197 0.00420335
24 0.820322 0.793335 0.0321285 0.0613964 0.00342143
30 0.806618 0.92082 0.179778 0.0664917 0.00312993
24 0.839842 0.799987 0.0563019 0.0778536 0.00300327
31 0.830602 0.926055 0.124652 0.0549862 0.00274214
0 0.542843 0.438812 0.0165297 0.0324565 0.00265807
37 0.762552 0.58373 0.023574 0.0319809 0.00259259
30 0.762822 0.584064 0.0238184 0.0315861 0.00201321
16 0.762552 0.58373 0.023574 0.0319809 0.00200206
33 0.762972 0.583964 0.0235819 0.0313615 0.00187707
30 0.784372 0.917501 0.068375 0.0406001 0.00185847
30 0.7658 0.911112 0.0933839 0.0486852 0.00184366
21 0.762552 0.58373 0.023574 0.0319809 0.00180727
10 0.762972 0.583964 0.0235819 0.0313615 0.00178495
30 0.792846 0.914594 0.0476965 0.0313062 0.00176761
16 0.799613 0.49384 0.0537685 0.057582 0.00175506
0 0.538929 0.441338 0.0208661 0.0289645 0.00172603
31 0.812294 0.498052 0.0302223 0.0411901 0.00166982
8 0.762852 0.584128 0.0234979 0.0314011 0.00163883
30 0.916814 0.927354 0.15715 0.0258319 0.00157222
14 0.538929 0.441338 0.0208661 0.0289645 0.00148207
24 0.799613 0.49384 0.0537685 0.057582 0.0014061
30 0.782534 0.91344 0.0586805 0.0363672 0.00140297
0 0.540536 0.445275 0.0196916 0.0363233 0.00139946
14 0.542843 0.438812 0.0165297 0.0324565 0.00132838
0 0.812015 0.493973 0.0323662 0.0462081 0.00126982
30 0.800921 0.906321 0.0304434 0.0435631 0.00126302
30 0.0886863 0.775418 0.176855 0.144379 0.00120923
36 0.762552 0.58373 0.023574 0.0319809 0.00120723
30 0.861337 0.92755 0.175112 0.0578208 0.00111163
9 0.762972 0.583964 0.0235819 0.0313615 0.00107238
50 0.822576 0.786436 0.0280651 0.0459197 0.00103477
30 0.807115 0.905444 0.0215816 0.0380028 0.00100192
