0 0.5 0.497203 1 0.960031 0.182077
4 0.5 0.499357 1 0.960859 0.0569097
0 0.582259 0.608889 0.835482 0.779065 0.0146577
6 0.5 0.499357 1 0.960859 0.0144543
33 0.516228 0.607484 0.967545 0.784285 0.00858366
7 0.5 0.499357 1 0.960859 0.00665101
0 0.649153 0.142395 0.195429 0.261678 0.00558826
0 0.404831 0.296021 0.561968 0.575933 0.00437889
63 0.5 0.507408 1 0.984656 0.00436747
4 0.582259 0.608889 0.835482 0.779065 0.00431645
3 0.5 0.499357 1 0.960859 0.00427398
60 0.5 0.509075 1 0.981849 0.00370032
0 0.514088 0.290194 0.971824 0.558676 0.00359288
8 0.5 0.497203 1 0.960031 0.00346398
57 0.5 0.509075 1 0.981849 0.00330809
0 0.291708 0.782974 0.579237 0.408488 0.00329447
0 0.775451 0.137686 0.082855 0.191658 0.00322175
0 0.798109 0.14535 0.117082 0.184423 0.00303194
59 0.5 0.509075 1 0.981849 0.00298482
0 0.338382 0.504438 0.676764 0.958391 0.00296542
13 0.5 0.507408 1 0.984656 0.00285867
25 0.504742 0.503395 0.990517 0.968731 0.00273362
0 0.0801449 0.852922 0.16029 0.288994 0.00270349
0 0.681206 0.151284 0.117733 0.206636 0.00269723
5 0.5 0.507408 1 0.984656 0.0026384
20 0.5 0.507408 1 0.984656 0.00254697
14 0.515836 0.607615 0.968329 0.77113 0.00239626
62 0.852928 0.137086 0.23096 0.242735 0.00236943
0 0.624508 0.14808 0.140418 0.229811 0.00222731
0 0.16976 0.509749 0.33952 0.912332 0.00217605
0 0.734676 0.787316 0.131168 0.384084 0.00216377
0 0.831309 0.630084 0.337382 0.734546 0.00210422
0 0.869404 0.133675 0.261191 0.249052 0.00203001
62 0.502036 0.501355 0.995928 0.965868 0.0020133
2 0.5 0.507408 1 0.984656 0.00194967
0 0.490852 0.854158 0.141124 0.249581 0.00190189
56 0.5 0.509075 1 0.981849 0.00173634
0 0.156048 0.83241 0.312095 0.33506 0.00170556
0 0.606331 0.12776 0.102656 0.237243 0.00169054
19 0.5 0.507408 1 0.984656 0.00149673
0 0.862775 0.137385 0.144341 0.213778 0.00148493
0 0.834588 0.144962 0.199254 0.21456 0.0014337
14 0.52002 0.135363 0.0968115 0.177923 0.00135002
0 0.95196 0.652398 0.0925074 0.216272 0.00132641
8 0.582259 0.608889 0.835482 0.779065 0.00126737
0 0.285901 0.689759 0.571802 0.58336 0.00125012
0 0.0546824 0.822904 0.108435 0.332501 0.00124761
59 0.582259 0.608889 0.835482 0.779065 0.00124639
0 0.287808 0.850131 0.575617 0.29576 0.00120279
13 0.582259 0.608889 0.835482 0.779065 0.00117519
14 0.571125 0.165809 0.140056 0.165625 0.00117481
28 0.5 0.507408 1 0.984656 0.00115797
0 0.891585 0.677494 0.207865 0.250416 0.00114548
0 0.799227 0.192177 0.110333 0.121996 0.0010843
4 0.338382 0.504438 0.676764 0.958391 0.00108251
14 0.850159 0.694864 0.126682 0.204423 0.00103426
0 0.245783 0.665718 0.151298 0.293557 0.00102773
