4 0.682274 0.318257 0.136251 0.141242 0.900919
4 0.465242 0.430546 0.0585197 0.083017 0.00388998
4 0.654149 0.344354 0.0793426 0.087542 0.00232914
7 0.46525 0.433997 0.0583141 0.0900884 0.00218722
4 0.458999 0.411713 0.0470327 0.0501409 0.00212908
4 0.687129 0.343013 0.14808 0.0944489 0.00209457
8 0.465309 0.433227 0.0581597 0.0871998 0.00208789
4 0.671701 0.364562 0.0229463 0.0491514 0.00190336
14 0.441927 0.403699 0.0107222 0.0287712 0.00178841
4 0.645855 0.338657 0.0624221 0.0738619 0.0016301
8 0.441927 0.403699 0.0107222 0.0287712 0.0014582
0 0.671701 0.364562 0.0229463 0.0491514 0.00135246
4 0.441927 0.403699 0.0107222 0.0287712 0.00127101
4 0.681939 0.289988 0.124601 0.0918982 0.00100181
