5 0.500581 0.543175 0.716428 0.536512 0.940229
0 0.453558 0.657196 0.0735374 0.332569 0.857135
0 0.230013 0.646982 0.0767441 0.242598 0.841212
5 0.0753631 0.544708 0.150011 0.382775 0.518871
7 0.0750899 0.545751 0.149523 0.382801 0.490437
26 0.199391 0.689721 0.0233076 0.0476306 0.451678
0 0.359116 0.462443 0.028897 0.0361584 0.265852
5 0.0758692 0.466178 0.149335 0.220378 0.127023
5 0.121188 0.512549 0.0574294 0.184154 0.111785
0 0.535963 0.486879 0.0257853 0.035558 0.111592
5 0.0551238 0.430067 0.109157 0.15098 0.107804
0 0.532669 0.599153 0.0490614 0.261719 0.0861738
26 0.199512 0.679368 0.0258873 0.0660927 0.0855297
7 0.0748803 0.617224 0.149036 0.241434 0.0732232
26 0.257194 0.619374 0.0295024 0.116578 0.0439397
24 0.255803 0.615479 0.0296835 0.113198 0.0331668
0 0.559645 0.487475 0.0161289 0.0320243 0.0323688
0 0.264022 0.645148 0.0336091 0.193773 0.0322719
2 0.122732 0.51618 0.0553555 0.180408 0.0309316
7 0.122069 0.513822 0.0562897 0.183489 0.0296493
0 0.252921 0.470711 0.0177536 0.0391055 0.0296008
2 0.0749269 0.544561 0.149415 0.384887 0.0287383
0 0.613886 0.429961 0.0259429 0.0420265 0.0276406
24 0.254968 0.597321 0.0296995 0.0766975 0.024184
2 0.122579 0.523035 0.0508054 0.119109 0.0233438
26 0.261781 0.629104 0.0407405 0.141001 0.0218791
0 0.407668 0.455595 0.0309514 0.0399392 0.0210043
26 0.260588 0.708952 0.024081 0.0529212 0.0176286
26 0.210571 0.68352 0.0466842 0.0835022 0.0175529
26 0.254968 0.597321 0.0296995 0.0766975 0.0166123
0 0.249585 0.475861 0.0184819 0.0319099 0.0159961
0 0.477717 0.530862 0.0580923 0.266549 0.0153198
1 0.229085 0.719556 0.0447302 0.0956393 0.0151581
24 0.259484 0.62699 0.0371505 0.13689 0.0146882
24 0.199391 0.689721 0.0233076 0.0476306 0.014414
0 0.531389 0.48754 0.0347924 0.0384454 0.0141673
0 0.487604 0.512207 0.0418529 0.201975 0.0126171
5 0.116846 0.48502 0.0657638 0.185409 0.0124903
0 0.267176 0.671396 0.0382007 0.13483 0.01243
7 0.0753625 0.490782 0.14776 0.234466 0.0115763
24 0.250717 0.585069 0.0323744 0.0569565 0.0115242
0 0.479652 0.503 0.058143 0.188093 0.011277
26 0.259515 0.629333 0.0274914 0.146424 0.0107202
0 0.261927 0.699353 0.0268853 0.0763924 0.0099856
0 0.479937 0.459556 0.0498257 0.129968 0.0099476
0 0.462912 0.445713 0.0267879 0.0554242 0.00985169
0 0.542858 0.610622 0.0688726 0.293485 0.00898212
24 0.260575 0.709553 0.024494 0.0567746 0.00865033
0 0.475182 0.471389 0.0638828 0.13062 0.00817284
1 0.260835 0.709425 0.0247489 0.0564768 0.00809518
2 0.0748803 0.617224 0.149036 0.241434 0.007651
0 0.465045 0.465817 0.0398527 0.0994406 0.00717923
0 0.48704 0.481485 0.0376736 0.127161 0.00669912
0 0.460454 0.45511 0.0330379 0.0765606 0.0064632
0 0.260889 0.70982 0.0247 0.0572014 0.00590396
26 0.26674 0.649821 0.0375276 0.128256 0.00589553
2 0.116615 0.502976 0.0644234 0.124915 0.00551417
0 0.610316 0.429242 0.0418097 0.0483063 0.00540197
0 0.603021 0.429944 0.0456156 0.0450545 0.00531045
0 0.483747 0.554775 0.0560735 0.296622 0.00520498
28 0.199391 0.689721 0.0233076 0.0476306 0.00512066
2 0.126745 0.581201 0.0450594 0.0637871 0.00507775
5 0.123186 0.459118 0.03108 0.07603 0.00503376
0 0.532817 0.532343 0.0432564 0.125949 0.0049817
0 0.535378 0.490704 0.0308413 0.044633 0.00490701
2 0.0753625 0.490782 0.14776 0.234466 0.00490037
26 0.250717 0.585069 0.0323744 0.0569565 0.00489944
2 0.123975 0.550942 0.0536846 0.122229 0.00479767
7 0.500581 0.543175 0.716428 0.536512 0.00455219
0 0.359047 0.44436 0.0311057 0.0655923 0.00445342
16 0.260835 0.709425 0.0247489 0.0564768 0.00443372
0 0.487165 0.462697 0.0356939 0.098054 0.00440508
1 0.221607 0.710369 0.0433807 0.101572 0.00424027
2 0.148166 0.58379 0.0225889 0.060321 0.00402835
0 0.531062 0.503449 0.0378295 0.0694639 0.00393906
1 0.232282 0.708876 0.0525889 0.116731 0.00392288
56 0.319392 0.468406 0.0223477 0.0315049 0.00382882
0 0.259484 0.62699 0.0371505 0.13689 0.0037663
7 0.122579 0.523035 0.0508054 0.119109 0.003456
36 0.19908 0.687112 0.022877 0.0511466 0.00343084
39 0.199189 0.68893 0.0226504 0.0475128 0.00341862
26 0.20328 0.636972 0.0313346 0.148663 0.00333479
26 0.251225 0.640965 0.0335079 0.173504 0.00333452
0 0.338753 0.46703 0.0181288 0.0420367 0.00324211
0 0.319392 0.468406 0.0223477 0.0315049 0.0032087
2 0.151647 0.586679 0.0199852 0.0555667 0.0031887
26 0.261927 0.699353 0.0268853 0.0763924 0.00317892
0 0.572918 0.328165 0.0201601 0.029133 0.00314188
24 0.228735 0.580242 0.0271569 0.0457624 0.00310421
5 0.0744794 0.617278 0.14817 0.24086 0.0031026
24 0.233714 0.594952 0.0333233 0.0705154 0.00304452
24 0.199512 0.679368 0.0258873 0.0660927 0.00298563
0 0.357194 0.458482 0.0346606 0.0466838 0.00283957
2 0.107475 0.543762 0.0835913 0.180448 0.00279596
26 0.221607 0.710369 0.0433807 0.101572 0.0027869
56 0.281721 0.477467 0.0213313 0.024166 0.00272778
26 0.193638 0.68475 0.0340353 0.0576475 0.00249317
28 0.260588 0.708952 0.024081 0.0529212 0.00242233
35 0.199189 0.68893 0.0226504 0.0475128 0.00241995
0 0.494933 0.593322 0.0449358 0.197504 0.0023725
0 0.410318 0.43894 0.0316353 0.0683938 0.00236055
2 0.126568 0.567148 0.054409 0.0943956 0.00229597
46 0.199189 0.68893 0.0226504 0.0475128 0.00225887
0 0.515339 0.568124 0.0786016 0.306831 0.00221637
0 0.469486 0.429115 0.0465033 0.0856691 0.00215226
26 0.228226 0.59835 0.0403696 0.0752632 0.00213394
2 0.121853 0.575136 0.0383951 0.0525477 0.00207007
24 0.261927 0.699353 0.0268853 0.0763924 0.0019908
0 0.625579 0.429219 0.0500481 0.0470709 0.00187054
0 0.370042 0.459923 0.0410992 0.0415292 0.00186035
24 0.26674 0.649821 0.0375276 0.128256 0.00183433
0 0.326802 0.466532 0.0180197 0.0331324 0.00182006
0 0.557209 0.490901 0.0238707 0.0434917 0.00181866
7 0.0632475 0.435849 0.124019 0.162692 0.00180262
24 0.232697 0.598271 0.0457047 0.0749763 0.00179979
24 0.251225 0.640965 0.0335079 0.173504 0.00174323
1 0.236678 0.727552 0.0296533 0.0792954 0.00168461
0 0.222096 0.481265 0.0178982 0.0274153 0.00164732
0 0.455986 0.467015 0.03936 0.101213 0.00163564
5 0.102834 0.459852 0.0276527 0.0747859 0.00158519
6 0.0754466 0.544897 0.149713 0.382449 0.00155959
26 0.233714 0.594952 0.0333233 0.0705154 0.00155127
5 0.109035 0.460439 0.0439116 0.079053 0.00154802
0 0.542408 0.528985 0.0639936 0.123203 0.00152987
0 0.24553 0.654786 0.0466439 0.221875 0.00152457
26 0.226892 0.599183 0.0575529 0.111472 0.0015049
0 0.257194 0.619374 0.0295024 0.116578 0.00146526
56 0.359324 0.462781 0.029039 0.0361451 0.00145382
28 0.26674 0.649821 0.0375276 0.128256 0.00141183
2 0.121629 0.538228 0.0488653 0.0497753 0.0014081
7 0.116846 0.48502 0.0657638 0.185409 0.00134829
26 0.228735 0.580242 0.0271569 0.0457624 0.0013063
28 0.261927 0.699353 0.0268853 0.0763924 0.00128484
24 0.225047 0.584034 0.0359864 0.0487981 0.00125366
26 0.481494 0.63938 0.014982 0.0514016 0.00124183
2 0.119391 0.517881 0.0588553 0.0826706 0.00120917
0 0.195911 0.478223 0.0152816 0.0358088 0.00120202
3 0.260889 0.70982 0.0247 0.0572014 0.00119975
24 0.210571 0.68352 0.0466842 0.0835022 0.00119415
0 0.268154 0.656455 0.0378411 0.0841159 0.00116786
26 0.225047 0.584034 0.0359864 0.0487981 0.0011664
5 0.0765501 0.52048 0.145404 0.191369 0.00113708
26 0.212924 0.617052 0.0391653 0.144388 0.0011206
0 0.543259 0.567731 0.0780474 0.207503 0.00110441
1 0.232089 0.669294 0.0773335 0.145244 0.00110292
7 0.107475 0.543762 0.0835913 0.180448 0.00109896
0 0.0103048 0.3959 0.019838 0.0249143 0.00107929
0 0.129975 0.472535 0.0231555 0.053768 0.0010604
0 0.35952 0.497743 0.0353271 0.118565 0.0010528
0 0.454701 0.591159 0.0716098 0.202173 0.00105268
0 0.376864 0.461081 0.0373663 0.0482479 0.00104845
5 0.13322 0.450313 0.0144036 0.039451 0.00102425
7 0.116615 0.502976 0.0644234 0.124915 0.00100833
