3 0.46228 0.507612 0.899014 0.915229 0.761868
3 0.202214 0.225352 0.404428 0.439868 0.471079
3 0.214737 0.0918733 0.409001 0.181601 0.176539
3 0.298715 0.0942779 0.240637 0.187509 0.145024
3 0.299026 0.0523631 0.239794 0.104355 0.124285
3 0.199951 0.397334 0.399796 0.780175 0.113068
3 0.203904 0.143232 0.407807 0.280544 0.0738628
0 0.168328 0.019373 0.0630303 0.0382442 0.0170734
39 0.124675 0.318644 0.179603 0.162633 0.0130186
1 0.458772 0.501947 0.908006 0.955784 0.0128358
3 0.193793 0.0441767 0.378493 0.0882092 0.0121489
3 0.272139 0.0242885 0.175995 0.0485387 0.0121058
3 0.687155 0.283674 0.55421 0.462618 0.00805584
3 0.228918 0.0535152 0.375512 0.10703 0.00781432
0 0.271499 0.0246131 0.166776 0.0490375 0.00722322
3 0.492395 0.304226 0.962877 0.553704 0.00710079
39 0.158836 0.277101 0.078811 0.0681551 0.00678065
3 0.0624459 0.03241 0.12044 0.0645403 0.00663498
3 0.167623 0.500692 0.335245 0.943497 0.00635645
1 0.186024 0.497443 0.372048 0.949265 0.00563481
2 0.0622848 0.0205406 0.116276 0.0400582 0.0056318
3 0.227754 0.138432 0.341723 0.223686 0.00556949
3 0.254723 0.0799242 0.328874 0.159848 0.00555983
3 0.218791 0.0237711 0.296129 0.0475422 0.00454831
2 0.296264 0.0841326 0.244262 0.164638 0.00415432
3 0.689006 0.39141 0.581176 0.710891 0.00395459
1 0.687155 0.283674 0.55421 0.462618 0.00381777
2 0.0624459 0.03241 0.12044 0.0645403 0.00365022
2 0.66028 0.0211632 0.114489 0.0413218 0.00358737
2 0.0633499 0.0111972 0.108281 0.0223945 0.00331622
3 0.304791 0.115678 0.320679 0.227209 0.00323665
28 0.598074 0.264608 0.251283 0.175952 0.0031741
2 0.30062 0.051748 0.233828 0.102451 0.00309125
0 0.150051 0.0193728 0.102043 0.0387457 0.00284442
1 0.227754 0.138432 0.341723 0.223686 0.00284266
3 0.0674111 0.163451 0.134163 0.284958 0.00281802
1 0.797059 0.277351 0.366386 0.477899 0.00262955
3 0.104337 0.0337468 0.204794 0.0669557 0.00250921
3 0.0622848 0.0205406 0.116276 0.0400582 0.00249246
28 0.867781 0.15265 0.226186 0.23667 0.0024505
39 0.147908 0.311889 0.236593 0.186216 0.00244284
7 0.507653 0.0793321 0.870249 0.157556 0.00243479
1 0.585543 0.272203 0.780243 0.484845 0.00234425
2 0.491107 0.0825193 0.681778 0.165039 0.0023303
1 0.804136 0.154197 0.352044 0.237228 0.00232726
3 0.352241 0.101447 0.133621 0.154451 0.00226548
0 0.104105 0.0222331 0.1965 0.0444662 0.00210765
3 0.157696 0.0334436 0.30912 0.0666272 0.00208792
2 0.498045 0.0933019 0.942262 0.183838 0.00196835
3 0.102907 0.159835 0.203454 0.291372 0.00187886
1 0.202912 0.368266 0.405824 0.721486 0.00184542
39 0.135602 0.296286 0.0263665 0.0244555 0.00183421
1 0.292124 0.0864919 0.249939 0.171745 0.00183085
1 0.202422 0.223065 0.404845 0.434283 0.00172883
39 0.183646 0.301416 0.311449 0.206157 0.00169587
3 0.137118 0.0481955 0.26901 0.0952359 0.00153786
2 0.522541 0.0697119 0.369074 0.13848 0.00151056
0 0.0672549 0.00965805 0.0944595 0.0193161 0.00150752
3 0.797059 0.277351 0.366386 0.477899 0.00142613
5 0.507653 0.0793321 0.870249 0.157556 0.00135708
3 0.169359 0.0188915 0.0624645 0.0377829 0.00135413
3 0.804136 0.154197 0.352044 0.237228 0.00134936
1 0.292506 0.0515462 0.247096 0.103007 0.00131848
2 0.497307 0.269231 0.959483 0.492943 0.0013172
28 0.553762 0.255958 0.357992 0.195741 0.00129452
0 0.189331 0.0375015 0.369349 0.0750031 0.00129133
3 0.288023 0.516565 0.560953 0.904504 0.00128761
56 0.682754 0.579884 0.240018 0.151111 0.00124311
13 0.204254 0.225588 0.408508 0.444677 0.00114533
3 0.140818 0.116257 0.277946 0.231047 0.0011104
0 0.127065 0.0197167 0.155967 0.0394335 0.00111032
24 0.38245 0.0696577 0.071588 0.0719263 0.00106531
2 0.52641 0.127403 0.890132 0.24851 0.0010221
13 0.682532 0.580305 0.23936 0.152588 0.00100386
0 0.297433 0.0511337 0.235442 0.102267 0.00100103
