31 0.642124 0.496361 0.235465 0.848856 0.934758
31 0.392025 0.451109 0.134789 0.68641 0.868166
31 0.554748 0.473389 0.236113 0.836604 0.861965
31 0.487791 0.484559 0.166756 0.741122 0.737753
0 0.970997 0.477216 0.0193855 0.0454191 0.614336
0 0.926525 0.47519 0.0131054 0.0517491 0.366333
31 0.457421 0.453473 0.114976 0.67527 0.318879
31 0.510565 0.428997 0.116173 0.630708 0.091823
30 0.392964 0.445388 0.133131 0.679942 0.069118
31 0.611999 0.396517 0.114358 0.647376 0.0683584
31 0.646651 0.381599 0.110666 0.610096 0.0604277
31 0.558517 0.389491 0.141248 0.664328 0.0562378
0 0.186919 0.405982 0.00521774 0.026619 0.0521211
31 0.648432 0.249513 0.105743 0.344828 0.0484111
0 0.924041 0.473943 0.0152376 0.0476816 0.0424887
31 0.466043 0.391809 0.0945194 0.548612 0.0416199
0 0.0178994 0.405029 0.0111814 0.0202423 0.0367706
0 0.104132 0.401813 0.00792522 0.0203792 0.0341108
0 0.182594 0.405372 0.00983324 0.0249166 0.0315292
30 0.27981 0.641479 0.155226 0.0895617 0.0296689
31 0.609088 0.480843 0.0933352 0.700213 0.0285327
0 0.911594 0.481704 0.0129017 0.0397049 0.0276969
30 0.640451 0.500951 0.238514 0.848509 0.0267632
0 0.909713 0.472021 0.0125956 0.0561086 0.0214565
31 0.437236 0.463663 0.110625 0.679653 0.0198365
30 0.286611 0.61655 0.167249 0.140469 0.0191411
31 0.586584 0.429858 0.171543 0.777636 0.0164053
31 0.618647 0.228817 0.105962 0.369432 0.016066
31 0.601088 0.354586 0.177805 0.621849 0.0152692
31 0.639172 0.277477 0.0967706 0.428631 0.0149611
0 0.906542 0.469705 0.0162603 0.0633258 0.0132857
31 0.542286 0.548442 0.147108 0.784101 0.0124449
0 0.896679 0.465645 0.0209284 0.0796757 0.0124128
31 0.403976 0.399719 0.105747 0.588234 0.0122293
31 0.602635 0.450644 0.0895954 0.473589 0.0122232
30 0.555239 0.469815 0.239204 0.842568 0.0121767
31 0.86521 0.543472 0.0846783 0.515116 0.0117911
30 0.864178 0.569205 0.0781803 0.562387 0.0116248
30 0.481847 0.467249 0.161384 0.720451 0.0112987
13 0.107831 0.268462 0.0429749 0.0364976 0.0104118
0 0.0561084 0.404338 0.00728352 0.017804 0.00917768
0 0.955331 0.483278 0.0137394 0.0344435 0.00908917
31 0.371304 0.504472 0.0900871 0.587572 0.00887546
30 0.291815 0.501855 0.101513 0.342944 0.00872487
30 0.457421 0.453473 0.114976 0.67527 0.0072104
31 0.668754 0.427115 0.175 0.665671 0.00604153
31 0.837892 0.54081 0.137694 0.515726 0.00568441
31 0.291815 0.501855 0.101513 0.342944 0.00558507
30 0.646651 0.381599 0.110666 0.610096 0.00555056
30 0.50465 0.477643 0.141907 0.773167 0.00551724
0 0.101603 0.397959 0.00997033 0.0321943 0.00533083
30 0.837892 0.54081 0.137694 0.515726 0.00522968
31 0.661141 0.218305 0.080644 0.289695 0.00503871
30 0.300843 0.50818 0.168276 0.358488 0.00498217
30 0.33553 0.422299 0.266011 0.619711 0.00496769
31 0.340906 0.45205 0.237833 0.684633 0.00439295
30 0.333179 0.521567 0.0987485 0.425468 0.00429255
30 0.845477 0.570501 0.0950348 0.575006 0.00424168
30 0.281481 0.633096 0.099856 0.0854139 0.00421548
31 0.705137 0.268532 0.11258 0.391349 0.00413391
30 0.31245 0.487759 0.0635722 0.30843 0.00408801
30 0.269698 0.595444 0.130809 0.17759 0.00407147
30 0.510565 0.428997 0.116173 0.630708 0.00405639
31 0.712115 0.561747 0.379092 0.655661 0.00405571
30 0.851348 0.569827 0.0673862 0.56704 0.00405133
31 0.845477 0.570501 0.0950348 0.575006 0.00400993
31 0.333179 0.521567 0.0987485 0.425468 0.00394607
0 0.278615 0.388765 0.0182379 0.039221 0.0036211
31 0.593558 0.486221 0.105918 0.626706 0.00355524
31 0.31245 0.487759 0.0635722 0.30843 0.00349501
0 0.0599554 0.40603 0.00874701 0.0133939 0.00339404
30 0.850895 0.874617 0.285414 0.186783 0.00339338
30 0.648353 0.293296 0.109692 0.432851 0.00334838
3 0.640451 0.500951 0.238514 0.848509 0.00333229
31 0.357746 0.520688 0.0647752 0.409706 0.00323266
36 0.640451 0.500951 0.238514 0.848509 0.00319329
0 0.276725 0.348302 0.0288312 0.0729352 0.00307643
31 0.41901 0.332924 0.0848192 0.455717 0.00299883
30 0.290826 0.625289 0.114485 0.104112 0.00293234
31 0.851348 0.569827 0.0673862 0.56704 0.00292814
0 0.347431 0.578786 0.0381063 0.0824435 0.00269365
30 0.611999 0.396517 0.114358 0.647376 0.00265419
31 0.286056 0.611195 0.165362 0.147033 0.00253052
0 0.21965 0.339659 0.00764122 0.0351786 0.00247392
31 0.300843 0.50818 0.168276 0.358488 0.00239468
30 0.811054 0.558897 0.183555 0.557583 0.00231481
31 0.873203 0.439603 0.0717518 0.300109 0.00230947
30 0.357746 0.520688 0.0647752 0.409706 0.00228786
37 0.640451 0.500951 0.238514 0.848509 0.00224161
31 0.348751 0.578948 0.0431521 0.0835046 0.00222498
0 0.451723 0.467168 0.116237 0.628692 0.00221944
31 0.521087 0.353521 0.0890186 0.488525 0.00221211
30 0.609088 0.480843 0.0933352 0.700213 0.00201833
30 0.558517 0.389491 0.141248 0.664328 0.00199831
30 0.862391 0.529865 0.0578854 0.46956 0.00199279
30 0.875825 0.536397 0.0864861 0.506554 0.00199133
31 0.668551 0.197523 0.0582813 0.250275 0.00197706
0 0.213393 0.403514 0.00879111 0.0283074 0.00195152
30 0.295939 0.491201 0.0704621 0.321315 0.00193885
0 0.217046 0.398405 0.00819921 0.0355741 0.00193021
30 0.652158 0.243451 0.0980485 0.334971 0.00190654
30 0.351658 0.512003 0.30075 0.348664 0.00189367
30 0.269181 0.644628 0.118086 0.0786529 0.00183648
31 0.647793 0.509795 0.159689 0.641731 0.00181627
31 0.811054 0.558897 0.183555 0.557583 0.00178048
0 0.245943 0.395996 0.00941277 0.040295 0.00177377
31 0.47042 0.300451 0.0854029 0.366011 0.00177327
30 0.326401 0.472433 0.0855643 0.269859 0.00174642
30 0.232608 0.667876 0.0634773 0.0364682 0.00171378
36 0.391632 0.446205 0.132851 0.67878 0.00168562
0 0.921654 0.459287 0.0252876 0.0832142 0.00168443
0 0.19171 0.405776 0.00817089 0.0269452 0.00163686
31 0.295939 0.491201 0.0704621 0.321315 0.001607
31 0.874359 0.388707 0.0693779 0.197444 0.00158849
31 0.862391 0.529865 0.0578854 0.46956 0.00155094
2 0.451723 0.467168 0.116237 0.628692 0.0015474
3 0.391315 0.448082 0.134744 0.682484 0.00153828
30 0.243165 0.665856 0.0855851 0.0409101 0.0015291
37 0.391315 0.448082 0.134744 0.682484 0.00137877
0 0.240363 0.32323 0.0137362 0.0227854 0.00136939
0 0.220798 0.333067 0.00869694 0.0437991 0.00136134
30 0.371304 0.504472 0.0900871 0.587572 0.00134251
31 0.27981 0.641479 0.155226 0.0895617 0.00132948
30 0.258768 0.661789 0.116454 0.0507744 0.00132295
17 0.970875 0.477278 0.0196821 0.0456753 0.00131655
30 0.437236 0.463663 0.110625 0.679653 0.00130597
30 0.863334 0.496502 0.0905933 0.420467 0.00128645
30 0.602635 0.450644 0.0895954 0.473589 0.00123259
30 0.542286 0.548442 0.147108 0.784101 0.00122663
36 0.443551 0.485452 0.127221 0.656755 0.00120276
30 0.844712 0.612566 0.267508 0.692048 0.00120065
16 0.970875 0.477278 0.0196821 0.0456753 0.00117469
30 0.812873 0.877386 0.194991 0.171797 0.00117314
0 0.93432 0.476975 0.0111958 0.0453734 0.00115848
30 0.873203 0.439603 0.0717518 0.300109 0.00114119
0 0.626408 0.422386 0.116159 0.716768 0.00110376
0 0.897885 0.456719 0.0260202 0.0979271 0.00107953
31 0.606022 0.258252 0.133483 0.433573 0.0010778
30 0.328581 0.493106 0.030215 0.282365 0.00106898
31 0.611315 0.18604 0.119604 0.288678 0.0010587
31 0.512981 0.473884 0.36782 0.722895 0.00104547
0 0.47745 0.462279 0.1627 0.720608 0.00100884
37 0.554748 0.473389 0.236113 0.836604 0.00100616
