71 0.673572 0.842766 0.652015 0.295561 0.76328
79 0.214835 0.335365 0.256828 0.171016 0.713341
15 0.219866 0.705635 0.295361 0.581448 0.433246
0 0.218983 0.706483 0.294972 0.576027 0.252993
71 0.229328 0.449362 0.451197 0.263058 0.219656
79 0.398232 0.438583 0.299233 0.195085 0.200521
71 0.571032 0.59023 0.850568 0.779968 0.19382
71 0.204795 0.133914 0.408892 0.260962 0.143079
71 0.243908 0.434744 0.320607 0.233697 0.0921293
79 0.40856 0.401219 0.256009 0.112926 0.0655253
16 0.219781 0.705886 0.294905 0.579943 0.0430545
39 0.965807 0.257405 0.0679642 0.497478 0.0390217
71 0.210334 0.266973 0.418288 0.523672 0.0266069
0 0.0531314 0.451481 0.105742 0.277437 0.0225781
71 0.310574 0.136403 0.618594 0.266465 0.0177353
71 0.209171 0.188566 0.417599 0.364797 0.014176
71 0.325141 0.323073 0.650283 0.637214 0.0133352
39 0.852818 0.361919 0.147798 0.487448 0.0124892
71 0.440398 0.579206 0.878861 0.719106 0.00918087
71 0.330628 0.431315 0.651195 0.287164 0.00831249
71 0.298463 0.220314 0.596817 0.427653 0.00768438
71 0.384738 0.471122 0.764702 0.928344 0.00756213
79 0.966194 0.253343 0.0669865 0.503067 0.00725687
71 0.267859 0.626564 0.522967 0.627463 0.00668111
71 0.431156 0.447947 0.848375 0.51567 0.0054318
39 0.0529526 0.451273 0.104709 0.27679 0.00466633
71 0.317613 0.405534 0.434911 0.167936 0.00439492
79 0.165506 0.348852 0.328909 0.167308 0.00394723
71 0.37961 0.378849 0.748855 0.401209 0.00362894
61 0.672309 0.841393 0.651245 0.297381 0.00346544
79 0.454268 0.373302 0.380399 0.214646 0.00321153
15 0.0531314 0.451481 0.105742 0.277437 0.00267595
44 0.214437 0.335178 0.256461 0.170611 0.00244689
71 0.292008 0.385052 0.220052 0.124257 0.00238642
17 0.219774 0.705065 0.294833 0.579967 0.00224125
79 0.86635 0.636798 0.0617176 0.666156 0.00208607
79 0.306895 0.443502 0.479563 0.201593 0.00190014
71 0.419709 0.180374 0.82795 0.352361 0.00187862
71 0.201241 0.409949 0.398027 0.319814 0.00173685
71 0.63978 0.127458 0.50982 0.250235 0.00171944
71 0.558258 0.158239 0.320734 0.299402 0.00163722
71 0.199078 0.585709 0.398156 0.548792 0.00157908
71 0.204331 0.1614 0.408662 0.178658 0.00157306
71 0.563223 0.218067 0.306991 0.413841 0.00152823
71 0.363805 0.390741 0.445312 0.139172 0.00150371
79 0.50833 0.359259 0.423952 0.242356 0.00147465
61 0.966194 0.253343 0.0669865 0.503067 0.0014714
71 0.219494 0.706673 0.294081 0.576699 0.00134781
71 0.965469 0.254819 0.0684376 0.505588 0.00131547
71 0.672862 0.734136 0.650776 0.505968 0.00128317
76 0.216056 0.335697 0.261249 0.172473 0.00118113
79 0.867616 0.673088 0.0769051 0.544897 0.00113928
39 0.216056 0.335697 0.261249 0.172473 0.00110555
16 0.0533793 0.451326 0.106269 0.277235 0.00109038
71 0.585911 0.852684 0.495531 0.269298 0.0010455
14 0.0529526 0.451273 0.104709 0.27679 0.00100109
