0 0.497947 0.560078 0.991937 0.868465 0.965213
27 0.367373 0.634149 0.115752 0.394878 0.882944
27 0.984619 0.783627 0.0306023 0.429524 0.0222531
40 0.81668 0.438462 0.212106 0.115178 0.00835788
39 0.817225 0.438308 0.211877 0.114897 0.00738448
0 0.984915 0.789372 0.0298821 0.402781 0.00366846
27 0.984117 0.872549 0.0298223 0.254903 0.00246614
41 0.817194 0.438494 0.214311 0.114464 0.00192803
26 0.984872 0.796633 0.0297047 0.403337 0.00182143
27 0.984371 0.817655 0.0296915 0.280337 0.00170729
78 0.817225 0.438308 0.211877 0.114897 0.00127056
