0 0.838055 0.842755 0.0716465 0.173378 0.840581
30 0.826377 0.925538 0.126237 0.0567858 0.49399
0 0.799996 0.493549 0.0549095 0.0596779 0.316885
24 0.822249 0.806812 0.0262062 0.0833324 0.247176
31 0.762277 0.584252 0.0241733 0.0320287 0.162268
30 0.858052 0.92434 0.177311 0.0518003 0.147112
24 0.828623 0.80541 0.0355846 0.0785609 0.134053
0 0.762636 0.584157 0.0238508 0.0316818 0.128426
0 0.542235 0.441224 0.013982 0.0257797 0.0912694
24 0.81662 0.811438 0.0378059 0.0773125 0.0854223
30 0.890174 0.932247 0.116264 0.0254528 0.0787785
24 0.808323 0.812562 0.0199337 0.0591942 0.0750242
24 0.841402 0.795832 0.0272724 0.0446129 0.0450284
30 0.861057 0.9346 0.172922 0.0390462 0.0363861
30 0.838604 0.928028 0.109181 0.0483747 0.0353186
30 0.815879 0.918644 0.0992192 0.0389531 0.0344104
30 0.762505 0.5839 0.0241893 0.0332499 0.0263365
30 0.88543 0.937931 0.0947086 0.0289065 0.0209019
0 0.540117 0.442471 0.0192743 0.0307079 0.0207154
24 0.847531 0.790772 0.0369598 0.0653048 0.0175656
30 0.779549 0.916064 0.0620588 0.0343185 0.0174565
30 0.877157 0.92932 0.148567 0.0348699 0.0172088
31 0.800213 0.493582 0.0545696 0.0591067 0.016216
30 0.803298 0.916022 0.0734413 0.033835 0.0136456
0 0.788735 0.532894 0.0781224 0.140097 0.011759
30 0.862916 0.937458 0.0611834 0.0301969 0.0116233
30 0.845055 0.934236 0.0916325 0.0367274 0.0115222
30 0.768609 0.915813 0.0412121 0.030453 0.00971499
30 0.789396 0.913692 0.052527 0.0316032 0.00926509
30 0.895055 0.938291 0.147896 0.034169 0.00908893
24 0.762395 0.584067 0.0238991 0.0319829 0.00905305
30 0.906071 0.9301 0.0951397 0.0225482 0.00812691
0 0.820424 0.841173 0.0385365 0.156409 0.0080317
30 0.80111 0.49282 0.0546295 0.0580491 0.00719029
24 0.805784 0.812963 0.030043 0.0592457 0.00673372
30 0.833502 0.916514 0.0972536 0.0495711 0.00652528
30 0.83024 0.913141 0.117805 0.0274834 0.00614232
0 0.538286 0.446179 0.0233594 0.0387967 0.00534993
24 0.850374 0.79485 0.0399281 0.051609 0.00489411
30 0.817202 0.911471 0.145203 0.0808339 0.00454348
30 0.801426 0.907267 0.074791 0.0453532 0.00426528
26 0.84013 0.798714 0.025926 0.0529781 0.00389838
30 0.934882 0.936187 0.0548656 0.0183606 0.00299475
30 0.75276 0.907656 0.0795054 0.0408791 0.00290814
30 0.768754 0.583675 0.036096 0.0324399 0.00278714
30 0.80408 0.92562 0.0922579 0.0516851 0.00277102
30 0.837544 0.913531 0.095623 0.0227338 0.00275943
31 0.800594 0.51612 0.0554436 0.0312584 0.00271514
24 0.798701 0.493519 0.0515888 0.0586526 0.00265548
31 0.826401 0.925696 0.120617 0.056103 0.00252062
24 0.809989 0.812214 0.0387789 0.0729214 0.00240517
14 0.762395 0.584067 0.0238991 0.0319829 0.00237104
33 0.762395 0.584067 0.0238991 0.0319829 0.002294
31 0.768754 0.583675 0.036096 0.0324399 0.00206485
24 0.833524 0.785082 0.0499475 0.0594566 0.00205168
31 0.890174 0.932247 0.116264 0.0254528 0.00197333
14 0.542235 0.441224 0.013982 0.0257797 0.00195485
30 0.777736 0.581854 0.0544069 0.0290311 0.00191405
0 0.843423 0.80454 0.0563915 0.0943264 0.00181299
36 0.762636 0.584157 0.0238508 0.0316818 0.00177693
30 0.540117 0.442471 0.0192743 0.0307079 0.0016889
30 0.751747 0.913858 0.0647076 0.0340314 0.00149438
30 0.872393 0.897559 0.156806 0.103536 0.00148925
31 0.756776 0.584207 0.0368852 0.034581 0.00147447
26 0.821956 0.805881 0.0265202 0.0821728 0.00146553
31 0.540117 0.442471 0.0192743 0.0307079 0.00144938
30 0.538286 0.446179 0.0233594 0.0387967 0.00140876
30 0.947685 0.938241 0.0484142 0.0190434 0.00138777
24 0.825916 0.783349 0.0337904 0.05788 0.00136554
30 0.913347 0.949312 0.158276 0.040096 0.00132483
31 0.542235 0.441224 0.013982 0.0257797 0.00132281
30 0.87126 0.916337 0.133714 0.0289457 0.00124463
26 0.830744 0.803798 0.0386475 0.0827206 0.00124094
24 0.817117 0.846272 0.0423689 0.155843 0.00122085
16 0.800532 0.49368 0.0538898 0.0590823 0.00120491
30 0.800594 0.51612 0.0554436 0.0312584 0.00119892
30 0.795185 0.916121 0.168742 0.0527323 0.00119129
37 0.762395 0.584067 0.0238991 0.0319829 0.00118077
0 0.656361 0.313434 0.0134935 0.0385528 0.00117165
31 0.857002 0.928642 0.178335 0.039432 0.00114679
0 0.852173 0.801119 0.0421078 0.0817968 0.00113815
30 0.778456 0.906673 0.0621029 0.0430398 0.00113711
30 0.790227 0.905389 0.0802868 0.0454426 0.00112391
30 0.542235 0.441224 0.013982 0.0257797 0.00109679
0 0.651146 0.314744 0.0246973 0.0416489 0.00103855
