69 0.408393 0.534024 0.693853 0.779142 0.530004
53 0.427964 0.487788 0.461939 0.182037 0.515384
72 0.753211 0.420275 0.492983 0.833054 0.288774
53 0.423396 0.535964 0.450604 0.0870681 0.217017
53 0.356341 0.600928 0.199165 0.0392273 0.213764
53 0.423202 0.457821 0.452394 0.119647 0.198844
69 0.41889 0.580514 0.645465 0.574663 0.120382
53 0.423701 0.518973 0.464583 0.121271 0.101481
53 0.410071 0.551926 0.431333 0.138033 0.0674811
53 0.518599 0.592273 0.137093 0.0548284 0.0416241
53 0.401532 0.571043 0.379688 0.0995419 0.0273314
48 0.427144 0.489231 0.459074 0.183495 0.0251738
69 0.440758 0.68733 0.520359 0.353297 0.0148205
53 0.3538 0.591903 0.208534 0.0540768 0.0134825
53 0.41312 0.585727 0.3529 0.0729949 0.0106718
69 0.753711 0.458758 0.491762 0.911232 0.0100809
69 0.429109 0.488441 0.464837 0.179115 0.00641078
60 0.406529 0.529837 0.671847 0.688244 0.00626346
45 0.0623589 0.536188 0.104645 0.0644896 0.00581151
44 0.896927 0.740815 0.0775405 0.0325552 0.00493681
53 0.383808 0.603029 0.144324 0.0333991 0.00467095
50 0.0455222 0.466648 0.0374609 0.0276989 0.00423408
72 0.42285 0.539137 0.650194 0.69306 0.00349218
45 0.139985 0.230788 0.188809 0.116613 0.00288579
55 0.427144 0.489231 0.459074 0.183495 0.00288522
45 0.0671274 0.589116 0.100909 0.0584234 0.00271592
69 0.837237 0.574981 0.325526 0.661076 0.00213557
52 0.427144 0.489231 0.459074 0.183495 0.0021258
53 0.342493 0.47111 0.291085 0.0925529 0.00201505
53 0.443448 0.593257 0.295876 0.0580044 0.00180963
41 0.0671618 0.588422 0.0997738 0.0592255 0.00164255
69 0.552627 0.514368 0.863012 0.748824 0.0015524
68 0.406305 0.52513 0.713491 0.740312 0.00154334
60 0.416187 0.20821 0.652624 0.165007 0.00147936
55 0.455155 0.233431 0.58937 0.103554 0.00143176
53 0.31381 0.537903 0.231176 0.0792974 0.00139105
53 0.39653 0.544409 0.245475 0.070381 0.00137591
72 0.83748 0.591771 0.325039 0.626981 0.00136405
41 0.0622761 0.536595 0.105452 0.0653337 0.00135294
45 0.897889 0.741252 0.0763817 0.0330156 0.00134149
41 0.0631687 0.561173 0.109555 0.114457 0.00119567
73 0.432953 0.208474 0.657355 0.160494 0.00116169
73 0.373217 0.240603 0.601215 0.100174 0.00113028
45 0.0632653 0.560845 0.109878 0.11402 0.0010694
54 0.427144 0.489231 0.459074 0.183495 0.00103951
59 0.43025 0.488522 0.459427 0.17889 0.00102642
