41 0.739689 0.588777 0.286087 0.255113 0.946439
55 0.381115 0.697742 0.198398 0.282804 0.932877
43 0.548409 0.758526 0.155647 0.326584 0.92713
44 0.607219 0.65771 0.128494 0.176903 0.922081
25 0.229897 0.0826591 0.0480164 0.162127 0.738305
60 0.578649 0.698733 0.839863 0.577905 0.723212
25 0.185708 0.0888751 0.0458691 0.175789 0.702581
73 0.501851 0.481903 0.197674 0.160621 0.539956
13 0.216102 0.263965 0.0967621 0.0952657 0.520851
60 0.581736 0.233286 0.334505 0.0683421 0.518801
25 0.541196 0.106859 0.164578 0.211357 0.470415
13 0.0493925 0.391317 0.0978529 0.172424 0.388143
13 0.347752 0.342365 0.0809696 0.0739653 0.333199
25 0.540646 0.0423194 0.162768 0.0821728 0.273742
24 0.653672 0.371454 0.329736 0.230529 0.254307
25 0.185828 0.0503113 0.0461922 0.0997119 0.229419
44 0.550044 0.758696 0.154058 0.326183 0.218936
73 0.969621 0.565213 0.0600876 0.138592 0.217534
60 0.247175 0.174705 0.0779397 0.0457774 0.215048
13 0.278202 0.230629 0.0678933 0.089604 0.210561
13 0.276858 0.242575 0.0545291 0.0652679 0.205852
13 0.278651 0.201855 0.0660981 0.0277107 0.18989
2 0.678806 0.0744528 0.0406258 0.0261598 0.168867
26 0.643354 0.371698 0.357795 0.231944 0.14748
24 0.106892 0.775084 0.21228 0.435818 0.141965
0 0.646575 0.0551922 0.0318686 0.0641421 0.139939
73 0.510704 0.560234 0.183373 0.0818257 0.133274
13 0.24955 0.174984 0.0726646 0.046096 0.130077
73 0.959254 0.833743 0.0789761 0.100358 0.128209
58 0.3824 0.182338 0.0713738 0.134064 0.110698
42 0.607175 0.657903 0.127771 0.177638 0.108217
60 0.230783 0.186135 0.0570516 0.0291487 0.105593
25 0.724479 0.0458138 0.0261379 0.0912351 0.0971651
60 0.214802 0.196806 0.0901554 0.061558 0.0907403
60 0.240319 0.169227 0.0934124 0.0347175 0.0810567
58 0.50755 0.165319 0.0327232 0.0891514 0.0809326
2 0.15334 0.0922739 0.0409396 0.0324649 0.0783178
24 0.585217 0.393811 0.559547 0.281051 0.0778066
73 0.954986 0.763274 0.0898403 0.166002 0.0732635
26 0.475653 0.339132 0.203025 0.171313 0.0726789
60 0.216368 0.265437 0.0966693 0.093992 0.0623603
44 0.760811 0.663941 0.216898 0.105029 0.0611023
26 0.106892 0.775084 0.21228 0.435818 0.0592376
58 0.507811 0.190678 0.0338541 0.0388397 0.0573962
26 0.585217 0.393811 0.559547 0.281051 0.0535087
60 0.0400049 0.388469 0.0796175 0.165739 0.0505662
25 0.953142 0.24746 0.0910728 0.490527 0.0481442
60 0.278651 0.201855 0.0660981 0.0277107 0.0457882
58 0.507425 0.151236 0.0375603 0.121094 0.0435166
13 0.229933 0.187482 0.0565687 0.0331802 0.0424199
26 0.297882 0.494702 0.251162 0.191993 0.042412
56 0.427349 0.174376 0.0567518 0.0867025 0.0420626
42 0.550044 0.758696 0.154058 0.326183 0.0404471
0 0.107312 0.774144 0.213169 0.434847 0.0395226
13 0.224408 0.21324 0.0580697 0.0229043 0.0391079
24 0.475653 0.339132 0.203025 0.171313 0.0383235
25 0.729881 0.0470785 0.0426121 0.0936001 0.0366067
56 0.217474 0.263114 0.0964498 0.102242 0.0364707
25 0.724576 0.0289614 0.0213482 0.0557951 0.036258
13 0.231674 0.226416 0.0648542 0.030174 0.0336651
56 0.107312 0.774144 0.213169 0.434847 0.0334059
13 0.215674 0.198111 0.0832453 0.0558016 0.0332211
73 0.502023 0.521976 0.20062 0.159585 0.032602
13 0.226521 0.200374 0.0609233 0.0491489 0.0315766
45 0.739752 0.589444 0.284671 0.254566 0.0314366
60 0.224408 0.21324 0.0580697 0.0229043 0.0294018
13 0.217056 0.242446 0.0979747 0.0558444 0.0280348
56 0.212461 0.196006 0.0909235 0.0616997 0.0272423
13 0.0385371 0.381819 0.0770229 0.152698 0.0261914
26 0.310222 0.476044 0.231223 0.140451 0.0260549
13 0.242666 0.230507 0.140351 0.107293 0.0258574
60 0.255986 0.172692 0.059161 0.0416495 0.02494
58 0.496944 0.16472 0.0543833 0.0923228 0.0243128
13 0.395984 0.319684 0.179231 0.119743 0.0221854
0 0.657845 0.0555612 0.05495 0.0660897 0.021873
73 0.404695 0.490072 0.421756 0.215105 0.0206756
56 0.230792 0.187952 0.0556768 0.0308564 0.0204676
60 0.226521 0.200374 0.0609233 0.0491489 0.0195466
60 0.267547 0.231614 0.0886867 0.0942623 0.0192361
13 0.463809 0.322314 0.316559 0.113553 0.0191328
58 0.0514089 0.252315 0.101142 0.423912 0.0185754
0 0.633461 0.0551468 0.0612545 0.0671421 0.0181101
24 0.717463 0.393562 0.386635 0.267415 0.0179026
28 0.107448 0.774148 0.211984 0.43632 0.0172821
58 0.116588 0.302901 0.0893899 0.119285 0.0172459
60 0.582225 0.17133 0.334843 0.188536 0.0171653
13 0.470991 0.403688 0.336155 0.109831 0.0169483
13 0.175009 0.281771 0.0946151 0.169785 0.0163159
67 0.959725 0.832815 0.0793045 0.100686 0.0162764
58 0.144443 0.20152 0.157907 0.344212 0.0162402
13 0.267342 0.247791 0.0719494 0.0689765 0.0160126
26 0.731096 0.39344 0.361529 0.263555 0.0157711
58 0.117135 0.209204 0.0929388 0.307513 0.0156798
2 0.13886 0.0892744 0.058588 0.0373479 0.0155661
28 0.653672 0.371454 0.329736 0.230529 0.015547
13 0.215705 0.22615 0.0995898 0.0406264 0.0155464
73 0.512253 0.539448 0.17644 0.0463239 0.015187
28 0.476408 0.339114 0.203891 0.170975 0.0147743
25 0.158991 0.0814238 0.0506818 0.0774445 0.0145153
60 0.580006 0.273337 0.333855 0.151364 0.0142449
58 0.433403 0.0593358 0.0581436 0.116648 0.0142137
26 0.857665 0.476815 0.108129 0.0973608 0.0139606
58 0.493258 0.138743 0.0633511 0.148269 0.0134816
13 0.216219 0.232269 0.100508 0.0257002 0.01308
60 0.231674 0.226416 0.0648542 0.030174 0.0127019
56 0.220331 0.213921 0.0548522 0.0222312 0.012494
60 0.216219 0.232269 0.100508 0.0257002 0.011931
56 0.276286 0.231275 0.0698218 0.0883048 0.0119095
2 0.506909 0.0956599 0.0345289 0.0285662 0.0118977
39 0.181275 0.283799 0.0839751 0.16408 0.0118287
26 0.410602 0.47469 0.435896 0.168004 0.0118072
56 0.155153 0.183888 0.0426769 0.0428444 0.0115198
44 0.698547 0.676547 0.348857 0.152853 0.0115133
60 0.239487 0.231738 0.135188 0.131772 0.0111729
25 0.552189 0.146777 0.162326 0.131478 0.0107209
13 0.234596 0.22147 0.0697443 0.0286052 0.0105161
13 0.582279 0.233152 0.33212 0.0695867 0.0103075
56 0.187009 0.196984 0.0572778 0.0583739 0.0100614
58 0.392257 0.136785 0.0897309 0.223573 0.00986603
13 0.240319 0.169227 0.0934124 0.0347175 0.00976953
43 0.959339 0.833514 0.0792671 0.101126 0.00967586
56 0.249453 0.17404 0.0728466 0.0442506 0.00947213
0 0.726922 0.0462665 0.0329 0.092398 0.0094642
25 0.225503 0.0592804 0.0363589 0.114899 0.00906295
58 0.384934 0.214227 0.0610107 0.0696458 0.00888962
13 0.192394 0.288094 0.13436 0.157744 0.00869423
13 0.254895 0.218992 0.120193 0.113453 0.00867668
25 0.247492 0.0218375 0.0660842 0.0425906 0.00863582
24 0.109133 0.655682 0.138075 0.197954 0.00859454
60 0.348445 0.342977 0.0830278 0.0738481 0.00854489
60 0.194803 0.195738 0.0660522 0.0593669 0.00848648
13 0.525275 0.321538 0.439705 0.130306 0.00847986
60 0.549972 0.333093 0.501485 0.151867 0.00842869
60 0.215705 0.22615 0.0995898 0.0406264 0.00836614
58 0.146814 0.297177 0.15064 0.135113 0.00822151
73 0.527441 0.533022 0.14334 0.0464712 0.00815293
60 0.581254 0.22191 0.26929 0.0440098 0.00815135
24 0.109533 0.62247 0.135852 0.130117 0.00804973
60 0.554807 0.369208 0.52992 0.215848 0.00761577
25 0.606664 0.0247134 0.0337391 0.0474951 0.00757903
13 0.23632 0.251044 0.147089 0.121279 0.00740355
13 0.233931 0.239745 0.0768839 0.0606484 0.00733703
58 0.482435 0.165981 0.03999 0.0904484 0.00726447
58 0.51984 0.183798 0.0491289 0.05009 0.00724369
56 0.161931 0.192288 0.0536907 0.0615421 0.0071761
60 0.235829 0.164985 0.094568 0.0190213 0.00704163
60 0.442827 0.319264 0.269617 0.130504 0.00703201
56 0.183411 0.200034 0.0379782 0.0510231 0.00697482
73 0.308944 0.476912 0.228636 0.148437 0.00686914
56 0.240319 0.169227 0.0934124 0.0347175 0.00686035
24 0.094933 0.689138 0.169931 0.263588 0.00681704
44 0.775201 0.662571 0.137867 0.111134 0.00651503
58 0.319687 0.0864034 0.152809 0.166796 0.00647587
60 0.0382958 0.353255 0.0765916 0.09459 0.00646114
60 0.537365 0.770032 0.757837 0.447475 0.00615543
13 0.187009 0.196984 0.0572778 0.0583739 0.00592649
56 0.446088 0.175052 0.0206387 0.0837794 0.00591841
58 0.528316 0.181645 0.0332947 0.0508335 0.00583994
13 0.376402 0.310366 0.140909 0.136757 0.00578201
2 0.424041 0.0854181 0.0306328 0.0579943 0.00576729
73 0.598421 0.50351 0.472516 0.198623 0.00563887
25 0.154586 0.0946817 0.121232 0.189363 0.00558355
58 0.473965 0.132151 0.0348499 0.157634 0.0054051
25 0.473817 0.0346636 0.0286983 0.0670712 0.00527912
13 0.212205 0.240118 0.0954661 0.0330587 0.00520647
26 0.28017 0.516355 0.216885 0.162278 0.0051035
58 0.343273 0.125956 0.203728 0.248313 0.00504375
60 0.513489 0.459799 0.681608 0.276725 0.00497913
73 0.553779 0.479684 0.775008 0.232085 0.0048582
56 0.192133 0.193799 0.10741 0.0643472 0.00473148
26 0.524199 0.488424 0.713848 0.229239 0.00467977
13 0.0388611 0.347626 0.0770045 0.0833313 0.00465125
56 0.348445 0.342977 0.0830278 0.0738481 0.00464118
13 0.426512 0.173818 0.0566872 0.0860097 0.00462067
13 0.0262498 0.400153 0.0524503 0.10353 0.00453255
13 0.239112 0.17562 0.0900145 0.0534877 0.00451756
73 0.534572 0.528963 0.129614 0.0361308 0.00446734
58 0.53263 0.178451 0.0311261 0.052653 0.00443593
56 0.175209 0.280901 0.0948699 0.166984 0.00441584
73 0.524109 0.566878 0.15431 0.0604313 0.00435263
44 0.740511 0.674756 0.260574 0.130296 0.00433642
60 0.687118 0.73649 0.622566 0.505028 0.0043323
25 0.48622 0.0449699 0.0557088 0.0857026 0.00417921
58 0.0772171 0.231077 0.150758 0.403799 0.00415438
2 0.421079 0.0774978 0.0232897 0.0385311 0.00412726
2 0.803954 0.0684038 0.030582 0.0381567 0.00408947
56 0.278359 0.201153 0.0700857 0.0278584 0.0040893
60 0.276381 0.235612 0.0628077 0.0835068 0.00401804
73 0.511735 0.574 0.180609 0.0539424 0.00401515
26 0.253245 0.502714 0.171502 0.173596 0.00373337
26 0.109533 0.62247 0.135852 0.130117 0.00367922
58 0.331084 0.0927315 0.108894 0.161537 0.00367144
2 0.499894 0.0940802 0.0486551 0.0433857 0.00364557
13 0.183411 0.200034 0.0379782 0.0510231 0.00362867
13 0.259553 0.262651 0.0725336 0.0477348 0.00356165
41 0.756898 0.663151 0.225603 0.106017 0.00354168
58 0.477016 0.337789 0.202664 0.169456 0.0035376
56 0.172178 0.203186 0.042836 0.0410385 0.0034467
58 0.47349 0.165477 0.0228105 0.0931567 0.00343698
56 0.0487097 0.390669 0.0968227 0.1704 0.00343072
25 0.148574 0.0913514 0.0335387 0.0338987 0.00340381
58 0.378001 0.216507 0.0433742 0.0653379 0.00327298
60 0.219589 0.179392 0.103219 0.0964857 0.0032582
25 0.135765 0.0515059 0.206306 0.100473 0.00324479
56 0.226521 0.200374 0.0609233 0.0491489 0.00323737
58 0.159313 0.151809 0.04238 0.0668842 0.00311375
24 0.109893 0.727362 0.155861 0.340274 0.00307798
73 0.419795 0.564573 0.370201 0.0778961 0.00305703
2 0.130002 0.0880003 0.0427891 0.0289062 0.00305536
13 0.389186 0.405586 0.171012 0.110935 0.00302753
2 0.41241 0.0745133 0.0454727 0.0676789 0.0029887
24 0.297882 0.494702 0.251162 0.191993 0.00297135
60 0.470991 0.403688 0.336155 0.109831 0.00295007
60 0.175548 0.280992 0.0955689 0.166344 0.002949
56 0.235829 0.164985 0.094568 0.0190213 0.00294897
24 0.576432 0.441656 0.831722 0.29829 0.00294411
58 0.175209 0.280901 0.0948699 0.166984 0.00294277
25 0.131099 0.188684 0.199016 0.377368 0.00283062
11 0.72438 0.0260467 0.0212416 0.0506292 0.00282234
25 0.737841 0.0488567 0.0562406 0.0965946 0.0028106
44 0.738468 0.588488 0.283832 0.255053 0.00280836
58 0.482485 0.131693 0.054401 0.16298 0.00279853
25 0.222858 0.0928701 0.112632 0.18574 0.00279623
2 0.666446 0.0571866 0.0640755 0.0635223 0.00275922
44 0.95988 0.833022 0.0783123 0.100349 0.00269544
56 0.549972 0.333093 0.501485 0.151867 0.00260204
28 0.554381 0.408348 0.716632 0.309717 0.0025976
67 0.501483 0.481797 0.197736 0.160973 0.0025731
25 0.106914 0.0502976 0.1336 0.0981946 0.00254855
42 0.95988 0.833022 0.0783123 0.100349 0.00253952
44 0.62162 0.677837 0.0991375 0.136353 0.00253835
25 0.717552 0.0475704 0.0377451 0.0861154 0.00245011
60 0.567751 0.228787 0.304578 0.0521592 0.00244382
58 0.420713 0.122249 0.0852592 0.226261 0.00240475
58 0.103452 0.186912 0.0978526 0.357023 0.00239643
56 0.442827 0.319264 0.269617 0.130504 0.00238681
58 0.444057 0.105617 0.0854333 0.202737 0.00237569
58 0.114244 0.163583 0.0425103 0.181334 0.0023689
60 0.192133 0.193799 0.10741 0.0643472 0.00236353
58 0.0431067 0.215801 0.0857566 0.339845 0.00234422
25 0.728953 0.047414 0.0278256 0.0892909 0.00234267
44 0.793533 0.660973 0.144309 0.0942719 0.00233382
58 0.472672 0.171971 0.0181007 0.0799521 0.00232801
58 0.0399402 0.305733 0.0794405 0.320002 0.00231275
56 0.239112 0.17562 0.0900145 0.0534877 0.00231108
58 0.471994 0.133022 0.0243511 0.158968 0.00230062
60 0.254895 0.218992 0.120193 0.113453 0.00228155
13 0.192133 0.193799 0.10741 0.0643472 0.00227788
2 0.551879 0.107968 0.0725641 0.048476 0.00224289
41 0.787302 0.664771 0.161018 0.103353 0.00224057
25 0.610027 0.0671009 0.0464846 0.0449237 0.00222105
26 0.576432 0.441656 0.831722 0.29829 0.00219339
58 0.481306 0.189518 0.0191605 0.0407327 0.00218564
0 0.804249 0.0676941 0.0307577 0.0371557 0.00217879
26 0.782723 0.399946 0.259855 0.253687 0.00214943
67 0.515851 0.561016 0.172075 0.0812164 0.00214204
73 0.531851 0.536784 0.134688 0.0341898 0.00213501
25 0.144213 0.196149 0.154514 0.339248 0.00213018
73 0.42471 0.478768 0.370489 0.163709 0.00212738
75 0.507692 0.192001 0.0359563 0.0395504 0.00212044
13 0.161931 0.192288 0.0536907 0.0615421 0.00209877
13 0.196459 0.221333 0.131089 0.0456109 0.00204369
58 0.541097 0.107342 0.164426 0.212991 0.00203508
67 0.870667 0.474471 0.082386 0.0915576 0.002022
56 0.215648 0.164179 0.0968357 0.100911 0.00199568
2 0.152633 0.0746892 0.0427648 0.0672939 0.00197724
13 0.523126 0.229769 0.213895 0.0534893 0.00197217
2 0.67848 0.079023 0.0454326 0.0371805 0.00194976
58 0.129616 0.282957 0.105275 0.158299 0.00194156
2 0.455548 0.0855789 0.0262232 0.0590263 0.00192952
56 0.231674 0.226416 0.0648542 0.030174 0.00190741
13 0.286183 0.189919 0.0603913 0.0375697 0.00190109
2 0.426541 0.17374 0.0561823 0.0859237 0.00189814
60 0.502358 0.2289 0.178697 0.0420697 0.00189704
0 0.611625 0.0572064 0.0482671 0.0647729 0.00189617
44 0.584124 0.63803 0.08097 0.138062 0.00188631
56 0.475653 0.339132 0.203025 0.171313 0.00187957
24 0.724784 0.372816 0.183511 0.217914 0.00187358
26 0.109133 0.655682 0.138075 0.197954 0.00184861
13 0.271388 0.221575 0.0946249 0.0944378 0.00182644
60 0.624582 0.227456 0.248616 0.0550705 0.00182605
56 0.513489 0.459799 0.681608 0.276725 0.00182575
25 0.125064 0.0935201 0.18069 0.185302 0.00182274
25 0.765793 0.0471915 0.110096 0.0922012 0.00180611
58 0.403789 0.214451 0.0249543 0.0674539 0.00179696
25 0.167685 0.0552375 0.0841972 0.107061 0.00179505
60 0.183411 0.200034 0.0379782 0.0510231 0.00179389
25 0.609357 0.0417836 0.0437084 0.0810055 0.00178981
60 0.212205 0.240118 0.0954661 0.0330587 0.00178829
56 0.0240745 0.695394 0.0473532 0.0902254 0.00177714
25 0.152633 0.0746892 0.0427648 0.0672939 0.00177658
73 0.335698 0.506148 0.140116 0.074175 0.00177649
60 0.196459 0.221333 0.131089 0.0456109 0.00176761
2 0.673809 0.0643108 0.0502962 0.04743 0.00175878
2 0.506738 0.102391 0.035026 0.0392573 0.00175613
60 0.186694 0.0875457 0.0462517 0.17418 0.00175458
56 0.239709 0.13669 0.0239546 0.0424132 0.00174576
25 0.144845 0.144364 0.205313 0.288728 0.00172615
13 0.235753 0.214557 0.124179 0.122675 0.00172603
24 0.524199 0.488424 0.713848 0.229239 0.00172129
