0 0.415203 0.548218 0.251118 0.634371 0.882499
3 0.552531 0.727592 0.560029 0.501849 0.761561
26 0.646069 0.545595 0.263372 0.173768 0.393945
24 0.645587 0.545047 0.261523 0.170347 0.191985
28 0.646069 0.545595 0.263372 0.173768 0.0570764
0 0.413456 0.358419 0.247246 0.253243 0.0124401
2 0.576548 0.463898 0.0848525 0.0343721 0.00729948
26 0.659134 0.574199 0.238979 0.1118 0.00613192
1 0.554133 0.75348 0.553847 0.448147 0.00390241
26 0.433615 0.497418 0.19365 0.0912146 0.0032897
26 0.628512 0.565332 0.215377 0.0843832 0.00305071
26 0.43593 0.484041 0.192827 0.0671934 0.00291008
24 0.659134 0.574199 0.238979 0.1118 0.00223786
2 0.50044 0.463476 0.233041 0.0391537 0.00164479
2 0.572879 0.459754 0.0940114 0.0451488 0.00149167
28 0.649669 0.5786 0.257913 0.11327 0.00147867
24 0.631596 0.566402 0.222481 0.0809238 0.00120777
