0 0.551893 0.446239 0.14563 0.160838 0.695702
33 0.0934606 0.402548 0.0729505 0.344264 0.345747
33 0.579273 0.484973 0.093879 0.297435 0.179751
33 0.575581 0.364632 0.0429592 0.0545487 0.0772622
33 0.56781 0.522179 0.069622 0.223745 0.0637664
31 0.570772 0.518791 0.076535 0.228712 0.0579228
33 0.552143 0.446697 0.146193 0.159452 0.0495597
31 0.579116 0.485444 0.0925029 0.298763 0.0407066
31 0.552087 0.446743 0.145382 0.158257 0.0336131
0 0.218817 0.760178 0.0510375 0.0556101 0.0269595
31 0.560089 0.543023 0.0568161 0.178663 0.026363
33 0.586984 0.373239 0.0668873 0.0738636 0.024014
33 0.560089 0.543023 0.0568161 0.178663 0.0209978
30 0.57912 0.484162 0.0947323 0.298799 0.0160676
33 0.570917 0.321871 0.0470941 0.134121 0.0129786
37 0.560089 0.543023 0.0568161 0.178663 0.0123074
0 0.578579 0.493097 0.0954212 0.280262 0.0121278
33 0.589743 0.434779 0.0725004 0.19707 0.0107738
77 0.552143 0.446697 0.146193 0.159452 0.0100034
37 0.579116 0.485444 0.0925029 0.298763 0.00994819
8 0.556242 0.315259 0.0231486 0.124683 0.00907546
0 0.231024 0.757491 0.0314281 0.0542072 0.00867257
0 0.57034 0.433483 0.110307 0.131233 0.00628319
31 0.589734 0.426049 0.0738393 0.179776 0.00627184
0 0.239469 0.754984 0.0138239 0.0447441 0.00545523
30 0.58991 0.395648 0.0739634 0.120065 0.00538206
33 0.58991 0.395648 0.0739634 0.120065 0.00505534
9 0.797244 0.514822 0.0463384 0.0283549 0.00498414
30 0.589734 0.426049 0.0738393 0.179776 0.00479615
30 0.571399 0.516796 0.0777989 0.232798 0.00474432
9 0.801248 0.517697 0.0385664 0.0228422 0.00434831
33 0.582285 0.36592 0.0574131 0.063438 0.00410628
31 0.543262 0.501793 0.13066 0.261408 0.00405118
14 0.552143 0.446697 0.146193 0.159452 0.00401473
30 0.584929 0.368806 0.0622977 0.0653141 0.00389099
37 0.571399 0.516796 0.0777989 0.232798 0.00387985
30 0.56115 0.537896 0.0603912 0.191065 0.00339526
33 0.801513 0.518227 0.0378765 0.0220047 0.00287294
33 0.574422 0.438033 0.0991065 0.394648 0.00281873
30 0.579515 0.364611 0.0502139 0.0558698 0.00280377
33 0.556874 0.316021 0.0238567 0.1301 0.00264245
0 0.550672 0.450019 0.0815287 0.161123 0.00233895
9 0.783585 0.511739 0.0743864 0.0346177 0.0020543
0 0.581342 0.420636 0.0877896 0.104087 0.00203606
0 0.543262 0.501793 0.13066 0.261408 0.00196823
0 0.569322 0.520401 0.0742855 0.225627 0.00193334
33 0.797244 0.514822 0.0463384 0.0283549 0.00192273
24 0.219555 0.760141 0.0483179 0.0558929 0.00188729
31 0.58991 0.395648 0.0739634 0.120065 0.00188607
30 0.587875 0.38188 0.0739981 0.0773772 0.00179765
25 0.575581 0.364632 0.0429592 0.0545487 0.00175914
33 0.538405 0.509823 0.125258 0.249541 0.00172296
0 0.585628 0.394407 0.0732918 0.0577066 0.00155008
0 0.214096 0.753608 0.067013 0.0664005 0.00143802
30 0.264513 0.593685 0.0443271 0.403579 0.0014047
0 0.196905 0.756111 0.0248813 0.0550234 0.0014011
8 0.572111 0.320143 0.0543308 0.145248 0.00139937
33 0.567591 0.429049 0.112739 0.189418 0.00139752
33 0.563515 0.605369 0.0775128 0.399328 0.00138971
37 0.589734 0.426049 0.0738393 0.179776 0.00137755
8 0.562295 0.30874 0.0190258 0.117191 0.0012767
30 0.324344 0.51807 0.607813 0.583233 0.00126129
31 0.801248 0.517697 0.0385664 0.0228422 0.00116435
8 0.560089 0.543023 0.0568161 0.178663 0.00109264
30 0.570917 0.321871 0.0470941 0.134121 0.0010761
31 0.584929 0.368806 0.0622977 0.0653141 0.00107598
33 0.75878 0.522871 0.12364 0.0597974 0.00103107
