15 0.511589 0.544479 0.453558 0.547664 0.909308
2 0.496238 0.853562 0.987129 0.268325 0.59656
2 0.522265 0.643669 0.951676 0.702202 0.40422
2 0.042465 0.362963 0.0811982 0.0915332 0.0100305
66 0.493447 0.856103 0.983423 0.271749 0.00910446
59 0.544727 0.676169 0.910546 0.64384 0.00657982
28 0.537336 0.673386 0.925327 0.640968 0.00591865
2 0.448942 0.498455 0.897884 0.99691 0.00551817
63 0.524984 0.666084 0.948188 0.65654 0.00471482
3 0.485709 0.63951 0.966529 0.693836 0.00361764
51 0.265881 0.813231 0.0428761 0.0315547 0.00354117
7 0.493609 0.644843 0.977772 0.700029 0.00336802
2 0.230071 0.374355 0.110198 0.0832297 0.0032759
57 0.473096 0.5 0.942839 1 0.00308317
71 0.544727 0.676169 0.910546 0.64384 0.00252184
2 0.0116069 0.326904 0.022173 0.0900572 0.00216469
1 0.485709 0.63951 0.966529 0.693836 0.00205362
51 0.267534 0.832977 0.0503424 0.0705072 0.00198931
13 0.495142 0.631557 0.990283 0.716049 0.00176889
13 0.458052 0.481317 0.910535 0.962634 0.00170749
66 0.49723 0.647457 0.98911 0.689712 0.00151002
2 0.0150075 0.333653 0.0270289 0.0812462 0.00138304
59 0.476505 0.500538 0.949708 0.998923 0.00125986
56 0.481786 0.639194 0.957207 0.693309 0.00124612
15 0.567147 0.675832 0.86153 0.642327 0.00122783
51 0.276065 0.844876 0.0320998 0.0420308 0.0011746
13 0.491722 0.237419 0.978061 0.474837 0.00111037
2 0.0107969 0.314116 0.0207596 0.0638375 0.00110763
2 0.0712509 0.368889 0.138023 0.106763 0.0010936
