14 0.384385 0.28994 0.0598302 0.0367167 0.705848
14 0.494947 0.316363 0.0566236 0.0444874 0.663812
14 0.181356 0.428969 0.0561926 0.0457835 0.572422
14 0.711571 0.381252 0.0392622 0.0375075 0.552637
14 0.950364 0.383295 0.0316628 0.0208543 0.521675
14 0.716734 0.467137 0.0311478 0.0301569 0.460336
14 0.0186906 0.408472 0.0361125 0.0350674 0.42058
14 0.264054 0.397522 0.0417019 0.0238898 0.285154
14 0.662822 0.545056 0.0365308 0.0260354 0.22172
0 0.546941 0.661526 0.0123953 0.0166545 0.199586
0 0.723489 0.678712 0.0209564 0.0419563 0.196557
4 0.0180565 0.409002 0.0336343 0.0339881 0.140534
14 0.709103 0.377128 0.0465126 0.0449175 0.125343
14 0.704915 0.476267 0.0556211 0.041602 0.121922
14 0.260354 0.396273 0.0507239 0.0297859 0.112239
14 0.702539 0.499648 0.0502527 0.0314852 0.0981736
14 0.703884 0.484428 0.0575258 0.0531193 0.0927209
0 0.388098 0.678252 0.0210075 0.0633359 0.0911016
14 0.244017 0.388243 0.0824654 0.0373583 0.0859088
0 0.834707 0.682143 0.0243166 0.0394007 0.0761579
14 0.954138 0.381945 0.0372025 0.0244127 0.0661222
8 0.546941 0.661526 0.0123953 0.0166545 0.0530636
8 0.505785 0.698375 0.20569 0.0618439 0.0503241
14 0.241221 0.394331 0.0862709 0.0388297 0.0459089
14 0.72075 0.380078 0.0543493 0.0369095 0.0428679
0 0.797985 0.685464 0.0236904 0.0328799 0.0426097
14 0.946318 0.385151 0.0452503 0.0257426 0.0408341
14 0.789988 0.612327 0.0242001 0.0254631 0.0400372
13 0.672203 0.765262 0.505808 0.208394 0.0338742
6 0.0855992 0.636999 0.168025 0.0782257 0.0329592
8 0.886614 0.619783 0.0688227 0.028501 0.031422
8 0.481595 0.638647 0.952699 0.183686 0.029507
0 0.0321276 0.703214 0.0109622 0.0231087 0.0284392
14 0.440816 0.304967 0.17319 0.072119 0.0280904
14 0.218507 0.410707 0.130267 0.0647432 0.0279064
8 0.298169 0.630046 0.0689249 0.0256537 0.0268399
14 0.704647 0.469483 0.0564009 0.0334906 0.0262529
0 0.8432 0.683372 0.043494 0.0399297 0.0255666
0 0.546801 0.66462 0.0135912 0.0220818 0.0220288
14 0.834702 0.682389 0.0247097 0.0395632 0.0218399
14 0.50607 0.315628 0.0751485 0.0466629 0.0215132
33 0.0178163 0.408089 0.0344545 0.0364549 0.0212757
8 0.385905 0.713573 0.0695885 0.0341156 0.0203459
14 0.712068 0.388322 0.042337 0.0488498 0.02015
14 0.546941 0.661526 0.0123953 0.0166545 0.0200573
14 0.968511 0.379385 0.0616077 0.0287339 0.0188999
8 0.472246 0.688728 0.0198963 0.0291789 0.018716
8 0.0859224 0.635831 0.168149 0.0753029 0.0183567
14 0.0312813 0.408993 0.0590657 0.036588 0.0180909
8 0.382947 0.685828 0.0484193 0.0753858 0.0167477
6 0.297966 0.63135 0.0698225 0.0285281 0.0160269
8 0.885019 0.622176 0.0571939 0.0231117 0.0158776
8 0.755142 0.619675 0.102729 0.0373507 0.0157389
6 0.21818 0.692502 0.432052 0.0611361 0.0152611
8 0.797985 0.685464 0.0236904 0.0328799 0.0149596
14 0.701489 0.381258 0.0602757 0.0405623 0.0147027
0 0.385873 0.67868 0.0291434 0.0659826 0.0145931
4 0.385139 0.288813 0.0612927 0.0354889 0.0145496
6 0.308086 0.675868 0.607075 0.0639058 0.014262
14 0.237701 0.375977 0.0711936 0.0262143 0.0142
14 0.232958 0.398226 0.10678 0.0532166 0.0141866
8 0.521647 0.693357 0.136589 0.0464259 0.0141444
14 0.0182349 0.421802 0.0363372 0.0654266 0.0140266
6 0.374323 0.681079 0.741458 0.0760934 0.0139982
8 0.286497 0.687916 0.0195986 0.0233303 0.0139107
8 0.501698 0.705064 0.173201 0.0196596 0.0138768
8 0.387287 0.678848 0.0252711 0.0670247 0.0128651
8 0.439323 0.682983 0.144427 0.0716265 0.0122914
6 0.420864 0.677562 0.839977 0.103256 0.01213
7 0.298123 0.632562 0.0699586 0.0295199 0.0117601
0 0.717116 0.682282 0.0334911 0.0393706 0.0116071
8 0.380393 0.701407 0.0496406 0.0519221 0.0110753
4 0.181942 0.429245 0.0558433 0.0460663 0.0110419
14 0.940975 0.38722 0.0618975 0.0302874 0.0109948
6 0.484206 0.661149 0.960536 0.130768 0.0108859
8 0.911161 0.620865 0.0210806 0.0254588 0.0106215
14 0.225597 0.402916 0.117171 0.0369914 0.0102266
4 0.218507 0.410707 0.130267 0.0647432 0.0101215
8 0.281584 0.705165 0.150296 0.0350988 0.0100893
0 0.286497 0.687916 0.0195986 0.0233303 0.00991121
14 0.443539 0.238313 0.0319082 0.0168261 0.00981307
8 0.387514 0.670065 0.362392 0.0726297 0.00942558
6 0.301989 0.716029 0.600313 0.116128 0.00934383
33 0.662822 0.545056 0.0365308 0.0260354 0.00928214
0 0.0405444 0.705842 0.0159261 0.0173721 0.00926509
0 0.282093 0.637523 0.0148946 0.0173779 0.00925705
8 0.256837 0.685804 0.319408 0.0664767 0.00899839
8 0.282004 0.717535 0.152137 0.0274147 0.00895086
8 0.510997 0.702148 0.200647 0.0347757 0.00890008
8 0.940891 0.626368 0.0399574 0.0146379 0.0087437
14 0.714113 0.478074 0.0408768 0.0514236 0.00867
33 0.181942 0.429245 0.0558433 0.0460663 0.0086652
8 0.502217 0.621482 0.0372776 0.0454978 0.00866097
6 0.224807 0.705338 0.449614 0.0669387 0.00838277
8 0.502442 0.704744 0.148454 0.0154074 0.00814739
33 0.385139 0.288813 0.0612927 0.0354889 0.00812203
8 0.493606 0.619701 0.0164796 0.0438271 0.00801775
0 0.820954 0.68579 0.0473148 0.0406919 0.0078761
6 0.414884 0.708695 0.823605 0.118073 0.00754997
8 0.508529 0.718151 0.195666 0.0292138 0.00752264
0 0.414826 0.717423 0.0157211 0.0259237 0.00749984
6 0.262552 0.654768 0.519221 0.0969835 0.0074501
14 0.948875 0.391686 0.0423773 0.0402011 0.00742227
8 0.388424 0.686522 0.0647908 0.0832943 0.00741252
4 0.757608 0.617058 0.0890549 0.0340795 0.00739625
6 0.178795 0.637733 0.35537 0.0796253 0.00735247
8 0.302975 0.632727 0.0580472 0.0239555 0.00725296
14 0.708322 0.408982 0.0456504 0.0966452 0.007195
6 0.432271 0.643254 0.859768 0.173616 0.00716126
8 0.550905 0.625135 0.736906 0.183974 0.00697598
0 0.789988 0.612327 0.0242001 0.0254631 0.00675389
14 0.794618 0.686795 0.0221603 0.0344266 0.0067504
8 0.953895 0.625815 0.0707106 0.0156988 0.00664601
14 0.937663 0.381841 0.0685337 0.0244361 0.00660256
14 0.798504 0.686868 0.0245628 0.0354616 0.00659278
8 0.378097 0.692629 0.0301389 0.0363887 0.00641578
8 0.282369 0.710634 0.161521 0.0391457 0.00637543
13 0.830896 0.759122 0.193519 0.187379 0.00634062
8 0.540656 0.700138 0.129611 0.0502363 0.00629336
8 0.265613 0.697805 0.309077 0.0647259 0.00628632
8 0.521019 0.7054 0.211209 0.057196 0.0062629
8 0.610025 0.772734 0.628121 0.20867 0.00625521
8 0.872399 0.622303 0.0383186 0.0208626 0.00623056
0 0.472246 0.688728 0.0198963 0.0291789 0.00621217
8 0.508681 0.759327 0.202281 0.187887 0.00617817
14 0.254781 0.409299 0.0634192 0.0498472 0.00614798
8 0.458186 0.695734 0.207585 0.0793447 0.00610748
8 0.491119 0.620078 0.0100086 0.0410515 0.0060049
5 0.297966 0.63135 0.0698225 0.0285281 0.00589386
8 0.823201 0.619573 0.194257 0.030265 0.00588176
0 0.378097 0.692629 0.0301389 0.0363887 0.0058715
8 0.754658 0.624377 0.100979 0.0209361 0.00576618
8 0.545471 0.705757 0.119925 0.020956 0.00566554
8 0.389138 0.674243 0.0325449 0.0655546 0.0056099
8 0.232721 0.692389 0.319293 0.0523097 0.00553736
7 0.294222 0.636883 0.0315165 0.0196093 0.00552452
8 0.272444 0.701413 0.244141 0.0531863 0.00551558
8 0.695184 0.649459 0.222533 0.12608 0.00550923
8 0.834707 0.682143 0.0243166 0.0394007 0.00549757
8 0.420864 0.677562 0.839977 0.103256 0.00542113
6 0.47237 0.688979 0.0211596 0.0305083 0.00536618
2 0.294222 0.636883 0.0315165 0.0196093 0.00530058
8 0.52304 0.686213 0.0962913 0.0396768 0.00528416
0 0.468357 0.786146 0.0470053 0.139801 0.00527838
2 0.885019 0.622176 0.0571939 0.0231117 0.00527087
8 0.538454 0.716803 0.141649 0.0287738 0.00525904
14 0.446259 0.237905 0.0400053 0.0207448 0.00522983
14 0.219323 0.378151 0.130566 0.0754847 0.00519925
8 0.277411 0.708618 0.211971 0.025012 0.00519526
8 0.281779 0.695134 0.0402079 0.0367658 0.00514922
7 0.302493 0.633738 0.0531162 0.0246897 0.00512993
8 0.545971 0.647898 0.0154174 0.042052 0.00509864
8 0.515389 0.693143 0.159271 0.0356337 0.00509402
8 0.389997 0.717478 0.0638146 0.0255838 0.00505814
8 0.433355 0.667978 0.351344 0.0890839 0.00502393
33 0.716734 0.467137 0.0311478 0.0301569 0.00498116
8 0.50827 0.724793 0.200453 0.115519 0.00496385
6 0.0830598 0.626779 0.155196 0.0586623 0.00493306
14 0.704147 0.364788 0.056385 0.0691882 0.00492999
14 0.690126 0.489058 0.0860384 0.0733588 0.00488114
0 0.794618 0.686795 0.0221603 0.0344266 0.00485116
8 0.433473 0.64095 0.285604 0.0710992 0.00481707
14 0.272095 0.397058 0.056171 0.0252931 0.00481212
14 0.711441 0.48202 0.0619108 0.0612827 0.00480533
8 0.472076 0.688167 0.0252851 0.0333516 0.00463557
8 0.76808 0.69043 0.0674908 0.0227459 0.00462446
8 0.294222 0.636883 0.0315165 0.0196093 0.00459042
8 0.505531 0.638858 0.0322237 0.0195974 0.00448886
8 0.469376 0.639957 0.269426 0.0523938 0.00447911
13 0.775137 0.759496 0.302051 0.193356 0.00445923
8 0.694404 0.625088 0.22653 0.188914 0.00443867
8 0.292717 0.695276 0.061497 0.040124 0.00438929
17 0.717116 0.682282 0.0334911 0.0393706 0.00435758
8 0.76742 0.702305 0.100202 0.0310694 0.00423074
19 0.286497 0.687916 0.0195986 0.0233303 0.00421962
8 0.258282 0.713609 0.167443 0.0312986 0.00421947
14 0.241617 0.374807 0.0902145 0.0711269 0.00421429
33 0.789988 0.612327 0.0242001 0.0254631 0.00416228
14 0.705271 0.388957 0.0551377 0.0528919 0.00415015
8 0.260945 0.647468 0.520931 0.0954132 0.00411907
14 0.390477 0.6792 0.0199815 0.0646507 0.00410101
2 0.302493 0.633738 0.0531162 0.0246897 0.00409186
2 0.872399 0.622303 0.0383186 0.0208626 0.00406712
0 0.799221 0.691923 0.0259615 0.0454852 0.00405192
14 0.678398 0.380639 0.108579 0.0458391 0.00403047
8 0.720136 0.70337 0.214882 0.0576209 0.00402737
6 0.0689236 0.640101 0.127481 0.0614136 0.00398883
13 0.815216 0.785146 0.178909 0.115383 0.00398189
0 0.718271 0.686441 0.0350491 0.0536128 0.00392169
8 0.699464 0.602332 0.20738 0.0790316 0.00391844
8 0.751321 0.693043 0.0701912 0.0183777 0.00391728
14 0.725244 0.466998 0.0467264 0.0321625 0.00391713
8 0.489915 0.619305 0.0237724 0.0423622 0.00389326
8 0.38251 0.68088 0.0368676 0.0568349 0.00386521
8 0.8432 0.683372 0.043494 0.0399297 0.0038594
8 0.270977 0.705322 0.158031 0.0251712 0.00383663
0 0.464527 0.764345 0.0586883 0.180866 0.00380272
0 0.908895 0.622225 0.0220966 0.0232328 0.00379768
8 0.453279 0.694999 0.0699671 0.0422859 0.00378299
4 0.951342 0.383623 0.031081 0.0222494 0.00373942
4 0.484206 0.661149 0.960536 0.130768 0.00370979
8 0.280845 0.710468 0.155727 0.0242221 0.00365105
8 0.584558 0.689969 0.0245125 0.0380173 0.00364015
4 0.717147 0.466869 0.032353 0.0297952 0.00363028
17 0.720765 0.679412 0.0264658 0.0436588 0.00361964
13 0.202273 0.767304 0.40255 0.12633 0.00361159
19 0.717176 0.682439 0.0336521 0.040849 0.00360301
8 0.536889 0.683902 0.0808485 0.0483055 0.00354603
8 0.912745 0.615936 0.0175552 0.0213598 0.00353986
8 0.773839 0.696475 0.108268 0.0481089 0.00353873
8 0.374323 0.681079 0.741458 0.0760934 0.00352558
8 0.540568 0.661552 0.0306229 0.0162753 0.00351766
2 0.298123 0.632562 0.0699586 0.0295199 0.00351503
8 0.699412 0.684219 0.18629 0.071671 0.0035145
8 0.314014 0.720522 0.0901827 0.019096 0.00350839
13 0.537812 0.800705 0.205525 0.14166 0.00349838
8 0.630466 0.626381 0.253366 0.193334 0.00349191
8 0.446452 0.691372 0.0814211 0.0305878 0.00344557
8 0.39018 0.698389 0.0685784 0.0574635 0.00343865
8 0.476837 0.703127 0.127941 0.0229406 0.00342858
6 0.232721 0.692389 0.319293 0.0523097 0.00334415
8 0.206193 0.746982 0.410869 0.11282 0.00332615
14 0.384104 0.303006 0.0619955 0.0599473 0.00329548
6 0.115051 0.633693 0.22804 0.0714132 0.00328818
4 0.0882163 0.635823 0.174017 0.075974 0.0032579
14 0.736527 0.469617 0.0770765 0.0342597 0.00322855
0 0.383505 0.683405 0.0441902 0.0733175 0.00321928
8 0.724081 0.710795 0.246824 0.0401276 0.00320211
2 0.798427 0.68628 0.0241409 0.0357496 0.00320157
8 0.98032 0.624917 0.0376835 0.0132619 0.00319973
8 0.390487 0.624456 0.322914 0.0521011 0.00319606
6 0.301248 0.638223 0.593196 0.135243 0.00319389
14 0.757608 0.617058 0.0890549 0.0340795 0.00317895
0 0.031342 0.699795 0.0116063 0.0293449 0.00315928
8 0.216721 0.711625 0.431144 0.08796 0.00313762
8 0.719239 0.684648 0.034496 0.0455076 0.00312394
8 0.461911 0.6906 0.046307 0.034109 0.00311306
8 0.794618 0.686795 0.0221603 0.0344266 0.00311226
8 0.780416 0.687511 0.0633545 0.034581 0.00304508
24 0.834702 0.682389 0.0247097 0.0395632 0.00302744
8 0.312329 0.710106 0.101266 0.0239586 0.00301901
8 0.861622 0.622905 0.0327234 0.0191923 0.00299811
2 0.8432 0.683372 0.043494 0.0399297 0.00298208
6 0.207671 0.728044 0.414617 0.0763785 0.00297114
0 0.729116 0.685288 0.0546312 0.0553185 0.00296819
6 0.368833 0.70709 0.737067 0.0880513 0.00295171
8 0.785187 0.613759 0.0349146 0.0303139 0.00294441
0 0.472076 0.688167 0.0252851 0.0333516 0.00292379
14 0.719926 0.470512 0.0885649 0.0356812 0.00290856
8 0.277107 0.670442 0.554187 0.0723315 0.00289053
7 0.286497 0.687916 0.0195986 0.0233303 0.0028829
14 0.687403 0.521599 0.0839847 0.0521303 0.00287491
14 0.820954 0.68579 0.0473148 0.0406919 0.00284052
19 0.472246 0.688728 0.0198963 0.0291789 0.00283512
33 0.952078 0.382457 0.0321499 0.0215263 0.00281554
8 0.45296 0.703321 0.0800024 0.053572 0.0028125
14 0.711805 0.371495 0.039255 0.0566053 0.00280929
2 0.286497 0.687916 0.0195986 0.0233303 0.00280479
14 0.212477 0.389578 0.146136 0.0982744 0.00277439
8 0.688227 0.705497 0.0232035 0.0158641 0.00274369
47 0.834707 0.682143 0.0243166 0.0394007 0.00274304
14 0.264044 0.409796 0.043021 0.0500298 0.00273463
4 0.704915 0.476267 0.0556211 0.041602 0.00273094
4 0.495585 0.315918 0.0566099 0.0450286 0.0027079
14 0.417752 0.294347 0.123808 0.0396702 0.00270516
25 0.834707 0.682143 0.0243166 0.0394007 0.00270173
8 0.732903 0.62574 0.0513954 0.0130948 0.00269517
4 0.811256 0.6171 0.228332 0.0360592 0.0026716
8 0.660228 0.712302 0.0859046 0.0330917 0.00265443
8 0.128891 0.789551 0.257782 0.0771806 0.00264511
8 0.670785 0.627731 0.0978375 0.189476 0.0026395
33 0.495585 0.315918 0.0566099 0.0450286 0.00262341
8 0.277765 0.708165 0.185682 0.0193095 0.00260633
4 0.886614 0.619783 0.0688227 0.028501 0.00260472
8 0.27348 0.717892 0.228207 0.0272591 0.00257322
2 0.282093 0.637523 0.0148946 0.0173779 0.00255111
8 0.764138 0.684428 0.150385 0.0482557 0.0025315
8 0.818288 0.685956 0.0546627 0.0384471 0.00252846
8 0.367496 0.626525 0.381697 0.0709033 0.00251204
6 0.504303 0.698381 0.205689 0.0598679 0.00248131
8 0.747825 0.683704 0.0932275 0.0445363 0.00247565
4 0.0312813 0.408993 0.0590657 0.036588 0.00246194
8 0.178795 0.637733 0.35537 0.0796253 0.00245813
7 0.472246 0.688728 0.0198963 0.0291789 0.00244823
8 0.189362 0.764076 0.378724 0.119519 0.00244594
4 0.420864 0.677562 0.839977 0.103256 0.00244236
8 0.700706 0.718892 0.167517 0.0294941 0.00240833
4 0.662822 0.545056 0.0365308 0.0260354 0.00239846
14 0.472076 0.688167 0.0252851 0.0333516 0.00239766
6 0.238721 0.660959 0.477442 0.0747553 0.00238243
0 0.111078 0.638 0.0209497 0.0291388 0.00238207
4 0.789175 0.61208 0.0269464 0.0252851 0.00237077
8 0.734994 0.703534 0.0594524 0.0183525 0.00235492
8 0.0832745 0.618677 0.147533 0.0414505 0.00235069
8 0.744012 0.709364 0.298277 0.0694931 0.00234109
8 0.312361 0.690672 0.104821 0.0363688 0.00233808
8 0.414884 0.708695 0.823605 0.118073 0.00233486
8 0.546801 0.66462 0.0135912 0.0220818 0.00232145
8 0.207671 0.728044 0.414617 0.0763785 0.00231948
13 0.129988 0.770539 0.256489 0.11026 0.00231603
