60 0.499739 0.503362 0.999478 0.993276 0.904457
41 0.632672 0.439134 0.343151 0.370575 0.885072
41 0.753034 0.21188 0.22281 0.291838 0.827627
55 0.105487 0.460329 0.203114 0.379117 0.655156
44 0.451611 0.519987 0.0960443 0.222014 0.564466
45 0.217433 0.0892346 0.294498 0.164838 0.299517
55 0.247937 0.07554 0.198365 0.146901 0.261631
45 0.15357 0.494387 0.30366 0.473275 0.17624
45 0.253205 0.0761022 0.217805 0.144593 0.135298
44 0.453252 0.473297 0.0957882 0.31347 0.110821
45 0.629272 0.439365 0.348844 0.36931 0.110159
73 0.897128 0.580316 0.199549 0.269645 0.0784555
45 0.756129 0.186698 0.217363 0.238637 0.0580969
43 0.89568 0.581321 0.200845 0.266528 0.0486912
55 0.0409544 0.527444 0.0778387 0.282362 0.0474757
48 0.248636 0.0734339 0.198361 0.143975 0.0424584
48 0.105487 0.460329 0.203114 0.379117 0.0397186
55 0.103906 0.340889 0.181681 0.135896 0.0346452
65 0.896909 0.581247 0.204605 0.272146 0.0261486
55 0.270973 0.0734033 0.146828 0.138062 0.0250966
54 0.247937 0.07554 0.198365 0.146901 0.0213092
49 0.116509 0.0552335 0.0910534 0.110467 0.0171454
55 0.156418 0.49205 0.309127 0.456172 0.0165324
44 0.437918 0.493598 0.128083 0.297018 0.0157729
43 0.45258 0.489195 0.0988516 0.286563 0.0135488
45 0.104819 0.459327 0.207299 0.37961 0.0123172
48 0.235458 0.447799 0.146057 0.368428 0.0117607
39 0.895911 0.580809 0.20069 0.268567 0.0115014
42 0.45258 0.489195 0.0988516 0.286563 0.010803
44 0.452408 0.552721 0.0962252 0.157802 0.0101768
55 0.135226 0.469328 0.145859 0.354697 0.00988731
60 0.29819 0.495531 0.595879 0.977996 0.00947303
55 0.192654 0.0716596 0.0878859 0.140134 0.00940448
67 0.897453 0.580431 0.202358 0.273896 0.00784689
49 0.118052 0.0740216 0.0973629 0.146816 0.0078176
55 0.237382 0.453249 0.146854 0.378797 0.0074749
75 0.754697 0.212555 0.220012 0.286729 0.00655094
54 0.104953 0.464866 0.207396 0.381862 0.00621489
0 0.901254 0.164213 0.189843 0.314896 0.00588173
40 0.753331 0.215083 0.217727 0.288294 0.00560248
44 0.469874 0.474833 0.0317819 0.0947859 0.00560099
44 0.474187 0.464999 0.0218109 0.110811 0.00553381
55 0.269946 0.0616427 0.134871 0.101553 0.00543454
44 0.4885 0.525835 0.0639801 0.150699 0.00529718
44 0.56143 0.531271 0.321247 0.194317 0.00524947
44 0.4773 0.488701 0.0194156 0.0642296 0.00474447
54 0.109749 0.341536 0.169322 0.138481 0.00467271
49 0.594282 0.345084 0.128915 0.155112 0.0042038
53 0.105658 0.460367 0.207398 0.370871 0.0041559
52 0.248636 0.0734339 0.198361 0.143975 0.00414425
44 0.459499 0.432006 0.126644 0.369668 0.00407457
48 0.192654 0.0716596 0.0878859 0.140134 0.00399122
79 0.89568 0.581321 0.200845 0.266528 0.00388041
44 0.479474 0.539196 0.112269 0.180677 0.00372231
41 0.217433 0.0892346 0.294498 0.164838 0.00355068
44 0.434726 0.482737 0.0696657 0.276221 0.0034008
42 0.45275 0.536365 0.0933722 0.188356 0.00335133
48 0.0409544 0.527444 0.0778387 0.282362 0.00327528
53 0.247454 0.0754965 0.197845 0.146213 0.00310639
56 0.901444 0.156212 0.195047 0.305726 0.00304553
44 0.418541 0.486574 0.0944629 0.281382 0.00286379
39 0.628596 0.43941 0.35292 0.365587 0.00283113
44 0.446832 0.432325 0.0364531 0.179132 0.00278482
41 0.452019 0.538708 0.0959177 0.184324 0.00272584
44 0.470795 0.43429 0.0290863 0.200167 0.00272194
45 0.138368 0.607545 0.276736 0.257311 0.0026921
45 0.452019 0.538708 0.0959177 0.184324 0.00266558
45 0.654786 0.500875 0.544354 0.512825 0.00264147
51 0.223538 0.110651 0.0435183 0.0528665 0.00262302
55 0.0399258 0.435896 0.0777193 0.113743 0.00257167
45 0.131488 0.0780086 0.123867 0.153572 0.00255665
44 0.489475 0.51706 0.0469982 0.128205 0.00254419
39 0.753331 0.215083 0.217727 0.288294 0.00252336
55 0.143921 0.345451 0.100904 0.128176 0.00248078
63 0.897453 0.580431 0.202358 0.273896 0.0024766
42 0.0159762 0.0523772 0.0299933 0.100629 0.00244099
43 0.451862 0.541278 0.0959909 0.180399 0.00238612
49 0.599915 0.335725 0.0470009 0.0854239 0.00233668
44 0.484387 0.538944 0.0882746 0.129839 0.00229326
73 0.218948 0.0901706 0.297166 0.167497 0.00223184
45 0.585201 0.476108 0.388342 0.375453 0.00212145
41 0.693099 0.50509 0.341111 0.891016 0.00207466
0 0.898458 0.12057 0.200408 0.234129 0.00206065
44 0.897453 0.580431 0.202358 0.273896 0.00204712
41 0.489906 0.285063 0.0444237 0.0674969 0.00199559
48 0.112092 0.341344 0.164768 0.13791 0.00197464
41 0.253205 0.0761022 0.217805 0.144593 0.00193369
55 0.0525232 0.475703 0.103273 0.344539 0.00193182
40 0.630321 0.440606 0.345887 0.36825 0.00192097
51 0.250218 0.112092 0.101561 0.0597317 0.00184721
48 0.756129 0.186698 0.217363 0.238637 0.00174201
44 0.447775 0.449879 0.0455507 0.207815 0.00172764
44 0.161086 0.136066 0.157088 0.0499517 0.00171852
60 0.675198 0.171908 0.644722 0.326731 0.00171289
43 0.233989 0.430593 0.150064 0.333417 0.0017063
49 0.587054 0.37336 0.241502 0.233239 0.00168353
55 0.116509 0.0552335 0.0910534 0.110467 0.00167355
41 0.451285 0.496198 0.0959838 0.269591 0.00163078
44 0.447469 0.401201 0.0348201 0.118194 0.00161034
44 0.488493 0.291036 0.0477123 0.0792657 0.00159571
45 0.116509 0.0552335 0.0910534 0.110467 0.00159177
73 0.156114 0.494204 0.302629 0.464987 0.00154412
55 0.0870445 0.519965 0.170895 0.322773 0.00153938
48 0.630321 0.440606 0.345887 0.36825 0.00153795
46 0.116509 0.0552335 0.0910534 0.110467 0.00149792
55 0.756129 0.186698 0.217363 0.238637 0.00148487
66 0.89568 0.581321 0.200845 0.266528 0.00147673
55 0.199825 0.0725473 0.0489211 0.1404 0.00147125
42 0.469874 0.474833 0.0317819 0.0947859 0.0014632
55 0.290848 0.0493239 0.11085 0.0914084 0.00143757
26 0.21878 0.085112 0.297158 0.163678 0.00141859
42 0.89568 0.581321 0.200845 0.266528 0.00140759
60 0.218948 0.0901706 0.297166 0.167497 0.00138271
48 0.265195 0.0746923 0.137387 0.136264 0.00137872
55 0.632672 0.439134 0.343151 0.370575 0.00136477
47 0.116853 0.054591 0.0904417 0.10633 0.00135398
48 0.156158 0.483546 0.309381 0.455576 0.00134382
42 0.0256822 0.0528717 0.048528 0.103036 0.00132588
44 0.483132 0.297528 0.0575706 0.0948986 0.00130019
76 0.45258 0.489195 0.0988516 0.286563 0.00128505
47 0.451862 0.541278 0.0959909 0.180399 0.00127551
44 0.838641 0.510562 0.245761 0.146986 0.00126356
44 0.178491 0.139939 0.113482 0.0354369 0.00126177
43 0.426278 0.491298 0.105987 0.293489 0.00124219
47 0.122498 0.0740193 0.102044 0.148039 0.00123906
42 0.474187 0.464999 0.0218109 0.110811 0.00122455
44 0.447837 0.464391 0.0731804 0.244258 0.0012069
47 0.451285 0.496198 0.0959838 0.269591 0.00120589
44 0.461258 0.524594 0.0834448 0.161403 0.00116798
42 0.484278 0.297315 0.0554066 0.0929293 0.00116697
29 0.897128 0.580316 0.199549 0.269645 0.00116536
42 0.0365145 0.0526687 0.0696463 0.101014 0.0011642
60 0.516739 0.23262 0.966522 0.461212 0.00113216
75 0.630293 0.44083 0.343896 0.37164 0.00111115
60 0.902349 0.161221 0.188615 0.315632 0.00111085
55 0.16044 0.47254 0.097711 0.280736 0.00108558
44 0.473859 0.441187 0.0245632 0.154928 0.00108331
54 0.270973 0.0734033 0.146828 0.138062 0.00108081
46 0.118052 0.0740216 0.0973629 0.146816 0.00107929
52 0.192654 0.0716596 0.0878859 0.140134 0.00107914
55 0.118052 0.0740216 0.0973629 0.146816 0.00107795
44 0.173222 0.145243 0.189277 0.0432459 0.00105238
44 0.501853 0.590286 0.199498 0.297571 0.001037
42 0.4773 0.488701 0.0194156 0.0642296 0.00103626
54 0.630321 0.440606 0.345887 0.36825 0.00101995
42 0.459499 0.432006 0.126644 0.369668 0.00101393
44 0.473095 0.407124 0.0755138 0.310331 0.00101215
45 0.157856 0.078837 0.176601 0.155054 0.00100803
