20 0.651548 0.689472 0.107785 0.16992 0.898989
20 0.364742 0.671361 0.115988 0.192456 0.867664
20 0.786927 0.693659 0.113379 0.171075 0.858095
20 0.0428514 0.690568 0.0832279 0.134036 0.847207
20 0.5587 0.720963 0.064189 0.103112 0.84506
20 0.258052 0.69215 0.0976461 0.150706 0.831771
20 0.167983 0.708273 0.0613505 0.104697 0.627031
20 0.154591 0.704529 0.0894526 0.115158 0.225547
20 0.982258 0.525016 0.0237627 0.0637495 0.0287528
20 0.215837 0.64596 0.0224041 0.0731344 0.0245986
2 0.0859228 0.469919 0.0271933 0.0395544 0.0226374
20 0.12774 0.685407 0.0244727 0.0408576 0.0173242
20 0.834228 0.723568 0.0215645 0.104803 0.0168787
20 0.158268 0.713123 0.0395449 0.0968825 0.0145471
20 0.131028 0.644529 0.0168974 0.0387259 0.01426
20 0.245131 0.695062 0.0705547 0.141179 0.0121665
20 0.133962 0.697622 0.0505429 0.0679334 0.00863189
20 0.142161 0.645175 0.039618 0.0449538 0.00774476
20 0.409168 0.672955 0.0303556 0.0581532 0.00773951
20 0.143784 0.6991 0.0650043 0.0861814 0.00716448
20 0.204039 0.662766 0.0439206 0.0688853 0.00698546
20 0.296017 0.693484 0.0520598 0.126576 0.00697297
20 0.190836 0.6875 0.0212654 0.0641292 0.00696835
20 0.409235 0.704618 0.0348352 0.122591 0.00544369
20 0.392237 0.705848 0.0659779 0.117926 0.00472298
20 0.983764 0.502499 0.0311638 0.112353 0.00444773
20 0.630399 0.739404 0.0596464 0.0635565 0.0044103
20 0.290413 0.699037 0.0392413 0.127836 0.00420588
20 0.961727 0.525345 0.0719742 0.137139 0.00380966
20 0.297178 0.657918 0.0455925 0.0615652 0.0036014
20 0.14611 0.712278 0.0703211 0.0967781 0.00320166
20 0.94575 0.544191 0.044566 0.124743 0.00310206
19 0.0428005 0.691406 0.0837147 0.133585 0.00289834
20 0.133671 0.68755 0.0615908 0.103315 0.00272113
20 0.283916 0.694697 0.043093 0.140213 0.00263608
20 0.217835 0.659905 0.0183658 0.0757299 0.00262344
20 0.450595 0.713437 0.0648445 0.0689493 0.00243869
20 0.314648 0.648773 0.0175619 0.0559464 0.00239694
20 0.977205 0.522234 0.037491 0.0763446 0.00238276
20 0.456582 0.709257 0.0526543 0.0552014 0.00237647
19 0.786618 0.693603 0.113261 0.170959 0.00232068
20 0.503847 0.715079 0.012706 0.0318446 0.00225276
20 0.981524 0.484995 0.036824 0.150583 0.00224191
20 0.206552 0.65793 0.0409933 0.100426 0.00220218
20 0.123302 0.643721 0.0282004 0.053801 0.00212264
20 0.383268 0.718925 0.0786988 0.0935738 0.00211316
20 0.155517 0.657395 0.0552571 0.0668731 0.00198078
20 0.817345 0.723225 0.054668 0.105135 0.00197685
20 0.628342 0.70195 0.0634746 0.136839 0.00195548
20 0.441981 0.716005 0.0807727 0.0850392 0.00194308
2 0.0677434 0.47611 0.0645895 0.0528466 0.00194037
0 0.131028 0.644529 0.0168974 0.0387259 0.00189355
20 0.281705 0.726226 0.0360156 0.0766808 0.00185287
20 0.1224 0.692473 0.0361247 0.0521422 0.00183403
20 0.410123 0.688873 0.032113 0.0994046 0.00171044
20 0.303372 0.669948 0.0359887 0.0680057 0.00169706
20 0.492643 0.709958 0.0345964 0.0527592 0.00167942
20 0.316552 0.621502 0.0127614 0.035203 0.00166437
20 0.30372 0.654989 0.0350791 0.0379742 0.00162336
22 0.131028 0.644529 0.0168974 0.0387259 0.00144738
22 0.903358 0.709803 0.0325691 0.0497501 0.00144365
22 0.90008 0.711323 0.0261948 0.0421123 0.00141016
0 0.834673 0.723879 0.0208054 0.103535 0.00139982
20 0.639966 0.739171 0.0431028 0.0640714 0.00137511
20 0.00760658 0.705319 0.0149611 0.0885842 0.00137419
20 0.0871995 0.646335 0.0328785 0.0624286 0.00136107
17 0.786618 0.693603 0.113261 0.170959 0.00134626
20 0.316111 0.674133 0.0164866 0.067276 0.00129193
20 0.0722153 0.685231 0.0274898 0.0992939 0.00128651
20 0.385962 0.677911 0.480985 0.170704 0.00128308
20 0.0787738 0.644026 0.0301345 0.0659556 0.00122789
13 0.30372 0.654989 0.0350791 0.0379742 0.00118813
20 0.100792 0.693115 0.201014 0.142522 0.00107202
20 0.315798 0.735803 0.0177849 0.0511169 0.00106692
20 0.673077 0.721902 0.0619965 0.101764 0.00104979
20 0.801937 0.732275 0.0355488 0.0837587 0.00104815
20 0.681468 0.707612 0.0474329 0.128405 0.00104198
20 0.068266 0.651301 0.0331788 0.0672566 0.00102317
