39 0.00229834 0.942643 0.00459667 0.114713 0.0106382
39 0.00180685 0.903084 0.0036137 0.193831 0.00444585
39 0.00179721 0.846074 0.00359442 0.205785 0.0036211
39 0.00159213 0.749395 0.00318426 0.204614 0.00328794
39 0.00210463 0.0581144 0.00420925 0.116229 0.00323611
39 0.00169492 0.809665 0.00338985 0.210669 0.00321457
39 0 0.942943 0 0.114115 0.00257236
39 0.00182124 0.632687 0.00364248 0.210212 0.00251776
39 0.00206675 0.164105 0.00413349 0.232567 0.00241506
39 0.00179588 0.547941 0.00359176 0.222167 0.00237525
39 1 0.965112 0 0.0697768 0.00231954
39 0.00213784 0.297964 0.00427568 0.22867 0.00226223
39 0.0020518 0.590322 0.00410359 0.20675 0.00220147
39 0.00235291 0.0386535 0.00470581 0.077307 0.00217846
39 0.00142964 0.668206 0.00285927 0.229878 0.00209296
39 0.661414 0.0542443 0.0365705 0.108489 0.00201026
39 0.00178922 0.381904 0.00357843 0.215959 0.00198993
39 0.0020472 0.0873071 0.0040944 0.174614 0.00189593
39 0.00886641 0.0413773 0.0177328 0.0827546 0.00184405
39 0.00204776 0.461404 0.00409552 0.219988 0.00182489
39 0.0392139 0.0456728 0.0298895 0.0913455 0.00179067
39 0.00202479 0.209318 0.00404958 0.206543 0.00178587
39 0.00167509 0.711449 0.00335017 0.218967 0.00178131
39 0.00203506 0.259379 0.00407012 0.211578 0.00177062
39 0.0158586 0.0538455 0.0272464 0.107691 0.00176755
39 0.137266 0.970496 0.0378952 0.0590084 0.0017601
39 0.0877061 0.0452918 0.0345496 0.0905837 0.0017336
39 0.119321 0.028583 0.0220079 0.0571659 0.00172088
39 0 0.0358343 0 0.0716686 0.00170717
39 0.00200616 0.345056 0.00401233 0.221293 0.00169966
39 0.019098 0.0297129 0.021301 0.0594259 0.0016968
39 0.681593 0.0322546 0.0215676 0.0645092 0.00165749
39 0.692125 0.0513642 0.0254015 0.102728 0.00165737
39 0.00840019 0.070306 0.0168004 0.140612 0.001652
39 0.129425 0.0439007 0.0252465 0.0878014 0.00164837
39 0.00946732 0.96155 0.0189346 0.0769001 0.00164533
39 0.0653539 0.0468891 0.0288417 0.0937782 0.00163397
39 0.603416 0.067831 0.0274994 0.135662 0.00163069
39 0.10718 0.0254868 0.020114 0.0509737 0.00162014
39 0.648581 0.0472455 0.0394529 0.0944909 0.00160185
39 0.125336 0.972529 0.0350338 0.0549426 0.00159362
39 0.117419 0.0486729 0.0246942 0.0973457 0.00158426
39 0.744415 0.0530791 0.0210627 0.106158 0.00155523
39 0.677361 0.0556775 0.0293106 0.111355 0.00153896
39 0.030451 0.0472337 0.0237264 0.0944673 0.00152969
39 0.0500215 0.0479345 0.0333511 0.0958691 0.00151962
39 0.077019 0.0463082 0.031455 0.0926165 0.00151709
39 0.753111 0.0745408 0.0295425 0.149082 0.00151581
39 0.732065 0.0510543 0.0213268 0.102109 0.00149933
39 0.132802 0.0283593 0.0196749 0.0567187 0.00149429
39 0.695705 0.0364464 0.0188312 0.0728928 0.00148436
39 0.500626 0.967624 0.0369369 0.0647527 0.0014835
39 0.532018 0.0542761 0.0209237 0.108552 0.0014779
39 0.743091 0.0657207 0.0236522 0.131441 0.00147069
39 0.101019 0.0516349 0.0310358 0.10327 0.00146282
39 0.155438 0.060544 0.0238509 0.121088 0.00145975
39 0.00202077 0.106676 0.00404154 0.210625 0.00145862
39 0.999217 0.0544815 0.00156574 0.108963 0.00145432
39 0.639525 0.0416753 0.0306818 0.0833507 0.00144559
39 0.542816 0.0547375 0.0236153 0.109475 0.00143835
39 0.607259 0.0479389 0.0189734 0.0958778 0.00143319
39 0.187326 0.971806 0.0377432 0.0563881 0.0014312
39 0.0753848 0.375891 0.0328895 0.152276 0.00141448
39 0.1999 0.970226 0.0391085 0.0595482 0.00141123
39 0.237141 0.971243 0.0366406 0.057515 0.00140494
39 0.274235 0.972514 0.038746 0.0549727 0.00139958
39 0.727333 0.0592295 0.0301397 0.118459 0.00139555
39 0.286936 0.970997 0.036406 0.0580058 0.00138554
39 0.225617 0.971757 0.0381688 0.0564856 0.00137639
39 0.211946 0.971342 0.0366287 0.057316 0.00136751
39 0.542609 0.0779222 0.0242892 0.155844 0.00136745
39 0.349411 0.969296 0.0366641 0.0614081 0.0013499
39 0.719446 0.0463539 0.0204971 0.0927077 0.00134346
39 0.299907 0.969094 0.0367425 0.0618113 0.00133842
39 0.670296 0.0290125 0.0191166 0.058025 0.00133777
39 0.706858 0.0423532 0.0208443 0.0847063 0.00132114
39 0.523815 0.970738 0.0390129 0.0585232 0.00131729
39 0.0955462 0.0236938 0.0190072 0.0473876 0.00131071
39 0.525338 0.337335 0.03547 0.138634 0.00130963
39 0.756105 0.0520608 0.0224778 0.104122 0.0013088
39 0.193958 0.0536753 0.0217786 0.107351 0.00130773
39 0.956467 0.0468852 0.0219416 0.0937704 0.00130671
39 0.144952 0.0299584 0.0202946 0.0599168 0.00130406
39 0.993968 0.973422 0.0120636 0.0531553 0.00130326
39 0.529123 0.0752812 0.0260874 0.150562 0.00129658
39 0.944253 0.0439393 0.0213596 0.0878785 0.00129607
39 0.139583 0.0532468 0.0309911 0.106494 0.00129178
39 0.58379 0.175315 0.0414848 0.1505 0.00128955
39 0.0323834 0.0253654 0.0198079 0.0507309 0.00128153
39 0.591425 0.073197 0.0274404 0.146394 0.00127798
39 0.595074 0.0473496 0.0199291 0.0946992 0.00127795
39 0.339157 0.972948 0.0400975 0.0541044 0.00127238
39 0.112317 0.973857 0.0373427 0.0522863 0.00126222
39 0.802526 0.0621142 0.0300098 0.124228 0.00125158
39 0.791232 0.050583 0.0280066 0.101166 0.00124836
39 0.932279 0.0411973 0.0204411 0.0823946 0.00124818
39 0.522555 0.1977 0.0386652 0.184132 0.00124508
39 0.0700685 0.0200564 0.01814 0.0401127 0.00124383
39 0.769052 0.0511134 0.0213819 0.102227 0.0012401
39 0.552391 0.0532001 0.0293407 0.1064 0.00123566
39 0.796247 0.0467574 0.0172989 0.0935147 0.00122854
39 0.512083 0.972117 0.040938 0.0557659 0.00122377
39 0.157479 0.0341171 0.0197598 0.0682342 0.00122336
39 0.313241 0.973111 0.0358786 0.0537786 0.00122276
39 0.858147 0.0330115 0.0188675 0.066023 0.00122017
39 0.869706 0.0427917 0.0202194 0.0855834 0.0012196
39 0.361098 0.969918 0.0381958 0.0601648 0.00121808
39 0.183031 0.0523211 0.0194674 0.104642 0.00121781
39 0.572339 0.185543 0.0384934 0.160308 0.00121716
39 0.51973 0.0508798 0.020789 0.10176 0.00120729
39 0.882149 0.0474099 0.0203674 0.0948197 0.00120178
39 0.26239 0.970842 0.0366983 0.0583153 0.00120077
39 0.704364 0.0559845 0.0262023 0.111969 0.00119644
39 0.779457 0.0560856 0.0256436 0.112171 0.0011948
39 0.782701 0.050796 0.0189663 0.101592 0.00119206
39 0.0825973 0.0209475 0.0187742 0.041895 0.00119042
39 0.820719 0.0415728 0.0187794 0.0831457 0.00118497
39 0.808099 0.0475671 0.0180817 0.0951342 0.00118467
39 0 0.963379 0 0.0732421 0.00117454
39 0.176324 0.97435 0.0358436 0.0512993 0.001174
39 0.969549 0.0479202 0.0210979 0.0958405 0.00116977
39 0.845802 0.0297697 0.0188469 0.0595393 0.0011676
39 0.206292 0.0538208 0.0221425 0.107642 0.00116664
39 0.832584 0.03574 0.0191843 0.07148 0.00115833
39 0.101461 0.126523 0.0310916 0.158712 0.00115302
39 0.920178 0.0412132 0.019577 0.0824263 0.00114998
39 0.844492 0.0431087 0.0212322 0.0862174 0.00114843
39 0.468998 0.053403 0.0219663 0.106806 0.00114769
39 0.762119 0.0742418 0.0347986 0.148484 0.00114563
39 0.489346 0.970457 0.0368399 0.0590852 0.00114173
39 0.894659 0.0476194 0.0204067 0.0952387 0.00112551
39 0.507056 0.0505464 0.0209961 0.101093 0.00112435
39 0.613712 0.0558958 0.0305998 0.111792 0.00112054
39 0.581108 0.0483579 0.022366 0.0967157 0.0011203
39 0.646069 0.0681048 0.0435446 0.13621 0.00111774
39 0.0572591 0.0216764 0.0193018 0.0433529 0.00111386
39 0.561313 0.0734526 0.0363795 0.146905 0.00110883
39 0.619468 0.0445083 0.0198894 0.0890165 0.00110877
39 0.149447 0.971859 0.0378519 0.0562822 0.00110582
39 0.975094 0.979227 0.0350117 0.0415457 0.00110492
39 0.249304 0.972437 0.0403346 0.0551266 0.00110325
39 0.481649 0.0513428 0.0214191 0.102686 0.00109985
39 0.231377 0.0532657 0.022056 0.106531 0.00109786
39 0.909899 0.552402 0.0402027 0.14824 0.00109616
39 0.568863 0.0487102 0.0223347 0.0974204 0.00109601
39 0.51646 0.0727182 0.0266346 0.145436 0.00109589
39 0.715196 0.0559533 0.0286875 0.111907 0.00109237
39 0.243799 0.0530989 0.0221852 0.106198 0.0010902
39 0.170737 0.0459009 0.018696 0.0918018 0.00108829
39 0.0873951 0.476689 0.033908 0.152083 0.00108665
39 0.494385 0.0512859 0.0212769 0.102572 0.00108621
39 0.90739 0.0445039 0.0199251 0.0890077 0.00108451
39 0.218994 0.0535145 0.0218534 0.107029 0.00108114
39 0.381673 0.0536523 0.0215156 0.107305 0.0010801
39 0.256322 0.0531309 0.02215 0.106262 0.00107688
39 0.268812 0.0533257 0.0221582 0.106651 0.00106716
39 0.456923 0.0543195 0.0211902 0.108639 0.00106657
39 0.394022 0.0538459 0.0217875 0.107692 0.00106606
39 0.318851 0.0539266 0.0220747 0.107853 0.00106457
39 0.60056 0.0523633 0.0330587 0.104727 0.00106448
39 0.331395 0.0539066 0.0220741 0.107813 0.00106442
39 0.281336 0.0536423 0.0221322 0.107285 0.0010632
39 0.30637 0.0539493 0.0220834 0.107899 0.00106296
39 0.343882 0.053585 0.0219928 0.10717 0.00106281
39 0.356259 0.0535731 0.0222504 0.107146 0.00106114
39 0.981563 0.0493394 0.0214096 0.0986789 0.00105861
39 0.293964 0.0538058 0.0218951 0.107612 0.00105858
39 0.419062 0.0539976 0.0216575 0.107995 0.00105751
39 0.0888521 0.321823 0.0318604 0.154886 0.00105745
39 0.990866 0.0519852 0.0182688 0.10397 0.00105724
39 0.814884 0.0621193 0.0298361 0.124239 0.00105274
39 0.625883 0.0413786 0.0321075 0.0827572 0.0010511
39 0.510201 0.199603 0.0393732 0.180741 0.00105006
39 0 0.0573409 0 0.114682 0.00104976
39 0.369242 0.0533248 0.0214111 0.10665 0.00104803
39 0.921284 0.556568 0.0421061 0.145203 0.0010457
39 0.702023 0.444713 0.0316706 0.13561 0.00104335
39 0.475656 0.9737 0.0393935 0.0526006 0.00104311
39 0.406649 0.0539081 0.0216335 0.107816 0.00104278
39 0.247785 0.657228 0.0386915 0.138242 0.00103873
39 0.496385 0.328736 0.0171947 0.116485 0.00103566
39 0.0885099 0.192995 0.0320848 0.151356 0.00102326
41 1 0.965112 0 0.0697768 0.00102124
39 0.798605 0.975116 0.0396059 0.049769 0.00102112
39 0.430871 0.0542487 0.0228947 0.108497 0.00101689
39 0.166409 0.0727621 0.0284665 0.145524 0.00101626
39 0.197447 0.642927 0.0394194 0.148497 0.00101286
39 0.324922 0.973903 0.0354887 0.0521935 0.00101149
39 0.153821 0.0472187 0.0269014 0.0944373 0.00100556
39 0.102131 0.27412 0.0303573 0.148117 0.00100371
39 0.534468 0.20045 0.0396942 0.195663 0.00100031
