39 0.00238066 0.956151 0.00476132 0.0876988 0.0069491
39 0.291639 0.974499 0.0290194 0.0510016 0.00413746
39 0.281715 0.979635 0.0232102 0.0407299 0.00405067
39 0.213631 0.967738 0.0341403 0.0645247 0.003548
39 0.203816 0.972579 0.0282592 0.0548423 0.00352126
39 0.587379 0.967267 0.0372898 0.0654666 0.0034925
39 0.51721 0.969933 0.0269693 0.0601338 0.0034703
39 0.297187 0.970844 0.0397887 0.058312 0.00343955
39 0.999294 0.971493 0.00141149 0.0570132 0.00332323
39 0.969604 0.98514 0.0220623 0.0297203 0.00331941
39 0.237437 0.9681 0.0368539 0.0638007 0.00328317
39 0.978716 0.968947 0.0281374 0.062106 0.00327954
39 0.0023925 0.0465991 0.004785 0.0931981 0.00325394
39 0.249305 0.969665 0.0374209 0.0606707 0.00318047
39 0.52722 0.975395 0.0318685 0.0492105 0.00317761
39 0.537387 0.971006 0.0353872 0.0579877 0.00309286
39 0.56216 0.969134 0.0365154 0.0617324 0.0030838
39 0.16691 0.978611 0.027295 0.0427774 0.00307161
39 0.224649 0.969462 0.0366443 0.0610758 0.00306296
39 0.573352 0.965807 0.0396296 0.0683853 0.00303051
39 0.328788 0.97892 0.0285291 0.0421602 0.0030089
39 0.597681 0.973115 0.0410437 0.0537707 0.00294861
39 0.154432 0.977213 0.0272382 0.0455737 0.00292653
39 0 0.956599 0 0.0868023 0.00290361
39 0.548476 0.974203 0.0394661 0.0515945 0.00289556
39 0.264002 0.976258 0.0329784 0.0474841 0.00286052
39 0.479843 0.983202 0.0276949 0.0335959 0.00280097
39 0.339985 0.975434 0.0315959 0.0491317 0.00271764
39 0.00198728 0.611959 0.00397456 0.158904 0.00269422
39 0.984907 0.97102 0.0301865 0.0579595 0.00267822
39 0.351217 0.984035 0.0347208 0.0319306 0.00255948
39 0.487154 0.972604 0.0370386 0.0547913 0.00248232
39 0.00211999 0.812555 0.00423998 0.158914 0.00246903
39 0.310256 0.973915 0.0387809 0.0521691 0.00245082
39 0.0516954 0.978491 0.0333189 0.0430185 0.00238168
39 0.191642 0.975224 0.028327 0.049551 0.00234997
39 0.181911 0.980379 0.0220535 0.0392412 0.00229397
39 0.499038 0.977998 0.0376648 0.044003 0.00221431
39 0.426892 0.982991 0.0327784 0.0340174 0.00221062
39 0.922289 0.969634 0.041708 0.0607327 0.00212917
39 0.402684 0.984233 0.0312702 0.0315338 0.00212738
39 0.437236 0.986124 0.0369692 0.0277528 0.00209585
39 0.00190492 0.640326 0.00380985 0.160126 0.0020884
39 0.992792 0.97128 0.014416 0.0574403 0.00205985
39 0.0282953 0.980628 0.0300294 0.0387443 0.00202182
39 0.911795 0.979874 0.0379815 0.0402526 0.00201949
39 0.138415 0.983599 0.0343214 0.0328026 0.00201055
39 0.00182367 0.678688 0.00364734 0.163206 0.00199237
39 0.414235 0.982727 0.0331247 0.0345467 0.00197858
39 0.936387 0.978679 0.0384708 0.0426426 0.00193229
39 0.0176236 0.986291 0.0260248 0.0274185 0.00192666
39 0.361945 0.981342 0.0373171 0.0373152 0.00192082
39 0.0388608 0.980719 0.0336033 0.0385619 0.00191316
39 0.955957 0.982446 0.0236206 0.0351084 0.00187653
39 0.00235643 0.031859 0.00471286 0.0637179 0.00186121
39 0.467336 0.986647 0.026594 0.0267064 0.0018459
39 0.00200421 0.939628 0.00400842 0.120743 0.00184369
39 0.00206613 0.852106 0.00413226 0.16677 0.00172141
39 0.393518 0.98661 0.0246046 0.0267804 0.00170848
39 0 0.0273888 0 0.0547777 0.00167531
39 0.610082 0.982556 0.0406748 0.0348883 0.00167418
39 0.80855 0.35937 0.0424034 0.163958 0.00165224
39 0.00895052 0.973637 0.017901 0.0527268 0.00164717
39 0.0020778 0.711225 0.00415561 0.15712 0.00164267
39 0.375515 0.984545 0.0352876 0.0309092 0.00163585
39 0.454047 0.987391 0.0280701 0.0252173 0.0016216
39 0.0808591 0.987573 0.0258817 0.0248546 0.0015471
39 0.0650381 0.982186 0.0309805 0.0356274 0.00150493
39 0.940158 0.962675 0.0306639 0.0746492 0.00146991
39 0.818809 0.0322015 0.0225891 0.0644029 0.00146884
39 0.00206947 0.758894 0.00413894 0.166861 0.00146237
39 0.831259 0.0370191 0.022506 0.0740382 0.00145158
39 0.00895684 0.0560163 0.0179137 0.112033 0.00143743
39 0.0019856 0.576612 0.00397121 0.165403 0.00141904
39 0.0192486 0.0416584 0.0222157 0.0833167 0.00141579
39 0.0312442 0.0419571 0.0223984 0.0839142 0.00140709
39 0.00911005 0.0416622 0.0182201 0.0833245 0.00138405
39 0.00200927 0.913143 0.00401854 0.173714 0.00136682
39 0.56931 0.0400411 0.0208756 0.0800821 0.00131088
39 0.715236 0.690936 0.0289615 0.167834 0.00131017
39 0.124262 0.984026 0.0380457 0.0319483 0.00130743
39 0.843449 0.0395547 0.023032 0.0791095 0.00130573
39 0.693445 0.0400522 0.0230686 0.0801043 0.00130433
39 0.807299 0.0269493 0.0214907 0.0538986 0.00129083
39 0.342873 0.0416281 0.0238351 0.0832562 0.00128856
39 0.861907 0.940071 0.0367061 0.119859 0.00128284
39 0.906221 0.0411006 0.0224616 0.0822012 0.00127926
39 0.0873534 0.985805 0.0357271 0.0283903 0.00127825
39 0.835473 0.349574 0.0379051 0.155168 0.00127453
39 0.848988 0.933154 0.0383713 0.133692 0.00127417
39 0.269218 0.0423436 0.0214115 0.0846872 0.00127387
39 0.668782 0.0423092 0.0225031 0.0846184 0.0012604
39 0.606352 0.0403005 0.0219489 0.0806009 0.00125742
39 0.518816 0.0405357 0.0221562 0.0810714 0.00125417
39 0.61888 0.0398559 0.0220688 0.0797119 0.00125384
39 0.856469 0.039928 0.022026 0.0798559 0.00125366
39 0.899177 0.983932 0.0385972 0.0321354 0.00125277
39 0.705835 0.0351987 0.0229761 0.0703973 0.001252
39 0 0.974138 0 0.0517249 0.001252
39 0.443279 0.0418353 0.023278 0.0836705 0.00125182
39 0.894463 0.0401374 0.0212093 0.0802749 0.00125048
39 0.679741 0.035169 0.0255018 0.0703381 0.00125042
39 0.331394 0.0415762 0.0224951 0.0831523 0.00124937
39 0.181085 0.041829 0.0226401 0.083658 0.00124866
39 0.0167524 0.0556866 0.0269515 0.111373 0.00124794
39 0.718931 0.0292291 0.0211004 0.0584582 0.00124654
39 0.356262 0.0416651 0.0224454 0.0833303 0.00124562
39 0.86621 0.94706 0.0282401 0.10588 0.00124303
39 0.913504 0.958491 0.0328499 0.0830184 0.00123748
39 0.681032 0.0420933 0.0227495 0.0841866 0.0012362
39 0.506147 0.0413849 0.022719 0.0827697 0.00123417
39 0.48135 0.0417905 0.0222973 0.0835809 0.00123051
39 0.956764 0.04044 0.0214946 0.0808799 0.00122499
39 0.31823 0.0418971 0.0233347 0.0837942 0.00122076
39 0.00224037 0.087368 0.00448073 0.173028 0.00121894
39 0.130736 0.0417124 0.0233813 0.0834249 0.00121883
39 0.656077 0.0408666 0.0225615 0.0817332 0.00121829
39 0.580895 0.0407914 0.0226986 0.0815827 0.00121802
39 0.168847 0.0413568 0.0221241 0.0827136 0.00121516
39 0.306775 0.0414231 0.0212045 0.0828462 0.00121453
39 0.106308 0.0413119 0.0222718 0.0826239 0.00121427
39 0.531033 0.0409964 0.0226552 0.0819929 0.00121287
39 0.918873 0.0408396 0.0220695 0.0816792 0.00121117
39 0.456519 0.0413455 0.0221098 0.082691 0.0012103
39 0.205902 0.0408599 0.0226189 0.0817198 0.00120899
39 0.113754 0.986633 0.0334047 0.0267348 0.00120789
39 0.869023 0.0398127 0.0216526 0.0796253 0.00120756
39 0.118866 0.0417592 0.0223627 0.0835184 0.00120515
39 0.556543 0.0406386 0.0218039 0.0812773 0.00119591
39 0.0428832 0.0422886 0.0239687 0.0845772 0.00119513
39 0.368719 0.0409284 0.0222493 0.0818569 0.00119323
39 0.594869 0.0398965 0.0203678 0.0797929 0.00119314
39 0.256527 0.0420556 0.0219797 0.0841112 0.00119168
39 0.885936 0.986195 0.0389515 0.0276094 0.00118193
39 0.544087 0.0412499 0.0218473 0.0824998 0.00118127
39 0.494036 0.0414809 0.0219511 0.0829619 0.00118086
39 0.632143 0.0371533 0.0204937 0.0743066 0.00117901
39 0.194062 0.0408388 0.021702 0.0816776 0.00117546
39 0.381093 0.0399623 0.0222227 0.0799246 0.00117525
39 0.431579 0.0418212 0.021749 0.0836424 0.00117454
39 0.143216 0.0408136 0.0230861 0.0816272 0.00117394
39 0.244279 0.0412917 0.0211677 0.0825834 0.00117284
39 0.468526 0.0413957 0.0227346 0.0827913 0.00117251
39 0.63425 0.944537 0.0415069 0.110927 0.00116819
39 0.731388 0.0253981 0.0209783 0.0507962 0.0011681
39 0.532061 0.978026 0.0234314 0.0439482 0.00116789
39 0.881323 0.0397003 0.0221195 0.0794006 0.0011653
39 0.156228 0.0403337 0.0223444 0.0806673 0.00116175
39 0.969084 0.0407428 0.0218956 0.0814856 0.00116071
39 0.0939203 0.0404245 0.0218898 0.0808489 0.0011605
39 0.797112 0.355822 0.0385307 0.112554 0.0011566
39 0.10303 0.988638 0.0304803 0.0227244 0.00115654
39 0.281161 0.0423661 0.0224388 0.0847321 0.00115523
39 0.644618 0.0371567 0.0205743 0.0743134 0.00115424
39 0.219181 0.0395608 0.0215141 0.0791216 0.00115347
39 0.821754 0.35811 0.0435146 0.151357 0.00114504
39 0.825087 0.945886 0.0353388 0.108227 0.00114417
39 0.854417 0.030382 0.0262451 0.060764 0.0011422
39 0.944092 0.0412331 0.0217598 0.0824662 0.00113794
39 0.293837 0.0417646 0.0221511 0.0835291 0.00113696
39 0.821269 0.92849 0.0441051 0.143021 0.00112996
39 0.231353 0.0399122 0.0219619 0.0798243 0.00112721
39 0.931505 0.0413519 0.0219097 0.0827038 0.00112379
39 0.162862 0.834224 0.0350251 0.146823 0.00111622
39 1 0.0395086 0 0.0790173 0.00111562
39 0.864512 0.0390505 0.0306378 0.078101 0.00111437
39 0.41897 0.0416541 0.0215544 0.0833083 0.00111267
39 0.801793 0.947599 0.0313599 0.104803 0.00111175
39 0.87443 0.950408 0.035585 0.0991843 0.00110739
39 0.0564517 0.0414587 0.021958 0.0829175 0.0011054
39 0.84622 0.326447 0.041217 0.121942 0.00110516
39 0.598628 0.961213 0.0369063 0.0775744 0.00110301
39 0.847949 0.345789 0.0395866 0.117058 0.00110176
39 0.849499 0.986263 0.0374863 0.0274735 0.00109872
39 0.782244 0.0300617 0.0206098 0.0601234 0.00109652
39 0.99282 0.0379476 0.0143606 0.0758952 0.00109476
39 0.794833 0.022789 0.0201176 0.045578 0.0010916
39 0.00225154 0.427105 0.00450308 0.174264 0.0010916
39 0.712163 0.611931 0.0362637 0.173468 0.00108948
39 0.812248 0.946831 0.0354376 0.106337 0.00108853
39 0.925177 0.964581 0.0347194 0.0708379 0.00108722
39 0.691733 0.0296119 0.0259489 0.0592238 0.00108644
39 0.0820114 0.0389518 0.0206572 0.0779036 0.00108463
41 0.969604 0.98514 0.0220623 0.0297203 0.00108227
39 0.832837 0.929727 0.0445271 0.140547 0.00107974
39 0.0691857 0.0397385 0.021252 0.0794771 0.00107819
39 0.407189 0.0404681 0.0207758 0.0809362 0.00107661
39 0.393842 0.0408341 0.0219877 0.0816681 0.00107393
39 0.00211599 0.372984 0.00423198 0.173495 0.00107229
39 0.837212 0.947118 0.0359083 0.105765 0.00107151
39 0.873368 0.987037 0.0402277 0.025925 0.00106946
39 0.795255 0.0293046 0.0197714 0.0586092 0.00106868
39 0.24408 0.982744 0.0236797 0.0345114 0.00105944
39 0.00228439 0.211121 0.00456879 0.175863 0.00105861
39 0.519445 0.977738 0.0222578 0.0445235 0.00105533
39 0.00223471 0.174795 0.00446942 0.175252 0.00105065
39 0.665014 0.0507809 0.0293612 0.101562 0.00104818
39 0.776985 0.38467 0.0323059 0.127481 0.00104547
39 0.852546 0.943056 0.03064 0.113887 0.00104046
39 0.714792 0.66387 0.0305509 0.172429 0.00102544
39 0.981284 0.0396451 0.0217663 0.0792902 0.00102443
39 0.00201599 0.536211 0.00403198 0.172666 0.00102007
39 0.786613 0.370761 0.0379028 0.12435 0.00101745
39 0.00222694 0.286615 0.00445388 0.171698 0.00101596
39 0.767123 0.0310073 0.0263875 0.0620145 0.00100964
39 0.00216323 0.463014 0.00432645 0.173219 0.00100526
39 0.79702 0.933478 0.0413542 0.133045 0.00100386
39 0.835483 0.32438 0.0397826 0.125879 0.00100264
41 0.999294 0.971493 0.00141149 0.0570132 0.0010016
