3 0.475181 0.4859 0.940143 0.935735 0.82926
3 0.210099 0.225262 0.419471 0.441234 0.51308
3 0.20752 0.154774 0.411885 0.301424 0.193049
3 0.494124 0.281087 0.948079 0.504752 0.0936137
3 0.148056 0.146831 0.293203 0.284492 0.0691238
3 0.699319 0.27918 0.554645 0.482489 0.0424131
0 0.168025 0.0192913 0.0661938 0.0378311 0.0385642
3 0.27528 0.11931 0.287562 0.233674 0.0256454
0 0.182175 0.019504 0.0953743 0.0384875 0.0211707
3 0.211184 0.471627 0.422369 0.94054 0.0205084
3 0.21252 0.330445 0.421603 0.652974 0.019734
3 0.800818 0.260307 0.358818 0.443399 0.0183825
3 0.0618107 0.0339054 0.119764 0.0660202 0.0178194
3 0.296069 0.230453 0.590858 0.447377 0.014159
3 0.27001 0.414629 0.529785 0.82016 0.0113663
3 0.300043 0.0538453 0.239822 0.104685 0.0108662
3 0.243373 0.0222595 0.221047 0.0431159 0.0102326
3 0.223542 0.126704 0.353704 0.246306 0.0101911
0 0.148195 0.0202631 0.105328 0.0405262 0.0093669
3 0.0618217 0.156699 0.122486 0.311452 0.00797227
3 0.0670174 0.0241884 0.125939 0.0476169 0.00764737
0 0.265904 0.0253886 0.175772 0.0500007 0.007348
1 0.716889 0.27399 0.522255 0.473161 0.00731608
0 0.299967 0.0246383 0.107779 0.0476376 0.00723985
3 0.174127 0.131673 0.216782 0.251868 0.00709596
1 0.8029 0.250434 0.352418 0.425648 0.00696319
1 0.589171 0.390098 0.240771 0.272019 0.00658035
0 0.143301 0.0188271 0.0467177 0.0370034 0.00597581
1 0.484642 0.487794 0.964692 0.932055 0.00536951
3 0.703622 0.405624 0.532495 0.742548 0.00515154
1 0.494124 0.281087 0.948079 0.504752 0.00487116
2 0.0630787 0.0207194 0.117803 0.0410839 0.00468087
0 0.12227 0.0187818 0.0418264 0.0374306 0.00441146
0 0.0732847 0.0200467 0.131058 0.0400934 0.00424135
3 0.372059 0.148138 0.515518 0.289264 0.00399351
1 0.239874 0.116138 0.363238 0.225971 0.00398281
0 0.245793 0.0221822 0.221223 0.0422976 0.00380501
3 0.248369 0.0319523 0.23129 0.0617112 0.00374627
1 0.811246 0.143458 0.335568 0.215298 0.00373769
0 0.2756 0.11374 0.289517 0.222609 0.0037131
2 0.25102 0.0225811 0.211503 0.0438632 0.00355214
3 0.503112 0.219115 0.803103 0.39403 0.00353464
3 0.106685 0.0327145 0.202633 0.0629784 0.00344202
3 0.0638799 0.0939185 0.12572 0.183937 0.00334835
2 0.0617352 0.0322874 0.122129 0.0634241 0.00314471
1 0.197922 0.223072 0.395171 0.437654 0.00299495
0 0.0751946 0.0143995 0.106971 0.0287991 0.00279748
1 0.58848 0.341442 0.24778 0.395571 0.00278473
0 0.104817 0.0202512 0.190732 0.0399053 0.00260511
3 0.260319 0.0508554 0.222481 0.0996102 0.00260341
45 0.749972 0.108579 0.21665 0.0733506 0.00251263
0 0.0920743 0.0192977 0.100237 0.0385955 0.00246844
1 0.86083 0.124208 0.238693 0.174209 0.00233951
0 0.0672929 0.00972907 0.104714 0.0193881 0.00229377
3 0.150342 0.0342656 0.293524 0.0665262 0.00218752
1 0.503112 0.219115 0.803103 0.39403 0.00210667
3 0.103244 0.023349 0.19441 0.0463705 0.0020628
1 0.211026 0.479217 0.421555 0.958369 0.00201273
3 0.322392 0.0977699 0.201058 0.189098 0.00200492
26 0.750259 0.109561 0.221556 0.0752773 0.00195277
3 0.811246 0.143458 0.335568 0.215298 0.00194421
3 0.347387 0.0711303 0.13659 0.0714414 0.00185874
2 0.0635456 0.0120368 0.11206 0.0240535 0.00184494
0 0.280493 0.0520368 0.250048 0.101749 0.00182495
1 0.328288 0.126484 0.191047 0.195805 0.0017778
0 0.0618661 0.0257326 0.120851 0.0505974 0.00177234
3 0.346327 0.0555918 0.13657 0.0959971 0.00174078
0 0.199613 0.019105 0.134524 0.03821 0.00165427
3 0.336731 0.123062 0.172237 0.190178 0.0016062
1 0.300549 0.113681 0.233324 0.227362 0.0015671
3 0.199613 0.019105 0.134524 0.03821 0.00154316
2 0.0751946 0.0143995 0.106971 0.0287991 0.00153059
1 0.339175 0.158207 0.209495 0.260521 0.0015128
1 0.592408 0.42372 0.237272 0.193286 0.00150356
3 0.408089 0.178112 0.691639 0.339664 0.00147066
1 0.331516 0.537501 0.323293 0.420324 0.00146133
1 0.714928 0.328203 0.270592 0.382414 0.00143126
3 0.86083 0.124208 0.238693 0.174209 0.00139213
1 0.20017 0.558439 0.333414 0.318783 0.00136116
3 0.15271 0.0657135 0.300028 0.130096 0.00135642
3 0.272748 0.0261268 0.163155 0.0506837 0.00129214
58 0.716398 0.0375174 0.220748 0.0722706 0.00126639
1 0.861446 0.271302 0.176203 0.37189 0.00121287
3 0.0635456 0.0120368 0.11206 0.0240535 0.00120109
3 0.0611787 0.0174078 0.113582 0.0342873 0.00116581
3 0.30546 0.0448804 0.116842 0.0884776 0.00115731
3 0.0617022 0.0583392 0.122108 0.113987 0.00111723
1 0.54094 0.242856 0.396739 0.248342 0.00109208
2 0.197922 0.223072 0.395171 0.437654 0.0010772
1 0.0618107 0.0339054 0.119764 0.0660202 0.00106117
1 0.337722 0.216085 0.289343 0.383561 0.0010491
3 0.751921 0.179782 0.238557 0.225357 0.00101849
2 0.103244 0.023349 0.19441 0.0463705 0.00101128
