44 0.266817 0.0807478 0.528145 0.158121 0.868511
51 0.628107 0.840513 0.139107 0.202407 0.866898
45 0.500416 0.503711 0.991792 0.966579 0.77852
51 0.788812 0.53521 0.111086 0.177403 0.585522
51 0.421448 0.191809 0.111622 0.139422 0.551275
51 0.373237 0.497418 0.134345 0.17732 0.538006
50 0.499574 0.535465 0.141993 0.186224 0.394215
51 0.852726 0.667965 0.0948238 0.176854 0.349704
51 0.760664 0.692162 0.125951 0.174714 0.292012
51 0.671563 0.571112 0.0959969 0.147145 0.265679
60 0.521644 0.490435 0.956491 0.97514 0.239679
51 0.26021 0.533094 0.101946 0.171591 0.228548
50 0.522145 0.306357 0.187014 0.193615 0.177556
51 0.636081 0.155643 0.0929217 0.112851 0.165824
51 0.7989 0.68113 0.202611 0.193011 0.133586
51 0.831406 0.435739 0.108634 0.0628321 0.13212
51 0.398468 0.370911 0.0748154 0.109548 0.109473
50 0.553671 0.609649 0.252506 0.3347 0.107386
50 0.485396 0.238367 0.0560217 0.0787016 0.105263
50 0.492038 0.18148 0.0781582 0.111835 0.103693
50 0.665315 0.475496 0.0480093 0.0531113 0.0808097
50 0.546733 0.315321 0.145895 0.17505 0.0807304
50 0.779086 0.367221 0.0675683 0.10862 0.0784994
44 0.0846037 0.302566 0.168199 0.300952 0.077912
50 0.49778 0.289724 0.143248 0.199423 0.0748401
44 0.267758 0.231669 0.535005 0.461197 0.0740931
50 0.523287 0.306311 0.0994864 0.156483 0.0723598
50 0.490576 0.204412 0.0715355 0.155889 0.0719908
50 0.585938 0.662842 0.186832 0.228213 0.070309
44 0.884153 0.0795617 0.231596 0.155251 0.0683932
50 0.707078 0.393064 0.0575699 0.116781 0.0623894
51 0.636517 0.315933 0.0523812 0.103413 0.061177
50 0.524402 0.265927 0.186892 0.278629 0.0580125
50 0.486845 0.267756 0.123997 0.133782 0.0576377
50 0.540026 0.703299 0.097964 0.149158 0.0574522
42 0.266165 0.0832132 0.529165 0.149569 0.0484399
51 0.897639 0.440432 0.0282505 0.0804958 0.0444719
51 0.4193 0.762979 0.0874109 0.118248 0.0430383
50 0.570339 0.316705 0.0968354 0.173355 0.0410469
50 0.445801 0.609553 0.303102 0.340647 0.040392
50 0.628672 0.634383 0.1023 0.160173 0.039558
50 0.528522 0.516465 0.0857025 0.112429 0.0388781
50 0.589097 0.338767 0.0588829 0.124628 0.037665
44 0.835335 0.0977784 0.328971 0.192477 0.0370907
50 0.486075 0.172574 0.0671988 0.091922 0.0309449
50 0.482845 0.294174 0.117663 0.0910026 0.0290271
50 0.872364 0.487833 0.0671785 0.0907927 0.028256
50 0.371395 0.656292 0.165023 0.172964 0.0272804
51 0.568758 0.415878 0.0770596 0.0358723 0.0261781
50 0.503824 0.610312 0.181989 0.329176 0.0260464
51 0.820083 0.59805 0.188856 0.325492 0.0256042
50 0.618121 0.341405 0.119162 0.129321 0.0255085
50 0.57483 0.316212 0.163795 0.177794 0.0247701
60 0.421175 0.318777 0.842349 0.637554 0.0246295
50 0.515682 0.23335 0.128846 0.214798 0.0237791
60 0.126161 0.822881 0.251822 0.330919 0.023078
42 0.0834964 0.302123 0.165921 0.298736 0.0228536
50 0.481999 0.317187 0.117456 0.141087 0.0227496
50 0.478628 0.166694 0.0524552 0.0809537 0.0222718
50 0.469861 0.388732 0.0506131 0.106533 0.0213355
50 0.603434 0.49668 0.0781424 0.117615 0.0207087
44 0.137784 0.0901638 0.270912 0.135571 0.0204953
51 0.34157 0.287908 0.0394825 0.0613831 0.0197448
44 0.163749 0.225012 0.327052 0.445122 0.0196029
50 0.521271 0.539705 0.103309 0.159518 0.0189037
51 0.89442 0.581951 0.0587183 0.0984572 0.0187285
50 0.708748 0.365535 0.0548155 0.0643116 0.0185632
51 0.324857 0.509816 0.237003 0.225324 0.0181604
50 0.516249 0.270563 0.109838 0.137135 0.0180549
51 0.37504 0.447552 0.141962 0.273492 0.0180523
44 0.835911 0.151187 0.325977 0.298051 0.0176734
50 0.647185 0.379808 0.0709612 0.0620146 0.0161285
60 0.482123 0.826723 0.956095 0.328441 0.0161009
50 0.45838 0.490008 0.0567933 0.0978555 0.0157543
50 0.631567 0.668298 0.0952375 0.10376 0.0152587
51 0.316088 0.344114 0.116516 0.167722 0.0145174
50 0.472414 0.536433 0.0944817 0.188492 0.0140357
50 0.471699 0.256986 0.0910466 0.114455 0.0140203
50 0.528581 0.284429 0.0890249 0.109752 0.0138084
51 0.645774 0.281401 0.143513 0.173154 0.0136202
50 0.660694 0.379717 0.0443949 0.0619272 0.0135306
50 0.461837 0.376066 0.0653878 0.134046 0.0130619
60 0.126421 0.493435 0.251687 0.98687 0.0125991
51 0.799737 0.632407 0.208121 0.333411 0.0121617
50 0.527708 0.693905 0.128271 0.165133 0.012015
42 0.884153 0.0795617 0.231596 0.155251 0.0119096
51 0.879827 0.579921 0.0899422 0.0993035 0.0116145
50 0.629014 0.690158 0.108954 0.152176 0.0115711
50 0.452571 0.279116 0.0513181 0.0623915 0.0114127
50 0.534052 0.317983 0.079631 0.172863 0.0113975
50 0.463299 0.28826 0.0777842 0.0802595 0.0113539
51 0.291143 0.339815 0.0655888 0.0457847 0.0111318
50 0.497955 0.507238 0.13689 0.141975 0.0109267
50 0.664005 0.37422 0.0373583 0.0503918 0.0109125
42 0.268622 0.23115 0.536194 0.461091 0.0105626
44 0.370064 0.0813542 0.728949 0.162708 0.0102579
50 0.567213 0.331318 0.229093 0.22116 0.00987542
50 0.612455 0.352531 0.133676 0.169926 0.00970483
51 0.603122 0.496819 0.0805748 0.118908 0.00943848
51 0.738243 0.327593 0.0536308 0.0879543 0.00931847
50 0.391689 0.369336 0.0701683 0.0985347 0.00923905
50 0.549214 0.282527 0.0430929 0.103429 0.00921234
50 0.459065 0.405661 0.0307696 0.0730105 0.00912338
50 0.513917 0.1978 0.123355 0.152517 0.00910929
50 0.685383 0.394588 0.100712 0.121962 0.00904894
50 0.366447 0.36301 0.0405539 0.0662027 0.00894865
50 0.517332 0.335146 0.0973007 0.142344 0.00891116
50 0.692431 0.48661 0.0959661 0.0896455 0.00891104
60 0.517616 0.168003 0.960815 0.322197 0.00886193
51 0.215284 0.587285 0.0151958 0.0807396 0.00882748
51 0.582072 0.146853 0.0326816 0.0768913 0.00876489
51 0.895065 0.457744 0.0317862 0.111193 0.00876331
50 0.556781 0.233249 0.0558249 0.0588905 0.00858343
50 0.500984 0.491616 0.142193 0.263757 0.00818297
50 0.495937 0.331513 0.146708 0.218138 0.00789478
60 0.365508 0.226859 0.731016 0.450693 0.00781494
60 0.89185 0.879401 0.2163 0.219643 0.00779948
45 0.134461 0.185707 0.268153 0.356302 0.00773409
44 0.129022 0.300221 0.258034 0.303388 0.00764513
50 0.555239 0.317921 0.0806137 0.170362 0.00763831
51 0.478349 0.714953 0.039391 0.0815318 0.00752863
50 0.713864 0.486299 0.0501856 0.0897743 0.00731811
51 0.624965 0.284627 0.106837 0.170152 0.0073002
50 0.6786 0.476303 0.0762852 0.0610443 0.00723302
50 0.440772 0.376457 0.0639425 0.136652 0.00720489
50 0.473249 0.155331 0.0408113 0.0598665 0.00701642
50 0.490228 0.233676 0.12994 0.218194 0.00694346
50 0.547861 0.310079 0.0516109 0.156676 0.00675857
51 0.497745 0.87893 0.107503 0.12495 0.00664827
50 0.624843 0.418547 0.0304128 0.0462023 0.00633612
51 0.508026 0.409096 0.0571867 0.0728468 0.00611055
51 0.405726 0.218237 0.078816 0.0845585 0.00607178
51 0.874254 0.488069 0.0619143 0.0901928 0.00590578
50 0.50544 0.44471 0.151243 0.320788 0.00589973
51 0.34751 0.31798 0.0521653 0.124277 0.00589511
50 0.635475 0.155049 0.0911581 0.111977 0.0058772
50 0.506907 0.300962 0.0609631 0.0658839 0.00583583
51 0.609005 0.0905489 0.04675 0.0482051 0.00578034
50 0.567305 0.347739 0.099022 0.117481 0.00573605
50 0.593606 0.305292 0.0488068 0.0587773 0.00567162
50 0.550296 0.268207 0.0378731 0.0749886 0.00554734
50 0.364144 0.650035 0.123076 0.155297 0.00548929
60 0.836803 0.149447 0.326121 0.295928 0.00546697
50 0.45984 0.5241 0.0647091 0.163792 0.00533068
44 0.194484 0.0852611 0.387365 0.148251 0.00528333
69 0.836803 0.149447 0.326121 0.295928 0.00524768
50 0.684189 0.384952 0.0931683 0.0854389 0.00520411
50 0.815832 0.369195 0.138513 0.11682 0.00518954
50 0.504665 0.305802 0.0779608 0.0764798 0.00517067
50 0.642926 0.41293 0.183337 0.165632 0.00516817
50 0.476832 0.270964 0.135301 0.197752 0.0051468
42 0.835335 0.0977784 0.328971 0.192477 0.00504509
51 0.626534 0.236417 0.103961 0.0855598 0.00503913
43 0.266165 0.0832132 0.529165 0.149569 0.00496587
51 0.221565 0.585704 0.0309839 0.0886275 0.00493854
51 0.663617 0.275829 0.108793 0.141037 0.00479445
60 0.369868 0.494954 0.735062 0.986783 0.00477195
51 0.285414 0.38718 0.0481102 0.0791597 0.00477111
45 0.26638 0.0817758 0.524571 0.158714 0.00469464
50 0.494181 0.336684 0.111664 0.143447 0.00467512
50 0.523935 0.397329 0.193644 0.362305 0.00467303
50 0.56477 0.296685 0.0782721 0.148995 0.00466144
50 0.657509 0.45831 0.0688913 0.0921487 0.00464433
50 0.458159 0.460169 0.0548178 0.163827 0.00463223
50 0.559863 0.33347 0.0992499 0.141218 0.00462681
51 0.829943 0.607358 0.259198 0.384765 0.00459647
50 0.478007 0.338676 0.0892397 0.167511 0.00454396
50 0.675298 0.412288 0.121128 0.161671 0.00452507
44 0.134461 0.185707 0.268153 0.356302 0.00449225
51 0.678038 0.331781 0.046903 0.0472938 0.00447151
51 0.305701 0.371048 0.0971982 0.120578 0.0044522
51 0.739294 0.608736 0.218385 0.335363 0.0044232
51 0.351069 0.334162 0.0649113 0.153186 0.00440058
45 0.835734 0.146587 0.328355 0.291395 0.00431687
45 0.27828 0.22581 0.556546 0.449669 0.00428149
50 0.63113 0.738328 0.0649453 0.0528232 0.0042423
51 0.373754 0.331281 0.0575974 0.111955 0.00423712
51 0.607028 0.121148 0.0502191 0.109398 0.0042223
51 0.513338 0.797239 0.10519 0.0649761 0.00417823
50 0.456017 0.412339 0.0328016 0.0639802 0.00411835
42 0.163749 0.225012 0.327052 0.445122 0.00402385
50 0.388125 0.59249 0.18613 0.294232 0.00402084
51 0.838693 0.443455 0.126073 0.0783101 0.00402048
51 0.600233 0.130624 0.0623039 0.128809 0.00387374
50 0.466965 0.497478 0.075835 0.110647 0.00386611
51 0.338543 0.328575 0.0410474 0.139055 0.00381905
51 0.842136 0.467094 0.133897 0.126145 0.00381318
51 0.320093 0.3537 0.0697031 0.154436 0.0038057
51 0.54331 0.15805 0.0891743 0.108723 0.00375572
50 0.861623 0.488034 0.0665577 0.0793143 0.00371957
51 0.891853 0.442589 0.040016 0.0851336 0.0036872
50 0.646092 0.367441 0.182473 0.191714 0.00361475
51 0.61007 0.225386 0.0695818 0.0858793 0.00358918
51 0.499215 0.41299 0.0759493 0.0877527 0.00358689
69 0.495081 0.506627 0.988733 0.960122 0.00354734
50 0.376666 0.363588 0.0591971 0.102719 0.00349158
51 0.903757 0.463068 0.0424147 0.127058 0.00349128
50 0.421166 0.191195 0.111121 0.139536 0.00348166
50 0.408559 0.879711 0.06117 0.0811002 0.00345513
50 0.700941 0.416155 0.0442652 0.079928 0.00334755
51 0.309664 0.315922 0.0994432 0.117404 0.00334144
51 0.617073 0.239187 0.0860876 0.108851 0.00332129
42 0.83559 0.147167 0.328117 0.292431 0.00331226
51 0.62919 0.137017 0.0894423 0.140598 0.00330937
50 0.569766 0.416055 0.0769476 0.0387867 0.00329289
50 0.486835 0.388139 0.0852966 0.126505 0.00328735
50 0.588504 0.4154 0.10596 0.0553164 0.00328282
51 0.336581 0.293146 0.0436713 0.0731346 0.00326446
50 0.643658 0.404002 0.0802849 0.0906034 0.00326061
50 0.383287 0.651646 0.105263 0.150364 0.00325161
51 0.615073 0.225938 0.201235 0.292057 0.00324076
44 0.0421277 0.197447 0.0833493 0.109917 0.0032272
50 0.625945 0.578415 0.168869 0.287405 0.00319248
51 0.615118 0.310362 0.0940195 0.118948 0.00317004
43 0.08326 0.301896 0.16557 0.302788 0.00316185
50 0.285456 0.389327 0.049609 0.0827913 0.00315952
51 0.587025 0.146128 0.050137 0.090983 0.00315183
51 0.29191 0.374547 0.0659517 0.105194 0.0031209
51 0.419406 0.213539 0.106754 0.0970253 0.00311121
51 0.35603 0.420791 0.209798 0.329314 0.00300321
51 0.637414 0.253445 0.123824 0.0943928 0.00299767
41 0.26638 0.0817758 0.524571 0.158714 0.00298831
60 0.837221 0.489219 0.325468 0.966061 0.00295803
51 0.643985 0.348326 0.0710663 0.115626 0.00294161
43 0.889416 0.0759782 0.21879 0.147992 0.00294006
51 0.56846 0.154982 0.0594341 0.098478 0.00290999
45 0.717727 0.508845 0.563333 0.938066 0.00289074
51 0.234416 0.720236 0.16148 0.192131 0.00284192
51 0.325961 0.315422 0.0672346 0.114588 0.00277776
51 0.179755 0.478778 0.0891727 0.119119 0.00277197
50 0.428121 0.375001 0.0348214 0.0920803 0.00275266
50 0.552772 0.716657 0.104874 0.124015 0.00272068
50 0.782804 0.38662 0.0741615 0.0885372 0.00271922
51 0.574183 0.150965 0.0449724 0.0891874 0.00270623
50 0.686829 0.447129 0.097831 0.12671 0.00269884
44 0.0387051 0.175639 0.0769189 0.158988 0.00266933
51 0.850157 0.548997 0.0371437 0.0764907 0.00266364
51 0.514737 0.179224 0.11269 0.121144 0.00265789
51 0.229814 0.587933 0.0474475 0.0910617 0.00265399
50 0.624807 0.370639 0.10635 0.0695878 0.00264049
50 0.403593 0.37283 0.0829452 0.114286 0.00262347
50 0.605551 0.629142 0.147342 0.183905 0.00260493
50 0.474767 0.577392 0.0633842 0.0966078 0.00257254
50 0.799958 0.810848 0.0616724 0.0744084 0.00254855
51 0.376459 0.316212 0.0595217 0.0777078 0.00251499
51 0.828505 0.431173 0.0991104 0.0465023 0.00248197
50 0.520284 0.363264 0.0769562 0.0886566 0.00246805
50 0.555094 0.267608 0.0562896 0.114585 0.00244391
51 0.49905 0.193578 0.0758962 0.122592 0.0024415
50 0.480681 0.559244 0.0832191 0.135592 0.0024218
43 0.835335 0.0977784 0.328971 0.192477 0.00241327
43 0.835734 0.146587 0.328355 0.291395 0.00238857
51 0.49612 0.421246 0.0876165 0.110201 0.00238037
50 0.421579 0.374305 0.122332 0.124324 0.00236908
51 0.618264 0.342843 0.121246 0.14262 0.00233731
51 0.576353 0.159229 0.216445 0.150359 0.00232264
50 0.463271 0.567506 0.0793641 0.12448 0.00231281
50 0.631174 0.405974 0.0659428 0.0734369 0.00223801
51 0.389945 0.217797 0.0476685 0.0786371 0.00222561
50 0.529341 0.366427 0.0485901 0.074195 0.00221816
50 0.491787 0.405501 0.0938187 0.134958 0.00219297
51 0.409254 0.770646 0.0740706 0.103531 0.0021677
50 0.547367 0.517023 0.0490843 0.105208 0.00216183
51 0.737747 0.551902 0.024234 0.110971 0.00215897
50 0.458703 0.305232 0.207181 0.260935 0.00215259
60 0.49308 0.12222 0.953826 0.240468 0.00209829
50 0.7622 0.350803 0.101807 0.146765 0.00208396
50 0.634089 0.419254 0.219703 0.247638 0.00206828
51 0.360522 0.302663 0.0700751 0.0898376 0.00206268
50 0.449223 0.355373 0.0490437 0.11901 0.00199515
50 0.537245 0.240745 0.0971941 0.0989909 0.00196761
51 0.421523 0.274631 0.186693 0.30689 0.00195336
51 0.390303 0.375171 0.0577445 0.08626 0.00192314
50 0.445962 0.318506 0.0689685 0.145334 0.00191718
51 0.632718 0.1788 0.0726247 0.066218 0.00191355
51 0.387015 0.304723 0.0965104 0.0870346 0.00190893
51 0.492548 0.393687 0.0838505 0.108393 0.00190732
51 0.57173 0.420475 0.0840078 0.0477848 0.0018979
50 0.535938 0.348502 0.0659727 0.11227 0.0018869
50 0.444375 0.348678 0.0365211 0.0804738 0.00187516
50 0.596062 0.295298 0.0498917 0.0827024 0.00184941
50 0.668259 0.209534 0.0387396 0.0366534 0.0018478
50 0.609495 0.408659 0.0821958 0.0706152 0.00184605
51 0.363678 0.333175 0.0691063 0.143083 0.00182036
50 0.860289 0.48099 0.0809288 0.0906951 0.00181344
51 0.19683 0.555325 0.036158 0.104919 0.00180814
51 0.285397 0.348457 0.0549756 0.0379632 0.00178817
51 0.710048 0.360043 0.0522514 0.0521022 0.00178123
44 0.108441 0.23394 0.215275 0.437793 0.00177005
50 0.593997 0.473316 0.138356 0.156934 0.00176841
52 0.78938 0.53569 0.109735 0.179147 0.00175777
50 0.555091 0.175425 0.068535 0.100732 0.0017139
50 0.461289 0.31615 0.0732962 0.12848 0.00171247
50 0.537144 0.368735 0.0483822 0.0709396 0.00169489
51 0.829986 0.543761 0.180267 0.28367 0.00168145
51 0.628715 0.187552 0.0944893 0.0632472 0.00166267
51 0.527531 0.186162 0.114727 0.140804 0.00165266
50 0.636214 0.316005 0.052336 0.103529 0.0016413
50 0.484538 0.581971 0.0706024 0.0853446 0.00162902
51 0.600223 0.217688 0.0505167 0.0655899 0.00162899
