45 0.692399 0.846212 0.252136 0.292856 0.88245
45 0.776184 0.6094 0.228845 0.233071 0.870462
45 0.90011 0.805256 0.196609 0.271822 0.866944
45 0.636037 0.163914 0.146278 0.123524 0.77797
45 0.496458 0.504461 0.273354 0.19326 0.744794
45 0.625054 0.395108 0.21404 0.147217 0.583528
51 0.2988 0.788387 0.0586245 0.0782379 0.582463
51 0.633109 0.847248 0.0385635 0.122237 0.567458
45 0.496998 0.17162 0.273186 0.162475 0.561373
51 0.645591 0.862954 0.0502357 0.148506 0.550621
45 0.0571179 0.379709 0.113241 0.14883 0.538989
45 0.532734 0.180379 0.200552 0.137038 0.508771
60 0.514412 0.548894 0.971176 0.89663 0.50063
51 0.63859 0.858913 0.0346275 0.147028 0.500208
45 0.142956 0.29598 0.176602 0.132533 0.492978
44 0.893141 0.640493 0.108313 0.239171 0.489722
44 0.887678 0.487833 0.155929 0.0876622 0.433143
45 0.824684 0.609276 0.32605 0.228914 0.410689
45 0.513825 0.524898 0.237924 0.141465 0.405655
44 0.418996 0.144435 0.11739 0.111499 0.375529
45 0.651986 0.302734 0.243637 0.133961 0.373972
51 0.656127 0.90489 0.0208656 0.0613261 0.365393
51 0.732854 0.826745 0.0645453 0.146308 0.344943
45 0.251877 0.230587 0.153101 0.0967479 0.328426
45 0.137872 0.488159 0.275224 0.221825 0.326814
45 0.810176 0.452372 0.172871 0.132606 0.323008
45 0.883795 0.34823 0.220485 0.152383 0.311309
51 0.688487 0.871074 0.0888317 0.0759214 0.294066
45 0.334275 0.738014 0.575087 0.521286 0.288793
45 0.844348 0.454532 0.240139 0.135036 0.284366
45 0.0418733 0.758454 0.0837465 0.278583 0.264024
45 0.372482 0.189424 0.146684 0.0750304 0.201911
51 0.607585 0.843844 0.0496758 0.0578672 0.200781
51 0.698804 0.876522 0.0661094 0.0655757 0.199061
44 0.858809 0.487483 0.223092 0.104319 0.184927
51 0.742165 0.858384 0.0444166 0.0809776 0.167827
72 0.16735 0.157165 0.334132 0.307485 0.167358
43 0.837173 0.935971 0.153958 0.118059 0.153087
51 0.695108 0.939243 0.0268859 0.020461 0.151617
51 0.735352 0.854083 0.0582445 0.0863714 0.145417
51 0.605703 0.863317 0.0516937 0.105576 0.143532
51 0.145979 0.654189 0.0329575 0.0300382 0.131061
51 0.618453 0.842198 0.0486331 0.0965566 0.129847
45 0.766475 0.246688 0.177794 0.0996899 0.126211
44 0.875708 0.685917 0.142305 0.337643 0.123054
51 0.624035 0.898023 0.0442852 0.0555481 0.118246
51 0.623704 0.882423 0.0519625 0.0961502 0.118243
51 0.723898 0.813316 0.0476427 0.113994 0.117156
51 0.614423 0.861759 0.07204 0.132891 0.11278
51 0.696084 0.80622 0.0205682 0.0592486 0.110863
51 0.692979 0.8283 0.144724 0.148041 0.110616
51 0.708695 0.879498 0.0452873 0.0544196 0.106879
51 0.670021 0.851497 0.114633 0.158538 0.102913
45 0.386213 0.197426 0.174566 0.0921653 0.0950215
44 0.835508 0.937623 0.15451 0.117176 0.0888318
44 0.481938 0.162184 0.240741 0.151695 0.0866793
45 0.43126 0.466497 0.102183 0.11063 0.0739619
45 0.896884 0.511604 0.201754 0.145039 0.0703309
42 0.885786 0.651251 0.124602 0.263755 0.07017
50 0.910394 0.775316 0.144798 0.118329 0.0694654
44 0.781371 0.922151 0.275211 0.149244 0.0687889
51 0.639831 0.88377 0.0470367 0.102104 0.0681216
50 0.280997 0.589724 0.0378664 0.0713521 0.0674086
44 0.400496 0.920897 0.135229 0.158206 0.0669347
51 0.713062 0.7995 0.026624 0.0881358 0.0669329
51 0.679265 0.8822 0.107892 0.0961458 0.0667544
51 0.694908 0.893865 0.232416 0.202803 0.0651205
51 0.251411 0.606031 0.0310189 0.0606089 0.0622495
43 0.781371 0.922151 0.275211 0.149244 0.0621781
42 0.835508 0.937623 0.15451 0.117176 0.0617085
51 0.956203 0.802782 0.0407772 0.0253054 0.0612636
50 0.36297 0.686398 0.0464236 0.044869 0.0600426
45 0.364981 0.178284 0.136413 0.0526059 0.0559753
44 0.493535 0.464785 0.249525 0.11259 0.0558736
45 0.337274 0.344368 0.398896 0.241015 0.0557861
45 0.688742 0.921537 0.213955 0.148407 0.0548923
50 0.4182 0.732372 0.055057 0.0503298 0.0522968
42 0.386626 0.906404 0.16025 0.187193 0.0517393
44 0.82213 0.51535 0.341892 0.163194 0.051091
43 0.406438 0.925118 0.122926 0.149764 0.050691
51 0.473456 0.751962 0.0358966 0.0459129 0.0467011
51 0.689399 0.938816 0.0410437 0.0230016 0.0466071
42 0.781371 0.922151 0.275211 0.149244 0.0460976
51 0.621264 0.891376 0.0572417 0.0624495 0.0442912
44 0.355817 0.397019 0.370304 0.180928 0.042549
44 0.739917 0.295804 0.0525837 0.0383502 0.0423755
50 0.216406 0.729817 0.0622659 0.0671466 0.04213
51 0.16616 0.600871 0.0322823 0.037333 0.0404252
44 0.386626 0.906404 0.16025 0.187193 0.0382582
44 0.469569 0.446121 0.198821 0.0776863 0.0374125
45 0.0577942 0.420422 0.115068 0.231645 0.0355911
42 0.495157 0.881862 0.149385 0.189171 0.0353519
44 0.753177 0.283224 0.0781586 0.0591307 0.0341508
51 0.697309 0.797189 0.0233763 0.0741007 0.0330001
44 0.55444 0.464168 0.384731 0.114037 0.0327336
43 0.887533 0.487405 0.153777 0.0865904 0.032653
43 0.985653 0.967582 0.0264297 0.064712 0.0323222
43 0.389268 0.909499 0.157966 0.180991 0.0323066
50 0.279534 0.602399 0.0445071 0.0949521 0.0322773
45 0.656872 0.19792 0.0944533 0.0610677 0.0319823
50 0.45627 0.789063 0.0619953 0.074722 0.0311973
44 0.845212 0.457685 0.244359 0.146532 0.0304679
42 0.400496 0.920897 0.135229 0.158206 0.0301354
50 0.106745 0.657491 0.0361887 0.0470894 0.0295576
44 0.786257 0.887551 0.265956 0.221177 0.028936
44 0.851511 0.515704 0.234938 0.154702 0.028273
51 0.73435 0.845348 0.117276 0.186664 0.0276295
44 0.881498 0.582448 0.0626509 0.118387 0.0266302
43 0.495835 0.878391 0.146882 0.188156 0.025948
44 0.899259 0.637144 0.0754778 0.214064 0.0258899
44 0.497321 0.878659 0.148036 0.187586 0.0257668
50 0.106321 0.645889 0.0354637 0.0416695 0.0251651
44 0.880308 0.632621 0.0678375 0.216957 0.0250459
51 0.652162 0.90262 0.0264359 0.0644399 0.0249892
45 0.0542274 0.360861 0.107388 0.108944 0.0247897
50 0.669273 0.7866 0.0467009 0.066405 0.024592
50 0.459853 0.64259 0.0430235 0.0665807 0.0237746
44 0.435646 0.466436 0.102862 0.110804 0.0237138
43 0.536585 0.470814 0.137138 0.0272134 0.0235537
45 0.887794 0.486811 0.154479 0.0843389 0.0228533
50 0.728866 0.923804 0.119675 0.0544912 0.0224582
44 0.879508 0.562798 0.060969 0.0779462 0.0221823
45 0.538306 0.609613 0.12157 0.0673421 0.0221324
44 0.351417 0.34503 0.371865 0.242855 0.021945
50 0.880072 0.778285 0.100882 0.1339 0.0211837
44 0.459385 0.465785 0.169428 0.10877 0.0211098
50 0.167559 0.703942 0.0419271 0.0435051 0.0209104
44 0.407842 0.133103 0.0947763 0.0885902 0.0208479
45 0.534998 0.606414 0.186664 0.0752726 0.0208159
45 0.727885 0.23713 0.099789 0.07526 0.0207209
45 0.661198 0.172781 0.0931509 0.0896731 0.0205371
44 0.894417 0.571185 0.151663 0.264144 0.0204479
42 0.421051 0.14392 0.120527 0.109981 0.0204253
44 0.56751 0.460909 0.218307 0.0348923 0.0203111
50 0.119763 0.674862 0.0374997 0.0329745 0.0202952
42 0.875708 0.685917 0.142305 0.337643 0.0202753
44 0.916876 0.590196 0.155145 0.292819 0.0199241
43 0.265418 0.398144 0.267427 0.132735 0.0196446
51 0.70432 0.844047 0.168039 0.183978 0.0189387
50 0.673611 0.794514 0.0614732 0.0823255 0.0189067
44 0.894761 0.592289 0.0964333 0.142887 0.0188378
50 0.463953 0.649479 0.0298998 0.0521773 0.0187656
45 0.686635 0.297633 0.326864 0.144055 0.0183889
50 0.193538 0.670121 0.093631 0.105158 0.0176516
50 0.508498 0.824808 0.0547529 0.0468104 0.0176439
72 0.943236 0.184961 0.110248 0.360063 0.0175067
45 0.746932 0.843788 0.35949 0.289608 0.0174248
44 0.43255 0.154852 0.136488 0.128668 0.0173497
44 0.572497 0.465598 0.247215 0.0285363 0.0173237
42 0.786257 0.887551 0.265956 0.221177 0.0171931
43 0.786257 0.887551 0.265956 0.221177 0.0169588
50 0.441722 0.646451 0.0763579 0.0668428 0.0168481
51 0.910912 0.804724 0.0192043 0.0372815 0.0166573
50 0.113184 0.664823 0.0451036 0.0514903 0.0166395
50 0.74241 0.925669 0.07549 0.0504615 0.016623
42 0.355817 0.397019 0.370304 0.180928 0.0166153
50 0.929981 0.769709 0.102656 0.0937083 0.0166142
44 0.536585 0.470814 0.137138 0.0272134 0.0166108
45 0.0566751 0.477825 0.112053 0.154427 0.0164335
48 0.204515 0.476419 0.090492 0.133321 0.0163944
42 0.536585 0.470814 0.137138 0.0272134 0.0163607
50 0.228834 0.739108 0.09153 0.0759664 0.0163426
42 0.541539 0.460289 0.145838 0.033832 0.0163018
42 0.351417 0.34503 0.371865 0.242855 0.0162893
50 0.949339 0.782514 0.0626623 0.061348 0.0162278
51 0.727045 0.807087 0.023476 0.0608576 0.0160966
50 0.475036 0.701049 0.0629204 0.0932353 0.0159346
43 0.355817 0.397019 0.370304 0.180928 0.0157795
51 0.383128 0.806152 0.021978 0.034938 0.0157258
55 0.0542274 0.360861 0.107388 0.108944 0.0157222
50 0.536541 0.726254 0.0791066 0.0589443 0.0155613
45 0.444336 0.200488 0.293356 0.100593 0.0155294
45 0.640483 0.133789 0.147647 0.0658233 0.0154499
50 0.107887 0.655597 0.0380108 0.0659737 0.015369
48 0.129405 0.494235 0.076017 0.114673 0.0151697
50 0.466453 0.849863 0.0593295 0.0604109 0.0151635
44 0.563455 0.434317 0.395292 0.0581143 0.0151029
50 0.427407 0.637545 0.100505 0.0645093 0.0150942
43 0.55444 0.464168 0.384731 0.114037 0.0150635
45 0.0223132 0.759409 0.0442919 0.245444 0.0149354
51 0.697655 0.885501 0.0879747 0.0769028 0.0149145
50 0.207803 0.650834 0.0640504 0.0701173 0.0148802
44 0.49145 0.431801 0.199554 0.0478431 0.0146748
50 0.291678 0.711511 0.0698284 0.0707143 0.0146517
50 0.213408 0.714177 0.0512723 0.0491575 0.0144231
51 0.350328 0.725797 0.0291686 0.0272046 0.0143879
50 0.299953 0.529352 0.0264748 0.0579199 0.0143369
45 0.646133 0.197915 0.0629063 0.052889 0.0141595
43 0.420041 0.139035 0.119915 0.0988783 0.0141563
45 0.484324 0.465349 0.240268 0.112948 0.0141204
50 0.296986 0.530086 0.0348443 0.0630755 0.0139982
44 0.49271 0.456028 0.223732 0.0554356 0.0139357
42 0.529805 0.45695 0.145195 0.0270929 0.0138049
42 0.49271 0.456028 0.223732 0.0554356 0.0136931
42 0.528022 0.464599 0.323738 0.113136 0.0136595
48 0.191115 0.469032 0.0611447 0.115312 0.0136108
44 0.541539 0.460289 0.145838 0.033832 0.0135917
50 0.313362 0.624022 0.0310339 0.0303135 0.0135704
43 0.351929 0.398329 0.449355 0.135019 0.01353
50 0.326481 0.55416 0.0276961 0.0478376 0.0133285
42 0.858809 0.487483 0.223092 0.104319 0.0131803
50 0.171604 0.701141 0.0522682 0.0556484 0.0131634
43 0.541539 0.460289 0.145838 0.033832 0.0131512
50 0.299427 0.600866 0.0705023 0.0793391 0.0130045
44 0.735991 0.30013 0.0413877 0.0286361 0.0129671
44 0.76871 0.281756 0.113333 0.0554956 0.0129013
50 0.36519 0.692822 0.0536351 0.0564382 0.0128821
50 0.213628 0.738863 0.0728687 0.082284 0.0127784
45 0.794046 0.443375 0.128452 0.100492 0.0127372
50 0.884248 0.781847 0.0796488 0.102388 0.012695
51 0.652188 0.82047 0.173531 0.223669 0.0126665
50 0.930171 0.839194 0.139658 0.0848066 0.0126656
51 0.713311 0.821083 0.0763954 0.127713 0.0125468
50 0.292424 0.723095 0.0565701 0.0485827 0.0125391
44 0.508308 0.424338 0.114557 0.0356523 0.0123556
50 0.254099 0.763396 0.152392 0.130844 0.01233
51 0.668318 0.81622 0.206707 0.178651 0.0121955
50 0.664818 0.782417 0.0434361 0.0555255 0.0121674
44 0.509745 0.436707 0.160493 0.0385991 0.0121447
50 0.293034 0.540733 0.0300037 0.0359818 0.0118774
45 0.512074 0.818958 0.245458 0.333809 0.0118699
50 0.286927 0.701894 0.08421 0.0924291 0.0117629
50 0.915392 0.760861 0.132534 0.0886874 0.0116669
45 0.866943 0.342181 0.187536 0.121943 0.0116382
44 0.528982 0.44724 0.197379 0.0209822 0.0116364
45 0.0221017 0.725434 0.0437818 0.170199 0.0115173
42 0.518002 0.795261 0.212395 0.37747 0.011495
44 0.858135 0.554071 0.107321 0.0876025 0.0113656
42 0.509745 0.436707 0.160493 0.0385991 0.0113496
44 0.903714 0.513569 0.188913 0.141386 0.0113412
44 0.529805 0.45695 0.145195 0.0270929 0.0112721
50 0.371137 0.766877 0.0516521 0.0524764 0.0112612
43 0.509745 0.436707 0.160493 0.0385991 0.0112326
50 0.464946 0.634585 0.0323514 0.05726 0.0111752
43 0.529805 0.45695 0.145195 0.0270929 0.0111651
60 0.521196 0.699483 0.945652 0.585453 0.0111034
50 0.307322 0.708589 0.0495858 0.0656385 0.0111
48 0.0839063 0.472546 0.166707 0.16867 0.0110684
45 0.82708 0.557325 0.329726 0.22775 0.0109904
44 0.790602 0.501692 0.0933392 0.0451441 0.0109183
50 0.909396 0.816261 0.180166 0.240878 0.0108657
50 0.957415 0.783236 0.0459408 0.0554398 0.0108453
44 0.389602 0.461361 0.360292 0.124466 0.0108065
51 0.68554 0.93597 0.0502656 0.0255206 0.0106885
42 0.528982 0.44724 0.197379 0.0209822 0.0106038
50 0.213228 0.662139 0.0594262 0.0727506 0.0105096
50 0.555223 0.723745 0.0405396 0.0327878 0.0105026
43 0.49271 0.456028 0.223732 0.0554356 0.0104724
45 0.848682 0.486652 0.257683 0.204521 0.0104377
50 0.63402 0.770615 0.0218731 0.0328211 0.0103619
42 0.898894 0.634872 0.0973862 0.227801 0.0103321
48 0.0558424 0.479627 0.110094 0.144109 0.0103134
50 0.31022 0.715197 0.0432864 0.0515007 0.0103077
45 0.0213013 0.712634 0.0394734 0.112584 0.0101499
50 0.53608 0.732393 0.083156 0.0861014 0.0100834
45 0.489858 0.144509 0.0998812 0.0556009 0.0100705
50 0.362545 0.676381 0.0478765 0.0721813 0.0100223
44 0.519985 0.480726 0.175277 0.0633684 0.0100138
42 0.48221 0.46234 0.24168 0.106599 0.00988927
42 0.890708 0.485756 0.150337 0.0906848 0.0098865
43 0.621561 0.440804 0.244312 0.0328393 0.00987175
50 0.409482 0.734637 0.0638943 0.0459085 0.00986567
44 0.467326 0.427734 0.196018 0.0468709 0.00979015
44 0.900922 0.804156 0.197878 0.279461 0.00975811
45 0.81312 0.73785 0.36958 0.490817 0.00973308
43 0.858809 0.487483 0.223092 0.104319 0.00972787
50 0.234347 0.748487 0.10719 0.0935694 0.00970668
43 0.49145 0.431801 0.199554 0.0478431 0.0096966
44 0.887844 0.713126 0.171524 0.252701 0.00968567
51 0.695196 0.934956 0.0325468 0.0297788 0.00964454
45 0.252735 0.21477 0.146322 0.0635703 0.0096128
45 0.694908 0.893865 0.232416 0.202803 0.00960922
50 0.435107 0.596353 0.0518942 0.0532118 0.00954494
45 0.472192 0.758559 0.306637 0.460505 0.00949878
44 0.752367 0.881717 0.366373 0.235691 0.00947219
48 0.189382 0.455391 0.0567774 0.0853774 0.00943971
45 0.805052 0.515871 0.152632 0.0428844 0.00943461
51 0.689798 0.854155 0.104697 0.114184 0.00940633
44 0.957117 0.670796 0.0840847 0.103522 0.00939494
43 0.469569 0.446121 0.198821 0.0776863 0.00931066
42 0.469569 0.446121 0.198821 0.0776863 0.00923926
44 0.636998 0.852493 0.0434307 0.136646 0.009193
44 0.45519 0.891066 0.238284 0.217868 0.00912085
44 0.735392 0.281549 0.058103 0.0603265 0.00906625
51 0.685111 0.900649 0.0751219 0.0951729 0.00902882
42 0.752367 0.881717 0.366373 0.235691 0.00901726
44 0.52145 0.920636 0.113729 0.154204 0.00898525
51 0.742875 0.854398 0.169899 0.291204 0.00895336
43 0.508308 0.424338 0.114557 0.0356523 0.00894859
45 0.736785 0.280075 0.229793 0.17094 0.00891066
50 0.483376 0.697732 0.0443706 0.0828232 0.00890321
43 0.351417 0.34503 0.371865 0.242855 0.00889274
51 0.427475 0.81458 0.0346203 0.0932149 0.00889203
50 0.670438 0.812094 0.0367853 0.0313128 0.008856
51 0.720084 0.875562 0.0479155 0.0563892 0.00879404
50 0.199826 0.647079 0.054225 0.0749535 0.00869915
42 0.56751 0.460909 0.218307 0.0348923 0.0086596
44 0.351929 0.398329 0.449355 0.135019 0.00865427
50 0.443913 0.621436 0.0175422 0.0211716 0.00863746
44 0.518002 0.795261 0.212395 0.37747 0.00849119
