51 0.628341 0.838875 0.139373 0.204562 0.826538
51 0.789838 0.536306 0.112201 0.176464 0.701979
45 0.499155 0.50105 0.981295 0.972917 0.664356
51 0.760069 0.693529 0.124231 0.17359 0.52007
51 0.850953 0.667312 0.0960396 0.174393 0.443099
51 0.260401 0.533108 0.101432 0.173345 0.432209
44 0.249918 0.0885198 0.494487 0.169171 0.37429
51 0.669952 0.569634 0.0971272 0.142203 0.299284
51 0.371006 0.498517 0.127349 0.178744 0.2537
50 0.666061 0.478423 0.0517292 0.0564422 0.216506
60 0.501141 0.497436 0.997719 0.983904 0.168594
44 0.233374 0.144193 0.465823 0.26761 0.154131
50 0.4853 0.241895 0.0572781 0.089636 0.150392
44 0.195486 0.0896949 0.384579 0.148401 0.14064
50 0.5018 0.301963 0.144422 0.194366 0.139609
50 0.708454 0.38927 0.0566734 0.113382 0.122132
51 0.422236 0.193086 0.113507 0.142858 0.114534
44 0.880032 0.0891843 0.239937 0.17174 0.11217
44 0.0797033 0.294928 0.158087 0.295287 0.112036
51 0.896739 0.440535 0.0303608 0.0787007 0.100304
51 0.373707 0.453143 0.133452 0.267091 0.0934938
50 0.531399 0.315607 0.101465 0.169753 0.0818198
44 0.369146 0.114929 0.732684 0.225322 0.0813078
51 0.826815 0.436253 0.107166 0.0616156 0.0794067
50 0.708503 0.359997 0.0550585 0.0554731 0.0769491
50 0.878469 0.487178 0.0557184 0.0940209 0.0744397
44 0.23973 0.220716 0.476779 0.423597 0.0725481
50 0.645994 0.37759 0.0739986 0.0596508 0.0711364
50 0.579869 0.3192 0.193492 0.183053 0.069815
50 0.690049 0.48806 0.102226 0.0908795 0.0685637
50 0.528314 0.325971 0.092204 0.126715 0.0601455
50 0.528403 0.519028 0.0838383 0.114741 0.0576409
51 0.390639 0.371091 0.0599543 0.096011 0.0515594
44 0.17356 0.0526648 0.329659 0.0999143 0.0500104
44 0.199825 0.0644411 0.392867 0.120834 0.0497464
51 0.422518 0.76072 0.0826687 0.126442 0.0483023
44 0.144267 0.0392904 0.27261 0.0717518 0.0461162
50 0.603965 0.328158 0.156112 0.168113 0.0446399
50 0.54993 0.297448 0.245903 0.226848 0.0441825
50 0.714839 0.488135 0.0520147 0.0912217 0.0431616
50 0.589986 0.338312 0.0575939 0.123597 0.0425685
50 0.603972 0.501897 0.075536 0.116441 0.040986
50 0.594352 0.305378 0.0477043 0.0615324 0.0394872
50 0.497768 0.250656 0.0824354 0.104759 0.0390672
51 0.34117 0.287405 0.0390486 0.0623927 0.0372693
44 0.842981 0.150257 0.312409 0.290734 0.0355925
50 0.451278 0.275655 0.0479904 0.0649355 0.0345702
50 0.545334 0.316303 0.067355 0.172299 0.034296
42 0.249918 0.0885198 0.494487 0.169171 0.0330958
44 0.899452 0.0645749 0.199866 0.123112 0.03305
44 0.857569 0.10895 0.284542 0.212008 0.0330333
43 0.857569 0.10895 0.284542 0.212008 0.0326495
50 0.662849 0.376852 0.0402988 0.0592535 0.0322074
50 0.493552 0.263623 0.0978722 0.136953 0.0321187
50 0.638047 0.370944 0.0883036 0.0721542 0.0311886
50 0.527828 0.2947 0.0895044 0.113221 0.0305777
50 0.622189 0.360072 0.119963 0.100762 0.0278059
51 0.393049 0.313606 0.0722227 0.05546 0.0276942
51 0.411861 0.76609 0.0657286 0.112556 0.0276163
43 0.885765 0.0829024 0.227539 0.160108 0.0275386
44 0.0703089 0.259782 0.138931 0.224927 0.0274254
43 0.257225 0.0978833 0.508806 0.191163 0.0249662
51 0.596281 0.202714 0.0417246 0.0455624 0.0249199
51 0.604857 0.500997 0.0755549 0.116871 0.0246168
51 0.39144 0.311314 0.0869908 0.0681404 0.0245226
51 0.400679 0.270864 0.0557882 0.0357075 0.024332
50 0.518846 0.303511 0.0637994 0.0657687 0.0243027
50 0.548518 0.316594 0.138852 0.180016 0.0240707
43 0.195486 0.0896949 0.384579 0.148401 0.0239061
50 0.587261 0.364484 0.0514077 0.0747695 0.022821
51 0.398148 0.368106 0.078129 0.107542 0.0227554
51 0.636788 0.31395 0.0536221 0.106484 0.0220719
50 0.506597 0.539079 0.126683 0.161983 0.0220715
50 0.63942 0.671894 0.101491 0.112094 0.0199609
51 0.375389 0.322742 0.055729 0.0784762 0.01914
44 0.104417 0.238603 0.206553 0.402816 0.0184867
51 0.34078 0.300756 0.0394938 0.0867317 0.0182239
51 0.904231 0.464815 0.0405243 0.129159 0.0178978
47 0.790365 0.536893 0.111457 0.176903 0.017632
44 0.163653 0.212433 0.327306 0.383983 0.0175928
50 0.606672 0.36511 0.15293 0.131625 0.0174568
50 0.467067 0.257257 0.0816958 0.099642 0.0171423
51 0.349317 0.289366 0.0529824 0.0651125 0.0170988
50 0.700224 0.393302 0.0421961 0.118406 0.0166685
51 0.316163 0.385568 0.0707962 0.129603 0.0165172
51 0.399371 0.28052 0.0646544 0.0557197 0.0161744
51 0.289672 0.337906 0.0643374 0.0603969 0.015942
51 0.315043 0.351796 0.102563 0.190311 0.0158485
50 0.779361 0.386071 0.0637485 0.082032 0.0157449
43 0.847535 0.148229 0.304023 0.286378 0.0155079
50 0.527207 0.53698 0.0888561 0.17124 0.0154341
50 0.569673 0.324901 0.0910037 0.153645 0.0153344
51 0.39231 0.339084 0.0916457 0.152478 0.0151554
50 0.516843 0.603559 0.0544838 0.0321045 0.0150829
51 0.379116 0.311368 0.109776 0.119082 0.0147971
50 0.585915 0.350934 0.0538343 0.102127 0.0146834
50 0.535267 0.299281 0.0768503 0.139801 0.0144846
50 0.458048 0.282378 0.0642587 0.0750898 0.0144702
51 0.365084 0.307581 0.0722821 0.0919218 0.0144698
51 0.643435 0.554476 0.151581 0.173593 0.0140339
51 0.635966 0.153092 0.0996014 0.116126 0.0140335
47 0.850663 0.667442 0.0964458 0.174022 0.0140333
47 0.260417 0.532945 0.10072 0.171323 0.0140058
51 0.399177 0.450061 0.0948383 0.271096 0.0140006
50 0.48938 0.210595 0.0822355 0.162145 0.0139215
51 0.390087 0.290482 0.0847269 0.0775404 0.0138884
42 0.885765 0.0829024 0.227539 0.160108 0.0137632
51 0.328246 0.374126 0.0462028 0.122372 0.0136382
50 0.481695 0.16542 0.0529013 0.0818278 0.0131341
43 0.369146 0.114929 0.732684 0.225322 0.0129704
42 0.369146 0.114929 0.732684 0.225322 0.0128725
50 0.63533 0.683286 0.118016 0.141782 0.0127986
50 0.492015 0.300879 0.0997877 0.0644537 0.0127725
51 0.287069 0.387427 0.0560525 0.0796138 0.0126635
50 0.588607 0.610481 0.222515 0.314294 0.0123881
50 0.550729 0.300341 0.0452203 0.137865 0.0118743
44 0.101128 0.187014 0.201107 0.149414 0.0118686
50 0.450436 0.376072 0.0520972 0.142396 0.0118632
44 0.0703119 0.199764 0.138845 0.122542 0.0118441
51 0.322099 0.366172 0.0533958 0.103856 0.0117704
50 0.841693 0.471684 0.128953 0.130365 0.0116179
44 0.106991 0.283633 0.213983 0.282725 0.0115425
42 0.195486 0.0896949 0.384579 0.148401 0.0115333
51 0.604952 0.206511 0.0600346 0.0524951 0.0113937
51 0.198748 0.564754 0.0272276 0.0930969 0.0113376
51 0.285227 0.341165 0.0564881 0.0361142 0.0112719
50 0.623122 0.338463 0.116949 0.140512 0.0112678
50 0.475688 0.24462 0.0748838 0.0959496 0.0109641
51 0.335517 0.350345 0.0598463 0.185695 0.0109318
50 0.556347 0.235526 0.0557129 0.0704465 0.0109297
42 0.0797033 0.294928 0.158087 0.295287 0.0108719
50 0.683932 0.500709 0.0978108 0.103318 0.0108358
51 0.362686 0.479625 0.107033 0.140192 0.0108086
50 0.509598 0.588032 0.072366 0.0670321 0.0107287
50 0.875932 0.471373 0.0645527 0.126983 0.0106243
51 0.250416 0.721679 0.120128 0.175821 0.0104535
50 0.641014 0.378589 0.062524 0.047333 0.0104261
50 0.511641 0.257493 0.132803 0.261997 0.0102518
50 0.686017 0.428705 0.108107 0.192649 0.0101342
51 0.478579 0.712265 0.0407309 0.079064 0.0101223
50 0.536553 0.348812 0.0644135 0.112027 0.0101109
51 0.716537 0.856483 0.0710834 0.10111 0.010026
50 0.777343 0.596561 0.0338287 0.0563469 0.00996152
51 0.44931 0.196179 0.0589943 0.112782 0.00993681
51 0.611148 0.0887074 0.0488276 0.0469835 0.00992969
50 0.671197 0.569684 0.0962996 0.142925 0.00989887
51 0.618971 0.230893 0.0933784 0.0950462 0.00989184
51 0.498809 0.875694 0.116064 0.134872 0.00977013
50 0.632429 0.656425 0.100642 0.0805217 0.00974831
45 0.224671 0.0937314 0.44304 0.16735 0.00968847
51 0.60849 0.217087 0.067327 0.0733754 0.00966233
69 0.504574 0.499242 0.990852 0.988696 0.00923631
51 0.363376 0.34512 0.150247 0.190197 0.00921819
51 0.259859 0.498648 0.0906751 0.101892 0.00917685
50 0.682747 0.399908 0.109723 0.135814 0.00912493
50 0.448291 0.349699 0.0412296 0.0849079 0.00900009
44 0.0184725 0.223535 0.0355709 0.0434671 0.00898924
50 0.551425 0.255224 0.0431608 0.0606877 0.00897285
51 0.31384 0.394295 0.075495 0.0950383 0.00897259
51 0.798525 0.607074 0.207389 0.332169 0.0088695
50 0.447282 0.367845 0.0415177 0.118087 0.00882107
47 0.372989 0.497465 0.131495 0.178851 0.00871205
51 0.636857 0.178883 0.0903495 0.0706675 0.00871092
50 0.492929 0.179046 0.0760441 0.108746 0.00863525
50 0.407221 0.878835 0.0649734 0.0813432 0.00853357
51 0.519602 0.799582 0.131141 0.0681009 0.00827453
50 0.851722 0.667482 0.0941196 0.174254 0.00819078
51 0.41057 0.32004 0.0470324 0.0524951 0.00806719
50 0.475471 0.155392 0.0408127 0.0611951 0.0079312
50 0.698454 0.414898 0.0365612 0.0663039 0.00785655
51 0.41154 0.145868 0.0506056 0.0487657 0.00775605
42 0.857569 0.10895 0.284542 0.212008 0.00768811
50 0.729835 0.389961 0.102452 0.122669 0.00767207
51 0.710307 0.829732 0.0820267 0.132866 0.00758496
60 0.128801 0.827074 0.25619 0.31945 0.00751203
51 0.505369 0.401787 0.0466798 0.0593859 0.00749394
50 0.871528 0.530765 0.103286 0.233655 0.00738251
50 0.540795 0.517283 0.0567367 0.105391 0.00732473
47 0.373707 0.453143 0.133452 0.267091 0.00730971
51 0.19598 0.558833 0.0345967 0.106962 0.00726801
60 0.37287 0.829614 0.741772 0.321972 0.0071438
50 0.540107 0.621091 0.233621 0.339777 0.00712967
51 0.716712 0.826886 0.0707415 0.10569 0.00712591
44 0.13614 0.0921192 0.267847 0.134707 0.00698423
51 0.359451 0.311666 0.0372925 0.0846787 0.00692376
50 0.638911 0.656314 0.12055 0.173418 0.00686961
51 0.510418 0.854035 0.141637 0.175456 0.00680116
51 0.399936 0.414695 0.081461 0.208923 0.00660804
44 0.279374 0.117093 0.50505 0.233266 0.00654891
51 0.727817 0.686857 0.0598434 0.133141 0.0064137
50 0.789838 0.536306 0.112201 0.176464 0.00638241
50 0.569939 0.412279 0.0848036 0.049186 0.00634727
51 0.33014 0.322899 0.0668119 0.130233 0.00628665
51 0.38937 0.276326 0.0853205 0.0507546 0.00620371
42 0.233374 0.144193 0.465823 0.26761 0.00613618
44 0.018486 0.242102 0.0353917 0.0872761 0.00613073
50 0.636898 0.387748 0.210976 0.132987 0.00611809
50 0.63798 0.391394 0.0746946 0.0737981 0.00610524
50 0.500889 0.578661 0.0874106 0.0874896 0.0060547
51 0.389792 0.307497 0.0965325 0.099551 0.00604126
51 0.569817 0.412659 0.0805407 0.0420186 0.00602549
50 0.550672 0.267819 0.040452 0.0755681 0.00592887
42 0.899452 0.0645749 0.199866 0.123112 0.00590247
51 0.632303 0.289156 0.0905439 0.159071 0.00588259
50 0.630704 0.446986 0.232801 0.242842 0.00588235
50 0.643434 0.401779 0.0775045 0.10233 0.00579709
42 0.23973 0.220716 0.476779 0.423597 0.00576887
50 0.379948 0.449824 0.14919 0.279737 0.00568169
50 0.498483 0.51823 0.14533 0.205704 0.00550213
60 0.50954 0.0889066 0.980921 0.172359 0.00535133
51 0.504896 0.798254 0.0890436 0.0703569 0.0053094
51 0.331817 0.375604 0.0931074 0.146663 0.00526428
51 0.747745 0.682519 0.0990354 0.151369 0.0052118
50 0.580384 0.390806 0.101388 0.095462 0.00515136
50 0.522123 0.337874 0.0701912 0.113782 0.00512516
51 0.642239 0.288627 0.0678177 0.148025 0.00510406
51 0.358386 0.688812 0.0378654 0.0596185 0.00501174
50 0.832138 0.526272 0.172742 0.24662 0.00498626
51 0.365618 0.317077 0.0444852 0.0787768 0.0049682
51 0.631874 0.25493 0.112368 0.0932819 0.00493807
43 0.229468 0.126121 0.458936 0.248759 0.00493148
50 0.493926 0.326227 0.102676 0.112028 0.00490195
50 0.595015 0.270704 0.0485779 0.0379938 0.00486183
50 0.641511 0.62672 0.159593 0.265611 0.00481701
51 0.852203 0.547931 0.0369137 0.0769959 0.00471091
51 0.344659 0.319001 0.0670325 0.121685 0.00466412
50 0.660178 0.466085 0.0634976 0.0744546 0.00465292
51 0.367616 0.356159 0.0422965 0.0771744 0.0046522
51 0.493594 0.453511 0.0447276 0.0461103 0.00463605
50 0.635976 0.155828 0.0932596 0.109321 0.00461179
51 0.299888 0.327967 0.0401826 0.0456712 0.0045439
50 0.408484 0.398232 0.0971106 0.173449 0.0045158
50 0.531852 0.365733 0.047537 0.0763071 0.00450665
51 0.4245 0.180423 0.0959348 0.116409 0.00445458
51 0.891953 0.585576 0.0636658 0.100369 0.00443125
50 0.562999 0.543238 0.16519 0.186573 0.00443125
51 0.216267 0.583195 0.0181017 0.080554 0.00441307
50 0.391351 0.686382 0.064825 0.0814 0.00440642
50 0.517491 0.596875 0.0568998 0.044665 0.00437343
50 0.402189 0.367508 0.0813261 0.106453 0.00436088
50 0.642207 0.551511 0.1548 0.21487 0.00435808
50 0.422492 0.194976 0.113016 0.141978 0.00434971
51 0.903353 0.44875 0.0401812 0.0929988 0.00432146
50 0.381584 0.660702 0.0843694 0.144095 0.00431472
51 0.907675 0.486009 0.0372555 0.0928026 0.00426471
51 0.744941 0.336456 0.0405897 0.065595 0.00425196
50 0.782341 0.370552 0.0708493 0.115037 0.00424594
50 0.439961 0.386705 0.0565962 0.150492 0.00424492
51 0.339106 0.357291 0.101108 0.186609 0.00419939
50 0.603178 0.638918 0.189744 0.248733 0.00416929
51 0.361722 0.421746 0.172501 0.322797 0.00416142
60 0.521257 0.15195 0.956817 0.299193 0.00408807
44 0.805117 0.0853655 0.38529 0.165453 0.00405946
51 0.415328 0.21323 0.097958 0.0928545 0.00404269
51 0.466136 0.860062 0.0440918 0.0815862 0.00401413
50 0.497996 0.465639 0.14954 0.310573 0.00400719
51 0.512657 0.197453 0.0419197 0.0752874 0.00399294
47 0.760539 0.692996 0.124652 0.173997 0.00394797
50 0.624875 0.415884 0.0332098 0.0410007 0.00394049
51 0.195614 0.540208 0.0358181 0.0750267 0.00393826
50 0.399177 0.450061 0.0948383 0.271096 0.00392303
51 0.20315 0.662524 0.105502 0.0764759 0.00389609
50 0.601677 0.385986 0.139598 0.131566 0.00389567
51 0.840314 0.453743 0.126003 0.0984868 0.00389007
50 0.441458 0.357428 0.0378349 0.0885927 0.00388518
50 0.58718 0.419709 0.111069 0.0582432 0.003856
50 0.451679 0.28974 0.0434639 0.0492616 0.00384083
51 0.408017 0.340147 0.0464674 0.054161 0.00383621
51 0.453251 0.183269 0.0492257 0.0993491 0.00381881
51 0.318366 0.334674 0.0533912 0.0479345 0.00380877
50 0.553993 0.345335 0.0747921 0.122033 0.00379103
51 0.509614 0.182292 0.0476408 0.100973 0.00370422
50 0.541046 0.251177 0.0542185 0.0565938 0.00364694
51 0.763977 0.42735 0.0319452 0.0415312 0.00360721
51 0.642287 0.332662 0.0694927 0.147081 0.00359035
51 0.744769 0.630338 0.0836294 0.0539236 0.00355256
50 0.683444 0.393775 0.0861994 0.114795 0.00351509
42 0.842981 0.150257 0.312409 0.290734 0.00351337
50 0.45987 0.382141 0.0569263 0.117364 0.00351191
43 0.199825 0.0644411 0.392867 0.120834 0.00350827
43 0.805117 0.0853655 0.38529 0.165453 0.00343901
51 0.75416 0.549922 0.051235 0.105763 0.00343174
45 0.25047 0.217264 0.500939 0.414967 0.00341129
50 0.453661 0.386249 0.0386127 0.109616 0.00341031
51 0.469067 0.873632 0.0511237 0.114096 0.0034042
42 0.144267 0.0392904 0.27261 0.0717518 0.00338215
44 0.744903 0.0945391 0.508417 0.182607 0.00337932
44 0.59365 0.0379445 0.284474 0.0758889 0.00337225
50 0.55027 0.51972 0.0415925 0.100331 0.00337183
44 0.307855 0.0782908 0.427904 0.154374 0.00335863
50 0.545345 0.705057 0.0943845 0.142709 0.00333422
0 0.90656 0.0586404 0.185112 0.115556 0.00331035
51 0.210664 0.573831 0.0237655 0.096164 0.00328863
52 0.628936 0.838837 0.13866 0.204342 0.00327542
50 0.767606 0.396717 0.047224 0.0925006 0.00325426
51 0.634005 0.238288 0.11222 0.0622752 0.00325313
51 0.641192 0.272295 0.138465 0.178708 0.00323698
51 0.400343 0.21216 0.067315 0.0885363 0.0031983
50 0.483453 0.289243 0.110816 0.0874125 0.00319117
51 0.595015 0.270704 0.0485779 0.0379938 0.00318617
