28 0.837034 0.766414 0.323572 0.345996 0.941171
0 0.314961 0.663572 0.30105 0.539277 0.880356
0 0.493308 0.534415 0.345964 0.882338 0.862655
28 0.837006 0.6409 0.321931 0.0961846 0.0266562
60 0.533707 0.937419 0.932585 0.116539 0.0263426
60 0.543663 0.962493 0.901809 0.0640572 0.0220848
41 0.486439 0.483348 0.0359089 0.0439701 0.0209813
13 0.543663 0.962493 0.901809 0.0640572 0.0141119
28 0.845865 0.781725 0.303286 0.183904 0.0111715
41 0.495479 0.482107 0.0597082 0.043453 0.0082373
59 0.532604 0.936067 0.934792 0.11944 0.00625926
24 0.573747 0.28462 0.175333 0.287983 0.00573555
28 0.91112 0.636332 0.17088 0.0868822 0.00561306
56 0.543663 0.962493 0.901809 0.0640572 0.00464824
13 0.533707 0.937419 0.932585 0.116539 0.00456941
24 0.532781 0.288114 0.252717 0.298731 0.00450391
56 0.533658 0.935238 0.932683 0.119365 0.00428283
37 0.532998 0.936533 0.934004 0.120677 0.00351998
26 0.837381 0.76661 0.321365 0.346648 0.00334778
24 0.557581 0.228164 0.182876 0.181432 0.0031397
26 0.573747 0.28462 0.175333 0.287983 0.00260946
65 0.486761 0.484322 0.0384529 0.0457627 0.00256532
60 0.627448 0.958837 0.745104 0.0540417 0.00246459
71 0.531411 0.957689 0.931105 0.0726685 0.00241977
56 0.359269 0.935617 0.589162 0.124038 0.00238386
72 0.100821 0.484137 0.201643 0.959367 0.00225738
40 0.486439 0.483348 0.0359089 0.0439701 0.0022063
24 0.608622 0.296199 0.114589 0.29065 0.00205266
71 0.533707 0.937419 0.932585 0.116539 0.0020304
59 0.526455 0.963107 0.94709 0.0612301 0.00188437
57 0.543663 0.962493 0.901809 0.0640572 0.00178126
26 0.608622 0.296199 0.114589 0.29065 0.00172359
24 0.535777 0.199182 0.168355 0.120938 0.00171003
39 0.484924 0.482153 0.0366374 0.0459507 0.00164893
56 0.114153 0.938038 0.0958525 0.123924 0.00159633
31 0.533707 0.937419 0.932585 0.116539 0.00156984
57 0.532604 0.936067 0.934792 0.11944 0.00156844
56 0.118275 0.919588 0.106645 0.15584 0.00142241
24 0.487741 0.267797 0.326475 0.288608 0.00140962
73 0.419046 0.920866 0.118663 0.0272354 0.00137776
65 0.495605 0.483055 0.0598555 0.0457352 0.00131413
60 0.637346 0.947092 0.725307 0.0332972 0.00130081
13 0.359269 0.935617 0.589162 0.124038 0.00126055
0 0.215563 0.771689 0.109544 0.315138 0.00125894
70 0.837748 0.766542 0.323459 0.345441 0.00119534
72 0.532604 0.936067 0.934792 0.11944 0.00116658
60 0.624456 0.969754 0.751089 0.0582239 0.00115857
24 0.54456 0.221018 0.178677 0.137524 0.00113785
26 0.530727 0.305466 0.259603 0.338671 0.00109601
13 0.532813 0.855835 0.934374 0.268374 0.00100642
55 0.419046 0.920866 0.118663 0.0272354 0.00100073
