77 0.485114 0.52616 0.964618 0.931918 0.957973
0 0.712533 0.495132 0.574934 0.980705 0.842255
56 0.86213 0.373835 0.272894 0.46584 0.283363
0 0.662602 0.266918 0.463958 0.520703 0.0564547
57 0.863124 0.270145 0.272281 0.260549 0.0518283
0 0.501447 0.494093 0.990243 0.972307 0.0396486
56 0.75772 0.364321 0.484559 0.448498 0.0350609
56 0.86373 0.27223 0.27168 0.26417 0.0325829
56 0.861576 0.475138 0.276536 0.668018 0.0308626
57 0.863167 0.369376 0.271625 0.457716 0.020967
59 0.862497 0.366176 0.273598 0.450847 0.0167246
59 0.863124 0.270145 0.272281 0.260549 0.0119717
13 0.862497 0.366176 0.273598 0.450847 0.00982291
57 0.75772 0.364321 0.484559 0.448498 0.00734657
16 0.486891 0.523374 0.973782 0.933504 0.00513336
56 0.321831 0.0570938 0.213385 0.11252 0.00508687
62 0.863824 0.273041 0.272351 0.261801 0.0037356
56 0.941693 0.51775 0.115967 0.17976 0.00363421
13 0.941693 0.51775 0.115967 0.17976 0.00312033
57 0.863033 0.27867 0.254329 0.170653 0.00305289
13 0.861576 0.475138 0.276536 0.668018 0.0029898
56 0.716616 0.507488 0.566768 0.951012 0.00293526
13 0.75772 0.364321 0.484559 0.448498 0.00250193
13 0.863824 0.273041 0.272351 0.261801 0.00246027
59 0.75772 0.364321 0.484559 0.448498 0.00239855
56 0.826352 0.563316 0.347296 0.806277 0.00191569
73 0.94217 0.41661 0.0977132 0.0584171 0.0018273
21 0.486891 0.523374 0.973782 0.933504 0.00152281
72 0.870488 0.0742814 0.254443 0.146663 0.00145313
56 0.863689 0.285964 0.263817 0.189975 0.00131425
56 0.94103 0.591937 0.116246 0.330782 0.00124845
0 0.77837 0.804301 0.439736 0.357156 0.00122961
57 0.486891 0.523374 0.973782 0.933504 0.00119022
0 0.865109 0.765877 0.268285 0.239657 0.00113115
60 0.942017 0.496335 0.115378 0.140642 0.00112614
56 0.486891 0.523374 0.973782 0.933504 0.00109208
57 0.855766 0.509291 0.288469 0.737375 0.00108612
56 0.936243 0.47022 0.126751 0.274117 0.0010573
56 0.868405 0.172713 0.262512 0.0680341 0.00103101
73 0.968926 0.07021 0.062147 0.127531 0.00101495
