54 0.849023 0.790955 0.208508 0.30345 0.900859
54 0.631036 0.818581 0.26318 0.258241 0.894239
54 0.842162 0.529371 0.192199 0.24322 0.894142
54 0.831682 0.316922 0.191776 0.211956 0.890033
54 0.390119 0.842483 0.256507 0.190001 0.869443
54 0.388884 0.406758 0.218532 0.21869 0.83363
54 0.176725 0.795414 0.249346 0.255005 0.773759
54 0.408415 0.668066 0.225709 0.21381 0.766654
54 0.186497 0.434128 0.184032 0.192962 0.745322
54 0.382272 0.56018 0.239161 0.210737 0.74376
54 0.175411 0.305726 0.197053 0.177409 0.707711
54 0.15232 0.550299 0.191396 0.157441 0.598382
54 0.179071 0.650262 0.235068 0.16299 0.527297
54 0.19684 0.20381 0.169063 0.145541 0.462682
54 0.37499 0.197084 0.203688 0.212423 0.46235
54 0.550533 0.518157 0.137534 0.389586 0.454466
54 0.386161 0.314446 0.237242 0.160802 0.324996
60 0.504773 0.520202 0.984697 0.959596 0.221294
54 0.679683 0.454134 0.146598 0.491566 0.209359
54 0.52278 0.27237 0.0991724 0.122289 0.0403462
54 0.398608 0.287228 0.209868 0.106199 0.0208128
54 0.381637 0.241713 0.235435 0.299344 0.0200991
60 0.0254236 0.323347 0.0506415 0.31171 0.0200187
60 0.492532 0.0970109 0.975397 0.158362 0.019807
48 0.679712 0.454071 0.145682 0.48973 0.0192439
60 0.517506 0.153866 0.95817 0.242215 0.0129592
60 0.499184 0.0759475 0.973984 0.0748138 0.00895959
55 0.842196 0.529783 0.191505 0.243102 0.0082958
45 0.500447 0.519583 0.990359 0.960835 0.00826365
55 0.630857 0.818191 0.263025 0.258738 0.00676677
60 0.324885 0.0926994 0.645542 0.174164 0.0058634
60 0.572699 0.187831 0.854602 0.348733 0.0050841
55 0.67925 0.453388 0.14628 0.490236 0.0050768
55 0.831821 0.316479 0.191744 0.21244 0.00352338
56 0.951463 0.0560545 0.0968887 0.109982 0.00342679
55 0.498654 0.512818 0.983535 0.935855 0.00330338
52 0.67925 0.453388 0.14628 0.490236 0.00280547
60 0.507657 0.250034 0.960203 0.420319 0.00268394
55 0.40863 0.668089 0.225943 0.214312 0.00259709
55 0.849199 0.790867 0.208254 0.30319 0.00239757
55 0.390651 0.841658 0.256759 0.190372 0.00235352
55 0.523494 0.271419 0.0984596 0.120491 0.00213456
55 0.185486 0.434257 0.185658 0.19313 0.00164679
54 0.179564 0.738724 0.247375 0.344724 0.00163513
55 0.15214 0.550211 0.191523 0.157326 0.00158685
55 0.550826 0.51734 0.137172 0.390929 0.00153053
60 0.744776 0.18654 0.509607 0.365549 0.00136435
60 0.231778 0.0927224 0.462052 0.183148 0.00131929
60 0.950797 0.158167 0.098196 0.315728 0.00129449
54 0.188235 0.370033 0.196764 0.318825 0.00125119
56 0.0254238 0.322315 0.0504153 0.312724 0.00115675
