74 0.761101 0.191995 0.353267 0.378052 0.908956
74 0.765922 0.227339 0.236568 0.250289 0.118015
75 0.236172 0.77479 0.376726 0.435043 0.068529
60 0.496438 0.865101 0.983187 0.253517 0.0120693
74 0.782906 0.221224 0.306571 0.292319 0.00863314
55 0.688457 0.498939 0.530286 0.976069 0.00518513
41 0.235821 0.773887 0.376276 0.435525 0.00499523
60 0.269035 0.86658 0.525179 0.250211 0.00411013
60 0.505343 0.512989 0.939465 0.956073 0.00262573
56 0.714315 0.668068 0.518641 0.644177 0.00245631
14 0.706542 0.664526 0.500344 0.636468 0.00232038
14 0.605771 0.611517 0.190432 0.514927 0.00206658
58 0.235821 0.773887 0.376276 0.435525 0.00164187
75 0.712423 0.669162 0.513598 0.64376 0.00151137
74 0.694179 0.492866 0.507042 0.961255 0.00151044
45 0.235821 0.773887 0.376276 0.435525 0.00143111
56 0.236088 0.774792 0.376898 0.43439 0.00129598
74 0.235821 0.773887 0.376276 0.435525 0.00121683
61 0.235821 0.773887 0.376276 0.435525 0.00118306
40 0.236393 0.775315 0.376919 0.433874 0.00105214
