8 0.49247 0.630126 0.722204 0.133358 0.713127
8 0.679631 0.596205 0.470922 0.0816679 0.594785
8 0.721409 0.575464 0.224946 0.0342638 0.329556
8 0.775272 0.577595 0.326856 0.0496441 0.165831
8 0.674256 0.555091 0.456516 0.164088 0.118482
8 0.788323 0.569189 0.352724 0.0637783 0.103767
8 0.495528 0.586573 0.732353 0.220127 0.103285
8 0.724886 0.535664 0.221175 0.115454 0.0842318
8 0.776171 0.538728 0.327047 0.119633 0.0519758
8 0.723738 0.584163 0.230515 0.0344106 0.050921
8 0.921477 0.564455 0.0999383 0.0753309 0.0408012
8 0.730289 0.591937 0.246958 0.0187944 0.039979
8 0.722979 0.569405 0.241958 0.0253295 0.0371374
8 0.719668 0.579078 0.248405 0.0224755 0.033824
8 0.874246 0.568279 0.185269 0.0662104 0.0276204
8 0.928837 0.567276 0.0980091 0.0602106 0.0254985
8 0.522424 0.557172 0.14942 0.166214 0.0233958
8 0.919318 0.574741 0.0902438 0.0429934 0.0219449
8 0.727067 0.565044 0.23005 0.0379621 0.0205391
8 0.917957 0.484246 0.0375283 0.00872946 0.0188989
8 0.739965 0.531382 0.170483 0.104757 0.0179709
8 0.947171 0.573712 0.062951 0.0471935 0.0170633
8 0.909939 0.571442 0.11475 0.0653885 0.0161505
8 0.889497 0.567342 0.154579 0.0819541 0.0155134
8 0.844025 0.565 0.246399 0.0863527 0.0142491
8 0.773249 0.583667 0.296017 0.0251983 0.0135379
8 0.797607 0.571962 0.31321 0.0221214 0.0125568
8 0.815994 0.578947 0.299164 0.0367521 0.010997
8 0.980914 0.533737 0.0360056 0.0896246 0.0108132
8 0.797349 0.493752 0.336153 0.319731 0.0107139
8 0.747854 0.570672 0.23716 0.0178893 0.010623
8 0.95524 0.613736 0.0599703 0.0300004 0.00947613
8 0.684705 0.529802 0.110528 0.104368 0.00943223
8 0.880443 0.577918 0.171627 0.0485755 0.00925219
8 0.756752 0.467153 0.273441 0.261285 0.00830621
8 0.948793 0.58245 0.0543477 0.0313883 0.00801805
8 0.483581 0.551769 0.0805545 0.157347 0.00762922
8 0.560947 0.544909 0.0691028 0.0890948 0.00748646
8 0.496858 0.552966 0.0725257 0.157356 0.00739536
8 0.704176 0.527184 0.0601471 0.0979363 0.00737581
8 0.856781 0.578984 0.213001 0.0401836 0.00725079
8 0.707816 0.486314 0.500264 0.319512 0.00677678
8 0.73591 0.588981 0.288855 0.0206424 0.00660309
8 0.683979 0.592852 0.372599 0.0332103 0.00648722
8 0.731991 0.550715 0.221527 0.065675 0.00639415
8 0.529567 0.536596 0.128575 0.12625 0.00621787
8 0.809516 0.553046 0.319491 0.0966326 0.00620377
8 0.873065 0.577128 0.21156 0.49197 0.00619495
8 0.754186 0.508137 0.276363 0.168657 0.00617844
8 0.916993 0.61973 0.137164 0.0514713 0.00604486
8 0.120863 0.482849 0.0195663 0.00909281 0.00585565
8 0.868767 0.499253 0.199576 0.326862 0.00517538
8 0.956921 0.577899 0.0731899 0.0283495 0.00499573
8 0.887388 0.55186 0.135984 0.114246 0.00456691
8 0.806973 0.538484 0.281195 0.101408 0.00440636
8 0.90942 0.714405 0.154414 0.033773 0.00437382
8 0.986143 0.580358 0.027714 0.0138481 0.00434142
8 0.802212 0.469248 0.149871 0.261749 0.00419846
8 0.500845 0.543904 0.113491 0.140479 0.00411665
8 0.905014 0.581656 0.10732 0.0532387 0.00402331
8 0.710981 0.586679 0.231482 0.0260174 0.00401473
8 0.775379 0.540447 0.249225 0.0835167 0.00399673
8 0.501064 0.537517 0.0490244 0.126451 0.00382751
8 0.912166 0.674556 0.149158 0.29545 0.00378913
8 0.832119 0.467456 0.0905074 0.260053 0.00366735
8 0.919414 0.551654 0.0773973 0.0593122 0.00360465
8 0.947184 0.544266 0.102555 0.107802 0.00358877
8 0.873929 0.478338 0.183159 0.242257 0.00348657
8 0.762567 0.563755 0.250995 0.0331699 0.00345844
8 0.977171 0.540062 0.0456576 0.0983011 0.00344661
8 0.704468 0.572886 0.183696 0.028384 0.00333411
8 0.296844 0.567822 0.0422296 0.167633 0.00309992
8 0.987176 0.530938 0.0256484 0.0915086 0.00303262
8 0.893299 0.638949 0.182484 0.372396 0.00301626
8 0.546294 0.590106 0.204176 0.0687954 0.0029946
8 0.917313 0.548927 0.0684227 0.0389177 0.00294799
8 0.464285 0.53405 0.0402837 0.128057 0.00287828
8 0.791458 0.55573 0.280624 0.0522453 0.00270227
8 0.468589 0.560057 0.0619552 0.175648 0.00256339
8 0.126425 0.483271 0.0303487 0.00882168 0.00255105
8 0.867082 0.59795 0.123096 0.0476131 0.00251868
8 0.797124 0.527817 0.205128 0.122088 0.00234374
8 0.715322 0.612956 0.357763 0.0375738 0.00233057
8 0.792794 0.587104 0.245747 0.0228722 0.00232273
8 0.879255 0.543625 0.184303 0.112329 0.002307
8 0.863387 0.584241 0.157272 0.0377861 0.00226867
8 0.722833 0.605598 0.310715 0.030584 0.00224251
8 0.892488 0.621489 0.104212 0.0522758 0.00215656
8 0.829585 0.508317 0.0948882 0.199104 0.00207108
8 0.647681 0.608798 0.415918 0.0422972 0.0020287
8 0.612264 0.602464 0.358761 0.0388988 0.00197336
8 0.710388 0.598568 0.342755 0.0211367 0.00193247
8 0.655675 0.599311 0.398005 0.0336937 0.00190544
8 0.87176 0.608964 0.133965 0.055477 0.00188839
8 0.55433 0.573122 0.214904 0.111944 0.00188187
8 0.827324 0.608994 0.200166 0.0496831 0.00183588
0 0.917381 0.54742 0.0654813 0.0335571 0.00172624
8 0.970997 0.566395 0.029685 0.0290716 0.00170046
8 0.806423 0.601636 0.239499 0.046428 0.00166127
8 0.928595 0.602128 0.109528 0.0596832 0.00165641
8 0.952066 0.617831 0.0710048 0.0349041 0.00160375
8 0.987913 0.567506 0.0241742 0.0227125 0.00158647
8 0.698913 0.521734 0.0418271 0.0884106 0.00157428
8 0.755313 0.606117 0.278771 0.036442 0.00156435
8 0.83387 0.617837 0.205735 0.0652038 0.00154966
8 0.849082 0.542618 0.0530673 0.107372 0.00153941
8 0.582817 0.622587 0.316886 0.0432296 0.00152951
0 0.398773 0.643365 0.0303439 0.0205137 0.0015291
8 0.489082 0.577984 0.0912709 0.0567564 0.00152904
8 0.787627 0.415422 0.154648 0.384785 0.00152752
37 0.494453 0.632678 0.72875 0.125629 0.00152603
0 0.138484 0.558449 0.0202033 0.0174988 0.00143445
8 0.646876 0.585427 0.101362 0.0279636 0.00142741
8 0.669694 0.584178 0.144206 0.0286886 0.00139919
8 0.651423 0.658154 0.409258 0.073558 0.00139898
8 0.586093 0.588409 0.280062 0.0610029 0.00137603
4 0.494453 0.632678 0.72875 0.125629 0.00135419
0 0.891268 0.536991 0.0189778 0.0181187 0.00133032
8 0.91639 0.59174 0.136824 0.117354 0.00132951
8 0.796789 0.593978 0.364325 0.457493 0.00131357
8 0.465803 0.523956 0.0325408 0.105663 0.001297
8 0.847546 0.534682 0.0385788 0.0907991 0.00126314
8 0.71565 0.54493 0.0237584 0.0420486 0.00125286
8 0.908526 0.702754 0.158449 0.0567019 0.0012356
8 0.290886 0.564981 0.0370685 0.156583 0.00123179
8 0.652508 0.539583 0.405689 0.128134 0.0012261
8 0.597216 0.596528 0.307818 0.0509918 0.00121132
8 0.712629 0.56725 0.171768 0.0276577 0.00121057
8 0.319502 0.665688 0.247444 0.050774 0.0010913
8 0.907297 0.677493 0.1585 0.106836 0.0010795
8 0.895114 0.589959 0.065722 0.0404789 0.00103027
