0 0.125678 0.701655 0.145049 0.362195 0.930468
0 0.365657 0.679494 0.157846 0.321858 0.925953
0 0.272821 0.73846 0.199246 0.279602 0.908043
0 0.88647 0.592835 0.0708668 0.123955 0.880523
0 0.346171 0.575989 0.0354688 0.167756 0.761243
32 0.680611 0.632225 0.0115799 0.0178565 0.729166
35 0.358335 0.703819 0.0352058 0.0491183 0.71724
34 0.379624 0.614286 0.0944345 0.104626 0.597818
32 0.697745 0.655451 0.0261749 0.0184762 0.104506
0 0.353741 0.461623 0.00888996 0.0215069 0.0808028
34 0.359852 0.591207 0.0546774 0.0645393 0.0785605
35 0.888672 0.624755 0.0130085 0.0402309 0.075725
0 0.352623 0.459731 0.00899067 0.0212771 0.0652903
35 0.88255 0.588761 0.0168571 0.0269787 0.0434541
0 0.341301 0.460075 0.00809402 0.0212622 0.0277588
32 0.144813 0.462552 0.0359831 0.0310313 0.0249125
35 0.353627 0.704732 0.0311135 0.0388353 0.0196515
0 0.882893 0.602578 0.0248009 0.0978409 0.0156346
35 0.870354 0.606987 0.0244905 0.0210991 0.0134048
32 0.429183 0.658585 0.0106712 0.0211239 0.0104517
35 0.882428 0.578286 0.0245413 0.0404232 0.00900617
29 0.143536 0.463009 0.0389235 0.0314257 0.0082224
32 0.428336 0.655874 0.0123155 0.0229522 0.0080395
34 0.401065 0.631544 0.0586848 0.0748838 0.00765643
34 0.397406 0.618824 0.0623126 0.0966479 0.00764897
0 0.885854 0.624866 0.0159353 0.0497358 0.00751433
35 0.357901 0.694775 0.0387009 0.0672186 0.00610352
35 0.428336 0.655874 0.0123155 0.0229522 0.0060977
35 0.36355 0.701946 0.0443642 0.0541066 0.00575793
35 0.883827 0.64057 0.0179642 0.0293614 0.00568652
0 0.346244 0.539903 0.0333193 0.0954434 0.00494322
34 0.641178 0.65427 0.129632 0.0265407 0.00451708
18 0.144377 0.4626 0.0372161 0.031484 0.00427729
32 0.6819 0.639022 0.0130545 0.0309848 0.00381729
35 0.422095 0.655309 0.0233141 0.0284992 0.00357056
35 0.911616 0.629111 0.021423 0.0442956 0.00324687
35 0.429183 0.658585 0.0106712 0.0211239 0.00299007
35 0.890432 0.577516 0.0194256 0.0417017 0.00297925
0 0.347125 0.539355 0.0292366 0.0632677 0.00287554
29 0.443247 0.850033 0.0680634 0.0226212 0.00276017
35 0.885854 0.624866 0.0159353 0.0497358 0.00274158
35 0.882893 0.602578 0.0248009 0.0978409 0.00254107
0 0.907288 0.621851 0.0256557 0.0620189 0.00250822
34 0.409491 0.648383 0.0425049 0.0406909 0.00234386
35 0.905797 0.61806 0.0259201 0.0605198 0.00234047
34 0.349036 0.601706 0.0373186 0.114134 0.00217682
0 0.883827 0.64057 0.0179642 0.0293614 0.00217456
35 0.409491 0.648383 0.0425049 0.0406909 0.00217316
34 0.905797 0.61806 0.0259201 0.0605198 0.00213856
35 0.875909 0.592066 0.0295345 0.0315143 0.00205418
35 0.914013 0.633966 0.0157387 0.0373909 0.00193056
0 0.389562 0.5932 0.0775428 0.147447 0.00187612
18 0.0624838 0.507401 0.0256418 0.0123001 0.00175655
34 0.409325 0.641561 0.0494946 0.0579278 0.0017336
35 0.364737 0.640869 0.0537185 0.175036 0.00172284
35 0.86678 0.62515 0.0304487 0.0528384 0.00169554
0 0.872428 0.625415 0.0349476 0.0552347 0.00166604
34 0.911616 0.629111 0.021423 0.0442956 0.00161457
32 0.688717 0.629489 0.0209614 0.014271 0.00159222
34 0.697745 0.655451 0.0261749 0.0184762 0.00153318
34 0.347564 0.576501 0.0365026 0.1699 0.00148553
32 0.353627 0.704732 0.0311135 0.0388353 0.00146899
34 0.628189 0.658174 0.107657 0.0264115 0.00146547
35 0.355253 0.682438 0.0459117 0.0956331 0.00143978
35 0.864004 0.629669 0.0257156 0.0463473 0.00139061
35 0.34759 0.535283 0.031367 0.0812255 0.00136334
38 0.377143 0.613798 0.0879852 0.10308 0.00127888
34 0.888672 0.624755 0.0130085 0.0402309 0.00126967
35 0.859562 0.641264 0.0162041 0.023712 0.00114176
34 0.723137 0.637978 0.0551003 0.0417238 0.00107238
14 0.143536 0.463009 0.0389235 0.0314257 0.00105628
35 0.346199 0.576246 0.0344172 0.168353 0.00102484
34 0.353627 0.704732 0.0311135 0.0388353 0.00101921
35 0.358404 0.591254 0.0536559 0.0716616 0.00101897
32 0.0624838 0.507401 0.0256418 0.0123001 0.00101501
