0 0.725221 0.558835 0.389936 0.857082 0.931161
0 0.244345 0.494059 0.340936 0.71739 0.923015
0 0.470515 0.57529 0.3157 0.776257 0.910121
67 0.705968 0.595913 0.0549683 0.0409183 0.737567
73 0.452431 0.487525 0.131524 0.0780345 0.709628
13 0.465964 0.515619 0.925635 0.612101 0.587335
24 0.111134 0.434971 0.171006 0.140445 0.3878
13 0.158543 0.447355 0.313138 0.472245 0.364327
27 0.733003 0.404904 0.0269344 0.0852628 0.265886
26 0.141674 0.378739 0.137352 0.115381 0.258413
24 0.118401 0.413029 0.186561 0.183135 0.252052
58 0.951564 0.467903 0.0899387 0.286453 0.237066
24 0.143753 0.378707 0.139159 0.116139 0.236601
27 0.517951 0.392912 0.0197777 0.0812503 0.236514
27 0.72079 0.46797 0.0571201 0.212602 0.197932
27 0.731259 0.394912 0.0223251 0.0654385 0.197381
27 0.512902 0.409313 0.0295926 0.114914 0.182364
2 0.8887 0.330928 0.0512909 0.0299989 0.153311
73 0.473818 0.507388 0.087227 0.0369234 0.0896574
26 0.119125 0.41232 0.187084 0.183318 0.0833705
73 0.428759 0.476493 0.0858023 0.0576373 0.0573308
27 0.731386 0.46585 0.0361128 0.209023 0.0478923
26 0.112421 0.435197 0.172503 0.141133 0.0468521
13 0.50867 0.652256 0.77611 0.355171 0.038471
13 0.10672 0.430326 0.208572 0.44007 0.0339487
27 0.728568 0.418085 0.0395066 0.113324 0.0299459
2 0.90227 0.329405 0.0777634 0.0385132 0.0185937
67 0.680646 0.313032 0.0184972 0.0202061 0.0184391
13 0.333309 0.556839 0.639425 0.679671 0.0180689
73 0.705718 0.595768 0.0544598 0.0408535 0.0177709
0 0.119244 0.178407 0.00842271 0.0204965 0.015238
0 0.135159 0.181826 0.0111053 0.0239437 0.0144183
65 0.705771 0.59537 0.0541077 0.0401023 0.0137823
27 0.725603 0.442522 0.047845 0.161923 0.0128362
29 0.266977 0.377796 0.119789 0.190322 0.0121222
13 0.51853 0.555609 0.741995 0.499408 0.0115869
13 0.1728 0.561288 0.34095 0.215017 0.010913
13 0.110271 0.334579 0.215401 0.249145 0.00997892
13 0.592131 0.593652 0.625144 0.476683 0.0099625
13 0.780166 0.743138 0.281677 0.192432 0.00992626
73 0.466026 0.512148 0.100017 0.0365686 0.00978899
13 0.679089 0.738341 0.305825 0.201829 0.00951943
28 0.113012 0.434588 0.173078 0.14343 0.00942087
2 0.975707 0.185119 0.0419994 0.0560031 0.00931451
13 0.697355 0.690229 0.408267 0.340018 0.00797403
2 0.0398849 0.147226 0.0380845 0.0466269 0.00785071
13 0.736026 0.742176 0.186322 0.182994 0.00703317
73 0.463905 0.518592 0.0936347 0.0251833 0.00656492
2 0.883533 0.326316 0.0661253 0.0363462 0.0064871
26 0.71724 0.46431 0.0623961 0.232884 0.00628737
13 0.191244 0.587196 0.24765 0.189779 0.0061647
13 0.381847 0.443969 0.75672 0.484345 0.00606501
24 0.271124 0.398098 0.112751 0.233307 0.00597689
2 0.513989 0.322497 0.22266 0.0780292 0.00552514
28 0.142859 0.379365 0.139136 0.117667 0.00551724
45 0.266977 0.377796 0.119789 0.190322 0.00545615
0 0.125016 0.16794 0.020669 0.0433728 0.00526094
13 0.0839056 0.53794 0.162484 0.161654 0.00473058
2 0.975194 0.173139 0.043844 0.0803591 0.00441954
24 0.0671919 0.422529 0.0823384 0.110874 0.00432485
13 0.460848 0.621801 0.912039 0.504926 0.00427136
13 0.706832 0.630654 0.40618 0.622713 0.00382572
13 0.25829 0.599667 0.111281 0.144439 0.00376725
7 0.0827817 0.151891 0.125009 0.073909 0.00367996
26 0.271124 0.398098 0.112751 0.233307 0.00359789
39 0.705718 0.595768 0.0544598 0.0408535 0.00323009
2 0.0593251 0.14883 0.0781061 0.0584867 0.00315282
27 0.502191 0.419904 0.0518463 0.145908 0.00295973
26 0.116437 0.457672 0.153187 0.0950299 0.00293323
0 0.667026 0.27386 0.0331121 0.0507459 0.00291881
27 0.70938 0.395678 0.0732124 0.071144 0.00290462
13 0.561856 0.676042 0.0813766 0.142047 0.00285298
41 0.705498 0.59547 0.0548489 0.0408324 0.00273621
2 0.0837396 0.150883 0.126941 0.0719016 0.00266996
24 0.116437 0.457672 0.153187 0.0950299 0.00265434
27 0.521216 0.402613 0.024753 0.100945 0.00263378
27 0.511318 0.422729 0.0360067 0.143466 0.0026046
2 0.220923 0.189875 0.0595561 0.0425234 0.00257856
2 0.873691 0.321136 0.0654051 0.0343049 0.00256941
26 0.662438 0.380363 0.0620449 0.110894 0.00251198
27 0.716331 0.443263 0.0642384 0.168117 0.00244334
13 0.608754 0.592843 0.538586 0.646821 0.00236496
24 0.177633 0.413954 0.2852 0.191537 0.00231099
27 0.71852 0.418286 0.0628424 0.118808 0.00229374
67 0.688522 0.314982 0.017863 0.0211489 0.0022746
26 0.705498 0.59547 0.0548489 0.0408324 0.00224206
13 0.692071 0.674034 0.333585 0.507933 0.00223929
0 0.128732 0.169722 0.027402 0.0465189 0.00215602
57 0.462936 0.522748 0.919939 0.604508 0.00211671
0 0.866577 0.318679 0.0198559 0.0411994 0.00211138
27 0.742263 0.40744 0.0378196 0.0869163 0.00208223
2 0.598344 0.319754 0.0545999 0.066302 0.00202259
0 0.0854738 0.168363 0.0190898 0.0241866 0.00200319
0 0.861691 0.30299 0.0299438 0.0611567 0.00200182
24 0.237104 0.268724 0.0479105 0.118493 0.00198913
24 0.0560322 0.421008 0.0591126 0.103027 0.00193891
13 0.194396 0.565949 0.24294 0.303022 0.00181082
56 0.418273 0.358086 0.0323212 0.0888616 0.00177708
73 0.434968 0.490706 0.100229 0.0760704 0.00169733
58 0.858539 0.301619 0.0381226 0.0634661 0.00164586
13 0.110496 0.288982 0.215029 0.157174 0.00164428
2 0.131413 0.167692 0.0344187 0.0466125 0.00161859
2 0.624556 0.225435 0.159701 0.13673 0.00156033
13 0.418273 0.358086 0.0323212 0.0888616 0.00153846
0 0.608754 0.592843 0.538586 0.646821 0.00152573
13 0.666109 0.696667 0.32049 0.191647 0.00150841
13 0.706158 0.654947 0.25409 0.395358 0.00149649
13 0.160305 0.627119 0.314959 0.396878 0.00149316
26 0.259342 0.460716 0.106082 0.124502 0.00147566
2 0.570471 0.254524 0.277133 0.197815 0.00142002
67 0.684338 0.320644 0.0127763 0.0294769 0.00139311
8 0.0832255 0.150819 0.124758 0.0711569 0.00138661
24 0.0766449 0.404101 0.0753343 0.0756162 0.00137958
2 0.881758 0.315196 0.0807457 0.0634822 0.00137916
26 0.271933 0.473022 0.075268 0.0962973 0.00136974
13 0.236874 0.594046 0.347085 0.193156 0.00136745
26 0.146343 0.464919 0.0850082 0.079433 0.00135896
73 0.270017 0.395913 0.114489 0.227234 0.00135693
13 0.243723 0.581757 0.325539 0.526294 0.00134015
2 0.517585 0.373555 0.257361 0.185767 0.00133109
7 0.0590849 0.152191 0.0762342 0.0563959 0.00131899
56 0.415914 0.365943 0.039392 0.108076 0.0013141
27 0.731637 0.468886 0.0567308 0.232589 0.00131267
2 0.213407 0.191617 0.0436479 0.0385835 0.00130281
27 0.513819 0.391366 0.0285517 0.0986488 0.00129601
73 0.451277 0.497081 0.117181 0.0719915 0.00128683
67 0.675946 0.295621 0.0191435 0.0504379 0.00127214
2 0.667183 0.273258 0.0340479 0.049235 0.00125489
0 0.23644 0.26925 0.0487094 0.120413 0.00124305
27 0.460157 0.380466 0.0269968 0.174904 0.0012323
74 0.267473 0.396676 0.119376 0.228322 0.00122505
29 0.705498 0.59547 0.0548489 0.0408324 0.00122377
0 0.659982 0.284483 0.0484575 0.0733905 0.00122213
2 0.512038 0.355023 0.229474 0.136412 0.00118661
7 0.889628 0.32947 0.0524254 0.0324025 0.00114867
7 0.0859916 0.163787 0.117516 0.0571356 0.00113997
0 0.858592 0.309889 0.0356335 0.0534127 0.00113001
56 0.716431 0.710772 0.383581 0.417067 0.00112593
13 0.720721 0.750972 0.402689 0.432847 0.00111264
2 0.900305 0.314682 0.0856813 0.0634593 0.0011054
67 0.69015 0.321555 0.0200378 0.0276457 0.00109202
2 0.0422952 0.140667 0.041698 0.0545767 0.00107312
58 0.951956 0.387882 0.0895182 0.124291 0.00106084
73 0.465548 0.518051 0.112523 0.0608912 0.00101665
27 0.51852 0.410092 0.0334217 0.115583 0.00101152
