8 0.504999 0.47802 0.983849 0.743242 0.911753
16 0.755515 0.290289 0.104746 0.118386 0.80318
16 0.734281 0.292251 0.146982 0.123658 0.153295
39 0.943097 0.417189 0.0788461 0.181978 0.0866032
8 0.490859 0.382669 0.97962 0.435143 0.0722544
8 0.432531 0.738939 0.858991 0.224437 0.0351752
7 0.502033 0.467481 0.995601 0.767484 0.0110941
45 0.56636 0.230044 0.168439 0.0605907 0.0107795
41 0.879375 0.141003 0.105332 0.0780063 0.00699925
8 0.517574 0.694097 0.951395 0.31162 0.00630423
14 0.723342 0.581461 0.109543 0.0402255 0.00553277
45 0.729637 0.581091 0.0951861 0.0401971 0.00504327
15 0.734635 0.292895 0.143324 0.12276 0.00470245
39 0.91908 0.339947 0.0226052 0.0287233 0.00294471
39 0.926993 0.377043 0.0433734 0.101213 0.00279593
45 0.744722 0.579849 0.0652414 0.0368736 0.00279221
39 0.882643 0.211923 0.111618 0.221737 0.00237355
39 0.879375 0.141003 0.105332 0.0780063 0.00227466
8 0.483125 0.299355 0.957545 0.273729 0.00182632
0 0.159957 0.466558 0.0189362 0.0293016 0.00179404
39 0.942268 0.401644 0.0790461 0.11319 0.00170037
39 0.915278 0.30859 0.0479608 0.079591 0.00164831
6 0.502033 0.467481 0.995601 0.767484 0.00160387
0 0.905538 0.253034 0.0215232 0.0378078 0.00142929
61 0.579194 0.287386 0.197361 0.175079 0.00131616
39 0.915855 0.340956 0.0205269 0.0309547 0.00131345
77 0.734635 0.292895 0.143324 0.12276 0.00127578
41 0.882218 0.190798 0.109691 0.178978 0.00110993
8 0.479813 0.241902 0.945296 0.14667 0.00107121
5 0.502033 0.467481 0.995601 0.767484 0.00106665
14 0.0641628 0.379925 0.00943627 0.0119246 0.00106195
0 0.908605 0.251413 0.0299822 0.041358 0.00104284
