41 0.526436 0.55505 0.742737 0.831264 0.939273
79 0.537651 0.262985 0.195532 0.333056 0.837737
79 0.413261 0.339777 0.159741 0.177057 0.798618
79 0.247696 0.274932 0.196145 0.278501 0.566521
79 0.260391 0.314775 0.221215 0.356362 0.0771363
79 0.537512 0.186499 0.193872 0.182726 0.0463875
79 0.45356 0.468842 0.24121 0.43881 0.0418279
39 0.523953 0.550989 0.749008 0.818969 0.0204404
75 0.528772 0.554061 0.744844 0.838154 0.0115506
41 0.473568 0.813116 0.465029 0.289715 0.0109548
79 0.408957 0.460659 0.21404 0.423951 0.00923926
79 0.385683 0.382751 0.221251 0.262776 0.00677243
79 0.472723 0.428445 0.281627 0.569576 0.00635263
40 0.527423 0.554295 0.737792 0.830957 0.00555971
79 0.383459 0.153058 0.17777 0.0618515 0.00403339
41 0.636864 0.899603 0.71644 0.186353 0.00346544
79 0.24357 0.234657 0.189438 0.197199 0.0031226
79 0.542562 0.321487 0.139746 0.23413 0.00273412
79 0.433897 0.389639 0.200232 0.277488 0.00272745
33 0.413261 0.339777 0.159741 0.177057 0.00245973
79 0.84566 0.898934 0.307041 0.186471 0.00229713
79 0.54018 0.451703 0.15441 0.555405 0.00226372
79 0.263849 0.393589 0.23412 0.518 0.00176203
41 0.473081 0.761664 0.459963 0.198951 0.00146052
39 0.271313 0.347539 0.251385 0.426402 0.00115153
14 0.41437 0.339239 0.162459 0.176062 0.0010927
79 0.490566 0.594759 0.150032 0.202201 0.00106969
41 0.84947 0.902554 0.298976 0.18242 0.00101849
79 0.238367 0.322342 0.168086 0.162115 0.00100359
76 0.537268 0.262586 0.197569 0.335836 0.00100285
