57 0.201914 0.824532 0.403828 0.332773 0.88515
74 0.49412 0.453955 0.0639451 0.0465096 0.737029
73 0.319738 0.746178 0.0855226 0.0305247 0.725426
73 0.311079 0.821883 0.099881 0.0469536 0.553228
73 0.398556 0.861255 0.0956454 0.0234171 0.395545
73 0.396225 0.810033 0.0749266 0.0258789 0.368414
73 0.286651 0.861613 0.0915693 0.0303967 0.306959
73 0.396388 0.855067 0.100281 0.0182737 0.245383
73 0.388645 0.832846 0.0767101 0.0226368 0.153718
73 0.387653 0.833184 0.07707 0.0158772 0.142663
65 0.844258 0.782092 0.0501411 0.0140968 0.142595
73 0.38591 0.858052 0.10563 0.0234993 0.141642
73 0.384166 0.841134 0.0799029 0.015374 0.115843
73 0.845078 0.781922 0.0512379 0.0142925 0.115331
65 0.237124 0.731868 0.0298173 0.0106543 0.0790371
73 0.396356 0.84944 0.105287 0.0235619 0.0645305
73 0.395765 0.838265 0.096126 0.0172562 0.0590898
73 0.457325 0.810791 0.0597478 0.0261156 0.0556333
26 0.428834 0.755018 0.0729235 0.0385714 0.0515747
73 0.31222 0.825721 0.0936764 0.0344593 0.0508103
57 0.103529 0.826324 0.207057 0.335935 0.0478878
63 0.309626 0.822018 0.100991 0.0490482 0.0478821
73 0.308375 0.834373 0.102191 0.0302975 0.0472836
73 0.374697 0.751411 0.0397804 0.0313501 0.0458798
73 0.492248 0.825439 0.0552688 0.0245918 0.0447061
60 0.403338 0.883216 0.328793 0.197207 0.0434994
73 0.380097 0.84577 0.089956 0.0197636 0.0410059
63 0.374349 0.748571 0.0471031 0.0358089 0.0382784
73 0.479427 0.806445 0.120642 0.0295977 0.0378672
73 0.49327 0.822045 0.0525647 0.0173367 0.0324391
73 0.300753 0.842676 0.0859796 0.0160629 0.0310959
73 0.527202 0.834865 0.0255276 0.0392927 0.0272672
73 0.479527 0.82528 0.0780666 0.0303375 0.027216
73 0.456972 0.817609 0.0572598 0.040727 0.0263745
67 0.844258 0.782092 0.0501411 0.0140968 0.0240771
73 0.435321 0.848487 0.159607 0.0293388 0.0212354
73 0.315278 0.807044 0.0523647 0.0281967 0.0210382
73 0.37661 0.748788 0.0487908 0.0346411 0.0203741
24 0.429568 0.754927 0.0732531 0.0381599 0.0191153
73 0.483439 0.847 0.0619358 0.0290466 0.0182958
73 0.378026 0.853481 0.101288 0.0180386 0.0167117
67 0.237124 0.731868 0.0298173 0.0106543 0.0163361
73 0.386738 0.807245 0.0947467 0.0304543 0.0160594
65 0.228702 0.728988 0.0491401 0.01623 0.0148149
73 0.449577 0.812483 0.168201 0.039076 0.0146568
63 0.320133 0.747088 0.08506 0.0321085 0.0142774
73 0.298265 0.727742 0.0824818 0.0198124 0.0135757
73 0.52567 0.826459 0.0207106 0.0247417 0.0133917
73 0.237124 0.731868 0.0298173 0.0106543 0.0131778
26 0.122222 0.734246 0.140555 0.0644119 0.012569
24 0.117826 0.750739 0.1662 0.103235 0.0118702
73 0.433642 0.826675 0.207844 0.0709406 0.0116698
73 0.311736 0.815802 0.0900028 0.0368389 0.0115815
73 0.48898 0.84376 0.0538414 0.0321278 0.0113177
65 0.49327 0.822045 0.0525647 0.0173367 0.0111264
73 0.475439 0.801808 0.135259 0.0277697 0.0110132
56 0.867647 0.723443 0.0428935 0.0679153 0.0107983
73 0.228702 0.728988 0.0491401 0.01623 0.0105455
59 0.202937 0.8257 0.405875 0.331463 0.0105005
65 0.378026 0.853481 0.101288 0.0180386 0.0103429
57 0.287594 0.726609 0.232538 0.0968735 0.010117
73 0.293328 0.8301 0.085627 0.0522316 0.00972232
26 0.117826 0.750739 0.1662 0.103235 0.00971055
73 0.528743 0.84141 0.0280655 0.0351894 0.00868723
65 0.396598 0.809836 0.0743854 0.0262196 0.00850216
73 0.452222 0.825261 0.0477023 0.0335419 0.00842652
65 0.492257 0.826452 0.054345 0.0210207 0.0082207
73 0.453086 0.841316 0.0563408 0.0331551 0.00808397
24 0.119611 0.733808 0.150058 0.0659874 0.00798672
65 0.457829 0.814239 0.0632939 0.0327627 0.00769663
73 0.313698 0.736385 0.0846666 0.0293251 0.00766256
73 0.333919 0.75013 0.111939 0.0415987 0.00765243
41 0.449105 0.826702 0.040073 0.0293913 0.00699162
73 0.322208 0.805479 0.0317887 0.0206379 0.00682876
65 0.455436 0.809299 0.0548369 0.0269814 0.00636849
73 0.430295 0.753778 0.0688339 0.0385111 0.00625154
64 0.237124 0.731868 0.0298173 0.0106543 0.00621343
73 0.239442 0.753477 0.10612 0.0288874 0.00601357
73 0.466226 0.802586 0.157476 0.0358307 0.006006
57 0.0993254 0.879352 0.198651 0.22839 0.00596598
65 0.342044 0.864768 0.0198065 0.0150436 0.00585622
41 0.527929 0.838974 0.0262093 0.0327345 0.00584915
58 0.328558 0.129401 0.262575 0.256376 0.00581303
65 0.374422 0.753004 0.039247 0.0262939 0.00574178
63 0.374422 0.753004 0.039247 0.0262939 0.00519642
73 0.313374 0.749761 0.0972468 0.0284893 0.00511089
73 0.323392 0.843612 0.0681122 0.0118008 0.00506985
65 0.527929 0.838974 0.0262093 0.0327345 0.0048711
56 0.201841 0.824623 0.403682 0.333383 0.00459921
66 0.374422 0.753004 0.039247 0.0262939 0.00457808
73 0.33981 0.763414 0.107114 0.0158593 0.00450191
63 0.286651 0.861613 0.0915693 0.0303967 0.00445342
73 0.335994 0.760886 0.128063 0.067366 0.00431347
73 0.342242 0.853376 0.20829 0.04806 0.00424257
73 0.374685 0.800968 0.0855815 0.0172554 0.00422683
65 0.319714 0.802236 0.0348545 0.0248142 0.00421521
65 0.395803 0.86144 0.0900122 0.0221266 0.00404906
65 0.322208 0.805479 0.0317887 0.0206379 0.00394097
65 0.481887 0.848941 0.0633089 0.0271477 0.00379694
73 0.339934 0.85523 0.0321967 0.0211205 0.00379199
65 0.285856 0.861055 0.0932177 0.0294212 0.00377637
67 0.228702 0.728988 0.0491401 0.01623 0.00372505
73 0.533532 0.841496 0.0374258 0.0300697 0.00368658
66 0.37661 0.748788 0.0487908 0.0346411 0.00363395
56 0.286834 0.733862 0.233476 0.113197 0.00357407
73 0.363908 0.809045 0.0609599 0.0265636 0.00354519
65 0.384166 0.841134 0.0799029 0.015374 0.00344339
63 0.239442 0.753477 0.10612 0.0288874 0.00338835
63 0.394752 0.809222 0.0753183 0.0257784 0.00332841
57 0.289803 0.706234 0.225043 0.0557056 0.00324512
73 0.342044 0.864768 0.0198065 0.0150436 0.00323188
65 0.380097 0.84577 0.089956 0.0197636 0.003189
65 0.452222 0.825261 0.0477023 0.0335419 0.00314859
39 0.527202 0.834865 0.0255276 0.0392927 0.00308332
65 0.315278 0.807044 0.0523647 0.0281967 0.00306004
73 0.340774 0.757914 0.110564 0.0352741 0.00305238
73 0.223255 0.731785 0.0533574 0.0164419 0.00304157
63 0.384302 0.74927 0.068286 0.0423744 0.00299579
63 0.408818 0.751052 0.113832 0.0385401 0.00296876
73 0.536755 0.828464 0.0298541 0.026663 0.00293931
62 0.868078 0.724488 0.0422361 0.0668978 0.00285596
73 0.542199 0.82245 0.0277288 0.0159134 0.00282013
65 0.223255 0.731785 0.0533574 0.0164419 0.00271225
63 0.313032 0.82109 0.0954207 0.0351904 0.00260809
73 0.24593 0.731835 0.047087 0.0186312 0.0025861
66 0.845078 0.781922 0.0512379 0.0142925 0.00254637
28 0.867705 0.724621 0.0439251 0.0675638 0.00252715
26 0.116446 0.729843 0.111194 0.0528544 0.00251457
63 0.485244 0.803252 0.11764 0.0304628 0.00248489
57 0.867554 0.723287 0.0427985 0.0666602 0.00235045
67 0.322208 0.805479 0.0317887 0.0206379 0.00230375
57 0.202202 0.732519 0.404405 0.131192 0.00228384
39 0.319259 0.801168 0.0343878 0.0257473 0.00224325
65 0.38591 0.858052 0.10563 0.0234993 0.00222045
65 0.339934 0.85523 0.0321967 0.0211205 0.00213379
73 0.233246 0.737197 0.0720209 0.0172672 0.00207478
56 0.103529 0.826324 0.207057 0.335935 0.00206903
73 0.251266 0.739906 0.0463907 0.015271 0.00205782
64 0.374422 0.753004 0.039247 0.0262939 0.00205505
65 0.24593 0.731835 0.047087 0.0186312 0.00205049
63 0.340774 0.757914 0.110564 0.0352741 0.00198704
67 0.319714 0.802236 0.0348545 0.0248142 0.00196624
73 0.408818 0.751052 0.113832 0.0385401 0.001939
60 0.434003 0.827901 0.231259 0.0745003 0.00192693
39 0.449105 0.826702 0.040073 0.0293913 0.00191092
65 0.52567 0.826459 0.0207106 0.0247417 0.00186801
63 0.228702 0.728988 0.0491401 0.01623 0.00184339
73 0.431648 0.859011 0.200051 0.0290089 0.00182602
63 0.39669 0.861356 0.098723 0.0257242 0.00174367
67 0.396598 0.809836 0.0743854 0.0262196 0.00171366
73 0.219419 0.740371 0.0613676 0.016696 0.00167751
63 0.226694 0.726788 0.0561953 0.0205313 0.00160873
66 0.312246 0.820429 0.0967973 0.0452759 0.00160486
66 0.394752 0.809222 0.0753183 0.0257784 0.00155827
59 0.103529 0.826324 0.207057 0.335935 0.00153056
67 0.315278 0.807044 0.0523647 0.0281967 0.00148851
67 0.223255 0.731785 0.0533574 0.0164419 0.00145704
75 0.254324 0.208245 0.0674042 0.0464296 0.00145361
28 0.429568 0.754927 0.0732531 0.0381599 0.00142798
41 0.319259 0.801168 0.0343878 0.0257473 0.00139955
56 0.288395 0.709052 0.226967 0.0643019 0.00137356
63 0.845078 0.781922 0.0512379 0.0142925 0.00136915
73 0.237507 0.739915 0.0946852 0.0285079 0.00136477
66 0.319236 0.746512 0.0838353 0.0302386 0.00131476
45 0.374422 0.753004 0.039247 0.0262939 0.00131121
56 0.866605 0.689227 0.0481912 0.135677 0.00130168
73 0.442465 0.7989 0.0710977 0.0158182 0.00127617
73 0.397239 0.866798 0.0953074 0.034601 0.00125167
73 0.330695 0.760422 0.10513 0.0265699 0.00122026
73 0.284766 0.827782 0.0648874 0.0486496 0.00121301
73 0.319714 0.802236 0.0348545 0.0248142 0.00118229
73 0.831945 0.783456 0.0834765 0.0149332 0.0011678
41 0.322208 0.805479 0.0317887 0.0206379 0.00115675
73 0.852742 0.781977 0.0686046 0.0166996 0.00113863
73 0.326185 0.796835 0.13393 0.0941837 0.00109825
64 0.845078 0.781922 0.0512379 0.0142925 0.00109366
41 0.52567 0.826459 0.0207106 0.0247417 0.00108644
73 0.37782 0.747371 0.0620976 0.0420292 0.00108391
75 0.527929 0.838974 0.0262093 0.0327345 0.00106773
65 0.486691 0.844494 0.0571342 0.0329144 0.00106353
73 0.867705 0.724621 0.0439251 0.0675638 0.00104409
41 0.315278 0.807044 0.0523647 0.0281967 0.00104037
57 0.202326 0.707182 0.402443 0.0814235 0.00103998
73 0.845548 0.776841 0.0532221 0.0239811 0.00101793
60 0.268503 0.824892 0.345356 0.313081 0.00101778
