72 0.129395 0.387533 0.229288 0.440858 0.948504
69 0.500094 0.450347 0.191716 0.297527 0.888571
74 0.547995 0.0946067 0.103518 0.120621 0.87667
75 0.366389 0.137834 0.0506566 0.0835019 0.8181
75 0.687437 0.145388 0.0275114 0.0699672 0.714368
45 0.283155 0.337228 0.0691168 0.0320458 0.641969
71 0.876575 0.397907 0.207684 0.103702 0.617774
58 0.907119 0.129844 0.0850184 0.101784 0.615416
0 0.310794 0.833946 0.109723 0.304868 0.590608
75 0.291826 0.126289 0.0893435 0.106483 0.579943
39 0.847164 0.139165 0.0506916 0.0845394 0.544556
69 0.537646 0.815866 0.0664994 0.212895 0.346254
75 0.846815 0.139219 0.0504158 0.084923 0.277467
71 0.864312 0.36769 0.177623 0.0304479 0.256144
63 0.866375 0.828622 0.258308 0.299608 0.246685
75 0.902834 0.157499 0.0473827 0.0462477 0.213554
71 0.862597 0.359516 0.190464 0.03546 0.1725
74 0.547227 0.0963213 0.0741882 0.0818133 0.146717
68 0.537716 0.81534 0.0661715 0.213239 0.121515
71 0.690221 0.359234 0.207269 0.0385859 0.100963
41 0.902785 0.157822 0.0471865 0.046921 0.079331
41 0.934752 0.159445 0.0222054 0.0435292 0.0731043
71 0.867071 0.358577 0.162494 0.0264039 0.0685551
75 0.934752 0.159445 0.0222054 0.0435292 0.0580254
62 0.769956 0.120864 0.122886 0.105495 0.0577034
69 0.501273 0.339327 0.1883 0.0746333 0.0572042
71 0.854479 0.351462 0.186016 0.0164542 0.0546828
62 0.865598 0.82995 0.259653 0.303417 0.0526452
71 0.777036 0.359422 0.356876 0.0382035 0.0495343
74 0.0874448 0.777108 0.0383312 0.0396367 0.0474224
74 0.0881099 0.77531 0.0301811 0.0217854 0.0469546
45 0.683221 0.410338 0.0431437 0.0185405 0.0397649
68 0.769956 0.120864 0.122886 0.105495 0.0391496
15 0.310838 0.832678 0.110317 0.30408 0.0390543
45 0.281067 0.332103 0.0652768 0.0210708 0.0370864
75 0.413667 0.152092 0.0441076 0.054784 0.0366176
39 0.366693 0.13743 0.0498216 0.0841119 0.0324845
62 0.53796 0.815036 0.0666837 0.214017 0.0318871
75 0.907076 0.130359 0.0824726 0.101547 0.0292914
75 0.310844 0.833361 0.110589 0.305116 0.0264444
73 0.865128 0.830039 0.261211 0.30124 0.0261339
45 0.545603 0.336737 0.0671027 0.0544147 0.0244354
74 0.412773 0.152174 0.0443548 0.0545809 0.0235794
43 0.290911 0.35812 0.0874327 0.0352366 0.0234287
39 0.859947 0.312166 0.0214142 0.072146 0.0226331
44 0.314845 0.357637 0.0413476 0.0333197 0.0218949
58 0.846506 0.139205 0.0514294 0.0846681 0.0203778
39 0.162992 0.752415 0.041375 0.0865749 0.0202765
32 0.755154 0.52287 0.0176372 0.0231322 0.0201322
43 0.313422 0.357932 0.0416676 0.0332449 0.0197649
74 0.545605 0.294546 0.0449909 0.0264634 0.0194255
68 0.380976 0.833052 0.249436 0.307577 0.0194164
16 0.310673 0.83385 0.110165 0.308165 0.0166133
74 0.769755 0.120378 0.122716 0.103818 0.0165888
17 0.310673 0.83385 0.110165 0.308165 0.0165044
69 0.690221 0.359234 0.207269 0.0385859 0.0157474
39 0.310745 0.833284 0.109988 0.306732 0.0156825
44 0.290911 0.35812 0.0874327 0.0352366 0.0148886
71 0.850468 0.355054 0.172071 0.0224425 0.0145105
58 0.311187 0.834156 0.109857 0.304959 0.0144377
72 0.377108 0.83433 0.257662 0.307201 0.0133064
41 0.412998 0.151885 0.0446712 0.0544866 0.013009
45 0.175879 0.846727 0.0310376 0.0142194 0.0122617
73 0.429273 0.908552 0.136166 0.155126 0.0120609
68 0.865598 0.82995 0.259653 0.303417 0.0118883
45 0.283019 0.344312 0.0705379 0.0226671 0.0115819
42 0.313422 0.357932 0.0416676 0.0332449 0.0114504
72 0.865598 0.82995 0.259653 0.303417 0.010945
75 0.241757 0.189753 0.0415009 0.100139 0.0107591
69 0.865598 0.82995 0.259653 0.303417 0.0104468
41 0.846851 0.139216 0.0505096 0.0851454 0.0102999
39 0.934506 0.15931 0.021788 0.0435959 0.0102114
59 0.581765 0.944838 0.155586 0.0835293 0.00992036
42 0.290911 0.35812 0.0874327 0.0352366 0.00990862
71 0.785897 0.394619 0.387622 0.111198 0.0098058
39 0.68729 0.146158 0.0279032 0.0701571 0.00942907
39 0.251379 0.187886 0.0218913 0.101897 0.00940588
32 0.693487 0.8948 0.0223048 0.0260101 0.0093734
41 0.344286 0.330489 0.0166584 0.0213549 0.00933796
58 0.0807238 0.735273 0.0636032 0.0365063 0.00906286
0 0.382495 0.835168 0.261 0.307885 0.00880197
74 0.0855032 0.772366 0.048517 0.0546264 0.008681
69 0.525493 0.818609 0.0442608 0.182519 0.00862372
74 0.0818241 0.764661 0.0655423 0.0704378 0.00823277
70 0.500242 0.339696 0.18518 0.0737854 0.00785965
6 0.380515 0.833342 0.249897 0.307778 0.00759661
39 0.252103 0.158325 0.0167843 0.0421222 0.00738493
39 0.869491 0.572361 0.0176132 0.0444159 0.00685486
75 0.240462 0.205731 0.0448314 0.0689758 0.00667015
39 0.824544 0.569248 0.0302252 0.0481391 0.0065541
74 0.538705 0.098632 0.0488573 0.0682205 0.00646421
5 0.380295 0.833366 0.251121 0.306912 0.00646064
39 0.241757 0.189753 0.0415009 0.100139 0.0062381
71 0.679421 0.359373 0.147065 0.0339722 0.00618505
39 0.8302 0.571483 0.0186214 0.0455574 0.00607535
58 0.927999 0.147802 0.041641 0.0664978 0.00585184
39 0.855795 0.571037 0.0163538 0.041315 0.00582734
69 0.381869 0.833661 0.247828 0.30579 0.00579754
71 0.872623 0.36846 0.214531 0.161664 0.00574875
39 0.847763 0.577742 0.0186871 0.0322527 0.00550455
66 0.210564 0.802387 0.0689159 0.0258349 0.00542444
71 0.875824 0.413856 0.189622 0.0711949 0.00533617
14 0.311187 0.834156 0.109857 0.304959 0.00533295
74 0.078569 0.748838 0.0900254 0.103185 0.00502363
71 0.846643 0.363036 0.160444 0.0350625 0.00477898
71 0.85896 0.336458 0.191114 0.083655 0.00471371
39 0.851258 0.576506 0.0186508 0.0363588 0.00470456
45 0.460737 0.355001 0.052109 0.0156126 0.00467405
19 0.311187 0.834156 0.109857 0.304959 0.00466779
74 0.556437 0.100568 0.0543844 0.0526159 0.00449994
58 0.0816681 0.751038 0.0633007 0.0682666 0.0043779
58 0.366462 0.137035 0.0498049 0.0841965 0.00437066
45 0.902734 0.157772 0.0464413 0.0467179 0.00434157
75 0.251379 0.187886 0.0218913 0.101897 0.00429225
61 0.978403 0.95015 0.033453 0.0331179 0.0042378
26 0.310745 0.833284 0.109988 0.306732 0.00422633
71 0.978964 0.950121 0.0340252 0.0337822 0.00422341
39 0.846383 0.572887 0.0195534 0.0393005 0.0042218
72 0.537646 0.815866 0.0664994 0.212895 0.00411597
77 0.310673 0.83385 0.110165 0.308165 0.00401267
41 0.310745 0.833284 0.109988 0.306732 0.00400466
45 0.413667 0.152092 0.0441076 0.054784 0.00399965
69 0.593006 0.803272 0.173253 0.242831 0.00399059
68 0.501273 0.339327 0.1883 0.0746333 0.00398749
75 0.162992 0.752415 0.041375 0.0865749 0.00398684
47 0.755154 0.52287 0.0176372 0.0231322 0.00397685
45 0.28397 0.352263 0.0714315 0.0171127 0.00376195
45 0.053404 0.846131 0.0342819 0.0146395 0.00359273
45 0.649859 0.276874 0.0689067 0.0737377 0.00353116
45 0.290829 0.349973 0.08783 0.0253283 0.00346237
43 0.285196 0.378822 0.0823853 0.0190316 0.00344667
71 0.879856 0.351977 0.131646 0.0169071 0.00338373
71 0.875229 0.369164 0.171742 0.022507 0.00332198
12 0.380976 0.833052 0.249436 0.307577 0.00323489
74 0.902785 0.157822 0.0471865 0.046921 0.00320858
39 0.821685 0.560947 0.0188808 0.0271061 0.00317067
62 0.524243 0.820231 0.0422161 0.184556 0.00308973
68 0.525493 0.818609 0.0442608 0.182519 0.00307685
39 0.380515 0.833342 0.249897 0.307778 0.00307274
75 0.252103 0.158325 0.0167843 0.0421222 0.00306901
14 0.900931 0.819945 0.0371948 0.0278312 0.0030528
73 0.428302 0.876287 0.141506 0.2195 0.0030193
74 0.543918 0.116475 0.0325851 0.0408403 0.00296357
71 0.335818 0.35787 0.1716 0.036594 0.00290862
71 0.365171 0.358014 0.110957 0.0369048 0.00286666
72 0.428947 0.874328 0.144664 0.220773 0.00285465
67 0.429503 0.878171 0.147023 0.222661 0.00284642
71 0.501449 0.339849 0.188291 0.0757248 0.00281566
39 0.242032 0.205017 0.0405652 0.0692879 0.00280535
71 0.876225 0.471566 0.205965 0.252378 0.00279179
44 0.28397 0.352263 0.0714315 0.0171127 0.00274947
75 0.924759 0.160599 0.0458429 0.0431343 0.00268582
41 0.847763 0.577742 0.0186871 0.0322527 0.00266483
58 0.687459 0.145402 0.0273464 0.0697307 0.00264254
60 0.701193 0.640089 0.430337 0.0696119 0.00263289
64 0.175879 0.846727 0.0310376 0.0142194 0.00262821
68 0.49883 0.487784 0.188786 0.222985 0.0026176
74 0.649919 0.276779 0.0689217 0.073836 0.00250062
71 0.510613 0.359938 0.199273 0.0388644 0.00245988
6 0.598222 0.831946 0.744592 0.303578 0.00244787
69 0.496486 0.488386 0.181298 0.217718 0.00244707
41 0.607803 0.327302 0.0341864 0.0311823 0.00243196
73 0.412773 0.152174 0.0443548 0.0545809 0.0024308
62 0.380515 0.833342 0.249897 0.307778 0.00242648
71 0.723221 0.358083 0.13839 0.0321363 0.00233975
67 0.380976 0.833052 0.249436 0.307577 0.00231367
74 0.175879 0.846727 0.0310376 0.0142194 0.00230223
43 0.38405 0.356815 0.0709116 0.0314556 0.00227335
39 0.821128 0.509138 0.0153717 0.0250221 0.00223181
41 0.924759 0.160599 0.0458429 0.0431343 0.00222981
66 0.173711 0.802761 0.142553 0.028574 0.0022105
73 0.934506 0.15931 0.021788 0.0435959 0.00219479
39 0.806658 0.509031 0.0174253 0.0255732 0.00219005
39 0.853445 0.577672 0.0286057 0.0365425 0.00218275
75 0.369167 0.118584 0.0481479 0.0454487 0.00207928
73 0.902862 0.157811 0.0470196 0.0469856 0.00207618
45 0.291691 0.126468 0.0892418 0.106711 0.00205821
71 0.683553 0.40951 0.043083 0.0200764 0.00205487
71 0.384416 0.357183 0.0758172 0.0343348 0.00201175
47 0.28426 0.33704 0.0677997 0.0325735 0.00200778
39 0.902862 0.157811 0.0470196 0.0469856 0.00200233
58 0.079449 0.746116 0.0986061 0.110675 0.00199357
69 0.428432 0.87549 0.143249 0.220151 0.00197774
42 0.38405 0.356815 0.0709116 0.0314556 0.00196394
64 0.683372 0.410157 0.0433973 0.0178573 0.00196177
68 0.428432 0.87549 0.143249 0.220151 0.00195947
41 0.54456 0.295507 0.0472804 0.0266351 0.00193113
74 0.56338 0.104756 0.0398653 0.0549589 0.00192982
28 0.866375 0.828622 0.258308 0.299608 0.00192893
41 0.851258 0.576506 0.0186508 0.0363588 0.00191537
69 0.304397 0.412082 0.132765 0.068827 0.00187835
41 0.687953 0.145131 0.0284296 0.070286 0.00187072
41 0.251671 0.158402 0.0167661 0.0409963 0.00185356
73 0.210054 0.802286 0.0699217 0.0255053 0.00185075
75 0.406633 0.152843 0.032406 0.0526826 0.0018473
49 0.28426 0.33704 0.0677997 0.0325735 0.00184479
41 0.593332 0.293234 0.0131097 0.0342768 0.00184143
69 0.510613 0.359938 0.199273 0.0388644 0.00176203
74 0.428348 0.908466 0.138962 0.155192 0.0017592
71 0.105764 0.809476 0.170737 0.0174563 0.00175866
75 0.903092 0.151299 0.0663445 0.0615506 0.00174403
58 0.087799 0.775125 0.0359869 0.0394398 0.00172386
58 0.291847 0.126942 0.0878166 0.108389 0.00172275
62 0.428432 0.87549 0.143249 0.220151 0.00172216
41 0.134088 0.802114 0.0157713 0.0179841 0.00171122
44 0.290829 0.349973 0.08783 0.0253283 0.00170925
71 0.836942 0.352421 0.137536 0.0184086 0.00169051
74 0.639225 0.747743 0.0353334 0.0188552 0.00167963
43 0.28397 0.352263 0.0714315 0.0171127 0.00166339
42 0.354065 0.356588 0.081326 0.0305379 0.00166106
41 0.596857 0.292523 0.0215395 0.0344401 0.0016596
39 0.885056 0.568924 0.0172611 0.0441146 0.00165719
32 0.376601 0.520471 0.0195867 0.0220996 0.00164306
59 0.552507 0.947383 0.0988707 0.0753521 0.00162661
41 0.660392 0.218274 0.0227757 0.0459058 0.00162551
39 0.907076 0.130359 0.0824726 0.101547 0.00162354
74 0.16216 0.750996 0.0404899 0.0831695 0.00161466
43 0.353784 0.356941 0.0929074 0.0314048 0.0016112
39 0.661154 0.217267 0.0219525 0.043764 0.00160509
71 0.595737 0.358282 0.39567 0.036486 0.00159687
41 0.593073 0.328692 0.014607 0.0273594 0.00157669
41 0.240462 0.205731 0.0448314 0.0689758 0.00157335
69 0.87825 0.397557 0.205216 0.105606 0.0015488
75 0.087799 0.775125 0.0359869 0.0394398 0.00154728
45 0.714 0.259432 0.0539255 0.058795 0.00152829
25 0.310745 0.833284 0.109988 0.306732 0.00152761
69 0.303265 0.399244 0.137485 0.0959366 0.00152674
26 0.545275 0.33623 0.0670025 0.0537936 0.00150508
74 0.713815 0.258814 0.0533966 0.0586233 0.00148258
39 0.903682 0.574258 0.0898983 0.0431656 0.00148073
41 0.602176 0.292332 0.0263206 0.0362545 0.0014753
44 0.354065 0.356588 0.081326 0.0305379 0.00146067
45 0.875303 0.397146 0.205597 0.106755 0.00145787
71 0.123502 0.808921 0.247004 0.0188005 0.00145423
56 0.978331 0.949989 0.0334997 0.0335316 0.00139362
44 0.38405 0.356815 0.0709116 0.0314556 0.00137249
76 0.290911 0.35812 0.0874327 0.0352366 0.00136483
70 0.474772 0.325071 0.102164 0.0430696 0.00135487
75 0.397508 0.152417 0.0179764 0.0537189 0.00135267
70 0.461256 0.353908 0.052737 0.0171951 0.00133672
43 0.2884 0.383253 0.104438 0.0159486 0.00131249
58 0.90328 0.157257 0.046257 0.0461237 0.00130779
74 0.428302 0.876287 0.141506 0.2195 0.0012787
39 0.806895 0.562277 0.0146183 0.0275038 0.00127622
45 0.480279 0.324218 0.116744 0.042305 0.00126708
41 0.855795 0.571037 0.0163538 0.041315 0.00126618
74 0.683372 0.410157 0.0433973 0.0178573 0.00126573
41 0.291876 0.126217 0.0889565 0.106854 0.00125781
45 0.314845 0.357637 0.0413476 0.0333197 0.00125608
71 0.866293 0.322737 0.157903 0.0906867 0.00125289
74 0.747447 0.130816 0.041959 0.0644555 0.00124481
65 0.428348 0.908466 0.138962 0.155192 0.00123727
69 0.595737 0.358282 0.39567 0.036486 0.00123525
44 0.282628 0.337534 0.0691538 0.0292312 0.00123346
41 0.545635 0.336391 0.0681428 0.0541946 0.0012258
71 0.461256 0.353908 0.052737 0.0171951 0.00121924
71 0.832009 0.346671 0.140659 0.0170065 0.00121382
45 0.0874448 0.777108 0.0383312 0.0396367 0.00121301
71 0.946162 0.965648 0.0948095 0.0418546 0.00120747
45 0.292842 0.358047 0.084783 0.0326363 0.00119802
69 0.316686 0.361019 0.201423 0.0426785 0.00119466
60 0.515753 0.626776 0.921605 0.066741 0.00119042
73 0.412358 0.834185 0.184628 0.305994 0.0011898
69 0.769956 0.120864 0.122886 0.105495 0.0011878
73 0.846799 0.138941 0.0492374 0.0853155 0.00118658
39 0.344286 0.330489 0.0166584 0.0213549 0.00118414
71 0.16186 0.808614 0.171899 0.0167287 0.00118265
45 0.924759 0.160599 0.0458429 0.0431343 0.00118038
41 0.241757 0.189753 0.0415009 0.100139 0.00116491
71 0.925728 0.352029 0.0398212 0.016165 0.00116298
72 0.525493 0.818609 0.0442608 0.182519 0.00115088
60 0.6903 0.359434 0.207728 0.040099 0.00115073
76 0.313422 0.357932 0.0416676 0.0332449 0.00114208
69 0.782653 0.393592 0.392121 0.113479 0.00113487
32 0.10531 0.923853 0.0144044 0.0172718 0.00109857
74 0.550736 0.106294 0.0652617 0.0623891 0.0010851
39 0.856167 0.55892 0.0167404 0.0288531 0.00108281
41 0.853445 0.577672 0.0286057 0.0365425 0.00107837
71 0.0727118 0.80941 0.0827914 0.0169377 0.00107363
41 0.175879 0.846727 0.0310376 0.0142194 0.00106511
71 0.162107 0.801479 0.0417958 0.0205573 0.00105438
67 0.865598 0.82995 0.259653 0.303417 0.00105336
40 0.311068 0.833848 0.110174 0.304885 0.0010418
45 0.978459 0.94999 0.0333788 0.0329381 0.00104079
49 0.755154 0.52287 0.0176372 0.0231322 0.00103974
72 0.310745 0.833284 0.109988 0.306732 0.00103858
73 0.289448 0.384572 0.101512 0.0145798 0.00103429
64 0.639225 0.747743 0.0353334 0.0188552 0.00101876
71 0.868886 0.395206 0.192729 0.0481696 0.00101727
63 0.769956 0.120864 0.122886 0.105495 0.00101271
74 0.105027 0.113995 0.0130601 0.0173129 0.00101164
75 0.380628 0.124999 0.0305011 0.0547961 0.00100872
73 0.384416 0.357183 0.0758172 0.0343348 0.00100523
59 0.311068 0.833848 0.110174 0.304885 0.00100523
