52 0.764347 0.388054 0.36191 0.505407 0.895098
52 0.761709 0.662114 0.390768 0.497206 0.857348
52 0.291332 0.484571 0.335257 0.780194 0.797675
48 0.291564 0.485723 0.33432 0.781283 0.458748
48 0.764056 0.388276 0.363642 0.501395 0.145585
48 0.762112 0.661791 0.390754 0.496274 0.135295
60 0.500836 0.50435 0.998328 0.9913 0.0362209
45 0.759091 0.510571 0.464184 0.942725 0.020574
60 0.326021 0.503629 0.640075 0.992743 0.0138759
44 0.990339 0.435287 0.0181942 0.0574121 0.0135602
60 0.4246 0.930931 0.845589 0.120212 0.0111955
0 0.42704 0.92872 0.852867 0.125997 0.0109288
44 0.989748 0.617974 0.019401 0.0639281 0.00970507
51 0.742249 0.331522 0.0519918 0.127773 0.00967479
43 0.990005 0.618279 0.0191967 0.0637838 0.00936347
45 0.506807 0.505636 0.986385 0.979228 0.0092797
0 0.258364 0.930325 0.511126 0.12519 0.00915754
0 0.172956 0.930326 0.344831 0.125307 0.00864315
42 0.990392 0.435316 0.0183598 0.0572163 0.00836372
0 0.0937916 0.932471 0.186146 0.129982 0.0072881
60 0.495209 0.949317 0.988514 0.0802002 0.00705835
45 0.326021 0.503629 0.640075 0.992743 0.00623065
43 0.990392 0.435316 0.0183598 0.0572163 0.00605419
0 0.207829 0.944453 0.415657 0.111094 0.00542018
41 0.990016 0.435299 0.018778 0.0575677 0.00512248
51 0.826086 0.453877 0.0209705 0.0708581 0.0044916
0 0.4688 0.957035 0.346627 0.0737012 0.00365785
0 0.495209 0.949317 0.988514 0.0802002 0.00353935
42 0.989748 0.617974 0.019401 0.0639281 0.003086
0 0.436264 0.960092 0.47969 0.0766146 0.00251862
51 0.787626 0.434488 0.0958232 0.114691 0.00235152
51 0.686686 0.272497 0.0312837 0.0738533 0.00235096
39 0.990005 0.618279 0.0191967 0.0637838 0.00222993
0 0.987367 0.529614 0.0243942 0.240848 0.00219926
39 0.990016 0.435299 0.018778 0.0575677 0.00209612
60 0.258364 0.930325 0.511126 0.12519 0.00191393
53 0.762112 0.661791 0.390754 0.496274 0.0018931
52 0.819501 0.462802 0.249695 0.352763 0.00178993
53 0.291564 0.485723 0.33432 0.781283 0.0016976
55 0.762112 0.661791 0.390754 0.496274 0.00167444
51 0.689474 0.264484 0.0390074 0.0915038 0.00159538
60 0.172956 0.930326 0.344831 0.125307 0.00137258
0 0.653303 0.950829 0.687215 0.0728372 0.0013364
47 0.763713 0.38726 0.36478 0.500825 0.00132269
51 0.764056 0.388276 0.363642 0.501395 0.00130299
0 0.247584 0.956453 0.495168 0.087093 0.00127569
51 0.73574 0.304016 0.0350277 0.0584778 0.00125667
60 0.653303 0.950829 0.687215 0.0728372 0.00123316
51 0.747611 0.390505 0.0464161 0.0271018 0.00121543
67 0.764056 0.388276 0.363642 0.501395 0.00119254
54 0.763713 0.38726 0.36478 0.500825 0.00114807
37 0.762246 0.660962 0.388219 0.49755 0.00112212
51 0.767803 0.358834 0.0427031 0.0510532 0.00111151
51 0.75158 0.326847 0.0779768 0.1205 0.00105834
51 0.737102 0.313249 0.0427013 0.125453 0.00101742
