0 0.724461 0.560889 0.387476 0.863119 0.927366
0 0.241428 0.496532 0.345718 0.721868 0.907155
0 0.468254 0.576803 0.316311 0.777187 0.903083
73 0.453278 0.488945 0.135498 0.0830641 0.807879
13 0.471723 0.531428 0.943446 0.617107 0.545247
24 0.117899 0.414775 0.18489 0.182336 0.513957
13 0.346216 0.499195 0.683985 0.501597 0.302121
67 0.707764 0.593872 0.0562138 0.037406 0.283918
27 0.733812 0.415195 0.0341484 0.106325 0.245537
13 0.395878 0.561143 0.791756 0.435474 0.239387
13 0.544592 0.72663 0.681978 0.442709 0.218779
27 0.723144 0.469428 0.0535043 0.213746 0.177082
13 0.658116 0.715029 0.354278 0.222582 0.137746
13 0.519475 0.65889 0.676521 0.322055 0.116178
73 0.247105 0.26924 0.0674864 0.114365 0.107201
13 0.676072 0.663832 0.321195 0.340928 0.0787104
24 0.149849 0.382825 0.117288 0.108639 0.0675428
27 0.733411 0.445406 0.0353827 0.166137 0.0654334
13 0.311493 0.441696 0.61762 0.389036 0.0637776
13 0.0856547 0.53981 0.169122 0.166211 0.0587429
13 0.405893 0.640987 0.811785 0.383005 0.0580252
13 0.261585 0.519082 0.429365 0.562691 0.0487661
13 0.115322 0.435836 0.227871 0.367385 0.0420197
65 0.707764 0.593872 0.0562138 0.037406 0.0372525
26 0.118503 0.414825 0.185614 0.182983 0.0357121
2 0.892343 0.333612 0.057789 0.037262 0.0341109
73 0.466134 0.510877 0.109979 0.0471694 0.0326493
13 0.161667 0.585397 0.321676 0.262891 0.0325789
73 0.434484 0.475264 0.0984178 0.0556424 0.0320399
13 0.17381 0.54075 0.347619 0.174138 0.0319701
24 0.118246 0.46253 0.148011 0.0895902 0.0274829
58 0.950696 0.465191 0.0930458 0.292838 0.0274696
13 0.259026 0.597572 0.111087 0.141676 0.0267068
13 0.300374 0.585472 0.59867 0.265693 0.0265688
73 0.710171 0.593149 0.0601951 0.0370196 0.0251966
13 0.69989 0.672864 0.449611 0.49696 0.0246413
73 0.311568 0.267975 0.19645 0.117613 0.0198478
13 0.702247 0.74163 0.454903 0.247048 0.0197144
27 0.517605 0.393329 0.0226457 0.088444 0.0192818
26 0.265029 0.36997 0.124727 0.303776 0.0189126
13 0.175903 0.4535 0.349917 0.406464 0.0188548
73 0.465892 0.518471 0.0978859 0.0273603 0.01872
13 0.285544 0.688008 0.183521 0.320996 0.0184758
13 0.300772 0.61167 0.207258 0.177313 0.0179134
13 0.525201 0.67449 0.812977 0.444885 0.017877
13 0.738357 0.740864 0.188136 0.196487 0.017792
26 0.153648 0.382501 0.108455 0.10923 0.0174658
13 0.362526 0.60243 0.323604 0.157124 0.0169818
2 0.0401605 0.146663 0.0389818 0.0519982 0.0167172
13 0.585797 0.583695 0.549568 0.627516 0.0154994
28 0.117186 0.416216 0.183434 0.183137 0.0138446
26 0.118246 0.46253 0.148011 0.0895902 0.0130304
13 0.678635 0.613104 0.345068 0.682634 0.0126049
13 0.144659 0.510417 0.286564 0.229483 0.0123074
27 0.657057 0.379827 0.0652704 0.112699 0.011965
73 0.241162 0.367971 0.0743018 0.311294 0.0118578
24 0.265029 0.36997 0.124727 0.303776 0.0118387
73 0.262446 0.373616 0.108389 0.333024 0.010473
13 0.781853 0.733692 0.277244 0.213959 0.0102799
27 0.731561 0.408272 0.027623 0.091142 0.00998557
13 0.723107 0.710579 0.377964 0.283007 0.00968203
13 0.319693 0.634105 0.238981 0.218983 0.00944814
13 0.662362 0.697057 0.28131 0.227766 0.00862432
24 0.0774957 0.416897 0.10388 0.126353 0.00849885
2 0.552536 0.0860759 0.0696893 0.0493145 0.00758415
13 0.311964 0.511611 0.222991 0.338324 0.00748816
73 0.318706 0.249862 0.213439 0.158055 0.00737703
13 0.179991 0.622321 0.275035 0.343949 0.0073663
24 0.113094 0.446089 0.154564 0.121221 0.0071885
73 0.252919 0.279675 0.0575882 0.0828463 0.00699905
13 0.154703 0.364893 0.307081 0.502273 0.00697047
27 0.702995 0.531155 0.0230774 0.0931382 0.0067237
26 0.563405 0.65385 0.0783703 0.0909517 0.00660729
24 0.128451 0.389981 0.171535 0.141697 0.0065718
13 0.127734 0.355452 0.182847 0.205513 0.00638461
63 0.453939 0.48908 0.137027 0.0828174 0.00628206
13 0.185478 0.594909 0.258938 0.157951 0.00620094
2 0.0600306 0.145833 0.0789826 0.0627847 0.00617942
27 0.515075 0.406755 0.0277997 0.119142 0.00582799
13 0.581609 0.695821 0.53337 0.307188 0.00577256
2 0.626962 0.171543 0.314658 0.232709 0.00574881
2 0.975617 0.174876 0.0429625 0.0734183 0.00542927
13 0.197369 0.353086 0.264111 0.203051 0.00521427
13 0.671573 0.666602 0.30134 0.163844 0.00517026
73 0.464455 0.495024 0.114494 0.0679608 0.00505123
24 0.134324 0.465911 0.131332 0.0784022 0.00494486
73 0.717546 0.595524 0.0787516 0.0433572 0.00458649
67 0.670719 0.268274 0.0363165 0.0383926 0.00445092
26 0.74099 0.724803 0.180439 0.155332 0.00441906
67 0.671703 0.284198 0.0390394 0.0711825 0.00439799
46 0.707347 0.594456 0.0572071 0.0386611 0.00437358
2 0.901168 0.331643 0.075433 0.0425896 0.00422832
2 0.888289 0.326836 0.0671638 0.0484426 0.00415638
73 0.65916 0.381161 0.0702967 0.114526 0.00413564
0 0.50607 0.347542 0.21178 0.308246 0.00410554
26 0.709281 0.599238 0.0634121 0.0434905 0.00408459
56 0.738957 0.739602 0.187626 0.187503 0.00408289
13 0.275156 0.580308 0.15523 0.189576 0.0039728
67 0.69069 0.317465 0.0210734 0.0386402 0.00397262
24 0.174608 0.414398 0.308699 0.197165 0.00397229
67 0.685027 0.312632 0.0191826 0.0357634 0.00396377
2 0.533614 0.305546 0.237985 0.0988958 0.00394377
24 0.137811 0.371 0.206621 0.182854 0.00384837
27 0.744861 0.406554 0.0329423 0.087416 0.00380793
13 0.235841 0.496696 0.359795 0.71345 0.00358516
2 0.0823189 0.147403 0.122885 0.0639563 0.00358456
26 0.717818 0.472617 0.0636041 0.22176 0.00355279
67 0.725166 0.590093 0.0855896 0.038346 0.00352916
2 0.580846 0.179163 0.226758 0.196979 0.00348154
13 0.728721 0.605439 0.378642 0.763123 0.0033778
2 0.976164 0.186129 0.0412441 0.0498791 0.0033409
5 0.735234 0.167222 0.514969 0.314139 0.00329003
26 0.751008 0.651834 0.212921 0.228489 0.0032562
2 0.553469 0.255969 0.284494 0.202749 0.00318301
58 0.918358 0.466528 0.159957 0.303212 0.00309664
73 0.472402 0.490677 0.110863 0.042428 0.00301221
2 0.552219 0.15555 0.198212 0.193809 0.00298843
52 0.707347 0.594456 0.0572071 0.0386611 0.00296882
13 0.483691 0.618352 0.859125 0.591142 0.00288302
28 0.74099 0.724803 0.180439 0.155332 0.00286952
2 0.577689 0.216666 0.24343 0.181398 0.0028668
27 0.552764 0.368446 0.0633472 0.16701 0.00283208
67 0.679642 0.2902 0.0291524 0.0719203 0.00282755
26 0.247038 0.269751 0.0670376 0.118592 0.00281674
24 0.103031 0.430405 0.151341 0.137942 0.0027734
13 0.289475 0.485816 0.260199 0.421679 0.00269359
26 0.736578 0.523127 0.0930222 0.129328 0.00265795
2 0.879683 0.335122 0.081871 0.0361002 0.00265226
26 0.113094 0.446089 0.154564 0.121221 0.00258562
27 0.697969 0.46842 0.113914 0.22714 0.00258413
27 0.527015 0.382304 0.0186384 0.0672421 0.00257236
27 0.551102 0.399446 0.0853806 0.167159 0.00254816
13 0.779771 0.775379 0.300854 0.275057 0.00253165
2 0.620868 0.21925 0.146694 0.120839 0.00246456
2 0.881708 0.374596 0.0943336 0.113 0.00245348
13 0.112386 0.325491 0.218531 0.275126 0.00243446
26 0.134324 0.465911 0.131332 0.0784022 0.00241852
73 0.513013 0.506615 0.0305217 0.0253187 0.00239301
26 0.563941 0.641319 0.0783422 0.0624893 0.00238907
2 0.227336 0.18894 0.0717393 0.0505571 0.00237128
58 0.964329 0.506744 0.0676189 0.200919 0.00235659
27 0.536361 0.361822 0.0696063 0.136864 0.00233799
24 0.075995 0.399085 0.0894653 0.108602 0.00232109
24 0.457283 0.388907 0.111311 0.208915 0.00230676
2 0.519414 0.14447 0.232876 0.184223 0.00230545
73 0.239964 0.279462 0.0717142 0.133124 0.00229186
73 0.4934 0.565712 0.241705 0.256312 0.00220987
2 0.880069 0.362025 0.0963848 0.0811376 0.00218749
35 0.265311 0.379068 0.125941 0.287252 0.00211248
73 0.23846 0.273811 0.0502512 0.107553 0.00209987
56 0.259026 0.597572 0.111087 0.141676 0.00204545
2 0.102304 0.159461 0.0893376 0.0625932 0.002022
13 0.655344 0.776152 0.411788 0.381745 0.00201398
27 0.567717 0.377065 0.0328876 0.132184 0.00201237
13 0.253212 0.662494 0.129491 0.275922 0.00200692
27 0.706051 0.392976 0.0732273 0.0589326 0.00194216
27 0.726315 0.395331 0.0195881 0.0659544 0.00193307
26 0.569685 0.641432 0.111246 0.183684 0.00191367
27 0.471717 0.382692 0.0613262 0.18361 0.0018774
2 0.651847 0.10167 0.242111 0.093534 0.00186473
2 0.23708 0.17156 0.0933644 0.090279 0.00184944
0 0.266828 0.360455 0.125422 0.317605 0.00183764
13 0.478263 0.675609 0.256605 0.156663 0.00182644
26 0.700429 0.531807 0.027223 0.094427 0.00182027
5 0.631451 0.171706 0.324377 0.238612 0.00180408
2 0.561651 0.181174 0.188183 0.156134 0.00180167
26 0.0774957 0.416897 0.10388 0.126353 0.00179306
13 0.455395 0.722487 0.29629 0.247798 0.00178155
27 0.464851 0.378558 0.040443 0.179425 0.00177157
28 0.118246 0.46253 0.148011 0.0895902 0.00176388
7 0.631451 0.171706 0.324377 0.238612 0.00173876
73 0.511581 0.519641 0.0328711 0.0363901 0.00173199
73 0.514125 0.493825 0.0311872 0.0273815 0.00172803
24 0.143348 0.422238 0.131749 0.167544 0.00171342
27 0.693369 0.448845 0.15812 0.262647 0.00169802
8 0.735234 0.167222 0.514969 0.314139 0.001692
26 0.136585 0.377487 0.143437 0.110322 0.00168344
73 0.496516 0.518151 0.058658 0.0396378 0.00167176
13 0.786953 0.777313 0.26138 0.35751 0.00166509
26 0.743944 0.489726 0.105944 0.189368 0.00163797
67 0.701958 0.5303 0.0231935 0.0923922 0.00162792
26 0.441029 0.378933 0.0779585 0.18626 0.0016247
27 0.676972 0.396059 0.0331467 0.0614539 0.00160939
26 0.701609 0.619081 0.0573474 0.0721779 0.0015924
73 0.247697 0.30165 0.0709182 0.167128 0.00156692
13 0.255332 0.620752 0.110547 0.131158 0.00156453
26 0.717546 0.595524 0.0787516 0.0433572 0.001562
48 0.707347 0.594456 0.0572071 0.0386611 0.00155464
26 0.0923745 0.45936 0.119643 0.0760041 0.00155258
2 0.976257 0.158991 0.0433319 0.109074 0.00154793
27 0.7307 0.400442 0.0219205 0.0792632 0.00154069
24 0.0923745 0.45936 0.119643 0.0760041 0.00153705
24 0.100679 0.467975 0.131097 0.0653965 0.00153518
67 0.686634 0.297528 0.0297213 0.0885887 0.00150424
56 0.657991 0.679042 0.267124 0.150311 0.00150251
13 0.564144 0.654742 0.0788479 0.0919418 0.00146991
6 0.240878 0.160949 0.474596 0.298386 0.00146797
26 0.103031 0.430405 0.151341 0.137942 0.00145829
26 0.635298 0.634323 0.224313 0.185819 0.00145134
56 0.563554 0.655356 0.0777887 0.0885782 0.00144833
28 0.666948 0.724129 0.328506 0.172188 0.0014326
73 0.308667 0.342708 0.202959 0.367315 0.00143108
27 0.711439 0.402211 0.076366 0.0850389 0.00141358
2 0.217532 0.19283 0.0502033 0.036908 0.00141263
13 0.195983 0.562204 0.261988 0.306 0.00138891
29 0.710171 0.593149 0.0601951 0.0370196 0.00134566
13 0.16026 0.29208 0.115672 0.0731014 0.00134099
6 0.255931 0.238545 0.506629 0.449759 0.00133589
13 0.653904 0.773959 0.252666 0.395152 0.00133288
2 0.905333 0.322265 0.0842003 0.0593689 0.00131947
27 0.56738 0.396327 0.0480791 0.098537 0.00131828
56 0.662362 0.697057 0.28131 0.227766 0.00129521
26 0.100679 0.467975 0.131097 0.0653965 0.00129417
28 0.676232 0.668365 0.337056 0.252247 0.00129241
14 0.259795 0.670173 0.0349431 0.0356331 0.00129223
56 0.785719 0.724397 0.273117 0.241411 0.00128984
73 0.242867 0.251679 0.0453081 0.0777929 0.00128028
45 0.710171 0.593149 0.0601951 0.0370196 0.00127673
8 0.64185 0.180294 0.685296 0.296348 0.00127578
13 0.496365 0.657843 0.229864 0.198424 0.001275
13 0.57527 0.652951 0.103251 0.195346 0.00127125
65 0.725166 0.590093 0.0855896 0.038346 0.00126842
76 0.707347 0.594456 0.0572071 0.0386611 0.00125402
67 0.763032 0.569972 0.0174862 0.0175635 0.0012438
2 0.0834204 0.167553 0.02196 0.0234588 0.00121802
67 0.720977 0.600999 0.0794485 0.0568756 0.00121173
67 0.709281 0.599238 0.0634121 0.0434905 0.00120795
28 0.153648 0.382501 0.108455 0.10923 0.00119498
0 0.131566 0.181443 0.0178063 0.0211681 0.00117525
0 0.308753 0.326887 0.211137 0.374359 0.00116965
2 0.868585 0.363652 0.121585 0.114604 0.00116155
35 0.710171 0.593149 0.0601951 0.0370196 0.00115824
13 0.393352 0.294198 0.777461 0.55971 0.00114802
2 0.312682 0.172848 0.239601 0.0863323 0.00114325
73 0.706592 0.609693 0.0606579 0.0706506 0.0011349
2 0.526075 0.143599 0.159601 0.180652 0.00112367
2 0.88184 0.316289 0.0737354 0.0671123 0.00112185
67 0.678412 0.293426 0.0488729 0.0928605 0.00111502
26 0.653273 0.381429 0.0658573 0.112453 0.00110838
56 0.285544 0.688008 0.183521 0.320996 0.00110731
43 0.707764 0.593872 0.0562138 0.037406 0.00110519
6 0.735234 0.167222 0.514969 0.314139 0.00110102
26 0.267172 0.391824 0.12419 0.180724 0.00108993
26 0.0779721 0.389046 0.0930234 0.130182 0.00108716
67 0.662747 0.376686 0.0687332 0.102109 0.00108421
26 0.723805 0.545972 0.0772594 0.141103 0.00108323
24 0.0690412 0.420765 0.0851007 0.107393 0.00107828
2 0.0870604 0.155627 0.0389517 0.0501428 0.00107485
5 0.7598 0.120687 0.469914 0.231552 0.00107294
56 0.178517 0.591155 0.273481 0.290102 0.00107083
5 0.64185 0.180294 0.685296 0.296348 0.00106037
73 0.523273 0.519483 0.0602235 0.0566011 0.00105765
27 0.548612 0.370753 0.0531668 0.10853 0.00104219
26 0.662585 0.647914 0.28553 0.169578 0.00103375
73 0.51711 0.518381 0.04406 0.063943 0.00101539
7 0.733104 0.165955 0.519372 0.317985 0.0010128
26 0.241162 0.367971 0.0743018 0.311294 0.00101092
2 0.11467 0.30028 0.222862 0.288969 0.00100946
2 0.529755 0.287254 0.198373 0.141542 0.0010092
13 0.744591 0.699282 0.169532 0.119707 0.00100225
