3 0.464861 0.643446 0.847092 0.53844 0.932392
0 0.507059 0.440193 0.56485 0.645989 0.877318
0 0.609727 0.291856 0.184964 0.289245 0.354032
0 0.663702 0.448065 0.298918 0.607292 0.0726554
0 0.438101 0.286184 0.413032 0.339936 0.0548714
0 0.589856 0.456942 0.494016 0.616947 0.0114402
0 0.664787 0.550221 0.326593 0.346246 0.00923139
0 0.541357 0.257003 0.256873 0.221679 0.0040004
0 0.499395 0.24274 0.238732 0.227294 0.0035201
0 0.445719 0.362737 0.449152 0.486074 0.0033679
0 0.558543 0.280715 0.199074 0.273182 0.00170702
0 0.612128 0.246145 0.177519 0.198149 0.00150394
3 0.791591 0.714396 0.197567 0.303289 0.00146246
0 0.786119 0.69681 0.204191 0.347108 0.00118312
