5 0.542812 0.511245 0.647282 0.553345 0.956661
1 0.199672 0.632415 0.04194 0.126289 0.575666
0 0.898158 0.602207 0.0235104 0.0832281 0.518462
0 0.0239275 0.516154 0.0318941 0.0614507 0.261284
1 0.191844 0.62891 0.0589545 0.13337 0.204051
0 0.895154 0.608647 0.0284702 0.094313 0.202261
0 0.00563027 0.541273 0.010447 0.0382238 0.160869
0 0.872186 0.582006 0.014736 0.0814722 0.156156
0 0.0691023 0.514723 0.0357834 0.0559537 0.150806
56 0.892538 0.642212 0.0218393 0.0584697 0.150099
0 0.912873 0.561043 0.015081 0.0317554 0.143664
0 0.914427 0.557353 0.0192226 0.0388155 0.136514
56 0.903465 0.640847 0.0218502 0.0536664 0.132424
0 0.871635 0.592802 0.0143867 0.0590307 0.124849
0 0.954861 0.558083 0.0143154 0.038832 0.102056
0 0.942116 0.556041 0.0159344 0.0348384 0.0958876
0 0.0197829 0.523964 0.0375553 0.0762965 0.0948461
0 0.873723 0.566359 0.013063 0.0533349 0.0867376
56 0.88648 0.6452 0.0243774 0.0526608 0.0854072
0 0.936937 0.558912 0.0120434 0.0300274 0.0749617
1 0.0277077 0.685274 0.0282396 0.047418 0.0686757
0 0.00606838 0.527214 0.0107658 0.0697993 0.0618936
0 0.0204945 0.571667 0.0398802 0.171707 0.0557125
56 0.985776 0.61353 0.0271294 0.046399 0.0538416
0 0.910214 0.568164 0.0130634 0.024223 0.0520042
1 0.20458 0.602093 0.0401512 0.0852546 0.0414743
56 0.90193 0.643696 0.0307114 0.055998 0.0384753
0 0.877367 0.604758 0.0152842 0.0365076 0.0383943
0 0.867866 0.585067 0.0201401 0.0840612 0.0362152
1 0.892538 0.642212 0.0218393 0.0584697 0.0361331
1 0.0275455 0.676422 0.0294525 0.0628993 0.0350874
1 0.171169 0.633249 0.100335 0.126864 0.034705
13 0.985747 0.617337 0.0266338 0.0385865 0.033338
1 0.903465 0.640847 0.0218502 0.0536664 0.0325187
0 0.0328874 0.513407 0.0357515 0.0565111 0.0301071
0 0.00622828 0.548993 0.0114942 0.0634917 0.0297763
9 0.0841857 0.399139 0.0116069 0.0311991 0.0280435
0 0.939183 0.558007 0.0181141 0.0314154 0.0270002
0 0.903442 0.602741 0.0301662 0.089295 0.0261216
0 0.556413 0.559974 0.0472986 0.0578847 0.0229457
1 0.98596 0.614603 0.0269548 0.0447408 0.0226515
0 0.013694 0.57521 0.0269245 0.163835 0.0212317
56 0.908258 0.643106 0.0308563 0.0519403 0.0199377
0 0.875643 0.561725 0.0135927 0.045109 0.019834
1 0.877367 0.604758 0.0152842 0.0365076 0.0197057
1 0.0117441 0.617699 0.0225301 0.081141 0.0193541
1 0.027555 0.65407 0.03213 0.106775 0.0183267
0 0.951168 0.553805 0.0154633 0.0422032 0.0169652
0 0.413369 0.473421 0.037546 0.0829947 0.0157781
1 0.901203 0.642819 0.0291466 0.0563483 0.0155266
0 0.00509232 0.523873 0.0101846 0.0616786 0.0142663
56 0.873127 0.644823 0.0396509 0.0541684 0.0130299
0 0.888924 0.626535 0.0292131 0.0771082 0.0125854
0 0.895047 0.594039 0.0226006 0.0971547 0.0124283
0 0.564109 0.561561 0.0328451 0.0552217 0.0122524
0 0.95457 0.58379 0.017131 0.0922987 0.0115152
0 0.878001 0.591753 0.0203941 0.0730899 0.010054
0 0.329466 0.498209 0.0488404 0.0732177 0.00972259
0 0.864977 0.594859 0.0229549 0.107651 0.00866276
13 0.877305 0.643575 0.036665 0.0552658 0.00807363
1 0.888924 0.626535 0.0292131 0.0771082 0.0077028
0 0.0443931 0.51523 0.0601404 0.0574988 0.0076412
0 0.913339 0.589942 0.0184322 0.0844784 0.00751352
74 0.952898 0.471045 0.0193714 0.0304103 0.00722563
1 0.196277 0.604607 0.0447136 0.0910941 0.00722298
1 0.0132234 0.603984 0.0255858 0.10849 0.00721961
26 0.877367 0.604758 0.0152842 0.0365076 0.00714219
56 0.888924 0.626535 0.0292131 0.0771082 0.00712034
1 0.188822 0.600254 0.0440436 0.0838496 0.00679213
56 0.99498 0.61572 0.0100393 0.0461108 0.00678194
56 0.877367 0.604758 0.0152842 0.0365076 0.00672093
13 0.88648 0.6452 0.0243774 0.0526608 0.00664026
56 0.929812 0.622248 0.0127514 0.0133633 0.00649813
0 0.0402147 0.517732 0.0239838 0.0460562 0.00619343
60 0.88648 0.6452 0.0243774 0.0526608 0.00600436
1 0.0234149 0.632896 0.042725 0.150641 0.00584012
0 0.190614 0.578026 0.0149179 0.0456753 0.00569925
9 0.0872614 0.398333 0.0186003 0.0324561 0.00568685
56 0.0132234 0.603984 0.0255858 0.10849 0.00561818
60 0.892538 0.642212 0.0218393 0.0584697 0.00524604
56 0.911053 0.633701 0.0243126 0.0438456 0.00485817
0 0.407917 0.478427 0.0455407 0.0931568 0.00450835
9 0.204142 0.416499 0.012318 0.0435828 0.00439847
1 0.209125 0.617796 0.0299412 0.0885115 0.00433895
0 0.99498 0.61572 0.0100393 0.0461108 0.00424984
56 0.934241 0.600369 0.0369576 0.0581336 0.00422892
0 0.855172 0.631246 0.008255 0.0358187 0.00418696
1 0.908258 0.643106 0.0308563 0.0519403 0.0041801
0 0.560852 0.553461 0.0401094 0.0670281 0.00413811
60 0.888924 0.626535 0.0292131 0.0771082 0.00411987
0 0.990475 0.597321 0.0185772 0.0756887 0.00402978
1 0.871635 0.592802 0.0143867 0.0590307 0.00398132
0 0.202657 0.567905 0.0183351 0.0342915 0.00394833
0 0.333397 0.492139 0.040721 0.0595572 0.00383264
0 0.338015 0.503457 0.0630734 0.0833071 0.00383204
1 0.190614 0.578026 0.0149179 0.0456753 0.00381082
1 0.171687 0.576787 0.0203865 0.0305769 0.00375754
1 0.207492 0.593386 0.0337174 0.0892228 0.00367874
3 0.877367 0.604758 0.0152842 0.0365076 0.00357246
0 0.352024 0.459865 0.0554989 0.0642642 0.0035699
0 0.86345 0.601626 0.0161905 0.10174 0.00354612
56 0.942557 0.606377 0.0235275 0.0458907 0.00347781
60 0.985863 0.616474 0.0277073 0.0399518 0.00346532
0 0.992661 0.573999 0.0140064 0.033097 0.00344089
13 0.903465 0.640847 0.0218502 0.0536664 0.00330043
0 0.207551 0.553676 0.0125585 0.0324172 0.00327775
56 0.95376 0.605279 0.0162586 0.0482372 0.00322136
0 0.916869 0.593957 0.0199759 0.071333 0.00312775
60 0.934286 0.599385 0.039706 0.0624668 0.00309777
56 0.985674 0.600361 0.0281757 0.0709388 0.00308493
13 0.892538 0.642212 0.0218393 0.0584697 0.00307447
1 0.180959 0.574206 0.0310487 0.0522532 0.00301236
0 0.386437 0.477855 0.0496798 0.087136 0.00296742
1 0.202657 0.567905 0.0183351 0.0342915 0.0029175
1 0.88648 0.6452 0.0243774 0.0526608 0.00288042
56 0.0117441 0.617699 0.0225301 0.081141 0.00286737
1 0.0530529 0.676985 0.0794273 0.0669892 0.00274646
13 0.867813 0.644057 0.0334084 0.0602601 0.00255862
0 0.355705 0.473809 0.0640095 0.0886199 0.00254223
1 0.214405 0.605149 0.0405325 0.0804575 0.00250921
0 0.946371 0.58688 0.0290239 0.0867549 0.00248885
0 0.0745548 0.520175 0.0489144 0.0580732 0.00246239
0 0.0877477 0.523066 0.0246438 0.0500744 0.00240669
0 0.0121388 0.602181 0.0238481 0.111101 0.00240484
13 0.908258 0.643106 0.0308563 0.0519403 0.00240275
0 0.35892 0.499341 0.0512751 0.0719321 0.00236535
13 0.888924 0.626535 0.0292131 0.0771082 0.00235346
56 0.867813 0.644057 0.0334084 0.0602601 0.00235245
3 0.0275372 0.684731 0.0281413 0.0481361 0.00230873
56 0.895154 0.608647 0.0284702 0.094313 0.00220016
13 0.877367 0.604758 0.0152842 0.0365076 0.0021601
0 0.346365 0.454351 0.0486039 0.0591028 0.00215966
60 0.877305 0.643575 0.036665 0.0552658 0.0021168
13 0.98136 0.614582 0.035549 0.0449073 0.00211382
0 0.119731 0.529917 0.0167148 0.0520744 0.00205186
0 0.353563 0.507039 0.0584768 0.0731997 0.00198886
56 0.94453 0.597492 0.025691 0.06393 0.00196457
60 0.905336 0.641557 0.0234703 0.0575088 0.00186455
13 0.901203 0.642819 0.0291466 0.0563483 0.00183812
13 0.99498 0.61572 0.0100393 0.0461108 0.00181118
13 0.929812 0.622248 0.0127514 0.0133633 0.0017449
56 0.954657 0.595726 0.0170292 0.0679859 0.00173712
9 0.0848093 0.395047 0.0161067 0.0397449 0.00173035
1 0.207551 0.553676 0.0125585 0.0324172 0.00165552
24 0.877367 0.604758 0.0152842 0.0365076 0.00163355
0 0.735059 0.536509 0.0277621 0.0728583 0.0016273
0 0.422951 0.47479 0.0574401 0.0880064 0.00162286
0 0.732034 0.530308 0.0331639 0.0581482 0.00161353
0 0.736989 0.548062 0.0218522 0.064928 0.0016135
1 0.20314 0.587967 0.0338124 0.101125 0.00161022
58 0.992661 0.573999 0.0140064 0.033097 0.00157073
0 0.399475 0.481071 0.0545782 0.087628 0.00154775
0 0.398074 0.47681 0.0406141 0.0743852 0.00153539
13 0.0127466 0.609721 0.0242563 0.0978665 0.00150493
0 0.379863 0.504161 0.0416699 0.0574862 0.0014981
1 0.192057 0.58058 0.0489664 0.0866454 0.00149587
0 0.117216 0.538172 0.0117963 0.0360766 0.00148791
56 0.916869 0.593957 0.0199759 0.071333 0.00147909
0 0.780235 0.54594 0.0123883 0.0263934 0.00146192
2 0.877367 0.604758 0.0152842 0.0365076 0.00144312
0 0.582214 0.639363 0.0109751 0.0277339 0.0014343
58 0.877367 0.604758 0.0152842 0.0365076 0.00140598
13 0.934241 0.600369 0.0369576 0.0581336 0.00140461
16 0.877367 0.604758 0.0152842 0.0365076 0.00140351
2 0.160392 0.558665 0.0687478 0.0663335 0.00140247
56 0.872349 0.594534 0.0162884 0.0672003 0.00139949
1 0.175222 0.574572 0.0262857 0.033366 0.00139356
0 0.365632 0.510772 0.0523958 0.062353 0.00139344
0 0.732103 0.519697 0.0347695 0.0495538 0.00138712
0 0.955451 0.540923 0.0126068 0.0442592 0.00137144
0 0.641189 0.530132 0.0275181 0.0837265 0.00135806
56 0.856715 0.635765 0.0108469 0.0431721 0.00131893
3 0.027555 0.65407 0.03213 0.106775 0.0013181
1 0.99498 0.61572 0.0100393 0.0461108 0.0013079
13 0.856715 0.635765 0.0108469 0.0431721 0.00128961
0 0.682967 0.52904 0.0203081 0.0672151 0.00125197
0 0.829693 0.565938 0.0123795 0.0374261 0.0012427
0 0.552807 0.56785 0.0541536 0.0744019 0.00124195
0 0.202287 0.600339 0.0387758 0.0813659 0.00123799
0 0.316987 0.485931 0.0500468 0.075775 0.00123596
0 0.318001 0.501257 0.049261 0.0737458 0.00121546
0 0.356633 0.504681 0.0399056 0.0561041 0.00120878
1 0.188907 0.565454 0.0188613 0.052873 0.00120398
0 0.389986 0.484522 0.0394385 0.0856536 0.00118414
56 0.915765 0.636786 0.047546 0.0521371 0.0011794
0 0.340673 0.490861 0.0500352 0.0651545 0.00116554
1 0.911053 0.633701 0.0243126 0.0438456 0.00113493
0 0.94453 0.597492 0.025691 0.06393 0.00113305
0 0.188907 0.565454 0.0188613 0.052873 0.00112662
3 0.0234149 0.632896 0.042725 0.150641 0.00110286
9 0.180956 0.470435 0.0113567 0.0312551 0.00109604
0 0.379166 0.485413 0.0504399 0.084907 0.00109422
0 0.216165 0.547955 0.0112733 0.0473604 0.00108323
0 0.568707 0.558841 0.0288184 0.0576374 0.00107592
0 0.36728 0.50728 0.0422451 0.049927 0.00106737
0 0.548512 0.555502 0.0484392 0.071242 0.00105175
1 0.985674 0.600361 0.0281757 0.0709388 0.00104898
3 0.0117441 0.617699 0.0225301 0.081141 0.0010424
0 0.895556 0.561678 0.017754 0.0413117 0.00104058
0 0.473014 0.5594 0.0226957 0.0287342 0.00103244
0 0.378818 0.51653 0.0313442 0.0436022 0.00102893
0 0.180959 0.574206 0.0310487 0.0522532 0.00102678
60 0.877367 0.604758 0.0152842 0.0365076 0.00102475
0 0.207492 0.593386 0.0337174 0.0892228 0.00101623
0 0.556862 0.545245 0.0475334 0.0875447 0.00101325
13 0.911053 0.633701 0.0243126 0.0438456 0.00100783
0 0.295631 0.486189 0.0354632 0.0780339 0.00100726
3 0.871635 0.592802 0.0143867 0.0590307 0.00100675
