0 0.449791 0.478507 0.0701666 0.113074 0.719312
20 0.460198 0.582657 0.226969 0.151531 0.665533
0 0.433148 0.457004 0.0510832 0.106895 0.618686
20 0.630383 0.559322 0.0971596 0.0900215 0.372568
0 0.63131 0.455624 0.0328281 0.0438415 0.323104
0 0.673207 0.493475 0.0267467 0.0555472 0.197472
13 0.630908 0.49721 0.0608639 0.0527024 0.194794
0 0.0631235 0.606919 0.0308023 0.0541822 0.192441
20 0.491637 0.587581 0.158028 0.138286 0.17734
13 0.622757 0.499887 0.0441134 0.0479991 0.161948
0 0.4367 0.44541 0.0445261 0.0831461 0.159612
0 0.636343 0.466064 0.0419388 0.0654971 0.15677
0 0.0972921 0.605423 0.0140649 0.0288196 0.104876
0 0.444834 0.43979 0.0285578 0.0713701 0.0948639
0 0.638932 0.458752 0.0481875 0.0560368 0.0851149
13 0.461544 0.520475 0.0443823 0.0437922 0.0848906
13 0.61841 0.490427 0.0359622 0.0287873 0.0785614
0 0.381351 0.447601 0.0190478 0.0314876 0.0672221
20 0.615905 0.559764 0.0670977 0.0881678 0.0662195
13 0.46443 0.525165 0.058309 0.0565923 0.0578219
0 0.0668001 0.602108 0.0364009 0.0477719 0.0536017
20 0.0645679 0.604849 0.0345921 0.0543488 0.0517621
0 0.628248 0.463345 0.0443134 0.0613884 0.0454082
20 0.386506 0.532563 0.0813851 0.0424737 0.0452936
13 0.626009 0.483253 0.0496777 0.0352873 0.0434935
0 0.0970374 0.609941 0.015183 0.0412185 0.0428854
20 0.648029 0.558339 0.13192 0.0943306 0.0411059
0 0.455683 0.465639 0.0589719 0.0859648 0.0384851
13 0.619681 0.481215 0.0372175 0.0284721 0.0366616
20 0.643414 0.494139 0.0858925 0.0589577 0.0358661
0 0.378947 0.434332 0.0218268 0.0590788 0.0348119
0 0.381641 0.466938 0.0215688 0.0755699 0.0332144
20 0.631718 0.496964 0.061059 0.0539197 0.0330822
13 0.643262 0.495979 0.0386262 0.0527764 0.0319126
13 0.644017 0.494857 0.0856437 0.0572569 0.0281157
56 0.462049 0.517078 0.0469847 0.0457391 0.0259693
0 0.645346 0.49517 0.0350836 0.051191 0.0253992
0 0.0558014 0.613271 0.0386903 0.0661464 0.0253614
13 0.463151 0.515562 0.0515326 0.0615092 0.0242804
56 0.464105 0.524832 0.0517277 0.0526979 0.0214732
0 0.628647 0.439158 0.0315051 0.0686478 0.0214294
0 0.670598 0.484514 0.0364738 0.0729885 0.0208407
56 0.630376 0.497694 0.0591232 0.0536652 0.0206636
0 0.651754 0.485101 0.025668 0.0398112 0.0196494
0 0.376688 0.424286 0.0223451 0.0608148 0.0195379
56 0.622757 0.499887 0.0441134 0.0479991 0.0193817
56 0.460402 0.522465 0.0405556 0.0432864 0.0193267
0 0.387873 0.434819 0.0402066 0.0671334 0.0177633
0 0.640728 0.476585 0.0551286 0.0887479 0.0177384
0 0.633812 0.443188 0.0398272 0.0699872 0.0162367
56 0.61841 0.490427 0.0359622 0.0287873 0.0152467
0 0.632125 0.497325 0.0577011 0.0521949 0.0146992
60 0.630908 0.49721 0.0608639 0.0527024 0.013129
13 0.455873 0.482993 0.0582834 0.112377 0.0129281
56 0.619681 0.481215 0.0372175 0.0284721 0.0124415
0 0.626009 0.483253 0.0496777 0.0352873 0.0122006
0 0.396683 0.456582 0.0513842 0.101522 0.0121848
0 0.627663 0.424236 0.0200845 0.0383553 0.0112956
13 0.618556 0.558951 0.0729898 0.0885783 0.0110487
20 0.074372 0.607621 0.0581998 0.0539276 0.0110209
20 0.387663 0.543891 0.0845827 0.0658504 0.0110155
13 0.46987 0.522278 0.0734763 0.0651435 0.0105817
0 0.374294 0.416024 0.0174663 0.0480314 0.0105107
0 0.387632 0.463762 0.0331301 0.0943069 0.0104445
20 0.408319 0.524755 0.124001 0.0592904 0.0100794
0 0.681835 0.490136 0.0426048 0.0640461 0.00982675
0 0.420618 0.46712 0.080648 0.116877 0.00962311
0 0.643414 0.494139 0.0858925 0.0589577 0.00940821
0 0.426523 0.482648 0.0358271 0.058964 0.00922093
0 0.414976 0.430119 0.0195691 0.0428014 0.00895977
56 0.463151 0.515562 0.0515326 0.0615092 0.00875193
20 0.0533597 0.613214 0.0501283 0.062481 0.00845304
20 0.850012 0.549088 0.11281 0.155141 0.00840157
0 0.0325357 0.967774 0.0416155 0.0310096 0.0079737
0 0.378296 0.455281 0.0259915 0.0986308 0.00777233
0 0.674286 0.496663 0.0325358 0.0661068 0.00757918
0 0.6259 0.428874 0.0244558 0.0499678 0.00688562
0 0.0482612 0.636243 0.0587413 0.113954 0.00655255
20 0.874274 0.544027 0.159098 0.163918 0.00651801
56 0.626009 0.483253 0.0496777 0.0352873 0.00645787
0 0.416364 0.435889 0.0219488 0.0561154 0.00629744
0 0.100176 0.610517 0.021324 0.0448736 0.00617534
20 0.643262 0.495979 0.0386262 0.0527764 0.00610298
13 0.632129 0.550637 0.100766 0.105525 0.00594252
13 0.651754 0.485101 0.025668 0.0398112 0.00554085
20 0.636265 0.580224 0.110361 0.134155 0.00547844
20 0.386833 0.558754 0.0835425 0.0978345 0.00536898
0 0.0941224 0.611533 0.0238721 0.0522437 0.00530198
13 0.646144 0.500642 0.0695416 0.0627837 0.00522053
13 0.471531 0.53256 0.200444 0.0877313 0.00518638
20 0.673953 0.493502 0.0349224 0.0590375 0.00507095
56 0.455873 0.482993 0.0582834 0.112377 0.00501174
20 0.416601 0.498111 0.135621 0.11028 0.0050092
13 0.463173 0.538055 0.0798916 0.0764846 0.00495195
0 0.074372 0.607621 0.0581998 0.0539276 0.00493866
0 0.622757 0.499887 0.0441134 0.0479991 0.00481281
0 0.0306506 0.601815 0.0328208 0.0920425 0.00476322
25 0.617493 0.558957 0.0700973 0.0883179 0.00457525
0 0.413163 0.423925 0.0227453 0.0595323 0.00425917
0 0.399029 0.431449 0.0510428 0.0733265 0.00392133
20 0.0491769 0.604938 0.0638604 0.077965 0.00384289
0 0.70736 0.175322 0.0175396 0.0914368 0.0038273
56 0.466376 0.486972 0.0429031 0.0501827 0.0037882
26 0.477885 0.479025 0.0202343 0.0453781 0.00365376
0 0.454764 0.447088 0.0504124 0.0584029 0.00352135
20 0.504555 0.541345 0.134817 0.106151 0.00347584
0 0.646144 0.500642 0.0695416 0.0627837 0.00333592
0 0.466388 0.463132 0.038422 0.0853819 0.00327879
0 0.382263 0.476729 0.0505145 0.0930321 0.00308314
13 0.637947 0.470461 0.0503479 0.0741825 0.00300062
13 0.622168 0.540645 0.0720631 0.113205 0.00290379
0 0.0366168 0.634585 0.0330919 0.111477 0.00279045
0 0.0399357 0.598283 0.0435606 0.0936677 0.00269198
26 0.466376 0.486972 0.0429031 0.0501827 0.00269192
0 0.392174 0.469576 0.0441184 0.095098 0.00264388
56 0.645346 0.49517 0.0350836 0.051191 0.00263655
0 0.416601 0.498111 0.135621 0.11028 0.00256059
56 0.644017 0.494857 0.0856437 0.0572569 0.00253361
0 0.396126 0.437452 0.0583248 0.0940848 0.00251207
20 0.660248 0.577572 0.16002 0.129953 0.00249359
13 0.466376 0.486972 0.0429031 0.0501827 0.00247422
20 0.0504503 0.635921 0.0588284 0.114544 0.00242865
0 0.405035 0.456243 0.0715893 0.115537 0.00242734
0 0.466376 0.486972 0.0429031 0.0501827 0.00242504
0 0.680072 0.482165 0.0349724 0.0662111 0.00238666
0 0.0491769 0.604938 0.0638604 0.077965 0.00231159
56 0.46921 0.523686 0.0777978 0.0639528 0.00226209
0 0.111628 0.605612 0.0376599 0.0463732 0.00223458
20 0.838871 0.54948 0.0773514 0.139786 0.00220779
0 0.673418 0.479365 0.0451279 0.0878486 0.00204545
0 0.0722949 0.614646 0.0657624 0.0709671 0.00198165
56 0.477885 0.479025 0.0202343 0.0453781 0.00197279
13 0.460198 0.582657 0.226969 0.151531 0.00195506
60 0.621402 0.496774 0.0413197 0.0454402 0.00192842
0 0.101104 0.607948 0.0520812 0.0491926 0.00189817
13 0.628806 0.526299 0.0844477 0.112393 0.0018636
0 0.105674 0.599696 0.0332695 0.0552111 0.00178546
0 0.456234 0.429281 0.0458313 0.0588607 0.00176406
0 0.0317063 0.582979 0.024867 0.052013 0.00175285
0 0.40411 0.506718 0.109824 0.0889105 0.00173551
0 0.0804413 0.617282 0.0512039 0.0607113 0.00173122
0 0.0362625 0.610378 0.0360849 0.0767041 0.00169948
0 0.436652 0.492734 0.0526073 0.0670556 0.00168952
25 0.0652321 0.603116 0.0361177 0.0500339 0.00161627
20 0.40411 0.506718 0.109824 0.0889105 0.00160044
0 0.385717 0.533501 0.0810919 0.0432011 0.00158942
0 0.410354 0.502491 0.0746187 0.103582 0.00157255
0 0.393566 0.497036 0.0971553 0.119013 0.00155336
56 0.463173 0.538055 0.0798916 0.0764846 0.0014644
20 0.393566 0.497036 0.0971553 0.119013 0.00145006
17 0.643414 0.494139 0.0858925 0.0589577 0.00140271
20 0.567659 0.588208 0.22439 0.150989 0.00133771
20 0.0648592 0.635946 0.088513 0.112496 0.00131917
0 0.379527 0.476736 0.0320009 0.0826824 0.00131804
56 0.651754 0.485101 0.025668 0.0398112 0.00128713
0 0.885451 0.585255 0.0305027 0.0374997 0.00127667
13 0.682514 0.493294 0.0441708 0.0595237 0.00125095
0 0.639601 0.449588 0.0539746 0.0957096 0.00122723
0 0.619681 0.481215 0.0372175 0.0284721 0.00118864
26 0.462049 0.517078 0.0469847 0.0457391 0.00116804
20 0.539239 0.556698 0.0681766 0.0754911 0.00113931
20 0.448732 0.479871 0.0724386 0.111673 0.00113007
20 0.813368 0.600226 0.0553631 0.0629285 0.00109813
17 0.0645679 0.604849 0.0345921 0.0543488 0.00108495
0 0.111352 0.596006 0.0441056 0.0608978 0.00107995
13 0.673202 0.493751 0.0266368 0.0549925 0.00104657
60 0.626009 0.483253 0.0496777 0.0352873 0.00100154
