8 0.49381 0.633606 0.722021 0.125153 0.70522
8 0.684994 0.594846 0.479735 0.0826979 0.552483
8 0.725364 0.575216 0.23333 0.0330508 0.292108
8 0.788455 0.571593 0.354392 0.058357 0.175937
8 0.494768 0.586394 0.729517 0.220676 0.0905635
8 0.788458 0.540121 0.353662 0.119097 0.0787075
8 0.725797 0.536386 0.223475 0.114228 0.0774515
8 0.690024 0.554655 0.476397 0.163359 0.074727
8 0.730331 0.582964 0.244925 0.0359281 0.0653394
8 0.788733 0.557535 0.357858 0.0824252 0.056927
8 0.739257 0.592637 0.259427 0.0175688 0.0332888
8 0.725182 0.57895 0.256513 0.0221125 0.031036
8 0.729593 0.569557 0.251683 0.0249021 0.0297824
8 0.722679 0.588688 0.230348 0.0223697 0.0277227
8 0.920045 0.563754 0.102716 0.0732056 0.0261941
8 0.917472 0.484441 0.0361138 0.00810585 0.0245996
8 0.524069 0.556781 0.145668 0.165508 0.0188606
8 0.794699 0.470285 0.344578 0.27956 0.0172523
8 0.926764 0.569033 0.100496 0.0551857 0.0168851
8 0.815512 0.578242 0.303278 0.0373983 0.0162123
8 0.730822 0.567027 0.234939 0.0357077 0.0159084
8 0.826292 0.564443 0.277663 0.073098 0.015618
8 0.800369 0.571638 0.324036 0.0216067 0.0144088
8 0.919477 0.574028 0.0883272 0.0383171 0.0140595
8 0.780992 0.582916 0.313056 0.0255136 0.0138019
8 0.945641 0.577738 0.0598076 0.0412064 0.011788
8 0.911173 0.573079 0.113267 0.0587524 0.0111046
8 0.495096 0.557748 0.0961029 0.168943 0.0110164
8 0.8856 0.56902 0.162067 0.0660127 0.0109803
8 0.760617 0.570992 0.271083 0.0173161 0.00907806
8 0.683854 0.53036 0.114662 0.104812 0.00828773
8 0.889169 0.576735 0.154979 0.0480145 0.00805968
8 0.560467 0.54485 0.0715507 0.0899782 0.00774086
8 0.980956 0.533433 0.0359066 0.0890103 0.00754189
8 0.489675 0.537762 0.0720532 0.129302 0.00730464
8 0.726997 0.590242 0.289232 0.0184988 0.00717887
8 0.888257 0.554947 0.149809 0.116733 0.00712952
8 0.70163 0.471704 0.524496 0.317982 0.00689006
8 0.529392 0.53769 0.130376 0.128913 0.00668871
8 0.916 0.619939 0.138224 0.0513868 0.00634226
8 0.948146 0.583096 0.0552477 0.0296544 0.00563499
8 0.704107 0.527859 0.0616776 0.0978525 0.00551823
8 0.688835 0.593321 0.368816 0.0326358 0.00542673
8 0.120645 0.483154 0.0178145 0.00829363 0.00519443
8 0.750907 0.532083 0.186531 0.101339 0.00513917
8 0.953505 0.614334 0.0631874 0.0303072 0.00503546
8 0.823443 0.543403 0.278482 0.104019 0.00469631
8 0.918856 0.553558 0.0778849 0.0495933 0.00406894
8 0.866646 0.482256 0.205461 0.303519 0.00405407
8 0.739139 0.54682 0.220215 0.0742698 0.00400016
8 0.525431 0.556728 0.160916 0.12227 0.00375697
8 0.501725 0.53373 0.0497578 0.120386 0.00360775
8 0.986251 0.580338 0.0274985 0.0127835 0.003508
8 0.93412 0.611822 0.0976818 0.0321239 0.00311154
8 0.878956 0.542744 0.18214 0.105261 0.00304723
8 0.73114 0.59591 0.305184 0.0256037 0.002956
8 0.958219 0.578955 0.0760113 0.0232037 0.00291732
8 0.703298 0.572767 0.1807 0.0274522 0.00272444
8 0.953262 0.611343 0.0538198 0.0236622 0.00270948
8 0.467326 0.535829 0.0448641 0.133768 0.00263005
8 0.902831 0.58203 0.114207 0.0557613 0.00255325
8 0.91144 0.714513 0.156631 0.0321554 0.00249311
8 0.127549 0.483443 0.031844 0.00780563 0.00230739
8 0.615179 0.603484 0.344609 0.0389822 0.00226355
8 0.694863 0.583684 0.194224 0.028447 0.00220588
8 0.545208 0.590607 0.199633 0.0676752 0.00216722
8 0.896407 0.621808 0.115163 0.0512127 0.00216359
8 0.783616 0.539639 0.244492 0.0851372 0.00201854
8 0.986885 0.531042 0.0262294 0.0916635 0.00201711
8 0.95203 0.542647 0.0934593 0.108351 0.00197098
8 0.827265 0.587359 0.16376 0.020723 0.00195658
8 0.806874 0.53175 0.205168 0.115136 0.00190824
8 0.914647 0.545426 0.0771047 0.0434348 0.00190181
8 0.754324 0.45879 0.243125 0.283439 0.00188893
8 0.587001 0.620987 0.301341 0.0450684 0.00185299
8 0.646162 0.609011 0.405602 0.041223 0.00184676
8 0.772125 0.564555 0.261847 0.0321274 0.00183606
37 0.493849 0.636439 0.730126 0.117853 0.00182131
8 0.468891 0.559218 0.0634117 0.173469 0.00179303
8 0.493066 0.580274 0.0982211 0.0554308 0.0016906
8 0.874633 0.597311 0.108237 0.0481929 0.00166649
8 0.705911 0.532606 0.047671 0.0780355 0.00164637
8 0.642023 0.596545 0.383281 0.0320955 0.00163713
4 0.493849 0.636439 0.730126 0.117853 0.00163549
8 0.802582 0.560362 0.297607 0.0439186 0.00160602
0 0.13828 0.55852 0.0201664 0.0169722 0.00158992
8 0.830626 0.506761 0.0963642 0.202173 0.00157577
8 0.874194 0.581204 0.137151 0.0414699 0.00152001
8 0.303936 0.571576 0.0587612 0.173837 0.0015128
8 0.740989 0.604778 0.299655 0.0276662 0.00150463
8 0.989159 0.568142 0.021682 0.0187788 0.00150067
8 0.841231 0.617396 0.188189 0.0637825 0.0014807
0 0.400201 0.643526 0.0338361 0.020303 0.00147554
8 0.293981 0.567145 0.0387817 0.165526 0.00143418
8 0.914885 0.59042 0.137399 0.103024 0.00139511
8 0.883002 0.609069 0.100368 0.0552375 0.00128874
8 0.847404 0.608295 0.160861 0.0509983 0.00126699
8 0.625653 0.613275 0.324845 0.0483565 0.00125694
8 0.655987 0.658546 0.397524 0.0743607 0.00123838
8 0.716743 0.599436 0.331927 0.0194958 0.00123587
8 0.462635 0.526626 0.0374335 0.113962 0.00123015
8 0.913787 0.677474 0.154276 0.289742 0.00122812
8 0.628749 0.626301 0.315995 0.0312284 0.00119308
8 0.655786 0.540251 0.403847 0.12845 0.00117731
8 0.822238 0.601409 0.209117 0.0450766 0.00110516
8 0.763041 0.605328 0.286777 0.0361971 0.00108418
8 0.856376 0.543573 0.0675653 0.112214 0.00104928
8 0.58895 0.590268 0.2804 0.0592403 0.00104117
8 0.562784 0.608847 0.241777 0.0764692 0.00103396
8 0.466115 0.522638 0.0286468 0.104024 0.00103319
8 0.61534 0.582114 0.0377561 0.0240195 0.00100717
