17 0.348384 0.645428 0.276005 0.322549 0.90917
17 0.592477 0.637617 0.34561 0.367927 0.905329
58 0.620241 0.903551 0.18704 0.0928058 0.827012
0 0.390221 0.581525 0.140194 0.11976 0.789322
0 0.328775 0.707752 0.0298776 0.0568619 0.725505
0 0.625588 0.597153 0.155658 0.129784 0.649649
0 0.754804 0.688417 0.0371858 0.0620361 0.555849
0 0.511089 0.691285 0.0218786 0.0482407 0.250518
0 0.963943 0.699366 0.0464697 0.0462111 0.212979
0 0.934283 0.697685 0.0204745 0.0530014 0.170667
0 0.408466 0.579067 0.102569 0.113463 0.0907781
0 0.953434 0.680228 0.0201448 0.0200536 0.050428
0 0.882073 0.698846 0.0348719 0.0468534 0.047496
58 0.155986 0.690297 0.206838 0.125989 0.0440268
56 0.0319723 0.716793 0.0405653 0.0691334 0.0411579
0 0.64073 0.584549 0.124369 0.10146 0.0366938
0 0.814833 0.693666 0.0167193 0.0336285 0.0312468
0 0.419864 0.571677 0.079387 0.0989707 0.0257795
0 0.81459 0.687031 0.0151489 0.0193533 0.0193681
0 0.874996 0.697344 0.0276315 0.0470501 0.0192461
18 0.125278 0.65968 0.0476748 0.0242374 0.0173905
0 0.816501 0.694072 0.0226018 0.0362188 0.0164163
0 0.515843 0.691774 0.0316802 0.0476108 0.0162992
18 0.1256 0.66531 0.0484625 0.0364756 0.0149729
17 0.486285 0.637695 0.561697 0.363161 0.0149073
16 0.447917 0.733783 0.0786018 0.101455 0.014271
0 0.749326 0.669198 0.0242161 0.0241271 0.0139594
0 0.930129 0.698052 0.028995 0.052787 0.01244
0 0.610154 0.566913 0.0404876 0.0488015 0.0109559
56 0.0303881 0.704649 0.0316519 0.0459532 0.0100214
13 0.821522 0.716631 0.0774236 0.0114451 0.00967115
0 0.811379 0.693596 0.0218121 0.0360535 0.00884905
17 0.448659 0.729327 0.0809375 0.111073 0.00876251
0 0.747358 0.665488 0.022651 0.0168389 0.00856856
18 0.126005 0.672867 0.0498745 0.0542164 0.00762087
17 0.529192 0.559907 0.165005 0.211982 0.00735474
0 0.0292601 0.701403 0.0264285 0.0403958 0.00683376
0 0.65619 0.577142 0.0934625 0.0855265 0.00646022
17 0.16358 0.672597 0.125149 0.0551503 0.00624311
0 0.806509 0.695442 0.033347 0.0400927 0.00515133
18 0.15992 0.672554 0.117577 0.0547579 0.00436884
0 0.923546 0.69803 0.0419255 0.0522905 0.0043453
0 0.0306633 0.671499 0.0313791 0.0813442 0.00426307
0 0.424093 0.556609 0.0706893 0.0668107 0.00422642
0 0.587256 0.599884 0.116186 0.137044 0.00421703
0 0.029833 0.690656 0.0285114 0.0545142 0.00402862
17 0.419574 0.739179 0.128947 0.128091 0.00398523
17 0.1337 0.673188 0.0637104 0.0539412 0.0039044
56 0.96361 0.702318 0.0465628 0.0411333 0.00379577
0 0.745667 0.688814 0.0320885 0.0593907 0.00368378
0 0.300581 0.691484 0.0401717 0.0327446 0.00356176
0 0.0304441 0.652405 0.029695 0.0424998 0.00346678
2 0.822503 0.715936 0.0802656 0.0132561 0.00327525
18 0.147119 0.646551 0.0442247 0.0115773 0.00312167
0 0.593275 0.592847 0.0956107 0.113923 0.00312138
0 0.979081 0.690684 0.0252399 0.0339791 0.00293845
58 0.822503 0.715936 0.0802656 0.0132561 0.00290725
2 0.303335 0.692646 0.0327118 0.0295374 0.0028007
16 0.419631 0.739566 0.13294 0.13283 0.00278705
56 0.348905 0.643567 0.27745 0.317133 0.00272289
0 0.234297 0.641646 0.0395389 0.0434795 0.00254807
0 0.887366 0.702375 0.0393797 0.0399652 0.00254124
0 0.231544 0.628303 0.0438784 0.0714925 0.00241053
17 0.407881 0.725312 0.158582 0.159702 0.0023621
17 0.446276 0.743344 0.0767157 0.0818022 0.00229773
17 0.339864 0.569948 0.118528 0.159296 0.00228855
0 0.464061 0.701114 0.0507722 0.0564865 0.00228813
16 0.167845 0.66719 0.142783 0.0694578 0.00226891
17 0.328806 0.707896 0.0289399 0.0573046 0.00217676
0 0.608242 0.589937 0.0807192 0.112428 0.00217167
0 0.539758 0.558888 0.142738 0.21004 0.00213143
2 0.147119 0.646551 0.0442247 0.0115773 0.00207147
18 0.14555 0.662971 0.0873359 0.0345331 0.00192773
16 0.124995 0.668127 0.0486263 0.0408649 0.00185531
0 0.448659 0.729327 0.0809375 0.111073 0.00177741
13 0.0317208 0.718512 0.0409628 0.0661611 0.0016523
56 0.041352 0.720542 0.0551168 0.0622463 0.00164947
0 0.556647 0.62706 0.0461419 0.0715715 0.00164396
17 0.183007 0.672724 0.0798061 0.0539968 0.00163096
17 0.126058 0.665502 0.0486054 0.0364487 0.00152004
17 0.180232 0.663764 0.0752267 0.0372585 0.00151333
0 0.827567 0.691797 0.0420282 0.041212 0.00145978
17 0.305162 0.562944 0.1875 0.152021 0.00139698
0 0.239148 0.661429 0.0368722 0.0748608 0.00137794
18 0.108223 0.667256 0.0872819 0.0637294 0.00135577
56 0.878974 0.699384 0.0386304 0.0463838 0.00133362
16 0.427681 0.743748 0.112431 0.0811273 0.00131428
0 0.228405 0.645374 0.0307148 0.0347341 0.00128016
16 0.16358 0.672597 0.125149 0.0551503 0.00125742
0 0.741753 0.689122 0.0656526 0.0587229 0.00125441
18 0.180033 0.666213 0.0620824 0.0390283 0.00124568
17 0.534326 0.593438 0.210564 0.276685 0.00120258
13 0.824965 0.70178 0.0703596 0.0348237 0.00119486
18 0.113306 0.653373 0.0745064 0.0362977 0.00114301
0 0.373454 0.713691 0.0358008 0.0565175 0.00112253
56 0.30255 0.692868 0.0322777 0.029041 0.00108352
32 0.747358 0.665488 0.022651 0.0168389 0.00107786
0 0.236174 0.619416 0.0525399 0.0672788 0.00107715
0 0.42831 0.547366 0.06236 0.0504206 0.00106514
2 0.799857 0.704176 0.040038 0.0318649 0.0010592
18 0.126851 0.650905 0.051346 0.0248083 0.00105703
2 0.029833 0.690656 0.0285114 0.0545142 0.00104624
2 0.963746 0.700435 0.0472157 0.0451482 0.00103283
58 0.157016 0.728666 0.2032 0.0495247 0.001026
16 0.180232 0.663764 0.0752267 0.0372585 0.00101972
17 0.167845 0.66719 0.142783 0.0694578 0.00100857
0 0.935107 0.678297 0.0208795 0.022747 0.00100848
16 0.125711 0.659311 0.0470232 0.0235851 0.00100762
