0 0.930316 0.674074 0.0252361 0.0526733 0.738867
0 0.817578 0.695878 0.0299606 0.0861461 0.6577
13 0.732045 0.71875 0.0620403 0.0844611 0.653739
0 0.859499 0.616496 0.0132582 0.0347977 0.548103
0 0.951503 0.667321 0.0169842 0.0310596 0.401442
0 0.951338 0.673244 0.0181786 0.0422865 0.292966
13 0.860994 0.731784 0.0358131 0.0399176 0.272416
0 0.571553 0.517024 0.0150208 0.0451374 0.248349
13 0.614627 0.664433 0.0549995 0.0639999 0.209788
0 0.538737 0.496743 0.0139873 0.032417 0.208289
13 0.864355 0.743999 0.0432022 0.06124 0.202153
0 0.485262 0.505892 0.0100302 0.0247008 0.195393
0 0.433366 0.461517 0.0067606 0.0278559 0.136741
0 0.121352 0.488443 0.012843 0.0309527 0.0952113
16 0.86188 0.73122 0.0345257 0.0397835 0.0916041
0 0.0949005 0.518025 0.0169211 0.0469473 0.0565193
8 0.150648 0.235994 0.0327059 0.0233512 0.047433
0 0.86188 0.73122 0.0345257 0.0397835 0.0445985
0 0.8633 0.743538 0.0425636 0.062022 0.0399645
0 0.0908041 0.415778 0.00915067 0.0226937 0.0336832
0 0.571613 0.505238 0.0137119 0.0345732 0.0325496
8 0.0539298 0.241432 0.0668742 0.0309544 0.016295
0 0.124857 0.492275 0.0196295 0.0415584 0.0152901
0 0.69619 0.565958 0.00890646 0.0256308 0.0146439
1 0.820091 0.732853 0.0192207 0.0330931 0.013903
13 0.537416 0.49824 0.0160141 0.0292736 0.0137826
0 0.757706 0.622942 0.0155766 0.0599486 0.0136109
8 0.0122125 0.245471 0.0099436 0.0158701 0.0117812
8 0.150464 0.230523 0.0324501 0.0323346 0.0116209
0 0.0122125 0.245471 0.0099436 0.0158701 0.0111133
8 0.0444835 0.162305 0.0853418 0.191315 0.0110873
0 0.860692 0.607459 0.0144333 0.0515982 0.0108596
8 0.121763 0.22287 0.0858816 0.0221488 0.0104259
8 0.134649 0.314539 0.0146979 0.0320346 0.010424
8 0.2831 0.484516 0.0296402 0.0158625 0.0103934
8 0.289766 0.481474 0.0393362 0.0167147 0.00913733
8 0.0440122 0.242754 0.0420694 0.0257134 0.00839013
13 0.33099 0.466791 0.0185249 0.0163722 0.00830337
8 0.049013 0.233327 0.075831 0.0463315 0.00800607
8 0.0432935 0.237745 0.0847517 0.0363811 0.00798744
8 0.113468 0.228295 0.0667656 0.0181971 0.00768581
8 0.0581825 0.162459 0.0566613 0.189267 0.00746551
36 0.820091 0.732853 0.0192207 0.0330931 0.00707293
0 0.856764 0.616787 0.0170078 0.0364563 0.0068638
0 0.0941458 0.499901 0.0141851 0.0259738 0.00644949
8 0.289864 0.468068 0.0311917 0.031413 0.00624555
0 0.123312 0.488038 0.0179095 0.0361943 0.00622454
13 0.344286 0.457646 0.0146953 0.0246262 0.00603676
8 0.279741 0.485782 0.0308556 0.0147821 0.00599054
17 0.538659 0.49788 0.0136693 0.0301039 0.00591701
1 0.860639 0.731318 0.0372417 0.0389633 0.0058476
8 0.201124 0.220552 0.247203 0.0361304 0.00564292
8 0.286426 0.473646 0.0439833 0.039775 0.00563371
56 0.86188 0.73122 0.0345257 0.0397835 0.00546193
0 0.454738 0.504901 0.0118751 0.0310254 0.00538242
2 0.0122125 0.245471 0.0099436 0.0158701 0.00532454
0 0.455215 0.498447 0.0117876 0.0425554 0.00530413
13 0.732192 0.706111 0.0608224 0.0577021 0.0050621
8 0.0266315 0.231474 0.0524984 0.0383538 0.00504208
8 0.0122412 0.242847 0.0226303 0.0227666 0.00499496
8 0.122285 0.236988 0.0854997 0.022608 0.00484282
13 0.333831 0.456536 0.0196524 0.0261942 0.00482103
0 0.866302 0.584414 0.0100317 0.0156546 0.00478354
13 0.820001 0.738226 0.0302578 0.0453805 0.00471699
0 0.0571723 0.377494 0.0092182 0.0205529 0.00467488
0 0.802889 0.695036 0.01217 0.0235449 0.00466675
17 0.862265 0.731076 0.0335766 0.0387312 0.00445655
13 0.2831 0.484516 0.0296402 0.0158625 0.00442734
0 0.419381 0.375297 0.00694447 0.0160571 0.00421184
56 0.333831 0.456536 0.0196524 0.0261942 0.00419888
13 0.301231 0.470158 0.0188956 0.0220235 0.00418633
16 0.8633 0.743538 0.0425636 0.062022 0.00418001
13 0.0857074 0.529626 0.0394353 0.0351345 0.0040552
13 0.28796 0.482278 0.0422444 0.0216329 0.00403783
13 0.92937 0.674345 0.0275129 0.0528133 0.00403774
8 0.294392 0.46428 0.0341573 0.0346131 0.00400555
8 0.290497 0.463773 0.0230781 0.0308162 0.00391546
0 0.0732782 0.414032 0.0124711 0.0213805 0.00390449
14 0.0122125 0.245471 0.0099436 0.0158701 0.00381371
13 0.292516 0.467375 0.0326802 0.028331 0.00364918
8 0.344569 0.453399 0.0194703 0.0306833 0.00359493
8 0.136864 0.313653 0.0196168 0.0356564 0.00355229
1 0.816751 0.730156 0.0267313 0.0393521 0.00352308
0 0.49099 0.803526 0.0227175 0.0516644 0.00352064
13 0.3083 0.470825 0.0654839 0.0273473 0.00348479
0 0.695061 0.5938 0.0158823 0.0716759 0.00345489
0 0.292516 0.467375 0.0326802 0.028331 0.00343117
13 0.950983 0.673002 0.018301 0.0423801 0.00337771
56 0.344286 0.457646 0.0146953 0.0246262 0.00330216
13 0.338173 0.460534 0.0256631 0.0260106 0.00330168
8 0.338639 0.453285 0.0317318 0.0339562 0.00319269
0 0.379242 0.443332 0.00745058 0.0295978 0.0031921
19 0.86188 0.73122 0.0345257 0.0397835 0.00319058
8 0.123534 0.230057 0.0899239 0.0341271 0.00318217
13 0.290497 0.463773 0.0230781 0.0308162 0.00313565
0 0.935925 0.677879 0.0346581 0.051884 0.00310722
56 0.290497 0.463773 0.0230781 0.0308162 0.0030928
8 0.33099 0.466791 0.0185249 0.0163722 0.00305972
8 0.301231 0.470158 0.0188956 0.0220235 0.00305125
0 0.293615 0.413781 0.00726566 0.0279138 0.0030489
8 0.0181574 0.376948 0.0360429 0.0327636 0.00297275
56 0.864355 0.743999 0.0432022 0.06124 0.00295296
0 0.0835294 0.410642 0.0236183 0.0326722 0.00293583
56 0.292516 0.467375 0.0326802 0.028331 0.00293097
0 0.533614 0.836514 0.0235736 0.0551278 0.00292921
56 0.301231 0.470158 0.0188956 0.0220235 0.00292432
8 0.0391269 0.227929 0.077803 0.0567199 0.00290295
17 0.8633 0.743538 0.0425636 0.062022 0.00280648
0 0.119818 0.489144 0.0194919 0.0337185 0.00277418
0 0.288823 0.528283 0.00915976 0.0276767 0.00275993
3 0.538659 0.49788 0.0136693 0.0301039 0.00273353
1 0.538659 0.49788 0.0136693 0.0301039 0.00272647
14 0.862265 0.731076 0.0335766 0.0387312 0.00270674
13 0.848214 0.751065 0.078602 0.0753262 0.00265545
0 0.344286 0.457646 0.0146953 0.0246262 0.00258633
13 0.802889 0.695036 0.01217 0.0235449 0.00257462
8 0.410774 0.360582 0.0252194 0.0457395 0.00254667
8 0.110325 0.405667 0.0133859 0.0175381 0.00248042
16 0.820091 0.732853 0.0192207 0.0330931 0.00245899
8 0.407435 0.368809 0.0184334 0.0282724 0.002442
13 0.0720436 0.542256 0.0287319 0.0237474 0.00239554
0 0.333831 0.456536 0.0196524 0.0261942 0.00237817
56 0.454738 0.504901 0.0118751 0.0310254 0.00236481
1 0.864355 0.743999 0.0432022 0.06124 0.0023157
0 0.110325 0.405667 0.0133859 0.0175381 0.00226903
8 0.109813 0.223626 0.0653498 0.0248192 0.00226402
8 0.3083 0.470825 0.0654839 0.0273473 0.00222135
13 0.082215 0.533941 0.0356058 0.0363623 0.00218356
0 0.53812 0.501427 0.0155167 0.0437142 0.0021615
0 0.109908 0.40853 0.0147623 0.0191455 0.00214294
1 0.694558 0.603523 0.0152407 0.0544255 0.00214067
8 0.537416 0.49824 0.0160141 0.0292736 0.00213647
0 0.208861 0.223778 0.0076498 0.0140946 0.00211048
6 0.203674 0.22024 0.252898 0.0386854 0.00202936
0 0.301231 0.470158 0.0188956 0.0220235 0.00201726
8 0.0815039 0.413783 0.0279429 0.0241415 0.00193515
0 0.290497 0.463773 0.0230781 0.0308162 0.00193074
10 0.533367 0.838047 0.0249126 0.0582343 0.00191242
2 0.607964 0.218838 0.0220559 0.0143557 0.00190556
14 0.0908041 0.415778 0.00915067 0.0226937 0.0018748
6 0.150041 0.233508 0.0335549 0.0246335 0.00186756
56 0.33099 0.466791 0.0185249 0.0163722 0.00184116
0 0.452904 0.490721 0.0121042 0.0519157 0.00181583
14 0.121352 0.488443 0.012843 0.0309527 0.00181365
0 0.696205 0.561348 0.00925474 0.0325353 0.00178641
13 0.822184 0.757019 0.0280666 0.0744349 0.00178182
1 0.344286 0.457646 0.0146953 0.0246262 0.00175369
8 0.333831 0.456536 0.0196524 0.0261942 0.00173953
0 0.822184 0.757019 0.0280666 0.0744349 0.00173861
8 0.0835294 0.410642 0.0236183 0.0326722 0.00173283
56 0.802889 0.695036 0.01217 0.0235449 0.0017271
13 0.824651 0.769926 0.0270754 0.053831 0.00171658
26 0.802889 0.695036 0.01217 0.0235449 0.00169888
13 0.790282 0.725994 0.18258 0.0994786 0.00169721
13 0.0814076 0.532257 0.0459745 0.0417455 0.00167388
8 0.306282 0.469724 0.0765212 0.0381332 0.00164044
1 0.333831 0.456536 0.0196524 0.0261942 0.00163969
0 0.135152 0.314745 0.014888 0.0311234 0.00161809
8 0.0809924 0.399998 0.0244848 0.0505525 0.00161043
8 0.225522 0.429218 0.138341 0.0508232 0.00159091
2 0.620807 0.219686 0.0352756 0.0142221 0.00159076
13 0.613972 0.654044 0.0527618 0.0426386 0.0015845
8 0.137358 0.400792 0.0280415 0.019558 0.00154498
8 0.171034 0.223722 0.271465 0.0445124 0.00154361
0 0.822145 0.744037 0.0190819 0.0434121 0.00151581
30 0.820091 0.732853 0.0192207 0.0330931 0.00150219
0 0.958351 0.67569 0.0352438 0.0449945 0.0014891
13 0.289343 0.474667 0.043583 0.0380039 0.00148442
13 0.820091 0.732853 0.0192207 0.0330931 0.00147897
0 0.694558 0.603523 0.0152407 0.0544255 0.00146991
13 0.279741 0.485782 0.0308556 0.0147821 0.00145435
0 0.208549 0.23486 0.00859909 0.0153148 0.00144121
6 0.26987 0.22045 0.391645 0.0413528 0.00139284
56 0.538659 0.49788 0.0136693 0.0301039 0.00138617
2 0.33099 0.466791 0.0185249 0.0163722 0.0013808
56 0.614653 0.663229 0.0548954 0.062311 0.00136763
17 0.571109 0.518094 0.0150848 0.0446882 0.00135002
0 0.824651 0.769926 0.0270754 0.053831 0.00134513
1 0.92937 0.674345 0.0275129 0.0528133 0.00131989
36 0.864203 0.748667 0.0421925 0.050944 0.0013172
8 0.455167 0.222587 0.0115557 0.0130584 0.00131541
0 0.455167 0.222587 0.0115557 0.0130584 0.00128913
8 0.344286 0.457646 0.0146953 0.0246262 0.00127241
0 0.947012 0.678105 0.0320194 0.0520994 0.00127199
22 0.861193 0.732166 0.0356804 0.0405664 0.00126812
13 0.172702 0.52385 0.176465 0.0343133 0.00126743
16 0.538659 0.49788 0.0136693 0.0301039 0.00126585
1 0.820097 0.735297 0.0275074 0.0415444 0.00124881
36 0.816751 0.730156 0.0267313 0.0393521 0.00124264
0 0.816751 0.730156 0.0267313 0.0393521 0.00120798
8 0.151161 0.527087 0.222804 0.0418323 0.0011971
13 0.816751 0.730156 0.0267313 0.0393521 0.00119159
1 0.757881 0.622999 0.015451 0.0597745 0.00118265
0 0.488595 0.506312 0.0149191 0.0244279 0.00115573
1 0.338173 0.460534 0.0256631 0.0260106 0.00115085
0 0.0575653 0.382848 0.0120317 0.0312842 0.00114372
8 0.411964 0.410665 0.0289946 0.152985 0.00112864
8 0.217168 0.225569 0.323061 0.0358217 0.00111693
13 0.124857 0.492275 0.0196295 0.0415584 0.00111604
2 0.0815039 0.413783 0.0279429 0.0241415 0.00110766
8 0.419381 0.375297 0.00694447 0.0160571 0.00110349
1 0.33099 0.466791 0.0185249 0.0163722 0.00109848
0 0.344569 0.453399 0.0194703 0.0306833 0.00109112
24 0.802889 0.695036 0.01217 0.0235449 0.00107288
26 0.820091 0.732853 0.0192207 0.0330931 0.00107163
2 0.110325 0.405667 0.0133859 0.0175381 0.00105423
0 0.219015 0.223211 0.00920882 0.014835 0.00105003
14 0.538659 0.49788 0.0136693 0.0301039 0.00104377
56 0.732026 0.717928 0.0620398 0.0833243 0.00103578
13 0.935925 0.677879 0.0346581 0.051884 0.00102773
8 0.209485 0.222289 0.196027 0.0239647 0.00102732
0 0.553557 0.646 0.0200163 0.0931379 0.0010249
10 0.8633 0.743538 0.0425636 0.062022 0.00101465
8 0.129539 0.217918 0.104805 0.0438486 0.00101066
