0 0.333497 0.576312 0.584178 0.824367 0.956149
68 0.894673 0.860572 0.210654 0.25624 0.907655
44 0.628156 0.843186 0.0575866 0.0929744 0.540227
44 0.645053 0.786385 0.0391226 0.0607959 0.524259
44 0.642134 0.861254 0.0371481 0.0579585 0.498103
43 0.751108 0.825754 0.0262381 0.0820581 0.491263
43 0.738307 0.824917 0.0293184 0.0806859 0.484916
43 0.561186 0.938373 0.0394585 0.122944 0.420216
43 0.710676 0.807853 0.0219191 0.0779538 0.404406
74 0.0236576 0.0414376 0.0473151 0.0825053 0.346859
43 0.725565 0.800782 0.0266773 0.0954148 0.318919
68 0.459083 0.910576 0.219265 0.171395 0.311942
44 0.626909 0.918565 0.034993 0.0645466 0.308783
44 0.526856 0.672053 0.0293152 0.171491 0.305258
44 0.663162 0.846716 0.0252621 0.0555977 0.28514
43 0.751009 0.896619 0.0265213 0.0742666 0.25512
43 0.720969 0.813917 0.0245011 0.0953695 0.235389
43 0.738569 0.794984 0.0226649 0.0711598 0.22611
42 0.684719 0.801839 0.0311722 0.075725 0.201851
43 0.652985 0.66341 0.0241798 0.180479 0.190597
69 0.459415 0.907613 0.219501 0.176289 0.186309
69 0.0252019 0.921411 0.0501437 0.155658 0.148431
44 0.672006 0.392231 0.0267509 0.231497 0.14074
43 0.74392 0.859262 0.0385746 0.146255 0.138326
42 0.586813 0.966766 0.0250999 0.0660769 0.137421
43 0.718304 0.823931 0.0206657 0.0795924 0.135486
43 0.684698 0.801962 0.0316351 0.0757639 0.120116
45 0.448693 0.191292 0.147438 0.250553 0.112756
44 0.642019 0.395628 0.0261581 0.265508 0.107649
42 0.569864 0.79554 0.0540062 0.146828 0.106666
69 0.429968 0.924826 0.159717 0.145981 0.102511
44 0.683864 0.802608 0.0326605 0.0758753 0.102144
44 0.621581 0.741112 0.0195097 0.0584044 0.100488
43 0.737373 0.860001 0.0371136 0.148192 0.0839215
44 0.624228 0.673109 0.0218204 0.187701 0.0783389
44 0.588869 0.755494 0.014823 0.0558507 0.0774454
44 0.680633 0.916318 0.0210834 0.150466 0.0752511
74 0.0414611 0.0658883 0.0829221 0.12978 0.0741753
44 0.604067 0.904813 0.0136329 0.0852574 0.069024
43 0.624211 0.660982 0.0176528 0.170942 0.068354
43 0.713544 0.843563 0.0219571 0.146797 0.059896
44 0.586813 0.966766 0.0250999 0.0660769 0.0596895
44 0.652873 0.665475 0.0252935 0.177816 0.0578734
42 0.752723 0.823775 0.0234276 0.0813051 0.0560505
42 0.568101 0.83577 0.0466276 0.0631515 0.0512046
42 0.560827 0.939216 0.0372179 0.121568 0.0489991
44 0.749316 0.897618 0.0314472 0.0759413 0.0485809
42 0.569029 0.860098 0.0517818 0.116666 0.0479001
42 0.682041 0.719389 0.0380018 0.237399 0.0466725
43 0.585728 0.96629 0.0219355 0.0653721 0.0456965
44 0.62933 0.983696 0.0169785 0.0312672 0.0448597
42 0.568281 0.813908 0.0491528 0.108927 0.0435428
43 0.627547 0.662077 0.0202451 0.162384 0.0433213
44 0.956296 0.638436 0.0114876 0.106253 0.0431688
43 0.733973 0.79157 0.0307302 0.0830684 0.0428694
43 0.622657 0.649239 0.0142003 0.149299 0.0423168
43 0.565062 0.977631 0.0177599 0.043146 0.0410263
42 0.575054 0.884886 0.047215 0.0705687 0.0406953
43 0.713345 0.924295 0.0272083 0.151411 0.0397757
41 0.654235 0.980507 0.0427793 0.0358872 0.038908
44 0.709465 0.922065 0.0384483 0.152868 0.0388783
69 0.488896 0.879665 0.279566 0.233451 0.0387553
44 0.66074 0.887109 0.0293114 0.0378712 0.037778
43 0.62933 0.983696 0.0169785 0.0312672 0.0377375
43 0.669071 0.382024 0.0246937 0.218575 0.0375918
44 0.640703 0.899521 0.0415936 0.0412519 0.0374132
42 0.653191 0.667613 0.0244461 0.173448 0.0370704
44 0.657239 0.931437 0.0409529 0.0650333 0.0368155
51 0.588869 0.755494 0.014823 0.0558507 0.0346238
43 0.681165 0.913397 0.0176357 0.15977 0.0324061
44 0.586358 0.902616 0.0304857 0.105858 0.0323415
44 0.52763 0.738788 0.0282023 0.0368248 0.0314569
69 0.0262241 0.873336 0.0524053 0.249182 0.0304476
45 0.630062 0.842972 0.0586824 0.0908898 0.0301147
44 0.635714 0.385627 0.019908 0.266655 0.0296911
42 0.571305 0.831864 0.0594988 0.205237 0.0289538
44 0.610999 0.908658 0.0228898 0.0689983 0.0286192
44 0.679104 0.675663 0.018992 0.161345 0.0272765
43 0.709465 0.922065 0.0384483 0.152868 0.0272235
43 0.73568 0.896851 0.0309444 0.0821164 0.0266894
44 0.710153 0.808785 0.0207558 0.0744543 0.0262186
44 0.65701 0.393682 0.0550034 0.259371 0.0259237
44 0.713345 0.924295 0.0272083 0.151411 0.0257108
44 0.586908 0.759408 0.0200592 0.0569559 0.0251266
44 0.631511 0.980474 0.0243395 0.0388598 0.0250486
41 0.617415 0.972079 0.0379435 0.05508 0.0242108
45 0.641369 0.861651 0.0373015 0.0580454 0.0238446
44 0.679656 0.922023 0.0153661 0.147217 0.0238157
43 0.681764 0.917356 0.0253342 0.15609 0.0237636
44 0.630912 0.928101 0.0387165 0.0719666 0.023758
44 0.655193 0.980807 0.0412003 0.0378582 0.0234712
44 0.628858 0.667509 0.0241973 0.183221 0.0233656
44 0.752723 0.823775 0.0234276 0.0813051 0.0228447
43 0.665907 0.359894 0.0173813 0.175444 0.0227789
42 0.738059 0.824679 0.0307617 0.0787341 0.0222069
45 0.594863 0.213593 0.0476797 0.196894 0.0221426
42 0.710153 0.808785 0.0207558 0.0744543 0.0220316
45 0.444476 0.641522 0.118819 0.230171 0.021916
44 0.742517 0.922612 0.0407749 0.125901 0.0218465
44 0.738759 0.898311 0.0333866 0.0819135 0.0212139
43 0.589797 0.966719 0.0230744 0.0640395 0.020512
43 0.560953 0.97817 0.0197547 0.0415835 0.0202933
44 0.62724 0.742109 0.0251441 0.0553639 0.0201679
42 0.737762 0.801056 0.0234024 0.0932297 0.0189577
43 0.678548 0.677268 0.0220835 0.164662 0.0187966
44 0.565424 0.795673 0.0437155 0.147478 0.0187652
44 0.560827 0.939216 0.0372179 0.121568 0.0184414
44 0.649304 0.856905 0.0285985 0.0610655 0.0184065
43 0.956296 0.638436 0.0114876 0.106253 0.0172492
44 0.687199 0.91854 0.0196693 0.159205 0.0172044
44 0.445516 0.386192 0.0602676 0.144198 0.0170941
42 0.582131 0.891298 0.0384991 0.0765055 0.0168615
44 0.666408 0.379364 0.0191125 0.223505 0.0162805
69 0.0240306 0.970116 0.0466729 0.0548996 0.0162317
44 0.731763 0.924249 0.0471531 0.141207 0.0160373
68 0.0368432 0.617743 0.072959 0.248166 0.0158714
44 0.572741 0.271675 0.0356079 0.187642 0.0156021
44 0.701005 0.919499 0.0318892 0.149338 0.0154886
68 0.426962 0.924062 0.155773 0.147108 0.0153347
44 0.677691 0.706054 0.0221884 0.216484 0.0153088
44 0.601005 0.905135 0.01304 0.0935979 0.015146
44 0.748107 0.822135 0.0303846 0.0785269 0.0150363
44 0.696101 0.913509 0.0204344 0.143028 0.014859
43 0.638802 0.358337 0.0181678 0.190518 0.0145037
44 0.678344 0.808196 0.029603 0.0605968 0.0137833
42 0.750933 0.896564 0.0273225 0.074235 0.0137695
44 0.73745 0.82653 0.031785 0.0789568 0.0137672
44 0.568504 0.654221 0.0168039 0.113099 0.0137224
43 0.742517 0.922612 0.0407749 0.125901 0.013673
69 0.895764 0.859788 0.208471 0.260756 0.0136265
44 0.740289 0.861479 0.0366541 0.153655 0.0129578
44 0.607025 0.888291 0.0205387 0.0980102 0.0128205
44 0.570053 0.644851 0.0158997 0.0920673 0.0126308
44 0.682041 0.719389 0.0380018 0.237399 0.0125394
42 0.68055 0.916224 0.0191232 0.151603 0.0122663
44 0.684603 0.910695 0.0328238 0.165062 0.0122224
51 0.586908 0.759408 0.0200592 0.0569559 0.0119948
44 0.631142 0.738409 0.0190906 0.0472614 0.0118821
44 0.697295 0.896253 0.0167175 0.109393 0.0118323
43 0.657161 0.933766 0.0397766 0.0640419 0.0118117
44 0.738569 0.794984 0.0226649 0.0711598 0.0118089
42 0.68294 0.792973 0.037492 0.0903508 0.0115743
43 0.638607 0.391633 0.0210701 0.259351 0.0115041
44 0.65607 0.939453 0.0409922 0.0900636 0.0113119
44 0.560469 0.77141 0.025475 0.0998837 0.0111328
44 0.69111 0.972245 0.0153782 0.0515234 0.011066
44 0.653317 0.950022 0.0471221 0.095486 0.0109459
44 0.725548 0.796681 0.0227516 0.0931675 0.010892
44 0.620485 0.971908 0.0383643 0.0561835 0.0107987
42 0.678344 0.808196 0.029603 0.0605968 0.010486
43 0.706796 0.847641 0.0293308 0.16404 0.0104395
44 0.622566 0.898192 0.0365816 0.0924258 0.0102218
43 0.720837 0.879989 0.0249842 0.111534 0.0102178
45 0.617095 0.973427 0.0367501 0.0505044 0.0100796
44 0.586432 0.955467 0.0276149 0.0797754 0.0100544
44 0.638286 0.354321 0.0182079 0.185487 0.00984064
44 0.582131 0.891298 0.0384991 0.0765055 0.0097529
43 0.695959 0.841977 0.0527888 0.161939 0.00969604
42 0.62964 0.982601 0.0177132 0.0332958 0.00967464
42 0.653291 0.715688 0.0239807 0.0771917 0.00950402
68 0.488896 0.879665 0.279566 0.233451 0.00945556
42 0.586432 0.955467 0.0276149 0.0797754 0.00916749
44 0.716509 0.954987 0.0245304 0.0876919 0.00909555
42 0.713345 0.924295 0.0272083 0.151411 0.00896785
45 0.653727 0.980879 0.0429788 0.0363372 0.00860566
44 0.6204 0.672148 0.0197457 0.190594 0.0084106
42 0.70866 0.923943 0.0392201 0.150788 0.00838417
44 0.575254 0.664885 0.0328184 0.134642 0.00834
44 0.521624 0.65782 0.0155806 0.150846 0.00832868
42 0.625528 0.918384 0.0352415 0.0598296 0.00821894
42 0.601005 0.905135 0.01304 0.0935979 0.00816852
44 0.719224 0.913061 0.025803 0.137937 0.00812721
44 0.589705 0.768183 0.0208435 0.0751842 0.00812501
44 0.564836 0.763312 0.0157275 0.0826282 0.00812072
42 0.677691 0.706054 0.0221884 0.216484 0.00803927
43 0.687199 0.91854 0.0196693 0.159205 0.00803873
44 0.447828 0.354242 0.0543285 0.0926879 0.00791407
44 0.706796 0.847641 0.0293308 0.16404 0.00790036
43 0.58998 0.756725 0.0140983 0.055817 0.00788492
43 0.716509 0.954987 0.0245304 0.0876919 0.00787854
42 0.575166 0.889847 0.0266771 0.051663 0.00784773
44 0.695959 0.841977 0.0527888 0.161939 0.00766882
42 0.671013 0.389289 0.0281605 0.235878 0.00766748
43 0.719224 0.913061 0.025803 0.137937 0.00764248
42 0.956867 0.636284 0.0123253 0.103184 0.00758418
42 0.594885 0.870721 0.0253363 0.123936 0.00750899
44 0.707491 0.809886 0.0283893 0.0778886 0.00750247
44 0.653291 0.715688 0.0239807 0.0771917 0.00737944
43 0.575166 0.889847 0.0266771 0.051663 0.0072985
43 0.731763 0.924249 0.0471531 0.141207 0.00727215
44 0.698736 0.874043 0.0291904 0.129298 0.0072349
42 0.687199 0.91854 0.0196693 0.159205 0.00699714
42 0.695959 0.841977 0.0527888 0.161939 0.00694206
43 0.647507 0.658249 0.0120768 0.175498 0.00692314
44 0.708952 0.95896 0.0374456 0.0798843 0.00671753
44 0.577524 0.788449 0.0672605 0.132113 0.00666794
43 0.655489 0.366287 0.024692 0.20853 0.00649023
43 0.679094 0.633128 0.0161365 0.0783849 0.00636467
42 0.662873 0.847575 0.0249607 0.0578696 0.00634062
44 0.718304 0.823931 0.0206657 0.0795924 0.00631368
44 0.7318 0.860303 0.04525 0.148033 0.00627187
43 0.570004 0.643044 0.0144889 0.0891169 0.00619736
43 0.646877 0.623958 0.00966225 0.110271 0.00607508
45 0.644619 0.786544 0.0397459 0.0593616 0.00602293
44 0.722609 0.806031 0.0256056 0.086603 0.00601643
42 0.584614 0.898617 0.0363731 0.099942 0.00595719
42 0.565062 0.977631 0.0177599 0.043146 0.00594342
42 0.640439 0.394585 0.0233399 0.26573 0.00570139
43 0.701005 0.919499 0.0318892 0.149338 0.00569463
44 0.713544 0.843563 0.0219571 0.146797 0.00568256
44 0.6393 0.414054 0.0241047 0.219939 0.00562015
43 0.619571 0.67126 0.0180622 0.192461 0.00558507
44 0.664968 0.360466 0.0151708 0.174959 0.00557816
44 0.566921 0.75976 0.013166 0.074397 0.00556177
45 0.568435 0.809548 0.0491105 0.116933 0.00554726
43 0.662873 0.847575 0.0249607 0.0578696 0.00553182
42 0.595739 0.970416 0.0139721 0.0527052 0.0055055
42 0.626338 0.672899 0.027135 0.186362 0.00548145
44 0.591774 0.713279 0.0187207 0.0464144 0.00547308
42 0.593341 0.890559 0.0232239 0.106647 0.0054723
42 0.722609 0.806031 0.0256056 0.086603 0.00547007
44 0.682617 0.848771 0.0285731 0.0612201 0.00546065
43 0.585077 0.912718 0.0331352 0.110627 0.00542963
44 0.595739 0.970416 0.0139721 0.0527052 0.00542575
43 0.605414 0.909107 0.0149858 0.0798054 0.00537613
43 0.677691 0.706054 0.0221884 0.216484 0.00532249
72 0.460273 0.910395 0.218298 0.169198 0.00521395
42 0.735199 0.860337 0.0330297 0.149631 0.00508231
44 0.720837 0.879989 0.0249842 0.111534 0.00505006
42 0.718304 0.823931 0.0206657 0.0795924 0.0049375
43 0.696101 0.913509 0.0204344 0.143028 0.00492182
44 0.575893 0.708174 0.0346106 0.0497535 0.00480679
43 0.631511 0.980474 0.0243395 0.0388598 0.00478464
42 0.528119 0.672223 0.0307201 0.170833 0.00474444
43 0.642512 0.391418 0.0256561 0.268326 0.00470567
43 0.520954 0.644452 0.0138657 0.128641 0.00469881
42 0.748511 0.825893 0.0320658 0.0916396 0.00465277
44 0.593341 0.890559 0.0232239 0.106647 0.00463074
43 0.644254 0.784732 0.0400791 0.0583582 0.00449505
42 0.696101 0.913509 0.0204344 0.143028 0.00448951
44 0.679435 0.635629 0.0174068 0.0763535 0.0044114
42 0.701005 0.919499 0.0318892 0.149338 0.00436464
45 0.571031 0.79828 0.0556473 0.148752 0.00428694
43 0.682041 0.719389 0.0380018 0.237399 0.00427368
43 0.586432 0.955467 0.0276149 0.0797754 0.00426811
44 0.733973 0.79157 0.0307302 0.0830684 0.00423524
41 0.568435 0.809548 0.0491105 0.116933 0.00419369
43 0.697295 0.896253 0.0167175 0.109393 0.00419351
44 0.579462 0.718384 0.0431293 0.0634427 0.00417849
44 0.68294 0.792973 0.037492 0.0903508 0.00416687
43 0.582131 0.891298 0.0384991 0.0765055 0.00414056
43 0.65607 0.939453 0.0409922 0.0900636 0.00406986
69 0.410058 0.926855 0.114323 0.137636 0.00405458
42 0.706796 0.847641 0.0293308 0.16404 0.00404355
42 0.605414 0.909107 0.0149858 0.0798054 0.00401488
42 0.713544 0.843563 0.0219571 0.146797 0.00395989
42 0.575761 0.84626 0.0516365 0.0893369 0.00395423
44 0.436861 0.384129 0.0412954 0.144134 0.0038493
43 0.601005 0.905135 0.01304 0.0935979 0.00380766
43 0.653317 0.950022 0.0471221 0.095486 0.00380147
43 0.691662 0.967481 0.0169018 0.059036 0.00375134
42 0.617418 0.97273 0.0371813 0.0521546 0.00373504
45 0.662592 0.847216 0.0246867 0.0587094 0.00372604
44 0.575166 0.889847 0.0266771 0.051663 0.00364953
44 0.70931 0.884201 0.020508 0.0935167 0.00361934
43 0.655193 0.980807 0.0412003 0.0378582 0.00360817
43 0.5266 0.669512 0.0287846 0.176641 0.00358632
43 0.678344 0.808196 0.029603 0.0605968 0.00353828
42 0.666408 0.379364 0.0191125 0.223505 0.00351325
44 0.646796 0.4088 0.0306915 0.234728 0.00350261
44 0.448236 0.331811 0.0556967 0.0553274 0.00347635
43 0.698736 0.874043 0.0291904 0.129298 0.00347266
44 0.579155 0.708197 0.0399429 0.0394324 0.00346929
43 0.61951 0.742171 0.017375 0.0550151 0.00345424
42 0.62831 0.84369 0.0581058 0.0940668 0.00344416
42 0.67805 0.67834 0.0199309 0.163826 0.00335675
69 0.0245965 0.892599 0.0488682 0.104405 0.00332898
43 0.593341 0.890559 0.0232239 0.106647 0.00331461
44 0.649977 0.678915 0.0223463 0.149483 0.00331265
43 0.617418 0.97273 0.0371813 0.0521546 0.00322309
43 0.63031 0.664169 0.027359 0.181787 0.00313312
43 0.626338 0.672899 0.027135 0.186362 0.00313288
42 0.697295 0.896253 0.0167175 0.109393 0.00312942
44 0.572992 0.650324 0.0199103 0.100107 0.00309157
44 0.571305 0.831864 0.0594988 0.205237 0.00307584
42 0.725548 0.796681 0.0227516 0.0931675 0.00306311
42 0.74392 0.859262 0.0385746 0.146255 0.00303537
39 0.58998 0.756725 0.0140983 0.055817 0.00302917
42 0.657453 0.934639 0.0395828 0.0658055 0.0030044
44 0.617729 0.976468 0.0382615 0.0450615 0.0029996
43 0.68294 0.792973 0.037492 0.0903508 0.00298813
42 0.738759 0.898311 0.0333866 0.0819135 0.00298062
42 0.631511 0.980474 0.0243395 0.0388598 0.00297523
44 0.582003 0.283964 0.0567978 0.174187 0.00297099
42 0.698736 0.874043 0.0291904 0.129298 0.0029642
44 0.525518 0.665111 0.020945 0.154584 0.00292608
43 0.566898 0.896343 0.0373951 0.0450284 0.00290152
43 0.649304 0.856905 0.0285985 0.0610655 0.00289226
43 0.70931 0.884201 0.020508 0.0935167 0.00279331
43 0.571717 0.904156 0.0296692 0.0588699 0.00278494
