45 0.500187 0.511543 0.994702 0.949683 0.947654
51 0.628685 0.837946 0.139837 0.204572 0.871931
44 0.267988 0.0820533 0.53158 0.159321 0.856281
51 0.370442 0.498869 0.124915 0.174004 0.799161
51 0.851638 0.668382 0.0954163 0.173687 0.788687
51 0.421476 0.190769 0.112196 0.139922 0.762675
51 0.760564 0.692937 0.125919 0.177855 0.732617
51 0.258548 0.537838 0.101452 0.179277 0.689672
51 0.63677 0.154823 0.0964655 0.112089 0.570456
51 0.786681 0.535818 0.116537 0.177129 0.509737
51 0.671262 0.570846 0.0959066 0.144068 0.428853
50 0.521999 0.300964 0.183516 0.20549 0.263583
51 0.393728 0.368137 0.066109 0.104441 0.242853
44 0.836697 0.102803 0.326606 0.204042 0.237396
42 0.267988 0.0820533 0.53158 0.159321 0.17027
42 0.0792161 0.307548 0.15794 0.299691 0.134338
44 0.0790022 0.308297 0.157008 0.307509 0.125621
42 0.83609 0.102928 0.326751 0.204531 0.123218
51 0.896583 0.439633 0.0285515 0.0784474 0.122433
50 0.562461 0.321693 0.10127 0.164814 0.119582
51 0.826418 0.436821 0.10405 0.0554112 0.111183
44 0.217238 0.242469 0.433861 0.436491 0.105053
51 0.41738 0.762192 0.0847143 0.120452 0.0977178
45 0.835851 0.101195 0.328298 0.200329 0.0925397
50 0.499526 0.53448 0.139806 0.184443 0.0851185
60 0.445673 0.501978 0.88879 0.956098 0.081854
51 0.636477 0.316655 0.0531704 0.106044 0.0773146
50 0.484262 0.239677 0.0589148 0.0795807 0.0740964
50 0.690285 0.391788 0.0915404 0.115939 0.0605656
44 0.835219 0.153622 0.329563 0.304319 0.0553479
50 0.479869 0.268099 0.107854 0.137187 0.048911
50 0.707906 0.392447 0.057824 0.115008 0.0475123
51 0.602421 0.498873 0.0795382 0.116768 0.0453866
51 0.498871 0.876222 0.107655 0.124989 0.0453507
42 0.270319 0.229578 0.540637 0.448122 0.0397483
50 0.667064 0.475054 0.0474741 0.0515751 0.0367615
42 0.835219 0.153622 0.329563 0.304319 0.0348047
50 0.531302 0.317205 0.0904715 0.174797 0.0347389
51 0.518314 0.797238 0.117676 0.0647305 0.0336895
44 0.319866 0.224593 0.639732 0.444804 0.0322705
51 0.32141 0.371232 0.0583637 0.114888 0.0312661
50 0.779323 0.368441 0.0656944 0.104544 0.0302153
45 0.835186 0.151568 0.329627 0.301802 0.0283888
51 0.232283 0.714492 0.162035 0.181962 0.0263874
51 0.895144 0.583549 0.0582071 0.0939393 0.026085
60 0.504063 0.131624 0.986502 0.263248 0.0256871
50 0.483884 0.221721 0.0617415 0.116012 0.0248453
50 0.457491 0.492349 0.0571987 0.0982272 0.0225353
50 0.572299 0.335287 0.0889755 0.131622 0.0222163
50 0.525753 0.258328 0.183944 0.289206 0.0213506
51 0.510658 0.849538 0.133511 0.178938 0.0210903
51 0.324332 0.342943 0.134283 0.172592 0.0209362
50 0.475639 0.53645 0.0926832 0.185722 0.02081
50 0.590312 0.337882 0.0515053 0.125322 0.0204788
50 0.870671 0.488028 0.0718082 0.0925876 0.0202669
45 0.268042 0.0845685 0.531586 0.163971 0.0200844
50 0.591829 0.33648 0.179415 0.195854 0.0196576
50 0.478706 0.170529 0.0497294 0.0865867 0.0195801
51 0.625635 0.143828 0.111939 0.144932 0.0195659
50 0.514153 0.267914 0.121174 0.135622 0.0194038
51 0.817019 0.602578 0.181788 0.31196 0.0192849
44 0.0816705 0.567004 0.162702 0.831051 0.0190395
50 0.555501 0.608627 0.252151 0.322049 0.0186646
44 0.121245 0.243334 0.242489 0.428657 0.018575
44 0.0636537 0.188391 0.127048 0.123664 0.0181012
51 0.405699 0.770117 0.0767825 0.104447 0.0175318
60 0.127925 0.825261 0.254375 0.330119 0.0173303
51 0.194597 0.554818 0.0385633 0.103105 0.0159403
50 0.580767 0.336222 0.239926 0.233648 0.0157075
51 0.478282 0.714283 0.039553 0.0811799 0.0156025
51 0.373174 0.318688 0.0579999 0.0693109 0.0155314
44 0.085782 0.238804 0.169322 0.444573 0.0151884
50 0.483962 0.1964 0.0619262 0.140282 0.0150048
50 0.628947 0.344878 0.216499 0.209182 0.0149718
51 0.471268 0.867491 0.0522821 0.104409 0.014785
50 0.530247 0.518487 0.0830656 0.112166 0.014762
51 0.876776 0.57184 0.0959423 0.118237 0.0145134
50 0.47441 0.28612 0.0980825 0.0942549 0.0143168
51 0.311482 0.310409 0.105385 0.111717 0.0142019
51 0.720257 0.806217 0.127124 0.151018 0.0136249
50 0.663179 0.378768 0.038563 0.0614491 0.0132406
50 0.483395 0.287168 0.117157 0.127481 0.0132312
50 0.459358 0.514915 0.0615221 0.142484 0.0122202
50 0.592367 0.305245 0.0467309 0.0604661 0.0121631
50 0.549824 0.316587 0.0559273 0.170347 0.0118121
51 0.321652 0.527489 0.235489 0.219158 0.0117075
60 0.122218 0.568351 0.24371 0.838519 0.0111968
51 0.840647 0.449918 0.134841 0.096724 0.0110416
50 0.713016 0.487084 0.0520784 0.0914613 0.0108615
51 0.345301 0.286166 0.0467442 0.0609282 0.0108363
51 0.568992 0.415469 0.0773395 0.0365764 0.010677
44 0.0473808 0.201319 0.0947617 0.102258 0.0106704
50 0.587354 0.362559 0.0494837 0.0753737 0.0105656
50 0.643007 0.673729 0.084865 0.0976561 0.0105005
51 0.801594 0.675364 0.209114 0.190604 0.0103789
50 0.543649 0.698235 0.0954411 0.16442 0.00996339
42 0.085782 0.238804 0.169322 0.444573 0.00992799
60 0.433592 0.232572 0.864753 0.442816 0.00992301
50 0.497787 0.266699 0.084972 0.131942 0.00949326
45 0.137447 0.12293 0.274894 0.243736 0.00936508
50 0.544083 0.157981 0.0909008 0.110212 0.00903526
44 0.23147 0.119667 0.46294 0.239334 0.00884801
44 0.064254 0.129565 0.128508 0.249324 0.00881073
50 0.60605 0.628243 0.154272 0.203306 0.00870386
42 0.121245 0.243334 0.242489 0.428657 0.00844646
50 0.448555 0.275652 0.0484148 0.0608978 0.00823265
50 0.647384 0.379003 0.0709103 0.0611766 0.00823018
50 0.690357 0.488217 0.0951408 0.0899899 0.00819266
50 0.689771 0.371884 0.0917229 0.0795656 0.0081332
50 0.497954 0.230537 0.121696 0.209212 0.00812846
50 0.587622 0.646054 0.189739 0.251023 0.00812593
51 0.292561 0.336983 0.0645564 0.0535721 0.00798491
50 0.475998 0.160326 0.0441888 0.0673313 0.00784591
50 0.487909 0.174108 0.0618389 0.095564 0.00783837
51 0.306028 0.338858 0.0856163 0.0555828 0.00775692
50 0.620094 0.356958 0.114412 0.162455 0.00775316
51 0.333378 0.3399 0.0275758 0.0555474 0.00739518
51 0.320707 0.394466 0.0599556 0.0767248 0.00728258
51 0.253013 0.717351 0.118524 0.169468 0.00724775
50 0.517044 0.241914 0.126711 0.0902931 0.00709921
43 0.836697 0.102803 0.326606 0.204042 0.00704536
51 0.332066 0.342229 0.0511213 0.152802 0.00702882
51 0.387165 0.31112 0.0896567 0.0902138 0.00693426
45 0.147595 0.0382611 0.273281 0.0765221 0.0069181
51 0.353574 0.320638 0.0988028 0.133143 0.00690806
50 0.526047 0.287996 0.0996275 0.130892 0.0067527
50 0.515618 0.207532 0.128098 0.17115 0.00674385
50 0.658631 0.389394 0.153349 0.117755 0.00673619
43 0.268042 0.0845685 0.531586 0.163971 0.00672552
51 0.344023 0.312433 0.0521766 0.115914 0.00656381
50 0.365148 0.365719 0.0375565 0.061677 0.0065158
50 0.572115 0.356623 0.0835971 0.0934104 0.00639281
44 0.0566912 0.17003 0.113195 0.163928 0.00638181
50 0.556932 0.233203 0.0554891 0.0542992 0.00637129
50 0.520773 0.33246 0.0983349 0.137567 0.00629768
45 0.433592 0.232572 0.864753 0.442816 0.0062654
50 0.490952 0.301696 0.12889 0.195642 0.00626078
51 0.8453 0.627922 0.123142 0.254469 0.00611648
44 0.0799266 0.420221 0.159165 0.535349 0.00605837
51 0.582131 0.146548 0.0276007 0.0765284 0.00605431
51 0.84952 0.551568 0.0380482 0.0790071 0.00604233
50 0.487577 0.586209 0.0658045 0.0830826 0.00594687
51 0.743106 0.5575 0.0364033 0.10064 0.00591859
45 0.120843 0.569174 0.241473 0.835677 0.00582421
50 0.455104 0.369673 0.0628907 0.147538 0.00571743
44 0.143437 0.149395 0.286874 0.29879 0.00571495
50 0.508861 0.30282 0.0672319 0.0688946 0.00565231
51 0.737549 0.326471 0.0560836 0.0836841 0.00561318
60 0.900825 0.878512 0.19835 0.220205 0.00561011
51 0.305165 0.371573 0.0922258 0.125838 0.00558758
51 0.737835 0.556984 0.0256977 0.0999289 0.00555554
50 0.453444 0.283161 0.0595367 0.0780938 0.00549245
50 0.393853 0.36839 0.0662629 0.102066 0.00547564
51 0.377301 0.316762 0.0474703 0.055445 0.00542942
51 0.747228 0.611115 0.262239 0.341366 0.00534257
50 0.777857 0.385088 0.0588581 0.0682384 0.00530073
50 0.642063 0.389096 0.0810537 0.0798906 0.00529394
50 0.554935 0.244281 0.0588573 0.0770747 0.0051955
41 0.147595 0.0382611 0.273281 0.0765221 0.00508356
50 0.550055 0.288774 0.051468 0.115937 0.00507399
50 0.459346 0.531898 0.0681164 0.186777 0.00504914
50 0.458512 0.416192 0.0319805 0.0569674 0.00502241
50 0.669352 0.208762 0.0371373 0.0337387 0.00497949
50 0.466925 0.385096 0.0496601 0.116071 0.00493929
50 0.456281 0.457537 0.0566221 0.151396 0.00489235
44 0.881289 0.0790996 0.236667 0.154948 0.00485349
50 0.570483 0.297471 0.0934746 0.1661 0.00482285
50 0.470915 0.254305 0.091032 0.10697 0.00481093
51 0.284854 0.387406 0.0510048 0.0769332 0.00475389
51 0.765344 0.426806 0.0321655 0.0374188 0.00469106
50 0.459485 0.394377 0.0340688 0.0981804 0.00468689
51 0.835444 0.467884 0.122473 0.122431 0.00461122
44 0.0422791 0.211733 0.0843608 0.0792125 0.0045507
42 0.0816705 0.567004 0.162702 0.831051 0.00443184
44 0.246504 0.497468 0.492404 0.963344 0.00431237
40 0.268042 0.0845685 0.531586 0.163971 0.00425431
50 0.544994 0.334611 0.0563292 0.13885 0.00421888
50 0.622841 0.383002 0.116314 0.0993271 0.00417048
51 0.380531 0.448659 0.146736 0.268361 0.00409397
51 0.720458 0.312492 0.0203795 0.0534514 0.00403419
42 0.0799266 0.420221 0.159165 0.535349 0.00393024
45 0.268914 0.216024 0.537828 0.432049 0.00388867
50 0.636483 0.401809 0.0790022 0.0826041 0.00385001
42 0.143437 0.149395 0.286874 0.29879 0.00383216
50 0.524812 0.541044 0.0997568 0.159201 0.00376391
51 0.394572 0.284315 0.22757 0.335509 0.00375131
50 0.617938 0.625927 0.110013 0.190269 0.0036858
51 0.372885 0.335304 0.055341 0.099926 0.00366414
51 0.90302 0.465939 0.041143 0.129641 0.00351787
60 0.488871 0.821613 0.972754 0.334543 0.00347525
45 0.0786195 0.532676 0.15678 0.759029 0.00345749
50 0.708591 0.360226 0.055287 0.0521461 0.00334737
50 0.636245 0.318195 0.0533018 0.106249 0.00333411
45 0.23147 0.119667 0.46294 0.239334 0.00332555
60 0.500398 0.100446 0.987489 0.172391 0.00327694
50 0.477544 0.50939 0.0943796 0.132238 0.00325936
50 0.702062 0.41643 0.0450747 0.0671145 0.00321299
51 0.415866 0.370733 0.108023 0.115427 0.00320366
50 0.623117 0.41823 0.0337667 0.0481858 0.00318876
50 0.443528 0.37527 0.0647469 0.137325 0.00308716
50 0.581814 0.292429 0.0731864 0.0933633 0.00308517
51 0.836215 0.437703 0.13214 0.0646367 0.0030624
51 0.41192 0.274962 0.152274 0.309959 0.00305986
50 0.678705 0.405159 0.117789 0.144141 0.00305155
51 0.377582 0.422945 0.18544 0.320606 0.00303927
42 0.23147 0.119667 0.46294 0.239334 0.00295758
76 0.268042 0.0845685 0.531586 0.163971 0.00293821
44 0.103941 0.134079 0.206489 0.231632 0.00292617
51 0.753977 0.42578 0.055722 0.0440019 0.0029158
51 0.299773 0.436796 0.319321 0.405376 0.00290149
50 0.542912 0.180098 0.0906221 0.145878 0.00288913
45 0.228471 0.0366165 0.109851 0.0732331 0.00288567
51 0.680264 0.331215 0.0463711 0.0408717 0.00285932
51 0.477099 0.814543 0.21849 0.243656 0.00282612
50 0.501168 0.317614 0.0814337 0.107381 0.00280413
50 0.55667 0.160743 0.0680319 0.102182 0.0027521
50 0.602257 0.600573 0.132741 0.156268 0.00275177
51 0.858031 0.56141 0.0673311 0.0981599 0.00274667
60 0.838519 0.151533 0.322677 0.300579 0.00273743
50 0.557047 0.268661 0.0648638 0.121026 0.00273287
50 0.497659 0.50436 0.134521 0.129511 0.00270441
51 0.364618 0.348192 0.214897 0.179461 0.00269672
69 0.465506 0.464721 0.927544 0.913629 0.00268337
50 0.567438 0.522059 0.0969051 0.11897 0.00263435
42 0.881289 0.0790996 0.236667 0.154948 0.00261801
51 0.401893 0.269282 0.0512126 0.029068 0.00257286
50 0.473165 0.305789 0.0952702 0.131243 0.00247341
50 0.551944 0.273417 0.0501294 0.0908811 0.00247058
51 0.640909 0.291149 0.0412949 0.0531728 0.00241756
51 0.715521 0.863647 0.0682355 0.0895326 0.00231367
50 0.473906 0.562012 0.0752212 0.135234 0.00230077
50 0.641328 0.654764 0.0949248 0.129733 0.00226969
50 0.521559 0.166122 0.112349 0.112995 0.00225443
50 0.572242 0.272236 0.0948439 0.128843 0.00225145
51 0.707926 0.87063 0.0453623 0.0725208 0.00222096
51 0.7164 0.839438 0.0702597 0.0721802 0.00221291
51 0.312981 0.404584 0.0458407 0.0538642 0.00220186
51 0.752797 0.431064 0.059289 0.0602773 0.00219506
51 0.82186 0.552582 0.192776 0.27052 0.00219408
51 0.887902 0.442942 0.0456013 0.0855644 0.00218809
51 0.57257 0.421401 0.0843349 0.0486597 0.00217378
60 0.137447 0.12293 0.274894 0.243736 0.00215712
51 0.873015 0.487313 0.0664909 0.0930623 0.00210658
51 0.510908 0.408074 0.0519753 0.0682243 0.0021041
42 0.246504 0.497468 0.492404 0.963344 0.00209281
51 0.514566 0.878579 0.0704039 0.118453 0.00208014
43 0.0791596 0.307644 0.157644 0.299335 0.00205392
50 0.629772 0.664181 0.103036 0.100841 0.00204459
50 0.427315 0.372191 0.0349188 0.0871728 0.0020273
60 0.940103 0.0749336 0.119115 0.149867 0.00202239
43 0.835219 0.153622 0.329563 0.304319 0.00202021
44 0.120843 0.569174 0.241473 0.835677 0.00201598
51 0.389619 0.293085 0.082041 0.0549719 0.0020023
50 0.62215 0.370928 0.252182 0.229051 0.00199535
60 0.277295 0.505798 0.552982 0.95347 0.00198829
51 0.426087 0.377025 0.0378078 0.107373 0.00198463
50 0.45653 0.404808 0.0357544 0.0817741 0.00196233
51 0.641921 0.232883 0.152548 0.280995 0.0019578
51 0.767827 0.608393 0.159792 0.326788 0.00194263
50 0.268042 0.0845685 0.531586 0.163971 0.001939
50 0.607531 0.384086 0.136762 0.121734 0.00192547
41 0.268042 0.0845685 0.531586 0.163971 0.0019193
50 0.605428 0.577937 0.12381 0.112876 0.00190961
60 0.627843 0.101557 0.73953 0.203114 0.00186422
51 0.632462 0.354107 0.0382217 0.0359002 0.00186199
42 0.433592 0.232572 0.864753 0.442816 0.00182354
50 0.542423 0.238621 0.0850645 0.0771886 0.00182119
50 0.372885 0.335304 0.055341 0.099926 0.00180626
51 0.608314 0.0911118 0.0456149 0.045781 0.0018017
44 0.0329698 0.217177 0.0656266 0.068825 0.00177923
51 0.585453 0.147268 0.0367273 0.0900025 0.00177893
42 0.0843778 0.137204 0.168452 0.232666 0.00177717
60 0.733928 0.108154 0.528795 0.216309 0.00177428
43 0.266871 0.23065 0.533008 0.439247 0.00176886
51 0.28951 0.370926 0.0612903 0.11048 0.0017623
51 0.613031 0.346491 0.104917 0.159109 0.00174803
51 0.578202 0.15152 0.0339287 0.0826738 0.00173208
50 0.604287 0.401943 0.284178 0.241043 0.00172943
50 0.847525 0.398647 0.0609985 0.0349244 0.00172168
50 0.545129 0.363767 0.0477566 0.0778887 0.001701
44 0.145002 0.0389985 0.276899 0.076866 0.00167161
51 0.395483 0.307038 0.0973785 0.0644496 0.00167036
51 0.735601 0.548537 0.236585 0.21221 0.00166982
51 0.730047 0.815925 0.0995058 0.146316 0.00165853
51 0.704975 0.755513 0.245666 0.303824 0.00165346
60 0.5083 0.210494 0.976997 0.353091 0.00163391
50 0.456796 0.342783 0.0450441 0.0813004 0.00159121
51 0.224063 0.58843 0.03429 0.079257 0.00158924
51 0.446291 0.763522 0.156324 0.135006 0.00158289
41 0.835684 0.104352 0.328633 0.207377 0.00157183
51 0.611001 0.128831 0.0876368 0.12267 0.00155243
50 0.559402 0.403118 0.270435 0.426682 0.0015167
51 0.485093 0.235759 0.101098 0.219826 0.00149146
50 0.231809 0.713816 0.162462 0.179939 0.00148994
69 0.433592 0.232572 0.864753 0.442816 0.00145948
44 0.870186 0.0249747 0.0660252 0.0480282 0.001441
50 0.540334 0.516414 0.0620433 0.104853 0.00143704
60 0.838501 0.488521 0.322998 0.969052 0.00143352
50 0.446187 0.350142 0.0402269 0.0751334 0.00140816
56 0.137663 0.124633 0.27462 0.249267 0.00140786
