69 0.625147 0.60603 0.391219 0.370059 0.455504
59 0.471013 0.490143 0.894505 0.920134 0.353932
56 0.159605 0.955678 0.316114 0.0782974 0.249773
60 0.217411 0.699159 0.367687 0.564235 0.202577
56 0.150336 0.830416 0.130543 0.270524 0.146872
15 0.132073 0.485466 0.102919 0.166515 0.10385
59 0.155356 0.958999 0.308925 0.0779002 0.0820549
59 0.509214 0.2641 0.961739 0.331266 0.0637923
37 0.839505 0.5071 0.103767 0.741443 0.0383121
24 0.124407 0.101325 0.0749964 0.0778489 0.0345854
16 0.132073 0.485466 0.102919 0.166515 0.0345451
59 0.502241 0.314072 0.959411 0.568818 0.0332732
56 0.182856 0.842075 0.204143 0.277452 0.0320085
60 0.49418 0.532799 0.950839 0.910758 0.0283207
59 0.48959 0.143474 0.869542 0.218073 0.0274808
60 0.171323 0.959797 0.3401 0.0760386 0.0273698
61 0.975286 0.764326 0.049428 0.19308 0.0264462
72 0.839505 0.5071 0.103767 0.741443 0.0252967
61 0.975012 0.803682 0.0499763 0.113231 0.0233871
57 0.155356 0.958999 0.308925 0.0779002 0.0212663
56 0.217411 0.699159 0.367687 0.564235 0.0207012
26 0.124407 0.101325 0.0749964 0.0778489 0.0194611
26 0.132047 0.485326 0.102601 0.166432 0.018286
56 0.165028 0.885659 0.321394 0.214767 0.0142491
71 0.975012 0.803682 0.0499763 0.113231 0.0137803
14 0.510007 0.147133 0.0187046 0.0331308 0.0134219
14 0.511597 0.157649 0.0217335 0.0533604 0.0126495
56 0.97534 0.742127 0.0493199 0.235446 0.0122763
75 0.132443 0.485425 0.102971 0.165923 0.0107699
59 0.893159 0.492813 0.211496 0.744383 0.00930044
56 0.23262 0.798881 0.324613 0.380405 0.00914478
60 0.841408 0.958748 0.315593 0.0751559 0.0087783
69 0.658822 0.500948 0.459024 0.727266 0.00873327
71 0.975286 0.764326 0.049428 0.19308 0.00860864
56 0.216722 0.828971 0.26508 0.301778 0.00766698
75 0.115803 0.486289 0.0664058 0.165557 0.0065771
56 0.148685 0.780147 0.123483 0.156789 0.00647327
15 0.133186 0.45227 0.102051 0.0785667 0.00621846
15 0.12518 0.100664 0.0761786 0.0770482 0.00602171
32 0.727857 0.470839 0.0196342 0.0273822 0.00571024
72 0.0408611 0.576794 0.0764649 0.716175 0.00570655
71 0.168063 0.96013 0.332617 0.0735741 0.00560147
59 0.691301 0.474204 0.617184 0.921786 0.00558925
69 0.529485 0.520218 0.198228 0.190281 0.00557077
60 0.218401 0.543816 0.364887 0.236767 0.00536165
56 0.8417 0.95788 0.315003 0.0741041 0.00522214
24 0.131764 0.485113 0.103248 0.166391 0.00515547
60 0.895853 0.4938 0.206704 0.749529 0.00502923
14 0.959647 0.212686 0.0805807 0.0583636 0.00484413
75 0.124941 0.498166 0.0561447 0.139359 0.00476739
59 0.487032 0.105021 0.892496 0.184152 0.00476572
60 0.212226 0.577551 0.362738 0.171982 0.00465339
49 0.531446 0.574533 0.0204076 0.0281193 0.0046224
59 0.940398 0.254601 0.119042 0.157325 0.00458705
74 0.290775 0.110123 0.0764093 0.0408057 0.0044654
59 0.662439 0.156908 0.466402 0.112564 0.00440088
59 0.377288 0.275787 0.712676 0.534983 0.00420338
14 0.131764 0.485113 0.103248 0.166391 0.00419828
28 0.124715 0.101498 0.0750859 0.0766141 0.00417259
59 0.645046 0.208347 0.489574 0.0552217 0.00416273
56 0.975021 0.804497 0.0499572 0.114768 0.00402886
72 0.658822 0.500948 0.459024 0.727266 0.00399527
69 0.660506 0.606834 0.462776 0.505988 0.00399205
74 0.309862 0.110616 0.117244 0.042692 0.00394559
15 0.115803 0.486289 0.0664058 0.165557 0.00394419
26 0.124251 0.491293 0.057507 0.153151 0.00390258
61 0.985628 0.675245 0.0287359 0.104945 0.00383261
30 0.839059 0.501879 0.108559 0.748297 0.00366727
58 0.415351 0.538655 0.0317154 0.146487 0.00365907
14 0.127682 0.176909 0.0554761 0.0529127 0.00356507
59 0.66013 0.187114 0.461111 0.0989636 0.0035156
60 0.23262 0.798881 0.324613 0.380405 0.00334385
77 0.132073 0.485466 0.102919 0.166515 0.00312257
74 0.817664 0.20694 0.0986194 0.0471024 0.00312194
69 0.412747 0.635123 0.0488327 0.409185 0.00305235
68 0.532822 0.474554 0.192134 0.0998662 0.00304732
13 0.217922 0.702666 0.371186 0.560837 0.00298923
56 0.129205 0.629005 0.190698 0.667633 0.00289911
74 0.124941 0.498166 0.0561447 0.139359 0.0028452
73 0.83777 0.958446 0.324362 0.0825837 0.00282326
61 0.148685 0.780147 0.123483 0.156789 0.00274295
59 0.74179 0.496751 0.504753 0.773464 0.00272897
69 0.317806 0.725562 0.153814 0.273487 0.00267315
60 0.196298 0.597846 0.340152 0.73324 0.00263125
32 0.531446 0.574533 0.0204076 0.0281193 0.00260666
0 0.0419854 0.556952 0.0839708 0.773349 0.0025847
58 0.416881 0.579646 0.0269152 0.0597649 0.00255495
71 0.985565 0.676618 0.0288692 0.106293 0.00253645
73 0.809614 0.964201 0.250551 0.0679789 0.00251245
41 0.975255 0.803364 0.0494893 0.111208 0.00248173
59 0.623879 0.182645 0.751272 0.3243 0.00244117
59 0.354838 0.16808 0.47705 0.085139 0.00243971
74 0.127543 0.17524 0.0559525 0.0500858 0.00238964
47 0.531446 0.574533 0.0204076 0.0281193 0.00238547
64 0.124702 0.101308 0.075149 0.0784796 0.00235578
14 0.312474 0.110206 0.109945 0.0414855 0.00229135
56 0.19955 0.909025 0.229318 0.155532 0.0022907
14 0.339194 0.117161 0.0534232 0.0270765 0.00222597
58 0.412747 0.635123 0.0488327 0.409185 0.00220522
61 0.14962 0.82978 0.127813 0.263859 0.00217885
56 0.160734 0.970339 0.321468 0.0528575 0.00217283
59 0.40293 0.290053 0.76168 0.35133 0.00213629
60 0.182856 0.842075 0.204143 0.277452 0.00212425
72 0.660506 0.606834 0.462776 0.505988 0.00211987
59 0.412164 0.0780426 0.68969 0.141448 0.00208068
59 0.160734 0.970339 0.321468 0.0528575 0.00206617
69 0.317799 0.770052 0.150581 0.176739 0.00205988
76 0.203041 0.0638047 0.0331258 0.0394794 0.00201893
53 0.623242 0.601696 0.387773 0.376226 0.00201488
63 0.8417 0.95788 0.315003 0.0741041 0.00197324
60 0.160734 0.970339 0.321468 0.0528575 0.00196224
76 0.202781 0.0725887 0.03345 0.0596485 0.001939
34 0.839268 0.501316 0.106823 0.750148 0.00193229
72 0.624148 0.602634 0.390152 0.377814 0.00190815
59 0.837683 0.498019 0.112957 0.757152 0.00189692
75 0.126208 0.517151 0.0538379 0.0997541 0.00189096
14 0.228945 0.0680598 0.0708052 0.044505 0.00186604
69 0.532822 0.474554 0.192134 0.0998662 0.00186369
14 0.203041 0.0638047 0.0331258 0.0394794 0.00184089
15 0.817519 0.20682 0.101494 0.0467822 0.0018096
14 0.224778 0.0707662 0.0763991 0.0583219 0.00180644
69 0.839505 0.5071 0.103767 0.741443 0.00180274
56 0.0830101 0.958571 0.16474 0.0799601 0.00178149
14 0.351942 0.118027 0.0270268 0.0237595 0.00178006
72 0.894063 0.509427 0.211875 0.737366 0.00177711
14 0.346067 0.116125 0.0387982 0.0265353 0.0017623
45 0.975119 0.803672 0.0497614 0.114194 0.00175509
56 0.118705 0.679821 0.169578 0.502626 0.00174683
49 0.53249 0.479122 0.0217108 0.0289093 0.00174144
56 0.152055 0.725177 0.301389 0.531625 0.00171763
61 0.974009 0.734788 0.0519825 0.25267 0.00170311
59 0.636857 0.237715 0.475455 0.11967 0.00169858
56 0.157452 0.886566 0.134425 0.183844 0.00167164
49 0.531509 0.666055 0.0202093 0.0257075 0.00166956
25 0.940398 0.254601 0.119042 0.157325 0.00162652
74 0.720083 0.564926 0.0220709 0.02669 0.00160488
69 0.230779 0.740639 0.343941 0.487456 0.00159788
72 0.52959 0.519984 0.197788 0.187938 0.00157729
56 0.973924 0.698003 0.0521528 0.332082 0.00157726
56 0.894898 0.501934 0.20925 0.73071 0.00156561
56 0.942848 0.513926 0.114158 0.712473 0.00154731
61 0.171323 0.959797 0.3401 0.0760386 0.0015398
56 0.0394107 0.571897 0.0788213 0.734722 0.0014829
14 0.115803 0.486289 0.0664058 0.165557 0.00147781
59 0.93544 0.175908 0.128513 0.337374 0.00147471
39 0.122572 0.494495 0.0604549 0.155682 0.00147048
60 0.209464 0.609513 0.362668 0.108893 0.00145662
6 0.463037 0.492027 0.884175 0.966789 0.00145552
68 0.316804 0.771646 0.145574 0.170546 0.00144246
69 0.620878 0.694222 0.36913 0.181025 0.00143611
56 0.147758 0.746545 0.124439 0.233756 0.00142899
73 0.0934228 0.229024 0.0598841 0.045422 0.00141969
26 0.125579 0.515938 0.0550671 0.102288 0.00140131
59 0.619384 0.265564 0.532306 0.140915 0.00139976
65 0.816814 0.20673 0.0898275 0.0475286 0.00139904
58 0.131675 0.485326 0.102485 0.16612 0.00137794
14 0.148265 0.211962 0.0201996 0.0173244 0.0013721
14 0.335445 0.0465624 0.0189936 0.0166671 0.00134641
15 0.31087 0.111734 0.114186 0.0438582 0.00134173
71 0.316804 0.771646 0.145574 0.170546 0.00134042
59 0.640943 0.14256 0.563154 0.106916 0.00134012
37 0.830648 0.591824 0.0904644 0.575198 0.00133502
61 0.317141 0.773181 0.150593 0.170566 0.00132579
15 0.153581 0.456009 0.0597694 0.0670355 0.0013229
49 0.727857 0.470839 0.0196342 0.0273822 0.00130215
69 0.622451 0.652249 0.374952 0.239241 0.00128365
14 0.922752 0.257292 0.0110371 0.0148078 0.00128019
14 0.955086 0.210385 0.0668167 0.0423616 0.0012762
1 0.309524 0.111505 0.113164 0.0443618 0.00127083
0 0.132001 0.485422 0.102603 0.167264 0.00126502
59 0.165028 0.885659 0.321394 0.214767 0.00126123
14 0.202677 0.0718111 0.0337775 0.0574393 0.00125003
59 0.66439 0.126677 0.478573 0.146288 0.00124395
63 0.168063 0.96013 0.332617 0.0735741 0.00120732
24 0.124251 0.491293 0.057507 0.153151 0.00120157
59 0.364313 0.13106 0.714933 0.25518 0.00120088
13 0.158698 0.954571 0.314871 0.0774286 0.0011946
74 0.5316 0.666344 0.0208337 0.0255831 0.00119022
32 0.335445 0.0465624 0.0189936 0.0166671 0.00118405
73 0.0819608 0.22934 0.0364152 0.0449694 0.00117114
16 0.115803 0.486289 0.0664058 0.165557 0.00116557
56 0.237855 0.738875 0.297983 0.379029 0.00116521
56 0.316804 0.72673 0.153466 0.269497 0.00116321
21 0.132073 0.485466 0.102919 0.166515 0.00115767
14 0.802004 0.206028 0.0826895 0.0437237 0.00114611
0 0.160285 0.95812 0.316918 0.0718679 0.00114524
57 0.165028 0.885659 0.321394 0.214767 0.00114232
73 0.951044 0.960641 0.0972569 0.0779867 0.00113988
32 0.53249 0.479122 0.0217108 0.0289093 0.00113392
14 0.122968 0.103002 0.0770165 0.0748322 0.00112733
59 0.928636 0.315502 0.142728 0.33253 0.00110152
60 0.0830101 0.958571 0.16474 0.0799601 0.00110134
0 0.00629138 0.311209 0.0104859 0.136847 0.00107792
14 0.766757 0.199188 0.033629 0.0278805 0.00107345
74 0.124715 0.101498 0.0750859 0.0766141 0.00106999
47 0.53249 0.479122 0.0217108 0.0289093 0.00106487
76 0.105541 0.445042 0.047151 0.0880075 0.00106129
1 0.13219 0.485192 0.103598 0.16692 0.0010553
2 0.817703 0.20701 0.102537 0.047928 0.00104442
14 0.250232 0.0890761 0.124505 0.0891333 0.00103584
69 0.466886 0.489688 0.890399 0.958036 0.00102976
68 0.627108 0.608232 0.393642 0.369562 0.00102836
74 0.531446 0.574533 0.0204076 0.0281193 0.00102651
14 0.133113 0.452931 0.102959 0.0781452 0.00102541
16 0.309524 0.111505 0.113164 0.0443618 0.00102147
37 0.891012 0.501017 0.207229 0.743347 0.00101048
56 0.128468 0.803864 0.25247 0.370186 0.00100631
26 0.139708 0.454903 0.0880644 0.0710588 0.00100088
60 0.165028 0.885659 0.321394 0.214767 0.00100029
