0 0.629447 0.533708 0.550789 0.909296 0.953057
27 0.658324 0.77128 0.148972 0.435825 0.888225
55 0.769399 0.821644 0.273969 0.337208 0.878821
40 0.4484 0.0804758 0.196233 0.15651 0.315962
27 0.657749 0.647277 0.148845 0.187045 0.0304935
67 0.827854 0.321197 0.0343761 0.0700458 0.0175312
60 0.474277 0.449081 0.933745 0.898162 0.0153736
42 0.402697 0.780861 0.0612152 0.202349 0.0141351
40 0.447499 0.37014 0.198122 0.740279 0.0139519
27 0.649359 0.840805 0.0628928 0.299991 0.0121458
55 0.77171 0.757127 0.239022 0.198868 0.0113867
41 0.779257 0.624122 0.0548754 0.0879152 0.0112931
42 0.834015 0.381677 0.0483738 0.19512 0.00926051
43 0.401799 0.776537 0.0622523 0.19827 0.00676113
42 0.415127 0.780959 0.0404224 0.194803 0.00620607
42 0.828122 0.319812 0.0326736 0.0680096 0.00617245
42 0.399636 0.747054 0.061102 0.137166 0.00593939
67 0.827919 0.363064 0.037578 0.155938 0.00533891
44 0.403332 0.780234 0.0607018 0.203002 0.00527939
60 0.744376 0.816489 0.474807 0.344343 0.0050742
75 0.198623 0.314142 0.361499 0.619673 0.00373605
61 0.198457 0.312377 0.358627 0.616281 0.00289357
43 0.415127 0.780959 0.0404224 0.194803 0.00284511
40 0.4476 0.204848 0.197417 0.405414 0.00275874
44 0.415127 0.780959 0.0404224 0.194803 0.00252968
45 0.198623 0.314142 0.361499 0.619673 0.00252405
75 0.448026 0.0754657 0.196484 0.148185 0.00243804
60 0.316018 0.491088 0.622432 0.982175 0.00237238
42 0.410478 0.786977 0.0535036 0.174701 0.0023078
44 0.198623 0.314142 0.361499 0.619673 0.0022822
41 0.402267 0.775872 0.0637944 0.19617 0.00224021
65 0.402267 0.775872 0.0637944 0.19617 0.00206745
42 0.831821 0.396053 0.0400146 0.159814 0.00204769
41 0.44846 0.0748862 0.196591 0.146774 0.00203168
60 0.64609 0.817017 0.697098 0.349623 0.00193629
27 0.654899 0.799772 0.0606646 0.207091 0.00191024
42 0.826706 0.377539 0.0386545 0.186095 0.00158155
45 0.447544 0.0779361 0.197178 0.152724 0.00154352
64 0.198623 0.314142 0.361499 0.619673 0.00152284
67 0.403332 0.780234 0.0607018 0.203002 0.00145751
55 0.768943 0.919651 0.275392 0.147856 0.00134474
27 0.65273 0.805101 0.076263 0.37397 0.00133854
60 0.195841 0.491908 0.38182 0.980966 0.00125313
55 0.779257 0.624122 0.0548754 0.0879152 0.00118595
71 0.198623 0.314142 0.361499 0.619673 0.0011476
44 0.399636 0.747054 0.061102 0.137166 0.00111327
0 0.845571 0.573174 0.119492 0.563444 0.00104111
65 0.415127 0.780959 0.0404224 0.194803 0.00101089
