0 0.551893 0.44624 0.14563 0.160837 0.695696
33 0.0934607 0.402547 0.0729504 0.344263 0.345746
33 0.579273 0.484973 0.093879 0.297435 0.179763
33 0.575581 0.364632 0.0429592 0.0545486 0.0772654
33 0.56781 0.52218 0.0696216 0.223745 0.0637572
31 0.570772 0.518791 0.0765355 0.228712 0.057916
33 0.552143 0.446698 0.146193 0.159452 0.0495723
31 0.579116 0.485444 0.0925029 0.298764 0.0406927
31 0.552087 0.446743 0.145382 0.158257 0.0336168
0 0.218817 0.760178 0.0510376 0.0556104 0.0269601
31 0.560089 0.543023 0.0568163 0.178663 0.0263609
33 0.586984 0.37324 0.0668878 0.0738647 0.0240152
33 0.560089 0.543023 0.0568163 0.178663 0.0209996
30 0.57912 0.484162 0.0947323 0.298799 0.0160658
33 0.570918 0.321872 0.0470943 0.13412 0.0129785
37 0.560089 0.543023 0.0568163 0.178663 0.0123062
0 0.578579 0.493098 0.0954214 0.280261 0.0121271
33 0.589743 0.434779 0.0725003 0.19707 0.0107742
77 0.552143 0.446698 0.146193 0.159452 0.0100043
37 0.579116 0.485444 0.0925029 0.298764 0.00994632
8 0.556242 0.315259 0.0231484 0.124683 0.00907445
0 0.231024 0.757491 0.0314275 0.0542072 0.00867283
0 0.57034 0.433483 0.110307 0.131232 0.00628248
31 0.589733 0.426049 0.0738394 0.179776 0.00627097
0 0.239469 0.754984 0.0138238 0.0447444 0.00545546
30 0.58991 0.395649 0.0739634 0.120066 0.00538132
33 0.58991 0.395649 0.0739634 0.120066 0.00505581
9 0.797243 0.514821 0.0463387 0.0283556 0.0049842
30 0.589733 0.426049 0.0738394 0.179776 0.00479531
30 0.571399 0.516795 0.0777996 0.232799 0.00474367
9 0.801248 0.517697 0.0385662 0.0228422 0.00434813
33 0.582285 0.36592 0.0574133 0.0634383 0.0041059
31 0.543263 0.501793 0.130661 0.261408 0.00405088
14 0.552143 0.446698 0.146193 0.159452 0.00401521
30 0.584929 0.368807 0.0622986 0.0653154 0.00389019
37 0.571399 0.516795 0.0777996 0.232799 0.00387913
30 0.56115 0.537896 0.0603912 0.191065 0.00339505
33 0.801513 0.518227 0.0378765 0.0220047 0.002873
33 0.574422 0.438033 0.0991074 0.394648 0.00281864
30 0.579515 0.364611 0.0502136 0.0558699 0.00280327
33 0.556875 0.316022 0.0238569 0.130102 0.00264174
0 0.550672 0.450019 0.0815287 0.161123 0.00233874
9 0.783586 0.511739 0.0743855 0.0346178 0.0020543
0 0.581343 0.420636 0.0877893 0.104087 0.00203586
0 0.543263 0.501793 0.130661 0.261408 0.00196818
0 0.569322 0.5204 0.0742857 0.225627 0.00193316
33 0.797243 0.514821 0.0463387 0.0283556 0.00192291
24 0.219555 0.760141 0.0483178 0.0558929 0.00188717
31 0.58991 0.395649 0.0739634 0.120066 0.00188586
30 0.587875 0.381881 0.0739983 0.0773764 0.00179753
25 0.575581 0.364632 0.0429592 0.0545486 0.00175911
33 0.538404 0.509822 0.125257 0.249542 0.00172296
0 0.585628 0.394408 0.0732921 0.0577067 0.00155008
0 0.214096 0.753608 0.0670128 0.0664006 0.00143811
30 0.264513 0.593686 0.0443271 0.403579 0.00140485
0 0.196905 0.756111 0.024881 0.0550233 0.00140122
8 0.572111 0.320144 0.0543302 0.145248 0.00139967
33 0.567597 0.429049 0.112725 0.189418 0.00139767
33 0.563515 0.605368 0.0775129 0.399329 0.00138962
37 0.589733 0.426049 0.0738394 0.179776 0.00137743
8 0.562295 0.30874 0.0190253 0.117189 0.0012767
30 0.324344 0.51807 0.607814 0.583233 0.00126123
31 0.801248 0.517697 0.0385662 0.0228422 0.00116414
8 0.560089 0.543023 0.0568163 0.178663 0.00109267
30 0.570918 0.321872 0.0470943 0.13412 0.0010758
31 0.584929 0.368807 0.0622986 0.0653154 0.00107577
33 0.75878 0.522871 0.12364 0.0597972 0.00103098
