65 0.890316 0.567582 0.218946 0.313462 0.933805
15 0.576481 0.482905 0.533777 0.779741 0.916744
0 0.544801 0.497044 0.748202 0.982168 0.827595
0 0.878663 0.317819 0.24157 0.630336 0.735331
0 0.106839 0.520161 0.212954 0.389174 0.639674
0 0.109607 0.647167 0.218668 0.644834 0.428126
57 0.568012 0.502869 0.859152 0.994262 0.403734
0 0.600286 0.657353 0.789167 0.667151 0.354245
57 0.715647 0.502796 0.566476 0.994409 0.256571
0 0.0843792 0.867688 0.168758 0.197381 0.252188
0 0.602582 0.761181 0.782491 0.45692 0.211825
57 0.384462 0.559339 0.764432 0.858388 0.121284
67 0.274504 0.964192 0.127211 0.0710687 0.100794
57 0.135024 0.734488 0.263238 0.520746 0.081278
57 0.474673 0.704949 0.94009 0.569153 0.0746363
0 0.871837 0.772423 0.255258 0.435266 0.0512492
0 0.314655 0.779442 0.21005 0.431851 0.0497486
65 0.274006 0.963856 0.127714 0.0717438 0.0462807
0 0.876712 0.495985 0.24548 0.974682 0.0457862
65 0.649894 0.753375 0.0453856 0.171505 0.0402452
57 0.678718 0.319749 0.435682 0.634918 0.0335672
64 0.275129 0.969287 0.129673 0.0613543 0.0236579
57 0.119735 0.650438 0.238189 0.652601 0.0160305
16 0.576481 0.482905 0.533777 0.779741 0.0141604
57 0.296223 0.726632 0.585225 0.522385 0.0112131
0 0.719951 0.502036 0.555082 0.995929 0.00944546
0 0.947064 0.0866714 0.104247 0.170738 0.00695011
57 0.875109 0.494897 0.24897 0.973093 0.0068489
74 0.276364 0.96504 0.127659 0.0674085 0.00650841
59 0.551489 0.498148 0.890239 0.990243 0.00624952
59 0.729666 0.960695 0.302882 0.0714815 0.00610635
56 0.521254 0.502825 0.894577 0.994349 0.00604448
39 0.65035 0.751087 0.0468027 0.166948 0.00565121
0 0.816308 0.494329 0.363963 0.979481 0.00554216
57 0.878166 0.317938 0.242741 0.630265 0.00547183
57 0.816308 0.494329 0.363963 0.979481 0.00411448
65 0.264153 0.63948 0.0213923 0.0508996 0.00405943
66 0.274962 0.96462 0.128228 0.0707597 0.004042
56 0.715647 0.502796 0.566476 0.994409 0.00349191
56 0.13414 0.73101 0.263874 0.521322 0.0034008
65 0.264702 0.647797 0.0197741 0.0383522 0.0033516
0 0.134747 0.716692 0.268102 0.527395 0.00335118
0 0.725065 0.771524 0.548234 0.435697 0.00329787
73 0.717155 0.961601 0.277538 0.0743973 0.00261509
0 0.461815 0.772822 0.497916 0.433792 0.00254372
65 0.231617 0.964147 0.0409069 0.0697227 0.0025124
67 0.15773 0.827609 0.0180726 0.0203959 0.0024538
59 0.719951 0.502036 0.555082 0.995929 0.00232449
0 0.216186 0.741126 0.425597 0.497378 0.00227508
57 0.713589 0.272765 0.304473 0.537921 0.00226569
57 0.559384 0.271054 0.721812 0.537016 0.00223729
56 0.678718 0.319749 0.435682 0.634918 0.00218645
41 0.274006 0.963856 0.127714 0.0717438 0.00216913
0 0.330697 0.728814 0.65484 0.522793 0.00215584
59 0.878788 0.439843 0.24171 0.868424 0.00212976
60 0.551489 0.498148 0.890239 0.990243 0.00211594
65 0.305865 0.642153 0.104311 0.0575801 0.00205344
74 0.231617 0.964147 0.0409069 0.0697227 0.00203282
67 0.279815 0.972694 0.120196 0.0539396 0.00201824
65 0.15773 0.827609 0.0180726 0.0203959 0.00193694
39 0.274157 0.964148 0.126387 0.0710871 0.00184205
57 0.131164 0.652924 0.258614 0.366892 0.001818
65 0.279815 0.972694 0.120196 0.0539396 0.0017359
59 0.134747 0.716692 0.268102 0.527395 0.00173151
56 0.384462 0.559339 0.764432 0.858388 0.00170568
57 0.106252 0.522124 0.211869 0.393193 0.0016757
65 0.108385 0.866403 0.118639 0.112315 0.00160822
0 0.0850533 0.818039 0.169083 0.29851 0.00160459
67 0.89021 0.567426 0.217569 0.314613 0.00156581
67 0.650103 0.752535 0.0460808 0.169084 0.00156042
57 0.226591 0.732693 0.453183 0.47913 0.00153458
74 0.233864 0.951998 0.0354145 0.0447624 0.00151551
65 0.643741 0.761121 0.0326099 0.151928 0.00135407
65 0.0919395 0.792504 0.0228321 0.0191972 0.00135249
57 0.304778 0.564225 0.607505 0.725141 0.00128743
57 0.72947 0.9616 0.302357 0.0713861 0.00123832
56 0.474673 0.704949 0.94009 0.569153 0.00117517
79 0.649802 0.74973 0.0457181 0.160929 0.00115478
67 0.0919395 0.792504 0.0228321 0.0191972 0.00109604
57 0.607057 0.777422 0.769811 0.422408 0.00102437
