13 0.614742 0.661765 0.0534584 0.0586963 0.720682
0 0.816245 0.69514 0.0288454 0.0837394 0.684271
0 0.930407 0.674206 0.0238295 0.0525931 0.661241
13 0.732031 0.71864 0.062186 0.0854988 0.600204
0 0.95179 0.667432 0.0173313 0.0304806 0.478149
0 0.859201 0.6159 0.0137264 0.03602 0.433581
0 0.695364 0.592666 0.0161747 0.0770563 0.337131
0 0.571591 0.516034 0.0151368 0.0498268 0.298858
16 0.861141 0.728717 0.0363289 0.0352091 0.227178
8 0.0541884 0.159283 0.0658785 0.192536 0.213257
0 0.5379 0.496058 0.0123466 0.0337395 0.184558
0 0.951126 0.673296 0.0189148 0.0431894 0.177676
0 0.757843 0.622817 0.0151022 0.0604941 0.139057
13 0.86405 0.744822 0.0419231 0.0618459 0.127486
8 0.150469 0.233311 0.0330122 0.0285306 0.11553
0 0.861141 0.728717 0.0363289 0.0352091 0.0680633
0 0.863473 0.74181 0.0416445 0.0609495 0.0678136
13 0.860799 0.730142 0.0363897 0.0384489 0.0677646
8 0.0542195 0.237639 0.0658017 0.0367212 0.0664861
0 0.48619 0.506468 0.00833912 0.0280705 0.0651007
0 0.095334 0.518184 0.0172054 0.0467096 0.062125
8 0.122504 0.223954 0.0894979 0.0353648 0.0499436
0 0.295615 0.469195 0.0109125 0.0222203 0.0438719
8 0.144439 0.231489 0.0447979 0.0301978 0.0438333
8 0.280478 0.485143 0.0276974 0.0154024 0.0420159
16 0.863473 0.74181 0.0416445 0.0609495 0.0370944
0 0.121242 0.490464 0.012507 0.0329686 0.034181
0 0.574414 0.516519 0.0222776 0.0500199 0.0313825
8 0.123061 0.222372 0.093029 0.0234692 0.0270575
0 0.29327 0.414624 0.00678787 0.0235434 0.022637
1 0.695145 0.59531 0.0162148 0.0732004 0.0204405
8 0.281768 0.483051 0.0244562 0.0159953 0.018445
8 0.0545363 0.228944 0.0658607 0.053325 0.0177565
8 0.0126719 0.242078 0.0242163 0.0236946 0.0169607
8 0.0116825 0.244937 0.0148084 0.0177541 0.0153668
8 0.280787 0.474911 0.0350666 0.037577 0.0153233
0 0.0899975 0.416063 0.0106046 0.0215076 0.0150402
0 0.293979 0.461504 0.0129952 0.0251148 0.0148096
0 0.432914 0.46073 0.00636988 0.0260741 0.0126491
8 0.0390155 0.231376 0.0780311 0.0480348 0.0120261
8 0.0606994 0.160712 0.0423168 0.193747 0.0119946
56 0.757843 0.622817 0.0151022 0.0604941 0.0118272
8 0.410716 0.3595 0.0255222 0.0485873 0.0117057
0 0.283963 0.472819 0.01806 0.0224224 0.0117047
8 0.282718 0.479998 0.0345108 0.0275376 0.0115279
36 0.817255 0.733776 0.0244898 0.0414904 0.0106903
8 0.0256514 0.230592 0.0513027 0.0468627 0.00984198
8 0.260119 0.228656 0.397269 0.0264736 0.00977811
17 0.861141 0.728717 0.0363289 0.0352091 0.00970787
8 0.627307 0.219976 0.0209176 0.0129494 0.00947848
8 0.22993 0.418082 0.436906 0.252052 0.00923228
17 0.863473 0.74181 0.0416445 0.0609495 0.00874475
0 0.332982 0.456119 0.0167716 0.0230883 0.00859094
8 0.387869 0.228193 0.142134 0.0247403 0.00767624
60 0.86405 0.744822 0.0419231 0.0618459 0.00752616
8 0.619054 0.219667 0.0383717 0.0143929 0.00734991
8 0.283963 0.472819 0.01806 0.0224224 0.00727478
13 0.824747 0.776083 0.0267872 0.0472345 0.00708959
0 0.484702 0.504176 0.0118267 0.0306793 0.00661582
8 0.420618 0.22834 0.0761693 0.0230158 0.00619224
8 0.0288989 0.221036 0.0577978 0.0672937 0.00611284
8 0.381154 0.231783 0.153094 0.0212407 0.00607899
8 0.605959 0.218772 0.0178616 0.014685 0.0060558
0 0.289998 0.41077 0.00863524 0.0272465 0.00601286
0 0.419016 0.375564 0.00836954 0.0167778 0.00578579
8 0.337856 0.454493 0.0293212 0.0446961 0.00570247
8 0.124938 0.217353 0.0941896 0.0389934 0.00566339
8 0.261879 0.222315 0.397672 0.0453593 0.00543684
0 0.37913 0.443797 0.00639496 0.0299275 0.00542909
8 0.287095 0.4654 0.0271746 0.0344338 0.00542417
2 0.605959 0.218772 0.0178616 0.014685 0.00533587
8 0.401376 0.232375 0.112596 0.0203051 0.00530854
0 0.0724248 0.41254 0.0111326 0.0226226 0.00519854
8 0.0447785 0.213805 0.0837793 0.0832356 0.00518563
0 0.125144 0.493573 0.0205579 0.0428638 0.00508019
15 0.861141 0.728717 0.0363289 0.0352091 0.0049389
0 0.962957 0.677931 0.0453882 0.0521974 0.0049375
13 0.817255 0.733776 0.0244898 0.0414904 0.00490558
8 0.19651 0.219945 0.242004 0.0398119 0.00476384
8 0.295615 0.469195 0.0109125 0.0222203 0.00475943
0 0.301778 0.470396 0.016894 0.0225883 0.00474799
14 0.538049 0.497226 0.0151303 0.0318634 0.00470501
8 0.312544 0.460124 0.0829201 0.0577346 0.00466549
1 0.86405 0.744822 0.0419231 0.0618459 0.00464252
0 0.455451 0.508597 0.0122283 0.0240597 0.00430566
0 0.0819988 0.4141 0.0199709 0.0231231 0.00428572
8 0.614957 0.208168 0.0466293 0.037798 0.00422093
23 0.758188 0.622509 0.01576 0.0605202 0.00401473
0 0.488084 0.50547 0.0141644 0.0268682 0.0039919
8 0.419016 0.375564 0.00836954 0.0167778 0.00392696
14 0.860799 0.730142 0.0363897 0.0384489 0.00389704
2 0.627307 0.219976 0.0209176 0.0129494 0.00388396
8 0.138594 0.350425 0.0321251 0.108199 0.00385377
8 0.145273 0.219472 0.135603 0.047379 0.00370777
13 0.333022 0.465651 0.0190899 0.0209961 0.00370643
0 0.696492 0.563762 0.0121618 0.0354435 0.00369298
8 0.412177 0.421965 0.0406891 0.17914 0.00368351
0 0.455641 0.498287 0.0114243 0.0425912 0.00364655
13 0.819647 0.740587 0.0288918 0.0445414 0.00360996
56 0.614864 0.659416 0.0541016 0.0573818 0.00356081
56 0.86405 0.744822 0.0419231 0.0618459 0.00354528
23 0.695237 0.593056 0.0162821 0.0771258 0.00352404
14 0.295615 0.469195 0.0109125 0.0222203 0.00352168
0 0.351118 0.444217 0.0120481 0.0401404 0.00350288
14 0.432914 0.46073 0.00636988 0.0260741 0.00347158
8 0.117041 0.238089 0.0736228 0.0241576 0.00340104
0 0.3533 0.441003 0.00739365 0.034789 0.00330105
8 0.293979 0.461504 0.0129952 0.0251148 0.00321579
8 0.153128 0.228817 0.037752 0.0335789 0.00318107
8 0.208334 0.588321 0.0600031 0.0234433 0.0031513
0 0.287095 0.4654 0.0271746 0.0344338 0.00314775
8 0.538324 0.49675 0.0142574 0.032568 0.00314549
8 0.209764 0.550117 0.0624838 0.0974161 0.00313759
1 0.333022 0.465651 0.0190899 0.0209961 0.00304377
13 0.963144 0.695055 0.048958 0.0208693 0.00303116
8 0.534998 0.238216 0.0552172 0.0160496 0.00302404
0 0.0891895 0.410788 0.0107381 0.0297261 0.00292993
13 0.731928 0.706443 0.0604919 0.0606761 0.00288883
1 0.861141 0.728717 0.0363289 0.0352091 0.00288326
8 0.418383 0.425324 0.0620132 0.187669 0.002868
13 0.339856 0.457775 0.0297226 0.0289248 0.00286403
14 0.36585 0.530856 0.0241779 0.017546 0.00285232
8 0.131313 0.216615 0.176946 0.0589076 0.0028424
8 0.212147 0.219366 0.150014 0.0323877 0.00274697
14 0.825766 0.77802 0.0249495 0.0416336 0.00271872
0 0.9578 0.672927 0.0314442 0.0423 0.00270939
8 0.43073 0.224824 0.0274414 0.0172666 0.0027006
58 0.554251 0.64098 0.0189833 0.0845739 0.00265709
14 0.293979 0.461504 0.0129952 0.0251148 0.00265464
8 0.529876 0.23918 0.0445602 0.0135472 0.00264773
8 0.185826 0.220371 0.200482 0.0323863 0.00262597
14 0.484662 0.5059 0.0112576 0.0267612 0.00262094
8 0.293608 0.464367 0.0372565 0.0365256 0.00258103
17 0.757843 0.622817 0.0151022 0.0604941 0.00257528
8 0.0419781 0.161263 0.079992 0.199158 0.00257063
14 0.355048 0.529662 0.023625 0.0217553 0.00255364
8 0.543539 0.236753 0.0735504 0.0180157 0.00249484
0 0.554386 0.642724 0.0201105 0.0873974 0.00248802
0 0.946344 0.67661 0.0609222 0.0542498 0.00248283
13 0.962957 0.677931 0.0453882 0.0521974 0.00244933
16 0.859679 0.719765 0.0391067 0.0505932 0.00243932
1 0.332982 0.456119 0.0167716 0.0230883 0.0024361
8 0.45506 0.222633 0.0107201 0.0114362 0.00242493
8 0.0724248 0.41254 0.0111326 0.0226226 0.00239134
74 0.0248127 0.960613 0.0284028 0.0437452 0.0023281
13 0.574414 0.516519 0.0222776 0.0500199 0.00230297
13 0.581955 0.519739 0.0374221 0.0446152 0.00227341
8 0.301778 0.470396 0.016894 0.0225883 0.00223014
8 0.555738 0.467103 0.00799065 0.0426292 0.00218192
0 0.106681 0.410603 0.0201307 0.0261881 0.00217298
1 0.340448 0.46252 0.0232697 0.0252892 0.00216243
56 0.455451 0.508597 0.0122283 0.0240597 0.00214851
8 0.987126 0.219577 0.0252556 0.0196477 0.00214526
14 0.332982 0.456119 0.0167716 0.0230883 0.00214243
0 0.117967 0.408872 0.0104022 0.0215492 0.00203648
8 0.282218 0.46957 0.0375573 0.0509802 0.00201753
8 0.598764 0.218078 0.0179758 0.0159195 0.00199896
1 0.339856 0.457775 0.0297226 0.0289248 0.00199717
13 0.332982 0.456119 0.0167716 0.0230883 0.00199336
20 0.861141 0.728717 0.0363289 0.0352091 0.00198549
30 0.695145 0.59531 0.0162148 0.0732004 0.00194523
37 0.695364 0.592666 0.0161747 0.0770563 0.00192767
8 0.333022 0.465651 0.0190899 0.0209961 0.00192717
2 0.619054 0.219667 0.0383717 0.0143929 0.00192302
0 0.339856 0.457775 0.0297226 0.0289248 0.00192216
13 0.757843 0.622817 0.0151022 0.0604941 0.00191206
8 0.144494 0.395972 0.0178679 0.0185579 0.00188306
13 0.552853 0.655789 0.0211966 0.0806076 0.00187948
8 0.194614 0.226608 0.192408 0.0354638 0.00185111
8 0.410488 0.408796 0.0262385 0.147653 0.00182977
13 0.150469 0.233311 0.0330122 0.0285306 0.00182289
8 0.106681 0.410603 0.0201307 0.0261881 0.00181466
19 0.861141 0.728717 0.0363289 0.0352091 0.00181437
14 0.333022 0.465651 0.0190899 0.0209961 0.00178745
13 0.299813 0.657348 0.0520861 0.0350411 0.00177345
0 0.537698 0.502807 0.0165552 0.047196 0.00176868
8 0.0899975 0.416063 0.0106046 0.0215076 0.00176612
0 0.817255 0.733776 0.0244898 0.0414904 0.00174639
8 0.339066 0.227427 0.224227 0.0230615 0.00170738
56 0.695237 0.593056 0.0162821 0.0771258 0.00170314
2 0.280478 0.485143 0.0276974 0.0154024 0.00167033
13 0.859787 0.720855 0.039068 0.0468907 0.00166881
2 0.0116825 0.244937 0.0148084 0.0177541 0.00165841
8 0.361083 0.227975 0.145472 0.0207122 0.00164983
8 0.496812 0.239614 0.0158372 0.0106955 0.00164688
8 0.577219 0.516985 0.0274505 0.0481777 0.00164685
13 0.675867 0.728298 0.0265457 0.0366399 0.0016385
0 0.11043 0.406373 0.0118139 0.0208774 0.00162417
56 0.860799 0.730142 0.0363897 0.0384489 0.00162411
0 0.0581795 0.381123 0.00984807 0.0287528 0.00160649
8 0.358586 0.23223 0.216882 0.0210602 0.00159571
8 0.561319 0.494859 0.0296647 0.0989123 0.00157654
13 0.832243 0.769754 0.0439755 0.0697429 0.00154772
56 0.295615 0.469195 0.0109125 0.0222203 0.00154763
14 0.301778 0.470396 0.016894 0.0225883 0.00154054
14 0.237917 0.523752 0.0483325 0.0312595 0.00153795
8 0.43174 0.232633 0.0592495 0.021304 0.00153065
8 0.559346 0.482648 0.0129372 0.0599634 0.0015178
0 0.859787 0.720855 0.039068 0.0468907 0.0015164
8 0.382443 0.225901 0.0206936 0.0148866 0.00151074
56 0.283963 0.472819 0.01806 0.0224224 0.00146914
0 0.332241 0.443891 0.0146506 0.0490585 0.00146884
14 0.864644 0.74687 0.0417648 0.0538738 0.00146586
1 0.574414 0.516519 0.0222776 0.0500199 0.00146031
38 0.695145 0.59531 0.0162148 0.0732004 0.00145882
8 0.141943 0.383686 0.0229111 0.0371019 0.00145748
0 0.333022 0.465651 0.0190899 0.0209961 0.00145501
0 0.53256 0.83876 0.0248881 0.0590409 0.00144336
13 0.674287 0.698192 0.0305994 0.0971185 0.00143242
13 0.951126 0.673296 0.0189148 0.0431894 0.00141242
13 0.846868 0.733468 0.0780003 0.0846197 0.0014011
14 0.571591 0.516034 0.0151368 0.0498268 0.00139147
0 0.340448 0.46252 0.0232697 0.0252892 0.00138897
8 0.222507 0.553833 0.0795085 0.0960969 0.00137588
13 0.280478 0.485143 0.0276974 0.0154024 0.00135496
8 0.329014 0.435623 0.245264 0.201289 0.0013496
8 0.289303 0.474645 0.0464747 0.0414929 0.00133252
1 0.299813 0.657348 0.0520861 0.0350411 0.00131765
13 0.340448 0.46252 0.0232697 0.0252892 0.00130609
0 0.283361 0.408083 0.00811091 0.0240941 0.00128579
8 0.322653 0.469246 0.0359891 0.0216777 0.00126147
60 0.860799 0.730142 0.0363897 0.0384489 0.00125667
37 0.963144 0.695055 0.048958 0.0208693 0.00125626
0 0.490739 0.803389 0.0228498 0.0517722 0.00123551
2 0.281768 0.483051 0.0244562 0.0159953 0.00123355
24 0.0955193 0.518312 0.0168789 0.0464332 0.00123134
13 0.929026 0.674284 0.0265408 0.0528432 0.00121722
13 0.823635 0.767211 0.0328262 0.0637163 0.00119862
8 0.11043 0.406373 0.0118139 0.0208774 0.0011802
8 0.0316784 0.368142 0.016263 0.0260457 0.00117481
8 0.133323 0.313911 0.0141024 0.0314893 0.00117356
14 0.283963 0.472819 0.01806 0.0224224 0.00117344
37 0.86137 0.72803 0.0381733 0.0328381 0.00116706
0 0.495315 0.219368 0.00823002 0.0106799 0.00116658
36 0.86405 0.744822 0.0419231 0.0618459 0.00116572
0 0.697575 0.597123 0.0210176 0.0702749 0.00116512
8 0.062973 0.207866 0.0503168 0.0929417 0.00115669
0 0.564427 0.501476 0.0275856 0.0571731 0.00113648
13 0.322653 0.469246 0.0359891 0.0216777 0.0011234
16 0.484662 0.5059 0.0112576 0.0267612 0.0011062
0 0.121766 0.488077 0.0168524 0.0398207 0.00109541
1 0.571383 0.516577 0.0156314 0.0494507 0.00108278
0 0.271907 0.402502 0.00848699 0.0258726 0.00107092
8 0.215713 0.225806 0.1293 0.0258128 0.00107053
8 0.355166 0.426186 0.182317 0.189012 0.00107044
14 0.757843 0.622817 0.0151022 0.0604941 0.00106943
8 0.0541504 0.244034 0.0660229 0.0342979 0.00105789
8 0.255992 0.218397 0.131221 0.0252128 0.00105771
8 0.296731 0.218244 0.0473214 0.0227965 0.00105569
8 0.554102 0.640154 0.0182981 0.0857679 0.00105408
13 0.682118 0.730349 0.0130808 0.0323994 0.00104749
14 0.419016 0.375564 0.00836954 0.0167778 0.00104052
8 0.987193 0.229624 0.0253506 0.038938 0.00103965
14 0.29327 0.414624 0.00678787 0.0235434 0.00103715
1 0.817255 0.733776 0.0244898 0.0414904 0.00103638
36 0.929026 0.674284 0.0265408 0.0528432 0.00103503
0 0.555738 0.467103 0.00799065 0.0426292 0.00103194
36 0.86137 0.72803 0.0381733 0.0328381 0.00102773
13 0.283963 0.472819 0.01806 0.0224224 0.00102183
8 0.134446 0.312679 0.0187448 0.0346163 0.00100929
