2 0.289721 0.722589 0.366565 0.234584 0.896738
7 0.238508 0.600314 0.260414 0.0907269 0.782252
74 0.388782 0.186824 0.318092 0.239717 0.757329
11 0.279137 0.41243 0.0791439 0.120249 0.702981
74 0.419334 0.203534 0.394125 0.298409 0.225633
2 0.2386 0.600049 0.26089 0.0912888 0.185723
13 0.92448 0.652627 0.0503601 0.0360548 0.0506222
13 0.651594 0.643909 0.0336019 0.0589912 0.0477627
0 0.987434 0.587696 0.0181915 0.0333958 0.0325276
13 0.905153 0.6577 0.0883972 0.039391 0.0237289
2 0.183815 0.585473 0.154719 0.0620499 0.023673
7 0.183815 0.585473 0.154719 0.0620499 0.0229232
0 0.855374 0.620005 0.0263597 0.0374584 0.0186572
13 0.938404 0.646958 0.0299395 0.0426631 0.0161002
7 0.289136 0.722015 0.366158 0.232397 0.01412
58 0.918082 0.614056 0.0385272 0.0264147 0.0139506
58 0.324635 0.867035 0.0905704 0.105312 0.0129619
7 0.331774 0.617817 0.0726016 0.0563025 0.012902
13 0.749618 0.652002 0.175444 0.0371724 0.012546
56 0.935928 0.649272 0.0315175 0.0349476 0.0125266
13 0.454392 0.634905 0.0517565 0.0403307 0.0121987
13 0.562369 0.642052 0.20823 0.0623312 0.0112293
58 0.301414 0.83716 0.137192 0.165478 0.01062
13 0.93864 0.637614 0.0307706 0.0498001 0.0105614
13 0.925904 0.641084 0.0551313 0.0554069 0.0103629
13 0.935276 0.65076 0.0339587 0.0414905 0.0095391
2 0.182454 0.573515 0.149092 0.0379084 0.00928444
56 0.930792 0.652147 0.0402181 0.0389333 0.00902814
13 0.756794 0.642754 0.153939 0.0482914 0.00869381
13 0.765253 0.634391 0.128874 0.0321301 0.00690845
13 0.803056 0.629384 0.0480624 0.0230563 0.00627065
13 0.903231 0.65114 0.0981411 0.0495075 0.00614449
56 0.93864 0.637614 0.0307706 0.0498001 0.00610965
13 0.770184 0.650837 0.12949 0.0364016 0.00603795
0 0.849285 0.619815 0.0385169 0.038686 0.00583184
13 0.883757 0.66221 0.0441261 0.0372313 0.00561807
13 0.785493 0.650582 0.256101 0.0420439 0.00556779
13 0.70139 0.651785 0.068649 0.027563 0.00539702
56 0.651594 0.643909 0.0336019 0.0589912 0.0053733
13 0.703966 0.645352 0.0786547 0.0401188 0.00515369
0 0.82998 0.626057 0.0216938 0.0283106 0.00448546
58 0.941581 0.59431 0.0322036 0.0191961 0.00431257
13 0.882851 0.6573 0.0404706 0.025761 0.00422576
2 0.85329 0.619316 0.0304712 0.0378559 0.00410888
13 0.793839 0.634587 0.0745324 0.0311272 0.00410339
13 0.453168 0.624656 0.0487542 0.0226446 0.00409269
2 0.397535 0.722757 0.580447 0.238777 0.00376102
13 0.885131 0.649063 0.087985 0.0361781 0.0036765
2 0.847564 0.620414 0.0417875 0.03897 0.00357994
13 0.716971 0.643453 0.0999362 0.0448933 0.00355434
13 0.893718 0.633591 0.0704225 0.0252993 0.00354952
2 0.855985 0.624298 0.0251138 0.0292785 0.00348458
58 0.851414 0.619566 0.0331484 0.0388595 0.00346503
7 0.182454 0.573515 0.149092 0.0379084 0.00343981
58 0.94181 0.621395 0.0301142 0.0244284 0.00337303
13 0.869208 0.630452 0.0362256 0.0198755 0.0032694
13 0.747174 0.629402 0.0922988 0.0246595 0.00324675
13 0.78156 0.630001 0.0945913 0.0247131 0.00321874
2 0.192603 0.572948 0.122406 0.0314381 0.00314423
13 0.782429 0.653802 0.109627 0.0322758 0.00302967
13 0.94181 0.621395 0.0301142 0.0244284 0.00290319
13 0.912035 0.634531 0.0299644 0.0190986 0.00283709
13 0.857621 0.657357 0.0546333 0.0352898 0.00269368
58 0.943838 0.607768 0.0312014 0.0264309 0.00257826
13 0.542812 0.634884 0.240702 0.0549706 0.00256187
13 0.722825 0.637894 0.0936061 0.04429 0.00256154
13 0.802957 0.62494 0.0467175 0.019482 0.00250906
10 0.650498 0.645005 0.0338351 0.0586259 0.00243759
13 0.741772 0.624734 0.0874973 0.0196526 0.00236106
13 0.800309 0.623244 0.0417177 0.0152651 0.00228241
13 0.796153 0.630551 0.0640475 0.027417 0.00223958
58 0.855985 0.624298 0.0251138 0.0292785 0.00215343
5 0.239072 0.600287 0.25999 0.0912823 0.00215235
0 0.973088 0.585469 0.0115763 0.0301813 0.00214788
13 0.66577 0.639027 0.0617044 0.0537354 0.00207934
56 0.925904 0.641084 0.0551313 0.0554069 0.00189322
13 0.84831 0.655672 0.0371848 0.0281861 0.00175184
58 0.462183 0.532888 0.0799431 0.117189 0.00174081
1 0.855985 0.624298 0.0251138 0.0292785 0.00170898
0 0.976658 0.588154 0.0101715 0.0282511 0.00169715
13 0.613588 0.643964 0.109978 0.0611704 0.00165683
0 0.966085 0.589202 0.0178352 0.0366619 0.00164396
56 0.912035 0.634531 0.0299644 0.0190986 0.00160971
13 0.942758 0.617248 0.0299095 0.0194928 0.00159109
60 0.916965 0.652987 0.0611224 0.0370956 0.00157601
0 0.225364 0.573797 0.0481824 0.0276312 0.00155511
13 0.68227 0.637829 0.0494161 0.0493792 0.00154895
56 0.94181 0.621395 0.0301142 0.0244284 0.00154781
2 0.869208 0.630452 0.0362256 0.0198755 0.00154421
0 0.987501 0.592469 0.0196317 0.029567 0.00152805
60 0.924818 0.650497 0.0530703 0.0400221 0.00142905
0 0.224777 0.576099 0.0391085 0.0227983 0.00141805
58 0.925904 0.641084 0.0551313 0.0554069 0.00141621
2 0.332158 0.61783 0.0726142 0.0561892 0.00140959
58 0.912035 0.634531 0.0299644 0.0190986 0.00137818
1 0.847564 0.620414 0.0417875 0.03897 0.00134057
13 0.631311 0.645071 0.0737195 0.0616501 0.00128153
11 0.767968 0.568375 0.0207186 0.0223085 0.00126901
2 0.802957 0.62494 0.0467175 0.019482 0.00126842
73 0.420072 0.202582 0.390686 0.296245 0.0012565
13 0.850444 0.647977 0.0490078 0.0434845 0.00119004
13 0.869694 0.688921 0.0691121 0.011161 0.00117591
56 0.855985 0.624298 0.0251138 0.0292785 0.00116956
56 0.921772 0.648275 0.0477844 0.0328108 0.00115258
56 0.916965 0.652987 0.0611224 0.0370956 0.00111625
12 0.890993 0.584051 0.020443 0.0192866 0.00109175
2 0.650498 0.645005 0.0338351 0.0586259 0.00106493
13 0.78929 0.657508 0.0964002 0.0275823 0.00105715
56 0.869208 0.630452 0.0362256 0.0198755 0.00104111
58 0.35613 0.84081 0.219076 0.168389 0.00103578
13 0.778795 0.624488 0.0775249 0.0187763 0.00102526
13 0.454325 0.646104 0.0513474 0.0397158 0.0010066
