5 0.542563 0.510768 0.648254 0.551426 0.952721
1 0.199913 0.633137 0.0413992 0.125107 0.569206
0 0.898131 0.601833 0.0234871 0.0823562 0.51839
0 0.0235882 0.516373 0.0318711 0.0615217 0.248436
1 0.191547 0.628785 0.0594748 0.133404 0.195134
0 0.89464 0.609387 0.0276901 0.0941473 0.168937
56 0.891449 0.64343 0.0198448 0.0554322 0.164339
0 0.872032 0.582735 0.0147921 0.0815163 0.155905
0 0.912715 0.561081 0.0145981 0.031554 0.153612
0 0.068641 0.514503 0.0350487 0.0553786 0.152326
0 0.0054608 0.538104 0.0105535 0.0441032 0.144263
0 0.914199 0.557794 0.0188478 0.037807 0.132205
56 0.903724 0.640722 0.0212292 0.0523124 0.124743
0 0.871665 0.596051 0.0142298 0.0528941 0.12185
56 0.886264 0.645493 0.0224823 0.051269 0.107926
0 0.0195512 0.525148 0.0369003 0.0779365 0.0971768
56 0.985813 0.615587 0.0270561 0.042102 0.0947134
0 0.942334 0.555945 0.0154484 0.0351668 0.0911381
0 0.954904 0.558426 0.0141338 0.0380269 0.08944
1 0.0274707 0.684367 0.0276559 0.0480412 0.0863116
0 0.936868 0.558583 0.011961 0.0301414 0.072439
0 0.873455 0.56846 0.0133013 0.0568292 0.0716717
13 0.985813 0.615587 0.0270561 0.042102 0.0621209
0 0.0194984 0.572333 0.0382347 0.169916 0.0580544
0 0.909456 0.571501 0.0118282 0.0274966 0.0511779
1 0.903724 0.640722 0.0212292 0.0523124 0.0480177
0 0.006137 0.526954 0.0110234 0.0696892 0.0444292
1 0.204426 0.602414 0.0399869 0.0849473 0.0431575
0 0.868531 0.584028 0.0202097 0.0822193 0.0426001
0 0.8775 0.604593 0.0152014 0.0368903 0.0425794
1 0.891449 0.64343 0.0198448 0.0554322 0.0366906
56 0.901783 0.64437 0.0282692 0.0541867 0.0366259
0 0.935563 0.560095 0.0106598 0.0263147 0.0355048
0 0.901522 0.602604 0.0316422 0.0886285 0.035162
9 0.084241 0.399133 0.0116154 0.0313127 0.0347584
1 0.17082 0.633192 0.101599 0.126623 0.0298836
0 0.00626784 0.548266 0.0119061 0.0605894 0.0263286
0 0.0325297 0.513667 0.0331001 0.0572316 0.0242726
0 0.939196 0.557897 0.0180002 0.0316536 0.0238787
0 0.0139139 0.576621 0.027528 0.160985 0.0214878
1 0.0276439 0.660458 0.0308043 0.0939907 0.0182931
0 0.875774 0.560854 0.0133945 0.043224 0.0165082
0 0.950345 0.553475 0.0147636 0.0411977 0.0164997
56 0.994774 0.615862 0.0104521 0.0444279 0.0160955
56 0.87316 0.645019 0.0392561 0.0531991 0.0159694
0 0.557052 0.560805 0.0451691 0.0541345 0.0147896
0 0.413199 0.472357 0.0363438 0.0811528 0.0143449
0 0.88814 0.626025 0.0278513 0.0739025 0.0129646
1 0.8775 0.604593 0.0152014 0.0368903 0.0128226
0 0.00492823 0.524314 0.00985645 0.0587898 0.0120584
56 0.907544 0.643392 0.030162 0.0504765 0.0106769
1 0.0307885 0.675166 0.034602 0.0656841 0.00972751
1 0.0119362 0.616351 0.0224538 0.0835896 0.00966626
0 0.877897 0.596065 0.019421 0.0642392 0.00965554
0 0.875503 0.570667 0.0146755 0.0606939 0.0095686
0 0.565488 0.563365 0.0296257 0.0519395 0.00946933
0 0.89542 0.595022 0.0238039 0.097895 0.00908974
13 0.876202 0.644042 0.0392447 0.0538323 0.0087246
9 0.0872626 0.398517 0.0183494 0.0320959 0.00803024
0 0.329401 0.497664 0.0466469 0.06944 0.00786048
56 0.0131111 0.606465 0.0248639 0.102519 0.0077078
1 0.985863 0.614472 0.0273983 0.0453249 0.00732809
56 0.929951 0.622478 0.0133268 0.0131703 0.0072996
0 0.954687 0.584468 0.0170395 0.0905524 0.00719962
1 0.196283 0.60562 0.0445975 0.0919413 0.00700146
0 0.865122 0.59539 0.0230537 0.107861 0.00692713
56 0.88814 0.626025 0.0278513 0.0739025 0.00677711
13 0.886264 0.645493 0.0224823 0.051269 0.00668007
1 0.18958 0.600199 0.0437732 0.0826407 0.00663087
60 0.886264 0.645493 0.0224823 0.051269 0.00640824
26 0.8775 0.604593 0.0152014 0.0368903 0.00639585
0 0.0441797 0.515847 0.061097 0.057378 0.00633568
56 0.8775 0.604593 0.0152014 0.0368903 0.00609013
60 0.891449 0.64343 0.0198448 0.0554322 0.00579372
0 0.332179 0.49236 0.0381451 0.0596837 0.00575438
0 0.994774 0.615862 0.0104521 0.0444279 0.00509635
0 0.351833 0.459428 0.0538264 0.0627622 0.00497288
60 0.985759 0.616242 0.0276398 0.0402019 0.00490814
0 0.190651 0.580017 0.0149325 0.0473232 0.0048961
0 0.854901 0.631656 0.00786838 0.0344267 0.00485286
56 0.985531 0.601274 0.0283337 0.069057 0.00470001
74 0.952886 0.471054 0.0193209 0.030076 0.00460452
1 0.901783 0.64437 0.0282692 0.0541867 0.00454259
0 0.040703 0.519624 0.0224258 0.041682 0.00442201
1 0.88814 0.626025 0.0278513 0.0739025 0.00428787
56 0.934188 0.600986 0.039127 0.0574133 0.00405779
60 0.88814 0.626025 0.0278513 0.0739025 0.00399914
0 0.406878 0.478232 0.0436037 0.091912 0.0039801
0 0.913686 0.592287 0.0179878 0.0801155 0.00397351
1 0.209426 0.619259 0.0294003 0.0900149 0.00390878
56 0.953955 0.606162 0.0158894 0.046545 0.00385246
1 0.0231716 0.63485 0.0425019 0.145726 0.00378853
56 0.9412 0.607784 0.0233543 0.0436741 0.00372922
56 0.89464 0.609387 0.0276901 0.0941473 0.00369644
1 0.190651 0.580017 0.0149325 0.0473232 0.00362274
1 0.171935 0.577413 0.0209064 0.0312111 0.00361609
0 0.388559 0.477001 0.0478947 0.0862514 0.00346211
60 0.933804 0.600167 0.044046 0.061763 0.00340542
13 0.903724 0.640722 0.0212292 0.0523124 0.00335047
13 0.994774 0.615862 0.0104521 0.0444279 0.00333568
1 0.907544 0.643392 0.030162 0.0504765 0.00326997
13 0.891449 0.64343 0.0198448 0.0554322 0.00316963
0 0.357249 0.470122 0.0571264 0.0824666 0.0030691
0 0.20752 0.55303 0.0125878 0.0343494 0.00306287
3 0.8775 0.604593 0.0152014 0.0368903 0.00297225
13 0.869054 0.644065 0.0352604 0.0590019 0.00289869
56 0.912206 0.633845 0.022694 0.0443064 0.00289738
3 0.0274317 0.684501 0.0274511 0.0473601 0.00288808
1 0.871665 0.596051 0.0142298 0.0528941 0.00284007
0 0.560796 0.552561 0.0393539 0.0658807 0.00279871
0 0.341998 0.503983 0.058324 0.080494 0.00278229
1 0.0532564 0.678384 0.0793802 0.0636303 0.00267911
1 0.181555 0.576817 0.0288449 0.05067 0.00262439
0 0.202207 0.576224 0.0200222 0.0491036 0.00261816
9 0.204066 0.416889 0.0122584 0.0443631 0.00259775
0 0.40052 0.47566 0.0465638 0.0745929 0.00259566
0 0.34635 0.454444 0.0479162 0.0551209 0.00258124
60 0.876202 0.644042 0.0392447 0.0538323 0.00247639
1 0.202207 0.576224 0.0200222 0.0491036 0.00246397
0 0.0121075 0.605918 0.0239234 0.102979 0.00243694
0 0.362718 0.507256 0.0366102 0.051711 0.0023804
56 0.943817 0.600401 0.025861 0.0586315 0.00229701
13 0.012673 0.609866 0.0237661 0.0975573 0.00227281
1 0.207638 0.592976 0.0327195 0.0868316 0.0022395
60 0.903724 0.640722 0.0212292 0.0523124 0.00217688
1 0.215374 0.606516 0.037973 0.0803759 0.00216246
13 0.88814 0.626025 0.0278513 0.0739025 0.00209168
0 0.354093 0.510477 0.05163 0.0622476 0.00207707
1 0.886264 0.645493 0.0224823 0.051269 0.00202644
9 0.0849258 0.395093 0.0156849 0.0396221 0.00202623
2 0.1603 0.558285 0.0683445 0.0659194 0.00202394
13 0.8775 0.604593 0.0152014 0.0368903 0.00201571
0 0.987555 0.599504 0.0245476 0.0751731 0.00197235
0 0.955624 0.543306 0.0122011 0.0467435 0.00189224
0 0.394333 0.476691 0.0314497 0.06926 0.00188887
0 0.954847 0.603011 0.0162994 0.0535997 0.00188172
56 0.86658 0.634853 0.0213697 0.0604958 0.00185016
0 0.553163 0.552237 0.0518226 0.0698256 0.00181919
13 0.933804 0.600167 0.044046 0.061763 0.0018025
0 0.119885 0.529421 0.0169883 0.0527367 0.00176114
0 0.992661 0.574361 0.0143587 0.0330169 0.00173935
13 0.929951 0.622478 0.0133268 0.0131703 0.00170755
0 0.365723 0.511737 0.0486474 0.0540549 0.00169399
0 0.0879565 0.523492 0.0230812 0.049549 0.00168613
56 0.918921 0.596241 0.0226585 0.0668585 0.00162271
13 0.856312 0.635688 0.0100555 0.0417093 0.00162247
56 0.856312 0.635688 0.0100555 0.0417093 0.00161502
13 0.907544 0.643392 0.030162 0.0504765 0.00156495
3 0.0276439 0.660458 0.0308043 0.0939907 0.0015268
0 0.918921 0.596241 0.0226585 0.0668585 0.00146657
2 0.8775 0.604593 0.0152014 0.0368903 0.00146291
0 0.582273 0.63896 0.0108734 0.0263686 0.00146025
0 0.39144 0.483956 0.0374981 0.0853913 0.00144532
0 0.0738698 0.519745 0.0497611 0.0595779 0.00142965
0 0.315659 0.486432 0.0429458 0.0665981 0.00140694
0 0.830015 0.567923 0.0115685 0.033214 0.00138476
60 0.0121577 0.61026 0.0234905 0.0968103 0.00134853
0 0.383338 0.48494 0.0476354 0.0841803 0.00134584
0 0.9457 0.591723 0.0306507 0.0764454 0.00131387
60 0.994774 0.615862 0.0104521 0.0444279 0.00131363
56 0.872391 0.597489 0.0160282 0.0587779 0.00130111
13 0.985531 0.601274 0.0283337 0.069057 0.00126687
60 0.901783 0.64437 0.0282692 0.0541867 0.00126523
0 0.780329 0.547283 0.013042 0.0273023 0.00125092
0 0.343667 0.478951 0.0497058 0.0758042 0.00122213
56 0.915479 0.636999 0.0482874 0.0498055 0.00120407
1 0.0591104 0.62756 0.0980735 0.168409 0.00119707
58 0.8775 0.604593 0.0152014 0.0368903 0.0011963
0 0.683084 0.528144 0.020336 0.0670005 0.00118229
24 0.8775 0.604593 0.0152014 0.0368903 0.00114873
0 0.641877 0.530402 0.0261531 0.0843989 0.00113121
60 0.9457 0.591723 0.0306507 0.0764454 0.00110769
3 0.0231716 0.63485 0.0425019 0.145726 0.0011054
0 0.732417 0.518388 0.0342225 0.0499867 0.00110367
3 0.0119362 0.616351 0.0224538 0.0835896 0.00109518
0 0.379745 0.472607 0.0436162 0.0701327 0.00108847
0 0.380022 0.503841 0.0437152 0.0563041 0.00108308
0 0.117381 0.538848 0.0119929 0.0343953 0.00105795
56 0.0170086 0.569626 0.0330247 0.176067 0.00105777
1 0.994774 0.615862 0.0104521 0.0444279 0.00102839
0 0.856312 0.635688 0.0100555 0.0417093 0.00102025
0 0.891731 0.644804 0.0199734 0.0536151 0.00101587
0 0.216224 0.548558 0.0108021 0.0469453 0.00101474
