0 0.649758 0.68078 0.700485 0.638439 0.0166984
0 0.749086 0.702744 0.501829 0.594513 0.00843358
56 0.2803 0.0433125 0.0522448 0.0191247 0.00540385
0 0.678564 0.563729 0.642872 0.752516 0.00531214
0 0.839191 0.318706 0.321619 0.637412 0.00510573
56 0.124965 0.342722 0.0867881 0.0216628 0.00486681
56 0.100356 0.342871 0.066756 0.0229229 0.00439259
0 0.811619 0.670763 0.376762 0.658475 0.00401625
56 0 0.940162 0 0.119675 0.00397494
0 0.273329 0.701917 0.546658 0.596165 0.00388595
56 0.184917 0.0138365 0.0834614 0.0273404 0.00382492
0 0 0.981379 0 0.0372414 0.00381434
0 0.515296 0.712299 0.969408 0.575402 0.00354558
56 0.199732 0.0141939 0.0837484 0.0278448 0.00346828
0 0.431369 0.687513 0.862738 0.624973 0.00338277
56 0.635424 0.966731 0.0440267 0.0665373 0.00331861
56 0 0.954366 0 0.091268 0.00330186
56 0.218596 0.0236256 0.0703147 0.0334387 0.00327134
56 0.271035 0.0442644 0.0553266 0.0177182 0.00325125
0 0.763849 0.519918 0.472302 0.702314 0.00321189
56 0.300285 0.0612226 0.0571603 0.0287263 0.00319451
56 0.313942 0.0205414 0.0710918 0.026878 0.00319019
56 0.300312 0.069457 0.0536221 0.028937 0.00310189
0 0.817945 0.585138 0.36411 0.757896 0.00306714
56 0.31694 0.0683003 0.0609685 0.0229238 0.00306216
56 0.48591 0.380439 0.0531269 0.0174834 0.00295714
56 0.169522 0.0142992 0.0773655 0.0280045 0.00294816
56 0.697906 0.0470435 0.0590192 0.0328155 0.00293514
0 0.680215 0.327571 0.639569 0.655142 0.00292397
0 0.845288 0.880811 0.309424 0.238377 0.00290287
56 0.14652 0.0261358 0.0670718 0.0301925 0.00285211
0 0.304765 0.590063 0.60953 0.684306 0.00282636
56 0.721995 0.0224672 0.0669085 0.0281726 0.00281289
56 0.137992 0.345873 0.0856269 0.0267829 0.00278264
0 0.486087 0.395365 0.0474185 0.035624 0.00276956
56 0.144829 0.0317807 0.0670009 0.0276339 0.00266171
56 0.0492078 0.0359844 0.0658394 0.0323092 0.00261578
0 0.330723 0.306542 0.661446 0.613084 0.00261539
0 0 0.923722 0 0.152555 0.00259754
56 0.292361 0.0479564 0.0668769 0.0333076 0.00258878
56 0.169428 0.026012 0.0718082 0.0346599 0.00258756
56 0.699601 0.0225337 0.0734337 0.0298574 0.00257507
56 0.867973 0.0668913 0.0570007 0.0224813 0.00257424
56 0.164525 0.335132 0.0669409 0.0624086 0.00256962
0 0.654013 0.811703 0.691974 0.376595 0.00256026
56 0.311812 0.01251 0.0756193 0.02502 0.00251785
56 0.145542 0.342438 0.0729149 0.0223388 0.00251532
56 0.552636 0.487303 0.0688984 0.0340506 0.00250867
56 0.644384 0.963256 0.0555117 0.0734875 0.00247341
56 0.904668 0.0162235 0.0699203 0.0324469 0.00247249
56 0.216736 0.0156047 0.0693742 0.0285278 0.00246462
0 0.830399 0.736695 0.339202 0.52661 0.0024603
56 0.150386 0.015141 0.0784673 0.0277671 0.00246
0 0.717027 0.89606 0.565946 0.20788 0.00245142
56 0.190394 0.0257797 0.0815352 0.0357818 0.0024412
0 0.601113 0.57923 0.112965 0.21467 0.00243178
56 0.916932 0.233421 0.0786072 0.0205136 0.00242943
56 0.830253 0.246208 0.0719339 0.0265687 0.00239101
0 0.698416 0.857801 0.603168 0.284397 0.00237474
56 0.470289 0.383305 0.0655505 0.0238926 0.00236395
56 0.714516 0.0467244 0.0524054 0.0408701 0.00236052
56 0.131875 0.058877 0.0545926 0.0310415 0.00232381
56 0.621033 0.475921 0.0541261 0.0368542 0.00231802
56 0.035479 0.0360767 0.0624093 0.0302106 0.00231156
56 0.145385 0.0896785 0.0673767 0.0769381 0.00229612
56 0.915711 0.0154866 0.0604591 0.0308284 0.00229198
56 0.0783051 0.34305 0.0713542 0.0301406 0.00227833
56 0.617395 0.966358 0.0581732 0.0672849 0.00225991
56 0.0441192 0.0259355 0.0650449 0.0334099 0.00225902
56 0.594015 0.477678 0.131452 0.0428263 0.00225013
56 0.061533 0.0367055 0.0693197 0.031527 0.00223735
0 0.437099 0.471378 0.0935507 0.110419 0.0022271
56 0.282777 0.0689922 0.048121 0.0319957 0.00221065
56 0.935066 0.041693 0.0574875 0.0244501 0.0022094
56 0.158144 0.0904662 0.0707535 0.0767992 0.00219864
56 0.212661 0.703261 0.070131 0.0277175 0.00219676
56 0.564681 0.485337 0.0518275 0.0300545 0.00218314
0 0.577395 0.613845 0.845209 0.612792 0.00214696
56 0.148597 0.210246 0.069222 0.0567799 0.00211844
56 0.342639 0.881166 0.0725778 0.0696867 0.00211802
56 0.933437 0.231246 0.0678062 0.0272173 0.00211513
56 0.161867 0.214332 0.0707834 0.0703016 0.00210634
56 0.322487 0.0635293 0.0604984 0.0268713 0.00208455
0 0.915666 0.714532 0.168668 0.570936 0.00208029
0 0.831598 0.815787 0.336805 0.368426 0.0020712
0 0.650113 0.465673 0.699773 0.592076 0.00206375
0 0.947335 0.316645 0.10533 0.63329 0.00206265
56 0.116552 0.0579583 0.0652741 0.0319858 0.00206259
56 0.695518 0.0303409 0.0533028 0.0221017 0.00203818
0 0.410498 0.462444 0.0830977 0.0870366 0.00203255
56 0.313776 0.056936 0.0556524 0.0192255 0.00201696
56 0.132095 0.025317 0.0736442 0.0319516 0.00201571
56 0 0.960767 0 0.0784662 0.00201213
0 0.207954 0.280549 0.415908 0.561098 0.00200099
56 0.695424 0.0537299 0.0569679 0.0291891 0.00199944
56 0.176684 0.19442 0.0657749 0.0378736 0.00199652
56 0.486087 0.395365 0.0474185 0.035624 0.00199166
0 0.0772196 0.732538 0.154439 0.534923 0.00198385
56 0.132733 0.0338007 0.0673854 0.0297765 0.00198048
56 0 0.936012 0 0.127977 0.0019795
56 0.230209 0.0266792 0.0793308 0.0385041 0.00197434
56 0.737282 0.0218532 0.0675738 0.0296529 0.00196594
0 0.48591 0.380439 0.0531269 0.0174834 0.001957
0 0.315809 0.463178 0.631618 0.754891 0.00193757
56 0.914762 0.0502751 0.0619153 0.0402865 0.00192857
56 0.205444 0.347782 0.0830513 0.0279175 0.00192666
0 0.49444 0.471676 0.124367 0.135405 0.001926
56 0.283378 0.0601524 0.0631461 0.0372306 0.00191769
56 0.0963685 0.0899606 0.0588886 0.0235414 0.00191721
56 0.614964 0.258047 0.104438 0.0330882 0.00191644
56 0.633426 0.256853 0.0689941 0.0156929 0.00189847
56 0.894852 0.963055 0.0681319 0.0738892 0.00189686
56 0.107071 0.103967 0.0686783 0.0492003 0.00189364
56 0.683483 0.0548353 0.0586433 0.0255064 0.00189084
56 0.330427 0.0128847 0.0471608 0.0257694 0.00188512
56 0.852683 0.0668226 0.051369 0.0214597 0.00187734
0 0.833473 0.0546562 0.0413422 0.0260255 0.00186941
56 0.166225 0.0348693 0.0679272 0.0355453 0.00186557
56 0.229855 0.710313 0.0662632 0.036599 0.00186315
56 0 0.951132 0 0.097735 0.00186193
56 0.814898 0.249623 0.0728631 0.0295324 0.00185782
56 0.179375 0.225719 0.0852145 0.0819141 0.00184754
0 0.505766 0.503567 0.122565 0.196741 0.00182855
56 0.879762 0.0615582 0.0662687 0.0430634 0.00182781
0 0.438535 0.562466 0.877071 0.64861 0.00182542
0 0.226732 0.405281 0.453464 0.753894 0.0018135
56 0.526979 0.958931 0.070813 0.0821388 0.00179502
56 0.914954 0.0318361 0.055624 0.048704 0.00178561
0 0.0672773 0.266404 0.134555 0.532809 0.00178558
56 0.272224 0.0149866 0.0558314 0.0230748 0.00178087
0 0.514375 0.459336 0.0904757 0.135225 0.00177997
56 0.0343884 0.0440019 0.0633156 0.0401095 0.00177228
56 0.933456 0.0188384 0.0713851 0.037432 0.00177047
56 0.212688 0.355078 0.0748543 0.0651665 0.00176632
56 0.664054 0.96126 0.0626722 0.0774809 0.00176579
56 0.214888 0.206896 0.0644072 0.0293095 0.00176132
56 0.731448 0.960991 0.0616987 0.0780188 0.00176087
56 0.17289 0.0936839 0.0851456 0.0658968 0.00175849
56 0.905777 0.0395168 0.0423114 0.025882 0.0017547
56 0.917216 0.0211446 0.0546663 0.0292393 0.00175059
56 0.526141 0.495685 0.0786224 0.0638088 0.00174305
56 0.0132959 0.96766 0.0265918 0.0646804 0.00174022
56 0.260258 0.0788303 0.0688934 0.035494 0.00174013
56 0.681502 0.0210088 0.0732365 0.0281083 0.00173417
56 0.024395 0.865609 0.04879 0.0915865 0.0017314
56 0.860259 0.229006 0.0631004 0.0224592 0.00173056
0 0.501273 0.032617 0.0360463 0.0270557 0.00173038
56 0.71243 0.961311 0.0629069 0.0773788 0.00172856
0 0.0805127 0.645135 0.161025 0.540653 0.00172505
56 0.886986 0.0390637 0.0495398 0.0282192 0.0017176
56 0.711911 0.0540686 0.0529706 0.036137 0.00171378
56 0.88066 0.0499727 0.0685661 0.0499178 0.00171259
56 0.0450619 0.0736864 0.0540571 0.0379058 0.00170836
56 0.047813 0.0444083 0.0706132 0.0419931 0.00170818
56 0.232297 0.0205669 0.0746815 0.0344666 0.00170729
56 0.500646 0.00852887 0.0578369 0.0170577 0.00169966
56 0.313366 0.035172 0.0720424 0.0333547 0.00169072
56 0.141485 0.055781 0.0559795 0.0459592 0.00168353
56 0.901925 0.0435253 0.0557073 0.0455134 0.00167763
56 0.0173389 0.867455 0.0346777 0.0791077 0.00167757
0 0.0835485 0.545685 0.167097 0.574648 0.00167498
56 0.29407 0.0341239 0.0534092 0.0279761 0.00167179
56 0.225157 0.363813 0.0776744 0.0481523 0.00166184
56 0.295529 0.0754274 0.0600341 0.0269314 0.00165495
56 0.183421 0.0371414 0.0656499 0.035067 0.00165319
56 0.748796 0.0209486 0.0740294 0.0289486 0.0016517
56 0.282978 0.0773375 0.0603738 0.0293709 0.00165051
56 0.0173905 0.96013 0.0347811 0.0797409 0.00164187
56 0.482057 0.014217 0.0896048 0.0254913 0.00163472
56 0.13455 0.569773 0.096424 0.175245 0.00163409
0 0.399149 0.487518 0.131254 0.181835 0.00162861
0 0.476157 0.395105 0.063473 0.0317558 0.00162727
56 0.392881 0.963557 0.0713096 0.0728863 0.00162491
56 0.460575 0.958939 0.0598289 0.0821222 0.00162369
56 0.298286 0.0239855 0.0667308 0.0321147 0.00162262
56 0.85214 0.0457327 0.0590939 0.026858 0.00162193
56 0.429333 0.0127446 0.0638157 0.0213468 0.00161001
56 0.0989813 0.052157 0.067791 0.0435844 0.00160488
0 0.525486 0.483334 0.126768 0.159065 0.00160372
56 0 0.956699 0 0.086603 0.00159794
56 0.0236107 0.964893 0.0461006 0.0702138 0.00159627
56 0.278817 0.0373193 0.0547673 0.0289963 0.00159284
56 0.189677 0.219636 0.0751395 0.041196 0.00158042
56 0.849489 0.247343 0.0668691 0.0318668 0.00157735
56 0.238286 0.363847 0.058626 0.0583723 0.00156775
56 0.934266 0.224813 0.0752274 0.0414355 0.00156364
56 0.864484 0.0580298 0.0621167 0.0340603 0.0015575
0 0.849336 0.0342184 0.0657397 0.0354784 0.00155723
56 0.875626 0.965664 0.0646573 0.0686717 0.0015569
56 0.061817 0.0439738 0.0659611 0.0390828 0.00155592
56 0.378267 0.0200214 0.0512454 0.0356386 0.00155032
56 0.545756 0.960504 0.0645682 0.0789919 0.00155032
56 0.0344562 0.0360985 0.0689125 0.0391494 0.0015437
56 0.489191 0.956378 0.0846817 0.0872435 0.0015434
56 0.476157 0.395105 0.063473 0.0317558 0.00153968
56 0.0202697 0.283955 0.0405395 0.0482157 0.00153863
56 0.634431 0.477368 0.0690273 0.0414694 0.00153759
56 0.505678 0.0523335 0.047758 0.0220868 0.00153518
56 0.511589 0.957616 0.0693807 0.0847675 0.00153261
56 0.493004 0.516201 0.0651329 0.0760187 0.00153109
56 0.16297 0.164018 0.0761109 0.034244 0.00152591
56 0.764042 0.962911 0.0660961 0.0741774 0.00152156
56 0.927887 0.96013 0.0677625 0.07974 0.0015206
56 0.944275 0.960149 0.0751059 0.0797012 0.00151983
56 0.193359 0.201306 0.0632 0.0274648 0.00151944
56 0.950694 0.014011 0.0731099 0.0280221 0.00151706
56 0.237276 0.701178 0.0651765 0.0541073 0.0015167
56 0.911997 0.961357 0.0644553 0.0772864 0.00151572
0 0.830846 0.050851 0.0615763 0.0298555 0.0015142
56 0.275708 0.0202378 0.0520265 0.0268442 0.00151145
56 0.411228 0.963201 0.0697637 0.0735977 0.00151035
56 0.222198 0.357331 0.0640973 0.0256312 0.0015074
56 0.185833 0.321271 0.103276 0.0880138 0.00150549
56 0.884207 0.0353944 0.0682154 0.0332797 0.0015054
56 0.471808 0.403787 0.0817006 0.0440231 0.00150371
56 0.358873 0.882436 0.0648081 0.0725636 0.00150356
56 0.35437 0.017996 0.0539426 0.035992 0.00149912
56 0.195915 0.208563 0.0732086 0.0318676 0.00148085
56 0.361396 0.959604 0.0709461 0.080791 0.00147957
56 0.0748494 0.0205733 0.0968215 0.0379658 0.00147811
56 0.944475 0.22207 0.0676132 0.046894 0.00147605
56 0.955851 0.0412979 0.054896 0.0296056 0.00147361
0 0.129689 0.282633 0.259379 0.565265 0.00147319
56 0.110287 0.0920801 0.0812982 0.08801 0.00147241
0 0.0794789 0.441476 0.158958 0.581913 0.00147092
56 0.112954 0.0468937 0.067726 0.039424 0.00146851
56 0.525034 0.840612 0.0712972 0.090778 0.00146788
56 0.322035 0.870609 0.0827328 0.10854 0.00146657
56 0.195244 0.690956 0.0849739 0.106292 0.00146562
56 0.227847 0.207226 0.0544949 0.0292581 0.00146535
0 0.410051 0.470864 0.110158 0.132792 0.00146425
0 0.838513 0.44814 0.322974 0.655111 0.00146091
56 0.858996 0.029528 0.0824992 0.059056 0.00146022
56 0.0384096 0.0626988 0.0586573 0.0789454 0.00145936
56 0.935093 0.0342991 0.0654528 0.0359633 0.00145921
56 0.740641 0.962153 0.0615107 0.0756937 0.00145558
56 0.1319 0.0182765 0.0817917 0.0342042 0.00145158
56 0.0339493 0.0287475 0.0660851 0.0339848 0.00144732
56 0.126755 0.0914951 0.0791194 0.0913086 0.00144118
56 0.208271 0.0945455 0.0700116 0.0659795 0.00143883
56 0.441171 0.959672 0.0610358 0.0806555 0.00143403
56 0.0370466 0.0433095 0.0646661 0.0696904 0.0014312
56 0.350104 0.485662 0.0607498 0.0956656 0.00142935
56 0.378147 0.959981 0.05994 0.0800376 0.00142485
56 0.559199 0.820976 0.0679239 0.0926149 0.00142419
0 0.904117 0.0283612 0.0628838 0.0473948 0.00141704
56 0.812677 0.0171336 0.0852879 0.0324938 0.00141272
56 0.0371741 0.0204878 0.0737754 0.0382527 0.00141251
56 0.393147 0.0201109 0.0668678 0.0347583 0.00141221
56 0.0946356 0.169255 0.0613438 0.026539 0.00141215
56 0.059447 0.0449373 0.0718889 0.0612081 0.00140941
56 0.1871 0.0315506 0.0813402 0.0427109 0.0014047
56 0.0216226 0.0369142 0.0432453 0.0428591 0.00140414
0 0.156999 0.622419 0.074723 0.141655 0.0014033
56 0.0147281 0.102674 0.0294563 0.0442735 0.00140205
56 0.561774 0.839379 0.0657032 0.0838547 0.00140139
56 0.959759 0.961076 0.0779561 0.0778486 0.00139984
56 0.691097 0.960166 0.0744858 0.0796688 0.00139561
56 0.126283 0.359071 0.124474 0.0504152 0.00139388
56 0.905205 0.0232027 0.0648239 0.0334711 0.00139025
56 0.22778 0.0431123 0.0686922 0.0302371 0.0013873
0 0.138675 0.621467 0.10102 0.158902 0.00138539
56 0.237225 0.702117 0.0661653 0.0927052 0.00138104
56 0.408664 0.0190813 0.0719543 0.0363461 0.0013808
56 0.194167 0.351493 0.0678272 0.0690968 0.00137758
56 0.514054 0.829463 0.0639748 0.0448517 0.00137675
56 0.245167 0.0964172 0.0595092 0.0672922 0.00137654
56 0.107971 0.0741417 0.0614845 0.052029 0.00136936
56 0.131682 0.205502 0.0687455 0.0653115 0.00136876
56 0.0225863 0.879472 0.0451725 0.095158 0.00136873
56 0.228928 0.103593 0.0525682 0.0443655 0.00136501
56 0.780268 0.963869 0.0630123 0.0722614 0.00136265
56 0.881944 0.162854 0.0607 0.0234287 0.00136214
56 0.680575 0.0426839 0.0828969 0.0478156 0.00135902
56 0.81552 0.0536734 0.0606277 0.0234723 0.00135836
56 0.657529 0.0224527 0.0873314 0.0313652 0.00135598
0 0.91658 0.856578 0.166841 0.286844 0.00135592
0 0.105146 0.625948 0.0971933 0.168423 0.00135446
56 0.34165 0.851894 0.0792606 0.0841515 0.00135317
56 0.895379 0.0201924 0.114038 0.0394445 0.00135055
56 0.783727 0.425124 0.0818474 0.103257 0.00134405
56 0.0957711 0.88769 0.06736 0.0915829 0.00134298
56 0.849105 0.0524121 0.0596893 0.0408458 0.00134277
56 0.589917 0.58345 0.0860761 0.0969606 0.0013389
0 0.884207 0.0353944 0.0682154 0.0332797 0.00133875
56 0.181057 0.321512 0.0723174 0.0474325 0.00133732
56 0.371729 0.874575 0.0736199 0.0897285 0.00133541
56 0.948253 0.232846 0.0637835 0.0379533 0.00133452
56 0.544131 0.57083 0.10196 0.114106 0.00133193
0 0 0.984151 0 0.0316971 0.00132981
56 0.780579 0.0866217 0.0563446 0.0211276 0.00132966
56 0.742404 0.424952 0.0849756 0.0915262 0.00132313
56 0.193097 0.0993516 0.0755094 0.0560453 0.00132257
0 0 0.942724 0 0.114552 0.00132239
56 0.226188 0.0616862 0.0807442 0.0571063 0.00132215
0 0.546743 0.50289 0.906514 0.642148 0.00132069
0 0.809049 0.0292745 0.107041 0.0493737 0.00131977
56 0.0244787 0.107962 0.0410859 0.0265454 0.00131893
0 0.502262 0.391746 0.0601888 0.0348904 0.0013116
56 0.195288 0.100654 0.0773521 0.0399436 0.00130972
