0 0.726997 0.483269 0.546005 0.966537 0.048356
0 0.620115 0.443316 0.75977 0.886633 0.0114
0 0.76581 0.625429 0.468381 0.749143 0.00904831
0 0.353072 0.423683 0.706144 0.847366 0.00648594
0 0.804426 0.435133 0.391147 0.870266 0.00634807
0 0.208312 0.418535 0.416623 0.837071 0.00581858
0 0.549865 0.536588 0.806232 0.926824 0.00554672
0 0.689253 0.562956 0.621493 0.874088 0.00491741
56 0.880905 0.687533 0.0590404 0.0287239 0.00420162
56 0.00861613 0.919981 0.0172323 0.160038 0.00403222
56 0.849523 0.675118 0.0481945 0.0257061 0.00366673
0 0.359447 0.541352 0.718894 0.917296 0.0034768
0 0.497542 0.429633 0.805874 0.859266 0.00339276
56 0.00580245 0.937724 0.0116049 0.124552 0.00326136
56 0.872254 0.698329 0.0763222 0.0517977 0.00323868
0 0.782181 0.80854 0.435638 0.382919 0.00320455
56 0.843074 0.674547 0.0639549 0.0293861 0.00320297
0 0.84605 0.804603 0.307899 0.390794 0.00307411
0 0.233597 0.653738 0.467194 0.692524 0.00291476
0 0.0957726 0.316748 0.191545 0.633496 0.00269192
0 0.819775 0.674969 0.360451 0.650063 0.00261363
56 0.49264 0.0260614 0.0563356 0.0521227 0.00239807
56 0.689767 0.723832 0.0713594 0.232283 0.00236216
56 0.75273 0.944304 0.0705401 0.111393 0.00229412
56 0.769221 0.942841 0.055278 0.114317 0.00226101
0 0.895835 0.414 0.208329 0.828001 0.00224781
56 0.0103909 0.911212 0.0207819 0.177575 0.00218964
56 0.856423 0.684125 0.0575203 0.0378038 0.00218666
56 0.809415 0.679701 0.0548038 0.0980492 0.00218022
56 0.244888 0.892023 0.0619768 0.122801 0.00216031
56 0.886818 0.698395 0.0690643 0.0443055 0.00214222
56 0.205623 0.950708 0.0580802 0.0985847 0.0020718
0 0.90085 0.629771 0.1983 0.740458 0.00205964
56 0.419169 0.815349 0.0675062 0.0510256 0.00204471
0 0.128108 0.39014 0.256215 0.78028 0.00204343
56 0.846233 0.739493 0.0563751 0.162215 0.00197333
56 0.662607 0.646667 0.0752579 0.0549458 0.00196511
0 0.706846 0.709115 0.586307 0.58177 0.00193378
56 0.271706 0.709362 0.0705524 0.125555 0.0019215
0 0.162074 0.615438 0.324147 0.769125 0.00191718
56 0.183639 0.951596 0.0597212 0.0968079 0.00190997
0 0.00146828 0.894552 0.00293655 0.210897 0.00189835
56 0.975766 0.331234 0.0484682 0.163558 0.00189817
56 0.867071 0.687989 0.0779419 0.0378619 0.00189462
0 0.00103042 0.977322 0.00206084 0.0453569 0.00187123
56 0.888169 0.947442 0.0904064 0.105117 0.00185835
56 0.673956 0.685812 0.0386338 0.126625 0.00183716
56 0.747511 0.597006 0.0588661 0.0440027 0.00183022
56 0.205237 0.945282 0.0536556 0.109435 0.00179914
56 0.779841 0.719287 0.0874024 0.190752 0.00177911
56 0.152087 0.946834 0.0684659 0.106332 0.00177857
56 0.266387 0.632531 0.058317 0.0451487 0.00173309
0 0.923663 0.55595 0.0673756 0.278116 0.00171539
56 0.233745 0.949206 0.0783459 0.101588 0.00171444
56 0.861357 0.7144 0.0741016 0.117952 0.00170991
56 0.488592 0.0340881 0.0741724 0.0681762 0.00169793
56 0.974707 0.315528 0.0505856 0.0734955 0.00164333
56 0.244465 0.918865 0.0551291 0.14469 0.00163946
56 0.167317 0.948029 0.065368 0.103942 0.00163922
56 0.739579 0.585121 0.0816154 0.0566882 0.00163656
56 0.74929 0.605082 0.0513563 0.0436679 0.00161052
56 0.515452 0.76586 0.0637135 0.0488724 0.00160429
0 0.196665 0.53077 0.39333 0.807491 0.00159574
56 0.26016 0.815254 0.0661881 0.089806 0.00158283
56 0.426249 0.810861 0.0578001 0.0502694 0.00157928
56 0.384153 0.790232 0.0543863 0.0603771 0.00155976
56 0.0153117 0.892734 0.0306235 0.214533 0.00155222
56 0.268731 0.744302 0.0734942 0.119574 0.0015519
56 0.154954 0.611805 0.0804138 0.23261 0.00154206
56 0 0.927639 0 0.144722 0.00153717
0 0.617264 0.721709 0.0592533 0.18771 0.00152951
0 0.921639 0.538123 0.0697754 0.1791 0.00152901
56 0.234894 0.9436 0.0801689 0.1128 0.00152263
56 0.512235 0.794374 0.0450901 0.0532204 0.00151479
56 0.194819 0.951735 0.0586543 0.0965304 0.00150788
56 0.833219 0.671089 0.0822638 0.102759 0.00150755
56 0.799977 0.686578 0.0807238 0.16308 0.00150013
56 0.802544 0.625856 0.0656826 0.161097 0.00149089
56 0.245076 0.86613 0.0679875 0.094006 0.00148264
0 0.689844 0.738355 0.0681633 0.263588 0.00148028
56 0.763241 0.728396 0.0832434 0.204185 0.00147983
0 0.0840683 0.677861 0.168137 0.644279 0.00147843
56 0.24893 0.832179 0.0729953 0.118593 0.00146818
56 0.72602 0.603671 0.0717232 0.0660763 0.00145599
0 0.293138 0.600861 0.586276 0.787405 0.00145561
56 0.69274 0.619266 0.0735142 0.120415 0.00144497
56 0.823294 0.730708 0.0806328 0.21248 0.00144419
56 0.762806 0.471541 0.474388 0.943082 0.00141928
56 0.24392 0.811817 0.0741941 0.0978971 0.00140694
56 0.667946 0.662881 0.058584 0.106227 0.00140396
56 0.247448 0.60843 0.0561591 0.0370277 0.00140029
56 0.69254 0.692373 0.0686024 0.203364 0.0013949
0 0.803716 0.572672 0.392569 0.854655 0.00139412
56 0.87114 0.715408 0.0852699 0.142705 0.00137728
56 0.712094 0.600273 0.075782 0.178603 0.00136638
56 0.700487 0.604194 0.0707699 0.127881 0.00136557
56 0.260539 0.879321 0.0552886 0.146272 0.00135854
56 0.396382 0.813222 0.0581545 0.0525299 0.0013552
56 0.254799 0.714448 0.0717556 0.116793 0.00134978
56 0.150455 0.583699 0.068335 0.126963 0.00133783
56 0.516498 0.81444 0.0550573 0.130816 0.0013375
56 0.238779 0.605833 0.0645673 0.0380135 0.00133654
56 0.436475 0.813088 0.0633745 0.0694206 0.00132495
56 0.680315 0.627024 0.0716799 0.081 0.00132349
56 0.153273 0.938586 0.0706102 0.122828 0.00131854
56 0.259827 0.869313 0.0509529 0.0841278 0.00131381
0 0.900206 0.759324 0.199588 0.481353 0.0013105
0 0.752715 0.681155 0.0717628 0.271241 0.00130609
56 0.287387 0.711269 0.0513103 0.120416 0.00129551
0 0 0.917235 0 0.16553 0.00128314
56 0.791113 0.71087 0.0863136 0.169454 0.0012812
56 0.261794 0.842636 0.0549883 0.103244 0.00127921
56 0.895133 0.934278 0.0896881 0.131445 0.00127864
56 0.000646761 0.950556 0.00129352 0.0988874 0.00127795
56 0.288049 0.739137 0.047679 0.12506 0.0012773
56 0.672249 0.71202 0.0787304 0.184104 0.00126934
56 0.514264 0.796872 0.0579531 0.0904884 0.00126904
56 0.234041 0.890558 0.0686615 0.135181 0.00126585
56 0.72988 0.570487 0.0938433 0.121037 0.00125602
56 0.718198 0.688604 0.0665997 0.23132 0.00124815
56 0.891157 0.845174 0.0756554 0.178158 0.0012458
56 0.666984 0.654033 0.055162 0.0700963 0.00124139
0 0.0931058 0.587503 0.186212 0.693581 0.00122526
0 0.69965 0.708253 0.0766127 0.254359 0.00121662
56 0.441004 0.822752 0.0712672 0.0557081 0.00120491
56 0.232614 0.91442 0.0777037 0.17116 0.00120473
56 0.977181 0.367797 0.0456388 0.215716 0.00120336
56 0.728526 0.613995 0.0617557 0.12577 0.00119796
56 0.657035 0.710866 0.0755631 0.182745 0.00119436
56 0.278525 0.629683 0.0660612 0.0437996 0.00118905
56 0.88428 1 0.0713375 0 0.00118899
56 0.320703 0.646182 0.0587191 0.0341235 0.00118199
56 0.717624 0.675536 0.050346 0.213107 0.00117499
56 0.705128 0.643239 0.0651999 0.141341 0.00117436
0 0.733081 0.696281 0.0720445 0.28053 0.00117263
56 0.828478 0.715195 0.0806969 0.154382 0.00116369
56 0.976818 0.740027 0.0463633 0.239043 0.00115979
56 0.652911 0.658535 0.0718616 0.1272 0.00115505
56 0.234339 0.929387 0.0744389 0.141226 0.00114557
56 0.164799 0.607736 0.0561235 0.168477 0.00114146
0 0.0937687 0.417401 0.187537 0.659556 0.00113934
0 0.628156 0.741435 0.0558377 0.228721 0.00113907
56 0.733081 0.696281 0.0720445 0.28053 0.00112495
56 0.703255 0.624028 0.0779883 0.134927 0.00112218
56 0.231571 0.866525 0.0620351 0.110652 0.00111735
56 0.80263 0.936401 0.0476093 0.127198 0.00111517
0 0.669813 0.840407 0.660374 0.319186 0.001111
0 0.816349 0.731519 0.0749315 0.18938 0.00110355
56 0.00107528 0.903576 0.00215056 0.192849 0.00110188
56 0.69965 0.708253 0.0766127 0.254359 0.00109658
56 0.777774 0.943367 0.0660843 0.113266 0.00109503
56 0.29925 0.717486 0.0430549 0.130775 0.00108701
56 0.785229 0.683301 0.0880604 0.139211 0.00108692
56 0.73951 0.699597 0.0547394 0.153257 0.00108591
56 0.518691 0.767845 0.0766304 0.0737045 0.00108507
56 0.688934 0.678533 0.0625223 0.154163 0.00107259
0 0.130719 0.946367 0.051022 0.0746015 0.00106892
56 0.797154 0.6864 0.0722565 0.113377 0.00106433
56 0.896571 1 0.0719852 0 0.00106183
56 0.0737114 0.938283 0.100206 0.123433 0.00106171
56 0.188105 0.940023 0.0664045 0.119953 0.0010567
56 0.785155 0.744077 0.104981 0.250527 0.00105587
56 0.248304 0.823584 0.086672 0.154588 0.00105447
56 0.747285 0.687369 0.0910253 0.277414 0.00104845
56 0.241956 0.708189 0.0635074 0.251938 0.00104845
56 0.442359 0.803183 0.0725727 0.0972466 0.00104573
56 0.90722 0.939774 0.063982 0.120451 0.00104573
0 0.526536 0.754476 0.0801975 0.292506 0.0010449
56 0.295113 0.647234 0.0533851 0.0463108 0.00104475
56 0.890258 0.933793 0.115141 0.132413 0.00103834
56 0.877906 0.715253 0.0686592 0.0947993 0.00103429
56 0.858148 0.702752 0.0537865 0.121615 0.00103417
0 0.921079 0.263587 0.0848604 0.150112 0.00102669
56 0.7008 0.631592 0.0783489 0.233773 0.00102615
56 0.260798 0.825116 0.0695371 0.143663 0.00102597
0 0.128507 0.914049 0.0562101 0.0814253 0.00102037
56 0.230849 0.850771 0.0725107 0.130209 0.00101885
56 0.881772 0.753855 0.0722431 0.246125 0.00101122
56 0.705305 0.93778 0.0588289 0.12444 0.00101098
56 0.259537 0.630852 0.0564969 0.0538568 0.00101006
