0 0.774372 0.637082 0.451256 0.725837 0.014865
0 0.72433 0.474598 0.55134 0.949197 0.0124002
0 0.643119 0.618393 0.713762 0.763215 0.0100626
0 0.813649 0.477822 0.372703 0.955644 0.00614536
0 0.619563 0.40334 0.760875 0.806681 0.0042831
0 0.906946 0.634302 0.186108 0.731396 0.00410485
0 0.849877 0.789787 0.300246 0.420425 0.0039607
0 0.00119711 0.971444 0.00239422 0.0571119 0.00386941
0 0.803426 0.882267 0.393148 0.235465 0.00354281
0 0.742029 0.778168 0.515941 0.443665 0.00333443
56 0.0054409 0.922651 0.0108818 0.154697 0.00322112
0 0.706402 0.881795 0.587195 0.236411 0.00320333
0 0.342838 0.386504 0.685677 0.773008 0.00283572
0 0.154869 0.347699 0.309738 0.695398 0.00259084
0 0.500848 0.409781 0.82539 0.819562 0.00226274
0 0.225384 0.372555 0.450768 0.74511 0.00219432
0 0.899578 0.798106 0.200843 0.403788 0.0021193
0 0.222026 0.621138 0.444051 0.757724 0.00189784
56 0.00738702 0.914736 0.014774 0.170527 0.00173381
56 0.789575 0.0207351 0.0688351 0.0414701 0.00170362
0 0.356318 0.609813 0.712635 0.780374 0.00159499
56 0.80194 0.0221003 0.0605262 0.0442007 0.00156868
0 0.097296 0.308579 0.194592 0.617158 0.00151035
0 0.486376 0.618919 0.783099 0.762161 0.0015099
0 0.160438 0.666186 0.320875 0.667628 0.00148469
56 0 0.925242 0 0.149516 0.00146013
0 0.000495231 0.905523 0.000990462 0.188953 0.00144765
56 0.00335851 0.953846 0.00671701 0.0923073 0.00140262
56 0.817243 0.0307195 0.0682102 0.0614391 0.00138804
0 0.00525552 0.976913 0.010511 0.0461749 0.00131676
56 0.569876 0.800357 0.0590388 0.0444552 0.00130805
56 0.606488 0.804576 0.0636105 0.0486422 0.001302
56 0.948925 0.0815703 0.0611115 0.163141 0.00128916
56 0.804121 0.559873 0.0831188 0.27993 0.00128618
0 0.665013 0.804348 0.669975 0.391304 0.0012753
56 0.0589799 0.716395 0.0949107 0.264501 0.00125599
6 0.692694 0.451922 0.614613 0.903845 0.00125289
56 0.971029 0.244819 0.0579426 0.265844 0.00123227
0 0.858032 0.863751 0.283936 0.272498 0.00121778
56 0.595594 0.800195 0.0574022 0.0414691 0.00120705
56 0.822676 0.0355419 0.0721655 0.0710838 0.00119561
56 0.792965 0.500912 0.0854031 0.191103 0.00116351
0 0.0963303 0.646906 0.192661 0.692815 0.00116262
56 0 0.955217 0 0.0895669 0.00115776
56 0.975472 0.233075 0.0490555 0.173701 0.00115469
56 0.805974 0.507309 0.0803524 0.192247 0.00114483
56 0.95819 0.233706 0.0836205 0.143629 0.00113881
0 0.626936 0.872956 0.746129 0.254087 0.0010941
56 0.585019 0.802325 0.0712964 0.051237 0.0010916
56 0.853868 0.292415 0.0767571 0.183993 0.00108629
56 0.019848 0.764096 0.0396959 0.0893829 0.00108081
56 0.791837 0.544987 0.0816944 0.254758 0.0010494
56 0.605643 0.817419 0.0733679 0.0721303 0.00104207
56 0.551538 0.797858 0.0731146 0.0424889 0.00103515
56 0.139966 0.931923 0.0800353 0.136154 0.00102997
56 0.0657337 0.744191 0.0854605 0.232299 0.0010246
56 0.92158 0.621904 0.0825846 0.065877 0.0010089
