0 0.330743 0.577192 0.578747 0.823651 0.943784
68 0.895158 0.860272 0.208641 0.260057 0.879601
44 0.642125 0.863552 0.0367453 0.0606585 0.584418
74 0.0237509 0.0409383 0.0475019 0.0814958 0.515165
44 0.628206 0.843714 0.0576105 0.0929079 0.496188
43 0.738618 0.824867 0.0284286 0.079817 0.472265
43 0.561607 0.938407 0.0385229 0.120045 0.40733
43 0.750916 0.825159 0.0259851 0.0818054 0.403738
44 0.645391 0.786498 0.0398082 0.0594613 0.365356
42 0.685254 0.803657 0.0294333 0.0719017 0.345103
42 0.587953 0.966122 0.0263552 0.0659671 0.334205
43 0.72334 0.8022 0.0252443 0.0993691 0.3137
68 0.457216 0.913708 0.21583 0.167777 0.306196
43 0.710998 0.807903 0.0194193 0.0762373 0.305615
44 0.662416 0.846546 0.0256237 0.056526 0.300109
44 0.626749 0.919452 0.0341145 0.0641292 0.238413
43 0.738654 0.791974 0.0221759 0.0687466 0.226429
69 0.024956 0.920076 0.049912 0.157411 0.220556
43 0.737742 0.802153 0.0245089 0.0906945 0.214647
69 0.457513 0.914686 0.214926 0.167649 0.189683
45 0.448572 0.194846 0.146916 0.240994 0.184397
44 0.527917 0.672196 0.0275699 0.170279 0.173016
42 0.56839 0.796255 0.0493218 0.142424 0.171953
42 0.653052 0.66717 0.024267 0.174711 0.167494
44 0.67081 0.392592 0.0283846 0.24351 0.167382
44 0.652957 0.665332 0.023424 0.177504 0.14823
44 0.642732 0.391338 0.0251835 0.268914 0.147222
44 0.684421 0.803552 0.0312107 0.0726584 0.142835
42 0.567933 0.835668 0.0495205 0.0634663 0.141687
43 0.751391 0.896275 0.026548 0.0724008 0.129265
43 0.720006 0.816305 0.0240036 0.0952542 0.126464
69 0.429571 0.923157 0.158417 0.148455 0.121727
43 0.653039 0.663293 0.0237881 0.181803 0.117576
68 0.0370162 0.620883 0.0733119 0.255034 0.116331
43 0.746023 0.858563 0.0347748 0.147379 0.0997614
44 0.681358 0.917016 0.0241966 0.153542 0.09551
42 0.679723 0.917238 0.0201234 0.151595 0.0777138
42 0.5684 0.857979 0.0501648 0.110391 0.0739331
43 0.684937 0.80267 0.0307617 0.0737994 0.07328
42 0.561591 0.938318 0.0373501 0.121614 0.0729384
42 0.751762 0.824692 0.0245672 0.0815618 0.0720699
44 0.627987 0.664307 0.0207909 0.17219 0.0679705
42 0.682913 0.7893 0.0358217 0.0959833 0.0671597
43 0.628528 0.658938 0.0209519 0.154857 0.0654555
44 0.642899 0.795716 0.036091 0.0608871 0.0619112
44 0.603567 0.90348 0.0132425 0.0899795 0.0618583
42 0.571131 0.881474 0.0480887 0.0717182 0.0562409
69 0.0263997 0.871699 0.0526186 0.249814 0.0550274
51 0.589008 0.757365 0.0141239 0.06046 0.0546453
43 0.629206 0.983189 0.0173264 0.0317317 0.0540909
44 0.621884 0.742138 0.019927 0.0592235 0.0524788
42 0.73834 0.826284 0.0296251 0.0782213 0.0512997
43 0.680277 0.915398 0.0184582 0.161459 0.0490386
44 0.715255 0.922183 0.0278245 0.15241 0.0464388
44 0.589008 0.757365 0.0141239 0.06046 0.0463966
43 0.709367 0.818893 0.0234896 0.104972 0.0457572
43 0.73614 0.860199 0.0325485 0.147231 0.0450785
44 0.657736 0.930396 0.0397829 0.0672855 0.0428773
42 0.710998 0.807903 0.0194193 0.0762373 0.0406692
44 0.75065 0.897481 0.028368 0.0761241 0.0392035
43 0.713859 0.849302 0.0230925 0.160406 0.038348
44 0.632365 0.916518 0.0366768 0.0736591 0.0379471
44 0.634228 0.386021 0.0155765 0.27002 0.0370237
43 0.586554 0.96466 0.0239565 0.067271 0.03591
44 0.636984 0.401721 0.0212627 0.250024 0.0334387
44 0.679035 0.917518 0.0162139 0.157764 0.03332
44 0.522492 0.669023 0.0192836 0.174766 0.0331108
45 0.628081 0.84294 0.0578873 0.0910636 0.0328918
43 0.62312 0.648363 0.0159801 0.148304 0.0322432
68 0.427911 0.923383 0.156099 0.143805 0.0322388
43 0.956072 0.638986 0.011747 0.108376 0.0303961
44 0.67906 0.673161 0.0199359 0.155915 0.0300227
42 0.676211 0.808937 0.0224098 0.0577034 0.0291499
44 0.587953 0.966122 0.0263552 0.0659671 0.0290172
44 0.737671 0.825697 0.028561 0.077452 0.0289196
42 0.567555 0.823658 0.0516265 0.0842369 0.0287948
42 0.688581 0.839518 0.0380131 0.151908 0.0283447
44 0.658559 0.884224 0.0335763 0.0417984 0.0269134
44 0.647839 0.857485 0.0275564 0.0593508 0.0268762
43 0.714106 0.922326 0.0278176 0.153066 0.0260556
43 0.727359 0.861936 0.0397793 0.176599 0.0259913
44 0.60168 0.905399 0.0134537 0.0827096 0.0249279
42 0.709367 0.818893 0.0234896 0.104972 0.0244552
42 0.714106 0.922326 0.0278176 0.153066 0.0244508
43 0.668917 0.386714 0.025001 0.221011 0.0244303
42 0.60168 0.905399 0.0134537 0.0827096 0.0240874
44 0.956072 0.638986 0.011747 0.108376 0.0238439
42 0.693971 0.86079 0.0458489 0.189341 0.0237896
44 0.749114 0.824679 0.0292568 0.0768468 0.023061
44 0.629206 0.983189 0.0173264 0.0317317 0.0228675
42 0.738087 0.798434 0.0232531 0.0897394 0.0227766
44 0.710998 0.807903 0.0194193 0.0762373 0.022618
44 0.744532 0.927766 0.0386261 0.138183 0.022217
44 0.709828 0.917036 0.0374807 0.161541 0.0215279
42 0.629206 0.983189 0.0173264 0.0317317 0.0214237
43 0.678494 0.676163 0.0220707 0.163473 0.021062
42 0.626587 0.6723 0.0253099 0.186776 0.0207777
43 0.740452 0.873417 0.0338297 0.135979 0.0207382
43 0.564834 0.977326 0.0168735 0.0437439 0.0206156
44 0.566244 0.656116 0.0143753 0.112959 0.0205098
43 0.589851 0.758836 0.0143425 0.06156 0.0200849
51 0.586535 0.763073 0.0202629 0.060242 0.0199213
44 0.743607 0.825218 0.0367075 0.0788488 0.0197411
44 0.652122 0.394651 0.0407945 0.260739 0.0193709
69 0.89512 0.859979 0.208441 0.25993 0.0189773
43 0.665035 0.366339 0.0160503 0.180981 0.0187532
42 0.559508 0.773383 0.0289648 0.101898 0.018463
44 0.632577 0.976309 0.0245165 0.0455535 0.0180943
44 0.562261 0.93778 0.0372036 0.119417 0.0179899
44 0.611748 0.905899 0.0187777 0.0656748 0.0175562
42 0.677776 0.703189 0.0228486 0.212719 0.017509
44 0.621647 0.70439 0.0192566 0.132264 0.0172944
42 0.616844 0.97559 0.0358398 0.0466867 0.0170529
43 0.744532 0.927766 0.0386261 0.138183 0.0166922
42 0.707029 0.847762 0.0287907 0.163442 0.0164845
42 0.652906 0.718094 0.0241282 0.0713905 0.0161988
42 0.751391 0.896275 0.026548 0.0724008 0.0161701
44 0.586539 0.760941 0.0197348 0.0639816 0.0156955
42 0.727359 0.861936 0.0397793 0.176599 0.0155666
44 0.568466 0.794364 0.0474216 0.145617 0.0155329
42 0.579754 0.883164 0.0317886 0.0590374 0.0154014
74 0.0416413 0.0653679 0.0820016 0.129924 0.0152899
44 0.583108 0.890194 0.0383556 0.0870461 0.015068
44 0.564243 0.76746 0.0167557 0.091045 0.0150233
44 0.654852 0.39182 0.0269485 0.251149 0.0149372
43 0.640236 0.360511 0.0175437 0.19398 0.0147713
44 0.572797 0.270119 0.0341743 0.190058 0.0147104
44 0.676211 0.808937 0.0224098 0.0577034 0.0146027
43 0.639298 0.393544 0.0186273 0.259376 0.0145375
42 0.709828 0.917036 0.0374807 0.161541 0.0145333
42 0.658446 0.935538 0.0359474 0.0606158 0.0141388
42 0.720006 0.816305 0.0240036 0.0952542 0.0140806
44 0.59578 0.901173 0.0183949 0.105157 0.0140713
44 0.528743 0.737707 0.0260944 0.0383761 0.0139453
43 0.720149 0.886472 0.0281054 0.21071 0.0139081
42 0.662395 0.846717 0.0252977 0.0569361 0.0139073
44 0.625761 0.743177 0.0267058 0.0584923 0.0138201
69 0.0239171 0.969688 0.0475058 0.0564031 0.0137357
44 0.590785 0.898631 0.0226786 0.102368 0.0136928
42 0.683771 0.918483 0.0193544 0.157026 0.0136718
44 0.740452 0.873417 0.0338297 0.135979 0.0135404
43 0.734581 0.888536 0.0310965 0.113369 0.0134178
42 0.575271 0.884132 0.0315909 0.0518783 0.0133694
44 0.660779 0.889391 0.0305829 0.0384709 0.0133511
44 0.603817 0.894155 0.0182929 0.103514 0.0133123
44 0.721745 0.809858 0.0260435 0.104165 0.013277
44 0.737325 0.898964 0.0331261 0.0889661 0.0129631
42 0.581819 0.893077 0.0378963 0.0858906 0.0128834
69 0.507536 0.866929 0.312149 0.266141 0.0128642
44 0.734924 0.862852 0.0333744 0.154562 0.0128133
45 0.445669 0.639441 0.117254 0.236054 0.012482
44 0.628292 0.704902 0.0252118 0.1183 0.012465
44 0.684566 0.88102 0.0320623 0.205877 0.0122906
44 0.570464 0.66189 0.0241873 0.116233 0.0122591
42 0.646486 0.787676 0.0408694 0.0618202 0.012224
43 0.707029 0.847762 0.0287907 0.163442 0.0121028
42 0.734924 0.862852 0.0333744 0.154562 0.0117801
44 0.734581 0.888536 0.0310965 0.113369 0.011754
44 0.702295 0.811029 0.0281591 0.0761307 0.0117043
44 0.631216 0.90286 0.0489954 0.100972 0.0115158
42 0.592869 0.87254 0.0282087 0.140835 0.0111862
68 0.832176 0.856131 0.330869 0.270238 0.0110865
44 0.693971 0.86079 0.0458489 0.189341 0.0110644
44 0.709367 0.818893 0.0234896 0.104972 0.010973
44 0.738654 0.791974 0.0221759 0.0687466 0.0109132
44 0.677776 0.703189 0.0228486 0.212719 0.0106815
44 0.723651 0.798831 0.0235397 0.0975826 0.0106035
42 0.604044 0.906501 0.0146435 0.0850904 0.0104705
43 0.626224 0.667948 0.0231631 0.182034 0.0104428
42 0.528534 0.672284 0.0289942 0.169362 0.0102538
44 0.653056 0.978768 0.0451887 0.0408238 0.0101252
44 0.688581 0.839518 0.0380131 0.151908 0.0100711
42 0.573038 0.845396 0.0561029 0.0865816 0.0100585
42 0.720149 0.886472 0.0281054 0.21071 0.00994259
44 0.685231 0.837777 0.0305634 0.0907836 0.009525
69 0.0357974 0.74257 0.0715948 0.501672 0.00948372
43 0.688581 0.839518 0.0380131 0.151908 0.00941867
44 0.589089 0.768247 0.0207585 0.0735249 0.00935999
42 0.670297 0.391077 0.0272873 0.243275 0.00928774
42 0.587642 0.761742 0.0157858 0.064166 0.00920415
42 0.619621 0.970498 0.0293969 0.0554401 0.00907192
44 0.720149 0.886472 0.0281054 0.21071 0.00904721
44 0.521366 0.657895 0.0152945 0.153085 0.00903594
44 0.707029 0.847762 0.0287907 0.163442 0.00903258
44 0.679557 0.63588 0.018327 0.0766166 0.00893971
41 0.652654 0.980975 0.0425701 0.0365945 0.00886926
42 0.624655 0.971903 0.0351562 0.0561942 0.00882155
44 0.734531 0.921538 0.0324612 0.137283 0.00880823
42 0.632577 0.976309 0.0245165 0.0455535 0.00879028
42 0.6254 0.91783 0.0356551 0.0615091 0.00876921
51 0.589089 0.768247 0.0207585 0.0735249 0.00874388
42 0.713859 0.849302 0.0230925 0.160406 0.00867394
42 0.685231 0.837777 0.0305634 0.0907836 0.00859815
42 0.709213 0.882758 0.0304045 0.227815 0.00853565
43 0.717945 0.914771 0.0260253 0.162344 0.00851068
43 0.65888 0.377229 0.0179731 0.224968 0.00840014
42 0.722152 0.805157 0.0255989 0.100781 0.00825927
43 0.680616 0.913523 0.0252472 0.150641 0.00816479
44 0.727359 0.861936 0.0397793 0.176599 0.00814238
42 0.628231 0.660435 0.0201624 0.160738 0.00808996
43 0.559528 0.976584 0.0234342 0.0451507 0.00808221
43 0.679299 0.631806 0.016983 0.0837663 0.00802127
42 0.746023 0.858563 0.0347748 0.147379 0.0079765
43 0.709828 0.917036 0.0374807 0.161541 0.00793082
69 0.408902 0.9265 0.114132 0.139379 0.00792614
42 0.594942 0.88911 0.0201963 0.112692 0.00783807
43 0.616772 0.977115 0.0351287 0.0432206 0.0078083
42 0.696633 0.900879 0.0167414 0.116719 0.00771537
44 0.624655 0.971903 0.0351562 0.0561942 0.00756946
44 0.558975 0.768178 0.0265127 0.0904675 0.00752681
44 0.621266 0.671819 0.0215212 0.189782 0.00747931
42 0.694634 0.910485 0.018358 0.136793 0.00746891
42 0.586509 0.769192 0.0246702 0.0728818 0.00743142
42 0.662916 0.889583 0.029483 0.0438147 0.00742826
43 0.737325 0.898964 0.0331261 0.0889661 0.00734711
42 0.956608 0.636624 0.0125137 0.106627 0.00732982
42 0.657387 0.939177 0.0384312 0.100347 0.00731808
43 0.60168 0.905399 0.0134537 0.0827096 0.00730833
43 0.658961 0.934261 0.0353605 0.0634334 0.00720629
42 0.628132 0.844141 0.0582115 0.0934175 0.00719145
44 0.737742 0.802153 0.0245089 0.0906945 0.00711799
42 0.588039 0.922278 0.026948 0.126711 0.00710636
42 0.64176 0.392805 0.0243807 0.265732 0.00710034
42 0.717945 0.914771 0.0260253 0.162344 0.00708705
43 0.734531 0.921538 0.0324612 0.137283 0.00687593
44 0.709213 0.882758 0.0304045 0.227815 0.00677967
44 0.63927 0.356289 0.0168306 0.185522 0.00676221
44 0.566872 0.765277 0.0131075 0.0854205 0.0067102
45 0.595769 0.2133 0.0473122 0.196841 0.00670552
43 0.635619 0.3709 0.017658 0.215958 0.00670376
43 0.662395 0.846717 0.0252977 0.0569361 0.00669864
44 0.695035 0.917844 0.0221628 0.147035 0.00669608
41 0.616844 0.97559 0.0358398 0.0466867 0.00664312
44 0.578247 0.777661 0.0662914 0.111639 0.00662729
51 0.564243 0.76746 0.0167557 0.091045 0.00662306
44 0.713859 0.849302 0.0230925 0.160406 0.00646776
43 0.676211 0.808937 0.0224098 0.0577034 0.00645992
44 0.64738 0.406338 0.0285491 0.238934 0.00641358
43 0.742878 0.831701 0.0440348 0.109714 0.00639275
43 0.634533 0.398084 0.0144386 0.269428 0.0063718
42 0.625761 0.743177 0.0267058 0.0584923 0.00634634
44 0.619621 0.970498 0.0293969 0.0554401 0.00633708
44 0.56769 0.64569 0.0122961 0.0939796 0.00614327
45 0.740737 0.433028 0.0961834 0.256305 0.00604159
43 0.693971 0.86079 0.0458489 0.189341 0.00603315
42 0.646398 0.952703 0.0421791 0.0945932 0.00595447
42 0.636947 0.978861 0.0301334 0.040907 0.00591788
42 0.740452 0.873417 0.0338297 0.135979 0.00580925
42 0.565149 0.977968 0.0161325 0.0426557 0.00580752
42 0.678218 0.677088 0.0206881 0.162485 0.00572419
44 0.657387 0.939177 0.0384312 0.100347 0.00572214
43 0.709213 0.882758 0.0304045 0.227815 0.00571603
44 0.696633 0.900879 0.0167414 0.116719 0.00568151
44 0.591674 0.71429 0.0189478 0.0473158 0.00566152
44 0.576252 0.677012 0.0354383 0.110287 0.00566149
42 0.647839 0.857485 0.0275564 0.0593508 0.00563616
43 0.702295 0.811029 0.0281591 0.0761307 0.00562739
44 0.574419 0.657651 0.0198948 0.109553 0.00561646
44 0.586141 0.781875 0.0642414 0.0640363 0.00556523
69 0.0248249 0.894412 0.0492243 0.109407 0.0054965
43 0.604044 0.906501 0.0146435 0.0850904 0.00534156
44 0.665905 0.361674 0.0178701 0.171817 0.00533542
43 0.655021 0.357957 0.0192507 0.192282 0.00526392
45 0.641717 0.862486 0.0367167 0.0584914 0.00524825
42 0.702295 0.811029 0.0281591 0.0761307 0.00524756
43 0.632577 0.976309 0.0245165 0.0455535 0.00522518
44 0.690977 0.793072 0.0301007 0.0809748 0.00521594
44 0.576324 0.692775 0.0365 0.0671092 0.00520334
44 0.746023 0.858563 0.0347748 0.147379 0.00520164
43 0.645108 0.783402 0.0387106 0.0562704 0.00519407
45 0.445253 0.551738 0.123882 0.413642 0.0051831
42 0.678763 0.780109 0.0339485 0.112237 0.00503999
44 0.64397 0.424456 0.0232149 0.207687 0.00503644
44 0.588039 0.922278 0.026948 0.126711 0.00500336
44 0.444422 0.379972 0.0561253 0.133902 0.00498205
44 0.587799 0.282003 0.0652779 0.198567 0.00497603
42 0.621373 0.741854 0.0186779 0.0580806 0.00497514
72 0.0367356 0.745695 0.0727786 0.508611 0.00485674
44 0.616772 0.977115 0.0351287 0.0432206 0.00483608
44 0.692071 0.924545 0.0175869 0.146245 0.00483412
42 0.744532 0.927766 0.0386261 0.138183 0.00482371
44 0.444023 0.361798 0.0477718 0.101417 0.00478759
43 0.699033 0.919594 0.0298378 0.149932 0.00478446
44 0.578915 0.674178 0.0478626 0.145229 0.00473163
44 0.690724 0.971053 0.0148258 0.0545133 0.00472131
42 0.699033 0.919594 0.0298378 0.149932 0.0046826
68 0.0369126 0.696983 0.0735395 0.403874 0.00460944
69 0.0370162 0.620883 0.0733119 0.255034 0.00458714
42 0.734581 0.888536 0.0310965 0.113369 0.00457963
43 0.685231 0.837777 0.0305634 0.0907836 0.00457323
44 0.646398 0.952703 0.0421791 0.0945932 0.00455809
43 0.619621 0.970498 0.0293969 0.0554401 0.00453931
44 0.728079 0.926976 0.0662206 0.144169 0.00453502
43 0.694634 0.910485 0.018358 0.136793 0.00450277
72 0.459143 0.906094 0.219813 0.180787 0.0044975
43 0.647839 0.857485 0.0275564 0.0593508 0.00449628
44 0.623234 0.649254 0.0169804 0.151348 0.0043444
44 0.526496 0.660285 0.0192904 0.143404 0.00426292
69 0.539699 0.921826 0.0631144 0.151045 0.00425002
42 0.590785 0.898631 0.0226786 0.102368 0.00422081
