53 0.446292 0.511976 0.889087 0.942096 0.95817
40 0.798165 0.0725675 0.15335 0.145135 0.911462
60 0.498359 0.498796 0.996718 0.987395 0.666916
41 0.939726 0.199292 0.120484 0.397019 0.616719
39 0.939746 0.199647 0.120181 0.397023 0.487404
41 0.364515 0.0125148 0.104914 0.0241716 0.203351
41 0.161229 0.0336314 0.120306 0.0665168 0.128513
39 0.924942 0.0629498 0.0812981 0.123668 0.0673693
39 0.685819 0.0269099 0.0964832 0.0517989 0.0650868
41 0.685868 0.0268996 0.0970022 0.051756 0.0372067
40 0.365085 0.0125035 0.105885 0.0248095 0.0258657
41 0.924376 0.0632916 0.0807461 0.123843 0.0217262
41 0.160782 0.0598039 0.126732 0.118338 0.0205657
60 0.858274 0.681154 0.283453 0.613792 0.0167985
41 0.187772 0.0637783 0.175858 0.126713 0.0115671
40 0.939675 0.199403 0.120649 0.398197 0.00941786
41 0.156349 0.0300213 0.0933299 0.0575442 0.00941733
45 0.467522 0.495 0.934854 0.980784 0.00817218
40 0.168253 0.0321934 0.105844 0.0630867 0.00575095
60 0.432381 0.225393 0.862341 0.44492 0.00532806
41 0.798142 0.0724493 0.152899 0.144899 0.00283858
39 0.161229 0.0336314 0.120306 0.0665168 0.00239265
40 0.166496 0.0617821 0.134691 0.122313 0.0021759
60 0.857731 0.50901 0.284537 0.954827 0.0019089
40 0.208425 0.0649214 0.218178 0.129348 0.00184739
41 0.226909 0.0665075 0.254888 0.132129 0.00181642
60 0.241175 0.235098 0.481856 0.464548 0.00180557
69 0.464156 0.498023 0.92728 0.986324 0.00175604
60 0.116171 0.85647 0.230261 0.265918 0.00160304
45 0.92398 0.0629611 0.081291 0.125348 0.00140709
41 0.366054 0.0103284 0.113147 0.0206567 0.0013397
39 0.166496 0.0617821 0.134691 0.122313 0.00117308
42 0.366004 0.0127694 0.105993 0.0241553 0.00115982
75 0.939726 0.199292 0.120484 0.397019 0.00114343
60 0.498521 0.708321 0.971439 0.570854 0.00110912
