13 0.731815 0.719377 0.062116 0.0863769 0.827477
0 0.931593 0.674326 0.0236992 0.0529389 0.686664
0 0.818685 0.694389 0.0331987 0.0831139 0.681807
13 0.614907 0.663428 0.0553269 0.0610579 0.60665
0 0.859685 0.615692 0.0125277 0.0337303 0.567553
0 0.951657 0.66763 0.0172478 0.0322762 0.425573
13 0.861431 0.73201 0.0361599 0.0414326 0.359154
0 0.571609 0.517559 0.0150623 0.044841 0.331339
13 0.863548 0.74259 0.041523 0.0622424 0.285185
0 0.538708 0.496978 0.013549 0.0309968 0.201863
0 0.485227 0.50544 0.00995741 0.0243595 0.173542
0 0.0945844 0.517565 0.0167532 0.0468813 0.072545
0 0.120655 0.488843 0.0110507 0.0319381 0.0716708
1 0.818116 0.734642 0.0236473 0.0440621 0.0554895
0 0.950988 0.674128 0.0171246 0.0463426 0.0535105
0 0.433516 0.460915 0.00677834 0.0277754 0.038656
0 0.757915 0.622562 0.0156912 0.0598171 0.0374073
8 0.15116 0.235387 0.0331381 0.0230315 0.0334723
8 0.205535 0.218025 0.254824 0.0380697 0.0218796
8 0.053185 0.237644 0.068423 0.0402495 0.0206962
0 0.696014 0.564195 0.00839643 0.0232655 0.0205491
13 0.929352 0.674451 0.0274345 0.0528027 0.0192665
8 0.0529687 0.162597 0.0669893 0.189253 0.0181867
13 0.818461 0.736214 0.02689 0.0451795 0.0181471
0 0.127231 0.49215 0.0148735 0.0412504 0.0181276
0 0.571589 0.505343 0.0132631 0.0347729 0.015346
8 0.0438178 0.233802 0.0861385 0.044317 0.014954
0 0.862065 0.728998 0.0339161 0.0357678 0.0147715
0 0.863548 0.74259 0.041523 0.0622424 0.0136799
8 0.0539326 0.242553 0.0625469 0.0275305 0.0126111
16 0.86181 0.729575 0.0348543 0.0373947 0.0122053
0 0.124185 0.492009 0.0179093 0.0413207 0.0113792
0 0.454872 0.506039 0.0114117 0.0277709 0.0111184
8 0.0122411 0.245001 0.0119951 0.0169273 0.011085
8 0.290868 0.478487 0.0371565 0.023121 0.0108722
0 0.289135 0.530412 0.00968685 0.0335707 0.010844
13 0.537382 0.497455 0.0158451 0.0301569 0.0100783
13 0.338891 0.457555 0.0246681 0.0264392 0.00966322
13 0.33176 0.467238 0.0177614 0.0151422 0.00962973
8 0.048277 0.239685 0.0527652 0.0334534 0.00951707
8 0.287877 0.48411 0.0361344 0.0171437 0.0093407
8 0.291979 0.463623 0.0350406 0.0313417 0.00933999
8 0.150001 0.231474 0.0380081 0.0245241 0.00900146
0 0.694942 0.593974 0.0156338 0.0578179 0.00863725
0 0.0908897 0.415749 0.0089469 0.0238769 0.00806859
0 0.455813 0.499229 0.0111025 0.0398835 0.00786215
8 0.291282 0.460356 0.0199129 0.0246882 0.00783986
6 0.206822 0.218243 0.256874 0.0381458 0.00773162
13 0.0848354 0.530879 0.0428429 0.0410621 0.00751871
0 0.295008 0.469166 0.0248603 0.023678 0.00749236
8 0.0267979 0.232963 0.0531893 0.0425305 0.007144
8 0.341191 0.454646 0.0248942 0.0309825 0.00713712
8 0.301421 0.470853 0.0172462 0.0194948 0.00713488
0 0.0122411 0.245001 0.0119951 0.0169273 0.00676522
8 0.0123789 0.241678 0.0237595 0.0241023 0.00671676
8 0.287488 0.466462 0.0266459 0.0274158 0.00663298
8 0.036566 0.224283 0.0727541 0.0646665 0.00630689
0 0.419446 0.37456 0.00661564 0.0174561 0.0059911
2 0.0122411 0.245001 0.0119951 0.0169273 0.00574446
56 0.614764 0.663229 0.0548281 0.0612379 0.00572839
8 0.295008 0.469166 0.0248603 0.023678 0.00569075
13 0.287877 0.48411 0.0361344 0.0171437 0.00556001
0 0.953868 0.670065 0.0202185 0.0360474 0.00531775
56 0.335879 0.456832 0.0234961 0.0266557 0.00530258
0 0.933565 0.677866 0.0300575 0.0510616 0.00527266
8 0.0435239 0.210816 0.0870477 0.0929286 0.00516555
13 0.951027 0.671811 0.0181641 0.04092 0.00503334
8 0.133369 0.22214 0.109274 0.0229318 0.00476956
13 0.288516 0.479164 0.0404889 0.0275651 0.00476909
13 0.0746815 0.540007 0.0331734 0.0290098 0.0047543
13 0.339845 0.462221 0.020806 0.0230065 0.00467151
13 0.301421 0.470853 0.0172462 0.0194948 0.00458986
2 0.242958 0.523443 0.0373473 0.0296602 0.00455758
8 0.168044 0.219052 0.319797 0.0584851 0.00452062
36 0.818116 0.734642 0.0236473 0.0440621 0.00424075
0 0.0938974 0.500181 0.0148942 0.0257854 0.00418141
8 0.33176 0.467238 0.0177614 0.0151422 0.00408089
0 0.85694 0.616728 0.0176399 0.0390172 0.00401533
8 0.279437 0.485238 0.030128 0.0151183 0.00400761
56 0.295008 0.469166 0.0248603 0.023678 0.00385249
56 0.301421 0.470853 0.0172462 0.0194948 0.00380719
0 0.693905 0.614123 0.0134733 0.0326807 0.00370499
56 0.818116 0.734642 0.0236473 0.0440621 0.00360969
2 0.607374 0.218976 0.0206606 0.0136693 0.00352892
14 0.0122411 0.245001 0.0119951 0.0169273 0.00352275
8 0.137343 0.315035 0.0198189 0.0307142 0.00351933
13 0.819866 0.739271 0.0206034 0.0474101 0.00350779
0 0.13647 0.317838 0.0120959 0.0246414 0.00343311
0 0.6961 0.56063 0.00929031 0.0310752 0.00342163
13 0.294736 0.463473 0.0334066 0.0331695 0.00341904
1 0.861427 0.733976 0.0380402 0.0445533 0.00336155
13 0.291282 0.460356 0.0199129 0.0246882 0.00335619
1 0.929352 0.674451 0.0274345 0.0528027 0.0033277
0 0.111978 0.405421 0.0133252 0.0188408 0.00330693
13 0.864907 0.753112 0.0428034 0.0565439 0.00327978
0 0.861427 0.733976 0.0380402 0.0445533 0.00308269
0 0.439406 0.516599 0.00939236 0.0127625 0.00304335
0 0.860355 0.607539 0.013693 0.050542 0.00302649
0 0.287488 0.466462 0.0266459 0.0274158 0.00299242
6 0.26908 0.218213 0.385055 0.0436842 0.00297779
8 0.133404 0.314613 0.0114799 0.0309237 0.00297341
8 0.335879 0.456832 0.0234961 0.0266557 0.00294733
8 0.286733 0.473726 0.0444163 0.0392235 0.00293794
30 0.818116 0.734642 0.0236473 0.0440621 0.00293306
0 0.1201 0.48835 0.0199319 0.0345628 0.00291592
0 0.819866 0.739271 0.0206034 0.0474101 0.00286865
56 0.291282 0.460356 0.0199129 0.0246882 0.00286338
13 0.933565 0.677866 0.0300575 0.0510616 0.00284079
3 0.818116 0.734642 0.0236473 0.0440621 0.00279024
0 0.133404 0.314613 0.0114799 0.0309237 0.00278026
14 0.533446 0.837719 0.0238096 0.057637 0.00276047
0 0.866311 0.584268 0.00871582 0.0154976 0.00275171
0 0.293281 0.413052 0.00683317 0.0278857 0.00273663
0 0.301421 0.470853 0.0172462 0.0194948 0.00272009
2 0.33176 0.467238 0.0177614 0.0151422 0.00262657
13 0.295008 0.469166 0.0248603 0.023678 0.00262085
13 0.287488 0.466462 0.0266459 0.0274158 0.00260383
8 0.1576 0.530206 0.206658 0.0494553 0.00259098
56 0.86181 0.729575 0.0348543 0.0373947 0.00258896
1 0.757895 0.622597 0.0156721 0.0599072 0.00258067
56 0.454872 0.506039 0.0114117 0.0277709 0.00255293
8 0.116928 0.221345 0.0759315 0.0210526 0.00253958
16 0.818116 0.734642 0.0236473 0.0440621 0.00250471
13 0.847063 0.741284 0.0783775 0.0656336 0.00248486
56 0.287488 0.466462 0.0266459 0.0274158 0.00244969
14 0.862065 0.728998 0.0339161 0.0357678 0.00241849
56 0.538611 0.497878 0.0131595 0.0293623 0.00240621
2 0.338891 0.457555 0.0246681 0.0264392 0.00239381
8 0.135025 0.313036 0.0150327 0.0340657 0.00239301
0 0.817257 0.734194 0.0274303 0.0447106 0.00237596
0 0.0572736 0.379467 0.00821199 0.0238774 0.00234362
13 0.533244 0.837377 0.0240129 0.0602241 0.00234142
13 0.823422 0.741555 0.0365391 0.0546943 0.00233203
8 0.152883 0.220947 0.149848 0.0260555 0.00225934
8 0.0817972 0.413697 0.0277928 0.0250935 0.00221914
1 0.335879 0.456832 0.0234961 0.0266557 0.00219101
56 0.294736 0.463473 0.0334066 0.0331695 0.00218827
1 0.693905 0.614123 0.0134733 0.0326807 0.00215775
8 0.150833 0.239974 0.032148 0.0256169 0.00212085
0 0.926538 0.674406 0.0347914 0.0527617 0.00206205
0 0.0838145 0.525089 0.0400162 0.0578822 0.00204572
8 0.12591 0.234088 0.0936795 0.0277106 0.00203794
8 0.136524 0.401391 0.0279477 0.0200421 0.00198999
8 0.13647 0.317838 0.0120959 0.0246414 0.00194442
56 0.33176 0.467238 0.0177614 0.0151422 0.00189742
0 0.533446 0.837719 0.0238096 0.057637 0.00184619
13 0.454872 0.506039 0.0114117 0.0277709 0.00179076
0 0.28902 0.411893 0.00772934 0.0311761 0.00177446
0 0.490686 0.80209 0.0216602 0.0489954 0.00175837
13 0.314744 0.471206 0.0562564 0.0220388 0.00174123
8 0.150498 0.228623 0.0295007 0.0246289 0.00172746
8 0.620146 0.21979 0.0348807 0.0131502 0.00172573
0 0.946512 0.677737 0.0307022 0.0522069 0.00171632
56 0.757746 0.622576 0.0158443 0.0598365 0.00166729
56 0.339845 0.462221 0.020806 0.0230065 0.00163531
1 0.862065 0.728998 0.0339161 0.0357678 0.00163049
0 0.0817712 0.41063 0.0272321 0.0332936 0.00161943
1 0.339845 0.462221 0.020806 0.0230065 0.00160751
13 0.159863 0.524999 0.197967 0.0326578 0.00159222
8 0.062197 0.165117 0.0457616 0.193041 0.00158906
8 0.607374 0.218976 0.0206606 0.0136693 0.00157526
13 0.432262 0.505742 0.0248312 0.0232451 0.0015581
2 0.620146 0.21979 0.0348807 0.0131502 0.00154608
13 0.279437 0.485238 0.030128 0.0151183 0.00154558
8 0.307658 0.471607 0.0763024 0.0358278 0.00154445
0 0.488717 0.505992 0.0151989 0.0240238 0.00153804
13 0.890916 0.676522 0.131267 0.0506363 0.00152981
8 0.455032 0.221393 0.0116804 0.0120183 0.00151891
24 0.862065 0.728998 0.0339161 0.0357678 0.00151461
8 0.241456 0.522756 0.0385838 0.0294358 0.00150055
8 0.314744 0.471206 0.0562564 0.0220388 0.00145867
0 0.553601 0.648081 0.0192909 0.0967445 0.0014441
0 0.335879 0.456832 0.0234961 0.0266557 0.00143793
2 0.0817972 0.413697 0.0277928 0.0250935 0.00143376
3 0.538611 0.497878 0.0131595 0.0293623 0.00143138
1 0.864274 0.742895 0.0419161 0.0606516 0.00141233
8 0.441372 0.226694 0.0402364 0.0236244 0.00138465
74 0.0244623 0.959543 0.0288032 0.0456558 0.00137699
8 0.339845 0.462221 0.020806 0.0230065 0.00137168
8 0.411517 0.359646 0.0236274 0.0486303 0.00134408
13 0.157639 0.529277 0.216134 0.0467385 0.00134227
2 0.301421 0.470853 0.0172462 0.0194948 0.00133196
8 0.530434 0.239795 0.0467392 0.0123995 0.00133151
8 0.124231 0.223591 0.146542 0.0376236 0.00132796
19 0.86181 0.729575 0.0348543 0.0373947 0.00132775
8 0.225006 0.221009 0.339809 0.0418952 0.00131971
1 0.538611 0.497878 0.0131595 0.0293623 0.00131345
8 0.419446 0.37456 0.00661564 0.0174561 0.00127435
8 0.0270278 0.213395 0.0534176 0.064918 0.00127167
5 0.196368 0.219162 0.226995 0.0380719 0.00124925
1 0.33176 0.467238 0.0177614 0.0151422 0.00124764
8 0.111978 0.405421 0.0133252 0.0188408 0.00124609
8 0.403139 0.37269 0.00946989 0.019254 0.00124028
56 0.864632 0.742938 0.0425446 0.0631775 0.00124019
0 0.291282 0.460356 0.0199129 0.0246882 0.00121677
13 0.732023 0.705301 0.0606562 0.0564047 0.00121504
8 0.0815369 0.4 0.025367 0.0516011 0.00119939
8 0.498267 0.238926 0.0195178 0.0101715 0.00119391
2 0.291282 0.460356 0.0199129 0.0246882 0.00119191
8 0.501263 0.238809 0.0144049 0.0113145 0.00117901
56 0.731923 0.719099 0.0625301 0.0860464 0.00117761
13 0.341191 0.454646 0.0248942 0.0309825 0.00117609
10 0.930822 0.674672 0.0238981 0.0524101 0.00117177
0 0.290199 0.532263 0.0125214 0.0379883 0.00116912
0 0.128729 0.491149 0.025466 0.0446951 0.00116858
56 0.693905 0.614123 0.0134733 0.0326807 0.00116155
9 0.669943 0.674603 0.0179996 0.0458133 0.00116131
0 0.131877 0.506758 0.0145353 0.0685536 0.00115597
14 0.301421 0.470853 0.0172462 0.0194948 0.00114635
8 0.55361 0.23964 0.0951241 0.0130533 0.00114086
0 0.53794 0.502623 0.0164448 0.0435396 0.00112158
17 0.86181 0.729575 0.0348543 0.0373947 0.00111872
13 0.82413 0.762583 0.0286442 0.0620799 0.00110269
60 0.862065 0.728998 0.0339161 0.0357678 0.0010893
17 0.757895 0.622597 0.0156721 0.0599072 0.00108343
17 0.538611 0.497878 0.0131595 0.0293623 0.00106806
0 0.0955611 0.526627 0.0198542 0.0472229 0.00105956
0 0.452732 0.48945 0.0129229 0.0491731 0.00105137
14 0.295008 0.469166 0.0248603 0.023678 0.00104037
22 0.757895 0.622597 0.0156721 0.0599072 0.00103724
2 0.15067 0.235803 0.032448 0.0222363 0.00103083
8 0.309577 0.461475 0.0743182 0.0518994 0.00102839
0 0.075229 0.413666 0.01656 0.0232154 0.00101873
56 0.288516 0.479164 0.0404889 0.0275651 0.00100926
8 0.331536 0.46963 0.0321829 0.0312364 0.00100923
0 0.109846 0.406916 0.0141537 0.0202702 0.00100625
13 0.676094 0.699163 0.030706 0.0920821 0.00100449
3 0.929352 0.674451 0.0274345 0.0528027 0.0010044
