2 0.589076 0.686431 0.0632627 0.0817176 0.819731
2 0.911104 0.73859 0.136174 0.169353 0.584786
7 0.911127 0.739344 0.135905 0.166973 0.448812
9 0.553313 0.515006 0.0157242 0.0478015 0.108452
9 0.487918 0.517661 0.0111685 0.0438212 0.0562524
9 0.459784 0.61785 0.0131893 0.0238369 0.0521514
1 0.384571 0.690539 0.0254654 0.0413597 0.041391
7 0.589118 0.686091 0.0632634 0.0814997 0.0361466
0 0.321301 0.71916 0.0335227 0.0760807 0.0275551
0 0.313972 0.7208 0.0177004 0.0743265 0.0249233
0 0.93011 0.709647 0.0253578 0.0377898 0.0233102
2 0.810468 0.678336 0.022826 0.0300988 0.022813
5 0.911186 0.738992 0.135701 0.167561 0.0182505
1 0.435937 0.657899 0.0406597 0.0321465 0.0182403
9 0.699026 0.544598 0.0181807 0.0378611 0.0181617
9 0.459921 0.61441 0.0147457 0.0304504 0.0156758
0 0.907192 0.714191 0.0201908 0.0303529 0.0143529
0 0.935159 0.706382 0.0269726 0.034407 0.0142413
0 0.921731 0.71495 0.0292126 0.0295326 0.0138678
2 0.618735 0.666532 0.0112597 0.0253057 0.0134914
9 0.6778 0.592204 0.0114251 0.0342053 0.0131971
0 0.326742 0.719708 0.0221448 0.0743214 0.0125786
1 0.380295 0.691991 0.034201 0.0427149 0.0123668
2 0.927332 0.691769 0.0818207 0.0685518 0.0119475
2 0.426964 0.656344 0.0253599 0.0323887 0.0112258
9 0.597919 0.320766 0.0212116 0.0239439 0.0103387
2 0.931917 0.607666 0.0236986 0.0282384 0.00951689
0 0.618634 0.673359 0.00950432 0.024884 0.00930622
1 0.455576 0.659441 0.0148729 0.0290322 0.0088177
1 0.374107 0.688397 0.0239545 0.0350581 0.00857303
8 0.911356 0.734051 0.135678 0.177402 0.00846317
9 0.659443 0.522098 0.0367079 0.0540218 0.008187
9 0.305589 0.523351 0.0250056 0.0700479 0.00756943
3 0.384571 0.690539 0.0254654 0.0413597 0.00707698
9 0.528472 0.532992 0.00844975 0.0140388 0.00697383
9 0.490223 0.516986 0.00914583 0.0430824 0.00658974
1 0.325064 0.718311 0.0419062 0.079051 0.00627869
13 0.813435 0.679401 0.0234486 0.0312154 0.00604385
2 0.618634 0.673359 0.00950432 0.024884 0.00596428
1 0.31219 0.720094 0.0181411 0.0729948 0.0059334
0 0.913094 0.705548 0.0416857 0.0436782 0.00576755
2 0.432193 0.656443 0.0348749 0.0336056 0.00566959
2 0.923909 0.702013 0.0676315 0.0539526 0.0053131
9 0.557177 0.516129 0.0218094 0.053527 0.00529888
9 0.485366 0.517251 0.0116844 0.0414858 0.00488576
9 0.753751 0.58492 0.0102568 0.0229801 0.00478968
9 0.532933 0.476464 0.0077652 0.0136194 0.0047527
2 0.930258 0.70164 0.0456856 0.0507744 0.00421655
1 0.0302721 0.379442 0.0477014 0.092685 0.00420699
2 0.810353 0.672668 0.0252922 0.0408124 0.00420427
10 0.313972 0.7208 0.0177004 0.0743265 0.00403628
1 0.353292 0.715777 0.0248237 0.0773714 0.00397202
58 0.987132 0.750358 0.0247812 0.0755903 0.0039013
58 0.985928 0.630319 0.026926 0.230543 0.00369614
2 0.634953 0.665379 0.0360916 0.0201925 0.00358516
2 0.560547 0.661486 0.0169511 0.0497745 0.00351232
9 0.445885 0.592484 0.0136177 0.0243575 0.00350279
3 0.380295 0.691991 0.034201 0.0427149 0.00340727
58 0.987009 0.765608 0.0254349 0.106703 0.00338185
0 0.844985 0.690798 0.013047 0.0323835 0.00325778
1 0.426964 0.656344 0.0253599 0.0323887 0.0031625
13 0.386885 0.690068 0.0217993 0.0394859 0.00310713
14 0.952788 0.21109 0.0151085 0.0268594 0.00306541
9 0.557162 0.528948 0.0209351 0.0624362 0.00303638
3 0.435937 0.657899 0.0406597 0.0321465 0.00301498
9 0.446107 0.597348 0.0119904 0.0342629 0.00287318
9 0.561419 0.51853 0.0187634 0.0576383 0.00282022
10 0.319954 0.725743 0.0304736 0.0870207 0.00279149
2 0.719438 0.647505 0.0190493 0.0221781 0.00275987
13 0.435937 0.657899 0.0406597 0.0321465 0.00268549
0 0.618735 0.666532 0.0112597 0.0253057 0.00268105
1 0.364365 0.703786 0.0442186 0.0653233 0.00261235
14 0.664757 0.281215 0.01795 0.0221088 0.00259855
0 0.952788 0.21109 0.0151085 0.0268594 0.00258085
2 0.640239 0.666621 0.0373861 0.0192585 0.00258049
58 0.986262 0.593715 0.0261921 0.166033 0.00254956
58 0.931917 0.607666 0.0236986 0.0282384 0.00249249
1 0.0377278 0.327258 0.0717415 0.183302 0.00245807
3 0.374107 0.688397 0.0239545 0.0350581 0.00243238
1 0.317837 0.720351 0.0261116 0.0763367 0.00242037
2 0.936535 0.708167 0.0317669 0.0412921 0.00240922
13 0.287843 0.71067 0.0407168 0.0655186 0.00233197
13 0.287378 0.698438 0.0407234 0.0466885 0.00230896
13 0.327932 0.770964 0.0491537 0.0294037 0.00228748
13 0.325064 0.718311 0.0419062 0.079051 0.00227761
0 0.836629 0.690399 0.017614 0.0315009 0.00223687
2 0.856147 0.756828 0.0256952 0.0960279 0.00219196
56 0.385269 0.687851 0.020776 0.0361906 0.00211874
9 0.459746 0.607565 0.0141218 0.0473556 0.00210577
1 0.328762 0.718508 0.0254444 0.0747348 0.0020805
0 0.327724 0.695082 0.0284963 0.0374311 0.00204894
0 0.385269 0.687851 0.020776 0.0361906 0.0019803
0 0.767719 0.660939 0.0121639 0.0411466 0.00192478
2 0.610048 0.657766 0.0183617 0.0268882 0.00190488
2 0.559008 0.673073 0.0123247 0.0271881 0.00184217
14 0.532933 0.476464 0.0077652 0.0136194 0.00184041
0 0.659443 0.522098 0.0367079 0.0540218 0.00182357
10 0.325022 0.719557 0.0289584 0.0750707 0.00179791
2 0.385269 0.687851 0.020776 0.0361906 0.00179315
2 0.950996 0.693307 0.0466293 0.0739037 0.00174859
74 0.659443 0.522098 0.0367079 0.0540218 0.00171956
0 0.802963 0.6811 0.0158422 0.0325915 0.00169644
11 0.459784 0.61785 0.0131893 0.0238369 0.00168157
3 0.426964 0.656344 0.0253599 0.0323887 0.00167811
2 0.853607 0.733935 0.0171453 0.0519113 0.00167227
2 0.93011 0.709647 0.0253578 0.0377898 0.00167182
2 0.287378 0.698438 0.0407234 0.0466885 0.00166452
1 0.810468 0.678336 0.022826 0.0300988 0.00163612
0 0.339961 0.725756 0.0142215 0.0567524 0.00161454
1 0.392301 0.690017 0.0476298 0.045583 0.0016107
14 0.719134 0.347984 0.0148074 0.0431962 0.00156051
58 0.323147 0.718838 0.0373718 0.0767579 0.00155821
2 0.287163 0.690833 0.0400834 0.0365252 0.00152513
2 0.955998 0.694683 0.0326141 0.0723602 0.00151941
9 0.67427 0.589997 0.0184666 0.0366372 0.0015119
2 0.921731 0.71495 0.0292126 0.0295326 0.00149709
1 0.356248 0.709017 0.0247607 0.0713234 0.00146595
13 0.455576 0.659441 0.0148729 0.0290322 0.00146526
58 0.326742 0.719708 0.0221448 0.0743214 0.00145477
2 0.566997 0.662006 0.0167027 0.032157 0.00143012
11 0.487918 0.517661 0.0111685 0.0438212 0.00142515
13 0.353292 0.715777 0.0248237 0.0773714 0.00140905
9 0.0585497 0.671219 0.0111801 0.0535115 0.00139812
13 0.327864 0.744389 0.0459404 0.0839188 0.00134626
7 0.927332 0.691769 0.0818207 0.0685518 0.0013459
9 0.484709 0.503438 0.0111493 0.0284653 0.00131282
2 0.374107 0.688397 0.0239545 0.0350581 0.0012973
11 0.677436 0.590985 0.0123562 0.0361345 0.00126508
2 0.325064 0.718311 0.0419062 0.079051 0.00126192
0 0.339816 0.71825 0.0161623 0.0726594 0.00121623
1 0.287378 0.698438 0.0407234 0.0466885 0.00119182
0 0.566997 0.662006 0.0167027 0.032157 0.00118178
5 0.589118 0.686091 0.0632634 0.0814997 0.00117034
9 0.719134 0.347984 0.0148074 0.0431962 0.00115988
3 0.455576 0.659441 0.0148729 0.0290322 0.00111958
9 0.707154 0.28369 0.0118551 0.0227973 0.00109985
13 0.376147 0.692696 0.0368539 0.0431903 0.00109607
74 0.222284 0.457598 0.0460173 0.0632371 0.00108936
2 0.613289 0.657485 0.0232628 0.0372652 0.00107908
58 0.353292 0.715777 0.0248237 0.0773714 0.00106922
73 0.487918 0.517661 0.0111685 0.0438212 0.00105402
0 0.560547 0.661486 0.0169511 0.0497745 0.00105125
14 0.581065 0.252367 0.0157475 0.0149242 0.00104758
58 0.985436 0.658448 0.0291281 0.308083 0.00104618
0 0.458235 0.636053 0.0142819 0.0573207 0.00101307
2 0.356248 0.709017 0.0247607 0.0713234 0.00101101
0 0.930258 0.70164 0.0456856 0.0507744 0.0010094
2 0.558663 0.651563 0.0149834 0.0333492 0.00100797
