16 0.617119 0.350214 0.540601 0.526822 0.897163
28 0.232244 0.784835 0.45749 0.404969 0.222407
24 0.290418 0.815624 0.344598 0.349957 0.0922274
59 0.486185 0.503398 0.966217 0.993204 0.0884036
28 0.532898 0.518851 0.930694 0.929185 0.0647498
28 0.0815407 0.787762 0.160619 0.405306 0.0587329
26 0.290418 0.815624 0.344598 0.349957 0.045048
0 0.51261 0.552663 0.5285 0.498948 0.0236973
59 0.551434 0.633991 0.893162 0.699573 0.0205425
28 0.289615 0.812366 0.344792 0.356258 0.0203564
73 0.593679 0.0431941 0.0240195 0.0863882 0.0193633
73 0.658038 0.048049 0.015774 0.094135 0.0184674
39 0.394717 0.477233 0.297358 0.342153 0.0179901
56 0.112814 0.545122 0.137043 0.161169 0.0178
73 0.631977 0.0479678 0.0643307 0.0948445 0.0162812
59 0.74771 0.764586 0.502106 0.445475 0.0132876
77 0.617057 0.351492 0.542058 0.529326 0.0128504
15 0.9833 0.717296 0.0333992 0.168321 0.0122004
77 0.262346 0.546255 0.194648 0.232334 0.011933
57 0.112916 0.545431 0.136294 0.161484 0.0101121
24 0.511386 0.645127 0.919922 0.685287 0.00869462
24 0.518115 0.549094 0.533242 0.504589 0.00853339
0 0.983331 0.717302 0.0330891 0.165654 0.00813177
26 0.235818 0.787661 0.454644 0.401566 0.00759721
0 0.503468 0.635875 0.930624 0.687016 0.0071542
28 0.0822948 0.920151 0.163308 0.152276 0.00709745
24 0.509499 0.492968 0.926686 0.835533 0.00681597
28 0.252351 0.705925 0.447972 0.557578 0.0064638
24 0.23676 0.795802 0.447706 0.383411 0.00613162
13 0.489224 0.501218 0.971656 0.997565 0.00592962
41 0.394717 0.477233 0.297358 0.342153 0.00567055
0 0.540043 0.473674 0.584342 0.653585 0.00531942
0 0.98094 0.185747 0.0381193 0.212548 0.00499299
26 0.518115 0.549094 0.533242 0.504589 0.00496596
59 0.523391 0.797118 0.946543 0.383242 0.00462618
57 0.489224 0.501218 0.971656 0.997565 0.00435859
26 0.511386 0.645127 0.919922 0.685287 0.00416255
16 0.596669 0.434986 0.597778 0.694599 0.00398275
56 0.517407 0.635898 0.95382 0.69308 0.00395611
28 0.492194 0.639542 0.930612 0.675844 0.00379169
56 0.290006 0.8154 0.344533 0.351184 0.00377733
73 0.661768 0.0484438 0.022749 0.0953797 0.00369072
56 0.542836 0.516837 0.856117 0.877354 0.00364619
16 0.89084 0.463448 0.166171 0.332283 0.0036357
32 0.262346 0.546255 0.194648 0.232334 0.00350788
0 0.529482 0.576408 0.81234 0.543548 0.00341222
45 0.290117 0.816661 0.346127 0.349959 0.00331283
26 0.509499 0.492968 0.926686 0.835533 0.00325516
67 0.912268 0.347877 0.0990913 0.0960045 0.00321409
0 0.890614 0.894997 0.218316 0.189983 0.00319096
15 0.89084 0.463448 0.166171 0.332283 0.00309518
56 0.262713 0.546745 0.195164 0.233612 0.00304237
16 0.9833 0.717296 0.0333992 0.168321 0.00299662
26 0.262006 0.550008 0.198532 0.242202 0.0029079
24 0.617006 0.352759 0.540985 0.532107 0.00290158
59 0.573497 0.429862 0.846628 0.836703 0.00286192
59 0.788168 0.825736 0.423411 0.325917 0.00272435
32 0.691302 0.589624 0.184357 0.23234 0.00270838
77 0.51261 0.552663 0.5285 0.498948 0.00259677
24 0.240682 0.682547 0.445214 0.601676 0.002579
78 0.695047 0.590125 0.179592 0.231128 0.00251159
24 0.89084 0.463448 0.166171 0.332283 0.00250548
16 0.558171 0.484296 0.77697 0.802411 0.00250262
0 0.98331 0.648681 0.0333794 0.30348 0.00249842
59 0.829594 0.772752 0.340811 0.423759 0.00248682
58 0.935742 0.167427 0.128002 0.220746 0.0024251
64 0.290418 0.815624 0.344598 0.349957 0.00237197
0 0.509499 0.492968 0.926686 0.835533 0.00230491
24 0.596669 0.434986 0.597778 0.694599 0.00225303
63 0.115178 0.735337 0.180578 0.269493 0.00223199
16 0.91204 0.355545 0.0997986 0.110387 0.00221854
0 0.290538 0.815487 0.34383 0.350786 0.00220853
26 0.0817685 0.787442 0.161918 0.407135 0.00213638
26 0.530654 0.683765 0.236907 0.224952 0.00204468
39 0.530654 0.683765 0.236907 0.224952 0.0020313
24 0.262879 0.550164 0.197933 0.241896 0.00202817
58 0.878229 0.136113 0.243126 0.272225 0.00202709
0 0.240682 0.682547 0.445214 0.601676 0.00201881
0 0.98248 0.570374 0.0350407 0.473152 0.00201291
15 0.91204 0.355545 0.0997986 0.110387 0.00200796
63 0.188473 0.740187 0.335255 0.274998 0.00200313
73 0.621391 0.0493737 0.0911015 0.0987474 0.00197563
58 0.980312 0.237558 0.038723 0.322996 0.00195679
28 0.518115 0.549094 0.533242 0.504589 0.0019483
0 0.980312 0.237558 0.038723 0.322996 0.00189844
63 0.232898 0.780523 0.456058 0.409474 0.00183883
63 0.0314674 0.760085 0.0629348 0.351633 0.00182515
47 0.260993 0.545893 0.192723 0.23049 0.0017072
0 0.787049 0.759814 0.425663 0.45579 0.00169885
59 0.886995 0.8972 0.22601 0.185232 0.00169355
73 0.109133 0.740356 0.183455 0.276108 0.00168952
58 0.895541 0.223127 0.207746 0.333926 0.00162974
24 0.519314 0.554208 0.830084 0.50208 0.00155845
28 0.214818 0.556252 0.345522 0.198669 0.00150526
28 0.499085 0.521347 0.919881 0.517873 0.00148755
56 0.235818 0.787661 0.454644 0.401566 0.00147
26 0.89084 0.463448 0.166171 0.332283 0.00146687
67 0.89334 0.34464 0.0488632 0.0566235 0.00145307
62 0.0318424 0.755219 0.0628757 0.345722 0.0014489
28 0.230015 0.672182 0.452078 0.409839 0.00143734
26 0.240682 0.682547 0.445214 0.601676 0.00142074
58 0.980851 0.185324 0.038072 0.217037 0.00139216
66 0.0292679 0.758588 0.0584909 0.350481 0.00137597
2 0.554093 0.490899 0.88401 0.976258 0.00135577
15 0.616686 0.349046 0.542685 0.525444 0.00134084
26 0.23684 0.818814 0.237371 0.35068 0.00130671
77 0.542836 0.516837 0.856117 0.877354 0.00129744
59 0.774239 0.684189 0.451522 0.599773 0.00125831
77 0.980851 0.185324 0.038072 0.217037 0.00125632
24 0.23684 0.818814 0.237371 0.35068 0.00125033
0 0.915301 0.458086 0.148214 0.322165 0.00123352
73 0.0318424 0.755219 0.0628757 0.345722 0.00122339
28 0.262879 0.550164 0.197933 0.241896 0.00121
73 0.188473 0.740187 0.335255 0.274998 0.0012086
28 0.23684 0.818814 0.237371 0.35068 0.0011842
28 0.89084 0.463448 0.166171 0.332283 0.00116903
67 0.886186 0.335516 0.0465183 0.0695134 0.00114205
77 0.9376 0.180163 0.124439 0.228148 0.00113767
26 0.30495 0.571146 0.300435 0.295134 0.00113225
16 0.91209 0.429622 0.113204 0.259357 0.00111741
73 0.396843 0.47995 0.292081 0.344894 0.00111619
58 0.913835 0.259299 0.171607 0.386807 0.00110301
0 0.879257 0.775182 0.241487 0.427648 0.00109354
73 0.913005 0.350389 0.0963654 0.0973115 0.00109237
41 0.530654 0.683765 0.236907 0.224952 0.00108492
56 0.0314674 0.760085 0.0629348 0.351633 0.00107387
15 0.98331 0.648681 0.0333794 0.30348 0.00106812
59 0.318576 0.438199 0.634378 0.868087 0.00104421
0 0.9376 0.180163 0.124439 0.228148 0.00104001
30 0.537044 0.523998 0.92267 0.922771 0.00101113
26 0.499085 0.521347 0.919881 0.517873 0.00101104
