1 0.127903 0.37828 0.254264 0.750839 0.942913
16 0.33002 0.768711 0.457958 0.242318 0.921152
0 0.746345 0.29784 0.0510022 0.104836 0.705593
0 0.520503 0.291303 0.0289186 0.127501 0.578728
0 0.475712 0.290486 0.0398798 0.142782 0.42468
0 0.562389 0.28503 0.0343291 0.124234 0.210294
0 0.438331 0.27851 0.0372316 0.151215 0.183223
25 0.453794 0.18337 0.0397451 0.0333676 0.117491
0 0.442977 0.29557 0.0285687 0.123802 0.110695
2 0.393696 0.307612 0.0415215 0.0510606 0.0745983
1 0.437224 0.326666 0.0274839 0.0613378 0.0736914
1 0.348204 0.322036 0.0239391 0.127256 0.0684635
1 0.569456 0.313398 0.0163452 0.0691548 0.0591133
0 0.347694 0.321005 0.0271976 0.129129 0.0586651
0 0.487068 0.290031 0.0263393 0.134977 0.0567471
0 0.448253 0.286308 0.0254076 0.117862 0.0548901
0 0.431768 0.274477 0.0218837 0.139993 0.0505514
2 0.398981 0.304051 0.0526543 0.0596366 0.0394892
0 0.4907 0.28103 0.0235458 0.118034 0.0391025
0 0.568614 0.311672 0.0214947 0.0727353 0.0367301
1 0.442044 0.301317 0.0276836 0.113426 0.0345626
0 0.554267 0.294546 0.0303914 0.110756 0.0345378
25 0.486795 0.209157 0.0556423 0.0334099 0.0344026
1 0.563858 0.310581 0.032533 0.0757016 0.0328308
1 0.349849 0.34204 0.0238237 0.0881171 0.0324368
25 0.519133 0.216387 0.0328793 0.0408064 0.03194
0 0.495866 0.276163 0.0242247 0.129232 0.0303377
1 0.572691 0.313406 0.0238394 0.0704996 0.0252576
0 0.431119 0.238139 0.0190277 0.0678962 0.0236608
0 0.547293 0.29509 0.0287083 0.100521 0.0227129
0 0.428934 0.274411 0.0323664 0.13582 0.0220204
2 0.398634 0.285839 0.0520372 0.0947663 0.0213038
0 0.574447 0.285184 0.0337195 0.123485 0.0199536
0 0.541737 0.279063 0.0250212 0.106804 0.0189687
0 0.539452 0.29158 0.020586 0.0890198 0.0188411
1 0.546971 0.310443 0.0260791 0.0753899 0.018537
0 0.451258 0.274516 0.0220366 0.0934569 0.0183244
1 0.52646 0.318091 0.0279909 0.075427 0.0170799
0 0.505643 0.278142 0.028298 0.112342 0.0169373
25 0.497386 0.211665 0.073507 0.0403625 0.0162608
25 0.448714 0.184208 0.0507139 0.0379503 0.0156879
9 0.796837 0.0525582 0.0422409 0.0769305 0.0155737
0 0.758843 0.28795 0.0270843 0.080685 0.0152185
25 0.527724 0.222537 0.0488888 0.0568435 0.0151768
1 0.353487 0.331505 0.028076 0.109697 0.0122503
0 0.592131 0.281273 0.0232625 0.0849861 0.0112923
0 0.572702 0.313257 0.0238864 0.0695292 0.0108205
0 0.575513 0.284537 0.0494717 0.117912 0.0107182
13 0.757363 0.320856 0.0300179 0.05796 0.010051
1 0.55957 0.302494 0.0343707 0.0894239 0.00985724
0 0.505527 0.28416 0.0207413 0.0933166 0.00971889
1 0.544969 0.307847 0.0335764 0.0884347 0.0089865
13 0.760386 0.325727 0.0273556 0.0468244 0.00885957
0 0.55957 0.302494 0.0343707 0.0894239 0.00885081
1 0.478183 0.322832 0.0220734 0.0756154 0.00873035
0 0.471605 0.296103 0.0289328 0.12898 0.00864786
1 0.438967 0.287697 0.0369034 0.138118 0.00713202
13 0.760195 0.31297 0.0269644 0.0708168 0.00650325
0 0.520747 0.274414 0.0270335 0.0917855 0.00645006
0 0.546676 0.306319 0.0253199 0.0760177 0.0064064
0 0.563858 0.310581 0.032533 0.0757016 0.00634116
13 0.748115 0.312791 0.0496176 0.0722831 0.00576639
0 0.500644 0.247856 0.0245272 0.0751745 0.00576565
0 0.538844 0.249846 0.0232647 0.070124 0.00561878
0 0.544969 0.307847 0.0335764 0.0884347 0.00560117
1 0.57649 0.313535 0.0392969 0.0697272 0.00550848
1 0.402748 0.306975 0.052916 0.0546051 0.00536972
25 0.497139 0.230732 0.027731 0.0496056 0.00520569
13 0.904532 0.35124 0.0682781 0.0385587 0.00504658
25 0.575627 0.196146 0.037868 0.0393172 0.00497684
25 0.543274 0.215129 0.0272701 0.051674 0.00489101
1 0.547293 0.29509 0.0287083 0.100521 0.00487119
1 0.488897 0.299361 0.0254427 0.117925 0.00487056
0 0.503928 0.295162 0.0228849 0.0762097 0.00479341
1 0.490859 0.292603 0.0222276 0.0915278 0.00471622
0 0.520236 0.259612 0.0269841 0.06139 0.00471264
1 0.43037 0.316291 0.0328689 0.0767155 0.00456414
25 0.539098 0.228061 0.0273865 0.0666194 0.00454846
56 0.757363 0.320856 0.0300179 0.05796 0.00448859
2 0.39053 0.284777 0.0345997 0.0976829 0.00427151
0 0.426879 0.256998 0.0272348 0.091939 0.00406867
1 0.533306 0.328171 0.0356274 0.0808905 0.0040369
0 0.555189 0.272875 0.0270962 0.102083 0.00393778
25 0.458921 0.208672 0.0672303 0.0574187 0.00381914
25 0.531736 0.214305 0.0552094 0.0575934 0.00380269
0 0.57649 0.313535 0.0392969 0.0697272 0.00375113
0 0.349849 0.34204 0.0238237 0.0881171 0.00374517
2 0.600834 0.300615 0.0298361 0.0463975 0.00372416
2 0.599082 0.293386 0.0337893 0.0636173 0.00372151
1 0.127929 0.524346 0.253873 0.451978 0.00367442
0 0.589617 0.294581 0.0286074 0.0834809 0.00362602
0 0.455506 0.284344 0.0675432 0.149304 0.00356504
56 0.760195 0.31297 0.0269644 0.0708168 0.00350168
0 0.496585 0.289211 0.0218153 0.0886961 0.00346068
1 0.503928 0.295162 0.0228849 0.0762097 0.00342497
1 0.539452 0.29158 0.020586 0.0890198 0.00332803
0 0.39053 0.284777 0.0345997 0.0976829 0.0031437
25 0.513642 0.224792 0.0255632 0.0458116 0.00305113
1 0.5824 0.305101 0.0349995 0.0859189 0.003005
0 0.59689 0.277314 0.0326983 0.0972503 0.0030044
1 0.505677 0.305973 0.0492256 0.103144 0.00291041
1 0.358173 0.348038 0.0262987 0.0778546 0.00282475
1 0.520936 0.29204 0.029932 0.127132 0.00277841
1 0.076566 0.173256 0.151866 0.340585 0.00264773
0 0.5824 0.305101 0.0349995 0.0859189 0.0024865
0 0.386499 0.258999 0.0218481 0.0480165 0.00243375
1 0.562199 0.28507 0.0352224 0.124465 0.00242573
1 0.447607 0.292303 0.0251352 0.116928 0.00240979
0 0.756891 0.276258 0.0277051 0.0668578 0.00240803
25 0.402098 0.218475 0.0566896 0.05331 0.00235677
10 0.347694 0.321005 0.0271976 0.129129 0.00232151
1 0.390869 0.308552 0.0356692 0.0510118 0.00231883
0 0.447648 0.225684 0.0259916 0.0563875 0.00231275
1 0.471605 0.296103 0.0289328 0.12898 0.00231001
12 0.569364 0.3123 0.0166639 0.0712922 0.00229061
77 0.329741 0.768712 0.457949 0.242528 0.00220826
15 0.329741 0.768712 0.457949 0.242528 0.00217006
25 0.546149 0.211153 0.0217281 0.0509764 0.00213796
1 0.477218 0.289807 0.0459772 0.141012 0.00207156
25 0.572132 0.205471 0.046779 0.053089 0.00201812
0 0.390294 0.257642 0.0282084 0.0517704 0.00199637
25 0.5199 0.211687 0.03946 0.050775 0.00198644
56 0.760386 0.325727 0.0273556 0.0468244 0.00196737
0 0.405852 0.252576 0.023843 0.0574996 0.00196707
2 0.405597 0.268874 0.0662863 0.134639 0.00191391
0 0.398954 0.283547 0.052288 0.101929 0.00189993
1 0.589617 0.294581 0.0286074 0.0834809 0.00188288
25 0.482126 0.238426 0.0386549 0.0406616 0.00183237
13 0.760228 0.297046 0.0252667 0.0789115 0.0017781
25 0.445329 0.219191 0.0359104 0.0503412 0.00176665
3 0.128235 0.378055 0.255198 0.750663 0.00173247
25 0.40015 0.240277 0.0534138 0.0956042 0.00171682
3 0.568614 0.311672 0.0214947 0.0727353 0.00164139
2 0.593222 0.285273 0.0277006 0.0801981 0.00155821
9 0.759719 0.0872324 0.0239699 0.0738655 0.00154385
0 0.306722 0.335117 0.0250957 0.122232 0.00152344
56 0.760228 0.297046 0.0252667 0.0789115 0.0015161
0 0.472745 0.320645 0.0237377 0.0828241 0.00149804
12 0.347368 0.320109 0.0264133 0.1282 0.00147411
1 0.452746 0.318858 0.0514391 0.0876698 0.00145414
1 0.487944 0.31645 0.0253121 0.0906673 0.00134662
13 0.398715 0.307364 0.052219 0.0521511 0.00132686
0 0.760195 0.31297 0.0269644 0.0708168 0.00130799
0 0.342282 0.317724 0.02858 0.123868 0.00125057
58 0.347694 0.321005 0.0271976 0.129129 0.00123101
0 0.402748 0.306975 0.052916 0.0546051 0.00117627
1 0.472745 0.320645 0.0237377 0.0828241 0.00117293
0 0.471228 0.246393 0.029682 0.0540914 0.00115553
9 0.75878 0.076381 0.026297 0.0962197 0.00114021
25 0.448294 0.216336 0.0252512 0.043696 0.00111932
0 0.405597 0.268874 0.0662863 0.134639 0.0011152
0 0.513642 0.224792 0.0255632 0.0458116 0.00110194
13 0.886435 0.349094 0.104639 0.0405574 0.00103951
26 0.520236 0.259612 0.0269841 0.06139 0.00101432
