3 0.496134 0.506893 0.967152 0.966859 0.94072
3 0.209731 0.221957 0.417941 0.437088 0.837439
3 0.279113 0.104027 0.281497 0.205595 0.0783707
3 0.281668 0.052427 0.269652 0.102561 0.0658389
0 0.167218 0.0188065 0.0617004 0.0375753 0.0513321
2 0.209511 0.222459 0.416802 0.436229 0.00857547
0 0.267472 0.0323769 0.175318 0.0626618 0.00813445
0 0.280505 0.0511436 0.272683 0.100542 0.00686422
0 0.247073 0.0452029 0.219929 0.0884491 0.00609821
0 0.153683 0.0187932 0.0911613 0.037079 0.00589797
3 0.1263 0.2237 0.252122 0.440494 0.00561255
0 0.188451 0.0192993 0.103767 0.0380226 0.00481418
0 0.0733918 0.00926781 0.0764158 0.0185163 0.00458682
1 0.869368 0.258155 0.221321 0.443957 0.00401571
0 0.115079 0.0194118 0.166594 0.038418 0.00365347
26 0.303309 0.0253501 0.102369 0.0486277 0.00339767
0 0.0884518 0.0179602 0.102717 0.0359203 0.00336802
3 0.292728 0.070505 0.256439 0.137918 0.00314721
0 0.277995 0.103341 0.282961 0.204321 0.00292188
3 0.247073 0.0452029 0.219929 0.0884491 0.00271016
0 0.20743 0.0296719 0.143379 0.0587137 0.00256121
0 0.234166 0.0368195 0.105252 0.0712536 0.00252241
24 0.303309 0.0253501 0.102369 0.0486277 0.00241646
0 0.0739043 0.0159021 0.104536 0.0315534 0.0022853
39 0.574559 0.222609 0.0183985 0.060236 0.00219554
0 0.302175 0.0262364 0.104823 0.0500308 0.00180823
3 0.869368 0.258155 0.221321 0.443957 0.00179297
0 0.120511 0.0184369 0.0384114 0.0367031 0.00178322
0 0.204918 0.0417571 0.141935 0.0835141 0.00156975
3 0.167467 0.0190749 0.0623572 0.0377469 0.00150993
1 0.209511 0.222459 0.416802 0.436229 0.00147885
3 0.131581 0.48724 0.223862 0.217198 0.00141826
0 0.200112 0.0228444 0.129094 0.0441373 0.00134626
3 0.267599 0.0371732 0.177517 0.0725458 0.00127959
3 0.205799 0.142767 0.40694 0.279268 0.00125986
1 0.289323 0.0525383 0.256249 0.102075 0.00118175
0 0.170335 0.0290057 0.0718234 0.0571453 0.00108367
3 0.153683 0.0187932 0.0911613 0.037079 0.00101498
3 0.21471 0.419718 0.422939 0.816712 0.00100803
