41 0.632059 0.437758 0.343503 0.373263 0.966801
60 0.501542 0.495508 0.993679 0.985099 0.938822
41 0.753789 0.21167 0.220018 0.291467 0.924529
55 0.104517 0.471629 0.208446 0.398146 0.489723
44 0.45215 0.526803 0.097677 0.208005 0.461951
45 0.217188 0.0857623 0.296021 0.169475 0.332751
44 0.456192 0.441523 0.105109 0.378047 0.232008
54 0.104605 0.471695 0.208259 0.397786 0.0629313
55 0.0420873 0.52793 0.0834868 0.283944 0.0120491
56 0.901419 0.166646 0.19685 0.32944 0.0119193
40 0.753716 0.211625 0.219502 0.291097 0.00665107
45 0.753716 0.211625 0.219502 0.291097 0.00630426
73 0.897026 0.581014 0.20355 0.27918 0.00627899
55 0.0391151 0.462918 0.078152 0.148777 0.00579897
55 0.247688 0.0712134 0.198605 0.141001 0.00416079
41 0.456075 0.441455 0.104393 0.379988 0.00413859
54 0.0420873 0.52793 0.0834868 0.283944 0.00385284
75 0.753716 0.211625 0.219502 0.291097 0.0034295
45 0.456075 0.441455 0.104393 0.379988 0.0030497
53 0.104517 0.471629 0.208446 0.398146 0.0029687
48 0.104605 0.471695 0.208259 0.397786 0.00240383
55 0.278968 0.0505871 0.134284 0.0981832 0.00204641
55 0.124987 0.515408 0.102773 0.265773 0.00194436
44 0.486201 0.387453 0.0537627 0.271592 0.00194249
55 0.195969 0.0684593 0.0929771 0.135862 0.00191319
53 0.247688 0.0712134 0.198605 0.141001 0.00180104
48 0.247688 0.0712134 0.198605 0.141001 0.00175935
45 0.149282 0.48048 0.298563 0.449699 0.00174189
48 0.278968 0.0505871 0.134284 0.0981832 0.0015358
44 0.489927 0.285245 0.0434391 0.0670989 0.00143889
45 0.104422 0.471402 0.208538 0.398928 0.00141597
54 0.121738 0.339653 0.143734 0.134754 0.00131637
55 0.09938 0.349145 0.192783 0.153339 0.00123358
54 0.278968 0.0505871 0.134284 0.0981832 0.00111321
60 0.900974 0.16665 0.197931 0.329503 0.00107324
54 0.12277 0.522286 0.0971587 0.248024 0.00103036
