31 0.552236 0.447482 0.146682 0.154345 0.512516
0 0.552303 0.445709 0.147497 0.155864 0.292712
31 0.534474 0.466756 0.113531 0.118267 0.236695
0 0.57174 0.42561 0.108711 0.112854 0.228123
0 0.218212 0.759525 0.0526009 0.0563629 0.150312
31 0.529355 0.478288 0.100896 0.0922559 0.100717
33 0.574774 0.362606 0.0429136 0.0512196 0.025103
0 0.239996 0.757377 0.0115922 0.0470103 0.0209586
0 0.241307 0.760054 0.0153896 0.053269 0.0199211
0 0.575099 0.41023 0.101464 0.0827634 0.0162182
0 0.196814 0.757042 0.0250957 0.0562582 0.0156423
33 0.55293 0.447016 0.148585 0.155363 0.0145094
31 0.515478 0.485138 0.0742074 0.078559 0.0131069
31 0.505473 0.495678 0.0540382 0.0568391 0.00980338
0 0.58397 0.397205 0.0837816 0.0571276 0.00833386
33 0.0952788 0.399433 0.0700241 0.336352 0.00716823
0 0.577077 0.407815 0.0625706 0.143253 0.00563526
33 0.774086 0.512654 0.0940771 0.0378158 0.00428113
8 0.572329 0.323943 0.0512105 0.154746 0.00416106
24 0.218801 0.76002 0.0509534 0.055572 0.00393367
4 0.553029 0.446896 0.147356 0.155918 0.00375515
33 0.57152 0.38452 0.0844902 0.0959015 0.00365052
31 0.266614 0.591855 0.0433859 0.399482 0.00362042
0 0.562711 0.400801 0.0922852 0.114204 0.00347936
77 0.553029 0.446896 0.147356 0.155918 0.00345308
8 0.57512 0.36123 0.0440739 0.0511868 0.00322825
30 0.552303 0.445709 0.147497 0.155864 0.00294065
33 0.572372 0.424609 0.108275 0.110918 0.00286132
31 0.509264 0.487088 0.0591406 0.0604976 0.0027954
33 0.586063 0.410626 0.0819048 0.153806 0.0027391
30 0.264564 0.592403 0.0456196 0.402231 0.0025278
33 0.565812 0.502714 0.072566 0.265787 0.00218639
16 0.217843 0.759689 0.0504564 0.0552371 0.00210398
37 0.552303 0.445709 0.147497 0.155864 0.0020988
33 0.787256 0.512177 0.0684551 0.0341891 0.00190645
19 0.552398 0.446534 0.148934 0.15574 0.00164312
0 0.567027 0.426171 0.0928782 0.0914954 0.00160795
31 0.576602 0.50429 0.0897906 0.26698 0.00151199
9 0.553029 0.446896 0.147356 0.155918 0.00140834
31 0.546561 0.449146 0.0933808 0.140761 0.0013662
31 0.240424 0.759231 0.0119186 0.0505801 0.00133449
0 0.57152 0.38452 0.0844902 0.0959015 0.00131419
0 0.19197 0.755582 0.0336732 0.0563706 0.00127774
30 0.535912 0.459025 0.114555 0.131122 0.00124544
31 0.553033 0.442854 0.0796642 0.0909627 0.00122699
33 0.587675 0.375673 0.0691777 0.0776668 0.00121623
31 0.500504 0.498794 0.0435472 0.0469258 0.00119814
8 0.561226 0.32449 0.0346786 0.153702 0.00114909
33 0.755035 0.513704 0.13445 0.0406684 0.00110033
37 0.0951681 0.399591 0.0705818 0.337611 0.00109208
3 0.553029 0.446896 0.147356 0.155918 0.00105992
30 0.576602 0.50429 0.0897906 0.26698 0.00102913
31 0.518106 0.466905 0.0707074 0.0488921 0.00100842
0 0.535912 0.459025 0.114555 0.131122 0.00100681
16 0.552398 0.446534 0.148934 0.15574 0.00100437
