74 0.549861 0.0909573 0.0970692 0.107335 0.263734
74 0.546538 0.0951312 0.074058 0.076428 0.263467
44 0.0946231 0.0781047 0.0283537 0.089379 0.103231
58 0.0852693 0.754965 0.0486395 0.0802139 0.0921335
45 0.285506 0.337186 0.0714641 0.0325657 0.0691777
46 0.290061 0.132523 0.0854768 0.0943371 0.0430377
60 0.553935 0.428859 0.770062 0.347765 0.0422981
60 0.464223 0.39481 0.887343 0.428777 0.0417463
60 0.626477 0.630678 0.716493 0.086177 0.0414503
44 0.141182 0.0761465 0.0198368 0.0869014 0.0412357
75 0.845272 0.138778 0.0455147 0.0838592 0.0396359
44 0.114153 0.0784484 0.014695 0.0878413 0.0380573
44 0.0901908 0.0779992 0.0159905 0.087742 0.0374365
45 0.874287 0.398473 0.201729 0.109374 0.0348821
58 0.0845389 0.73249 0.0468553 0.0334295 0.0320255
44 0.0661729 0.0779303 0.0257996 0.0896577 0.0310544
74 0.649167 0.276241 0.0647814 0.0703881 0.0296773
45 0.291699 0.133837 0.0864901 0.0924775 0.0266555
39 0.844512 0.138308 0.0453705 0.0839696 0.0236149
45 0.851627 0.456859 0.135939 0.0249571 0.0199559
58 0.904588 0.131836 0.0700846 0.094191 0.0197299
0 0.310022 0.83243 0.10901 0.297849 0.0196507
41 0.890064 0.50903 0.0230764 0.0258701 0.0186603
45 0.868684 0.363251 0.205278 0.0372935 0.0185649
66 0.705761 0.358237 0.161051 0.0386035 0.0180187
75 0.367573 0.138005 0.0463836 0.082705 0.0178503
73 0.710256 0.360655 0.15729 0.0386474 0.0167426
60 0.466546 0.62901 0.885531 0.084057 0.0160556
60 0.74555 0.834429 0.477433 0.294592 0.0159874
45 0.835622 0.458397 0.104915 0.0231372 0.0138141
41 0.839417 0.509803 0.0218063 0.0247661 0.0132101
63 0.49871 0.333523 0.174985 0.0739428 0.0129851
60 0.652706 0.599881 0.656191 0.159846 0.0129846
44 0.0665124 0.0775886 0.0177534 0.0844638 0.0126899
45 0.791172 0.363544 0.337909 0.038568 0.0124418
71 0.874287 0.398473 0.201729 0.109374 0.0118432
71 0.868684 0.363251 0.205278 0.0372935 0.0118027
41 0.883541 0.510397 0.035009 0.024691 0.0114356
45 0.71381 0.261877 0.0505905 0.0576904 0.011322
60 0.585056 0.517257 0.798874 0.324712 0.0101222
58 0.0727756 0.733899 0.023248 0.0266107 0.0100514
71 0.861649 0.358034 0.183126 0.0355733 0.00979224
71 0.791172 0.363544 0.337909 0.038568 0.00945362
60 0.19209 0.834447 0.373534 0.294375 0.00938502
41 0.834358 0.510429 0.0293167 0.0238303 0.00904804
45 0.876236 0.455443 0.186704 0.0263955 0.00904208
39 0.162631 0.753758 0.0358665 0.0903823 0.00870556
41 0.366951 0.139118 0.0455227 0.0828124 0.00822848
45 0.861649 0.358034 0.183126 0.0355733 0.00808889
41 0.907535 0.507986 0.0214825 0.0278272 0.00779566
73 0.69438 0.35876 0.129593 0.0326373 0.00758079
0 0.379871 0.833831 0.243616 0.289555 0.00715595
41 0.872247 0.510742 0.0302177 0.0242769 0.00702292
73 0.692875 0.356818 0.198168 0.0383959 0.00681219
60 0.377405 0.621438 0.72062 0.105336 0.0067991
40 0.367208 0.140221 0.0463071 0.0832627 0.00673306
73 0.707611 0.35828 0.078001 0.032399 0.00669509
69 0.502665 0.483362 0.16055 0.196634 0.00654835
60 0.625428 0.835799 0.749144 0.296482 0.00641105
49 0.291699 0.133837 0.0864901 0.0924775 0.00616983
45 0.649687 0.276675 0.0638321 0.0694709 0.00614348
74 0.288171 0.0865519 0.0354253 0.0240032 0.00611922
45 0.284416 0.349901 0.07433 0.0152748 0.0060752
0 0.162972 0.752096 0.0398129 0.0943122 0.00568491
58 0.0787578 0.751456 0.0679646 0.0935864 0.00550273
14 0.68793 0.144339 0.0268635 0.0671409 0.00529423
60 0.732472 0.605454 0.533975 0.0370263 0.0051637
74 0.713606 0.260277 0.0504955 0.0559693 0.00513646
74 0.415342 0.151052 0.0406065 0.055319 0.00494576
44 0.68793 0.144339 0.0268635 0.0671409 0.00494304
45 0.638891 0.748533 0.035117 0.0194604 0.00493872
73 0.904634 0.153873 0.0437653 0.0348784 0.00482029
45 0.366069 0.138663 0.0457872 0.0827128 0.00476971
75 0.68793 0.144339 0.0268635 0.0671409 0.00458148
74 0.766476 0.122513 0.110127 0.0954354 0.00455791
73 0.49871 0.333523 0.174985 0.0739428 0.0044992
44 0.318789 0.0990307 0.0178172 0.0223448 0.00441435
71 0.50113 0.331913 0.171457 0.0767486 0.00440869
44 0.864543 0.359045 0.198869 0.0361964 0.00434461
14 0.899873 0.818444 0.0322607 0.0266243 0.00421786
41 0.880292 0.513036 0.0354721 0.0220382 0.00418347
26 0.545539 0.339207 0.0670224 0.049486 0.00416985
62 0.76728 0.122293 0.113388 0.095288 0.00409061
60 0.717911 0.631163 0.477775 0.0852724 0.00407875
41 0.886134 0.483093 0.0265421 0.0240508 0.00405467
72 0.498528 0.459491 0.145789 0.14063 0.0040209
75 0.163185 0.75372 0.0380723 0.0914299 0.00399318
26 0.546419 0.329526 0.0668354 0.0705061 0.00390399
44 0.134626 0.17621 0.212043 0.0197615 0.00382534
73 0.662563 0.357592 0.0649483 0.0308958 0.00382343
74 0.367573 0.138005 0.0463836 0.082705 0.00376964
44 0.0968842 0.0765494 0.0196712 0.0920115 0.00364003
60 0.868907 0.828756 0.236646 0.286772 0.00358674
45 0.545539 0.339207 0.0670224 0.049486 0.00357252
44 0.126707 0.0750634 0.0519447 0.0876988 0.00344053
19 0.309328 0.833311 0.106782 0.291365 0.00338104
44 0.791172 0.363544 0.337909 0.038568 0.00335121
44 0.898672 0.818604 0.0319195 0.0259735 0.0033327
44 0.260011 0.22619 0.0558143 0.210567 0.00332931
40 0.162713 0.756252 0.0386775 0.0960843 0.00331569
41 0.822008 0.510377 0.0180122 0.0233606 0.00325406
74 0.545334 0.081053 0.0557771 0.0439052 0.0032095
41 0.868717 0.49296 0.0283127 0.0235679 0.00320658
58 0.0906034 0.742758 0.0431239 0.0238716 0.00320095
42 0.0946231 0.0781047 0.0283537 0.089379 0.00314888
56 0.507125 0.323912 0.163732 0.0846888 0.00312904
56 0.550946 0.325486 0.0729193 0.0847949 0.00311419
45 0.176705 0.847451 0.0307716 0.0139017 0.00303429
60 0.462171 0.471863 0.888194 0.407831 0.00303066
41 0.867915 0.484004 0.0274086 0.0274877 0.00300467
44 0.119672 0.0778468 0.0127362 0.0869238 0.00298685
60 0.62618 0.833026 0.246209 0.290986 0.0029566
47 0.29114 0.131346 0.0859182 0.094869 0.00295302
45 0.543239 0.327239 0.0620897 0.0737659 0.00293422
40 0.309328 0.833311 0.106782 0.291365 0.00293174
63 0.452108 0.338178 0.302741 0.0773583 0.00292459
69 0.498528 0.459491 0.145789 0.14063 0.00288138
41 0.920646 0.508873 0.022316 0.0254413 0.00287995
14 0.309328 0.833311 0.106782 0.291365 0.00287494
73 0.750973 0.360554 0.0800276 0.0348787 0.00283962
45 0.890064 0.50903 0.0230764 0.0258701 0.00281981
58 0.84575 0.138742 0.0454456 0.0828345 0.00281098
60 0.719016 0.467344 0.522501 0.258482 0.00279909
19 0.378941 0.832596 0.242665 0.293264 0.00278479
44 0.106151 0.0769097 0.0124898 0.0916879 0.00277156
44 0.320484 0.0968917 0.0146835 0.0212902 0.00277048
60 0.126863 0.862717 0.236984 0.239616 0.00267035
45 0.833912 0.483156 0.0259226 0.0246375 0.002666
56 0.546302 0.2978 0.0414282 0.0290031 0.00262481
44 0.367458 0.138773 0.0469568 0.0823998 0.0026215
41 0.842522 0.483563 0.0256258 0.0249496 0.00255671
71 0.869107 0.378896 0.215054 0.0689892 0.00255266
44 0.290307 0.339412 0.0743223 0.029672 0.00254536
14 0.639305 0.747806 0.0348206 0.0203416 0.00252345
24 0.546419 0.329526 0.0668354 0.0705061 0.00252119
45 0.641963 0.744944 0.0362507 0.027172 0.00251874
0 0.868907 0.828756 0.236646 0.286772 0.00250772
41 0.864428 0.509576 0.0340012 0.026603 0.00249434
45 0.834358 0.510429 0.0293167 0.0238303 0.00248262
41 0.831862 0.457621 0.0962776 0.0229396 0.00246394
45 0.878303 0.47073 0.199925 0.242173 0.00244609
60 0.666026 0.492425 0.622047 0.227232 0.00240415
45 0.902385 0.157512 0.0471409 0.0414613 0.00239402
60 0.476946 0.838608 0.555312 0.293102 0.00237817
58 0.906236 0.108532 0.0543945 0.0520122 0.0023506
75 0.291699 0.133837 0.0864901 0.0924775 0.00229034
45 0.291176 0.332598 0.0833189 0.0372163 0.00228932
45 0.883541 0.510397 0.035009 0.024691 0.00227824
44 0.312373 0.101803 0.0296944 0.0204571 0.0022701
41 0.908401 0.503023 0.0224133 0.0348354 0.00226003
45 0.288984 0.0866304 0.035338 0.0252093 0.00224224
44 0.24412 0.202492 0.0619147 0.0664952 0.00223151
41 0.889102 0.49968 0.0263027 0.0382221 0.00222889
44 0.0974738 0.0758007 0.109141 0.0919087 0.00217247
44 0.288984 0.0866304 0.035338 0.0252093 0.00217134
45 0.77571 0.398533 0.397316 0.117948 0.00216955
42 0.141182 0.0761465 0.0198368 0.0869014 0.0021452
45 0.839417 0.509803 0.0218063 0.0247661 0.00214222
74 0.639305 0.747806 0.0348206 0.0203416 0.00212798
73 0.737125 0.358554 0.0977742 0.0305775 0.00210899
67 0.46153 0.353585 0.0532869 0.019558 0.0020934
60 0.318723 0.834604 0.621058 0.295674 0.00208157
66 0.327096 0.35579 0.184237 0.0406246 0.00207657
41 0.884137 0.492566 0.0308453 0.0332234 0.0020301
41 0.885329 0.557319 0.0271381 0.0675748 0.00201443
45 0.546302 0.2978 0.0414282 0.0290031 0.00195292
44 0.096524 0.0767306 0.01401 0.0890305 0.00193912
66 0.69438 0.35876 0.129593 0.0326373 0.0019246
39 0.910933 0.554578 0.0380672 0.0637447 0.0019162
73 0.334388 0.358224 0.0876724 0.0354068 0.00191316
41 0.649493 0.277755 0.0652411 0.0687696 0.00188157
60 0.871779 0.490986 0.209057 0.220211 0.00187692
46 0.288984 0.0866304 0.035338 0.0252093 0.00185072
13 0.587751 0.63018 0.783787 0.0800583 0.00183874
60 0.443473 0.603041 0.488975 0.0438656 0.00182658
44 0.290061 0.132523 0.0854768 0.0943371 0.00180569
45 0.873295 0.458069 0.125008 0.0236972 0.00180197
41 0.54563 0.297682 0.0398123 0.0275182 0.00180084
41 0.71381 0.261877 0.0505905 0.0576904 0.00179851
24 0.545539 0.339207 0.0670224 0.049486 0.00179505
45 0.549473 0.0935008 0.0988522 0.111382 0.00178996
45 0.859809 0.482726 0.029192 0.0242792 0.00178412
0 0.534676 0.832218 0.570286 0.289884 0.00177208
39 0.885329 0.557319 0.0271381 0.0675748 0.00176963
45 0.819356 0.458 0.0702076 0.0223271 0.00176659
66 0.707611 0.35828 0.078001 0.032399 0.00175413
14 0.376097 0.521675 0.0216759 0.0236228 0.00174403
73 0.592843 0.691681 0.169715 0.0315949 0.00173742
73 0.899297 0.157621 0.047543 0.0459694 0.00172469
39 0.367573 0.138005 0.0463836 0.082705 0.00170633
42 0.0901908 0.0779992 0.0159905 0.087742 0.00170434
41 0.892724 0.556363 0.0332516 0.0667846 0.00169227
44 0.756926 0.463472 0.035561 0.146208 0.00167874
41 0.862675 0.49333 0.0297363 0.0258885 0.00167802
41 0.859809 0.482726 0.029192 0.0242792 0.00167751
45 0.842522 0.483563 0.0256258 0.0249496 0.00166056
41 0.838639 0.495667 0.0243879 0.0352099 0.00165793
60 0.369496 0.423938 0.704728 0.508952 0.00161526
41 0.833912 0.483156 0.0259226 0.0246375 0.00161326
39 0.892724 0.556363 0.0332516 0.0667846 0.00158775
45 0.898779 0.458437 0.0384518 0.0226367 0.00158161
41 0.830846 0.492348 0.0346235 0.0370525 0.00157872
41 0.905839 0.482722 0.0172588 0.0221685 0.00155559
75 0.543239 0.327239 0.0620897 0.0737659 0.00154662
29 0.876236 0.455443 0.186704 0.0263955 0.001537
41 0.869855 0.541298 0.0225582 0.0333823 0.00153691
60 0.60541 0.60111 0.586357 0.0254747 0.00152773
45 0.903047 0.457564 0.0633663 0.022697 0.0015229
39 0.866503 0.55718 0.0304855 0.0678023 0.00151125
44 0.108124 0.0769266 0.0106644 0.0898053 0.00150302
14 0.291512 0.126707 0.0850684 0.102617 0.00150108
41 0.884868 0.538637 0.0229088 0.0272264 0.00150093
39 0.842104 0.557761 0.0380627 0.0703627 0.00147766
41 0.288984 0.0866304 0.035338 0.0252093 0.00146854
60 0.50234 0.331418 0.167268 0.0734737 0.0014641
39 0.0932248 0.776275 0.0178242 0.0289376 0.00146189
45 0.543009 0.300869 0.0488632 0.0356582 0.00144079
55 0.283673 0.335579 0.0656571 0.0328879 0.00143856
42 0.114153 0.0784484 0.014695 0.0878413 0.00143316
74 0.543005 0.0791191 0.0415569 0.0452456 0.00140926
44 0.0651288 0.077785 0.0374357 0.0980083 0.00140226
39 0.830111 0.55785 0.0549839 0.0699606 0.0013862
57 0.504051 0.328048 0.166302 0.07868 0.00138533
47 0.288984 0.0866304 0.035338 0.0252093 0.00138035
56 0.870093 0.834103 0.237588 0.285542 0.00137979
73 0.462972 0.354503 0.0532267 0.0192301 0.00137636
45 0.684546 0.410935 0.0415604 0.0203879 0.00137541
45 0.886134 0.483093 0.0265421 0.0240508 0.00136921
60 0.586075 0.348253 0.464338 0.0698792 0.00136462
14 0.367573 0.138005 0.0463836 0.082705 0.00135291
60 0.609473 0.336075 0.41087 0.0849312 0.00132823
45 0.979107 0.952025 0.0330772 0.0292568 0.0013268
72 0.489615 0.46042 0.170475 0.247228 0.00132346
74 0.687969 0.144359 0.0272879 0.0689247 0.00132182
41 0.921953 0.498285 0.0213308 0.035855 0.00132117
42 0.120423 0.0771583 0.0125112 0.0889287 0.00132048
40 0.714438 0.259883 0.04895 0.0571055 0.00131696
45 0.867915 0.484004 0.0274086 0.0274877 0.00130591
60 0.167064 0.614255 0.313166 0.121326 0.00129691
75 0.649493 0.277755 0.0652411 0.0687696 0.00129664
44 0.0824324 0.0758869 0.0135391 0.0924088 0.00128493
41 0.415342 0.151052 0.0406065 0.055319 0.0012815
45 0.824961 0.484466 0.0298418 0.02787 0.00127959
45 0.880292 0.513036 0.0354721 0.0220382 0.00126413
60 0.434834 0.627691 0.496632 0.0932849 0.001259
74 0.290627 0.12579 0.0841848 0.102875 0.00125286
39 0.819542 0.563593 0.0289822 0.0560725 0.00125128
41 0.641963 0.744944 0.0362507 0.027172 0.00124514
41 0.866503 0.55718 0.0304855 0.0678023 0.00123957
39 0.0846544 0.774642 0.0235072 0.0262913 0.00123933
44 0.25035 0.242601 0.0536977 0.141441 0.00122547
56 0.314003 0.830695 0.129193 0.292665 0.00122455
39 0.91036 0.549668 0.0326651 0.0499843 0.00122029
74 0.283543 0.0877117 0.0463363 0.0277998 0.00121802
29 0.600397 0.689896 0.167248 0.0256013 0.00121623
74 0.641963 0.744944 0.0362507 0.027172 0.00121582
73 0.604787 0.358242 0.384705 0.0434519 0.00121054
44 0.144365 0.0716527 0.0163728 0.0767808 0.00120747
43 0.791172 0.363544 0.337909 0.038568 0.00120521
44 0.696115 0.882174 0.0297882 0.16409 0.00120503
40 0.868871 0.557712 0.0268711 0.0649937 0.00120094
41 0.820656 0.497289 0.0267786 0.0473937 0.00120065
71 0.77571 0.398533 0.397316 0.117948 0.00119781
69 0.489615 0.46042 0.170475 0.247228 0.00119188
32 0.754854 0.523409 0.0182459 0.0218689 0.00119069
75 0.713126 0.260223 0.0523213 0.0553592 0.00119013
41 0.910933 0.554578 0.0380672 0.0637447 0.00118905
44 0.110746 0.0760423 0.0576381 0.100451 0.00118887
56 0.377982 0.833327 0.244522 0.294426 0.00118572
44 0.74664 0.494781 0.0156692 0.0779431 0.00116357
42 0.0661729 0.0779303 0.0257996 0.0896577 0.00116345
45 0.872247 0.510742 0.0302177 0.0242769 0.00114879
58 0.885459 0.131352 0.114694 0.0871526 0.00114125
60 0.677881 0.561658 0.623903 0.24972 0.00114027
60 0.758945 0.363337 0.43631 0.0432589 0.00113684
75 0.0932248 0.776275 0.0178242 0.0289376 0.00113353
40 0.885329 0.557319 0.0271381 0.0675748 0.00113258
73 0.845391 0.14121 0.0391018 0.0829709 0.00113106
41 0.833572 0.510973 0.0409376 0.0253824 0.00113061
74 0.0846544 0.774642 0.0235072 0.0262913 0.00112492
44 0.25664 0.259153 0.0514574 0.156636 0.00111613
73 0.691085 0.38039 0.0985868 0.0762645 0.00111198
74 0.408204 0.883749 0.0215803 0.0179829 0.00111189
74 0.0932248 0.776275 0.0178242 0.0289376 0.00111035
58 0.290627 0.12579 0.0841848 0.102875 0.00110751
39 0.853562 0.557267 0.0378468 0.0690068 0.00110224
66 0.329602 0.357687 0.0954815 0.0329064 0.00108871
75 0.550946 0.325486 0.0729193 0.0847949 0.00108606
41 0.824961 0.484466 0.0298418 0.02787 0.00107685
60 0.142859 0.635211 0.265004 0.0798738 0.00107157
41 0.805435 0.50155 0.023493 0.0415526 0.00106972
42 0.898672 0.818604 0.0319195 0.0259735 0.00106379
45 0.869107 0.378896 0.215054 0.0689892 0.00106376
45 0.82243 0.362767 0.223896 0.0315529 0.00104904
32 0.695149 0.894974 0.0223974 0.0258418 0.00103575
46 0.283543 0.0877117 0.0463363 0.0277998 0.00102693
45 0.873171 0.450169 0.182518 0.0372385 0.00102618
41 0.543009 0.300869 0.0488632 0.0356582 0.00102615
38 0.595427 0.690532 0.172749 0.0286033 0.00102535
44 0.753893 0.484239 0.021421 0.101004 0.00101799
