17 0.598339 0.637015 0.33589 0.370869 0.920683
17 0.350214 0.64689 0.280511 0.320266 0.909646
0 0.619221 0.598872 0.168785 0.134927 0.778488
58 0.620165 0.901358 0.188882 0.0953865 0.740204
0 0.390164 0.580506 0.140973 0.118489 0.732655
0 0.756444 0.688416 0.0371446 0.0621805 0.638634
0 0.328711 0.707471 0.0315702 0.0574542 0.48545
0 0.510445 0.691039 0.0215393 0.0478589 0.451042
0 0.93428 0.697935 0.0207383 0.0521537 0.29902
0 0.412144 0.574799 0.0948546 0.104663 0.286164
0 0.963611 0.699973 0.0463924 0.0448127 0.234768
0 0.321272 0.70682 0.0473698 0.0588747 0.080122
0 0.745376 0.664949 0.0168102 0.0161199 0.0572874
0 0.815664 0.6936 0.0174618 0.0316097 0.0377956
0 0.0313144 0.701001 0.0292407 0.0487701 0.0362742
0 0.391832 0.621306 0.14421 0.199193 0.0335472
0 0.514824 0.691628 0.0303663 0.0479256 0.0329232
0 0.952434 0.68138 0.0191941 0.0207383 0.0319822
0 0.643804 0.580968 0.115662 0.091815 0.0280788
0 0.30408 0.693272 0.0342382 0.0322827 0.0253281
0 0.597156 0.602773 0.0923307 0.134895 0.0246255
0 0.609606 0.568971 0.0416901 0.0474642 0.022402
0 0.467701 0.699971 0.0530781 0.0590994 0.0202774
0 0.881252 0.699302 0.039637 0.0466465 0.0130537
0 0.524867 0.695182 0.0152607 0.038344 0.0115026
0 0.24396 0.67527 0.0325995 0.0967365 0.0110345
56 0.0354672 0.715925 0.0435503 0.0700363 0.0101247
0 0.88771 0.702829 0.0298062 0.0393011 0.01008
0 0.583421 0.608503 0.102411 0.125041 0.00931984
56 0.0353356 0.733698 0.0435797 0.0343542 0.00902978
56 0.0323298 0.724782 0.0380226 0.0537823 0.00896958
13 0.822423 0.716033 0.0769645 0.0122911 0.00866663
2 0.303523 0.693123 0.0334272 0.0291086 0.008448
56 0.0386157 0.728275 0.0515412 0.0461616 0.00685072
0 0.588368 0.588614 0.0911975 0.139536 0.00583595
0 0.246633 0.6571 0.0255799 0.059575 0.00544098
0 0.609865 0.597792 0.0877153 0.122339 0.00534636
13 0.821366 0.711039 0.0773197 0.0220225 0.00531983
0 0.979552 0.695992 0.0249064 0.0399029 0.0051035
0 0.877931 0.704167 0.0384611 0.0373885 0.00485197
2 0.0307272 0.701712 0.0306189 0.0491501 0.00476301
0 0.237543 0.664317 0.0435228 0.078133 0.00439981
26 0.38369 0.604554 0.0860545 0.0378725 0.0036819
56 0.0432809 0.72182 0.0617463 0.061483 0.00346747
0 0.580443 0.62342 0.0965436 0.0853984 0.00317976
0 0.930174 0.697774 0.0291668 0.0532192 0.00317273
56 0.302943 0.693655 0.0354395 0.0302741 0.00296175
0 0.736285 0.689013 0.0224847 0.0582267 0.00283131
32 0.745376 0.664949 0.0168102 0.0161199 0.00282854
56 0.0308819 0.703262 0.0300855 0.0473979 0.00280523
56 0.127293 0.673568 0.0533005 0.0556922 0.00273719
2 0.0252122 0.696966 0.0415244 0.0590012 0.00254908
0 0.823798 0.697482 0.0414965 0.03965 0.00254053
17 0.466719 0.7007 0.0551855 0.0587172 0.00253874
25 0.303523 0.693123 0.0334272 0.0291086 0.00242916
0 0.24807 0.680812 0.0260054 0.106994 0.00236553
0 0.0252122 0.696966 0.0415244 0.0590012 0.00235617
17 0.163894 0.67177 0.126226 0.0614106 0.00229302
0 0.312346 0.706208 0.0488284 0.0597088 0.00227502
0 0.606741 0.559762 0.0414792 0.0707554 0.00222346
13 0.821734 0.701951 0.0829799 0.0394911 0.00220308
0 0.230446 0.624701 0.0367394 0.0734604 0.00214234
13 0.302943 0.693655 0.0354395 0.0302741 0.00214231
0 0.423957 0.568119 0.0716733 0.0919244 0.00213546
0 0.243954 0.674642 0.0476649 0.0970535 0.00213438
0 0.232826 0.649628 0.0432628 0.0474758 0.00205201
0 0.492469 0.696549 0.0205246 0.0379702 0.00202879
17 0.540974 0.554947 0.147859 0.203553 0.00196233
0 0.458881 0.702734 0.0384526 0.049884 0.00191626
2 0.14565 0.646502 0.0441277 0.011385 0.00184301
0 0.460736 0.727583 0.069822 0.115267 0.00181407
2 0.138887 0.649783 0.0582922 0.0174951 0.00180161
0 0.238534 0.645974 0.0347821 0.0414334 0.0017705
0 0.747659 0.66437 0.0230193 0.018322 0.00164345
0 0.230161 0.644683 0.0377996 0.0368921 0.00163913
0 0.252954 0.668481 0.0439915 0.0854499 0.00162765
56 0.0517979 0.727737 0.0553782 0.0491794 0.00161698
0 0.217141 0.647654 0.029563 0.0298605 0.00157121
0 0.652983 0.572897 0.10007 0.0764671 0.00156125
0 0.370602 0.710871 0.0412553 0.0497271 0.00153252
0 0.808363 0.695454 0.0327784 0.0389305 0.00153208
0 0.302978 0.685652 0.051434 0.0423809 0.00152704
2 0.0259932 0.682214 0.0392695 0.0353121 0.00152642
18 0.127155 0.673129 0.0527528 0.0549326 0.00151944
0 0.954671 0.678747 0.0202414 0.0227457 0.0014976
26 0.386005 0.581403 0.130135 0.0896614 0.00147632
0 0.435884 0.687545 0.11999 0.0953512 0.00139773
0 0.23567 0.625258 0.0494976 0.0781706 0.00136784
0 0.415371 0.697405 0.154037 0.139031 0.00136399
1 0.350746 0.645865 0.279338 0.319409 0.00132418
0 0.355671 0.707259 0.0639854 0.0546325 0.00126296
0 0.381704 0.594588 0.126653 0.106579 0.00124183
0 0.0374311 0.715041 0.0470995 0.0721602 0.00120056
0 0.8259 0.697993 0.0632824 0.0424613 0.00119954
0 0.344639 0.610323 0.0510247 0.054681 0.00119469
0 0.59867 0.637484 0.335835 0.370131 0.00118989
2 0.821366 0.711039 0.0773197 0.0220225 0.0011844
0 0.22972 0.61781 0.0286502 0.0617582 0.001178
2 0.296255 0.693655 0.0483169 0.0314447 0.00117084
0 0.362281 0.707496 0.0273417 0.0462122 0.00114757
0 0.485536 0.700331 0.0200747 0.0494737 0.00113529
0 0.935068 0.677909 0.0215358 0.0204287 0.00112081
2 0.823288 0.715047 0.0775356 0.0144251 0.00111327
0 0.564684 0.626627 0.0659477 0.0752599 0.00108317
0 0.803714 0.697473 0.0436638 0.0454592 0.00108197
0 0.213985 0.651992 0.0311561 0.0307949 0.00106066
0 0.256384 0.686038 0.0462869 0.121383 0.00102738
56 0.821366 0.711039 0.0773197 0.0220225 0.00100651
0 0.797858 0.695717 0.0343078 0.0445482 0.00100592
