0 0.308996 0.528861 0.2 0.921274 0.916558
0 0.731638 0.518296 0.282786 0.940389 0.900963
0 0.141893 0.544509 0.283035 0.881183 0.874361
40 0.0506242 0.548886 0.100069 0.289319 0.862678
40 0.265963 0.480409 0.077017 0.231384 0.823636
40 0.590072 0.595248 0.0378542 0.144539 0.820394
0 0.576095 0.375534 0.0748213 0.416231 0.717436
0 0.175074 0.395286 0.227453 0.729239 0.654545
0 0.200934 0.282226 0.053946 0.19704 0.638748
40 0.388607 0.420796 0.0395813 0.140311 0.577318
58 0.51719 0.339375 0.0529484 0.0771569 0.454214
25 0.497215 0.22692 0.138186 0.153944 0.382293
0 0.0998753 0.775997 0.199751 0.429943 0.319343
74 0.693128 0.574574 0.0172283 0.0280114 0.318579
40 0.388526 0.396609 0.0386681 0.0938774 0.240719
0 0.0326126 0.618711 0.0650562 0.120894 0.227835
0 0.0993771 0.843486 0.198153 0.29902 0.208507
25 0.499342 0.178357 0.134632 0.0580505 0.2006
58 0.409142 0.345648 0.0497358 0.081217 0.176803
0 0.159379 0.303513 0.190579 0.539514 0.153732
0 0.201807 0.237588 0.0511355 0.108386 0.145917
58 0.41587 0.347496 0.0379981 0.0768421 0.106974
0 0.045694 0.618101 0.0905442 0.124891 0.0928712
27 0.752179 0.334674 0.0403133 0.104493 0.0611008
60 0.532573 0.696688 0.415615 0.271814 0.0458963
40 0.600841 0.491861 0.0586805 0.210453 0.0432012
40 0.537108 0.54329 0.0302273 0.153864 0.0350259
40 0.261591 0.432182 0.0661798 0.134725 0.0327899
27 0.74392 0.330572 0.0266655 0.0987301 0.0318114
40 0.534643 0.527172 0.0389067 0.184702 0.0306796
0 0.168861 0.352598 0.132713 0.445531 0.0246599
0 0.204898 0.346877 0.0620545 0.32553 0.0242453
40 0.624853 0.4905 0.113264 0.211619 0.0233591
60 0.590672 0.418006 0.0572442 0.0551433 0.021307
40 0.537171 0.518542 0.0296435 0.10218 0.0197302
56 0.459739 0.365085 0.0440838 0.0341091 0.0195913
56 0.537364 0.472918 0.0352647 0.20297 0.019364
40 0.599738 0.462067 0.0472443 0.141206 0.0186158
56 0.856408 0.891308 0.0385923 0.176951 0.0173073
27 0.742055 0.321433 0.0234422 0.0782094 0.0172394
56 0.875357 0.730024 0.085874 0.501319 0.0156524
40 0.603844 0.481418 0.0467578 0.0989593 0.0140716
0 0.122119 0.816989 0.162101 0.34265 0.013555
27 0.758866 0.318031 0.04794 0.135028 0.0126477
40 0.596719 0.485797 0.0328737 0.0835742 0.0122317
40 0.536741 0.496966 0.0305746 0.139301 0.0118779
40 0.602524 0.543469 0.0437884 0.107345 0.0112862
27 0.740189 0.332856 0.0259975 0.0903456 0.0110072
41 0.163867 0.683145 0.0404291 0.0714472 0.0109289
26 0.392117 0.601626 0.0291956 0.0577709 0.00986698
0 0.140227 0.730338 0.280455 0.481818 0.00931367
0 0.564123 0.270618 0.0433643 0.205842 0.00900874
40 0.635117 0.457982 0.0972135 0.158062 0.00865555
40 0.415452 0.349905 0.0374266 0.0754814 0.00838655
0 0.680178 0.39125 0.144946 0.227855 0.00834411
39 0.734633 0.403033 0.0586605 0.225343 0.00831285
60 0.607717 0.723885 0.558024 0.349445 0.00824949
58 0.397467 0.325582 0.0284769 0.0565482 0.00783557
40 0.394266 0.392105 0.0289595 0.0808512 0.00777018
40 0.642142 0.459677 0.0691935 0.144954 0.0076074
39 0.250318 0.6609 0.0684723 0.113337 0.00730163
40 0.627747 0.456004 0.0399044 0.140467 0.0071944
56 0.521739 0.4929 0.065814 0.239333 0.00695169
26 0.590209 0.418541 0.0553977 0.05632 0.00680616
0 0.410873 0.344163 0.0458729 0.0857109 0.00674036
0 0.0396886 0.768661 0.0787659 0.43007 0.00667688
56 0.454192 0.365997 0.0317084 0.0321549 0.0066011
40 0.615146 0.460191 0.0448895 0.142976 0.0064722
0 0.158047 0.801727 0.085692 0.312142 0.00647181
0 0.557576 0.292345 0.0337148 0.154513 0.00644153
60 0.533944 0.637443 0.407242 0.520977 0.00639951
40 0.522573 0.520251 0.0625774 0.183058 0.00628445
56 0.590907 0.421312 0.0571553 0.0574372 0.00624326
56 0.861926 0.892887 0.026247 0.171513 0.0061186
56 0.627372 0.48841 0.122936 0.212913 0.00609064
26 0.12227 0.766475 0.243873 0.443484 0.00601673
56 0.855337 0.85986 0.0429649 0.237408 0.00585043
40 0.590694 0.512741 0.0308252 0.141152 0.00579211
60 0.533739 0.754002 0.408937 0.430284 0.00572088
74 0.696799 0.572744 0.0246507 0.0410406 0.00570196
40 0.613946 0.464495 0.0722372 0.153809 0.00556237
74 0.329326 0.464971 0.015719 0.038984 0.00555483
40 0.654738 0.463937 0.0384002 0.131467 0.00547504
58 0.39235 0.340446 0.0173401 0.0408176 0.00540659
0 0.136259 0.787056 0.135001 0.279089 0.00535265
27 0.74369 0.385875 0.0608477 0.227636 0.00518814
58 0.406646 0.319602 0.0588367 0.139215 0.00515789
8 0.37984 0.169942 0.0236399 0.0129009 0.00505641
41 0.250244 0.643483 0.0684432 0.145449 0.00504935
40 0.163867 0.683145 0.0404291 0.0714472 0.00498366
40 0.63964 0.453226 0.0510235 0.137494 0.00493872
0 0.230345 0.401607 0.114792 0.429195 0.00493047
40 0.602412 0.586995 0.0576039 0.176896 0.00486436
60 0.622487 0.417263 0.123627 0.0721866 0.0047476
40 0.539371 0.557204 0.0506689 0.124132 0.00474587
39 0.233858 0.687851 0.035152 0.0611274 0.004639
56 0.536706 0.481048 0.0302509 0.162204 0.0046083
39 0.731755 0.449412 0.0558231 0.137998 0.00458723
39 0.681031 0.528468 0.0155098 0.067065 0.0045096
40 0.22949 0.521619 0.11625 0.398834 0.00441208
26 0.876085 0.609241 0.0847452 0.401957 0.0044075
0 0.432377 0.536084 0.638887 0.916876 0.00427002
60 0.59151 0.482027 0.0584855 0.201681 0.00425524
40 0.539547 0.498041 0.0586504 0.244258 0.00421101
41 0.388978 0.391588 0.0387184 0.0817281 0.00420946
40 0.245261 0.532382 0.0845627 0.380658 0.00416189
60 0.609955 0.707966 0.5616 0.560912 0.00416136
60 0.534561 0.577554 0.404046 0.806904 0.00411192
58 0.46809 0.302167 0.0681684 0.157738 0.00408196
0 0.52711 0.528968 0.442209 0.932775 0.00404572
40 0.533599 0.643538 0.40618 0.645322 0.00400394
40 0.168076 0.70809 0.0512758 0.121967 0.00384161
74 0.69035 0.57387 0.0230952 0.0323393 0.0037173
40 0.24998 0.660588 0.0691791 0.110898 0.00363284
58 0.389616 0.313089 0.0303412 0.0982919 0.00359046
40 0.602367 0.511965 0.0421432 0.0412881 0.00345764
8 0.39632 0.168887 0.0108452 0.014947 0.00342953
40 0.615147 0.422897 0.0172516 0.0590282 0.00331104
26 0.848081 0.489318 0.0498308 0.185779 0.00328231
65 0.164022 0.68369 0.0404653 0.0726844 0.00328183
40 0.0353407 0.624548 0.0694849 0.131605 0.00327018
40 0.610321 0.54621 0.0336249 0.103352 0.00324899
39 0.133002 0.788779 0.137473 0.284113 0.00321615
40 0.590644 0.534314 0.0403861 0.107091 0.00307205
26 0.133002 0.788779 0.137473 0.284113 0.00298387
39 0.163867 0.683145 0.0404291 0.0714472 0.00296426
40 0.59153 0.427741 0.0589636 0.0719839 0.00295445
41 0.680881 0.527793 0.0159461 0.066887 0.00293118
0 0.0504019 0.543508 0.10015 0.281024 0.0029102
26 0.158047 0.801727 0.085692 0.312142 0.00284564
56 0.59151 0.482027 0.0584855 0.201681 0.00276878
40 0.732571 0.450711 0.0570511 0.134328 0.00269631
67 0.233998 0.68856 0.0349873 0.0582838 0.00267094
58 0.401316 0.304101 0.0602859 0.140301 0.00265977
40 0.0391894 0.490673 0.0759799 0.160257 0.00259078
56 0.623735 0.421996 0.121212 0.0671366 0.00254828
27 0.731351 0.396177 0.075547 0.240254 0.00254196
67 0.635485 0.655415 0.0194899 0.034739 0.00249279
42 0.635485 0.655415 0.0194899 0.034739 0.00247946
40 0.249653 0.593492 0.0684667 0.246176 0.00245023
56 0.417727 0.349904 0.0349668 0.0733944 0.00244653
0 0.139949 0.145905 0.152714 0.224307 0.00243917
56 0.79093 0.731914 0.213304 0.497212 0.00242797
67 0.163867 0.683145 0.0404291 0.0714472 0.00242719
40 0.615303 0.551974 0.0213142 0.0982882 0.0024133
58 0.389802 0.327399 0.0269154 0.0648338 0.00233924
41 0.233998 0.68856 0.0349873 0.0582838 0.00230473
0 0.214599 0.375007 0.0754249 0.371863 0.00228751
58 0.386891 0.304973 0.0358469 0.140346 0.00225863
74 0.164109 0.68297 0.0400974 0.0714329 0.00222942
41 0.639661 0.463201 0.078846 0.155347 0.00220546
56 0.85722 0.81421 0.0426167 0.272971 0.00217101
8 0.41016 0.168126 0.0172441 0.0152513 0.00215185
39 0.651704 0.452462 0.0372705 0.152709 0.00215086
43 0.638824 0.655865 0.0257584 0.0347992 0.0021252
0 0.564723 0.241817 0.0389278 0.139049 0.00211474
27 0.737981 0.341454 0.0370491 0.110683 0.00211415
26 0.67006 0.645151 0.084724 0.0678913 0.00208947
40 0.59151 0.482027 0.0584855 0.201681 0.00208724
56 0.637805 0.430684 0.0912966 0.101367 0.00206783
0 0.397613 0.166776 0.0136997 0.0185302 0.00205383
56 0.465864 0.301557 0.0669445 0.163983 0.00205237
56 0.761281 0.708051 0.301269 0.54083 0.00205213
56 0.533506 0.485238 0.0451785 0.222849 0.00204787
40 0.628705 0.419141 0.109445 0.0775904 0.00204226
0 0.415452 0.349905 0.0374266 0.0754814 0.00203592
56 0.855199 0.793746 0.0407547 0.370541 0.00202432
39 0.630613 0.525763 0.0186501 0.0679804 0.00201482
45 0.590856 0.418875 0.0581198 0.0536372 0.0020099
39 0.249606 0.625526 0.0678258 0.182585 0.00200558
56 0.589097 0.415862 0.0544203 0.0424462 0.00194195
74 0.340254 0.463937 0.0389478 0.0498381 0.00186461
40 0.588124 0.484353 0.0297392 0.0868175 0.001807
56 0.392117 0.601626 0.0291956 0.0577709 0.00180212
44 0.635485 0.655415 0.0194899 0.034739 0.00179884
40 0.595426 0.512173 0.0276893 0.0300648 0.00179729
74 0.704784 0.572809 0.0406116 0.124844 0.00179589
27 0.768784 0.310097 0.0726046 0.168017 0.00176558
37 0.527999 0.70849 0.398274 0.250656 0.00173378
74 0.670622 0.611008 0.0838799 0.125354 0.00171101
0 0.567932 0.376716 0.0569974 0.317574 0.00170156
26 0.840542 0.500499 0.0452671 0.163951 0.00169569
40 0.543784 0.523216 0.427154 0.923666 0.00169152
39 0.631155 0.537623 0.0164251 0.0421893 0.00167435
41 0.733219 0.449567 0.057119 0.133733 0.00167412
40 0.363541 0.446065 0.0887445 0.198165 0.0016098
41 0.249653 0.593492 0.0684667 0.246176 0.00160733
27 0.158047 0.801727 0.085692 0.312142 0.00160685
39 0.158047 0.801727 0.085692 0.312142 0.00160533
0 0.552139 0.372398 0.0273857 0.280935 0.00154972
40 0.589396 0.562271 0.0337722 0.0783492 0.00154248
45 0.459513 0.365492 0.0437107 0.0331845 0.00152668
39 0.63964 0.453226 0.0510235 0.137494 0.00152427
74 0.351963 0.462908 0.0884611 0.0615365 0.0015192
40 0.533086 0.657052 0.405371 0.339293 0.00150183
58 0.403466 0.285508 0.0692623 0.152631 0.00149256
42 0.506222 0.574202 0.035297 0.0501493 0.00149155
8 0.459816 0.365141 0.0440788 0.0337807 0.00147188
56 0.865237 0.886078 0.0206327 0.158271 0.00146908
42 0.638212 0.654595 0.0244826 0.0386651 0.00141126
0 0.371641 0.701845 0.0741477 0.50443 0.00140947
39 0.605763 0.542245 0.0453425 0.107825 0.00140586
74 0.706792 0.558282 0.0471289 0.170586 0.00138086
0 0.13806 0.627509 0.273988 0.403763 0.00137728
39 0.410873 0.344163 0.0458729 0.0857109 0.00136647
27 0.133002 0.788779 0.137473 0.284113 0.00136164
40 0.604452 0.552203 0.0326363 0.0953146 0.00135678
75 0.415405 0.347945 0.039397 0.0754731 0.00130072
41 0.168076 0.70809 0.0512758 0.121967 0.00129417
27 0.726396 0.35446 0.0523644 0.152132 0.00129017
26 0.134101 0.677769 0.26735 0.375233 0.00128898
56 0.856009 0.747676 0.0566303 0.467528 0.00128767
26 0.51683 0.339384 0.0524104 0.0769735 0.00128642
41 0.605763 0.542245 0.0453425 0.107825 0.00125891
40 0.0673526 0.628307 0.0675404 0.129605 0.00125358
0 0.382537 0.877765 0.0314722 0.137434 0.00124598
39 0.62275 0.465458 0.0710863 0.15926 0.00124171
27 0.752816 0.339746 0.0479741 0.178716 0.00122508
56 0.849658 0.891564 0.0369862 0.173275 0.00122207
39 0.602069 0.507661 0.0500597 0.176012 0.00121576
39 0.599738 0.462067 0.0472443 0.141206 0.00121349
27 0.1532 0.258842 0.0137664 0.0409656 0.00119439
0 0.627372 0.48841 0.122936 0.212913 0.00119206
40 0.39235 0.340446 0.0173401 0.0408176 0.00119075
39 0.415452 0.349905 0.0374266 0.0754814 0.00112751
26 0.379538 0.503227 0.0544068 0.180862 0.00111639
8 0.375088 0.170229 0.0202879 0.0138385 0.00111529
74 0.677547 0.595128 0.0655201 0.0815291 0.00110239
41 0.627747 0.456004 0.0399044 0.140467 0.00107512
44 0.506222 0.574202 0.035297 0.0501493 0.00107375
40 0.376236 0.41928 0.0674048 0.142209 0.00106001
39 0.638824 0.655865 0.0257584 0.0347992 0.00105369
40 0.158047 0.801727 0.085692 0.312142 0.00104743
56 0.459407 0.359524 0.0461084 0.0469483 0.00103781
67 0.66841 0.654134 0.0850521 0.0455047 0.00103775
26 0.782879 0.526168 0.178794 0.573238 0.00103664
0 0.0237509 0.62414 0.0471232 0.138193 0.00102428
74 0.332616 0.466846 0.122562 0.0712942 0.00102231
40 0.602036 0.58612 0.0327643 0.150419 0.0010092
26 0.854341 0.558849 0.0746141 0.498921 0.00100747
26 0.156523 0.74564 0.229643 0.468453 0.00100115
