25 0.473152 0.419462 0.935107 0.667779 0.974157
0 0.677113 0.621383 0.628112 0.748804 0.93648
8 0.171688 0.954622 0.0224128 0.0129261 0.0981342
8 0.082605 0.958774 0.0161538 0.0132393 0.0505924
0 0.082026 0.958536 0.0157914 0.0147396 0.0167527
26 0.887991 0.865219 0.222454 0.25887 0.0148143
67 0.468341 0.570207 0.0230269 0.028834 0.0122501
8 0.0849423 0.958142 0.0230626 0.0148155 0.011694
26 0.94712 0.902084 0.104581 0.193233 0.011159
26 0.813487 0.741294 0.237118 0.510602 0.0102855
26 0.884361 0.791029 0.228082 0.414146 0.00703317
67 0.467063 0.578133 0.026605 0.0453633 0.00423577
14 0.082026 0.958536 0.0157914 0.0147396 0.00417861
26 0.909928 0.899149 0.17902 0.196464 0.00296795
0 0.171541 0.95371 0.0217305 0.012109 0.0025115
26 0.857432 0.748573 0.28396 0.490864 0.00247037
14 0.171688 0.954622 0.0224128 0.0129261 0.00223768
0 0.0849423 0.958142 0.0230626 0.0148155 0.00213429
8 0.170258 0.949469 0.0278186 0.0244385 0.00191894
67 0.468222 0.684842 0.0265696 0.0836176 0.00181755
67 0.467252 0.610121 0.0352146 0.111508 0.00155798
39 0.466505 0.653393 0.0334633 0.146432 0.00144723
25 0.171541 0.95371 0.0217305 0.012109 0.00137922
0 0.544384 0.955969 0.00941908 0.0150536 0.00137809
8 0.081779 0.960601 0.0199141 0.0187737 0.00120461
74 0.468885 0.683666 0.0274337 0.0813866 0.00108215
67 0.592894 0.490327 0.0638076 0.0492857 0.00108027
73 0.947805 0.879853 0.101238 0.147012 0.00106892
33 0.475781 0.417298 0.936189 0.661938 0.0010615
14 0.0849423 0.958142 0.0230626 0.0148155 0.00105724
