0 0.479801 0.757994 0.175305 0.382761 0.914739
0 0.117688 0.799384 0.159604 0.32994 0.912302
0 0.270343 0.832833 0.206128 0.250766 0.89464
35 0.355266 0.801535 0.0377228 0.0741261 0.789383
0 0.0648336 0.624903 0.0661913 0.142739 0.549537
34 0.388858 0.714693 0.0808039 0.0171254 0.501708
0 0.252985 0.506671 0.0534761 0.109069 0.443193
0 0.409774 0.495892 0.0462796 0.113923 0.413643
0 0.327477 0.527342 0.0525332 0.0627433 0.390898
0 0.0268914 0.605165 0.0504884 0.186011 0.23034
32 0.941491 0.695484 0.0201504 0.0179073 0.197333
0 0.0476313 0.505458 0.0396868 0.103245 0.150309
0 0.426434 0.383369 0.0445373 0.0653376 0.141879
0 0.283271 0.532727 0.0375562 0.0562945 0.137678
0 0.892969 0.484704 0.0423157 0.0746008 0.0941553
0 0.94328 0.503116 0.0407782 0.0742521 0.0868293
0 0.72954 0.509622 0.0385758 0.054036 0.0866877
0 0.787462 0.50128 0.0276926 0.0512853 0.0865796
0 0.900246 0.517176 0.0303341 0.0504478 0.0783238
0 0.132875 0.483228 0.0591389 0.0640535 0.0748166
0 0.839243 0.523245 0.0308208 0.0469589 0.0694007
0 0.763492 0.509174 0.0346343 0.0669133 0.0673054
0 0.543374 0.432113 0.0405191 0.0628021 0.0671645
0 0.867941 0.519088 0.0345119 0.0515323 0.0644773
0 0.343529 0.386685 0.0307338 0.0551443 0.0597246
0 0.147415 0.399977 0.0272208 0.0488735 0.0595542
0 0.813459 0.50629 0.0293961 0.0560648 0.0563626
0 0.371478 0.381377 0.0354597 0.0639663 0.0542078
0 0.131433 0.505024 0.0614441 0.108714 0.0525664
0 0.179709 0.394582 0.0383571 0.053333 0.0469643
0 0.315312 0.381969 0.0375812 0.0689114 0.0431924
0 0.617826 0.364798 0.0283869 0.056219 0.0429003
0 0.626409 0.518588 0.0428852 0.0505933 0.0427858
0 0.641117 0.445417 0.0378247 0.0537397 0.0427115
0 0.182452 0.364866 0.0412233 0.0651016 0.0416234
56 0.509924 0.356852 0.0245358 0.0324245 0.0390015
0 0.545044 0.439626 0.045524 0.0810664 0.0382913
0 0.59444 0.365006 0.0284328 0.052414 0.0382296
0 0.0876074 0.401324 0.046801 0.0627192 0.0372119
0 0.490552 0.40284 0.0334567 0.0595746 0.0341621
0 0.798967 0.448685 0.0291906 0.0575969 0.0322253
56 0.130301 0.362115 0.0270205 0.0273009 0.0319543
0 0.236404 0.371368 0.0318754 0.0782369 0.0316675
0 0.845628 0.461847 0.0310385 0.0597653 0.0311652
0 0.0557011 0.505158 0.0566402 0.105429 0.0303343
0 0.524409 0.420476 0.026483 0.0583745 0.0301213
0 0.473257 0.346836 0.0320877 0.0657042 0.0289021
0 0.212678 0.391201 0.0330795 0.055785 0.0267699
0 0.537775 0.327927 0.0313292 0.0646838 0.0265752
0 0.644852 0.347757 0.0282408 0.0598914 0.0261425
0 0.020027 0.389222 0.0387406 0.0769816 0.0252297
0 0.284556 0.392026 0.0326212 0.0490932 0.0252096
0 0.119552 0.398642 0.0371407 0.0527052 0.0246114
0 0.571198 0.436399 0.0267361 0.0712755 0.0241478
0 0.337588 0.291854 0.0324059 0.0620373 0.0241046
0 0.514473 0.396033 0.023803 0.0579849 0.023745
0 0.174987 0.331116 0.0325212 0.0608308 0.0229529
0 0.682979 0.3768 0.0266327 0.0594621 0.0228813
0 0.394485 0.382458 0.0278092 0.0579734 0.0227036
0 0.132031 0.322809 0.0297238 0.0650558 0.0219283
56 0.474595 0.536075 0.0496994 0.0295012 0.0215226
0 0.789695 0.50827 0.032099 0.072844 0.0193769
0 0.837329 0.495437 0.0286133 0.0527201 0.0191113
0 0.0468182 0.402827 0.0400176 0.0557654 0.0190833
0 0.422113 0.224717 0.0228277 0.0504874 0.0189716
0 0.7641 0.425237 0.0314982 0.0515304 0.0189563
0 0.681509 0.488486 0.0371346 0.0534888 0.018704
0 0.661606 0.279276 0.0271766 0.0553063 0.0186474
0 0.772592 0.278157 0.0318467 0.0525094 0.0182351
0 0.800475 0.275677 0.0315891 0.0674012 0.0181752
0 0.315415 0.316685 0.0329542 0.0691264 0.0177661
56 0.129517 0.38716 0.0224834 0.0331594 0.0176432
0 0.813528 0.377289 0.0270897 0.0551246 0.0173898
0 0.838747 0.244353 0.026022 0.0560958 0.0173393
0 0.437472 0.378814 0.0209692 0.0620643 0.0171539
0 0.790123 0.356927 0.033367 0.0570124 0.0170875
0 0.675651 0.332784 0.0320314 0.0503877 0.0170738
0 0.464168 0.404069 0.029558 0.0484047 0.0170141
0 0.912456 0.39101 0.0343094 0.0707805 0.0168624
0 0.640275 0.488708 0.0326555 0.0522765 0.0162987
0 0.659184 0.383036 0.0294701 0.0633992 0.0152972
0 0.751086 0.393712 0.0275729 0.0569405 0.0151782
0 0.708101 0.495793 0.0230253 0.0553951 0.015086
0 0.465347 0.162732 0.0279938 0.0498813 0.0149724
0 0.835506 0.400914 0.0269466 0.0541525 0.0147822
35 0.267987 0.839173 0.0196396 0.0422292 0.0147069
0 0.0661398 0.372252 0.0253401 0.059765 0.0146878
0 0.546732 0.256335 0.0276817 0.0586276 0.0146841
0 0.641246 0.345149 0.0330085 0.0689467 0.014617
0 0.717484 0.305291 0.0280766 0.0569859 0.0143144
0 0.639886 0.231699 0.0256465 0.0563071 0.0142603
0 0.549335 0.375161 0.0297853 0.058912 0.0141174
0 0.563993 0.348492 0.0278597 0.0662436 0.0140753
0 0.856181 0.34978 0.0279015 0.050268 0.0139438
0 0.795411 0.316176 0.023485 0.0491115 0.0138628
56 0.871441 0.251172 0.0202469 0.0241947 0.0138105
0 0.505211 0.312637 0.028842 0.0589158 0.0138079
0 0.153417 0.375184 0.0272137 0.0606613 0.0137666
0 0.786637 0.490262 0.0275076 0.0727978 0.013757
0 0.736447 0.363722 0.0273981 0.0487822 0.0136378
0 0.752728 0.316156 0.0279808 0.0643301 0.013528
0 0.154101 0.316226 0.0286597 0.0693563 0.0135064
0 0.295949 0.273079 0.0242499 0.0617573 0.0134437
0 0.908428 0.251027 0.0308739 0.0585168 0.0134338
0 0.864878 0.402525 0.0286827 0.0573619 0.0129661
0 0.888189 0.41071 0.0253798 0.0497581 0.0129384
0 0.884057 0.31369 0.0275255 0.0601418 0.0127812
0 0.732979 0.274504 0.0232977 0.0661668 0.0126674
0 0.508822 0.23288 0.0238983 0.0496262 0.0125283
0 0.715598 0.439633 0.0321165 0.0632333 0.0120705
0 0.635325 0.518755 0.053249 0.0513823 0.0119094
0 0.184784 0.254379 0.0246085 0.0553808 0.0118897
0 0.449476 0.294772 0.0343754 0.0714978 0.0118462
0 0.703788 0.343867 0.0219076 0.0599863 0.0117794
0 0.276759 0.293741 0.0267147 0.0625067 0.0114786
0 0.403826 0.278038 0.0342474 0.0743681 0.0114724
0 0.840653 0.491139 0.0288002 0.0491188 0.0114481
0 0.605556 0.420056 0.0380038 0.053827 0.0114006
0 0.364806 0.287259 0.0346023 0.0663041 0.0113619
0 0.657242 0.479798 0.0229206 0.0476622 0.0112855
0 0.203931 0.357361 0.0236747 0.0465622 0.011162
0 0.884543 0.363379 0.036091 0.0653283 0.0111101
0 0.427346 0.272862 0.0248954 0.0527297 0.0110987
0 0.103955 0.365993 0.034431 0.0677788 0.010986
0 0.741749 0.477214 0.0254667 0.0527389 0.0108398
0 0.159073 0.224265 0.0253346 0.0623634 0.0108158
0 0.789159 0.462387 0.0329186 0.048118 0.0108114
0 0.763169 0.455983 0.0276882 0.0430386 0.0106066
0 0.597186 0.455708 0.0381833 0.0593658 0.0105508
0 0.179493 0.355634 0.0369814 0.050896 0.010538
0 0.612259 0.280507 0.0288393 0.0497864 0.0104244
0 0.919937 0.295638 0.0282715 0.050019 0.0103972
0 0.565245 0.435452 0.0402838 0.0697763 0.0103876
0 0.508461 0.331304 0.0323576 0.0852743 0.010298
0 0.595347 0.339671 0.0281105 0.055026 0.0102848
0 0.642745 0.49801 0.0359444 0.0714736 0.0102501
0 0.448135 0.353271 0.0254752 0.0602396 0.0102265
0 0.3146 0.209172 0.0263356 0.069868 0.00999811
0 0.583778 0.298175 0.0282949 0.0496457 0.00995234
0 0.480988 0.307295 0.0314498 0.0616635 0.0097883
0 0.983178 0.490226 0.0274303 0.0619467 0.00977269
34 0.678397 0.510605 0.0486456 0.0546476 0.00975597
0 0.973712 0.422787 0.0259052 0.0591201 0.00972992
0 0.511054 0.345839 0.0275282 0.0550684 0.00960973
0 0.318815 0.364422 0.0299252 0.057114 0.00951636
56 0.782795 0.207115 0.0267937 0.0198347 0.00945702
0 0.81527 0.410569 0.0216177 0.0432662 0.00944275
56 0.818125 0.217486 0.0249241 0.0319322 0.00939199
0 0.884039 0.263531 0.0303112 0.0453697 0.00924149
0 0.948422 0.452656 0.0251308 0.0549599 0.00918841
0 0.900911 0.344703 0.0221292 0.0478603 0.00912666
56 0.815852 0.195587 0.0354506 0.0338196 0.00912654
0 0.442913 0.360348 0.0289664 0.0518609 0.00911686
0 0.265856 0.269688 0.0245424 0.0660043 0.00907147
0 0.826214 0.443413 0.0231133 0.0574471 0.0090104
0 0.503379 0.428309 0.021421 0.0332943 0.00897369
0 0.256444 0.398621 0.0332892 0.0386491 0.0089438
0 0.789957 0.402867 0.0236591 0.0437017 0.00893697
0 0.949084 0.414721 0.0305256 0.05706 0.00891215
0 0.131835 0.217996 0.0297849 0.0541945 0.00889835
0 0.732173 0.351201 0.0349813 0.0706458 0.00878263
0 0.311299 0.32712 0.0389398 0.0871573 0.00873971
34 0.390631 0.709909 0.0843793 0.0285602 0.00860679
0 0.854615 0.433504 0.0296877 0.0497831 0.00859368
0 0.825733 0.307613 0.0300461 0.0616668 0.0085234
0 0.150052 0.379639 0.0286981 0.0685907 0.00849515
0 0.20314 0.320689 0.0286029 0.0547773 0.00841811
0 0.920223 0.454763 0.02904 0.0588135 0.00837284
0 0.686728 0.1448 0.0335348 0.0580614 0.00825503
34 0.682896 0.520707 0.0434694 0.0352018 0.00824815
0 0.850888 0.290591 0.0328743 0.0535005 0.00821829
0 0.721543 0.40078 0.0267334 0.0421716 0.00821164
0 0.812007 0.385062 0.0273117 0.0641405 0.00817892
0 0.563048 0.450056 0.0810955 0.100636 0.00800911
0 0.65908 0.309982 0.0211408 0.0459966 0.00797412
56 0.978456 0.527671 0.0254677 0.0174864 0.00782204
0 0.925568 0.490377 0.0254927 0.0591944 0.00777209
0 0.209374 0.271103 0.029114 0.0534479 0.00774005
0 0.112584 0.274168 0.0285436 0.0741557 0.00773537
0 0.633122 0.335845 0.0174818 0.0603608 0.00756758
0 0.584592 0.338736 0.0280212 0.0551074 0.00756431
0 0.757728 0.32419 0.025465 0.0577904 0.00755212
0 0.247167 0.305769 0.0289864 0.0685849 0.00751328
0 0.526792 0.271469 0.0260622 0.0542756 0.00743699
0 0.736646 0.485446 0.0326698 0.0627739 0.00741184
0 0.38447 0.340649 0.0268919 0.055385 0.00735378
0 0.672118 0.429084 0.0341644 0.070735 0.00734153
0 0.433399 0.321887 0.0208968 0.0488184 0.00732729
0 0.683293 0.228835 0.0234213 0.0404353 0.00728104
0 0.8451 0.378478 0.028532 0.0453611 0.00723645
0 0.933906 0.402824 0.0288189 0.0747303 0.00718638
0 0.609356 0.425418 0.0325862 0.047447 0.00705737
0 0.23162 0.188121 0.0329979 0.0625567 0.00696781
0 0.239804 0.258919 0.0266693 0.0417547 0.0069207
0 0.686525 0.313768 0.0233452 0.0486556 0.00691703
56 0.855258 0.234762 0.0203707 0.0256406 0.00690901
0 0.885912 0.219472 0.0314342 0.0464175 0.00689438
0 0.0818418 0.350024 0.0223917 0.0430178 0.00688982
0 0.736132 0.454508 0.0286612 0.0563707 0.0068343
0 0.498031 0.16504 0.0272928 0.0558449 0.00677556
0 0.409385 0.324144 0.0261705 0.0433911 0.00674948
0 0.949693 0.243101 0.0276566 0.0662662 0.00674483
0 0.848541 0.368996 0.0244961 0.0439205 0.00670496
0 0.739497 0.430898 0.02897 0.060277 0.0066981
0 0.724463 0.347087 0.0254396 0.0578508 0.0066492
0 0.811554 0.247392 0.0256584 0.0449241 0.00662574
0 0.529929 0.2185 0.0260168 0.0556425 0.00659296
0 0.6121 0.365523 0.0398683 0.0582491 0.00658053
0 0.0853467 0.175531 0.0361495 0.0829257 0.00656027
0 0.412692 0.328508 0.0245412 0.0447654 0.00655824
0 0.583471 0.228477 0.0223816 0.0715108 0.00649059
0 0.501907 0.275408 0.0275869 0.0556636 0.0064666
0 0.691205 0.191865 0.0275871 0.0506206 0.00645259
0 0.774105 0.323812 0.0227588 0.0605016 0.00642043
35 0.187905 0.794499 0.0241061 0.0202923 0.00641325
0 0.174821 0.289613 0.0318955 0.05686 0.00632617
0 0.616876 0.324055 0.0277813 0.0533864 0.00622416
0 0.765429 0.356657 0.0249962 0.0536888 0.00617725
0 0.821023 0.452352 0.025634 0.0593806 0.00608054
0 0.629117 0.412487 0.0265247 0.0466227 0.0060403
0 0.00756262 0.646764 0.0139991 0.100739 0.00603318
0 0.735397 0.436101 0.025432 0.0604095 0.00601181
0 0.275684 0.354298 0.0376648 0.0591518 0.00600699
0 0.603879 0.435557 0.0432194 0.0648261 0.00598881
0 0.644496 0.29465 0.026112 0.0509308 0.00591075
0 0.33191 0.243452 0.0301933 0.0562627 0.00586417
0 0.65049 0.352351 0.0308224 0.0563839 0.00585917
0 0.964354 0.499242 0.0200127 0.0523133 0.00580421
0 0.314896 0.369692 0.0376347 0.0675474 0.00577378
0 0.854406 0.207025 0.0281399 0.0397605 0.0057689
0 0.50343 0.287684 0.029114 0.0525681 0.00576165
35 0.190239 0.795535 0.0197723 0.017612 0.00575742
0 0.443687 0.177523 0.0297844 0.0457731 0.00573257
0 0.52977 0.284346 0.0263502 0.0663912 0.00570482
0 0.131301 0.261585 0.0237878 0.059599 0.00570437
0 0.717987 0.427696 0.0297763 0.0590513 0.00568339
0 0.761618 0.462398 0.0290934 0.0524973 0.00568047
0 0.905744 0.170302 0.0452442 0.0630921 0.00562757
0 0.35934 0.234439 0.030569 0.0646286 0.00559011
34 0.656668 0.500361 0.0456153 0.0661192 0.00556773
0 0.379654 0.220611 0.0332839 0.0727598 0.00556004
0 0.687251 0.23064 0.0176122 0.0386219 0.00554219
0 0.916614 0.332116 0.0266493 0.0550188 0.0055331
0 0.490301 0.248373 0.0198897 0.048803 0.00548032
0 0.594081 0.235729 0.0300109 0.0713247 0.00545889
0 0.714457 0.380345 0.0236874 0.0409712 0.00540081
0 0.649898 0.381598 0.0348135 0.0590772 0.00539929
0 0.587921 0.234562 0.0324562 0.0744432 0.00536254
0 0.919252 0.340657 0.0253941 0.0549109 0.0053443
0 0.739964 0.45936 0.0294482 0.0540866 0.00534284
0 0.829106 0.365106 0.0212563 0.0555801 0.00532588
0 0.820639 0.319144 0.0244904 0.0474443 0.00532171
0 0.853881 0.338705 0.0340313 0.0570329 0.00530839
0 0.924397 0.466664 0.0274151 0.0806639 0.00530401
0 0.761808 0.364828 0.0266766 0.0580725 0.00529867
0 0.654033 0.123974 0.0278293 0.0530367 0.00529227
0 0.469878 0.270917 0.0235701 0.0505182 0.00527689
0 0.965972 0.453846 0.02117 0.0455364 0.00522801
0 0.620364 0.2428 0.0308214 0.0799517 0.00522697
0 0.625709 0.417598 0.025605 0.0492175 0.00516671
0 0.796365 0.298134 0.0237709 0.0392036 0.00516418
0 0.507832 0.19037 0.0208225 0.0387819 0.00511748
0 0.41148 0.339373 0.027614 0.0674113 0.00511029
0 0.862858 0.184036 0.0303242 0.0543742 0.00508201
0 0.271921 0.321694 0.0202581 0.0303632 0.00497839
0 0.0275772 0.569071 0.047616 0.110923 0.00496638
0 0.664339 0.386652 0.0294203 0.0617253 0.00495511
0 0.592555 0.418616 0.0330494 0.0616459 0.00488418
0 0.651093 0.205361 0.021422 0.0538659 0.00487283
0 0.944717 0.339248 0.0329939 0.0544011 0.00486651
56 0.569224 0.0998416 0.0225813 0.0209658 0.00486037
0 0.700633 0.234233 0.0226984 0.050745 0.00480503
56 0.788834 0.213309 0.0245853 0.0299275 0.00476688
0 0.946145 0.299432 0.0274231 0.0534517 0.00473425
0 0.0406045 0.270325 0.0291926 0.0493175 0.0047076
0 0.56512 0.308228 0.024685 0.0439921 0.00469503
56 0.814942 0.205453 0.0327278 0.0545592 0.00469136
0 0.101289 0.322416 0.0291525 0.0432214 0.00467965
0 0.26696 0.353904 0.0242911 0.0532352 0.00467354
0 0.281861 0.36218 0.0260586 0.0521253 0.00467011
0 0.0828014 0.274794 0.0338163 0.0553054 0.00466353
0 0.7637 0.406729 0.0302351 0.0594828 0.00462991
0 0.89808 0.439939 0.0198174 0.0420448 0.00458178
0 0.510126 0.403217 0.0270668 0.0661597 0.00452438
0 0.448127 0.284306 0.0386305 0.0668033 0.00449702
0 0.584502 0.405294 0.0192603 0.0485848 0.00446862
0 0.545572 0.370348 0.0280498 0.0478903 0.00444293
0 0.0373241 0.352559 0.0329186 0.0680758 0.00443453
0 0.294233 0.324166 0.0223584 0.0543759 0.00443447
0 0.458759 0.2269 0.0220564 0.0508369 0.0044153
0 0.677278 0.270457 0.020718 0.0512776 0.00439066
0 0.596322 0.184632 0.0232008 0.0537254 0.00437734
56 0.418536 0.0434326 0.0236877 0.0285047 0.00437152
0 0.205895 0.228916 0.0261709 0.0571859 0.00436026
0 0.643318 0.405081 0.0226044 0.0392599 0.00431174
0 0.688271 0.459442 0.0223051 0.0443807 0.00429407
0 0.97409 0.413938 0.0243092 0.0431935 0.0042811
0 0.255629 0.492182 0.045112 0.0808328 0.00427583
0 0.74322 0.419662 0.0249805 0.0383812 0.00426507
0 0.733629 0.232325 0.020727 0.0418528 0.00426111
