0 0.814663 0.73784 0.20722 0.511982 0.927768
0 0.23122 0.427087 0.0666856 0.316818 0.854856
38 0.349069 0.248961 0.104066 0.105945 0.582124
38 0.248526 0.271318 0.0650187 0.0453242 0.333642
38 0.243351 0.277731 0.0748353 0.0557675 0.0606375
2 0.902407 0.438568 0.0543495 0.0257117 0.0393137
38 0.762313 0.531291 0.0273724 0.0223719 0.0315514
2 0.98517 0.341767 0.0290052 0.0615128 0.029213
2 0.810996 0.366515 0.0821789 0.0859681 0.0215455
38 0.262206 0.26858 0.0847224 0.0390633 0.0176191
38 0.289859 0.270519 0.138518 0.0467356 0.0149657
2 0.962907 0.458639 0.0727989 0.0527889 0.0136395
13 0.542534 0.434674 0.0577915 0.0408235 0.0131399
2 0.933517 0.342066 0.0736431 0.0627213 0.0122263
2 0.709171 0.441523 0.0828916 0.0419379 0.0100981
2 0.947862 0.45541 0.102557 0.0605876 0.00999588
38 0.330987 0.247576 0.0635478 0.10105 0.00848711
2 0.928762 0.44861 0.107882 0.0480913 0.00807557
2 0.542808 0.432657 0.0579596 0.0381373 0.00670061
2 0.689384 0.437472 0.0287243 0.0281303 0.00653329
38 0.236386 0.286239 0.0496875 0.0394713 0.00639626
2 0.905678 0.340642 0.134397 0.0640032 0.00602368
32 0.0186518 0.759009 0.0133745 0.0123985 0.00600383
38 0.467494 0.209561 0.0636919 0.0876991 0.00565875
2 0.984784 0.376853 0.0301764 0.130437 0.00563172
2 0.831455 0.435542 0.0261139 0.0292155 0.00539914
2 0.548598 0.427903 0.0412861 0.0273856 0.00522274
2 0.737384 0.443347 0.0277991 0.0326029 0.00521058
2 0.685232 0.436268 0.038188 0.0308997 0.00516108
38 0.396614 0.182618 0.0551789 0.0430281 0.00510022
38 0.306052 0.24677 0.189914 0.10251 0.00509244
2 0.749402 0.382266 0.214042 0.150167 0.00497791
2 0.817048 0.358663 0.0962244 0.0678523 0.00496542
38 0.762453 0.536782 0.0294977 0.0335709 0.00483304
2 0.712504 0.441049 0.0783876 0.0561696 0.00456619
38 0.266794 0.275771 0.106139 0.0531703 0.00423205
32 0.387021 0.229968 0.026804 0.0649878 0.00410894
2 0.707629 0.449314 0.0882817 0.05893 0.00385001
38 0.258061 0.520541 0.0105054 0.0242582 0.00382507
13 0.689234 0.4372 0.0292386 0.0288726 0.0036144
2 0.918806 0.44167 0.089217 0.0439157 0.00345531
2 0.984926 0.468201 0.0298204 0.0331876 0.00333384
32 0.386567 0.210775 0.0258118 0.0270163 0.00327224
38 0.232083 0.519589 0.0575087 0.10025 0.00324965
13 0.6738 0.439698 0.0618633 0.0511911 0.00320113
13 0.932599 0.454772 0.117388 0.0593177 0.00311509
2 0.736461 0.450579 0.0306634 0.0489741 0.003057
2 0.856143 0.351686 0.0253357 0.0312339 0.00291175
2 0.885717 0.358648 0.090497 0.0402154 0.00289464
38 0.38227 0.24066 0.0366524 0.0862081 0.00285569
13 0.703442 0.446185 0.0927192 0.0487443 0.0028542
38 0.294421 0.25501 0.152276 0.0827259 0.00278968
38 0.305106 0.27253 0.193179 0.0509094 0.00275788
38 0.221691 0.300891 0.0165479 0.0405607 0.0025965
38 0.764349 0.52816 0.0319649 0.0358236 0.0025818
2 0.902442 0.445688 0.0552252 0.0375357 0.00250757
38 0.660762 0.380177 0.033404 0.0957751 0.00247779
38 0.340293 0.275043 0.0321712 0.0498754 0.00247282
38 0.238838 0.287549 0.0477221 0.0657572 0.00244972
7 0.905678 0.340642 0.134397 0.0640032 0.00244877
7 0.74861 0.377903 0.211604 0.140276 0.00239414
32 0.381164 0.242843 0.0390619 0.0909067 0.00232175
2 0.833984 0.350953 0.0697338 0.0497084 0.00231805
38 0.387021 0.229968 0.026804 0.0649878 0.00225008
38 0.367956 0.249389 0.0663487 0.103959 0.00219652
38 0.22716 0.28456 0.0526053 0.0557759 0.00216353
38 0.236415 0.295385 0.0569586 0.0551161 0.0021598
35 0.349419 0.248958 0.103692 0.10581 0.00209761
13 0.711277 0.439352 0.0773195 0.0355643 0.00208437
2 0.858145 0.354563 0.0211815 0.0254283 0.00206825
2 0.831184 0.439415 0.021714 0.0263355 0.00192183
38 0.348422 0.347958 0.103625 0.302873 0.00190181
38 0.256615 0.513104 0.0124015 0.0384586 0.00184351
38 0.240634 0.297335 0.0381935 0.0443022 0.00180399
13 0.548598 0.427903 0.0412861 0.0273856 0.00176251
13 0.689056 0.444667 0.0420252 0.0432288 0.00173983
32 0.339863 0.277327 0.0316897 0.0385402 0.00167209
2 0.750885 0.430304 0.121872 0.0872025 0.00165516
13 0.961841 0.4579 0.0717495 0.0536919 0.00164184
38 0.24664 0.288289 0.0716935 0.0792376 0.001634
38 0.767169 0.520673 0.0385891 0.0478892 0.00155354
2 0.737072 0.441742 0.0286955 0.048557 0.00151145
2 0.862602 0.373213 0.196518 0.128161 0.00150356
2 0.832281 0.363906 0.0746693 0.074154 0.00146276
2 0.544326 0.44062 0.061698 0.0509503 0.00145221
0 0.660929 0.398646 0.0395254 0.133424 0.00143602
38 0.282941 0.30312 0.285937 0.271829 0.0014261
38 0.351469 0.259985 0.0554773 0.0820047 0.00141039
13 0.538849 0.448285 0.0450691 0.03946 0.00138959
2 0.877644 0.372197 0.116604 0.066106 0.00137162
38 0.602038 0.530852 0.0506447 0.027505 0.00133687
13 0.902013 0.439319 0.0533562 0.0252267 0.00133598
2 0.76541 0.43184 0.0853459 0.0915389 0.00133264
38 0.388709 0.210969 0.0234316 0.0281007 0.00133207
74 0.339863 0.277327 0.0316897 0.0385402 0.00132316
38 0.288472 0.28064 0.150342 0.0683472 0.00131249
38 0.232382 0.493148 0.0490377 0.11162 0.00122514
2 0.6738 0.439698 0.0618633 0.0511911 0.00122413
2 0.795006 0.418641 0.105832 0.0767072 0.00120327
2 0.709369 0.404415 0.132559 0.125759 0.00116989
38 0.286433 0.254344 0.259952 0.154558 0.00116825
36 0.349217 0.248948 0.10408 0.105775 0.00116619
7 0.933045 0.340152 0.0754681 0.0610062 0.0011639
2 0.827915 0.384035 0.146088 0.133084 0.00113779
2 0.874406 0.439335 0.114263 0.0322422 0.00112596
2 0.783957 0.415355 0.123535 0.11218 0.00112444
0 0.660704 0.379845 0.0336948 0.0948887 0.00105333
2 0.697039 0.427262 0.110173 0.0635529 0.00104359
2 0.657874 0.422585 0.0338221 0.0210235 0.00104299
7 0.98517 0.341767 0.0290052 0.0615128 0.00103784
0 0.831184 0.439415 0.021714 0.0263355 0.00102124
2 0.79391 0.435105 0.10647 0.0479984 0.0010128
13 0.922706 0.449897 0.0950886 0.0462891 0.00100359
