0 0.551893 0.446241 0.145632 0.160836 0.695642
33 0.0934608 0.402546 0.0729507 0.344262 0.345613
33 0.579272 0.484973 0.0938785 0.297437 0.179914
33 0.575581 0.364632 0.0429587 0.0545491 0.0773042
33 0.56781 0.522182 0.0696221 0.223741 0.0638171
31 0.570773 0.518792 0.076536 0.228711 0.0578586
33 0.552143 0.446699 0.146194 0.159451 0.0496858
31 0.579116 0.485444 0.0925019 0.298764 0.0406204
31 0.552087 0.446744 0.145381 0.158256 0.0336151
0 0.218817 0.760178 0.0510365 0.0556091 0.0269745
31 0.560089 0.543022 0.0568168 0.178664 0.0263131
33 0.586983 0.373236 0.0668847 0.0738582 0.0240309
33 0.560089 0.543022 0.0568168 0.178664 0.0210316
30 0.57912 0.484162 0.0947327 0.298799 0.016049
33 0.57092 0.321872 0.04709 0.134118 0.012985
37 0.560089 0.543022 0.0568168 0.178664 0.0123018
0 0.578579 0.493096 0.0954219 0.280266 0.0121285
33 0.589743 0.434783 0.0725001 0.197078 0.0107814
77 0.552143 0.446699 0.146194 0.159451 0.0100161
37 0.579116 0.485444 0.0925019 0.298764 0.00993332
8 0.556243 0.315258 0.0231449 0.124682 0.00906071
0 0.231046 0.75749 0.0313831 0.0542028 0.00867364
0 0.57034 0.433481 0.110307 0.131227 0.00628003
31 0.589733 0.426055 0.0738394 0.179788 0.00626504
0 0.239469 0.754984 0.0138237 0.0447435 0.00545871
30 0.58991 0.395643 0.0739639 0.120054 0.00537643
33 0.58991 0.395643 0.0739639 0.120054 0.00505972
9 0.797242 0.514822 0.0463405 0.0283546 0.00497898
30 0.589733 0.426055 0.0738394 0.179788 0.00478706
30 0.571399 0.516797 0.077799 0.232797 0.00473765
9 0.801248 0.517697 0.038567 0.0228424 0.00434414
33 0.582285 0.36592 0.0574137 0.0634383 0.00410798
31 0.543266 0.501793 0.130664 0.261407 0.00404942
14 0.552143 0.446699 0.146194 0.159451 0.00401986
30 0.584929 0.368805 0.0622977 0.0653114 0.00388667
37 0.571399 0.516797 0.077799 0.232797 0.00387853
30 0.56115 0.537895 0.060392 0.191067 0.00339124
33 0.801513 0.518227 0.0378765 0.0220046 0.00287411
33 0.574419 0.438035 0.0991106 0.394646 0.00282153
30 0.579512 0.36461 0.0502081 0.0558688 0.00280124
33 0.556875 0.316021 0.0238541 0.130099 0.00264472
0 0.55067 0.450019 0.0815291 0.161122 0.00233802
9 0.783586 0.51174 0.0743847 0.0346173 0.00205207
0 0.581344 0.420637 0.0877875 0.104087 0.00203541
0 0.543266 0.501793 0.130664 0.261407 0.00196952
0 0.569323 0.520397 0.0742885 0.225634 0.00193307
33 0.797242 0.514822 0.0463405 0.0283546 0.00192395
24 0.219555 0.760141 0.0483172 0.0558925 0.00188681
31 0.58991 0.395643 0.0739639 0.120054 0.00188485
30 0.587875 0.381882 0.0739992 0.0773752 0.00179636
25 0.575581 0.364632 0.0429587 0.0545491 0.00175831
33 0.538406 0.509822 0.125257 0.249544 0.0017252
0 0.585628 0.394412 0.0732924 0.057708 0.00154972
0 0.214096 0.753608 0.067012 0.0664001 0.00143802
30 0.264513 0.593684 0.0443268 0.403576 0.00140479
0 0.196905 0.756111 0.0248803 0.0550226 0.0014016
33 0.567587 0.42905 0.112738 0.189421 0.00139967
8 0.572112 0.320144 0.054327 0.145247 0.00139743
33 0.563515 0.605369 0.0775158 0.399327 0.00139126
37 0.589733 0.426055 0.0738394 0.179788 0.00137472
8 0.562296 0.30874 0.0190239 0.117187 0.00127572
30 0.324346 0.518071 0.607809 0.583233 0.00126177
31 0.801248 0.517697 0.038567 0.0228424 0.00116414
8 0.560089 0.543022 0.0568168 0.178664 0.00109345
31 0.584929 0.368805 0.0622977 0.0653114 0.00107533
30 0.57092 0.321872 0.04709 0.134118 0.00107464
33 0.758781 0.522872 0.12364 0.0597988 0.0010325
