0 0.200305 0.714659 0.127436 0.299254 0.91954
33 0.308153 0.473797 0.0703767 0.0889114 0.26482
33 0.372315 0.456326 0.0806708 0.098546 0.259949
33 0.237321 0.508678 0.0527491 0.0770227 0.22956
33 0.317845 0.460973 0.051471 0.0627505 0.188348
10 0.330452 0.108394 0.0849901 0.216094 0.176821
33 0.296943 0.473749 0.0486178 0.0855066 0.167335
26 0.190982 0.70271 0.0220976 0.114852 0.104404
33 0.375199 0.470521 0.0389752 0.0681772 0.103442
33 0.213032 0.517827 0.100985 0.0936431 0.0932316
33 0.303267 0.46063 0.0605787 0.0592313 0.0917147
33 0.177081 0.543688 0.0285635 0.0218964 0.0850903
33 0.291337 0.478533 0.0373683 0.0742997 0.0807066
33 0.379007 0.454879 0.0302238 0.0353022 0.0608803
33 0.366512 0.453871 0.060331 0.0789456 0.0540886
33 0.232848 0.518617 0.0464206 0.0895169 0.0535929
33 0.308264 0.458172 0.0208798 0.053781 0.0521702
26 0.190144 0.718204 0.0204255 0.0799433 0.0506665
33 0.269686 0.495349 0.146528 0.127829 0.0420602
33 0.287771 0.483591 0.253029 0.164595 0.0393444
33 0.386092 0.448694 0.0539481 0.0547028 0.0383516
33 0.319457 0.467007 0.0929507 0.0901878 0.037873
58 0.793327 0.664478 0.0849405 0.103895 0.0346117
33 0.244914 0.514404 0.0688831 0.0875371 0.0322621
33 0.285313 0.483413 0.025719 0.0681629 0.0309479
33 0.371007 0.440269 0.0823895 0.0710541 0.0301526
33 0.383008 0.469273 0.0419845 0.0723234 0.0279008
33 0.373363 0.478289 0.0194 0.0523729 0.0256379
33 0.364824 0.441386 0.0619996 0.0610578 0.0212456
33 0.323467 0.467384 0.0410634 0.0566151 0.0187378
33 0.364841 0.466307 0.0524422 0.0778238 0.0177888
33 0.342166 0.457502 0.134932 0.0990116 0.0169358
33 0.185128 0.544937 0.0451894 0.0254045 0.0162503
33 0.344769 0.427883 0.0186019 0.0228736 0.0155653
33 0.219325 0.522809 0.0147458 0.0367456 0.0153894
33 0.231574 0.525505 0.0402359 0.0678111 0.0152571
33 0.350083 0.440874 0.0326514 0.0509293 0.0150974
33 0.337132 0.474922 0.132531 0.10575 0.0148473
58 0.753605 0.511402 0.492789 0.397231 0.0138259
53 0.673801 0.0945626 0.345038 0.123227 0.0123828
33 0.196751 0.548682 0.0678666 0.0334682 0.0123063
33 0.244586 0.498813 0.0404383 0.065781 0.0121489
33 0.199767 0.540142 0.0748678 0.053554 0.0111899
33 0.253342 0.489146 0.0193969 0.0222346 0.0111438
33 0.386241 0.465421 0.0552986 0.0777142 0.00987563
33 0.249047 0.483516 0.0468639 0.0391155 0.00935191
26 0.197471 0.697741 0.0345366 0.128829 0.00865296
33 0.377539 0.434711 0.0733194 0.056016 0.00780469
33 0.274717 0.482842 0.0526809 0.0652322 0.00745919
33 0.203816 0.529153 0.0825697 0.072655 0.00701228
58 0.85608 0.659228 0.0573757 0.0873955 0.00647575
25 0.367785 0.442723 0.0712734 0.0697132 0.00471944
33 0.218473 0.55606 0.0212846 0.0186806 0.00468203
33 0.252276 0.502203 0.0719423 0.0957478 0.00458145
58 0.778397 0.667699 0.0566219 0.0975436 0.00455895
33 0.328085 0.462578 0.0361526 0.0686171 0.00429779
61 0.330872 0.108451 0.0848271 0.216186 0.00419539
58 0.744198 0.637685 0.0252665 0.0492584 0.00416461
33 0.323096 0.454685 0.0525977 0.0788514 0.00401086
33 0.17651 0.545503 0.0327298 0.0277864 0.00333077
25 0.359968 0.428062 0.06077 0.0577815 0.0032692
58 0.889564 0.669621 0.0305824 0.0572083 0.00298741
33 0.265004 0.537977 0.022799 0.0246588 0.00286689
25 0.370018 0.430844 0.07912 0.0588367 0.0026041
47 0.673801 0.0945626 0.345038 0.123227 0.00239408
13 0.331249 0.108406 0.0859753 0.216371 0.0023337
25 0.361496 0.42161 0.0510197 0.0402842 0.0020954
58 0.895232 0.669659 0.0409287 0.0612218 0.00205004
33 0.34577 0.469676 0.0775698 0.0689244 0.00204116
58 0.813417 0.660924 0.129182 0.10581 0.00195625
45 0.514502 0.345672 0.073634 0.0519925 0.00184339
58 0.815649 0.663905 0.0382027 0.0968531 0.00179058
55 0.672808 0.0949246 0.343486 0.122226 0.0017072
58 0.780028 0.695532 0.0439907 0.0404093 0.00151873
26 0.188827 0.691389 0.0257563 0.143023 0.00148121
33 0.342727 0.449208 0.036174 0.0725776 0.001443
33 0.281898 0.464743 0.0880563 0.0832249 0.0012874
58 0.903422 0.669052 0.0563894 0.060788 0.00122243
75 0.33071 0.108484 0.0855611 0.216133 0.0012131
26 0.20239 0.689878 0.0441033 0.143166 0.00117138
58 0.849089 0.605769 0.299582 0.208268 0.00116336
58 0.784459 0.70078 0.034594 0.0298854 0.00115949
25 0.673801 0.0945626 0.345038 0.123227 0.00114956
33 0.187939 0.53525 0.0518257 0.0407183 0.0011411
25 0.190982 0.70271 0.0220976 0.114852 0.0011408
58 0.936433 0.63169 0.126397 0.134641 0.0011149
0 0.277739 0.623837 0.291953 0.424744 0.00110021
9 0.331249 0.108406 0.0859753 0.216371 0.00109926
0 0.191629 0.698774 0.021116 0.123756 0.00107443
33 0.18086 0.531303 0.0402887 0.0485414 0.00106165
58 0.82062 0.660517 0.0549208 0.100725 0.00105619
58 0.741008 0.64265 0.0379936 0.0677191 0.00104803
33 0.262222 0.478925 0.075437 0.071686 0.00102621
