0 0.502058 0.504237 0.995884 0.973981 0.921293
0 0.251547 0.506445 0.468409 0.399023 0.0111125
0 0.790575 0.57791 0.41885 0.247322 0.00918588
0 0.510994 0.3518 0.974148 0.670022 0.005568
0 0.567876 0.20045 0.37195 0.368897 0.0055061
0 0.111006 0.262025 0.218866 0.52405 0.0054048
46 0.622968 0.432741 0.237756 0.121308 0.00283882
0 0.497685 0.885437 0.967853 0.212081 0.00202152
35 0.751066 0.538774 0.315596 0.165989 0.00195813
0 0.191341 0.531749 0.340367 0.348374 0.00170898
0 0.109374 0.424999 0.216646 0.849998 0.00161326
35 0.7917 0.577089 0.4166 0.245632 0.00155258
0 0.758579 0.542288 0.346387 0.174031 0.00155032
35 0.819445 0.153371 0.146831 0.305342 0.00152943
0 0.219757 0.461702 0.439515 0.90828 0.00134513
35 0.890293 0.172148 0.219415 0.344154 0.00132269
39 0.941734 0.173563 0.116531 0.345019 0.00115511
35 0.842455 0.160364 0.141755 0.31853 0.00113568
54 0.618224 0.428121 0.211618 0.113879 0.00109962
34 0.110324 0.281957 0.220648 0.563914 0.00109655
0 0.912195 0.615543 0.17561 0.163437 0.00103572
