29 0.647263 0.546901 0.546374 0.460118 0.851826
37 0.647236 0.548642 0.546499 0.460191 0.0277721
74 0.647371 0.543853 0.546076 0.465672 0.0272315
17 0.4936 0.494189 0.977105 0.911574 0.0267912
29 0.492772 0.493157 0.976098 0.920658 0.020525
0 0.706361 0.501553 0.543852 0.909191 0.0189514
32 0.647263 0.546901 0.546374 0.460118 0.0168905
37 0.492901 0.493591 0.976564 0.912532 0.0111626
16 0.492901 0.493591 0.976564 0.912532 0.0103938
32 0.790145 0.213769 0.385486 0.352617 0.00898242
45 0.647371 0.543853 0.546076 0.465672 0.00839385
14 0.492901 0.493591 0.976564 0.912532 0.00801155
64 0.646324 0.543381 0.546489 0.464809 0.00743714
21 0.492901 0.493591 0.976564 0.912532 0.00708267
25 0.646814 0.557552 0.54772 0.439047 0.00574067
0 0.492901 0.493591 0.976564 0.912532 0.00519076
10 0.492901 0.493591 0.976564 0.912532 0.00500342
12 0.647371 0.543853 0.546076 0.465672 0.00493735
54 0.789562 0.21269 0.387265 0.350406 0.00466833
25 0.491355 0.494422 0.972059 0.922236 0.00442451
18 0.4936 0.494189 0.977105 0.911574 0.00433105
10 0.666325 0.481925 0.628586 0.889922 0.00424302
0 0.618963 0.846678 0.378045 0.210172 0.00369725
29 0.789562 0.21269 0.387265 0.350406 0.00366107
0 0.649739 0.585073 0.558244 0.743391 0.00365642
29 0.67225 0.456841 0.619371 0.832406 0.00357899
67 0.647371 0.543853 0.546076 0.465672 0.00338179
2 0.646814 0.557552 0.54772 0.439047 0.00336742
11 0.646786 0.546658 0.548688 0.460495 0.0033485
41 0.646786 0.546658 0.548688 0.460495 0.00331122
46 0.4936 0.494189 0.977105 0.911574 0.00321105
2 0.491355 0.494422 0.972059 0.922236 0.00313178
61 0.666325 0.481925 0.628586 0.889922 0.00296226
0 0.782413 0.480016 0.399485 0.877881 0.00275454
14 0.789851 0.211235 0.388216 0.348805 0.0027436
20 0.491355 0.494422 0.972059 0.922236 0.00231895
47 0.789562 0.21269 0.387265 0.350406 0.00221214
61 0.647371 0.543853 0.546076 0.465672 0.00211161
12 0.666325 0.481925 0.628586 0.889922 0.00203142
46 0.232824 0.868097 0.462792 0.248361 0.00195405
37 0.666325 0.481925 0.628586 0.889922 0.00183678
74 0.789619 0.211015 0.385868 0.347111 0.00181091
16 0.662492 0.493658 0.630721 0.91555 0.00163874
74 0.491355 0.494422 0.972059 0.922236 0.00156441
25 0.789851 0.211235 0.388216 0.348805 0.00154257
70 0.646324 0.543381 0.546489 0.464809 0.00148341
32 0.788382 0.12765 0.359264 0.186708 0.00147262
36 0.492901 0.493591 0.976564 0.912532 0.00139907
16 0.614314 0.851428 0.370872 0.199444 0.00130063
12 0.491355 0.494422 0.972059 0.922236 0.00129884
33 0.646786 0.546658 0.548688 0.460495 0.00128707
64 0.790145 0.213769 0.385486 0.352617 0.00128254
20 0.666325 0.481925 0.628586 0.889922 0.00123706
38 0.647005 0.544722 0.545447 0.46406 0.0012069
32 0.488937 0.494283 0.970751 0.925215 0.00107068
65 0.647371 0.543853 0.546076 0.465672 0.00105339
46 0.646842 0.554989 0.546955 0.44913 0.0010033
