0 0.522289 0.597095 0.574129 0.779059 0.907307
40 0.549494 0.391297 0.371902 0.630116 0.888635
3 0.553837 0.389804 0.381181 0.626731 0.00417635
0 0.271518 0.8984 0.0569858 0.195387 0.00364181
44 0.553837 0.389804 0.381181 0.626731 0.0030171
0 0.732143 0.545945 0.154159 0.193532 0.00289455
0 0.717214 0.573989 0.184397 0.253046 0.00268224
75 0.553834 0.3918 0.381156 0.626479 0.00259945
38 0.553837 0.389804 0.381181 0.626731 0.00220749
23 0.553834 0.3918 0.381156 0.626479 0.00182953
40 0.640929 0.549067 0.173554 0.309437 0.00169796
40 0.477381 0.258526 0.222836 0.354133 0.00152513
61 0.553834 0.3918 0.381156 0.626479 0.00111869
14 0.553834 0.3918 0.381156 0.626479 0.00109458
32 0.45814 0.13774 0.0405676 0.0586468 0.00101289
