0 0.594777 0.499081 0.794683 0.814799 0.807181
35 0.170765 0.538294 0.28507 0.14353 0.389286
16 0.171948 0.539554 0.289185 0.144371 0.0277301
35 0.165624 0.518795 0.271522 0.104745 0.0161089
77 0.170591 0.538206 0.283573 0.144436 0.00490671
29 0.294942 0.556865 0.0689469 0.0377962 0.00482091
0 0.170591 0.538206 0.283573 0.144436 0.00457269
24 0.170765 0.538294 0.28507 0.14353 0.00389937
38 0.171009 0.539541 0.288727 0.147116 0.00370297
32 0.170765 0.538294 0.28507 0.14353 0.00314802
26 0.17847 0.539251 0.293721 0.146059 0.0031198
34 0.171009 0.539541 0.288727 0.147116 0.00245717
35 0.254538 0.539251 0.453602 0.145955 0.00243786
0 0.378626 0.686116 0.682185 0.477786 0.00238937
16 0.371235 0.685746 0.686154 0.441355 0.00215891
34 0.216485 0.543175 0.249046 0.139537 0.00194204
0 0.607154 0.35746 0.732584 0.533152 0.00192258
33 0.171009 0.539541 0.288727 0.147116 0.00187245
14 0.170141 0.539135 0.285604 0.143603 0.00180405
35 0.217053 0.554705 0.20233 0.104931 0.00179571
35 0.216485 0.543175 0.249046 0.139537 0.00166863
32 0.294007 0.556825 0.0704921 0.0383512 0.00161245
34 0.238939 0.546036 0.242014 0.0715399 0.00157517
46 0.180503 0.540185 0.295623 0.14727 0.00152189
52 0.294942 0.556865 0.0689469 0.0377962 0.00150591
3 0.17847 0.539251 0.293721 0.146059 0.00148755
52 0.170442 0.5396 0.286661 0.146581 0.0014599
18 0.171948 0.539554 0.289185 0.144371 0.00137377
19 0.171948 0.539554 0.289185 0.144371 0.00134945
29 0.171009 0.539541 0.288727 0.147116 0.00122359
35 0.371235 0.685746 0.686154 0.441355 0.00120547
36 0.170765 0.538294 0.28507 0.14353 0.00119656
27 0.171009 0.539541 0.288727 0.147116 0.00112331
35 0.192386 0.560687 0.178023 0.0988885 0.00110084
