8 0.503032 0.626553 0.694269 0.135386 0.422587
8 0.559323 0.668091 0.583116 0.0573875 0.323281
8 0.671817 0.599617 0.422932 0.0521432 0.289868
8 0.748398 0.578231 0.281557 0.0463312 0.253473
8 0.521451 0.645121 0.684153 0.0989307 0.2423
8 0.662124 0.590026 0.444065 0.0674887 0.213742
8 0.763743 0.587567 0.323258 0.0344366 0.140846
8 0.665954 0.561752 0.416894 0.120531 0.12524
8 0.496395 0.644682 0.58383 0.0697327 0.124493
8 0.697433 0.589759 0.371722 0.0376163 0.11703
8 0.710453 0.605637 0.41455 0.0347392 0.1077
8 0.465782 0.659031 0.679134 0.0479861 0.0871354
8 0.289761 0.627774 0.298655 0.109457 0.0837694
8 0.701255 0.602969 0.366461 0.0273494 0.0722226
8 0.454029 0.657557 0.309995 0.0296231 0.0674128
8 0.405162 0.664554 0.212956 0.0298484 0.0665477
8 0.651129 0.660467 0.393096 0.0597703 0.0613683
8 0.741484 0.579702 0.296789 0.0230321 0.0576708
8 0.739041 0.541446 0.26768 0.110066 0.0549888
8 0.417516 0.658815 0.222611 0.0335894 0.0530276
8 0.777852 0.584701 0.223129 0.0278955 0.052031
8 0.696794 0.612735 0.387102 0.0268219 0.0478856
8 0.773484 0.574935 0.229752 0.0211319 0.0466815
8 0.467725 0.662134 0.344773 0.0257147 0.0446282
8 0.724681 0.603632 0.377082 0.0212394 0.0431401
8 0.332251 0.637367 0.359166 0.0900124 0.0407986
8 0.618022 0.57298 0.347465 0.102027 0.0404775
8 0.7373 0.588633 0.300712 0.0229657 0.0384808
8 0.729377 0.593036 0.360519 0.0208729 0.0368116
8 0.578686 0.606471 0.589256 0.0937857 0.036681
8 0.569373 0.632821 0.590482 0.039273 0.0346083
8 0.683742 0.637017 0.428502 0.0819733 0.0345782
8 0.536046 0.59691 0.587248 0.167106 0.0344825
8 0.888167 0.665905 0.118678 0.129646 0.0313938
8 0.680151 0.656784 0.336976 0.0306069 0.0304289
8 0.501719 0.656952 0.613361 0.0805529 0.0292569
8 0.568014 0.564494 0.218342 0.12878 0.0285674
8 0.913007 0.666154 0.156055 0.135105 0.0283663
8 0.745816 0.555409 0.269511 0.0800323 0.0274258
8 0.670325 0.658719 0.39129 0.0235823 0.0265785
8 0.893089 0.70819 0.0893487 0.223939 0.0265712
8 0.599568 0.59978 0.272917 0.0451056 0.0261521
8 0.641314 0.648707 0.426201 0.0461557 0.0259888
8 0.272868 0.65013 0.167656 0.0643555 0.0252656
8 0.543392 0.657526 0.6241 0.0575399 0.025056
8 0.369944 0.644535 0.377055 0.0679311 0.0237183
8 0.655457 0.65642 0.32263 0.0220829 0.0234245
8 0.917432 0.696979 0.159835 0.0749493 0.023243
8 0.733108 0.57166 0.252238 0.033899 0.0230613
8 0.740119 0.572377 0.29198 0.0184085 0.0227729
8 0.925095 0.557698 0.0892526 0.0657928 0.0220583
8 0.696753 0.638181 0.50563 0.111035 0.0218893
8 0.651724 0.676352 0.381833 0.0375351 0.0214101
8 0.916714 0.573147 0.102031 0.0305681 0.0212274
8 0.78167 0.572157 0.214574 0.0171563 0.0211439
8 0.925781 0.55844 0.0773343 0.0441085 0.0209038
8 0.762395 0.591311 0.232186 0.0188709 0.0192323
8 0.729198 0.603877 0.310298 0.0162937 0.0191591
8 0.88922 0.688558 0.108809 0.186229 0.0190991
8 0.432773 0.666071 0.753227 0.062463 0.0187528
8 0.642645 0.606306 0.36785 0.0304237 0.0183457
8 0.921873 0.553912 0.0636132 0.0323761 0.0182247
8 0.785542 0.57308 0.348549 0.0554733 0.0181231
8 0.0715634 0.687781 0.0553871 0.0988171 0.0180941
8 0.323829 0.615564 0.369105 0.128695 0.0178684
8 0.392811 0.654042 0.181863 0.035914 0.0174364
8 0.24857 0.644404 0.118098 0.071326 0.0173903
8 0.383999 0.656079 0.287888 0.036022 0.0164889
8 0.618784 0.613509 0.332856 0.0313591 0.0159292
8 0.55638 0.641427 0.614026 0.0387001 0.0157976
8 0.773866 0.5719 0.383494 0.0818057 0.0150603
8 0.759279 0.603537 0.25006 0.0235926 0.0149202
8 0.910809 0.578012 0.113719 0.0274529 0.0146588
8 0.69391 0.633396 0.397691 0.0331194 0.0144274
8 0.670218 0.66417 0.338637 0.023541 0.0140351
8 0.768214 0.609161 0.258645 0.0338531 0.0138119
8 0.700738 0.530512 0.060015 0.0921116 0.0132536
8 0.511698 0.578472 0.733565 0.212276 0.0130541
8 0.557089 0.590312 0.231646 0.065382 0.0127715
8 0.670388 0.647382 0.283455 0.0213943 0.0125394
8 0.489702 0.666169 0.433922 0.0218618 0.0124569
8 0.905944 0.58242 0.120275 0.0267274 0.0123776
8 0.524133 0.560262 0.158348 0.14446 0.0123084
8 0.703015 0.66243 0.519512 0.0901044 0.0122488
8 0.929904 0.57522 0.122729 0.0944342 0.0122221
8 0.499884 0.633582 0.515854 0.0800104 0.0122065
8 0.871835 0.563734 0.195693 0.0729012 0.0121687
8 0.555561 0.554121 0.0766037 0.105205 0.0119198
8 0.936922 0.56205 0.100402 0.0388229 0.0116991
8 0.894776 0.573402 0.160384 0.090077 0.0116779
8 0.716148 0.613941 0.317362 0.0219223 0.0115019
8 0.918177 0.549578 0.0468916 0.0238537 0.0114454
8 0.305964 0.653044 0.235081 0.0613031 0.0113907
0 0.40012 0.643826 0.0334988 0.0177568 0.0107216
8 0.330512 0.659088 0.272868 0.0518206 0.0107032
8 0.750002 0.493896 0.266716 0.204783 0.0105365
8 0.858449 0.585504 0.189567 0.0298187 0.0103937
8 0.539405 0.559918 0.150539 0.118657 0.0103231
8 0.849881 0.594199 0.14912 0.0231606 0.0102965
8 0.687457 0.641581 0.409356 0.0325272 0.0101742
8 0.674765 0.645483 0.379708 0.024316 0.0101048
8 0.913527 0.708259 0.134126 0.223093 0.0100195
8 0.635248 0.659288 0.289457 0.0222111 0.00989729
8 0.587826 0.601883 0.381649 0.0385962 0.00988337
8 0.408616 0.63419 0.479833 0.0785882 0.00963521
8 0.396572 0.664721 0.290313 0.035283 0.00941929
8 0.62999 0.66424 0.314612 0.0196789 0.00920266
8 0.703008 0.577338 0.206358 0.0364758 0.00903895
8 0.898531 0.631176 0.152906 0.206764 0.00890914
8 0.90575 0.708824 0.156242 0.0451386 0.0088408
8 0.647421 0.686566 0.396803 0.0209747 0.00874975
8 0.916529 0.54395 0.0648961 0.0424583 0.00865895
8 0.834264 0.592396 0.0918783 0.0184442 0.00857696
8 0.519198 0.585062 0.146289 0.05093 0.00852022
8 0.650731 0.572595 0.0759707 0.0365631 0.00846577
8 0.898749 0.688949 0.144048 0.0862391 0.00834656
8 0.931587 0.573326 0.0871998 0.0347601 0.00833425
8 0.414523 0.64665 0.0668023 0.0213972 0.00827378
8 0.279193 0.639354 0.177942 0.0650312 0.00818738
8 0.894968 0.713063 0.130122 0.0352177 0.0081656
8 0.847438 0.65941 0.235976 0.126051 0.00813675
8 0.416068 0.671111 0.191218 0.0318818 0.00800693
8 0.674791 0.630414 0.345478 0.0215782 0.00774515
8 0.394926 0.677577 0.0770878 0.0212859 0.00756136
8 0.805544 0.603655 0.254875 0.0357108 0.00729266
8 0.719131 0.587828 0.248994 0.0291988 0.00726616
8 0.498127 0.653871 0.410081 0.0211859 0.00718361
8 0.539874 0.656337 0.414461 0.0156116 0.00712198
8 0.52313 0.617718 0.549409 0.120593 0.00711516
8 0.60787 0.554847 0.16354 0.111042 0.00699788
8 0.646359 0.622925 0.359652 0.0317139 0.00693196
8 0.53346 0.664221 0.443623 0.0218081 0.00688523
8 0.487686 0.547038 0.0844403 0.157202 0.00676763
8 0.899721 0.593052 0.079066 0.0313702 0.00671279
8 0.742132 0.64575 0.200682 0.0382178 0.00669843
8 0.768882 0.649851 0.15488 0.0377425 0.00664887
8 0.759499 0.567303 0.234897 0.0320882 0.00663185
8 0.74262 0.652794 0.207629 0.0383326 0.00635454
8 0.982275 0.53138 0.0354508 0.0869358 0.00635234
8 0.292877 0.662101 0.208291 0.0459469 0.00629327
8 0.62294 0.628966 0.312654 0.0200121 0.0062232
8 0.922865 0.586789 0.0926133 0.026667 0.00608569
8 0.383002 0.692208 0.0481218 0.0226231 0.00600031
8 0.31387 0.640635 0.322134 0.128959 0.00595263
8 0.79984 0.566436 0.196633 0.0299324 0.00592259
8 0.568781 0.591591 0.229362 0.0481416 0.00590903
8 0.496946 0.562273 0.0768025 0.188191 0.0057655
8 0.585743 0.612474 0.251215 0.0554808 0.00568786
8 0.952212 0.614978 0.0585874 0.0234606 0.00564528
8 0.884385 0.596139 0.101073 0.0323634 0.00564435
8 0.470972 0.674238 0.326176 0.0260941 0.00556579
8 0.873852 0.641011 0.227399 0.173044 0.00556287
8 0.647507 0.648608 0.254848 0.0171848 0.00555491
8 0.682278 0.662497 0.436692 0.0243338 0.00549886
8 0.486741 0.679736 0.429939 0.0234264 0.00547162
8 0.591873 0.557929 0.302775 0.119733 0.00547087
8 0.580822 0.607971 0.335924 0.113906 0.00543538
8 0.890546 0.596196 0.0778286 0.0370872 0.00537831
8 0.852432 0.693374 0.244892 0.0685689 0.00536251
8 0.776942 0.659564 0.159563 0.033761 0.00523821
8 0.735546 0.598713 0.455907 0.128734 0.0052267
8 0.540433 0.550007 0.65704 0.152312 0.00521836
8 0.691755 0.677403 0.323721 0.0323292 0.00520834
8 0.70121 0.617559 0.47152 0.140158 0.00514579
8 0.978236 0.540753 0.0407766 0.0718649 0.00512734
8 0.887779 0.623991 0.199415 0.11909 0.00509328
8 0.493556 0.58615 0.095702 0.0558092 0.00505501
8 0.941294 0.69953 0.117412 0.0582258 0.0050039
8 0.964339 0.685036 0.0696446 0.0198848 0.0049842
8 0.630083 0.599521 0.305589 0.0357905 0.00497589
8 0.807537 0.619117 0.348013 0.189638 0.00494853
8 0.722441 0.640208 0.121498 0.029739 0.00491107
8 0.531995 0.565906 0.121678 0.170752 0.00490174
8 0.684536 0.59409 0.256322 0.0336502 0.00485194
8 0.852965 0.692675 0.205125 0.040449 0.00481111
8 0.87076 0.573619 0.0435847 0.0184819 0.00480649
8 0.946535 0.541465 0.106257 0.0830318 0.0047901
8 0.650195 0.568497 0.0640959 0.0302011 0.00478911
8 0.892157 0.603778 0.0792073 0.0347874 0.00477323
8 0.974431 0.580462 0.0511373 0.0206985 0.00467852
8 0.506359 0.548603 0.127208 0.148601 0.00467497
8 0.703664 0.655556 0.305045 0.0395673 0.00462356
8 0.577542 0.677574 0.424257 0.033486 0.00459346
8 0.981757 0.565996 0.03611 0.0261256 0.00456586
8 0.681417 0.535441 0.104952 0.0996799 0.00445002
8 0.341237 0.667226 0.312624 0.0374496 0.00439736
8 0.935657 0.614478 0.089682 0.0293701 0.00433281
8 0.840107 0.683131 0.231428 0.0429454 0.0043135
8 0.677463 0.551997 0.131398 0.0702511 0.0042395
8 0.672863 0.571136 0.124985 0.039417 0.00421771
8 0.51907 0.604932 0.184374 0.0907532 0.00415736
8 0.462351 0.577663 0.0340868 0.0370256 0.00415045
8 0.916232 0.617684 0.133801 0.0396461 0.00403821
8 0.776394 0.685464 0.195453 0.0301785 0.00401261
8 0.409552 0.629993 0.0783191 0.0573391 0.00400978
8 0.804335 0.61088 0.23768 0.0358797 0.00400931
8 0.270712 0.649352 0.0514208 0.0282566 0.0039359
8 0.979451 0.56191 0.03743 0.0279289 0.0039323
8 0.799508 0.690536 0.0856776 0.0267517 0.00392792
8 0.251572 0.616234 0.227788 0.129199 0.00391403
8 0.774688 0.635954 0.136707 0.0210356 0.00386688
8 0.807771 0.51101 0.322635 0.199497 0.0037519
8 0.780948 0.636604 0.149589 0.0294722 0.00370908
8 0.696783 0.526219 0.040156 0.0847139 0.00366741
8 0.582614 0.627685 0.369557 0.0329358 0.00362754
8 0.31342 0.650071 0.171833 0.0347428 0.00357711
8 0.802564 0.650605 0.137332 0.044923 0.00348383
8 0.75325 0.564763 0.132414 0.0279394 0.0034633
8 0.506297 0.592138 0.0994072 0.0408574 0.00343314
8 0.421897 0.650267 0.187096 0.0212339 0.00343135
8 0.915854 0.550881 0.0716745 0.0475249 0.00341699
8 0.227917 0.626214 0.0671792 0.0360615 0.00340429
8 0.515154 0.619312 0.0891443 0.0596552 0.00339884
8 0.470986 0.581875 0.0483083 0.0407914 0.00338942
8 0.653219 0.584534 0.108086 0.025956 0.00325823
8 0.768886 0.461823 0.209231 0.262427 0.00322497
8 0.655745 0.565654 0.0383696 0.0243448 0.00321504
8 0.525874 0.588479 0.147469 0.0326318 0.00319302
8 0.355053 0.652624 0.223864 0.0341578 0.00318858
8 0.959393 0.698937 0.0812147 0.0431238 0.00318006
8 0.654537 0.572809 0.102124 0.0332612 0.00317696
8 0.904376 0.667859 0.152442 0.293554 0.00308454
8 0.767841 0.691822 0.171495 0.0233742 0.00307086
8 0.241016 0.633026 0.101258 0.0489472 0.00303456
8 0.924104 0.623817 0.116117 0.0435045 0.00302994
8 0.712014 0.685783 0.335916 0.0371225 0.00302395
8 0.736695 0.685507 0.220182 0.025615 0.003001
8 0.816643 0.654509 0.110809 0.0397865 0.00299641
8 0.40012 0.643826 0.0334988 0.0177568 0.00299576
8 0.884716 0.563338 0.0845634 0.0405581 0.00298807
8 0.62464 0.584674 0.0542201 0.0248474 0.00295064
8 0.482026 0.679727 0.341441 0.0188236 0.00291511
8 0.397175 0.647767 0.193138 0.0483643 0.00287196
8 0.362884 0.67531 0.31306 0.0273279 0.00285736
8 0.985868 0.580387 0.0282636 0.0172687 0.002841
8 0.381685 0.678475 0.0634244 0.0276861 0.00283998
0 0.432628 0.64602 0.027539 0.0194724 0.00277728
0 0.86746 0.657983 0.0236945 0.0301643 0.00273925
8 0.765822 0.676003 0.412708 0.103375 0.00269541
8 0.923152 0.539328 0.12416 0.102005 0.00269476
8 0.91229 0.663172 0.0643881 0.135125 0.00267288
8 0.953386 0.684964 0.0924955 0.0311236 0.00261679
8 0.434478 0.630211 0.0260126 0.0527554 0.00257999
8 0.804407 0.704388 0.0745913 0.0283242 0.00257701
8 0.959372 0.712404 0.0812558 0.0389086 0.0025757
8 0.538526 0.599057 0.188981 0.0694495 0.00257567
8 0.819413 0.706969 0.0715623 0.0295097 0.00255865
0 0.221975 0.621171 0.0406361 0.0191372 0.00255311
8 0.255794 0.659769 0.131058 0.049226 0.00255057
8 0.75414 0.639914 0.0912564 0.0273655 0.00253227
4 0.755131 0.574103 0.262463 0.0196016 0.00252435
0 0.138816 0.560576 0.0173396 0.0208342 0.00252244
8 0.940107 0.586737 0.0643689 0.0230385 0.00249887
8 0.496465 0.5496 0.0505974 0.155853 0.0024929
8 0.45369 0.650042 0.142963 0.0157971 0.00245678
8 0.319509 0.665606 0.207424 0.0411811 0.00245669
8 0.386877 0.63959 0.148225 0.0401848 0.00240546
8 0.725927 0.638569 0.0493333 0.0266901 0.00240546
8 0.8904 0.612423 0.0744563 0.0377388 0.00240132
8 0.439249 0.650098 0.193668 0.0172215 0.00239444
8 0.635088 0.5636 0.215847 0.0718757 0.00238132
8 0.221975 0.621171 0.0406361 0.0191372 0.00237361
8 0.812654 0.707209 0.0463804 0.023236 0.00236779
8 0.432628 0.64602 0.027539 0.0194724 0.00235915
8 0.578657 0.625564 0.327236 0.0470081 0.00235495
8 0.653241 0.620644 0.59982 0.172153 0.00234413
8 0.688737 0.685128 0.33535 0.0261145 0.00234309
8 0.522604 0.624285 0.124982 0.0598812 0.00230828
8 0.927371 0.712365 0.105602 0.0293108 0.00229821
0 0.71812 0.557465 0.0319392 0.0158967 0.0022876
8 0.947794 0.649651 0.101506 0.092885 0.0022679
8 0.45251 0.627711 0.108701 0.0594825 0.0022473
8 0.952614 0.712853 0.0570576 0.0270708 0.00223342
8 0.992103 0.565997 0.0157941 0.0190968 0.00222847
8 0.263129 0.669282 0.184913 0.111315 0.00219974
8 0.943032 0.620184 0.0789967 0.031628 0.00218439
8 0.985247 0.529386 0.0264672 0.081908 0.00214213
8 0.959984 0.673096 0.0759492 0.0452048 0.00211313
8 0.990957 0.561137 0.018085 0.0278509 0.00210497
8 0.483335 0.6212 0.130435 0.054385 0.00209644
8 0.819257 0.661141 0.131059 0.0486812 0.00207564
8 0.26987 0.678108 0.178003 0.0729748 0.00205958
0 0.414523 0.64665 0.0668023 0.0213972 0.00205138
8 0.875504 0.7143 0.0939429 0.0340578 0.00201559
8 0.951771 0.592373 0.0937203 0.0319752 0.00198969
8 0.499409 0.536837 0.0434472 0.121985 0.00186259
8 0.318932 0.645389 0.247989 0.0526295 0.00184748
8 0.712129 0.54993 0.039194 0.034178 0.00184241
8 0.325505 0.651362 0.0511433 0.0270529 0.00183457
0 0.655745 0.565654 0.0383696 0.0243448 0.00180545
8 0.502542 0.614443 0.194386 0.0803192 0.00178701
8 0.784197 0.698501 0.193335 0.0333141 0.00175133
0 0.918177 0.549578 0.0468916 0.0238537 0.00174776
4 0.741484 0.579702 0.296789 0.0230321 0.00174448
8 0.635779 0.704112 0.366087 0.027852 0.00174266
8 0.406556 0.690354 0.0993723 0.0202661 0.0017398
8 0.329254 0.688147 0.232681 0.026712 0.00171456
8 0.854335 0.554233 0.19206 0.0603708 0.00170451
8 0.596172 0.648296 0.284591 0.0182592 0.00170082
8 0.476225 0.574366 0.0685214 0.0516329 0.00169948
