4 0.68289 0.318878 0.129825 0.13383 0.878682
4 0.685121 0.33875 0.130211 0.0967777 0.0291227
0 0.500036 0 0.97855 0 0.00758919
0 0.669069 0.367159 0.0198355 0.0407699 0.00288084
4 0.673699 0.338765 0.11307 0.0701326 0.00260949
4 0.651517 0.35162 0.069006 0.0735563 0.00226745
14 0.467908 0.437877 0.0525223 0.089524 0.00213531
4 0.465744 0.436611 0.0566805 0.0951318 0.00187507
4 0.676199 0.352242 0.037299 0.0712034 0.00186747
4 0.6866 0.295042 0.116741 0.0976541 0.00184199
4 0.636439 0.331222 0.0401066 0.0641334 0.00170931
4 0.725845 0.289086 0.0458731 0.066553 0.00170109
0 0.497398 0.997679 0.948323 0.00464245 0.00143835
4 0.669069 0.367159 0.0198355 0.0407699 0.00119391
4 0.733521 0.28761 0.0250422 0.0641169 0.00111923
4 0.632763 0.324616 0.0326452 0.0481281 0.00106663
