74 0.390983 0.186682 0.310743 0.233011 0.789904
2 0.246701 0.723046 0.27778 0.219017 0.528171
11 0.27904 0.423006 0.0784344 0.140452 0.513035
2 0.195584 0.586775 0.177671 0.0651743 0.257205
7 0.194519 0.586934 0.174994 0.0651522 0.182344
74 0.423787 0.202584 0.388813 0.294586 0.128937
2 0.238255 0.599101 0.26363 0.0901122 0.123766
7 0.238255 0.599101 0.26363 0.0901122 0.0974657
2 0.332421 0.617018 0.0804969 0.0544058 0.0765579
58 0.321258 0.843555 0.10008 0.154457 0.0585025
2 0.243471 0.654559 0.264643 0.0979704 0.0480838
7 0.283928 0.722603 0.353669 0.225738 0.0307106
2 0.37336 0.752236 0.204225 0.156054 0.0283674
12 0.279671 0.423393 0.0775308 0.143537 0.0278227
0 0.849636 0.619973 0.0360563 0.0388027 0.0275739
11 0.294052 0.417066 0.0488672 0.124662 0.0218207
0 0.853906 0.620041 0.0208817 0.0381788 0.021051
2 0.191595 0.724237 0.16938 0.206108 0.0176253
13 0.888938 0.688232 0.108727 0.0184442 0.016326
58 0.343797 0.832524 0.141837 0.177493 0.0161419
2 0.329229 0.621373 0.0962518 0.0694904 0.0153548
0 0.243162 0.659385 0.0579525 0.0678474 0.0138963
2 0.918122 0.613411 0.0380084 0.0342424 0.0134362
2 0.22984 0.573015 0.0500753 0.0259949 0.0133012
2 0.276876 0.657102 0.204498 0.0894416 0.0124142
2 0.322668 0.61135 0.104029 0.0586511 0.0122955
7 0.331388 0.612472 0.0834493 0.0453261 0.0101308
58 0.92108 0.613567 0.046096 0.0340908 0.00953645
11 0.263858 0.418512 0.049249 0.12716 0.00929281
2 0.266561 0.634772 0.220518 0.0912087 0.00779393
5 0.193329 0.585614 0.170589 0.0636978 0.00738662
0 0.249062 0.647921 0.0364124 0.0411644 0.00674173
0 0.157201 0.659231 0.0955573 0.0693991 0.00646368
58 0.369503 0.829737 0.194834 0.185736 0.00643238
1 0.849999 0.62012 0.0331876 0.0388238 0.00618762
2 0.928991 0.61381 0.0590828 0.0366734 0.00613278
74 0.346074 0.514375 0.0671955 0.0652674 0.00603962
13 0.805285 0.626646 0.0591666 0.0243783 0.00597197
2 0.188764 0.622003 0.169098 0.0394302 0.00592339
58 0.925953 0.617256 0.057295 0.043371 0.00569949
13 0.841711 0.6222 0.0482806 0.036025 0.00533038
58 0.325194 0.865475 0.0858775 0.109918 0.00487721
2 0.241753 0.695126 0.270484 0.156358 0.0047577
58 0.849999 0.62012 0.0331876 0.0388238 0.00472778
2 0.183467 0.572104 0.144875 0.034448 0.00445935
5 0.23983 0.599724 0.264907 0.0885935 0.0043273
13 0.930148 0.62029 0.0491503 0.0361158 0.00419623
13 0.864704 0.62261 0.0591306 0.0374161 0.00400287
13 0.92108 0.613567 0.046096 0.0340908 0.00396946
2 0.20316 0.65889 0.192272 0.085001 0.00386211
58 0.853906 0.620041 0.0208817 0.0381788 0.00383985
2 0.2865 0.693167 0.380944 0.234866 0.00377253
0 0.170461 0.66348 0.127267 0.0796494 0.00374562
2 0.649962 0.666376 0.0285119 0.0150596 0.00373194
0 0.255131 0.663152 0.0702541 0.0734953 0.00369212
2 0.361868 0.735915 0.224809 0.206275 0.0036791
0 0.918968 0.612984 0.0370689 0.0326565 0.003281
2 0.178024 0.662723 0.141366 0.07691 0.00324869
0 0.767169 0.573936 0.0229134 0.0350517 0.00322393
2 0.296279 0.721019 0.262594 0.216078 0.0029572
13 0.849999 0.62012 0.0331876 0.0388238 0.00295162
2 0.455137 0.637393 0.0541936 0.0500531 0.00284976
56 0.849999 0.62012 0.0331876 0.0388238 0.00281614
0 0.258798 0.645782 0.0520261 0.0428642 0.00277928
2 0.455456 0.626503 0.0544978 0.0293211 0.00272438
2 0.865522 0.612743 0.0581674 0.0358816 0.00268406
7 0.322668 0.61135 0.104029 0.0586511 0.00263485
2 0.844672 0.619776 0.0404653 0.0403748 0.00260413
7 0.329229 0.621373 0.0962518 0.0694904 0.00252721
0 0.220783 0.66088 0.103195 0.0743925 0.00241351
2 0.278124 0.705943 0.209254 0.183636 0.00230172
9 0.938144 0.571859 0.0160772 0.0193947 0.00218442
2 0.652527 0.642984 0.0333108 0.06451 0.00211397
0 0.760969 0.596037 0.0151376 0.0214523 0.0020932
2 0.477189 0.604893 0.0227271 0.0143232 0.00207341
11 0.139794 0.431692 0.0228211 0.0672929 0.00202984
58 0.65274 0.642315 0.0351123 0.0647974 0.00200221
2 0.187642 0.675513 0.161954 0.104884 0.00198361
58 0.373393 0.791082 0.208344 0.247404 0.00195956
2 0.650541 0.655567 0.0290082 0.0370726 0.00195697
1 0.841711 0.6222 0.0482806 0.036025 0.00194585
1 0.924283 0.613193 0.0516301 0.0346061 0.0019424
14 0.820999 0.706242 0.0198738 0.00917692 0.00192493
0 0.919684 0.607353 0.0348483 0.0328192 0.00186285
9 0.139794 0.431692 0.0228211 0.0672929 0.00184953
12 0.263858 0.418512 0.049249 0.12716 0.00184393
10 0.853906 0.620041 0.0208817 0.0381788 0.00182769
58 0.335993 0.846997 0.0747383 0.151213 0.00180531
58 0.319991 0.878557 0.0905492 0.0840351 0.00179976
12 0.884259 0.550844 0.0400932 0.0647105 0.00179809
2 0.896564 0.611612 0.0755188 0.0358772 0.00178534
13 0.652157 0.643566 0.0324862 0.0605072 0.0017406
2 0.883298 0.61607 0.120073 0.0397156 0.0017406
1 0.853906 0.620041 0.0208817 0.0381788 0.00172189
13 0.804845 0.620844 0.0488889 0.0188214 0.00170732
0 0.866245 0.617299 0.0370536 0.0323348 0.00168541
13 0.925259 0.633214 0.057668 0.0683949 0.00162831
0 0.147912 0.657207 0.0690302 0.0574782 0.00160906
2 0.194543 0.630902 0.182045 0.0550709 0.00159261
2 0.33388 0.634495 0.0756277 0.02709 0.00156936
2 0.866245 0.617299 0.0370536 0.0323348 0.00156489
0 0.25463 0.63994 0.0951022 0.0574586 0.00152808
0 0.978428 0.594069 0.0221652 0.0194332 0.0015249
12 0.883549 0.537035 0.0382619 0.035129 0.0015237
12 0.332923 0.61266 0.0791372 0.0448578 0.00144479
0 0.99018 0.59224 0.0167796 0.0219442 0.00141513
13 0.798355 0.621185 0.0479785 0.0121777 0.00139019
56 0.841711 0.6222 0.0482806 0.036025 0.0013676
0 0.984962 0.591574 0.0215764 0.0241884 0.00136489
10 0.849999 0.62012 0.0331876 0.0388238 0.00132358
2 0.252341 0.572948 0.068467 0.031224 0.00132126
13 0.0953896 0.916219 0.189837 0.163696 0.00127268
13 0.866245 0.617299 0.0370536 0.0323348 0.00125268
2 0.156935 0.660662 0.100969 0.0728631 0.00123984
0 0.268322 0.68144 0.0259374 0.0342434 0.00123981
13 0.78531 0.626323 0.0892011 0.0219614 0.001239
2 0.297935 0.662206 0.164128 0.0710167 0.0012241
2 0.386111 0.632633 0.190022 0.0930033 0.00121099
2 0.407919 0.720458 0.1371 0.0917627 0.00120839
2 0.140591 0.570081 0.0655577 0.0288654 0.00120759
13 0.928991 0.61381 0.0590828 0.0366734 0.00120467
2 0.285571 0.618303 0.182452 0.0604457 0.00119799
2 0.804845 0.620844 0.0488889 0.0188214 0.00119543
2 0.853906 0.620041 0.0208817 0.0381788 0.00119424
3 0.849636 0.619973 0.0360563 0.0388027 0.00118935
70 0.390777 0.18582 0.308203 0.230358 0.00118306
2 0.337362 0.66322 0.0826977 0.0661416 0.00118196
2 0.45934 0.601808 0.0585266 0.0270794 0.00117016
58 0.650541 0.655567 0.0290082 0.0370726 0.00115606
12 0.294052 0.417066 0.0488672 0.124662 0.00115362
2 0.447554 0.702274 0.420196 0.250795 0.0011085
0 0.65571 0.640419 0.0317406 0.0635259 0.00110844
8 0.89045 0.688389 0.108039 0.0170483 0.00109738
13 0.650541 0.655567 0.0290082 0.0370726 0.00108626
2 0.9156 0.608965 0.040159 0.0364534 0.00108516
9 0.815298 0.576773 0.0170888 0.0268066 0.00107285
10 0.92108 0.613567 0.046096 0.0340908 0.00107253
2 0.978428 0.594069 0.0221652 0.0194332 0.00106779
0 0.92064 0.618041 0.0465759 0.0434902 0.00105277
9 0.139905 0.443424 0.0230656 0.0530359 0.00104961
13 0.884902 0.622009 0.0989751 0.0444675 0.00103921
7 0.183467 0.572104 0.144875 0.034448 0.00102624
0 0.924283 0.613193 0.0516301 0.0346061 0.00100344
13 0.888906 0.623948 0.131306 0.0491127 0.00100237
