0 0.657748 0.576479 0.231761 0.36595 0.911735
0 0.471358 0.540481 0.0126322 0.0180188 0.0294439
32 0.759089 0.44148 0.0259431 0.0255285 0.0231578
29 0.757656 0.44231 0.0283861 0.0259463 0.0183881
0 0.547939 0.547329 0.0138481 0.0359584 0.0171797
0 0.470044 0.546664 0.0158921 0.0326711 0.0165967
29 0.749052 0.488817 0.0328072 0.0236542 0.0152169
2 0.471358 0.540481 0.0126322 0.0180188 0.0136919
29 0.752373 0.443512 0.0391621 0.0276658 0.012743
0 0.548095 0.540152 0.0123949 0.0192617 0.0126975
29 0.741077 0.489266 0.0484447 0.0278804 0.0103644
9 0.548095 0.540152 0.0123949 0.0192617 0.00752971
2 0.584799 0.541967 0.0697782 0.0302438 0.00717866
32 0.619285 0.54179 0.013277 0.0196253 0.00672731
35 0.752373 0.443512 0.0391621 0.0276658 0.00658977
0 0.568536 0.540156 0.0126791 0.0235139 0.00639468
9 0.471358 0.540481 0.0126322 0.0180188 0.00568345
35 0.757656 0.44231 0.0283861 0.0259463 0.00555679
29 0.737362 0.494404 0.0579643 0.0407036 0.00547859
2 0.569279 0.542601 0.0558453 0.0287627 0.00547194
29 0.723881 0.472155 0.0219047 0.0339306 0.00486264
32 0.752373 0.443512 0.0391621 0.0276658 0.00470546
0 0.5483 0.553607 0.0167051 0.0554193 0.00449619
0 0.619285 0.54179 0.013277 0.0196253 0.00444081
29 0.564499 0.736029 0.0400748 0.0280276 0.00431365
2 0.586717 0.53967 0.0209692 0.0253817 0.00428724
2 0.59261 0.539882 0.014248 0.0243958 0.00418553
9 0.619285 0.54179 0.013277 0.0196253 0.00408393
29 0.722741 0.46464 0.0252252 0.0461103 0.0031926
29 0.751457 0.449269 0.04231 0.0406741 0.00313827
29 0.725217 0.493962 0.0816486 0.0414005 0.00305012
0 0.568687 0.546769 0.0149636 0.0376897 0.00292349
32 0.548095 0.540152 0.0123949 0.0192617 0.00286776
11 0.548095 0.540152 0.0123949 0.0192617 0.00283128
35 0.751457 0.449269 0.04231 0.0406741 0.00282246
2 0.582716 0.534567 0.0923552 0.0462264 0.00280055
29 0.725585 0.478527 0.0222353 0.0203145 0.00274679
2 0.549059 0.541007 0.0172985 0.023444 0.00250241
2 0.548095 0.540152 0.0123949 0.0192617 0.00247696
32 0.722741 0.46464 0.0252252 0.0461103 0.00240707
0 0.471602 0.537837 0.0140074 0.0280813 0.00234708
9 0.568536 0.540156 0.0126791 0.0235139 0.00224617
2 0.568536 0.540156 0.0126791 0.0235139 0.00221038
12 0.471358 0.540481 0.0126322 0.0180188 0.00215384
2 0.46853 0.54507 0.0188742 0.0294177 0.00214615
0 0.469656 0.556772 0.0209346 0.0560407 0.00210884
32 0.471358 0.540481 0.0126322 0.0180188 0.00209805
29 0.745406 0.478143 0.0433884 0.0202653 0.00206158
2 0.465908 0.547936 0.0250971 0.0325315 0.00204816
32 0.727815 0.461947 0.0176342 0.0369109 0.00200289
32 0.564499 0.736029 0.0400748 0.0280276 0.00195792
0 0.549305 0.550392 0.0190836 0.0420896 0.00192201
2 0.572716 0.536523 0.0603168 0.0306129 0.00177088
29 0.755061 0.438842 0.0379862 0.0345562 0.00175804
32 0.723881 0.472155 0.0219047 0.0339306 0.00167164
0 0.59261 0.539882 0.014248 0.0243958 0.00166768
29 0.70274 0.493536 0.0363559 0.0266879 0.00166467
11 0.471358 0.540481 0.0126322 0.0180188 0.00162145
35 0.749052 0.488817 0.0328072 0.0236542 0.0015679
29 0.566032 0.7267 0.0436611 0.0487925 0.00154492
2 0.609699 0.544432 0.041024 0.0253376 0.00152308
32 0.749052 0.488817 0.0328072 0.0236542 0.00140288
29 0.740351 0.480213 0.0507105 0.0192354 0.00139675
0 0.465908 0.547936 0.0250971 0.0325315 0.00138816
0 0.593406 0.543765 0.016769 0.0335817 0.00130278
0 0.568594 0.557772 0.0160678 0.0688588 0.00127694
35 0.723881 0.472155 0.0219047 0.0339306 0.00127307
35 0.727815 0.461947 0.0176342 0.0369109 0.0012643
0 0.250898 0.38555 0.0329938 0.0492107 0.00119036
0 0.548059 0.538459 0.0143068 0.0298899 0.00118929
38 0.646703 0.663455 0.0628853 0.048381 0.00117821
2 0.472868 0.540828 0.0193583 0.0238258 0.00117433
0 0.549059 0.541007 0.0172985 0.023444 0.0011538
29 0.747985 0.455187 0.0477789 0.0492688 0.00113529
2 0.542838 0.544369 0.157602 0.0335233 0.00109857
35 0.747985 0.455187 0.0477789 0.0492688 0.0010384
35 0.722741 0.46464 0.0252252 0.0461103 0.00100821
