61 0.4415 0.553395 0.546831 0.834646 0.953387
61 0.499714 0.499952 0.989269 0.943809 0.0124515
71 0.165159 0.722702 0.329311 0.525663 0.0108033
71 0.405504 0.71974 0.809737 0.527247 0.00773931
60 0.50165 0.475516 0.975965 0.92901 0.00692371
61 0.441553 0.743636 0.536706 0.442482 0.00316629
61 0.474921 0.329829 0.423663 0.391015 0.00201079
61 0.165802 0.724193 0.33029 0.528423 0.00169134
74 0.446345 0.693725 0.327975 0.220304 0.00150755
61 0.405504 0.71974 0.809737 0.527247 0.00130183
71 0.441553 0.743636 0.536706 0.442482 0.00117376
