0 0.689963 0.494194 0.524196 0.982475 0.718997
77 0.483785 0.525351 0.966065 0.936509 0.325818
77 0.299205 0.532793 0.598411 0.922391 0.298875
0 0.484353 0.510582 0.968338 0.955829 0.177661
0 0.298913 0.528828 0.596075 0.931029 0.159044
77 0.713465 0.659595 0.49788 0.629806 0.137519
73 0.904822 0.278461 0.0883854 0.137024 0.114498
0 0.675032 0.269572 0.462667 0.503244 0.113738
73 0.919674 0.272921 0.063397 0.118121 0.0834306
73 0.895882 0.264303 0.0794379 0.113287 0.0795171
56 0.85277 0.578261 0.292755 0.804151 0.0767022
73 0.922233 0.272865 0.0914833 0.137187 0.0739009
73 0.850092 0.269548 0.0998286 0.122803 0.0698656
16 0.310921 0.521204 0.617772 0.935788 0.0686933
73 0.947871 0.269826 0.0558303 0.112731 0.0674685
73 0.881319 0.265267 0.0846209 0.117525 0.0648586
73 0.882895 0.297176 0.0734639 0.122087 0.0615425
73 0.938773 0.271008 0.070741 0.121145 0.0611175
73 0.87793 0.282653 0.0581756 0.0674253 0.0578786
73 0.9304 0.274113 0.0407995 0.106807 0.0577984
73 0.905622 0.236457 0.0569029 0.0634854 0.0552678
73 0.894738 0.289581 0.0907328 0.132082 0.0547223
73 0.878847 0.270422 0.0604022 0.0846085 0.0544187
73 0.8998 0.256191 0.0577826 0.104815 0.0519204
56 0.868269 0.647771 0.261928 0.4531 0.0496898
73 0.960179 0.248186 0.0342748 0.0702872 0.0480884
56 0.860114 0.308672 0.276833 0.244667 0.0420305
73 0.869294 0.277619 0.200685 0.153858 0.0401219
73 0.934426 0.257616 0.0663763 0.088278 0.0378169
73 0.857926 0.273121 0.078348 0.0890145 0.0374819
77 0.698249 0.536404 0.469912 0.243887 0.0372103
62 0.872085 0.0765487 0.254453 0.14883 0.0341331
56 0.706657 0.538277 0.581804 0.893579 0.0325484
73 0.933508 0.295038 0.0360329 0.0607369 0.0318052
16 0.471667 0.523838 0.943335 0.941407 0.0292508
73 0.95167 0.277509 0.0433012 0.0941203 0.0275636
73 0.835839 0.259644 0.0942281 0.0965142 0.0261612
73 0.877604 0.243011 0.0529198 0.0648054 0.026025
73 0.930155 0.291525 0.041009 0.0807165 0.0253215
0 0.720966 0.679397 0.496269 0.601623 0.0216628
73 0.838158 0.281222 0.113992 0.120082 0.0211318
73 0.855601 0.292583 0.0895216 0.108791 0.0209737
73 0.933506 0.247402 0.0506541 0.0545954 0.0188354
56 0.94046 0.526185 0.118842 0.199678 0.0157041
73 0.820483 0.23659 0.0377425 0.0366792 0.015034
56 0.819722 0.65355 0.35275 0.515423 0.0148836
77 0.0572072 0.875885 0.111992 0.244468 0.0145675
73 0.932504 0.416192 0.0937327 0.0627216 0.0131185
56 0.858506 0.475635 0.282693 0.584026 0.0122554
73 0.958467 0.302592 0.027658 0.0406215 0.0121977
73 0.816329 0.2393 0.0478041 0.0406394 0.012105
56 0.858895 0.380795 0.282209 0.398513 0.0120375
73 0.906944 0.296217 0.076727 0.107462 0.0116159
73 0.819808 0.257347 0.0686427 0.0857979 0.0111711
57 0.0567413 0.873511 0.111276 0.246907 0.0110615
73 0.941614 0.229019 0.0850382 0.0721325 0.0106277
73 0.860577 0.233423 0.0371138 0.0435872 0.0105229
73 0.932281 0.304654 0.0608956 0.0882375 0.0104342
73 0.840688 0.228807 0.0323931 0.0323283 0.00998092
73 0.869633 0.299507 0.085536 0.122727 0.00952956
15 0.310921 0.521204 0.617772 0.935788 0.0093978
56 0.935711 0.603443 0.128449 0.393794 0.00880343
73 0.953383 0.250232 0.0507749 0.0761681 0.008766
77 0.696027 0.485052 0.530296 0.94235 0.00853059
73 0.969662 0.261882 0.024143 0.111996 0.00722399
73 0.829975 0.233888 0.0604967 0.0469942 0.00721002
56 0.840059 0.278283 0.233349 0.157584 0.00686225
73 0.916072 0.297608 0.147649 0.209707 0.00613686
73 0.856531 0.229024 0.0348584 0.0387036 0.00565782
56 0.945275 0.678939 0.108923 0.159087 0.00564864
56 0.870579 0.725294 0.258841 0.302231 0.00563562
56 0.928964 0.473501 0.141277 0.248134 0.00546679
56 0.928786 0.413648 0.105645 0.0682684 0.00542858
73 0.98315 0.284861 0.0323486 0.188983 0.00534716
57 0.866962 0.646397 0.264419 0.45212 0.00526994
59 0.0553247 0.868828 0.108201 0.248426 0.00486898
60 0.939894 0.516279 0.119496 0.177206 0.00479189
57 0.512419 0.767492 0.971196 0.442181 0.00469664
73 0.888777 0.335041 0.0494483 0.0415388 0.00452355
0 0.460681 0.375637 0.904844 0.703883 0.00450826
59 0.859962 0.307388 0.277114 0.238764 0.00447917
73 0.881086 0.321743 0.0556179 0.070265 0.00427964
68 0.872085 0.0765487 0.254453 0.14883 0.00407752
77 0.259496 0.300266 0.514074 0.497541 0.00405678
0 0.702506 0.359901 0.382046 0.291664 0.00400344
28 0.872196 0.0764085 0.253666 0.14611 0.00399643
57 0.487938 0.513035 0.971517 0.95706 0.00394794
73 0.868865 0.318536 0.250143 0.233304 0.00386915
13 0.860114 0.308672 0.276833 0.244667 0.00382733
59 0.487938 0.513035 0.971517 0.95706 0.00330493
73 0.785225 0.248884 0.130222 0.101035 0.00324053
73 0.900582 0.320437 0.0400678 0.0637302 0.00307417
56 0.867175 0.105995 0.26338 0.205664 0.00301442
73 0.806772 0.265956 0.0939876 0.0917958 0.00300762
18 0.487938 0.513035 0.971517 0.95706 0.00298995
26 0.944665 0.680286 0.110118 0.157565 0.00291133
56 0.0569438 0.873202 0.111069 0.248079 0.00280976
18 0.310921 0.521204 0.617772 0.935788 0.0027796
21 0.310921 0.521204 0.617772 0.935788 0.00274089
56 0.926154 0.718841 0.147391 0.312508 0.0027321
59 0.862938 0.643641 0.270469 0.460157 0.00265643
56 0.928043 0.317861 0.142411 0.259073 0.00259644
72 0.872196 0.0764085 0.253666 0.14611 0.00257131
16 0.71276 0.682299 0.498412 0.585939 0.00254413
57 0.861881 0.557428 0.272567 0.657292 0.00254267
59 0.50163 0.871832 0.983356 0.23271 0.00250575
73 0.946087 0.300701 0.0550301 0.0867282 0.00244927
60 0.0553247 0.868828 0.108201 0.248426 0.00244081
57 0.846247 0.87436 0.306316 0.245239 0.00244007
26 0.871196 0.759682 0.257608 0.237333 0.0024215
77 0.266915 0.409124 0.528152 0.709087 0.0024159
20 0.42129 0.521128 0.842579 0.943758 0.00237745
59 0.49876 0.816819 0.993398 0.339075 0.00234181
73 0.932096 0.266777 0.123316 0.156711 0.00229812
56 0.862306 0.216014 0.274564 0.432028 0.00227043
57 0.819722 0.65355 0.35275 0.515423 0.00225568
20 0.298913 0.528828 0.596075 0.931029 0.00224701
59 0.843152 0.868168 0.313697 0.249752 0.00221795
59 0.861881 0.557428 0.272567 0.657292 0.00219935
21 0.471667 0.523838 0.943335 0.941407 0.00219062
62 0.855136 0.277675 0.237955 0.155542 0.00214913
0 0.863531 0.635704 0.271494 0.482425 0.00212321
56 0.926474 0.539248 0.146625 0.246665 0.00209817
57 0.756425 0.773564 0.48629 0.434347 0.00209633
0 0.856029 0.525797 0.284579 0.727549 0.00207272
0 0.751186 0.527425 0.488053 0.801537 0.00205204
73 0.930496 0.408561 0.109396 0.0728916 0.002051
73 0.885898 0.338019 0.0389076 0.0359441 0.00199622
56 0.875203 0.500921 0.248969 0.306719 0.00193152
54 0.705451 0.54241 0.484282 0.233775 0.00191534
15 0.471667 0.523838 0.943335 0.941407 0.00191039
56 0.487938 0.513035 0.971517 0.95706 0.0018332
57 0.503495 0.844807 0.99301 0.287078 0.00181618
16 0.0572072 0.875885 0.111992 0.244468 0.00176337
73 0.987695 0.275183 0.0239403 0.16472 0.0017485
26 0.854555 0.277338 0.221738 0.153202 0.00174034
27 0.549845 0.374561 0.0999148 0.0985662 0.0017162
55 0.705451 0.54241 0.484282 0.233775 0.00169319
57 0.32748 0.75255 0.654386 0.482326 0.00167274
13 0.862414 0.634295 0.274315 0.490658 0.00166747
60 0.866962 0.646397 0.264419 0.45212 0.00163028
18 0.0572072 0.875885 0.111992 0.244468 0.00158557
13 0.855015 0.530576 0.289969 0.732148 0.00155959
56 0.925369 0.418735 0.146069 0.177449 0.00146925
28 0.855136 0.277675 0.237955 0.155542 0.00144145
53 0.69492 0.534888 0.459509 0.251783 0.0014267
0 0.846155 0.796581 0.306823 0.39311 0.00135782
16 0.705451 0.54241 0.484282 0.233775 0.00131768
39 0.122623 0.0862766 0.0756795 0.0647373 0.00131065
56 0.923737 0.398821 0.123184 0.101005 0.00128087
0 0.0570133 0.871768 0.111718 0.251891 0.00126299
56 0.846247 0.87436 0.306316 0.245239 0.00126189
0 0.860253 0.73481 0.278096 0.482508 0.00126043
56 0.872033 0.0756834 0.25393 0.145108 0.00125474
73 0.942195 0.31018 0.0639341 0.0838225 0.00125372
13 0.807311 0.561519 0.384229 0.766697 0.00125167
73 0.790689 0.261447 0.115726 0.0990359 0.00124207
39 0.850092 0.269548 0.0998286 0.122803 0.00124145
73 0.863105 0.264349 0.261676 0.17366 0.00123394
73 0.986661 0.406459 0.0254237 0.0504833 0.00122136
73 0.972657 0.269306 0.0180397 0.114771 0.00120637
72 0.321667 0.0579125 0.208134 0.111319 0.00119889
59 0.819722 0.65355 0.35275 0.515423 0.00116056
60 0.861123 0.294553 0.274791 0.261985 0.00114074
28 0.870141 0.754888 0.259718 0.244203 0.00113687
57 0.316814 0.872397 0.631242 0.243921 0.00112182
13 0.706657 0.538277 0.581804 0.893579 0.00111684
73 0.832299 0.283437 0.227155 0.167015 0.00110003
24 0.871196 0.759682 0.257608 0.237333 0.00109795
15 0.705451 0.54241 0.484282 0.233775 0.00108129
56 0.892065 0.62168 0.214769 0.279264 0.00107962
48 0.69492 0.534888 0.459509 0.251783 0.00107923
56 0.867723 0.240208 0.2636 0.209371 0.00107312
56 0.512419 0.767492 0.971196 0.442181 0.00106332
59 0.706657 0.538277 0.581804 0.893579 0.00106052
56 0.897428 0.331879 0.202631 0.238132 0.00105283
59 0.756425 0.773564 0.48629 0.434347 0.00104463
57 0.859962 0.307388 0.277114 0.238764 0.00102472
57 0.839342 0.799063 0.320795 0.386443 0.00100759
19 0.487938 0.513035 0.971517 0.95706 0.00100437
