14 0.522012 0.411052 0.155362 0.304333 0.833862
14 0.820816 0.561332 0.212392 0.351517 0.820966
14 0.489805 0.699147 0.17673 0.311016 0.785245
14 0.299578 0.341399 0.144813 0.266279 0.775168
14 0.135268 0.179228 0.170636 0.290866 0.773469
14 0.268193 0.796305 0.155146 0.320742 0.712013
14 0.289885 0.602924 0.186427 0.290467 0.633727
14 0.8556 0.814224 0.157525 0.281816 0.56594
47 0.298866 0.340101 0.144626 0.262445 0.375925
14 0.824264 0.671255 0.212974 0.56495 0.10742
14 0.522563 0.499292 0.157641 0.480937 0.0426865
14 0.290747 0.479452 0.168769 0.535665 0.0381436
14 0.534388 0.558002 0.193384 0.611474 0.0344155
47 0.854717 0.809075 0.156748 0.283019 0.0301906
14 0.486981 0.659274 0.163369 0.231237 0.0283826
14 0.281172 0.708505 0.17434 0.527334 0.0269473
47 0.288848 0.60412 0.184356 0.278737 0.0252783
14 0.299208 0.790288 0.0957537 0.248599 0.0180089
14 0.234944 0.819834 0.0913828 0.353151 0.0164202
14 0.394772 0.674202 0.399987 0.325292 0.0141779
21 0.820914 0.562633 0.213441 0.353684 0.0141184
14 0.55842 0.761484 0.323283 0.45199 0.0140512
21 0.289861 0.601727 0.184592 0.292261 0.0139795
21 0.134915 0.178998 0.169782 0.289673 0.0135674
14 0.540073 0.452709 0.191476 0.389586 0.0132199
14 0.335126 0.607977 0.0965233 0.278122 0.00978196
14 0.514402 0.656021 0.177252 0.388242 0.00954691
14 0.403356 0.574341 0.412381 0.644823 0.00878131
14 0.551727 0.629278 0.285074 0.741444 0.00784245
47 0.521427 0.409135 0.154064 0.299594 0.007734
14 0.619183 0.464767 0.0618114 0.156009 0.00748205
14 0.587698 0.759609 0.0353023 0.0778015 0.00607863
46 0.298999 0.34042 0.144364 0.263051 0.00586984
14 0.206115 0.830829 0.145606 0.322767 0.00554943
21 0.8556 0.814224 0.157525 0.281816 0.00536901
14 0.540455 0.708344 0.166319 0.349562 0.00519985
14 0.60314 0.473758 0.0928314 0.173959 0.00487337
14 0.53014 0.626734 0.076276 0.169435 0.00473297
21 0.299333 0.341708 0.144914 0.263854 0.00462273
14 0.278744 0.785967 0.135648 0.25811 0.00457883
46 0.568201 0.536955 0.0644101 0.0490568 0.0044995
14 0.558942 0.626244 0.133509 0.173201 0.00439075
14 0.57146 0.832373 0.0804499 0.233191 0.00428954
14 0.248152 0.809913 0.229845 0.335161 0.00349396
46 0.288485 0.598497 0.183474 0.273893 0.00329447
14 0.591358 0.765915 0.0472682 0.0915999 0.00314406
47 0.286942 0.532741 0.179908 0.214672 0.00312161
14 0.527489 0.66315 0.0816647 0.242847 0.0031074
14 0.372537 0.710658 0.377613 0.508825 0.0030826
14 0.489567 0.81083 0.0561219 0.106149 0.00305718
14 0.810109 0.283161 0.0893732 0.218123 0.00302264
47 0.135083 0.176417 0.168857 0.285943 0.00301483
14 0.607684 0.827551 0.155876 0.288002 0.0029166
14 0.591456 0.535721 0.112757 0.297963 0.00283509
15 0.820568 0.560522 0.212438 0.351963 0.00262982
54 0.298866 0.340101 0.144626 0.262445 0.00255862
25 0.820568 0.560522 0.212438 0.351963 0.00249106
25 0.135087 0.178116 0.169442 0.286909 0.00246549
16 0.267466 0.793747 0.158622 0.309456 0.00245595
14 0.808815 0.740083 0.257277 0.444596 0.00231615
14 0.186919 0.817318 0.104211 0.21195 0.00227433
14 0.619179 0.437093 0.0609174 0.101225 0.00216243
49 0.572963 0.538856 0.0535991 0.0431618 0.00207585
14 0.284057 0.66654 0.194546 0.389465 0.0020532
0 0.289367 0.599401 0.183745 0.296434 0.00199857
47 0.846901 0.940279 0.0493726 0.0258062 0.00190887
21 0.489805 0.699147 0.17673 0.311016 0.00188065
14 0.579724 0.757607 0.0532157 0.0850508 0.00185511
0 0.856014 0.810815 0.156926 0.288267 0.00184476
46 0.572867 0.540398 0.0525249 0.037399 0.00182784
18 0.135087 0.178116 0.169442 0.286909 0.00174791
47 0.27124 0.556208 0.148228 0.160128 0.00170222
16 0.820568 0.560522 0.212438 0.351963 0.00168759
14 0.345355 0.599594 0.147786 0.287109 0.00168389
16 0.289367 0.599401 0.183745 0.296434 0.00168362
14 0.546818 0.624928 0.0481875 0.171842 0.00167924
14 0.468486 0.739925 0.639176 0.504348 0.00159636
47 0.268171 0.809436 0.157868 0.334916 0.00159505
0 0.13522 0.180264 0.170468 0.29552 0.00158823
14 0.569928 0.770839 0.0764609 0.112251 0.00154027
14 0.562895 0.871449 0.0574592 0.105374 0.00151607
14 0.587853 0.481556 0.121899 0.193393 0.00151566
14 0.566661 0.799304 0.0891734 0.246951 0.00148079
46 0.235448 0.537158 0.0519011 0.0291375 0.00147951
47 0.486981 0.659274 0.163369 0.231237 0.00145906
14 0.551027 0.720837 0.116456 0.251698 0.0014261
14 0.610637 0.76654 0.0866469 0.100577 0.00142258
46 0.854717 0.809075 0.156748 0.283019 0.0014202
14 0.2904 0.539844 0.186755 0.268076 0.00139329
47 0.235448 0.537158 0.0519011 0.0291375 0.00138527
77 0.135549 0.179986 0.170711 0.290514 0.00138095
46 0.549443 0.522834 0.10391 0.0796822 0.00136942
14 0.832097 0.23124 0.0468298 0.115415 0.00136754
14 0.568219 0.743769 0.0733517 0.112716 0.00135064
14 0.587523 0.811684 0.0541598 0.199179 0.00131676
14 0.591362 0.590027 0.106294 0.447739 0.00129753
14 0.577121 0.605554 0.108277 0.340103 0.00129044
14 0.289939 0.464995 0.168024 0.207938 0.00128204
14 0.534627 0.698508 0.0878176 0.309152 0.00127149
14 0.275396 0.722889 0.175622 0.370869 0.00124872
14 0.491795 0.823901 0.0620815 0.140263 0.00122696
16 0.135549 0.179986 0.170711 0.290514 0.00120711
21 0.267466 0.793747 0.158622 0.309456 0.00119856
14 0.567414 0.652858 0.118712 0.248483 0.00114882
14 0.613682 0.578833 0.356199 0.660587 0.00112841
47 0.258231 0.533941 0.122452 0.206127 0.00110874
14 0.164781 0.78606 0.0606407 0.148351 0.00107554
46 0.521427 0.409135 0.154064 0.299594 0.00103891
21 0.290747 0.479452 0.168769 0.535665 0.00103107
47 0.236404 0.573701 0.0779199 0.116669 0.00101373
21 0.522012 0.411052 0.155362 0.304333 0.00101259
16 0.8556 0.814224 0.157525 0.281816 0.00100437
0 0.206974 0.410774 0.357314 0.747402 0.00100395
