2 0.588884 0.686629 0.0637932 0.0814988 0.838077
7 0.911832 0.736469 0.137152 0.174736 0.65923
2 0.911959 0.735966 0.136756 0.175376 0.228176
15 0.222033 0.451238 0.0482174 0.0752969 0.0507146
7 0.589004 0.685995 0.0641031 0.0807354 0.0398045
1 0.437779 0.658481 0.0473797 0.0331365 0.0299348
1 0.380859 0.686775 0.0313479 0.0331171 0.0280165
5 0.911854 0.73769 0.136885 0.171746 0.0278723
1 0.455614 0.662064 0.0130796 0.0263297 0.0257785
3 0.380859 0.686775 0.0313479 0.0331171 0.0135141
9 0.553777 0.514959 0.0170389 0.0472156 0.0128089
2 0.429493 0.657246 0.032058 0.0338404 0.0102635
7 0.912852 0.674859 0.135434 0.299922 0.00989649
3 0.43752 0.657452 0.0464474 0.0354634 0.00798616
0 0.924198 0.718151 0.031348 0.0235639 0.00663397
1 0.437763 0.67525 0.0495837 0.0647384 0.00639251
56 0.380969 0.686472 0.0302218 0.0330167 0.0063591
1 0.429493 0.657246 0.032058 0.0338404 0.00508326
13 0.286709 0.704114 0.0400494 0.0570104 0.00475353
0 0.906782 0.717999 0.017297 0.0244306 0.0047158
0 0.933799 0.706963 0.0256615 0.0338521 0.00394377
15 0.223519 0.435147 0.0500796 0.109898 0.00384733
9 0.533119 0.478059 0.0098547 0.0130383 0.0035513
58 0.3425 0.710363 0.0448363 0.0921505 0.00342047
2 0.43752 0.657452 0.0464474 0.0354634 0.00333324
58 0.327757 0.713304 0.0346622 0.0726248 0.0032298
2 0.815132 0.680585 0.0213688 0.0276193 0.00292295
13 0.380859 0.686775 0.0313479 0.0331171 0.00292233
1 0.455176 0.670707 0.015073 0.044831 0.00279543
58 0.33426 0.715171 0.057527 0.0863169 0.00278503
58 0.380043 0.686378 0.0312074 0.0331631 0.00270772
16 0.222033 0.451238 0.0482174 0.0752969 0.00247827
3 0.455614 0.662064 0.0130796 0.0263297 0.00201717
0 0.937786 0.709778 0.0298687 0.0364759 0.0019781
0 0.768181 0.66448 0.0122651 0.0487332 0.0019609
13 0.33414 0.715123 0.0582073 0.0869154 0.00188255
0 0.939377 0.705734 0.0239733 0.0354331 0.00187519
58 0.318702 0.719071 0.0247666 0.0742459 0.00185278
13 0.288026 0.716088 0.0441919 0.0810404 0.00182864
58 0.331972 0.690787 0.0267875 0.0532624 0.00178847
58 0.352427 0.691591 0.0258985 0.0381077 0.00177675
56 0.352899 0.704232 0.0231809 0.0566543 0.00173107
3 0.429493 0.657246 0.032058 0.0338404 0.00171962
1 0.416851 0.691165 0.00899906 0.0382629 0.00171936
9 0.528104 0.533587 0.00796823 0.0137664 0.00170755
58 0.352899 0.704232 0.0231809 0.0566543 0.00164953
0 0.380969 0.686472 0.0302218 0.0330167 0.00164115
58 0.246842 0.184873 0.125772 0.336745 0.00163877
0 0.659559 0.51873 0.0361166 0.0597894 0.00162143
58 0.720975 0.647883 0.016786 0.0222793 0.00154912
56 0.748669 0.667552 0.0189971 0.0286519 0.00154266
32 0.533119 0.478059 0.0098547 0.0130383 0.00153854
8 0.911959 0.735966 0.136756 0.175376 0.00138995
2 0.455614 0.662064 0.0130796 0.0263297 0.00137383
56 0.744253 0.672105 0.0278511 0.0328198 0.00137013
0 0.909995 0.70677 0.0315048 0.0402352 0.00136405
1 0.405056 0.685094 0.0372375 0.0433841 0.0013397
56 0.752699 0.672171 0.015353 0.0362466 0.00133452
2 0.382723 0.686853 0.0287744 0.0331411 0.00128254
2 0.931279 0.607069 0.0206551 0.0262148 0.00126293
2 0.65996 0.663106 0.0219301 0.0192387 0.00126216
58 0.986792 0.585688 0.0258915 0.119362 0.00123811
56 0.814272 0.679605 0.0188118 0.0280419 0.00121972
0 0.318702 0.719071 0.0247666 0.0742459 0.00116259
0 0.632316 0.710096 0.69256 0.195278 0.00114214
0 0.920558 0.708907 0.0475475 0.0416193 0.00112933
58 0.31546 0.720076 0.0165188 0.0729403 0.00112313
1 0.813654 0.679039 0.0197754 0.0284108 0.00110635
58 0.351683 0.715367 0.0235787 0.0765204 0.00108325
13 0.815132 0.680585 0.0213688 0.0276193 0.00105339
0 0.488839 0.511549 0.0115969 0.053304 0.00105333
0 0.619408 0.665391 0.00914001 0.0211653 0.00102368
0 0.766797 0.666317 0.0166512 0.0552578 0.00101697
13 0.220696 0.828029 0.0429906 0.0709266 0.00101388
