33 0.687255 0.205468 0.0241372 0.0381129 0.76361
33 0.129905 0.807439 0.0663404 0.0348488 0.628636
0 0.393739 0.770477 0.0132535 0.0452467 0.609995
33 0.698108 0.468213 0.0213808 0.0352604 0.564455
33 0.612108 0.666778 0.0260426 0.0254545 0.556964
0 0.369306 0.765718 0.0157305 0.0606764 0.464018
0 0.880775 0.768859 0.010663 0.0517048 0.413773
0 0.350394 0.765712 0.0137418 0.0544066 0.333834
0 0.3402 0.769534 0.00988512 0.0499835 0.326121
0 0.882213 0.772348 0.0152296 0.0621385 0.285287
0 0.179737 0.767061 0.0146571 0.0460322 0.283492
0 0.47835 0.760421 0.00921516 0.0436584 0.257787
0 0.537049 0.760391 0.0136855 0.040959 0.243591
0 0.920381 0.762459 0.0104664 0.0237853 0.241635
0 0.641405 0.774554 0.0159152 0.0299519 0.233764
33 0.459884 0.491825 0.0142591 0.0123552 0.228009
0 0.578803 0.763037 0.0182034 0.0446635 0.218177
0 0.434732 0.778035 0.0109785 0.0287113 0.207217
0 0.616085 0.774684 0.0118814 0.0273651 0.201079
0 0.526806 0.760537 0.012331 0.0392569 0.193065
33 0.443695 0.593763 0.0141554 0.0130892 0.190247
0 0.628823 0.775376 0.0110598 0.0279398 0.185441
0 0.613408 0.773722 0.0121045 0.0271706 0.164081
0 0.188837 0.764169 0.0126474 0.0489114 0.161849
33 0.463815 0.493473 0.0219522 0.0155556 0.144539
0 0.327708 0.762541 0.0115295 0.0405945 0.124986
0 0.185765 0.765152 0.0178123 0.0497066 0.12462
0 0.819273 0.75368 0.0128618 0.041861 0.119586
0 0.854084 0.758415 0.0130278 0.0389253 0.114098
33 0.860918 0.783898 0.0478931 0.0406056 0.110429
0 0.845874 0.757811 0.0137444 0.0445696 0.0962985
0 0.218856 0.760436 0.0146715 0.0292102 0.0830851
0 0.610126 0.773009 0.0122432 0.0273877 0.0826475
0 0.581423 0.777433 0.0176302 0.0251907 0.0808912
0 0.207378 0.769769 0.00990448 0.0374519 0.0790041
0 0.84961 0.760128 0.0204082 0.0477599 0.0734866
33 0.85311 0.784772 0.0326668 0.0383794 0.0683672
0 0.208039 0.765552 0.00894108 0.0353556 0.0661387
0 0.851445 0.766073 0.0207939 0.0505531 0.05546
0 0.130079 0.768194 0.0120147 0.0155808 0.0524472
0 0.831491 0.752873 0.00705986 0.0191608 0.050096
0 0.524608 0.761378 0.014916 0.0400328 0.0485406
0 0.376426 0.770428 0.0153159 0.0473644 0.0444191
0 0.464279 0.773179 0.0134125 0.0247172 0.0391861
0 0.373439 0.766204 0.0201682 0.0546653 0.0387002
1 0.227686 0.76823 0.0140648 0.0242314 0.0371507
0 0.85311 0.784772 0.0326668 0.0383794 0.032893
1 0.218235 0.764367 0.025504 0.0341987 0.0310987
33 0.469993 0.493985 0.0350307 0.0184453 0.0298078
0 0.863522 0.784921 0.0542707 0.0406651 0.029572
1 0.581129 0.780186 0.0186071 0.0222157 0.0292704
0 0.167286 0.774779 0.0121928 0.0239038 0.02896
0 0.218235 0.764367 0.025504 0.0341987 0.0277963
0 0.459002 0.774785 0.0227024 0.0222937 0.027669
0 0.193578 0.777972 0.01429 0.0273611 0.0265339
0 0.379831 0.774946 0.0110229 0.0354879 0.0256387
0 0.870234 0.768139 0.0134632 0.0311801 0.0234716
0 0.437824 0.774015 0.0157551 0.0204627 0.0228538
0 0.22513 0.763446 0.01889 0.0326119 0.0200021
0 0.197032 0.768127 0.0138633 0.0415704 0.0187933
0 0.216194 0.770362 0.0261392 0.0373887 0.018098
0 0.413849 0.779286 0.0115047 0.030531 0.0178958
2 0.4585 0.774681 0.0238384 0.0223483 0.0174225
0 0.301165 0.760655 0.011702 0.0228612 0.0173463
0 0.35111 0.762934 0.0170326 0.0651513 0.016991
0 0.474349 0.762707 0.0172476 0.0448949 0.0168769
33 0.612974 0.679356 0.0277624 0.0517789 0.0166638
0 0.731441 0.772622 0.0141846 0.0165066 0.0162488
0 0.175586 0.765915 0.0193499 0.0414259 0.0151272
1 0.207378 0.769769 0.00990448 0.0374519 0.0150441
0 0.846388 0.756586 0.0218807 0.0440648 0.0141037
33 0.464285 0.499497 0.0254801 0.0281715 0.0140642
1 0.203779 0.774489 0.015254 0.0336173 0.013841
0 0.227686 0.76823 0.0140648 0.0242314 0.0133493
0 0.865866 0.765151 0.018055 0.037238 0.0130167
0 0.853125 0.761563 0.0262747 0.0489478 0.0130133
1 0.4585 0.774681 0.0238384 0.0223483 0.0128634
0 0.48089 0.761536 0.018789 0.0452055 0.0127606
1 0.193578 0.777972 0.01429 0.0273611 0.0122757
0 0.203779 0.774489 0.015254 0.0336173 0.0121765
0 0.554069 0.724748 0.00824661 0.0259921 0.0111485
2 0.0191279 0.769126 0.0227237 0.0127428 0.0109027
0 0.303444 0.757138 0.011381 0.0263686 0.0105348
0 0.168258 0.7777 0.013936 0.0275006 0.0104363
0 0.643608 0.722764 0.0114965 0.0258669 0.00992247
0 0.324538 0.760068 0.0146854 0.0388596 0.00988463
0 0.322686 0.763844 0.0119296 0.0324098 0.00984961
2 0.167286 0.774779 0.0121928 0.0239038 0.00949597
0 0.437972 0.777917 0.0183294 0.0289232 0.00911981
0 0.891744 0.785648 0.0171946 0.0350684 0.00910133
33 0.4585 0.774681 0.0238384 0.0223483 0.00902382
0 0.0413392 0.728445 0.0138593 0.0257275 0.00885803
33 0.463496 0.506072 0.0243468 0.0404993 0.00857556
1 0.214443 0.772311 0.0374225 0.0388452 0.0084556
1 0.216194 0.770362 0.0261392 0.0373887 0.00822222
56 0.167286 0.774779 0.0121928 0.0239038 0.00781628
0 0.745097 0.739275 0.00801926 0.0230624 0.00772536
0 0.818536 0.762203 0.0159203 0.050037 0.00754249
0 0.213643 0.757267 0.0167293 0.0370281 0.00749359
0 0.0854258 0.781758 0.017513 0.0334373 0.00713146
2 0.706875 0.773027 0.0177599 0.0107212 0.00712791
3 0.227686 0.76823 0.0140648 0.0242314 0.0071035
1 0.464279 0.773179 0.0134125 0.0247172 0.00694728
56 0.581423 0.777433 0.0176302 0.0251907 0.00684479
33 0.617861 0.667211 0.0384735 0.0267327 0.00651914
0 0.39153 0.766165 0.019231 0.0552554 0.00650021
5 0.0962856 0.722709 0.126111 0.0412812 0.00630572
3 0.581129 0.780186 0.0186071 0.0222157 0.00627133
3 0.218235 0.764367 0.025504 0.0341987 0.00586569
33 0.607422 0.719454 0.0171041 0.0218393 0.00577468
2 0.418116 0.772276 0.0197879 0.0225257 0.005732
1 0.22513 0.763446 0.01889 0.0326119 0.00570449
1 0.167286 0.774779 0.0121928 0.0239038 0.00552407
0 0.0791953 0.727941 0.0134438 0.0260264 0.00541589
3 0.216194 0.770362 0.0261392 0.0373887 0.00538447
33 0.418116 0.772276 0.0197879 0.0225257 0.00531963
3 0.459002 0.774785 0.0227024 0.0222937 0.00527072
2 0.870234 0.768139 0.0134632 0.0311801 0.00517419
2 0.119821 0.770452 0.0191233 0.0101451 0.00506151
33 0.691357 0.468247 0.0343523 0.0363288 0.00501841
1 0.589902 0.775444 0.0353774 0.0264981 0.00495055
56 0.459002 0.774785 0.0227024 0.0222937 0.00488079
2 0.0872945 0.781096 0.021182 0.0346159 0.00483701
33 0.612656 0.658099 0.0269686 0.0461668 0.00483516
33 0.86449 0.788713 0.0560846 0.0446338 0.00470996
33 0.787823 0.774385 0.0273541 0.0180433 0.00468042
33 0.166277 0.775364 0.0115775 0.0234786 0.00461328
2 0.0151594 0.77076 0.028443 0.0157419 0.00447261
33 0.106458 0.793947 0.0214729 0.0162784 0.00428751
0 0.788076 0.772928 0.0264061 0.0157117 0.00417
0 0.129516 0.762993 0.0104099 0.0248057 0.00404343
2 0.379831 0.774946 0.0110229 0.0354879 0.00403091
1 0.584935 0.779007 0.0289217 0.0251211 0.00401416
1 0.862419 0.7845 0.0515917 0.0398189 0.00398886
0 0.744905 0.752111 0.0122108 0.0492893 0.0039863
0 0.943288 0.769781 0.0110748 0.011332 0.00385728
0 0.604786 0.770849 0.0192909 0.0300943 0.00381014
1 0.180538 0.767844 0.0169592 0.0470886 0.00378492
56 0.227686 0.76823 0.0140648 0.0242314 0.00364196
3 0.167286 0.774779 0.0121928 0.0239038 0.00361171
0 0.5792 0.768793 0.0241785 0.0460018 0.00360107
2 0.16167 0.773248 0.0241369 0.0174573 0.00358695
2 0.306864 0.763024 0.0195106 0.0208679 0.0035454
1 0.413849 0.779286 0.0115047 0.030531 0.00349542
56 0.216194 0.770362 0.0261392 0.0373887 0.00347874
1 0.379831 0.774946 0.0110229 0.0354879 0.00342879
1 0.218856 0.760436 0.0146715 0.0292102 0.00339818
5 0.0956986 0.718959 0.119298 0.0286467 0.00329196
0 0.541284 0.776565 0.0171707 0.0352699 0.003263
2 0.943288 0.769781 0.0110748 0.011332 0.00325155
3 0.863522 0.784921 0.0542707 0.0406651 0.00322282
0 0.456128 0.770356 0.0268982 0.0293809 0.00321108
56 0.168258 0.7777 0.013936 0.0275006 0.00320217
0 0.296852 0.754498 0.00914631 0.0321751 0.00317752
0 0.828364 0.747644 0.0176977 0.0370529 0.00313312
1 0.579878 0.765088 0.0186857 0.0473703 0.00310296
56 0.180538 0.767844 0.0169592 0.0470886 0.0030686
33 0.437824 0.774015 0.0157551 0.0204627 0.00303042
33 0.469768 0.500649 0.0369582 0.0316837 0.00300804
2 0.106225 0.770682 0.0183125 0.0111388 0.00290671
56 0.415741 0.779631 0.0149055 0.0322887 0.00290346
1 0.870234 0.768139 0.0134632 0.0311801 0.00285849
1 0.85311 0.784772 0.0326668 0.0383794 0.00284883
0 0.705755 0.720363 0.0131395 0.0258839 0.00283095
0 0.326943 0.757357 0.0126306 0.0531896 0.00281587
33 0.920381 0.762459 0.0104664 0.0237853 0.0027982
2 0.0280922 0.767501 0.0361581 0.0128074 0.00279564
33 0.131983 0.780679 0.0681205 0.0320115 0.00276875
1 0.819007 0.754733 0.0133911 0.0408589 0.00276232
0 0.54741 0.765664 0.0127657 0.0334726 0.00273266
33 0.581423 0.777433 0.0176302 0.0251907 0.00268683
2 0.460646 0.760889 0.063525 0.0320889 0.00267306
33 0.434803 0.778381 0.0113277 0.0289702 0.00261825
0 0.886405 0.775239 0.0259806 0.0610038 0.0025453
2 0.446035 0.73141 0.0121889 0.0150119 0.00253797
56 0.193578 0.777972 0.01429 0.0273611 0.00253692
0 0.446035 0.73141 0.0121889 0.0150119 0.002514
33 0.611554 0.702525 0.0277845 0.0424799 0.00249022
25 0.4585 0.774681 0.0238384 0.0223483 0.00244436
0 0.579023 0.756024 0.0211747 0.0564885 0.00236261
13 0.167286 0.774779 0.0121928 0.0239038 0.00236151
1 0.788076 0.772928 0.0264061 0.0157117 0.00233144
33 0.870234 0.768139 0.0134632 0.0311801 0.00232771
33 0.0869354 0.781702 0.0202833 0.0341092 0.00231013
0 0.610183 0.767479 0.0176596 0.0376688 0.00230598
2 0.699983 0.773626 0.0342741 0.0129192 0.0022482
33 0.413849 0.779286 0.0115047 0.030531 0.00224206
3 0.22513 0.763446 0.01889 0.0326119 0.00219637
0 0.306864 0.763024 0.0195106 0.0208679 0.00219321
2 0.787823 0.774385 0.0273541 0.0180433 0.00217503
56 0.379831 0.774946 0.0110229 0.0354879 0.00217101
7 0.0968016 0.724629 0.126613 0.0369693 0.00213546
1 0.628733 0.77639 0.0115231 0.0292997 0.00209415
1 0.536909 0.761908 0.0138686 0.0409395 0.00205332
33 0.446035 0.73141 0.0121889 0.0150119 0.00204474
1 0.168258 0.7777 0.013936 0.0275006 0.00203559
0 0.682418 0.736593 0.00788956 0.0179295 0.0020307
3 0.579878 0.765088 0.0186857 0.0473703 0.00201872
1 0.831491 0.752873 0.00705986 0.0191608 0.00198331
56 0.218235 0.764367 0.025504 0.0341987 0.00196016
3 0.207378 0.769769 0.00990448 0.0374519 0.00191638
33 0.46093 0.489241 0.0171573 0.0214477 0.00190753
33 0.449499 0.60046 0.0234813 0.0261832 0.00188616
33 0.891744 0.785648 0.0171946 0.0350684 0.00188142
0 0.584769 0.764083 0.0333417 0.0442123 0.00187799
0 0.606758 0.776351 0.0154959 0.0297949 0.0018754
3 0.85311 0.784772 0.0326668 0.0383794 0.00187239
2 0.227686 0.76823 0.0140648 0.0242314 0.00186181
1 0.5792 0.768793 0.0241785 0.0460018 0.00185689
8 0.4585 0.774681 0.0238384 0.0223483 0.00184962
2 0.0620951 0.727225 0.0548003 0.0280308 0.00184041
25 0.418116 0.772276 0.0197879 0.0225257 0.00183985
33 0.0280922 0.767501 0.0361581 0.0128074 0.00180513
13 0.581129 0.780186 0.0186071 0.0222157 0.001798
0 0.418116 0.772276 0.0197879 0.0225257 0.001775
33 0.59855 0.713448 0.0281544 0.0281413 0.00176832
33 0.415698 0.68061 0.0195904 0.0164809 0.00173721
56 0.870234 0.768139 0.0134632 0.0311801 0.00172469
0 0.589902 0.775444 0.0353774 0.0264981 0.00171989
0 0.428491 0.761555 0.0157852 0.0268623 0.00168982
33 0.643608 0.722764 0.0114965 0.0258669 0.00167108
2 0.862419 0.7845 0.0515917 0.0398189 0.00165904
33 0.130079 0.768194 0.0120147 0.0155808 0.00165507
33 0.0336354 0.767276 0.0246932 0.0118057 0.00163919
1 0.848439 0.76219 0.0234514 0.0511988 0.00162184
0 0.834308 0.760629 0.0193596 0.0413251 0.00161952
6 0.0962856 0.722709 0.126111 0.0412812 0.0016194
33 0.851445 0.766073 0.0207939 0.0505531 0.00161874
56 0.203779 0.774489 0.015254 0.0336173 0.00157773
33 0.128607 0.793436 0.0742842 0.0577857 0.0015516
0 0.859239 0.789152 0.0454403 0.0438575 0.00153098
13 0.4585 0.774681 0.0238384 0.0223483 0.00152966
33 0.848439 0.76219 0.0234514 0.0511988 0.00152645
33 0.943288 0.769781 0.0110748 0.011332 0.00152421
1 0.434732 0.778035 0.0109785 0.0287113 0.00148222
3 0.180538 0.767844 0.0169592 0.0470886 0.00147504
13 0.16167 0.773248 0.0241369 0.0174573 0.00147286
2 0.956894 0.769173 0.0387726 0.0149342 0.0014464
4 0.862419 0.7845 0.0515917 0.0398189 0.00144362
56 0.464279 0.773179 0.0134125 0.0247172 0.00143343
0 0.538659 0.755226 0.015464 0.0504581 0.00142679
3 0.168258 0.7777 0.013936 0.0275006 0.0014067
1 0.220466 0.770422 0.045921 0.0292042 0.0014042
0 0.334719 0.76781 0.0199384 0.0509698 0.0014025
1 0.640399 0.775518 0.0190614 0.0318994 0.00138897
24 0.870234 0.768139 0.0134632 0.0311801 0.00138894
56 0.860918 0.783898 0.0478931 0.0406056 0.00138178
0 0.157615 0.728211 0.00841227 0.0241137 0.00136352
0 0.614375 0.768342 0.0178793 0.0387816 0.00136098
1 0.613408 0.773722 0.0121045 0.0271706 0.00136048
25 0.446035 0.73141 0.0121889 0.0150119 0.00135693
2 0.0928521 0.724111 0.118889 0.035636 0.00135586
33 0.0191279 0.769126 0.0227237 0.0127428 0.00135267
7 0.0199316 0.681637 0.0381391 0.0226085 0.0013518
0 0.27967 0.758491 0.00923843 0.0238241 0.00134692
13 0.227686 0.76823 0.0140648 0.0242314 0.00134391
1 0.457724 0.776198 0.028676 0.0311599 0.0013417
2 0.437824 0.774015 0.0157551 0.0204627 0.00134099
33 0.119821 0.770452 0.0191233 0.0101451 0.00132856
2 0.464279 0.773179 0.0134125 0.0247172 0.00131756
13 0.485366 0.773545 0.0338276 0.0235693 0.00131693
0 0.493969 0.760368 0.0287989 0.045976 0.00131655
3 0.0854258 0.781758 0.017513 0.0334373 0.00131339
0 0.038351 0.732867 0.0106724 0.0328298 0.00130114
33 0.466107 0.512452 0.0351392 0.0550913 0.00128239
1 0.376426 0.770428 0.0153159 0.0473644 0.00127605
7 0.4585 0.774681 0.0238384 0.0223483 0.00126618
3 0.193578 0.777972 0.01429 0.0273611 0.00126556
1 0.418116 0.772276 0.0197879 0.0225257 0.00126454
24 0.4585 0.774681 0.0238384 0.0223483 0.0012598
1 0.208039 0.765552 0.00894108 0.0353556 0.00122917
2 0.218235 0.764367 0.025504 0.0341987 0.00122911
2 0.589902 0.775444 0.0353774 0.0264981 0.00121436
1 0.610126 0.773009 0.0122432 0.0273877 0.00120619
0 0.405503 0.773269 0.0294487 0.0414272 0.00120524
3 0.203779 0.774489 0.015254 0.0336173 0.00120392
0 0.641026 0.76995 0.0187309 0.0399002 0.00120184
8 0.460646 0.760889 0.063525 0.0320889 0.00119925
0 0.214443 0.772311 0.0374225 0.0388452 0.0011926
24 0.581423 0.777433 0.0176302 0.0251907 0.00118709
13 0.551845 0.771732 0.0213295 0.0167416 0.00118205
3 0.218856 0.760436 0.0146715 0.0292102 0.00116083
56 0.207378 0.769769 0.00990448 0.0374519 0.00115803
56 0.85311 0.784772 0.0326668 0.0383794 0.00115648
3 0.214443 0.772311 0.0374225 0.0388452 0.0011453
3 0.464279 0.773179 0.0134125 0.0247172 0.00114119
7 0.460646 0.760889 0.063525 0.0320889 0.00112969
3 0.413849 0.779286 0.0115047 0.030531 0.00112721
0 0.827375 0.736692 0.0325321 0.0744813 0.0011203
1 0.190844 0.765428 0.0158876 0.0504441 0.00111261
7 0.862419 0.7845 0.0515917 0.0398189 0.00111258
33 0.882213 0.772348 0.0152296 0.0621385 0.00111198
33 0.536909 0.761908 0.0138686 0.0409395 0.00110939
56 0.628733 0.77639 0.0115231 0.0292997 0.00110734
0 0.584935 0.779007 0.0289217 0.0251211 0.00110441
2 0.490076 0.749092 0.0243616 0.0172497 0.00109237
56 0.640399 0.775518 0.0190614 0.0318994 0.00109151
33 0.437972 0.777917 0.0183294 0.0289232 0.00109079
33 0.619637 0.720414 0.0430921 0.0313005 0.0010882
2 0.96689 0.696886 0.018689 0.00915756 0.00108561
