0 0.329487 0.576575 0.581328 0.824598 0.951847
68 0.894841 0.86119 0.209251 0.259768 0.911422
44 0.628333 0.843555 0.0573143 0.0924021 0.546805
44 0.642119 0.8613 0.0366521 0.0564648 0.513254
44 0.645192 0.785971 0.0389986 0.0593127 0.496339
43 0.737982 0.82592 0.0289584 0.0764948 0.470345
43 0.751179 0.825575 0.0255464 0.0817631 0.444699
74 0.0232931 0.0411944 0.0465863 0.0809586 0.373777
43 0.710617 0.808193 0.0216707 0.0789536 0.367751
44 0.662476 0.846207 0.0259821 0.0563796 0.34415
43 0.724782 0.802204 0.0247351 0.0978821 0.332323
68 0.45771 0.90982 0.217333 0.175037 0.316509
42 0.685037 0.804073 0.0304199 0.0719825 0.286091
44 0.626354 0.918699 0.0347034 0.0630137 0.280824
43 0.751429 0.896952 0.026415 0.0741353 0.269365
43 0.738906 0.79335 0.0218597 0.067944 0.221789
42 0.587043 0.966712 0.024614 0.0655403 0.214656
43 0.737949 0.803703 0.0227139 0.0958909 0.18185
43 0.652968 0.663191 0.0236609 0.181842 0.181337
44 0.527588 0.671511 0.0288731 0.17147 0.177476
69 0.457707 0.911412 0.215884 0.174165 0.176141
44 0.671868 0.39465 0.0268873 0.22606 0.163747
43 0.560415 0.938144 0.036688 0.121667 0.159706
43 0.744101 0.859581 0.0384893 0.147998 0.155062
69 0.0252408 0.91848 0.0498453 0.155809 0.132595
43 0.718219 0.823175 0.0209968 0.0810538 0.1283
44 0.64262 0.392374 0.0259217 0.267525 0.12769
43 0.736093 0.86081 0.0369293 0.148104 0.12011
43 0.685105 0.802369 0.0309279 0.0750073 0.117669
44 0.621559 0.740682 0.0194424 0.0582869 0.116401
44 0.684608 0.802893 0.0314709 0.0758786 0.111128
69 0.430415 0.923499 0.161468 0.149329 0.108168
42 0.56969 0.795831 0.053275 0.145222 0.0998022
68 0.0372437 0.621026 0.0727827 0.254362 0.0940155
43 0.56344 0.975698 0.0202534 0.0486031 0.0914947
44 0.626486 0.671389 0.0233698 0.183605 0.0819802
44 0.680289 0.917142 0.0201892 0.148565 0.0817662
42 0.568183 0.835327 0.0490772 0.0644477 0.0814855
43 0.564884 0.977584 0.0154402 0.0437421 0.0797067
44 0.642673 0.868555 0.0398527 0.0764672 0.0786075
43 0.62761 0.666789 0.0209121 0.174237 0.0768469
43 0.711704 0.851401 0.0236279 0.16301 0.0641056
45 0.448643 0.195337 0.146655 0.240414 0.0635809
44 0.652866 0.664898 0.0243168 0.180037 0.0634556
44 0.603806 0.904895 0.0131546 0.0840528 0.0634181
44 0.588873 0.756017 0.0143127 0.0579096 0.0611137
44 0.654697 0.886592 0.0304349 0.0360988 0.0606077
42 0.568889 0.857194 0.0505903 0.111462 0.0523568
44 0.660015 0.887356 0.0316992 0.0376634 0.0515798
43 0.681049 0.915633 0.0180319 0.156319 0.0487689
43 0.734873 0.791864 0.0292853 0.0844431 0.0483035
42 0.57922 0.883236 0.0321527 0.05849 0.0471946
42 0.752456 0.824117 0.0232967 0.0812724 0.0460094
42 0.683367 0.790683 0.0355202 0.0947929 0.0454739
69 0.0265419 0.873162 0.0527502 0.247796 0.0454052
43 0.629439 0.983383 0.0171267 0.0319007 0.042204
51 0.588873 0.756017 0.0143127 0.0579096 0.040903
44 0.657191 0.930998 0.0415701 0.0693346 0.0408152
42 0.653287 0.666645 0.0240038 0.175313 0.0376029
45 0.62841 0.842438 0.0578178 0.0899319 0.0369773
42 0.561164 0.937787 0.0387828 0.121566 0.0355417
44 0.5225 0.669739 0.0198629 0.176357 0.0353466
44 0.583297 0.900623 0.0373342 0.101186 0.0352876
43 0.585208 0.964848 0.021287 0.0654669 0.0347481
74 0.0416645 0.0659552 0.0821692 0.129805 0.0343744
44 0.748552 0.898134 0.0315157 0.0776347 0.0337346
43 0.623168 0.650908 0.0155442 0.150961 0.0323447
43 0.734443 0.889848 0.0305403 0.098714 0.0309862
43 0.715909 0.923341 0.0224208 0.151858 0.0299208
44 0.6266 0.741504 0.0265095 0.0564725 0.0293762
42 0.680289 0.917142 0.0201892 0.148565 0.0291041
44 0.956349 0.638732 0.0114965 0.107456 0.0288982
42 0.56344 0.975698 0.0202534 0.0486031 0.0278148
42 0.710403 0.809348 0.0199914 0.077113 0.026488
68 0.426871 0.921276 0.154974 0.148676 0.0263016
44 0.629439 0.983383 0.0171267 0.0319007 0.0260141
44 0.67949 0.923511 0.0150318 0.143888 0.0259102
43 0.956349 0.638732 0.0114965 0.107456 0.0257827
44 0.714534 0.922601 0.0283182 0.151569 0.0254176
44 0.637668 0.394182 0.0201746 0.262854 0.0251108
44 0.710403 0.809348 0.0199914 0.077113 0.0242349
44 0.651 0.856478 0.0251564 0.0603216 0.0241544
44 0.632539 0.978478 0.0232044 0.0424772 0.0239086
44 0.668392 0.377465 0.0235607 0.206392 0.0237657
44 0.527696 0.738618 0.0284042 0.0373913 0.0237163
44 0.587043 0.966712 0.024614 0.0655403 0.0236059
44 0.612742 0.907593 0.0228432 0.0708568 0.0223798
44 0.678546 0.67768 0.0190598 0.1617 0.0210711
44 0.63413 0.386261 0.016655 0.265199 0.020359
69 0.494062 0.88527 0.290478 0.223881 0.0202831
44 0.752456 0.824117 0.0232967 0.0812724 0.019424
44 0.684064 0.90987 0.0289051 0.15935 0.0192814
43 0.657597 0.933267 0.0395939 0.0671069 0.0189883
43 0.747364 0.829728 0.0342428 0.100522 0.0189446
43 0.668392 0.377465 0.0235607 0.206392 0.0187298
42 0.582028 0.900048 0.038325 0.0965636 0.0184292
44 0.630575 0.925274 0.0357935 0.0686841 0.018373
44 0.560757 0.767552 0.0231094 0.0911342 0.0181805
44 0.586884 0.760178 0.0196293 0.0581578 0.0177558
44 0.631371 0.73852 0.017473 0.0499188 0.0175221
42 0.709404 0.81367 0.0238731 0.0928815 0.0175058
44 0.654932 0.394286 0.0488457 0.258075 0.017329
43 0.678968 0.676739 0.0211256 0.163638 0.0169358
42 0.738046 0.82515 0.0287144 0.076663 0.016501
43 0.74286 0.922636 0.0407871 0.123469 0.0162204
44 0.736334 0.8978 0.0300195 0.0837285 0.0161819
41 0.653955 0.980647 0.0424386 0.0360776 0.0161799
45 0.641679 0.861561 0.036466 0.0572325 0.0159339
44 0.74286 0.922636 0.0407871 0.123469 0.0158714
41 0.616835 0.975937 0.036109 0.0462514 0.0154536
42 0.695572 0.839158 0.0500051 0.154324 0.0154456
43 0.664841 0.361156 0.0152021 0.172088 0.0153672
43 0.567362 0.930508 0.0465843 0.11546 0.0153458
42 0.674556 0.810125 0.0201175 0.0566841 0.015194
44 0.707924 0.922407 0.0417698 0.151497 0.0148418
42 0.737949 0.803703 0.0227139 0.0958909 0.0147277
44 0.605801 0.910179 0.015436 0.0779651 0.0147091
44 0.605259 0.889532 0.0209205 0.101574 0.0146259
44 0.690898 0.97271 0.0153327 0.0517349 0.0145618
43 0.707181 0.847906 0.0293395 0.162422 0.0141543
44 0.57232 0.272425 0.0333065 0.185027 0.0140862
44 0.586187 0.910497 0.0296578 0.108099 0.0138493
43 0.721892 0.868972 0.0285595 0.138634 0.0137176
44 0.568466 0.794992 0.047809 0.146932 0.0131962
42 0.653108 0.705227 0.0234465 0.0972833 0.0131333
42 0.629575 0.982379 0.0175737 0.0340233 0.012988
44 0.674556 0.810125 0.0201175 0.0566841 0.012938
42 0.586187 0.910497 0.0296578 0.108099 0.0121366
44 0.568897 0.648048 0.0160078 0.100666 0.0120821
44 0.688662 0.918471 0.017745 0.15783 0.0120821
43 0.709436 0.924218 0.0372402 0.15037 0.0119899
44 0.601704 0.906484 0.0125441 0.0911491 0.0119754
42 0.677929 0.686112 0.0215347 0.177345 0.0119614
42 0.55929 0.78235 0.0283627 0.120426 0.0118359
44 0.57762 0.790849 0.0663382 0.137205 0.0118008
44 0.723651 0.799806 0.0262034 0.101697 0.011291
44 0.709404 0.81367 0.0238731 0.0928815 0.0112706
69 0.023431 0.969948 0.0461616 0.0550477 0.0111604
44 0.698942 0.919355 0.0283165 0.15012 0.0108728
44 0.618925 0.898181 0.0308561 0.0955785 0.0107428
44 0.738906 0.79335 0.0218597 0.067944 0.0106394
44 0.653836 0.971652 0.0449581 0.054762 0.010634
43 0.639499 0.393418 0.0211605 0.260524 0.0105236
43 0.695572 0.839158 0.0500051 0.154324 0.0103578
44 0.445683 0.386209 0.0597702 0.147018 0.0103218
44 0.729101 0.922345 0.0372721 0.139009 0.0102894
42 0.595693 0.870577 0.0232861 0.123165 0.0102749
42 0.662584 0.847019 0.0255668 0.0582465 0.0102535
42 0.736093 0.86081 0.0369293 0.148104 0.0101903
44 0.695405 0.914432 0.0191605 0.145437 0.0100555
42 0.62544 0.916852 0.0355201 0.0610969 0.0100341
44 0.662361 0.389854 0.0225451 0.247147 0.00996149
43 0.590323 0.756589 0.0134935 0.057952 0.00984618
51 0.586884 0.760178 0.0196293 0.0581578 0.00984308
44 0.737982 0.82592 0.0289584 0.0764948 0.00975078
43 0.655853 0.940561 0.0416739 0.103611 0.00974742
44 0.651268 0.951 0.0517772 0.0980008 0.0096862
68 0.504944 0.866249 0.308468 0.264579 0.00959748
44 0.581723 0.885613 0.037039 0.0636021 0.009491
42 0.707181 0.847906 0.0293395 0.162422 0.00947502
44 0.707181 0.847906 0.0293395 0.162422 0.00937602
44 0.590225 0.76814 0.0218456 0.0752741 0.00937343
43 0.639243 0.358052 0.017984 0.188933 0.00936463
42 0.956725 0.636796 0.0125153 0.105605 0.00932315
44 0.706172 0.811471 0.027025 0.0795814 0.00930303
43 0.588856 0.966646 0.0247789 0.0646198 0.00928491
44 0.697297 0.896089 0.0157564 0.110222 0.0092718
42 0.601704 0.906484 0.0125441 0.0911491 0.00917026
42 0.751429 0.896952 0.026415 0.0741353 0.00914249
44 0.55929 0.78235 0.0283627 0.120426 0.00908983
44 0.655853 0.940561 0.0416739 0.103611 0.00905412
44 0.653108 0.705227 0.0234465 0.0972833 0.00904155
44 0.734549 0.861727 0.0325282 0.150449 0.00902054
42 0.656956 0.935486 0.039936 0.0632233 0.00890261
42 0.670845 0.389263 0.0282171 0.235924 0.00864735
43 0.651268 0.951 0.0517772 0.0980008 0.00864267
43 0.729101 0.922345 0.0372721 0.139009 0.00861537
44 0.697556 0.855839 0.0330535 0.158803 0.00851345
42 0.564884 0.977584 0.0154402 0.0437421 0.00849614
42 0.59349 0.889798 0.0215388 0.102503 0.00847149
42 0.572793 0.844611 0.0547855 0.085635 0.00830352
44 0.62252 0.971914 0.0373019 0.0561726 0.00826201
44 0.695572 0.839158 0.0500051 0.154324 0.00820699
45 0.442688 0.642965 0.123924 0.233179 0.00798479
42 0.715486 0.920994 0.0278282 0.153095 0.00783217
44 0.683367 0.790683 0.0355202 0.0947929 0.00775042
44 0.732551 0.859256 0.0457708 0.15083 0.00771606
42 0.723005 0.807079 0.0251205 0.0913629 0.00764817
42 0.626377 0.673896 0.0270598 0.186126 0.00758675
44 0.665489 0.361168 0.0168572 0.17235 0.00746921
42 0.718219 0.823175 0.0209968 0.0810538 0.00741908
43 0.71666 0.955108 0.0238893 0.0880664 0.00731009
42 0.709425 0.921527 0.0378438 0.152782 0.00716522
69 0.894994 0.861207 0.208883 0.260218 0.00710055
42 0.617145 0.972401 0.0370897 0.052769 0.00706309
42 0.641346 0.393739 0.0244474 0.263314 0.00706059
42 0.697556 0.855839 0.0330535 0.158803 0.00697523
43 0.586187 0.910497 0.0296578 0.108099 0.00696331
44 0.737949 0.803703 0.0227139 0.0958909 0.00688422
44 0.718381 0.91441 0.0256779 0.149812 0.00683349
44 0.653042 0.719715 0.0237895 0.0680778 0.00681269
43 0.684064 0.90987 0.0289051 0.15935 0.00669321
42 0.738906 0.79335 0.0218597 0.067944 0.00659862
42 0.595856 0.971971 0.0134459 0.05107 0.00658613
42 0.698942 0.919355 0.0283165 0.15012 0.00658268
42 0.695405 0.914432 0.0191605 0.145437 0.00647864
43 0.698942 0.919355 0.0283165 0.15012 0.00646958
43 0.662584 0.847019 0.0255668 0.0582465 0.00638786
44 0.709301 0.959736 0.0357388 0.0792202 0.00633821
42 0.651268 0.951 0.0517772 0.0980008 0.00625426
43 0.688662 0.918471 0.017745 0.15783 0.00625053
43 0.632539 0.978478 0.0232044 0.0424772 0.00620493
42 0.605801 0.910179 0.015436 0.0779651 0.00620472
43 0.679165 0.633848 0.0164148 0.0792519 0.00616795
44 0.521666 0.650123 0.0155706 0.136925 0.00611019
44 0.718219 0.823175 0.0209968 0.0810538 0.00608888
44 0.576996 0.798041 0.0431273 0.137566 0.0060724
44 0.575384 0.662961 0.0330852 0.130956 0.00602782
43 0.706172 0.811471 0.027025 0.0795814 0.00602633
44 0.56344 0.975698 0.0202534 0.0486031 0.00595492
42 0.526571 0.670337 0.028701 0.176466 0.00590342
44 0.591686 0.712774 0.0188077 0.0445777 0.00588822
43 0.644948 0.784362 0.0397598 0.0573139 0.00588137
44 0.621687 0.672469 0.0222546 0.189266 0.00587058
45 0.662512 0.846732 0.025196 0.0580998 0.00584134
44 0.638794 0.355286 0.0171285 0.183712 0.00576782
44 0.682333 0.849807 0.02628 0.0623971 0.00575835
42 0.688662 0.918471 0.017745 0.15783 0.0056957
44 0.561912 0.93643 0.0390592 0.120011 0.00563407
43 0.695405 0.914432 0.0191605 0.145437 0.0056012
42 0.567362 0.930508 0.0465843 0.11546 0.00550637
42 0.632539 0.978478 0.0232044 0.0424772 0.00549811
44 0.711704 0.851401 0.0236279 0.16301 0.00541276
43 0.647872 0.652065 0.012826 0.162734 0.00535759
44 0.721892 0.868972 0.0285595 0.138634 0.00532341
44 0.71666 0.955108 0.0238893 0.0880664 0.00526589
45 0.594889 0.2137 0.04708 0.195343 0.00525019
44 0.621556 0.749248 0.0215675 0.0696001 0.00518623
42 0.653042 0.719715 0.0237895 0.0680778 0.00515449
43 0.691083 0.971747 0.0161914 0.0498684 0.00514323
41 0.568319 0.835124 0.049159 0.0648411 0.00513938
43 0.616638 0.976792 0.035584 0.0441483 0.00513184
43 0.520664 0.645522 0.0143204 0.130198 0.00504747
42 0.697297 0.896089 0.0157564 0.110222 0.00504094
43 0.62252 0.971914 0.0373019 0.0561726 0.00503743
42 0.662096 0.889696 0.0307697 0.0401493 0.00495306
43 0.575691 0.88554 0.0286196 0.0516 0.00489429
44 0.652159 0.98103 0.0459414 0.0368329 0.00484556
42 0.566873 0.893677 0.0352759 0.0407858 0.00481358
43 0.671518 0.391209 0.0278782 0.234603 0.00475124
43 0.65663 0.361284 0.0220299 0.197023 0.00469023
44 0.595856 0.971971 0.0134459 0.05107 0.00468552
43 0.674556 0.810125 0.0201175 0.0566841 0.00461885
42 0.711704 0.851401 0.0236279 0.16301 0.00457895
44 0.734873 0.791864 0.0292853 0.0844431 0.004576
44 0.640254 0.980374 0.0366367 0.0386047 0.00457042
43 0.605801 0.910179 0.015436 0.0779651 0.00454405
43 0.64703 0.620421 0.00996094 0.102866 0.00447047
43 0.640254 0.980374 0.0366367 0.0386047 0.00446782
44 0.616638 0.976792 0.035584 0.0441483 0.00444058
42 0.655853 0.940561 0.0416739 0.103611 0.00442106
45 0.644821 0.785984 0.0389118 0.0579121 0.00440753
42 0.628338 0.843717 0.0580952 0.093038 0.00440222
44 0.59349 0.889798 0.0215388 0.102503 0.00437748
43 0.683367 0.790683 0.0355202 0.0947929 0.0043391
44 0.612458 0.846393 0.0274506 0.0903576 0.00433394
42 0.721892 0.868972 0.0285595 0.138634 0.00429824
43 0.697297 0.896089 0.0157564 0.110222 0.00426242
44 0.679519 0.636002 0.0177949 0.0764315 0.00424075
72 0.459485 0.910196 0.220893 0.173527 0.00422379
44 0.525774 0.656965 0.020607 0.137319 0.00421879
43 0.583297 0.900623 0.0373342 0.101186 0.00420555
72 0.901883 0.398813 0.194421 0.665408 0.00411054
42 0.573144 0.902616 0.0279598 0.0604765 0.00408003
42 0.725539 0.79903 0.0226169 0.0992274 0.00405902
42 0.736334 0.8978 0.0300195 0.0837285 0.00403884
42 0.744101 0.859581 0.0384893 0.147998 0.00400764
45 0.568346 0.797354 0.0511166 0.142112 0.00398988
44 0.708734 0.870626 0.0224903 0.123069 0.00397608
69 0.409564 0.927053 0.115962 0.138508 0.00397032
43 0.708734 0.870626 0.0224903 0.123069 0.00393254
69 0.0245075 0.893854 0.0483907 0.108435 0.00384173
44 0.44484 0.365665 0.0514667 0.113059 0.0038124
43 0.718828 0.797059 0.0389792 0.10016 0.00380057
43 0.563863 0.765849 0.0190601 0.0873412 0.00379798
43 0.569592 0.644183 0.0135307 0.0921674 0.003786
44 0.579266 0.714482 0.0437594 0.0558294 0.00376663
41 0.662584 0.847019 0.0255668 0.0582465 0.00376135
43 0.697556 0.855839 0.0330535 0.158803 0.00374174
51 0.590225 0.76814 0.0218456 0.0752741 0.00373101
43 0.651 0.856478 0.0251564 0.0603216 0.0037207
45 0.568319 0.835124 0.049159 0.0648411 0.00366661
42 0.67949 0.923511 0.0150318 0.143888 0.0036276
45 0.616638 0.976792 0.035584 0.0441483 0.00362074
42 0.640254 0.980374 0.0366367 0.0386047 0.00361419
42 0.559124 0.768071 0.0259941 0.0906874 0.00347143
43 0.603803 0.903651 0.0131319 0.0844006 0.00344148
43 0.526571 0.670337 0.028701 0.176466 0.0034042
43 0.709301 0.959736 0.0357388 0.0792202 0.00340414
43 0.601704 0.906484 0.0125441 0.0911491 0.00339997
