0 0.510106 0.587293 0.578047 0.805592 0.960722
27 0.530365 0.813892 0.103827 0.368137 0.924519
0 0.112424 0.76618 0.223433 0.453001 0.908905
0 0.80553 0.80201 0.154581 0.385226 0.903788
0 0.211288 0.731023 0.142772 0.416916 0.833486
0 0.304922 0.644583 0.076261 0.102117 0.766929
0 0.94143 0.886886 0.116271 0.223384 0.72582
24 0.665136 0.767822 0.120034 0.428262 0.550384
27 0.665004 0.76954 0.119288 0.427946 0.479897
0 0.377475 0.597931 0.0789984 0.0841985 0.429268
0 0.861219 0.729813 0.106905 0.33081 0.327298
0 0.947937 0.719647 0.10323 0.318105 0.291508
0 0.642316 0.534552 0.0538628 0.069101 0.291034
0 0.0148814 0.69234 0.0292512 0.253984 0.236286
0 0.969312 0.721869 0.0607609 0.313055 0.230308
0 0.926242 0.653778 0.0706837 0.185584 0.197255
0 0.653222 0.544413 0.0768161 0.0879304 0.18018
0 0.923084 0.629218 0.0606041 0.13738 0.12822
0 0.672694 0.579686 0.116445 0.161161 0.126132
0 0.913605 0.660783 0.0772633 0.191705 0.101027
0 0.851691 0.670571 0.0896965 0.212297 0.0907338
26 0.664911 0.768407 0.118735 0.427731 0.0800442
24 0.598823 0.769463 0.252003 0.432342 0.0725786
0 0.929184 0.687026 0.0778549 0.253016 0.0549723
0 0.839441 0.617889 0.0605038 0.105472 0.0521112
0 0.922579 0.609716 0.0551788 0.0983482 0.0498317
0 0.919943 0.707805 0.0729763 0.286619 0.049015
0 0.819882 0.579177 0.0541409 0.0708795 0.0442631
0 0.691727 0.562225 0.0381468 0.0506625 0.0366529
0 0.914982 0.787098 0.0597332 0.1177 0.0356442
0 0.91157 0.636302 0.0718643 0.136851 0.035621
26 0.898656 0.951653 0.0436642 0.0966481 0.0345968
0 0.702232 0.598415 0.0608599 0.123519 0.0342705
0 0.916822 0.61896 0.0499519 0.108017 0.0298855
0 0.94431 0.656414 0.106339 0.199375 0.0273043
0 0.905776 0.82626 0.0764977 0.191616 0.0251691
0 0.912725 0.805945 0.0610542 0.142774 0.0225365
0 0.890405 0.635625 0.0301739 0.0849524 0.0204737
0 0.889334 0.641992 0.0389618 0.105641 0.0184321
0 0.0237618 0.693004 0.0464448 0.260635 0.0182393
0 0.982997 0.596552 0.0340054 0.0677518 0.0177075
0 0.907225 0.864305 0.0715683 0.264144 0.017382
74 0.288841 0.504889 0.0248439 0.0215303 0.0172198
74 0.282792 0.478554 0.017444 0.0224883 0.0135321
0 0.911674 0.785472 0.051792 0.0869986 0.0133931
0 0.695601 0.587422 0.046328 0.102854 0.013305
0 0.344253 0.629437 0.144047 0.145188 0.012116
9 0.867651 0.506864 0.0168161 0.0515924 0.0119287
0 0.975818 0.613833 0.0483641 0.104895 0.01144
0 0.931753 0.618673 0.0741589 0.130478 0.0113907
0 0.704471 0.62014 0.056599 0.0831439 0.0108833
74 0.261541 0.476935 0.0227377 0.0229275 0.0101041
0 0.844744 0.629261 0.0708424 0.127986 0.0099223
0 0.908663 0.700053 0.0726498 0.224231 0.00978455
24 0.545699 0.766715 0.358511 0.42989 0.0093253
0 0.904929 0.829856 0.0506386 0.16326 0.00928465
0 0.873776 0.780403 0.105033 0.228404 0.00906521
0 0.894883 0.647121 0.0411699 0.111674 0.00826824
0 0.969824 0.745248 0.0594292 0.222281 0.00779432
0 0.940524 0.839415 0.097265 0.126168 0.00711629
0 0.752348 0.613236 0.0442822 0.028713 0.00710231
0 0.749926 0.615303 0.0453533 0.0385345 0.00648785
0 0.0158313 0.772021 0.0310684 0.424187 0.0063301
74 0.318897 0.451533 0.0210215 0.0267082 0.0063141
0 0.834924 0.600203 0.0541218 0.0711614 0.00591046
0 0.895501 0.873588 0.0533154 0.249839 0.00590318
24 0.646429 0.622394 0.0816616 0.134113 0.00549787
0 0.667824 0.577993 0.0891033 0.092731 0.00539362
0 0.737521 0.606143 0.0348246 0.0543157 0.00522089
26 0.891204 0.968277 0.0335278 0.0632598 0.0051327
0 0.94896 0.831835 0.0747608 0.111643 0.00488022
0 0.7388 0.599916 0.0248102 0.0393613 0.00463757
0 0.734573 0.601194 0.0325892 0.0484632 0.00454718
0 0.894919 0.626635 0.0515083 0.113349 0.00454581
0 0.939591 0.6042 0.0582314 0.11063 0.004536
0 0.0228641 0.782201 0.0457283 0.435598 0.00433707
67 0.930468 0.706831 0.0271214 0.0313368 0.00429845
0 0.33948 0.653093 0.15529 0.19386 0.00420633
0 0.884161 0.748553 0.121967 0.201957 0.0041537
0 0.881358 0.815879 0.0960134 0.17107 0.00384796
0 0.862275 0.628167 0.0833841 0.11491 0.00382578
0 0.930147 0.842213 0.0932728 0.155667 0.00363162
0 0.960913 0.620522 0.0627802 0.126339 0.00327927
0 0.982213 0.612972 0.0355747 0.0970093 0.00326276
0 0.91116 0.751484 0.0670397 0.168391 0.00325388
0 0.740504 0.614633 0.0496695 0.0599991 0.00320214
0 0.746336 0.604792 0.052474 0.0504384 0.00312993
0 0.690101 0.600008 0.0784689 0.127802 0.00303453
74 0.850075 0.410508 0.032226 0.0390472 0.00287542
0 0.903272 0.861063 0.0445705 0.199419 0.00277093
0 0.91823 0.759041 0.0599628 0.144739 0.00259459
0 0.330532 0.702197 0.177409 0.301097 0.00247005
0 0.957856 0.613884 0.0434139 0.11489 0.0024662
74 0.129532 0.370047 0.0231116 0.0258542 0.00245348
0 0.744686 0.62529 0.0556623 0.0581223 0.00236389
0 0.884527 0.628206 0.0419416 0.104949 0.00235057
0 0.0122248 0.724671 0.0237316 0.187159 0.00207517
41 0.930468 0.706831 0.0271214 0.0313368 0.00205597
24 0.652834 0.655312 0.0883078 0.205936 0.00204742
0 0.723841 0.600955 0.0575962 0.0828536 0.00203651
0 0.886126 0.698324 0.0989857 0.207668 0.00193134
0 0.952249 0.587594 0.0379541 0.0852437 0.00193059
0 0.808883 0.582179 0.0418659 0.0691708 0.00191051
0 0.737366 0.593272 0.0305712 0.0511449 0.00178877
74 0.23667 0.505005 0.0233958 0.0211235 0.00175059
24 0.89867 0.949856 0.0428379 0.0988589 0.00174785
67 0.925167 0.709011 0.0411228 0.034764 0.00174612
0 0.90757 0.616059 0.0736507 0.123491 0.00170758
40 0.930468 0.706831 0.0271214 0.0313368 0.00167435
0 0.942187 0.590836 0.051939 0.0906352 0.0016731
0 0.890879 0.677016 0.0517624 0.173546 0.00163981
0 0.928516 0.815801 0.0857697 0.115815 0.00150925
26 0.599858 0.770297 0.248585 0.435671 0.00144252
0 0.978012 0.694386 0.0439758 0.254885 0.00141171
0 0.638322 0.544764 0.0658829 0.0902142 0.00141132
0 0.943339 0.860724 0.105895 0.168899 0.00135481
0 0.699869 0.566452 0.0575352 0.0690974 0.00134254
0 0.26794 0.680014 0.0276647 0.0337962 0.00132233
74 0.86785 0.506811 0.0172813 0.052346 0.00127009
0 0.901252 0.892132 0.0448791 0.207466 0.00125113
0 0.166567 0.603609 0.0562775 0.15027 0.00123614
26 0.896672 0.935482 0.0358295 0.0942622 0.00116506
74 0.285329 0.482787 0.0216384 0.0306599 0.00114995
24 0.659869 0.679968 0.114068 0.255201 0.00114226
0 0.939823 0.775725 0.10615 0.206376 0.00114185
74 0.262349 0.481148 0.0249798 0.0310215 0.00111464
0 0.950284 0.655549 0.0777073 0.177885 0.00111336
26 0.904749 0.961212 0.0567287 0.0775751 0.00107804
0 0.664669 0.767838 0.118254 0.427757 0.00107563
74 0.287967 0.501575 0.025623 0.0300636 0.00107238
0 0.50402 0.598178 0.334753 0.0918774 0.00107214
0 0.944064 0.691124 0.102463 0.212196 0.00107157
40 0.925167 0.709011 0.0411228 0.034764 0.0010598
0 0.936955 0.630648 0.0901972 0.184505 0.00105458
0 0.86046 0.770283 0.0801809 0.198914 0.00101086
0 0.692189 0.544759 0.0404738 0.0857213 0.00100669
