0 0.47479 0.585612 0.681251 0.33856 0.938208
0 0.90377 0.0876711 0.183911 0.174111 0.847777
36 0.555905 0.737803 0.37322 0.081228 0.797067
0 0.213557 0.0821297 0.0611314 0.0441965 0.786457
0 0.438837 0.0440536 0.0490029 0.037985 0.785295
0 0.374783 0.0513017 0.0492237 0.0463114 0.777988
0 0.513579 0.0433196 0.018629 0.0111621 0.451898
36 0.954154 0.170024 0.0874221 0.0412752 0.351524
0 0.021373 0.101129 0.0422801 0.0697071 0.159641
36 0.0217987 0.123549 0.0417154 0.027685 0.122702
0 0.241171 0.0459762 0.0339741 0.0171344 0.0925435
0 0.103038 0.0640033 0.0527322 0.0226141 0.073375
0 0.779941 0.00550848 0.0217988 0.0104831 0.0731769
0 0.369969 0.02657 0.0362582 0.0180646 0.0600761
0 0.197436 0.0528759 0.0375899 0.0175284 0.0372255
0 0.111599 0.0632691 0.0349479 0.0210222 0.0367428
0 0.423029 0.0163219 0.0189339 0.0198591 0.0300975
0 0.149751 0.0619384 0.033435 0.0147125 0.0271298
0 0.323659 0.034157 0.035801 0.0129392 0.0260784
0 0.906021 0.0849685 0.0496206 0.0596422 0.024821
0 0.663355 0.0201083 0.0347171 0.0109801 0.0231561
0 0.830195 0.0265652 0.0466063 0.0521482 0.0184523
0 0.138166 0.0624604 0.0560711 0.0182857 0.0168606
0 0.646348 0.0216948 0.0682267 0.0150081 0.0164376
0 0.128432 0.0631285 0.0447094 0.0175824 0.0140696
0 0.895616 0.0586186 0.14138 0.114992 0.0135178
0 0.317759 0.0357362 0.0435482 0.015561 0.012596
0 0.145648 0.0623804 0.0447289 0.0166775 0.0123824
0 0.887993 0.0392698 0.154756 0.0776167 0.0121031
0 0.484673 0.0104334 0.0391741 0.016233 0.0117159
0 0.438364 0.0130808 0.0424403 0.0236465 0.0112503
0 0.427646 0.0149645 0.0305041 0.0241307 0.0112331
0 0.668339 0.019685 0.0256734 0.0103789 0.0110219
0 0.505671 0.0446248 0.0350795 0.0134174 0.0106663
0 0.476998 0.00998227 0.0538716 0.0174774 0.0105973
0 0.30349 0.0367155 0.0490796 0.0179664 0.00935867
0 0.917837 0.0580276 0.0991575 0.112875 0.00807673
0 0.467626 0.0112384 0.0724739 0.0214336 0.00806352
0 0.172487 0.0547292 0.0251366 0.0177234 0.00796276
36 0.934129 0.171074 0.0731258 0.0444734 0.00753322
0 0.819872 0.0265333 0.0675415 0.0525805 0.00616688
36 0.90774 0.086692 0.0533805 0.0563962 0.00562456
36 0.921753 0.16821 0.0477699 0.0394638 0.00536007
0 0.297291 0.0362875 0.0507564 0.02079 0.00501552
0 0.286007 0.0384855 0.0316126 0.0167561 0.00497556
0 0.247831 0.0448717 0.0468476 0.017666 0.00479931
0 0.779579 0.00770231 0.0223369 0.0152452 0.0046218
0 0.529211 0.00561889 0.053792 0.0111447 0.00390628
0 0.16494 0.0549574 0.0299082 0.0213325 0.00378257
0 0.101082 0.0612502 0.05084 0.0320488 0.00358036
0 0.042299 0.0772068 0.0351573 0.0141303 0.00346741
36 0.0215114 0.100762 0.0426045 0.0674455 0.00337785
36 0.975095 0.110042 0.0485492 0.100601 0.00321189
0 0.803565 0.00675193 0.0691658 0.0131929 0.00319019
36 0.954662 0.10148 0.0812391 0.144299 0.00314233
0 0.509926 0.0483902 0.02797 0.0217744 0.00309399
0 0.19311 0.0538771 0.0437116 0.0238645 0.00305268
0 0.0443525 0.0745697 0.0412301 0.0193102 0.00299484
0 0.109766 0.058135 0.0713841 0.0362319 0.00289643
36 0.0221813 0.13021 0.0441821 0.0361132 0.00282225
36 0.937556 0.0910147 0.0808429 0.118875 0.00278732
36 0.974614 0.123761 0.0468899 0.0530815 0.00275311
0 0.947836 0.110557 0.101629 0.124623 0.00257957
0 0.326167 0.0322611 0.0386808 0.0159858 0.00225556
0 0.51359 0.00894057 0.0564118 0.01783 0.00220585
36 0.779941 0.00550848 0.0217988 0.0104831 0.00216061
0 0.868322 0.0558513 0.127067 0.109756 0.002119
0 0.45564 0.0124375 0.0838397 0.0226198 0.00210854
0 0.644586 0.0241092 0.0763484 0.0198643 0.00207254
31 0.0214386 0.124351 0.0416844 0.0260889 0.00205848
0 0.0827825 0.0655957 0.070841 0.032208 0.00201407
0 0.879289 0.0297128 0.142106 0.0585673 0.00198719
36 0.948635 0.182536 0.0741519 0.0282083 0.00194824
0 0.23849 0.0454778 0.0484023 0.0241911 0.00193974
0 0.650975 0.0185342 0.0599986 0.0171445 0.00192952
36 0.663355 0.0201083 0.0347171 0.0109801 0.00177455
0 0.0590382 0.0713994 0.05433 0.0215642 0.00163519
0 0.896173 0.0659544 0.0724367 0.0934791 0.00150976
0 0.489137 0.0262338 0.125556 0.0514651 0.00150228
0 0.509721 0.0514164 0.0285918 0.0306262 0.00142276
0 0.047474 0.0771103 0.0342836 0.0128478 0.00140718
0 0.356444 0.0279989 0.0689922 0.025049 0.00138462
36 0.975551 0.0895117 0.0488987 0.153065 0.00136864
36 0.958672 0.16214 0.0826315 0.0326731 0.00128585
0 0.284154 0.0378936 0.0539215 0.0277929 0.00127205
36 0.940476 0.0633326 0.0652959 0.100466 0.00125948
0 0.50113 0.0489658 0.0447676 0.0225204 0.00118127
0 0.240035 0.0490404 0.0411447 0.0216828 0.00117797
0 0.892916 0.0826556 0.0775675 0.062736 0.00117546
36 0.979261 0.123216 0.0411517 0.0660878 0.00116757
36 0.646348 0.0216948 0.0682267 0.0150081 0.00114071
0 0.812554 0.0283797 0.0891774 0.0567594 0.00108835
0 0.132982 0.0558495 0.0947096 0.0327751 0.00102639
31 0.954154 0.170024 0.0874221 0.0412752 0.0010221
