9 0.540358 0.334121 0.103023 0.0675564 0.832554
2 0.127 0.935948 0.252424 0.124246 0.739358
9 0.373906 0.355459 0.129215 0.105213 0.622917
9 0.867202 0.363953 0.107018 0.11983 0.359032
9 0.449972 0.354835 0.280598 0.109637 0.201635
9 0.810898 0.623292 0.229999 0.353209 0.0518622
9 0.909718 0.158912 0.177037 0.31359 0.0505486
9 0.906084 0.302336 0.185674 0.598344 0.0279375
9 0.822638 0.565972 0.202442 0.24049 0.0226789
9 0.825465 0.520274 0.195438 0.149672 0.0180857
9 0.829167 0.669672 0.263135 0.446956 0.00689819
9 0.347692 0.699792 0.0371717 0.0630271 0.00672767
6 0.490688 0.94608 0.196789 0.105115 0.00484258
5 0.489918 0.945615 0.19569 0.106279 0.00476366
9 0.934394 0.303659 0.130119 0.595975 0.00416094
9 0.717809 0.682586 0.0458605 0.21705 0.00413042
7 0.127101 0.936777 0.252067 0.125458 0.00355908
9 0.152709 0.676393 0.302801 0.336835 0.00346929
9 0.886725 0.216609 0.145641 0.417468 0.00318989
9 0.799376 0.711606 0.358785 0.539056 0.00309068
9 0.800489 0.706843 0.215302 0.51796 0.00289926
9 0.716822 0.652934 0.0426572 0.158642 0.00285718
11 0.809569 0.632355 0.228902 0.371823 0.00238633
9 0.169399 0.748528 0.335505 0.482889 0.0020735
9 0.185325 0.592934 0.212105 0.171086 0.00195
9 0.187388 0.566181 0.196605 0.119001 0.00167862
5 0.196944 0.748367 0.388755 0.485949 0.00144243
0 0.837986 0.711989 0.309931 0.539208 0.00135836
9 0.725726 0.689206 0.0612413 0.235498 0.00130638
9 0.869453 0.433873 0.117133 0.260329 0.00126091
7 0.155133 0.744074 0.30944 0.470841 0.00111467
2 0.153768 0.744449 0.305274 0.470237 0.00102919
9 0.866853 0.507786 0.114693 0.122743 0.00101775
