72 0.414818 0.727548 0.150554 0.523095 0.918756
0 0.732404 0.763204 0.0893621 0.461087 0.904778
0 0.573566 0.7146 0.12385 0.554966 0.840217
69 0.147464 0.836289 0.215124 0.31294 0.831804
74 0.733774 0.30847 0.0402185 0.081459 0.819429
71 0.0376557 0.675068 0.0753115 0.103256 0.330886
71 0.0377769 0.70498 0.0755538 0.160409 0.222425
72 0.938589 0.579868 0.122823 0.423065 0.202623
47 0.640804 0.661741 0.0202199 0.0398972 0.112009
26 0.751592 0.779666 0.0308765 0.0840568 0.0993097
71 0.0332502 0.743301 0.0656014 0.0851293 0.0989738
69 0.298029 0.84428 0.134899 0.295501 0.0984733
45 0.100477 0.70374 0.0583146 0.0898131 0.0879321
45 0.514022 0.596255 0.0329927 0.0526145 0.0796263
71 0.0376733 0.648376 0.074658 0.0474223 0.0644084
39 0.0645117 0.615418 0.0159666 0.0527334 0.056328
56 0.508237 0.843371 0.0404178 0.253372 0.0465513
45 0.091532 0.743333 0.0367939 0.0792722 0.0460052
69 0.615536 0.542731 0.0923508 0.279119 0.0410705
45 0.410113 0.425419 0.0623348 0.0525379 0.0391466
69 0.414848 0.728747 0.1504 0.522911 0.0351781
68 0.615591 0.367651 0.0887447 0.074739 0.0316127
56 0.512385 0.830809 0.0297849 0.226381 0.0310882
45 0.306615 0.723715 0.0681834 0.0582526 0.0291139
45 0.414867 0.423142 0.0506746 0.0448065 0.0285625
69 0.583391 0.508086 0.149332 0.326109 0.0283906
71 0.646576 0.689741 0.0601578 0.0194521 0.0276024
69 0.145928 0.89267 0.213056 0.206698 0.0275899
45 0.538187 0.6061 0.0247234 0.0353089 0.0250838
71 0.0992758 0.701967 0.198011 0.176474 0.0249136
70 0.513601 0.597689 0.0314249 0.0529878 0.0241372
69 0.509206 0.841884 0.0431208 0.256961 0.0236941
45 0.846657 0.615069 0.0406086 0.0362577 0.0236741
69 0.205674 0.834876 0.323763 0.314038 0.0218603
72 0.615464 0.540716 0.0908322 0.275946 0.0210491
45 0.639218 0.662222 0.0264494 0.0424073 0.0205052
45 0.249664 0.700451 0.0496 0.0906499 0.0204962
69 0.300485 0.899816 0.122878 0.187473 0.0202596
26 0.610776 0.848216 0.0436226 0.262828 0.0201392
39 0.0613665 0.614945 0.0225159 0.0513397 0.0197472
74 0.808077 0.378572 0.015736 0.111837 0.0195216
69 0.51042 0.802621 0.0493526 0.345527 0.0185946
74 0.841608 0.453542 0.029697 0.0684928 0.0181455
41 0.0657671 0.614964 0.0177958 0.0523637 0.0175465
41 0.0613665 0.614945 0.0225159 0.0513397 0.0162177
71 0.0358601 0.694011 0.0710358 0.0975372 0.0158198
45 0.0379683 0.674551 0.0753084 0.09856 0.014698
39 0.846439 0.568159 0.0168001 0.0582432 0.0146626
41 0.846439 0.568159 0.0168001 0.0582432 0.013239
73 0.0321872 0.742467 0.0640303 0.0858044 0.0126547
45 0.395858 0.429972 0.0864899 0.0584609 0.0125294
72 0.584916 0.499121 0.156915 0.354201 0.0124846
39 0.869678 0.586705 0.008955 0.0467156 0.0118224
41 0.0915863 0.741804 0.0377778 0.083856 0.0114043
41 0.0201204 0.613399 0.0151213 0.0316274 0.0113642
68 0.613204 0.38347 0.0809537 0.0437322 0.0112016
45 0.613527 0.377478 0.0828596 0.0609456 0.00998625
49 0.640804 0.661741 0.0202199 0.0398972 0.00984892
26 0.745859 0.767337 0.0430873 0.112031 0.00931475
69 0.144822 0.759391 0.207897 0.158199 0.00924298
45 0.521369 0.602178 0.0488383 0.0474749 0.00888243
45 0.538973 0.597658 0.023457 0.027327 0.00887915
72 0.937136 0.680764 0.125728 0.613211 0.00887337
39 0.0201204 0.613399 0.0151213 0.0316274 0.00843483
68 0.513601 0.597689 0.0314249 0.0529878 0.00825724
45 0.0942731 0.733253 0.0414357 0.084518 0.00813207
68 0.585029 0.505034 0.158262 0.370893 0.0081158
45 0.415242 0.457924 0.0725677 0.0277157 0.00784236
47 0.620627 0.661064 0.0184689 0.0463266 0.00775486
72 0.306868 0.905472 0.109888 0.182312 0.00772825
71 0.646771 0.696673 0.0612497 0.0338557 0.00761762
45 0.038261 0.64741 0.0729343 0.0470449 0.00726694
45 0.836803 0.614763 0.0233932 0.0360122 0.00705951
60 0.648445 0.793766 0.0651424 0.22838 0.0070121
24 0.751592 0.779666 0.0308765 0.0840568 0.00681525
47 0.634364 0.658054 0.0252867 0.0484511 0.00641188
73 0.807874 0.380152 0.0157578 0.107912 0.00639468
69 0.649847 0.784275 0.0666887 0.252779 0.00633883
47 0.640605 0.654673 0.0232086 0.0542448 0.00633198
71 0.847068 0.615245 0.0474514 0.037167 0.00622845
69 0.510673 0.662704 0.0452888 0.0538787 0.00619915
39 0.0915863 0.741804 0.0377778 0.083856 0.00600746
68 0.613129 0.541298 0.0986452 0.286658 0.00586167
56 0.51042 0.802621 0.0493526 0.345527 0.00583687
45 0.250217 0.664908 0.0495673 0.0239708 0.00579518
69 0.510919 0.680628 0.0470575 0.0966341 0.00572684
71 0.510468 0.657428 0.0437916 0.0491249 0.0055646
45 0.841752 0.618135 0.033931 0.0306411 0.00547165
41 0.832796 0.590337 0.0168583 0.0421591 0.00542644
71 0.841752 0.618135 0.033931 0.0306411 0.00540504
69 0.0414881 0.699592 0.0829761 0.173119 0.00538328
70 0.305643 0.723984 0.0691972 0.0597368 0.00529563
40 0.846439 0.568159 0.0168001 0.0582432 0.00517166
39 0.640605 0.654673 0.0232086 0.0542448 0.00504842
56 0.510562 0.790114 0.0232533 0.142062 0.00496468
56 0.762834 0.848493 0.0583834 0.0886178 0.00492105
75 0.0910862 0.741618 0.0374548 0.0847911 0.0048331
41 0.0424368 0.612243 0.0163889 0.0446663 0.00474197
56 0.753479 0.831286 0.0747208 0.204919 0.0046663
45 0.0923316 0.662863 0.0356723 0.028199 0.00442371
45 0.61393 0.38611 0.0833733 0.0417792 0.00431153
55 0.639218 0.662222 0.0264494 0.0424073 0.00424355
71 0.510585 0.64126 0.0425108 0.0259655 0.00420532
28 0.762834 0.848493 0.0583834 0.0886178 0.00419629
74 0.808012 0.539516 0.0171925 0.0872903 0.00418544
71 0.647475 0.745316 0.0641915 0.134062 0.00398529
45 0.0135644 0.611551 0.0266434 0.0321257 0.00389215
72 0.633133 0.535295 0.0572586 0.26182 0.00383693
28 0.749686 0.778145 0.0351074 0.0925084 0.00382021
41 0.836803 0.614763 0.0233932 0.0360122 0.00374261
72 0.619072 0.636529 0.113088 0.468106 0.00364509
45 0.298856 0.719307 0.0542606 0.0481222 0.00360355
45 0.0201204 0.613399 0.0151213 0.0316274 0.0035831
39 0.620627 0.661064 0.0184689 0.0463266 0.00352862
45 0.151839 0.706829 0.0449576 0.0421236 0.0035007
39 0.932183 0.660996 0.0160959 0.0456431 0.00344002
70 0.10145 0.702043 0.0563335 0.0938902 0.00341824
46 0.640804 0.661741 0.0202199 0.0398972 0.00338978
41 0.640804 0.661741 0.0202199 0.0398972 0.00336671
0 0.809217 0.540579 0.0193317 0.0915111 0.0033544
60 0.907354 0.804741 0.185251 0.365861 0.00330511
71 0.857382 0.626514 0.0700075 0.0283778 0.00329256
39 0.634364 0.658054 0.0252867 0.0484511 0.00328293
45 0.638107 0.685957 0.0500183 0.0144631 0.00312507
45 0.400354 0.455022 0.0922124 0.0325491 0.00310805
45 0.646137 0.687603 0.0611336 0.0144842 0.00307599
25 0.61044 0.844829 0.0429174 0.273732 0.00307474
72 0.303674 0.856059 0.119741 0.275528 0.00304997
72 0.610919 0.848433 0.0428165 0.278034 0.00299191
45 0.293241 0.686235 0.0445567 0.0385899 0.00294125
69 0.640254 0.800516 0.0464549 0.223911 0.00293928
72 0.643303 0.533761 0.0532839 0.279092 0.00290981
75 0.845634 0.570302 0.0148178 0.0605371 0.00290459
71 0.102738 0.696334 0.0544561 0.102763 0.00289598
72 0.811948 0.653946 0.0271851 0.330841 0.00287271
71 0.639218 0.662222 0.0264494 0.0424073 0.00286308
39 0.581651 0.320491 0.0133144 0.0384092 0.00283298
72 0.849215 0.569894 0.0125732 0.0604179 0.00282001
39 0.640804 0.661741 0.0202199 0.0398972 0.00279468
41 0.102167 0.708343 0.055332 0.0795085 0.00274989
39 0.617571 0.655588 0.0243365 0.0564734 0.00274593
69 0.507291 0.712514 0.0391972 0.139477 0.00272638
56 0.503953 0.805496 0.035903 0.236381 0.00270501
69 0.633133 0.535295 0.0572586 0.26182 0.00267571
72 0.907745 0.799474 0.183904 0.373755 0.00266406
69 0.615591 0.367651 0.0887447 0.074739 0.00266305
69 0.305228 0.923437 0.112033 0.146092 0.00266212
0 0.611145 0.620301 0.0330412 0.127753 0.00264224
68 0.591607 0.533753 0.142427 0.282546 0.00264153
71 0.701524 0.615224 0.0202584 0.0614673 0.00260994
26 0.762834 0.848493 0.0583834 0.0886178 0.00259465
41 0.249073 0.702187 0.0492386 0.0882109 0.00256521
45 0.510585 0.64126 0.0425108 0.0259655 0.00255927
73 0.0220972 0.896906 0.0437729 0.0631747 0.00250027
71 0.649231 0.783112 0.0665388 0.216024 0.00247332
41 0.513789 0.596755 0.0321104 0.0520777 0.00245383
39 0.809217 0.540579 0.0193317 0.0915111 0.0024024
73 0.0219717 0.909295 0.0435363 0.0935432 0.00240147
45 0.510352 0.663148 0.0437649 0.0556398 0.00238663
69 0.0379377 0.682933 0.0756522 0.124963 0.00238633
71 0.858831 0.633197 0.0733429 0.0295 0.00236753
60 0.51042 0.802621 0.0493526 0.345527 0.00234529
73 0.0222056 0.899029 0.0441979 0.146855 0.00228778
45 0.198406 0.719658 0.026197 0.0475518 0.00225624
45 0.403703 0.439515 0.0773164 0.0506523 0.00225121
56 0.741758 0.844151 0.0496997 0.238781 0.00223094
39 0.0424368 0.612243 0.0163889 0.0446663 0.00220898
39 0.605609 0.598308 0.0213151 0.0802253 0.00219163
71 0.0324831 0.718281 0.0645545 0.0710397 0.00216979
41 0.537489 0.608683 0.0246082 0.0365287 0.00215524
45 0.106742 0.708951 0.0682177 0.0678987 0.00212857
41 0.733241 0.730589 0.0190987 0.0483025 0.00212526
71 0.0372865 0.638235 0.0739749 0.0376245 0.00210923
74 0.090988 0.74678 0.0383743 0.0761138 0.00209785
58 0.407232 0.429187 0.0682753 0.0568116 0.00208682
73 0.646576 0.689741 0.0601578 0.0194521 0.00207976
41 0.866093 0.607349 0.0134907 0.0476401 0.00207323
69 0.513886 0.863413 0.0348934 0.182556 0.0020538
72 0.582102 0.673133 0.163055 0.57547 0.0020515
65 0.765836 0.72052 0.0204205 0.0352828 0.00204089
73 0.0222128 0.94352 0.0440782 0.0952619 0.00203353
39 0.74057 0.9574 0.0192378 0.0406685 0.00201842
69 0.297175 0.76217 0.134515 0.130243 0.00200787
41 0.851248 0.572146 0.0251873 0.0576703 0.00198558
71 0.932341 0.67063 0.0167244 0.0367297 0.00198069
15 0.752144 0.778657 0.0300443 0.0857068 0.00195807
60 0.509607 0.844459 0.0415255 0.253475 0.00194898
73 0.510468 0.657428 0.0437916 0.0491249 0.00194061
39 0.733241 0.730589 0.0190987 0.0483025 0.00192344
71 0.0502664 0.74024 0.100533 0.0976301 0.00191996
45 0.511369 0.645288 0.0468378 0.0402233 0.00191236
60 0.647475 0.745316 0.0641915 0.134062 0.00189686
45 0.421216 0.432668 0.057582 0.0548496 0.00188965
56 0.678113 0.856888 0.0269097 0.0867349 0.00188926
0 0.605609 0.598308 0.0213151 0.0802253 0.00187582
54 0.640804 0.661741 0.0202199 0.0398972 0.00186762
68 0.0375385 0.682319 0.073893 0.0854907 0.00186604
26 0.750676 0.759714 0.0336622 0.101771 0.00183716
39 0.861808 0.575503 0.011948 0.0430212 0.00183466
69 0.511369 0.645288 0.0468378 0.0402233 0.0018242
69 0.296984 0.799677 0.132649 0.191883 0.00179845
56 0.734959 0.850184 0.0660078 0.270354 0.00178537
69 0.610919 0.848433 0.0428165 0.278034 0.00176659
26 0.741203 0.850063 0.0521703 0.262567 0.00176498
45 0.201645 0.715319 0.0317399 0.0443147 0.00176349
39 0.443061 0.450784 0.0155471 0.0284478 0.00172374
71 0.644533 0.673667 0.0633097 0.0374321 0.0017181
41 0.620627 0.661064 0.0184689 0.0463266 0.00168484
0 0.810148 0.656991 0.022654 0.328935 0.00166363
73 0.0219214 0.855124 0.0430588 0.0864758 0.00165159
26 0.306089 0.724771 0.0689246 0.0593926 0.00162581
45 0.369835 0.449188 0.0573463 0.0338111 0.00161433
39 0.7518 0.778028 0.0294325 0.08729 0.00160548
74 0.811494 0.540699 0.0245695 0.0959471 0.00160265
68 0.510468 0.657428 0.0437916 0.0491249 0.00158924
69 0.641603 0.827899 0.0409273 0.169325 0.0015845
68 0.448305 0.519774 0.0714644 0.0978269 0.00157481
72 0.808001 0.641892 0.0474205 0.365526 0.00156802
55 0.091532 0.743333 0.0367939 0.0792722 0.00156733
41 0.201758 0.725275 0.0296793 0.041629 0.0015606
69 0.643303 0.533761 0.0532839 0.279092 0.00153071
39 0.750676 0.759714 0.0336622 0.101771 0.00152823
26 0.510644 0.840852 0.0395048 0.246718 0.00151992
72 0.29486 0.82498 0.142745 0.325717 0.00151533
69 0.868516 0.884259 0.0685349 0.227152 0.00150996
41 0.200104 0.715117 0.0296384 0.0487576 0.00149953
41 0.846657 0.615069 0.0406086 0.0362577 0.00149846
69 0.510585 0.64126 0.0425108 0.0259655 0.00148997
26 0.809217 0.540579 0.0193317 0.0915111 0.00148934
71 0.511369 0.645288 0.0468378 0.0402233 0.00147152
72 0.649564 0.793675 0.0673468 0.24793 0.00146469
69 0.187715 0.908502 0.350752 0.182996 0.00145528
41 0.819964 0.610486 0.0124149 0.0365232 0.00145116
71 0.70042 0.597782 0.0174678 0.0279459 0.00140509
45 0.51553 0.628202 0.0511049 0.0532051 0.00140291
45 0.301184 0.736783 0.0875181 0.0878033 0.00138858
46 0.620627 0.661064 0.0184689 0.0463266 0.00138178
26 0.623872 0.76084 0.0191738 0.0841929 0.00137162
56 0.510888 0.751281 0.0248735 0.0671465 0.00137067
56 0.76224 0.816643 0.0585734 0.153669 0.00134304
75 0.869678 0.586705 0.008955 0.0467156 0.00133866
69 0.446908 0.598935 0.0694216 0.256464 0.00133553
56 0.140034 0.977086 0.095869 0.0430094 0.00132945
39 0.866093 0.607349 0.0134907 0.0476401 0.00132433
28 0.745859 0.767337 0.0430873 0.112031 0.00131336
45 0.620627 0.661064 0.0184689 0.0463266 0.00130939
53 0.639218 0.662222 0.0264494 0.0424073 0.00130597
69 0.564229 0.592323 0.129275 0.215489 0.00129575
68 0.0330302 0.751493 0.0653042 0.100933 0.00128201
73 0.0367247 0.726641 0.0731062 0.121324 0.00127932
39 0.740236 0.943971 0.0199721 0.0686939 0.0012784
69 0.0992758 0.701967 0.198011 0.176474 0.00126654
73 0.0218119 0.873616 0.0430274 0.110766 0.00126106
39 0.64867 0.664692 0.0211462 0.0386213 0.0012463
0 0.603842 0.58632 0.0195717 0.0683435 0.00124428
41 0.443061 0.450784 0.0155471 0.0284478 0.00123987
69 0.613204 0.38347 0.0809537 0.0437322 0.00122875
65 0.757656 0.721827 0.0347733 0.0417966 0.00122628
70 0.249423 0.700891 0.0502532 0.0888366 0.00122282
41 0.699443 0.592876 0.0152154 0.0177371 0.00121137
71 0.538187 0.6061 0.0247234 0.0353089 0.00120467
24 0.745859 0.767337 0.0430873 0.112031 0.00119328
47 0.638107 0.685957 0.0500183 0.0144631 0.00119242
69 0.514698 0.854032 0.0613552 0.280866 0.0011906
39 0.832796 0.590337 0.0168583 0.0421591 0.0011788
72 0.861765 0.651034 0.1548 0.33672 0.00117224
45 0.866093 0.607349 0.0134907 0.0476401 0.00116932
39 0.201758 0.725275 0.0296793 0.041629 0.00116926
71 0.638107 0.685957 0.0500183 0.0144631 0.00116614
60 0.647479 0.690079 0.0592083 0.0193715 0.00116193
69 0.597984 0.561915 0.0917582 0.252002 0.00115752
44 0.0843685 0.742046 0.044208 0.0649433 0.00115466
65 0.74057 0.9574 0.0192378 0.0406685 0.00115243
39 0.611145 0.620301 0.0330412 0.127753 0.00115091
39 0.851248 0.572146 0.0251873 0.0576703 0.00114405
68 0.613527 0.377478 0.0828596 0.0609456 0.00114366
45 0.0256082 0.611707 0.0490659 0.0419216 0.00114316
0 0.579883 0.581156 0.125689 0.291827 0.00113997
45 0.117628 0.712037 0.0929957 0.0690071 0.00112194
39 0.613572 0.644235 0.0303819 0.0959663 0.00112015
39 0.836803 0.614763 0.0233932 0.0360122 0.0011121
56 0.513886 0.863413 0.0348934 0.182556 0.00109223
69 0.0367247 0.726641 0.0731062 0.121324 0.00107732
71 0.938933 0.681227 0.0274017 0.057295 0.00107548
60 0.295369 0.83618 0.140503 0.30592 0.00107345
71 0.906941 0.808692 0.186119 0.36254 0.00106695
73 0.538187 0.6061 0.0247234 0.0353089 0.00106356
45 0.0388925 0.693146 0.0771287 0.0771231 0.00106156
68 0.0374097 0.704668 0.0748194 0.163314 0.00105214
71 0.95977 0.697378 0.07938 0.128711 0.00104839
69 0.510272 0.761905 0.0578417 0.41943 0.00104201
56 0.14736 0.90039 0.211509 0.194274 0.00103462
45 0.832796 0.590337 0.0168583 0.0421591 0.0010334
71 0.0256082 0.611707 0.0490659 0.0419216 0.0010255
43 0.513689 0.596582 0.0323957 0.0551919 0.00100911
71 0.836803 0.614763 0.0233932 0.0360122 0.00100726
45 0.155588 0.707079 0.0588337 0.0528578 0.00100359
74 0.514022 0.596255 0.0329927 0.0526145 0.0010033
26 0.754764 0.759521 0.0421388 0.120334 0.00100002
