23 0.768971 0.490289 0.343517 0.698076 0.958566
23 0.183564 0.903199 0.20964 0.148294 0.8446
23 0.152375 0.913128 0.291099 0.173743 0.0103222
23 0.233137 0.873467 0.110025 0.0878895 0.00596219
23 0.635556 0.779549 0.0468401 0.133961 0.00526965
23 0.723327 0.794715 0.0266508 0.0814536 0.0023286
23 0.25322 0.866483 0.071641 0.0782744 0.00193554
23 0.185555 0.890299 0.108022 0.0995283 0.00190279
23 0.253319 0.898269 0.0845163 0.0587617 0.00179169
23 0.245329 0.890106 0.0914512 0.0757095 0.00158831
23 0.46263 0.86709 0.034774 0.0354545 0.00131226
23 0.60339 0.780865 0.111106 0.144691 0.00121933
23 0.255391 0.907769 0.0791204 0.0252221 0.00107512
23 0.635171 0.730952 0.042318 0.0321105 0.00106001
23 0.419574 0.878493 0.109461 0.0511687 0.00105152
23 0.627354 0.784963 0.0285053 0.126491 0.00100434
