0 0.509006 0.510337 0.981232 0.979326 0.947795
54 0.635861 0.429042 0.235486 0.111489 0.744943
39 0.428997 0.926813 0.168291 0.145509 0.448784
56 0.0226663 0.533994 0.0446063 0.21357 0.144513
56 0.208114 0.647038 0.408993 0.435381 0.123549
57 0.504371 0.772317 0.991257 0.436249 0.0642471
74 0.885123 0.610754 0.0608365 0.0343725 0.047774
56 0.20874 0.72407 0.407045 0.294213 0.0477601
48 0.635958 0.429027 0.235725 0.112035 0.0373949
54 0.425826 0.315528 0.0918272 0.0685746 0.0350127
74 0.91834 0.578407 0.0394339 0.0373077 0.0334635
0 0.975623 0.184348 0.0485971 0.285551 0.0320927
56 0.174855 0.710552 0.34761 0.55728 0.027132
56 0.209381 0.769649 0.416397 0.443104 0.0230652
55 0.635861 0.429042 0.235486 0.111489 0.0172856
26 0.209674 0.727237 0.410477 0.291877 0.0170974
63 0.0222248 0.538775 0.0441824 0.222711 0.0157803
0 0.978466 0.112336 0.0427874 0.145456 0.014466
57 0.209584 0.72248 0.409938 0.287385 0.0142898
74 0.888323 0.608922 0.0837625 0.0401823 0.0140197
67 0.0222248 0.538775 0.0441824 0.222711 0.013249
57 0.208096 0.720988 0.414298 0.540718 0.0130489
74 0.890599 0.593512 0.0936924 0.0700405 0.0130014
52 0.636343 0.42929 0.235691 0.112506 0.00839269
74 0.881822 0.599776 0.0811725 0.0612967 0.00794196
28 0.0222777 0.537159 0.0440498 0.219873 0.00747499
56 0.504371 0.772317 0.991257 0.436249 0.00714621
56 0.0866568 0.776926 0.169528 0.181931 0.00690281
48 0.426485 0.315161 0.0918085 0.0680555 0.00636688
57 0.209048 0.807448 0.416326 0.369636 0.00571513
74 0.911202 0.585195 0.0547234 0.0591978 0.00492316
56 0.0235119 0.647672 0.0470238 0.439376 0.00473988
55 0.426485 0.315161 0.0918085 0.0680555 0.00418395
24 0.209674 0.727237 0.410477 0.291877 0.00392687
13 0.209234 0.726959 0.412383 0.290633 0.00388351
28 0.205086 0.648881 0.410172 0.442416 0.00387138
56 0.0216299 0.592355 0.0431652 0.330725 0.00385579
62 0.022193 0.540626 0.0434416 0.226025 0.00382802
56 0.0825549 0.833569 0.164347 0.322757 0.00369909
28 0.209674 0.727237 0.410477 0.291877 0.00362822
56 0.0276544 0.890103 0.0553089 0.200703 0.00360516
74 0.878427 0.5988 0.119013 0.0637133 0.00346211
56 0.0346452 0.657024 0.0692904 0.455993 0.0033474
56 0.0168867 0.82038 0.0322257 0.0662712 0.00320706
56 0.0460388 0.526869 0.0915486 0.203628 0.00311401
52 0.425223 0.313583 0.0945676 0.0659918 0.0028806
56 0.805543 0.220588 0.114353 0.122477 0.00244409
56 0.140815 0.647534 0.280949 0.442367 0.00235608
63 0.0216299 0.592355 0.0431652 0.330725 0.00225428
53 0.635951 0.429032 0.235248 0.111019 0.00221679
56 0.0868256 0.788563 0.145446 0.147396 0.00207734
56 0.204708 0.773679 0.406738 0.216109 0.00207266
56 0.106363 0.801758 0.211325 0.378127 0.0019128
67 0.426485 0.315161 0.0918085 0.0680555 0.00185728
60 0.509134 0.788496 0.981733 0.400817 0.00181988
56 0.236761 0.693907 0.356469 0.237643 0.00175387
56 0.0452224 0.881396 0.0904448 0.194213 0.00174907
56 0.0596008 0.657305 0.119202 0.46487 0.00163314
60 0.805809 0.220247 0.114077 0.123606 0.00163147
56 0.19243 0.828845 0.38486 0.321616 0.00153494
26 0.0866568 0.776926 0.169528 0.181931 0.00150627
75 0.426908 0.926731 0.166726 0.146539 0.00149471
56 0.0592412 0.888762 0.118482 0.213747 0.00139555
0 0.981319 0.0920671 0.0373619 0.102714 0.0012714
54 0.437049 0.322275 0.0701024 0.0516569 0.00127047
13 0.50459 0.764769 0.99082 0.4515 0.00125554
62 0.0216299 0.592355 0.0431652 0.330725 0.0011974
53 0.42646 0.314936 0.0918796 0.0675281 0.00119618
56 0.0214269 0.880048 0.0426388 0.186544 0.00112391
56 0.0959629 0.772075 0.140809 0.120194 0.00107858
56 0.0699006 0.864285 0.139801 0.261603 0.00104743
63 0.207886 0.646165 0.410403 0.4367 0.00102901
