0 0.518236 0.575253 0.238199 0.628299 0.91944
13 0.508738 0.67655 0.880855 0.417223 0.91345
26 0.530965 0.598708 0.0825733 0.0358583 0.0455939
73 0.510453 0.513083 0.0348175 0.0352249 0.0351457
26 0.520711 0.60181 0.105206 0.0404704 0.026536
13 0.37421 0.66946 0.609918 0.397432 0.0241665
13 0.248573 0.670534 0.358155 0.396252 0.0237162
67 0.50969 0.514606 0.0316228 0.0316511 0.0234712
73 0.503589 0.513623 0.0470549 0.0366257 0.0216666
26 0.522751 0.557375 0.101436 0.126795 0.0167222
11 0.088857 0.0164898 0.0732578 0.0324546 0.0139997
73 0.518879 0.533426 0.0727867 0.0748116 0.00823572
26 0.518118 0.608337 0.110698 0.0558726 0.00609908
67 0.506026 0.514064 0.0390049 0.0366518 0.00489193
73 0.523077 0.558116 0.0994762 0.130712 0.00335386
73 0.516696 0.516712 0.0573072 0.0432944 0.00267062
11 0.143081 0.127419 0.0415134 0.0449961 0.00263357
9 0.214308 0.150998 0.0217389 0.0847482 0.00220734
13 0.662575 0.686274 0.572417 0.40302 0.00205645
67 0.510524 0.520698 0.0322611 0.0482179 0.00197256
26 0.498841 0.56991 0.158574 0.155882 0.00193831
13 0.787369 0.685551 0.323716 0.399442 0.0017291
67 0.696534 0.681717 0.0297039 0.0292117 0.00168675
26 0.531103 0.606121 0.0835659 0.0522062 0.00146797
73 0.510873 0.520924 0.0321993 0.0485486 0.00137579
41 0.696311 0.681689 0.0299098 0.030689 0.00132853
24 0.532624 0.597547 0.0812391 0.0374547 0.00122634
58 0.958452 0.796018 0.0696863 0.0820091 0.00121427
13 0.57928 0.62171 0.544626 0.544149 0.0011594
26 0.696534 0.681717 0.0297039 0.0292117 0.00111806
9 0.21119 0.146453 0.0262743 0.0742566 0.00110629
24 0.526637 0.554153 0.088785 0.118159 0.0010612
6 0.517623 0.54227 0.946812 0.698253 0.00103691
