0 0.534943 0.308388 0.206341 0.321476 0.913058
0 0.147961 0.672678 0.199176 0.458542 0.900389
0 0.7406 0.271278 0.203032 0.25298 0.891818
0 0.592587 0.324839 0.0422155 0.104852 0.676267
0 0.559665 0.267531 0.040118 0.227508 0.561758
36 0.490526 0.419415 0.0902356 0.107179 0.372171
36 0.724359 0.401114 0.0494561 0.0358566 0.145141
36 0.718613 0.397474 0.0635435 0.0434528 0.092637
36 0.727868 0.398643 0.0546082 0.0452141 0.0896046
0 0.540307 0.304943 0.077561 0.298978 0.0864541
36 0.505972 0.411034 0.0601088 0.0977872 0.0794866
0 0.57127 0.266246 0.0628573 0.230273 0.064874
36 0.505772 0.384079 0.0640949 0.130887 0.0537292
0 0.560878 0.304066 0.0347921 0.149331 0.0398766
36 0.470052 0.496245 0.0921291 0.048381 0.0332118
36 0.302969 0.441643 0.0854336 0.14182 0.0331844
36 0.716786 0.400139 0.0645176 0.0660918 0.0317674
0 0.546184 0.275125 0.0456923 0.244717 0.0306916
0 0.928559 0.379777 0.0229408 0.0186927 0.0296408
36 0.717562 0.390824 0.0710671 0.05771 0.0276034
0 0.8306 0.372344 0.0257057 0.0248737 0.02696
36 0.119881 0.901687 0.055094 0.0233197 0.0209273
0 0.523914 0.306102 0.108334 0.300739 0.0198489
36 0.138002 0.888342 0.102818 0.0509299 0.017258
0 0.831033 0.432252 0.034523 0.149761 0.0154641
36 0.50653 0.365035 0.0770128 0.179722 0.014546
0 0.532005 0.276525 0.0418417 0.2535 0.013904
36 0.48527 0.443041 0.107857 0.154624 0.0121049
36 0.728559 0.408034 0.058983 0.0491396 0.01175
1 0.875652 0.531928 0.235315 0.295923 0.0116881
36 0.482119 0.433079 0.0779269 0.0825186 0.0102127
36 0.496523 0.439874 0.0716251 0.147086 0.0101159
36 0.506721 0.341101 0.118798 0.258932 0.0100046
36 0.475778 0.469752 0.103399 0.10482 0.00969204
0 0.833274 0.436662 0.0588257 0.158691 0.00826144
36 0.722318 0.41315 0.0630275 0.0621759 0.00812957
36 0.728183 0.389476 0.061715 0.0531391 0.00793678
36 0.124006 0.899415 0.0651424 0.0302595 0.00742954
36 0.491119 0.398298 0.110469 0.165116 0.00724652
36 0.145717 0.887878 0.121202 0.0642306 0.00704393
0 0.547699 0.283137 0.0990774 0.25435 0.00654665
36 0.738569 0.404199 0.0523754 0.0418169 0.0064953
36 0.747926 0.400468 0.0299316 0.0407374 0.0063723
0 0.111595 0.42421 0.101387 0.15411 0.00596011
36 0.474013 0.43526 0.123626 0.115911 0.00594535
36 0.714731 0.4133 0.0610966 0.075639 0.00581634
36 0.513649 0.440721 0.0533173 0.147391 0.0054009
36 0.58573 0.534547 0.0229947 0.158217 0.00536281
0 0.585789 0.267234 0.100472 0.230205 0.0046472
36 0.52978 0.451145 0.0253715 0.136757 0.00460696
0 0.53821 0.271499 0.0402191 0.197618 0.00442401
36 0.434686 0.448036 0.0460846 0.0499323 0.00409302
0 0.562462 0.318106 0.0278412 0.119132 0.00381365
36 0.722297 0.397375 0.0913578 0.048875 0.00365388
36 0.432536 0.442494 0.0403385 0.0384543 0.00341961
31 0.302854 0.441876 0.0859312 0.141974 0.00313908
0 0.82969 0.40928 0.0301428 0.0999495 0.00310889
36 0.699191 0.410854 0.0286422 0.0769725 0.00307089
0 0.547475 0.269331 0.0618666 0.192832 0.00295296
0 0.590934 0.309925 0.0394941 0.0788177 0.00295201
36 0.518228 0.352957 0.0630413 0.184864 0.00287774
0 0.585759 0.184156 0.103146 0.0637024 0.00283808
0 0.600943 0.283015 0.0173021 0.0602505 0.00276056
36 0.494664 0.369746 0.121741 0.202233 0.00272143
36 0.564983 0.401666 0.022879 0.0387488 0.00268131
7 0.501161 0.503746 0.980966 0.708979 0.00260043
36 0.735501 0.384613 0.05075 0.0449349 0.00249985
36 0.445542 0.45197 0.0304211 0.0455986 0.00244904
36 0.482628 0.493472 0.0884342 0.0566211 0.00236514
0 0.581434 0.266059 0.059327 0.187336 0.00231695
0 0.52377 0.327865 0.0510954 0.154922 0.00226161
0 0.555456 0.282875 0.0524862 0.205586 0.00215453
1 0.875827 0.475638 0.24115 0.190692 0.00210163
0 0.927952 0.370448 0.0251434 0.0343268 0.00208545
0 0.497473 0.325981 0.112273 0.292267 0.00203988
36 0.585897 0.58194 0.0224321 0.257739 0.00200143
5 0.501161 0.503746 0.980966 0.708979 0.00195479
36 0.309602 0.764878 0.227262 0.119588 0.00190765
36 0.746222 0.409465 0.0474349 0.0508162 0.00190422
0 0.592924 0.294384 0.033238 0.0625992 0.00189772
0 0.600865 0.268251 0.0181869 0.118316 0.00186309
0 0.894738 0.372988 0.0107315 0.0253745 0.0018512
0 0.523204 0.293715 0.0585072 0.217772 0.00181541
31 0.488697 0.421309 0.0927639 0.104149 0.00180826
36 0.50591 0.31404 0.145434 0.310234 0.00178149
36 0.479544 0.416783 0.0779711 0.0955278 0.00177357
36 0.600391 0.236057 0.0164766 0.0541492 0.00167999
36 0.116623 0.897062 0.0687205 0.0335254 0.00166866
37 0.308304 0.763307 0.228875 0.122443 0.00165182
36 0.470266 0.443058 0.0731163 0.0616844 0.00161245
36 0.459374 0.453529 0.0360258 0.0418251 0.00158405
36 0.560953 0.400085 0.0220847 0.0398617 0.00152028
36 0.499267 0.46509 0.0529742 0.110543 0.00147337
36 0.4513 0.496117 0.0504954 0.0459231 0.00146696
36 0.460705 0.42704 0.100527 0.0934613 0.00141874
0 0.508089 0.440229 0.0697249 0.160512 0.0014157
9 0.600874 0.233815 0.0148617 0.0499303 0.00139579
0 0.602647 0.30311 0.0232708 0.0939752 0.0013929
36 0.736008 0.402924 0.073606 0.053396 0.0013696
0 0.565764 0.401348 0.0214319 0.0411223 0.00136542
36 0.464756 0.486272 0.0774315 0.0622614 0.00130177
24 0.695509 0.20805 0.112071 0.0811776 0.00130075
6 0.500797 0.570723 0.981086 0.562854 0.00127304
36 0.160942 0.893555 0.0924227 0.0780405 0.00122607
0 0.592616 0.354235 0.0448315 0.167326 0.00122178
0 0.600675 0.25685 0.017354 0.0801345 0.00121382
36 0.535223 0.452378 0.0312587 0.138368 0.00120914
36 0.788861 0.496619 0.040778 0.0728242 0.00119802
0 0.587125 0.2068 0.101492 0.0906584 0.0011586
36 0.111297 0.424945 0.100107 0.154978 0.00115123
0 0.556301 0.23449 0.0309961 0.16353 0.00115007
0 0.598621 0.372395 0.0595912 0.204975 0.00114825
0 0.553756 0.202194 0.0376714 0.0996932 0.00113264
36 0.441298 0.495562 0.02978 0.0456238 0.00111738
67 0.618105 0.178462 0.0396324 0.0318318 0.00108936
36 0.523283 0.446396 0.0389715 0.148708 0.00108877
