0 0.551999 0.446843 0.145941 0.159862 0.680697
33 0.0936038 0.402189 0.072384 0.342566 0.394324
33 0.579164 0.484983 0.0935501 0.296425 0.236256
33 0.567491 0.523121 0.0686982 0.222228 0.102194
33 0.552156 0.446766 0.146331 0.159224 0.0893037
33 0.575448 0.364586 0.0428553 0.0542503 0.0790824
33 0.560331 0.542597 0.0568398 0.179678 0.0387908
31 0.571381 0.518618 0.0771942 0.228567 0.0335324
0 0.218942 0.760072 0.0509832 0.0558339 0.0284224
31 0.578583 0.492021 0.0953351 0.281535 0.0280823
31 0.551959 0.44713 0.145086 0.157774 0.0266269
33 0.58657 0.373599 0.0662634 0.0738659 0.0251174
31 0.560331 0.542597 0.0568398 0.179678 0.017425
0 0.578583 0.492021 0.0953351 0.281535 0.0152754
33 0.572738 0.324237 0.0461393 0.131141 0.0118338
30 0.579016 0.485313 0.0920511 0.297788 0.0117298
77 0.552266 0.44648 0.145513 0.15987 0.0102553
33 0.589402 0.430981 0.0743657 0.189352 0.0095621
37 0.579016 0.485313 0.0920511 0.297788 0.00839368
37 0.560331 0.542597 0.0568398 0.179678 0.00607917
0 0.570423 0.433451 0.110093 0.131093 0.00585097
33 0.589773 0.395977 0.0739717 0.120145 0.00563827
8 0.556975 0.315131 0.0221075 0.123494 0.00561601
0 0.239438 0.755196 0.0138073 0.0453855 0.00555995
14 0.552156 0.446766 0.146331 0.159224 0.00532249
33 0.801415 0.518354 0.0380569 0.0222219 0.00458398
30 0.589773 0.395977 0.0739717 0.120145 0.00439626
30 0.589402 0.430981 0.0743657 0.189352 0.00373006
31 0.589402 0.430981 0.0743657 0.189352 0.00364283
30 0.585235 0.369413 0.0629404 0.0658119 0.00337371
24 0.219547 0.760167 0.0483448 0.0560732 0.00314507
31 0.543699 0.501645 0.131625 0.261557 0.00313079
30 0.572021 0.515352 0.0785101 0.235752 0.00305799
9 0.796947 0.515077 0.0469813 0.0281626 0.00298369
30 0.323298 0.517703 0.61327 0.580772 0.00294554
33 0.796947 0.515077 0.0469813 0.0281626 0.0029133
9 0.801159 0.517871 0.0388062 0.0230625 0.00287986
33 0.564416 0.602959 0.0756714 0.392635 0.00250572
30 0.579344 0.36488 0.0500007 0.0556932 0.00235975
30 0.561351 0.537033 0.0604301 0.192948 0.00235274
8 0.560354 0.318471 0.0248958 0.135815 0.00231522
33 0.543699 0.501645 0.131625 0.261557 0.00228509
0 0.543699 0.501645 0.131625 0.261557 0.00227702
33 0.574156 0.43959 0.0971304 0.390805 0.00216806
0 0.55078 0.450069 0.081377 0.160501 0.00202343
0 0.569385 0.519495 0.0745413 0.227524 0.00199029
33 0.558373 0.31816 0.0242722 0.133193 0.00196183
37 0.572021 0.515352 0.0785101 0.235752 0.00195602
33 0.409025 0.710712 0.250479 0.203812 0.00181076
0 0.58145 0.420417 0.0872388 0.103498 0.00176093
0 0.214249 0.753715 0.0664723 0.0664684 0.00163198
33 0.782971 0.511783 0.0754936 0.0347659 0.00160697
30 0.264252 0.594315 0.0443164 0.404887 0.00153178
0 0.197193 0.756174 0.0254138 0.0551911 0.00150603
0 0.58525 0.395124 0.0740668 0.0569255 0.0014782
8 0.572228 0.320722 0.0525087 0.144523 0.00145093
33 0.555099 0.581469 0.0975841 0.343144 0.00143519
31 0.589773 0.395977 0.0739717 0.120145 0.00134075
9 0.782971 0.511783 0.0754936 0.0347659 0.00126597
30 0.587686 0.382886 0.0745778 0.0769271 0.00123775
33 0.759657 0.521675 0.122632 0.0573774 0.00113556
33 0.0667517 0.407033 0.127586 0.353083 0.00111482
33 0.319372 0.517974 0.611728 0.583571 0.00106618
31 0.801159 0.517871 0.0388062 0.0230625 0.00105286
37 0.589402 0.430981 0.0743657 0.189352 0.00104415
33 0.762453 0.514518 0.119603 0.0412977 0.00103527
31 0.0936038 0.402189 0.072384 0.342566 0.00101209
