65 0.822461 0.595982 0.273857 0.209082 0.930713
15 0.315696 0.543704 0.628106 0.885003 0.930173
65 0.761903 0.482456 0.30525 0.147472 0.927635
57 0.485684 0.492923 0.952623 0.982832 0.895891
58 0.914035 0.288491 0.171465 0.573538 0.807991
58 0.913123 0.488445 0.172939 0.972146 0.119866
56 0.472989 0.494741 0.945979 0.982978 0.0566277
57 0.743365 0.492472 0.471375 0.971764 0.0124305
57 0.724637 0.729986 0.414723 0.486799 0.00650179
65 0.657843 0.484867 0.0948389 0.041148 0.00513989
57 0.473718 0.740282 0.90543 0.492054 0.00342008
57 0.740366 0.665421 0.466126 0.637412 0.00330129
59 0.425125 0.940927 0.422194 0.0968162 0.00241989
0 0.472989 0.494741 0.945979 0.982978 0.00211552
58 0.944625 0.454948 0.107615 0.29919 0.00209713
57 0.42564 0.237541 0.835886 0.465698 0.00200066
58 0.920594 0.156401 0.156979 0.298743 0.00192177
59 0.472989 0.494741 0.945979 0.982978 0.0019151
59 0.0715654 0.793639 0.142473 0.386019 0.00178599
65 0.58279 0.407799 0.040141 0.0599358 0.00171548
0 0.910684 0.491019 0.178633 0.971077 0.00161734
57 0.423676 0.364101 0.845002 0.720339 0.00151017
57 0.900588 0.493135 0.198824 0.966336 0.0014506
60 0.472989 0.494741 0.945979 0.982978 0.00130764
56 0.900588 0.493135 0.198824 0.966336 0.00116369
56 0.744245 0.733581 0.457461 0.501502 0.00110823
57 0.425125 0.940927 0.422194 0.0968162 0.00105417
58 0.78744 0.485603 0.420186 0.961098 0.00101274
