0 0.504699 0.624044 0.166333 0.49267 0.928435
0 0.646952 0.761545 0.207059 0.46438 0.883813
0 0.0301553 0.780653 0.0600205 0.429137 0.881208
0 0.744352 0.715155 0.123344 0.513191 0.880447
34 0.0565906 0.931777 0.0399754 0.11702 0.491668
35 0.570318 0.560483 0.027585 0.0476688 0.158065
34 0.0554175 0.910734 0.0432987 0.161179 0.0970748
35 0.59579 0.811465 0.0312481 0.0976451 0.0701815
35 0.720013 0.773597 0.0534752 0.0680344 0.0660168
35 0.573469 0.732375 0.0601194 0.100197 0.0496854
35 0.562751 0.793867 0.0298227 0.0266542 0.0395329
35 0.759384 0.600423 0.0402536 0.0913806 0.0245562
35 0.759252 0.608814 0.0341884 0.0751887 0.0208889
34 0.0408719 0.905348 0.0698573 0.175017 0.0154588
34 0.573647 0.721142 0.0583817 0.0834061 0.0148015
35 0.748079 0.597934 0.0688738 0.0995089 0.0119832
35 0.570316 0.717331 0.0629181 0.0868367 0.0113228
35 0.734716 0.783068 0.0803887 0.087779 0.0097394
35 0.764289 0.611785 0.0287538 0.0645671 0.00876647
35 0.572593 0.745394 0.053557 0.0855352 0.00844982
35 0.757512 0.619979 0.03016 0.0538306 0.00772423
34 0.0365968 0.784109 0.0729373 0.423891 0.00591657
0 0.632555 0.626212 0.428697 0.50663 0.00529101
35 0.721822 0.787778 0.0479954 0.0851198 0.0052222
35 0.719383 0.76348 0.0601875 0.0893031 0.00515988
34 0.708513 0.896082 0.026405 0.129004 0.0049845
32 0.570094 0.560548 0.0275043 0.0466181 0.00424606
35 0.756798 0.584106 0.0632723 0.101151 0.00356251
35 0.75479 0.575371 0.0442865 0.0751204 0.00348943
35 0.715364 0.770718 0.0594251 0.0478024 0.00344363
26 0.596251 0.810065 0.0317268 0.0988548 0.00214756
35 0.758875 0.791557 0.0346764 0.063997 0.00213191
35 0.746596 0.636666 0.0184731 0.0250458 0.00195968
32 0.929399 0.348519 0.011882 0.0213717 0.00179234
0 0.721577 0.866187 0.0565983 0.197913 0.00164136
35 0.563435 0.786474 0.0337709 0.039682 0.00163251
35 0.0319115 0.854238 0.0246575 0.0464275 0.00161526
0 0.744177 0.62174 0.118202 0.333132 0.00156364
35 0.752891 0.782961 0.0454576 0.0851443 0.00155923
67 0.571012 0.559615 0.0282743 0.0458894 0.00155422
35 0.0288551 0.835572 0.0358356 0.087778 0.00143275
38 0.571012 0.559615 0.0282743 0.0458894 0.00129849
35 0.768791 0.612183 0.0292238 0.0567736 0.00124508
34 0.820587 0.725219 0.0735348 0.0492864 0.00123999
34 0.808464 0.718834 0.0532257 0.0424751 0.00116929
38 0.0568336 0.931758 0.0404529 0.117441 0.00115722
35 0.609465 0.808672 0.0591777 0.105007 0.00114575
38 0.0527136 0.905458 0.0506212 0.172696 0.00112846
35 0.767804 0.580337 0.0708702 0.0960167 0.00108656
34 0.578566 0.744883 0.069136 0.117139 0.00106883
