0 0.572739 0.673328 0.107864 0.519445 0.818082
5 0.0630693 0.519663 0.125209 0.48703 0.737521
28 0.728665 0.676458 0.124251 0.108856 0.60614
28 0.714723 0.797926 0.0558858 0.179766 0.486762
2 0.510031 0.549755 0.0651735 0.049684 0.477913
28 0.777587 0.798807 0.0496625 0.160315 0.415945
28 0.692913 0.795773 0.0776949 0.194366 0.228462
28 0.780222 0.807638 0.040475 0.134061 0.193428
28 0.752997 0.7987 0.0280414 0.158283 0.167799
2 0.979312 0.554117 0.0270087 0.0396133 0.157311
26 0.634297 0.651395 0.0769357 0.0752155 0.130074
28 0.669387 0.792003 0.0408878 0.195414 0.112542
28 0.678428 0.796864 0.0451981 0.202668 0.104158
28 0.767409 0.797689 0.0682634 0.170975 0.0848015
2 0.970474 0.551624 0.044214 0.0438349 0.08321
0 0.0316408 0.476757 0.0325925 0.0876745 0.083107
2 0.959206 0.540134 0.0645113 0.0590478 0.080886
28 0.634986 0.745762 0.074674 0.266783 0.0793433
7 0.0634504 0.519325 0.126394 0.48769 0.0653791
2 0.958033 0.531155 0.0596981 0.0355421 0.0612915
2 0.496773 0.552792 0.040407 0.0379847 0.0587197
2 0.496355 0.537743 0.0656978 0.071847 0.0533983
0 0.0341865 0.466332 0.0386737 0.11056 0.0509467
28 0.735042 0.646744 0.0998104 0.0506089 0.0495699
6 0.0628228 0.519818 0.125293 0.487026 0.0467884
28 0.682674 0.799983 0.030433 0.18601 0.0419744
2 0.488183 0.551662 0.0218346 0.033505 0.0406636
28 0.727544 0.791901 0.0973311 0.187338 0.0386312
28 0.633906 0.651032 0.0769713 0.073675 0.0370104
2 0.489617 0.522103 0.0551738 0.0364573 0.036021
7 0.642664 0.562488 0.0651771 0.15121 0.0341199
28 0.780605 0.77777 0.0413503 0.121407 0.0304744
0 0.338309 0.515345 0.0135253 0.0433624 0.0278142
26 0.604794 0.573714 0.0409153 0.141143 0.0236526
0 0.339931 0.524001 0.012712 0.02784 0.0233728
28 0.638754 0.77752 0.072985 0.21528 0.0231202
2 0.509707 0.560029 0.0665906 0.0646994 0.0221758
28 0.636981 0.771116 0.0509199 0.204231 0.0217828
28 0.780866 0.845063 0.0392154 0.0600226 0.0211059
28 0.660573 0.790608 0.026709 0.204843 0.0208189
28 0.722118 0.680383 0.112176 0.0735004 0.0206218
28 0.717877 0.65258 0.101819 0.0590733 0.0200624
24 0.634216 0.650959 0.0765352 0.0730369 0.0200568
28 0.781728 0.759272 0.039623 0.0928144 0.0156133
13 0.971003 0.945135 0.0537989 0.107548 0.0134593
28 0.726959 0.659942 0.119668 0.0760259 0.0126325
0 0.314026 0.51402 0.0225871 0.0366028 0.0121067
24 0.584531 0.508077 0.0473058 0.165652 0.0118176
0 0.488183 0.551662 0.0218346 0.033505 0.0117739
28 0.760307 0.693063 0.0648731 0.0724569 0.0116874
5 0.642051 0.565793 0.0645484 0.148695 0.0115302
2 0.511357 0.540871 0.0703176 0.0790381 0.0112777
6 0.495054 0.549931 0.979532 0.83879 0.0111231
2 0.473433 0.524021 0.0218662 0.030181 0.0109187
28 0.784374 0.732801 0.033577 0.0645595 0.0107225
28 0.971127 0.943748 0.0542829 0.107267 0.0105023
28 0.702881 0.6367 0.0677481 0.0323874 0.00968194
28 0.811359 0.831823 0.0226064 0.0437741 0.00920576
2 0.310765 0.561219 0.113085 0.0672195 0.00912011
28 0.787097 0.72862 0.0278488 0.0474016 0.00858906
5 0.152367 0.582649 0.0887431 0.200975 0.00857529
28 0.409437 0.716321 0.125606 0.0716387 0.00815094
28 0.7779 0.745475 0.0447949 0.0744172 0.00811851
28 0.713463 0.691753 0.0892848 0.0545823 0.00802365
62 0.837508 0.439429 0.0702783 0.44788 0.00801039
2 0.0641616 0.51842 0.127202 0.485748 0.00797817
28 0.688585 0.808979 0.032106 0.16503 0.00788742
28 0.63155 0.765935 0.0363149 0.183106 0.00787538
28 0.731883 0.702981 0.129441 0.161925 0.00780943
2 0.430969 0.52004 0.0585567 0.0321651 0.00779653
2 0.98003 0.565481 0.0248109 0.0569357 0.00768182
7 0.509323 0.551469 0.064006 0.0508128 0.00749511
28 0.732764 0.781494 0.150072 0.220294 0.00748998
2 0.497559 0.518459 0.0498832 0.0384293 0.00744158
28 0.718527 0.817564 0.044754 0.141318 0.00743133
0 0.979312 0.554117 0.0270087 0.0396133 0.00709194
28 0.718432 0.852008 0.0452183 0.0718946 0.0067094
0 0.98003 0.565481 0.0248109 0.0569357 0.00665367
0 0.496773 0.552792 0.040407 0.0379847 0.00664556
1 0.970852 0.943518 0.0534404 0.107151 0.00655255
0 0.0308858 0.493841 0.0319615 0.0987083 0.00639978
2 0.281663 0.562368 0.170943 0.0677181 0.00633219
2 0.970403 0.539831 0.048782 0.0705805 0.00632888
28 0.811381 0.841622 0.0236917 0.0345982 0.006098
5 0.697183 0.500467 0.109613 0.0907175 0.00584459
2 0.0850461 0.659536 0.0507323 0.150464 0.00579792
26 0.631893 0.631438 0.0803813 0.043664 0.00579044
7 0.152136 0.583511 0.0883901 0.203805 0.00578913
2 0.959373 0.560854 0.0664762 0.0741342 0.00573179
0 0.0460158 0.467962 0.0645396 0.131241 0.00562498
24 0.580944 0.540522 0.0376771 0.102326 0.00561908
2 0.634645 0.564471 0.0798074 0.147252 0.00554153
26 0.615651 0.862505 0.0628497 0.105045 0.00542435
28 0.767149 0.696374 0.0440278 0.0647729 0.00534272
2 0.308087 0.514052 0.0311674 0.0355458 0.00530082
2 0.449398 0.521258 0.0301024 0.0327534 0.00521779
13 0.259789 0.644399 0.119288 0.0344501 0.00513333
2 0.986009 0.540584 0.015248 0.0652071 0.00511
2 0.281777 0.511484 0.0878487 0.0429835 0.005063
2 0.3105 0.551176 0.0933351 0.0464554 0.00501564
2 0.476587 0.542046 0.0300229 0.0410707 0.0047107
9 0.339112 0.510908 0.0131333 0.0504735 0.00464723
28 0.728462 0.736672 0.126538 0.232335 0.00463513
2 0.445313 0.519926 0.0262174 0.0300587 0.00461653
7 0.492338 0.520077 0.0606173 0.0401935 0.0045152
2 0.532974 0.567735 0.0167219 0.0521671 0.00448525
26 0.627241 0.614895 0.0721426 0.116715 0.00445428
26 0.559264 0.638476 0.0782532 0.191728 0.00430503
28 0.980837 0.785351 0.0337826 0.0310099 0.00426108
0 0.473433 0.524021 0.0218662 0.030181 0.00406602
0 0.336695 0.513192 0.0234761 0.0523951 0.0040535
7 0.697183 0.500467 0.109613 0.0907175 0.00402969
2 0.275441 0.547764 0.0170666 0.0168031 0.00400391
13 0.257389 0.653705 0.126419 0.0403395 0.00397903
28 0.787781 0.704997 0.0233574 0.0763229 0.0039641
7 0.496355 0.537743 0.0656978 0.071847 0.00389826
26 0.594919 0.564302 0.0599472 0.123528 0.00380501
2 0.467374 0.534515 0.150703 0.0858735 0.00379422
2 0.52743 0.529487 0.0338064 0.0612876 0.0037826
7 0.516303 0.548586 0.0496921 0.0498364 0.00374943
4 0.493134 0.561471 0.986268 0.811887 0.00364363
5 0.681709 0.532648 0.140331 0.147824 0.00364166
2 0.956781 0.548388 0.0585053 0.0607664 0.0035499
28 0.391744 0.715904 0.0881914 0.0628508 0.00349423
62 0.641864 0.562701 0.0648651 0.147502 0.0034644
2 0.298436 0.51496 0.0580222 0.0419916 0.00345325
16 0.971077 0.944012 0.0533777 0.105863 0.00344595
26 0.971127 0.943748 0.0542829 0.107267 0.00344589
28 0.783323 0.700157 0.0262169 0.0643675 0.00342357
2 0.959203 0.530348 0.0658155 0.0548458 0.00341961
13 0.944683 0.584835 0.0244191 0.0313904 0.00340083
2 0.971405 0.530631 0.0429997 0.0568407 0.00339061
28 0.394377 0.724329 0.0892064 0.0463198 0.00336432
9 0.339931 0.524001 0.012712 0.02784 0.00336069
26 0.613863 0.847928 0.0558101 0.0710346 0.00327608
13 0.959373 0.560854 0.0664762 0.0741342 0.00327557
7 0.681948 0.558365 0.146318 0.175903 0.00325194
62 0.243177 0.452478 0.215033 0.0854093 0.00317493
28 0.778464 0.698038 0.0315727 0.061974 0.00316489
28 0.754232 0.882062 0.18356 0.0919341 0.00311637
28 0.697015 0.631251 0.0506502 0.0241135 0.0029957
28 0.702402 0.65156 0.0722946 0.0513579 0.00298366
0 0.306259 0.514824 0.0437261 0.0398039 0.00297233
7 0.681709 0.532648 0.140331 0.147824 0.00293085
25 0.492338 0.520077 0.0606173 0.0401935 0.00292277
5 0.492338 0.520077 0.0606173 0.0401935 0.00291574
2 0.291466 0.518632 0.095533 0.0594207 0.00280082
62 0.826717 0.289448 0.0435244 0.131257 0.00278619
0 0.337237 0.511099 0.0174284 0.0500111 0.00274009
13 0.256718 0.64404 0.1234 0.0528785 0.00273442
13 0.971341 0.567473 0.0401426 0.054401 0.00258544
0 0.403099 0.51129 0.0122049 0.0365287 0.00256881
5 0.0628472 0.430183 0.12558 0.306359 0.00254649
28 0.692202 0.758689 0.0307541 0.10926 0.00253531
28 0.616946 0.862741 0.0632905 0.107415 0.00253114
2 0.714962 0.531161 0.0728344 0.03237 0.00249532
28 0.745515 0.693807 0.0852176 0.0692433 0.00248224
5 0.46194 0.515853 0.134452 0.0693361 0.0024617
7 0.811967 0.425884 0.371078 0.458082 0.00243545
0 0.273 0.544881 0.0184007 0.0193942 0.00243405
62 0.815114 0.419602 0.360381 0.448469 0.00242677
2 0.444959 0.542151 0.0980341 0.0605805 0.00241184
0 0.953274 0.584094 0.0145561 0.0313441 0.00238988
28 0.706604 0.71184 0.0755683 0.0503527 0.00238508
26 0.729152 0.675339 0.124805 0.106926 0.00236294
7 0.959206 0.540134 0.0645113 0.0590478 0.00234652
28 0.782284 0.853429 0.0387996 0.0520305 0.00234559
28 0.810426 0.822713 0.021611 0.0735375 0.00232506
13 0.980837 0.785351 0.0337826 0.0310099 0.00230902
6 0.0635256 0.421034 0.125739 0.292095 0.00225845
28 0.640815 0.653143 0.0641745 0.0619676 0.0022552
28 0.753978 0.842202 0.0245446 0.0791322 0.00225469
7 0.979312 0.554117 0.0270087 0.0396133 0.00224683
72 0.835463 0.42644 0.067686 0.428476 0.00223985
26 0.604055 0.590807 0.0348826 0.16679 0.00222984
24 0.615201 0.862634 0.0602941 0.102889 0.0022094
13 0.262618 0.635603 0.111689 0.0403767 0.00220254
0 0.243097 0.53593 0.0174136 0.0252788 0.00219345
28 0.971057 0.961185 0.0544653 0.076081 0.00217167
28 0.712096 0.734576 0.056437 0.0660086 0.00216767
0 0.257399 0.541154 0.0132322 0.0223554 0.0021641
7 0.493134 0.561471 0.986268 0.811887 0.00215328
0 0.507388 0.551274 0.0600389 0.045166 0.00215322
0 0.984004 0.573626 0.0219158 0.0838066 0.00213653
7 0.511357 0.540871 0.0703176 0.0790381 0.00212032
13 0.953274 0.584094 0.0145561 0.0313441 0.00209799
28 0.636789 0.615099 0.0747368 0.252822 0.00208899
28 0.697836 0.723074 0.0618361 0.056606 0.0020746
13 0.409477 0.714887 0.124868 0.0702163 0.00206667
24 0.970985 0.943253 0.054252 0.107864 0.00206533
5 0.681948 0.558365 0.146318 0.175903 0.00205493
25 0.633893 0.650325 0.0774551 0.0705886 0.00204235
7 0.729093 0.675301 0.124205 0.109428 0.00199068
0 0.253609 0.537779 0.0190715 0.0245297 0.00198907
28 0.684182 0.902127 0.0473944 0.0350607 0.00197467
13 0.733352 0.642654 0.104377 0.0523247 0.00197178
13 0.714547 0.798446 0.0568542 0.180413 0.00194794
2 0.213873 0.527591 0.0327413 0.0431044 0.00192225
62 0.641505 0.515326 0.0620304 0.0514926 0.00191069
2 0.712567 0.52489 0.0765351 0.0486713 0.00190279
0 0.355196 0.54517 0.0170179 0.030259 0.00189626
2 0.450909 0.519558 0.0221613 0.0320988 0.00188223
7 0.958033 0.531155 0.0596981 0.0355421 0.00186154
13 0.942589 0.584955 0.0403246 0.0294169 0.00184974
2 0.0862522 0.634 0.0486046 0.103521 0.00184891
5 0.243661 0.47304 0.218109 0.13513 0.00184834
36 0.970935 0.943828 0.0536698 0.10731 0.00181183
56 0.971003 0.945135 0.0537989 0.107548 0.00178215
2 0.463883 0.515524 0.131194 0.0633032 0.00177273
0 0.065574 0.52256 0.128587 0.487246 0.0017623
0 0.0424856 0.430237 0.0180363 0.0571319 0.00175658
13 0.701785 0.794511 0.0805697 0.194261 0.00175321
2 0.971341 0.567473 0.0401426 0.054401 0.00173825
24 0.574751 0.513422 0.0727428 0.165816 0.00172287
24 0.605265 0.574347 0.0386655 0.12829 0.00171655
13 0.772065 0.797487 0.0600573 0.164962 0.00170839
5 0.0544391 0.617679 0.106106 0.290578 0.00170648
2 0.306259 0.514824 0.0437261 0.0398039 0.00170594
28 0.683875 0.744729 0.0530718 0.103147 0.00167939
24 0.586969 0.549675 0.0481253 0.0919622 0.00167304
28 0.641295 0.566698 0.0666324 0.15238 0.00166285
7 0.970474 0.551624 0.044214 0.0438349 0.00163877
0 0.777566 0.564388 0.0218587 0.034397 0.00163597
2 0.0557499 0.667848 0.108282 0.186333 0.00162295
2 0.273 0.544881 0.0184007 0.0193942 0.00161129
7 0.612006 0.463108 0.18906 0.359712 0.00158826
28 0.714486 0.770841 0.0841839 0.155323 0.00156829
28 0.748752 0.809993 0.183111 0.223681 0.0015659
0 0.401579 0.507912 0.0151088 0.0427713 0.0015651
2 0.733352 0.642654 0.104377 0.0523247 0.00156161
10 0.970935 0.943828 0.0536698 0.10731 0.00154853
26 0.584819 0.547673 0.0419122 0.0927994 0.00154781
0 0.275441 0.547764 0.0170666 0.0168031 0.0015085
28 0.816829 0.867611 0.0531599 0.0639491 0.00147745
26 0.561616 0.59888 0.0763876 0.211577 0.00147599
2 0.0869694 0.616214 0.0459801 0.0547129 0.00147492
24 0.729152 0.675339 0.124805 0.106926 0.00140554
13 0.728701 0.677135 0.124837 0.109142 0.00140455
58 0.346488 0.571972 0.0406397 0.0484325 0.00139874
5 0.510031 0.550479 0.0628283 0.0524603 0.00138885
28 0.713103 0.632133 0.0846952 0.0261002 0.00138587
13 0.193491 0.658148 0.25539 0.0609933 0.00136587
24 0.598414 0.570976 0.0518843 0.116509 0.0013507
6 0.811967 0.425884 0.371078 0.458082 0.0013479
7 0.241464 0.440892 0.214269 0.108109 0.00133711
5 0.245637 0.455633 0.215996 0.0902929 0.00133327
28 0.748876 0.656362 0.077996 0.0530171 0.00132746
3 0.970935 0.943828 0.0536698 0.10731 0.00132531
0 0.347208 0.544989 0.0314974 0.0333004 0.00131959
0 0.394179 0.509149 0.0196389 0.051538 0.00131303
0 0.308087 0.514052 0.0311674 0.0355458 0.00128978
28 0.625929 0.869301 0.065735 0.106929 0.00127453
13 0.97775 0.558068 0.0273549 0.0392209 0.00126222
5 0.0374232 0.54385 0.0723293 0.43913 0.00125483
2 0.487091 0.553181 0.0569907 0.0395605 0.00125307
13 0.507388 0.551274 0.0600389 0.045166 0.0012421
13 0.14989 0.839159 0.130221 0.0857059 0.00122145
6 0.545486 0.4456 0.886739 0.502087 0.00122002
13 0.971093 0.961452 0.0536793 0.0760733 0.00121343
7 0.242566 0.47188 0.218536 0.141536 0.0012134
26 0.560729 0.666471 0.0776484 0.137595 0.00121242
5 0.50066 0.534218 0.0591281 0.0668381 0.00121155
0 0.0691065 0.461016 0.0764005 0.160567 0.00119969
5 0.495054 0.549931 0.979532 0.83879 0.00119948
26 0.587627 0.572142 0.0773871 0.162329 0.00119826
26 0.570503 0.572692 0.0733242 0.153243 0.00119725
24 0.631893 0.631438 0.0803813 0.043664 0.00119385
28 0.791844 0.872555 0.102992 0.0857875 0.00119141
2 0.314026 0.51402 0.0225871 0.0366028 0.00117677
24 0.60147 0.52142 0.0822258 0.218369 0.00116768
13 0.496773 0.552792 0.040407 0.0379847 0.00116527
5 0.109354 0.50832 0.216713 0.496373 0.00116089
28 0.624776 0.765427 0.0456555 0.203882 0.00115433
2 0.151617 0.583143 0.0885426 0.202558 0.00115296
7 0.310765 0.561219 0.113085 0.0672195 0.00114769
39 0.389232 0.704043 0.0146828 0.038119 0.00113988
2 0.363562 0.518415 0.05264 0.0406151 0.00113761
28 0.79273 0.795331 0.0383699 0.123436 0.0011358
0 0.0576957 0.456633 0.0791564 0.145709 0.0011279
0 0.503055 0.519009 0.0393777 0.0371593 0.00112584
26 0.64193 0.642476 0.0634874 0.0412829 0.00112414
0 0.959373 0.560854 0.0664762 0.0741342 0.001118
28 0.643303 0.754566 0.0612586 0.204659 0.00110525
13 0.150012 0.77735 0.130081 0.183531 0.00110048
62 0.243661 0.47304 0.218109 0.13513 0.00109491
72 0.63226 0.754351 0.0625412 0.223025 0.00109369
0 0.142483 0.459893 0.0103232 0.0401901 0.00109279
7 0.608532 0.466552 0.772809 0.54046 0.00109011
0 0.532974 0.567735 0.0167219 0.0521671 0.0010874
28 0.64193 0.642476 0.0634874 0.0412829 0.00108266
5 0.0362194 0.611252 0.0703754 0.298242 0.00107667
2 0.437385 0.549275 0.0833149 0.0408958 0.00107491
13 0.754232 0.882062 0.18356 0.0919341 0.00106853
3 0.978931 0.556418 0.0279811 0.0421892 0.00106788
28 0.659967 0.68615 0.0239279 0.0612713 0.00106362
13 0.293673 0.564979 0.148074 0.0728397 0.00106168
6 0.241464 0.440892 0.214269 0.108109 0.00106087
28 0.698176 0.903218 0.073566 0.0437755 0.00105909
6 0.242566 0.47188 0.218536 0.141536 0.00105232
72 0.641295 0.566698 0.0666324 0.15238 0.00104684
