0 0.201139 0.716807 0.127605 0.303424 0.48105
45 0.514518 0.368734 0.0811422 0.107089 0.0127898
66 0.534265 0.983257 0.0896712 0.0334856 0.0112371
61 0.514565 0.372265 0.0824284 0.116442 0.0111329
45 0.514111 0.352637 0.0772549 0.0723558 0.0108295
58 0.753119 0.525643 0.492311 0.393667 0.00909734
45 0.404855 0.270268 0.0779152 0.105936 0.00882068
58 0.237034 0.653381 0.201321 0.424362 0.00631362
66 0.53784 0.97535 0.0986608 0.0492992 0.00585696
71 0.599488 0.967054 0.120942 0.062738 0.00344819
58 0.641195 0.472852 0.258505 0.25771 0.00343588
45 0.513008 0.340372 0.0727539 0.0522351 0.0033803
0 0.227327 0.723231 0.073976 0.285572 0.00333232
61 0.514111 0.352637 0.0772549 0.0723558 0.00271946
58 0.793684 0.661983 0.102912 0.106833 0.00268126
0 0.23701 0.655052 0.197877 0.421745 0.00259066
58 0.275177 0.500032 0.129027 0.133318 0.00223801
45 0.518613 0.353804 0.104824 0.0783347 0.00219604
58 0.33049 0.25216 0.0805236 0.0862991 0.00210509
60 0.596077 0.967078 0.111401 0.0658447 0.00198978
41 0.514565 0.372265 0.0824284 0.116442 0.00197408
58 0.265263 0.518002 0.148633 0.168531 0.00193086
72 0.499455 0.5 0.99837 1 0.00185019
58 0.213917 0.627994 0.324029 0.462078 0.00182042
62 0.496498 0.502762 0.992995 0.994476 0.00178915
58 0.652589 0.521893 0.280792 0.347253 0.00174567
58 0.242087 0.509947 0.058631 0.105749 0.00165728
58 0.253828 0.507259 0.0850354 0.11564 0.00154576
58 0.32267 0.24903 0.100339 0.100602 0.0015443
60 0.655774 0.949096 0.134402 0.0983097 0.00146955
47 0.26523 0.117224 0.100993 0.111677 0.00143519
50 0.756242 0.525175 0.486566 0.384445 0.00142983
71 0.655774 0.949096 0.134402 0.0983097 0.00142086
66 0.815759 0.840885 0.368482 0.31823 0.00140348
66 0.590182 0.967704 0.0950285 0.0621738 0.00138813
37 0.179898 0.593696 0.0834001 0.113939 0.00137374
58 0.271497 0.550964 0.140827 0.233645 0.00137064
14 0.17642 0.542646 0.0253662 0.0189664 0.00132683
58 0.238696 0.555252 0.202062 0.238866 0.00132659
37 0.16589 0.599457 0.0550236 0.0719184 0.00119749
58 0.616636 0.396245 0.14766 0.132388 0.00119051
30 0.17642 0.542646 0.0253662 0.0189664 0.00118545
58 0.820548 0.660276 0.169895 0.111131 0.00118083
58 0.753919 0.659041 0.491907 0.6641 0.00115281
33 0.17642 0.542646 0.0253662 0.0189664 0.00113437
42 0.17642 0.542646 0.0253662 0.0189664 0.00111461
58 0.403787 0.268939 0.0794529 0.104939 0.0010899
61 0.404855 0.270268 0.0779152 0.105936 0.0010173
58 0.207529 0.554744 0.104924 0.14639 0.00101012
