53 0.501568 0.525892 0.99261 0.895115 0.941983
0 0.18253 0.203857 0.365061 0.407303 0.520725
41 0.0299672 0.653466 0.0599344 0.24331 0.203394
56 0.867078 0.0939502 0.250387 0.182491 0.105507
56 0.774178 0.0698427 0.0647123 0.134503 0.0926293
40 0.866999 0.833601 0.25897 0.332798 0.0886889
40 0.964055 0.802751 0.071386 0.294261 0.0811823
40 0.86832 0.888849 0.259002 0.222301 0.0599578
56 0.82179 0.0917176 0.161972 0.183435 0.0598537
40 0.938107 0.809432 0.122152 0.29096 0.0519279
41 0.029861 0.589991 0.059722 0.371202 0.0395446
0 0.9466 0.0891957 0.105672 0.178391 0.0382832
0 0.466498 0.0832111 0.460966 0.161581 0.0305864
60 0.464432 0.5445 0.928864 0.89625 0.028691
40 0.964478 0.8616 0.0683781 0.185076 0.0279621
56 0.942803 0.0932382 0.113724 0.180952 0.027238
0 0.367137 0.194585 0.730593 0.384408 0.0259812
0 0.946774 0.0526218 0.10563 0.105244 0.0224491
41 0.0310808 0.695402 0.0607314 0.158157 0.0221919
56 0.923589 0.118303 0.0777143 0.124867 0.0220535
0 0.183852 0.373716 0.363731 0.743379 0.0207295
0 0.119905 0.208954 0.239811 0.404733 0.0187566
40 0.839572 0.899557 0.19194 0.200887 0.0185828
60 0.867078 0.0939502 0.250387 0.182491 0.0140191
60 0.4932 0.243699 0.962937 0.343367 0.0118653
0 0.869343 0.0950009 0.251325 0.184658 0.011792
0 0.326478 0.0848449 0.19272 0.159708 0.0117652
40 0.905049 0.82642 0.189413 0.333437 0.0111298
56 0.915654 0.107217 0.0624062 0.100897 0.0110694
60 0.490423 0.399345 0.975848 0.656184 0.0110601
0 0.547136 0.0641304 0.270207 0.128261 0.0106222
40 0.867709 0.734829 0.248905 0.530341 0.00972497
40 0.957207 0.620835 0.0852577 0.676619 0.00946128
56 0.923576 0.101354 0.0831894 0.168533 0.00900751
0 0.476644 0.486852 0.951828 0.920805 0.00897607
0 0.948096 0.0354791 0.0970287 0.0709582 0.00891462
0 0.599459 0.036697 0.0999996 0.0733941 0.00887179
40 0.937194 0.625054 0.124631 0.720694 0.00877842
0 0.481443 0.219402 0.953436 0.408083 0.00877291
60 0.489034 0.815766 0.974513 0.328013 0.00871441
39 0.735813 0.0335234 0.0297608 0.0670468 0.00856531
56 0.813774 0.0716457 0.143007 0.143291 0.00834009
0 0.690547 0.0594814 0.111245 0.118963 0.00829467
42 0.965408 0.876523 0.0691845 0.152532 0.00801831
0 0.778307 0.0342549 0.0566587 0.0685098 0.00758296
41 0.839572 0.899557 0.19194 0.200887 0.00753212
0 0.825089 0.0857447 0.155349 0.171489 0.00742006
53 0.560533 0.156898 0.196424 0.115081 0.00712106
0 0.647369 0.0584861 0.135295 0.116972 0.00642392
0 0.372545 0.0516173 0.0951799 0.103235 0.00613007
56 0.939438 0.118016 0.120465 0.137207 0.00573722
40 0.938799 0.733807 0.122402 0.476436 0.00572515
41 0.0404079 0.685983 0.073579 0.190459 0.00562543
40 0.0315271 0.578641 0.0630541 0.389721 0.00555646
40 0.789028 0.897357 0.403126 0.205286 0.00553957
44 0.870889 0.899879 0.254726 0.200172 0.00538728
40 0.935571 0.771327 0.125024 0.190722 0.00538227
60 0.531406 0.681911 0.937189 0.636177 0.00535673
40 0.0297936 0.6844 0.0595872 0.181359 0.0049884
0 0.928544 0.049596 0.0777836 0.099192 0.0049749
0 0.576298 0.100204 0.821242 0.192962 0.00492558
42 0.966583 0.892747 0.0668342 0.106568 0.00491562
0 0.614912 0.0378922 0.0694027 0.0757844 0.0048703
40 0.932226 0.728932 0.118633 0.122286 0.00482988
56 0.689168 0.0579415 0.110112 0.115883 0.00481898
0 0.923656 0.0944373 0.0828787 0.176104 0.00466463
40 0.87576 0.604032 0.247969 0.771853 0.00461739
56 0.958588 0.256017 0.0828245 0.198765 0.00425741
53 0.555256 0.169885 0.209502 0.0803337 0.00420138
0 0.292893 0.0783434 0.125106 0.151812 0.00411189
41 0.0313872 0.640985 0.0627745 0.267508 0.0041109
53 0.438237 0.259815 0.574215 0.34869 0.0041022
0 0.667322 0.0655733 0.160627 0.127262 0.00400934
0 0.888137 0.192186 0.22161 0.356941 0.00399247
42 0.869561 0.898842 0.254827 0.202316 0.00391904
0 0.0856466 0.205591 0.170284 0.408207 0.00374135
39 0.838386 0.901796 0.189506 0.196408 0.00372243
0 0.587065 0.0329254 0.095068 0.0658508 0.00360584
0 0.57058 0.0374143 0.154159 0.0748285 0.00346774
0 0.490423 0.399345 0.975848 0.656184 0.00335929
41 0.958632 0.257653 0.081118 0.205501 0.0033558
56 0.877102 0.105474 0.18385 0.189476 0.0033291
41 0.965088 0.866641 0.0698238 0.174552 0.00326735
0 0.935855 0.182163 0.126575 0.344617 0.00323033
56 0.775936 0.0400381 0.0607109 0.0799234 0.00320816
39 0.0296112 0.648596 0.0592224 0.253249 0.00316143
44 0.86829 0.855712 0.256152 0.288576 0.0030643
0 0.461366 0.118591 0.480368 0.237181 0.0030435
53 0.573718 0.17519 0.221147 0.109376 0.00301868
60 0.560837 0.120843 0.858837 0.168606 0.00300252
40 0.966728 0.894974 0.0665444 0.107471 0.00296065
41 0.373321 0.0529337 0.0953213 0.105867 0.00290075
39 0.0292726 0.590065 0.0585453 0.370094 0.00288811
60 0.514406 0.877163 0.971189 0.220167 0.00288132
56 0.84719 0.0931354 0.100063 0.173404 0.00284845
0 0.334623 0.131402 0.205377 0.252471 0.00281072
41 0.866999 0.833601 0.25897 0.332798 0.00278306
56 0.94595 0.25613 0.106899 0.222085 0.00274414
0 0.623928 0.0358155 0.0489967 0.071631 0.00271723
0 0.636579 0.0440743 0.133817 0.0881486 0.00271666
56 0.949069 0.126001 0.0992924 0.110584 0.00269404
0 0.776463 0.0496605 0.059655 0.0984624 0.00261751
0 0.877102 0.105474 0.18385 0.189476 0.00258756
0 0.0805741 0.0871894 0.159032 0.170051 0.00244501
56 0.949256 0.0608047 0.101488 0.120688 0.00239941
0 0.218893 0.444221 0.437785 0.869187 0.0023683
56 0.908211 0.10677 0.0781654 0.1329 0.00233653
0 0.958712 0.266892 0.0825754 0.20746 0.00233433
41 0.543573 0.0720946 0.261111 0.136497 0.0023087
44 0.962433 0.865614 0.0750523 0.173646 0.00230306
53 0.575274 0.179278 0.293032 0.175329 0.00230199
0 0.979083 0.109 0.0418016 0.15542 0.00228021
56 0.664065 0.0576908 0.109135 0.115382 0.00221422
39 0.731663 0.0384278 0.0447678 0.0768555 0.00220367
60 0.942803 0.0932382 0.113724 0.180952 0.00218692
56 0.915361 0.0812737 0.0584557 0.0592223 0.00217256
0 0.922746 0.0644901 0.0726757 0.105867 0.00213322
13 0.92274 0.112349 0.0812487 0.14765 0.00211591
56 0.760156 0.0678123 0.0751352 0.125396 0.00210309
0 0.309972 0.154052 0.258511 0.298588 0.00208151
0 0.706161 0.043966 0.0950763 0.0879321 0.00206551
0 0.920695 0.0546455 0.0607315 0.0830699 0.00204137
41 0.867975 0.889546 0.256622 0.220907 0.00199482
0 0.568837 0.106959 0.321265 0.209273 0.00199246
39 0.706161 0.043966 0.0950763 0.0879321 0.0019885
0 0.774246 0.0689021 0.0647467 0.137755 0.00198749
56 0.930679 0.130268 0.135388 0.245994 0.00195834
0 0.809887 0.0385013 0.130829 0.0770027 0.00191459
45 0.838581 0.901146 0.189892 0.197707 0.00191325
0 0.485103 0.0697678 0.361357 0.139536 0.00190675
56 0.752262 0.0602191 0.097226 0.120438 0.00189349
56 0.958093 0.215737 0.0822182 0.124757 0.00187504
60 0.138486 0.860905 0.275855 0.278191 0.00186926
56 0.872836 0.11211 0.156115 0.154373 0.00186461
56 0.935926 0.181811 0.125699 0.331092 0.00181544
63 0.506325 0.533219 0.984722 0.886832 0.00181368
0 0.895969 0.139626 0.202426 0.24911 0.00179195
0 0.981686 0.100588 0.0366272 0.172037 0.00178134
75 0.838386 0.901796 0.189506 0.196408 0.00176051
39 0.0305377 0.684877 0.0610754 0.178166 0.00175864
0 0.725998 0.0407741 0.0552149 0.0815481 0.0017283
44 0.964085 0.806061 0.0707895 0.289433 0.00165701
41 0.0295387 0.654127 0.0590774 0.171596 0.00164542
56 0.913996 0.143616 0.090523 0.119884 0.00162977
0 0.74426 0.0385017 0.05804 0.0770035 0.00162143
56 0.923512 0.13552 0.0867458 0.101899 0.00161013
56 0.943006 0.132049 0.0467402 0.10072 0.00160435
53 0.386028 0.162768 0.164124 0.153351 0.00158748
56 0.915836 0.0687309 0.0589909 0.0949743 0.00157163
56 0.912502 0.072079 0.0515223 0.0678323 0.00156882
53 0.481173 0.192215 0.475453 0.210784 0.00156009
39 0.922713 0.0853521 0.0753445 0.135184 0.00154749
0 0.930679 0.130268 0.135388 0.245994 0.00154361
0 0.922713 0.0853521 0.0753445 0.135184 0.00154221
44 0.938107 0.809432 0.122152 0.29096 0.00153995
0 0.594283 0.0737759 0.331444 0.144942 0.00153756
60 0.958588 0.256017 0.0828245 0.198765 0.00152507
39 0.866779 0.784056 0.250129 0.431889 0.00151855
40 0.934392 0.759558 0.11932 0.133633 0.00151804
56 0.905171 0.0867473 0.0866013 0.111211 0.00151497
56 0.699474 0.0663878 0.144575 0.132587 0.00151432
53 0.585111 0.170855 0.177606 0.0726723 0.001504
39 0.867975 0.889546 0.256622 0.220907 0.00142205
53 0.592613 0.186709 0.165166 0.08784 0.00142068
53 0.638588 0.278401 0.551376 0.356868 0.00141588
41 0.0392641 0.557844 0.0762301 0.428852 0.00139132
56 0.729767 0.0699341 0.152233 0.135915 0.00139126
42 0.964055 0.802751 0.071386 0.294261 0.00136265
53 0.513467 0.1699 0.16466 0.0659594 0.00135872
44 0.965672 0.894374 0.0683926 0.108565 0.00134739
60 0.92274 0.112349 0.0812487 0.14765 0.00134099
39 0.912502 0.072079 0.0515223 0.0678323 0.00131965
0 0.685428 0.0702754 0.229141 0.136635 0.00130594
53 0.493636 0.157444 0.152578 0.0955013 0.00128263
53 0.583651 0.157191 0.171497 0.0884829 0.00126988
53 0.238486 0.210965 0.174393 0.0961913 0.00126305
40 0.96578 0.562788 0.0662426 0.7219 0.00126278
56 0.93494 0.180648 0.124936 0.141286 0.00126126
53 0.50072 0.243924 0.436474 0.30917 0.00125939
56 0.968471 0.134808 0.0568117 0.100082 0.0012449
0 0.753307 0.0354139 0.0863754 0.0704259 0.00123483
0 0.94595 0.25613 0.106899 0.222085 0.00122204
53 0.546668 0.142836 0.25767 0.143285 0.00121093
0 0.927909 0.176766 0.139166 0.142429 0.00119796
42 0.938107 0.809432 0.122152 0.29096 0.00119451
44 0.866779 0.784056 0.250129 0.431889 0.00118998
56 0.955547 0.283385 0.0881165 0.269611 0.00118017
0 0.687916 0.0954951 0.575363 0.184898 0.00117731
56 0.697218 0.0954502 0.573849 0.187825 0.0011563
43 0.964491 0.874683 0.0703514 0.15675 0.00115421
60 0.34174 0.217693 0.68348 0.418704 0.00115168
41 0.326478 0.0848449 0.19272 0.159708 0.00114149
53 0.570463 0.140273 0.332454 0.27152 0.00113037
53 0.246019 0.227871 0.18638 0.136314 0.00112608
39 0.964057 0.869637 0.0714996 0.163662 0.00110075
53 0.495073 0.26035 0.969063 0.332305 0.00109756
0 0.981849 0.063109 0.0357857 0.100761 0.00107697
60 0.160104 0.808381 0.316497 0.383238 0.00107053
53 0.574722 0.19182 0.239795 0.0867725 0.00106972
56 0.948896 0.039873 0.101403 0.0797461 0.00105906
60 0.455651 0.182518 0.623299 0.356361 0.0010438
53 0.62636 0.16732 0.182329 0.138641 0.0010435
0 0.911533 0.0559957 0.0443764 0.0807102 0.00104275
0 0.679932 0.0506344 0.0840402 0.101269 0.00104272
53 0.932822 0.725753 0.107939 0.121464 0.00104269
13 0.867078 0.0939502 0.250387 0.182491 0.00103584
60 0.773887 0.0698034 0.0650902 0.134899 0.00103563
0 0.156086 0.0929189 0.304533 0.181653 0.00103492
45 0.548714 0.0685442 0.275265 0.128029 0.00102955
41 0.461487 0.0849789 0.467382 0.164434 0.00102547
56 0.738995 0.0666647 0.0765406 0.13107 0.00101319
