41 0.632855 0.439264 0.345143 0.373247 0.929908
60 0.502524 0.500833 0.986163 0.994552 0.912771
41 0.75464 0.212379 0.217598 0.285907 0.615741
45 0.215415 0.0883454 0.295072 0.175876 0.354425
55 0.104401 0.480618 0.208611 0.412481 0.349859
45 0.155397 0.492847 0.308321 0.457 0.336234
44 0.452154 0.528407 0.0963078 0.205619 0.187032
45 0.753927 0.214054 0.217364 0.290311 0.0801766
45 0.103364 0.473295 0.204455 0.405194 0.0352905
40 0.753927 0.214054 0.217364 0.290311 0.0294839
41 0.104227 0.480299 0.204799 0.418706 0.027051
54 0.104223 0.477132 0.207015 0.409817 0.00959
75 0.753927 0.214054 0.217364 0.290311 0.00542596
55 0.119777 0.343932 0.153601 0.138272 0.00461826
55 0.142317 0.445539 0.132361 0.307829 0.00408041
45 0.630266 0.440708 0.344483 0.37172 0.004058
55 0.112716 0.324131 0.151177 0.103788 0.00376281
45 0.248653 0.0762447 0.194692 0.139159 0.00369215
48 0.278278 0.0508604 0.141984 0.101721 0.00321206
45 0.433618 0.515493 0.128981 0.327933 0.0031665
48 0.104042 0.470905 0.207322 0.399173 0.00309116
39 0.104227 0.480299 0.204799 0.418706 0.00291055
53 0.104223 0.477132 0.207015 0.409817 0.00283635
73 0.895291 0.582824 0.199201 0.273447 0.00242639
60 0.338304 0.480523 0.668247 0.959382 0.00228557
41 0.0425706 0.520681 0.0845365 0.295845 0.00227609
44 0.630266 0.440708 0.344483 0.37172 0.00225481
47 0.103912 0.481331 0.204742 0.40987 0.0022113
74 0.896223 0.582676 0.206015 0.271501 0.00219578
65 0.89507 0.579865 0.19625 0.27227 0.00217921
41 0.452062 0.527871 0.0943817 0.206713 0.00195989
39 0.753415 0.209873 0.215572 0.286882 0.00195348
48 0.279215 0.0350563 0.139323 0.0691926 0.00191617
55 0.277788 0.0498537 0.141774 0.0990749 0.00170514
55 0.279215 0.0350563 0.139323 0.0691926 0.00157166
56 0.898644 0.16771 0.200355 0.328911 0.00155959
54 0.116778 0.34313 0.157589 0.136293 0.00135788
55 0.249954 0.0750376 0.19918 0.137974 0.00130689
60 0.49485 0.189587 0.95185 0.370897 0.0012618
54 0.106575 0.319849 0.148858 0.0950163 0.00116315
55 0.19159 0.0698412 0.0876274 0.138242 0.0011304
41 0.155641 0.496165 0.307121 0.456636 0.00106803
40 0.630473 0.438002 0.340227 0.372825 0.00103521
