8 0.490633 0.627076 0.723191 0.134493 0.595452
8 0.714818 0.59871 0.540803 0.0880452 0.26339
8 0.490155 0.592233 0.723683 0.205638 0.170273
8 0.709981 0.555801 0.538385 0.169192 0.0639384
8 0.492981 0.647683 0.725403 0.0926275 0.0540172
8 0.712337 0.579161 0.526343 0.0847909 0.0218106
8 0.762329 0.573697 0.314384 0.0399794 0.0204835
8 0.710393 0.496583 0.530649 0.274871 0.0187333
8 0.7747 0.579211 0.370777 0.0466799 0.0138362
8 0.714494 0.520584 0.549777 0.409273 0.0137249
8 0.581704 0.661119 0.549833 0.065858 0.0130194
8 0.545836 0.568197 0.870079 0.251242 0.012388
8 0.718116 0.617904 0.556945 0.123723 0.00958559
8 0.734672 0.580124 0.2541 0.0445064 0.00852129
4 0.505218 0.623875 0.752522 0.136717 0.00770128
8 0.841946 0.611451 0.314263 0.0639374 0.00632706
37 0.49025 0.628707 0.718185 0.130502 0.00556228
8 0.694129 0.611728 0.389298 0.0430905 0.00539818
8 0.636772 0.675325 0.43746 0.0370303 0.00530922
8 0.682121 0.605532 0.432017 0.0400351 0.00500435
8 0.572236 0.6228 0.845528 0.161873 0.00496614
8 0.80432 0.584753 0.338059 0.0455419 0.0049133
8 0.750792 0.59148 0.363183 0.0290127 0.0048337
8 0.538177 0.54052 0.116273 0.134726 0.0044533
8 0.647489 0.616288 0.430841 0.0456989 0.00400463
8 0.874885 0.531664 0.244119 0.435995 0.00343788
8 0.287681 0.621922 0.315855 0.134813 0.00343224
8 0.535472 0.545878 0.183723 0.144476 0.00331309
8 0.231688 0.612926 0.205491 0.126662 0.00328702
8 0.711159 0.62519 0.567555 0.189134 0.00292799
8 0.399417 0.577601 0.543262 0.219421 0.00286824
8 0.755836 0.606843 0.402149 0.0385479 0.00286379
8 0.831678 0.578062 0.280872 0.0494339 0.00281498
8 0.726254 0.57318 0.237063 0.0356363 0.00280157
8 0.883075 0.659526 0.23385 0.150678 0.00273126
8 0.779116 0.57058 0.365066 0.0514242 0.00269842
8 0.71219 0.600086 0.433664 0.0364295 0.0026924
8 0.504288 0.53513 0.0368884 0.123048 0.0026561
8 0.568136 0.67725 0.452344 0.0327898 0.00262719
62 0.5 0.33511 1 0.67022 0.00262496
8 0.606964 0.569234 0.367676 0.193621 0.00255993
8 0.838898 0.599887 0.311276 0.0726398 0.0024738
8 0.901882 0.620346 0.196237 0.057964 0.00235933
8 0.599028 0.594483 0.319375 0.0501646 0.00231609
8 0.504028 0.540325 0.117061 0.137217 0.00225702
8 0.820136 0.598222 0.323628 0.0537868 0.00224093
8 0.599575 0.597198 0.378736 0.0362139 0.00223705
8 0.64673 0.596553 0.41471 0.0797813 0.0022327
8 0.877782 0.691014 0.244436 0.256318 0.00214869
8 0.485803 0.537842 0.076155 0.128742 0.00200278
0 0.494066 0.582245 0.0239713 0.0172461 0.00189865
8 0.785458 0.622007 0.370128 0.0477875 0.00189
8 0.863349 0.621772 0.273301 0.0633863 0.00187606
8 0.645013 0.662927 0.443965 0.0301693 0.00185022
33 0.490902 0.624691 0.721638 0.139618 0.00175622
8 0.883128 0.708335 0.229584 0.0391093 0.00173622
8 0.665232 0.661266 0.376674 0.0392454 0.00168768
8 0.65321 0.594993 0.407017 0.0406996 0.00163186
8 0.768254 0.602373 0.340675 0.0370821 0.00162944
8 0.639718 0.646216 0.416732 0.0503872 0.00157946
8 0.662523 0.653038 0.360738 0.042177 0.00152713
8 0.884318 0.598072 0.225227 0.0740883 0.00141275
8 0.718024 0.568594 0.200137 0.0326315 0.00139809
8 0.872178 0.680347 0.252108 0.103934 0.00139275
8 0.913185 0.613132 0.173297 0.254627 0.00137538
25 0.494997 0.583891 0.732815 0.220234 0.00135538
8 0.793302 0.520599 0.375372 0.356915 0.00134525
8 0.574069 0.588968 0.262891 0.0650438 0.00132087
8 0.831054 0.643601 0.328141 0.136915 0.00131574
6 0.505218 0.623875 0.752522 0.136717 0.0012829
8 0.90726 0.639383 0.18548 0.0969804 0.00126383
8 0.852932 0.637347 0.294136 0.0827998 0.0011825
8 0.611728 0.641638 0.334815 0.0443842 0.00116667
25 0.505218 0.623875 0.752522 0.136717 0.00115484
37 0.636772 0.675325 0.43746 0.0370303 0.00114828
8 0.634013 0.682023 0.41076 0.0277328 0.0011422
8 0.203549 0.605348 0.147849 0.108916 0.0011417
8 0.898358 0.642407 0.203284 0.25546 0.0011057
58 0.494997 0.583891 0.732815 0.220234 0.00107396
8 0.57599 0.572507 0.262907 0.107763 0.00105914
8 0.564588 0.547562 0.0567654 0.0917477 0.00104728
13 0.495666 0.626361 0.736652 0.134903 0.00104633
8 0.873659 0.581865 0.20427 0.0556238 0.00104606
8 0.893518 0.69306 0.212965 0.0733282 0.00103334
8 0.913762 0.611566 0.172476 0.0541098 0.00102875
8 0.565657 0.655007 0.433153 0.0371278 0.00102651
8 0.914547 0.580014 0.122214 0.0510855 0.00102374
58 0.717205 0.488476 0.552567 0.360259 0.00101826
8 0.678201 0.668811 0.341154 0.0497239 0.00101075
