39 0.351385 0.294996 0.422357 0.584751 0.753591
48 0.531288 0.790077 0.754624 0.404876 0.743468
46 0.503223 0.737467 0.564618 0.297996 0.723086
39 0.702646 0.333031 0.332235 0.40056 0.619384
60 0.500427 0.672399 0.999146 0.632561 0.601892
55 0.528957 0.792312 0.75304 0.398059 0.337259
60 0.5 0.550738 1 0.330361 0.205848
41 0.702072 0.333729 0.337973 0.40094 0.177947
41 0.348836 0.29463 0.424555 0.583101 0.102803
60 0.506049 0.464385 0.986739 0.234854 0.0928497
46 0.677689 0.658068 0.168399 0.10706 0.0672949
46 0.374424 0.745688 0.308536 0.287064 0.0585153
46 0.623737 0.773458 0.32425 0.186114 0.0578218
60 0.116838 0.554455 0.233675 0.331083 0.0537033
62 0.77788 0.149054 0.442957 0.290862 0.0479432
48 0.499612 0.739908 0.574203 0.298392 0.0470404
46 0.272503 0.673576 0.105647 0.128235 0.0376219
60 0.5 0.495735 1 0.917703 0.0362626
46 0.549112 0.733255 0.172367 0.107336 0.0347041
46 0.671303 0.804208 0.230183 0.121867 0.0325894
46 0.521962 0.626714 0.136648 0.0767412 0.0302078
60 0.5 0.454025 1 0.391699 0.0299255
46 0.988238 0.734725 0.0229146 0.0975674 0.0258166
46 0.54574 0.780896 0.481015 0.212556 0.0248365
60 0.116795 0.687703 0.233118 0.59834 0.0241995
46 0.412035 0.663894 0.388791 0.152527 0.0241275
46 0.604589 0.651386 0.318775 0.125779 0.0228359
46 0.298268 0.668935 0.158028 0.13597 0.0227361
46 0.376872 0.656086 0.150161 0.104526 0.0213014
46 0.528933 0.705121 0.475229 0.232235 0.0207722
46 0.36929 0.670292 0.300043 0.138184 0.0187961
60 0.893998 0.464402 0.211288 0.22591 0.0151799
53 0.531288 0.790077 0.754624 0.404876 0.0140534
46 0.422675 0.827088 0.20768 0.120955 0.0128006
63 0.775859 0.154899 0.44733 0.295666 0.0122259
46 0.447664 0.645678 0.288593 0.114944 0.0120677
46 0.613659 0.728131 0.350272 0.278548 0.010432
45 0.537725 0.771896 0.891376 0.442733 0.0103487
46 0.531465 0.654516 0.462109 0.132755 0.00997186
46 0.51429 0.639899 0.157946 0.103709 0.00987002
60 0.458793 0.368088 0.917585 0.722964 0.00883165
60 0.498548 0.471653 0.997096 0.617079 0.00821698
60 0.500177 0.215771 0.999647 0.405788 0.00808632
41 0.530266 0.791752 0.756353 0.399196 0.00741473
68 0.777581 0.152602 0.443576 0.290449 0.00667918
46 0.338775 0.74995 0.225521 0.088724 0.00565547
46 0.398043 0.65341 0.197198 0.116526 0.00535303
46 0.339592 0.687354 0.227753 0.171877 0.00530237
56 0.777075 0.150479 0.443025 0.288162 0.00521296
50 0.505936 0.734094 0.562881 0.292878 0.00503325
47 0.988169 0.735131 0.0229223 0.0978947 0.00486809
60 0.530608 0.160979 0.938784 0.309389 0.00484589
62 0.776686 0.0388071 0.446629 0.0742181 0.00311163
75 0.348836 0.29463 0.424555 0.583101 0.00306261
69 0.77746 0.153371 0.444021 0.292939 0.00294903
55 0.505936 0.734094 0.562881 0.292878 0.0027253
46 0.374233 0.795473 0.305044 0.186397 0.00256643
60 0.698093 0.458878 0.603814 0.234678 0.00245938
60 0.592433 0.323758 0.815134 0.588315 0.00227612
52 0.531288 0.790077 0.754624 0.404876 0.00220877
62 0.499282 0.155667 0.998564 0.302636 0.00208223
73 0.350003 0.295888 0.426361 0.586911 0.00194934
60 0.891114 0.667735 0.217772 0.635278 0.00190741
47 0.505936 0.734094 0.562881 0.292878 0.00189826
54 0.529538 0.791996 0.754599 0.399329 0.00188988
52 0.505936 0.734094 0.562881 0.292878 0.00172287
62 0.778376 0.20185 0.443249 0.303925 0.0016968
72 0.776714 0.149891 0.445198 0.291462 0.00142661
60 0.775859 0.154899 0.44733 0.295666 0.00142318
46 0.528629 0.792204 0.754415 0.400481 0.00141606
49 0.988228 0.734175 0.0230855 0.0977594 0.00141442
53 0.505936 0.734094 0.562881 0.292878 0.00140607
46 0.260492 0.6824 0.0828779 0.112901 0.00127405
44 0.474727 0.370571 0.14439 0.132065 0.00125891
46 0.308835 0.756998 0.162704 0.0995312 0.00124821
60 0.767615 0.564583 0.464769 0.440452 0.00120494
75 0.702072 0.333729 0.337973 0.40094 0.00117087
46 0.548745 0.762647 0.17192 0.167622 0.00110018
73 0.702072 0.333729 0.337973 0.40094 0.0010879
49 0.529538 0.791996 0.754599 0.399329 0.0010848
46 0.295686 0.706885 0.158203 0.208224 0.00102815
