0 0.589058 0.740297 0.27178 0.42773 0.918895
38 0.687394 0.708319 0.184174 0.0649807 0.71294
0 0.937747 0.381822 0.122375 0.129337 0.647361
56 0.181315 0.460576 0.0899253 0.0333572 0.524713
56 0.311535 0.421187 0.0931471 0.0372078 0.422201
56 0.0857032 0.461645 0.0896595 0.03272 0.418656
56 0.278913 0.459942 0.0924611 0.0335629 0.409965
56 0.123289 0.518264 0.112713 0.0675962 0.400785
56 0.216618 0.42215 0.0908404 0.0385349 0.391353
56 0.1239 0.423991 0.0875446 0.0380996 0.365987
56 0.634253 0.503418 0.103391 0.0426907 0.353881
56 0.525722 0.51588 0.106509 0.0665491 0.352549
56 0.738541 0.515651 0.117113 0.0686073 0.327729
56 0.252775 0.383578 0.08744 0.0381211 0.319635
56 0.343456 0.381972 0.0881126 0.0372149 0.307818
56 0.435118 0.383083 0.0892048 0.041118 0.28062
56 0.162635 0.385741 0.0859306 0.0372904 0.269775
56 0.674838 0.456942 0.0989738 0.0333455 0.262522
56 0.887972 0.455506 0.100827 0.033621 0.206803
56 0.0390706 0.424238 0.0769734 0.0370184 0.206126
56 0.511732 0.438212 0.112466 0.0758774 0.199459
56 0.0398565 0.505768 0.0764094 0.0404261 0.192328
56 0.407889 0.421319 0.0933026 0.0389694 0.191184
56 0.857427 0.50282 0.110476 0.0454884 0.184622
56 0.797668 0.419393 0.102563 0.0453117 0.166438
56 0.0177399 0.462057 0.0354799 0.0320704 0.144234
56 0.856276 0.514234 0.113151 0.0677137 0.143553
38 0.49932 0.66105 0.0661526 0.10201 0.142916
56 0.78037 0.456527 0.099923 0.0328804 0.130409
56 0.527831 0.381699 0.0919882 0.0408282 0.130067
56 0.0738794 0.386041 0.0862596 0.0355129 0.116858
56 0.514543 0.417998 0.118638 0.112638 0.110656
56 0.0730383 0.395607 0.0870746 0.055073 0.100135
56 0.527753 0.503853 0.102913 0.0430504 0.0941029
38 0.546232 0.671398 0.0354129 0.044557 0.0912263
56 0.95382 0.513778 0.0923596 0.0682425 0.0911413
56 0.907687 0.374947 0.0957196 0.0404644 0.0821963
56 0.406196 0.435748 0.0976357 0.0677052 0.07941
56 0.744231 0.502417 0.106842 0.0426853 0.0727955
0 0.914986 0.393137 0.168218 0.150094 0.0724678
38 0.550412 0.673823 0.14249 0.118284 0.071145
56 0.255988 0.497665 0.137722 0.110535 0.0690686
56 0.972954 0.455389 0.0539405 0.0323055 0.068986
56 0.957633 0.501926 0.0844975 0.0439063 0.0667891
38 0.558598 0.684359 0.120356 0.0987164 0.0632506
56 0.372105 0.526893 0.110448 0.0514124 0.0629596
56 0.0388335 0.518711 0.077667 0.0670941 0.0616253
56 0.128924 0.507044 0.100987 0.0451859 0.0554629
56 0.42946 0.389635 0.101516 0.0543654 0.0545131
56 0.216227 0.438854 0.0963676 0.0716352 0.0537862
38 0.602735 0.704199 0.15976 0.066464 0.0492188
38 0.620973 0.718206 0.128134 0.0396847 0.0453868
56 0.631411 0.515939 0.106935 0.0685333 0.040159
38 0.646366 0.717793 0.238096 0.0865351 0.0397878
56 0.385943 0.466739 0.113038 0.0560333 0.0363295
38 0.567515 0.686838 0.106529 0.0806203 0.0348809
56 0.52452 0.40412 0.0990913 0.0852015 0.0326994
56 0.0144641 0.388504 0.0288079 0.0379056 0.0283732
38 0.529759 0.667037 0.114239 0.116473 0.0282143
56 0.0392762 0.441642 0.0785524 0.0725409 0.027828
56 0.775867 0.479717 0.110335 0.0788564 0.0268798
56 0.376622 0.496819 0.121787 0.110556 0.0253718
56 0.887245 0.471271 0.104249 0.0680397 0.0253315
56 0.159451 0.40053 0.0965878 0.0669806 0.0235843
38 0.620823 0.742173 0.134347 0.0870084 0.0235377
56 0.391642 0.45895 0.106465 0.0434855 0.0226727
38 0.607231 0.728272 0.17788 0.106342 0.0207735
38 0.629139 0.713938 0.145946 0.0519753 0.0196769
56 0.308648 0.432133 0.0990565 0.0588652 0.0193536
38 0.589328 0.69008 0.172074 0.0809549 0.0185939
56 0.511232 0.427528 0.09876 0.0572557 0.0175376
56 0.251994 0.51339 0.140353 0.0816778 0.0171559
38 0.615797 0.721682 0.145037 0.051503 0.0168046
56 0.389853 0.460258 0.122261 0.112274 0.0167294
56 0.256082 0.526381 0.119225 0.0544028 0.0165241
56 0.394342 0.45029 0.110568 0.0577599 0.0162424
38 0.566521 0.704553 0.109499 0.0467226 0.0159999
56 0.669056 0.480991 0.112177 0.081349 0.0134479
38 0.551968 0.686754 0.0473422 0.0780917 0.0128889
56 0.373457 0.513892 0.111303 0.0736143 0.0128653
38 0.532376 0.658198 0.0638512 0.0808348 0.0124861
38 0.703661 0.697701 0.154369 0.0436806 0.0119614
0 0.896606 0.395108 0.123346 0.0814085 0.0114182
38 0.657359 0.814347 0.0636495 0.0639622 0.0105776
38 0.539672 0.658462 0.0533867 0.0715579 0.0103183
56 0.274769 0.477499 0.10029 0.0716579 0.0100403
0 0.908538 0.374918 0.0951447 0.0389937 0.00951853
56 0.872398 0.481707 0.1301 0.0862199 0.00897843
56 0.37338 0.491967 0.100327 0.0294682 0.00893068
56 0.180422 0.490664 0.0914356 0.0944925 0.00867081
56 0.964789 0.469087 0.0669671 0.0586378 0.00829184
0 0.908009 0.415183 0.157923 0.112714 0.00804219
56 0.24518 0.39517 0.105042 0.0616953 0.00770214
56 0.25978 0.460543 0.135456 0.0348226 0.0077011
56 0.516864 0.427573 0.106121 0.078141 0.00753334
38 0.533595 0.675882 0.0662917 0.0719091 0.00746998
38 0.489894 0.672254 0.0561599 0.0791316 0.00746191
56 0.848705 0.535954 0.101947 0.0260229 0.00742227
38 0.585736 0.712372 0.103197 0.0387902 0.00729436
56 0.0735327 0.484432 0.108463 0.0823096 0.00676364
38 0.639611 0.744827 0.0997047 0.0784729 0.00618804
56 0.0339911 0.456187 0.0679821 0.0426351 0.0061636
56 0.375734 0.501612 0.110188 0.0527647 0.00605989
56 0.789332 0.435128 0.113205 0.0766909 0.00593892
56 0.286083 0.451595 0.104283 0.0498828 0.00585058
56 0.372854 0.488202 0.0887664 0.0265112 0.0055252
56 0.964378 0.481001 0.0712438 0.0828039 0.0055055
56 0.199852 0.450431 0.103828 0.0529441 0.00545767
56 0.030381 0.485413 0.0602966 0.0789011 0.00545514
56 0.342851 0.399919 0.0886408 0.0739239 0.00537682
38 0.625722 0.697433 0.177519 0.0820175 0.00514686
38 0.587397 0.713533 0.0644473 0.0266882 0.00499934
38 0.663782 0.716138 0.163495 0.0491198 0.00489101
56 0.899253 0.392343 0.11545 0.0754075 0.00488585
56 0.954718 0.489948 0.0905649 0.105305 0.00486311
38 0.727282 0.696827 0.102112 0.0425201 0.00462675
56 0.297997 0.440383 0.122862 0.0719362 0.00433487
56 0.424164 0.401462 0.111239 0.0771036 0.00426671
56 0.0261477 0.459817 0.0522562 0.038125 0.00412688
56 0.520193 0.536514 0.0955822 0.0273033 0.00400564
56 0.503854 0.464444 0.0977568 0.0237112 0.00400084
38 0.713398 0.707964 0.128774 0.0641804 0.00377828
56 0.965034 0.44751 0.0695564 0.0482994 0.00375479
38 0.519661 0.65852 0.0735664 0.0877247 0.00366542
38 0.675838 0.694837 0.070086 0.0262849 0.00360766
38 0.691166 0.718498 0.162747 0.0443171 0.00352854
56 0.503113 0.499549 0.129913 0.0431559 0.00348684
56 0.0354642 0.531074 0.0709285 0.041601 0.0034849
56 0.257623 0.440001 0.184447 0.0758317 0.00320864
38 0.617806 0.760314 0.143046 0.103782 0.00318536
0 0.49006 0.584395 0.980119 0.602667 0.00313097
0 0.03895 0.505657 0.0771778 0.0413879 0.00303078
38 0.509798 0.644903 0.0451327 0.0689163 0.00291461
0 0.495027 0.477187 0.98573 0.270403 0.00288141
0 0.944017 0.364402 0.111036 0.0962669 0.00271353
56 0.900042 0.405569 0.133492 0.100507 0.00270191
56 0.0312074 0.539439 0.0614844 0.0258736 0.00269935
56 0.161531 0.439784 0.179896 0.0776756 0.00263199
56 0.479704 0.499259 0.0832022 0.0425592 0.0025557
38 0.623205 0.705975 0.215281 0.0739031 0.00246233
56 0.504773 0.447223 0.104817 0.057954 0.00244376
56 0.0149211 0.393899 0.0298421 0.0516521 0.00242585
38 0.652526 0.751937 0.0734899 0.0604508 0.00236362
56 0.5212 0.530192 0.104325 0.0398323 0.00235417
38 0.549886 0.699216 0.0867225 0.0498875 0.00218284
56 0.115304 0.442454 0.0961111 0.0683023 0.00217324
38 0.658022 0.706923 0.11282 0.0506573 0.0021086
56 0.38045 0.400431 0.194706 0.0744719 0.00208417
56 0.116182 0.539059 0.0973429 0.0270771 0.00206327
56 0.735363 0.536005 0.107852 0.0281057 0.00201541
56 0.626231 0.536794 0.103759 0.0272079 0.00192955
38 0.663213 0.756356 0.0540499 0.0494913 0.00192448
56 0.508753 0.461837 0.135399 0.125878 0.00189787
56 0.495919 0.491951 0.115575 0.0517586 0.00188324
56 0.35903 0.491053 0.166551 0.112685 0.00188306
38 0.551138 0.67326 0.0454807 0.0526258 0.00184554
56 0.742699 0.499145 0.119985 0.0948356 0.00182047
56 0.344307 0.403849 0.156096 0.0723385 0.00179812
38 0.746305 0.696449 0.0647841 0.0389977 0.00173461
38 0.676369 0.697325 0.15951 0.0517731 0.00171524
56 0.952553 0.535355 0.0915452 0.0258012 0.0016827
56 0.914968 0.408252 0.166894 0.126505 0.00168034
38 0.471617 0.662526 0.121749 0.105278 0.00167781
0 0.48304 0.454308 0.966079 0.186591 0.00166458
0 0.49422 0.435839 0.949508 0.131347 0.00165656
56 0.0612212 0.407927 0.121848 0.0685529 0.00156918
56 0.749977 0.488371 0.109558 0.0664997 0.00152755
56 0.0174988 0.469563 0.0349977 0.047562 0.00152355
0 0.508691 0.401619 0.959354 0.227261 0.00149453
56 0.302602 0.454771 0.0997106 0.0420238 0.00148958
56 0.138154 0.502492 0.100732 0.0552313 0.00146833
56 0.293582 0.400184 0.188167 0.0699042 0.00141722
56 0.599347 0.538021 0.0474229 0.0246012 0.00138506
56 0.263412 0.492596 0.115536 0.0363725 0.00135642
38 0.517715 0.644282 0.0435827 0.0620447 0.00132248
56 0.806311 0.481993 0.204895 0.0851753 0.00131497
56 0.0932697 0.405133 0.124926 0.0724756 0.00128907
0 0.979639 0.361613 0.0398212 0.0897789 0.00125197
56 0.629062 0.529517 0.108818 0.0415583 0.00120091
56 0.675363 0.468523 0.0999862 0.0576147 0.00119677
0 0.972954 0.455389 0.0539405 0.0323055 0.00119033
38 0.49051 0.679429 0.0403236 0.0647924 0.00118536
56 0.348681 0.482474 0.152758 0.0402769 0.00118005
56 0.41224 0.459241 0.120684 0.116339 0.00116679
0 0.965034 0.44751 0.0695564 0.0482994 0.00115538
38 0.589697 0.686329 0.124192 0.0858037 0.00115508
0 0.00695957 0.50405 0.0139191 0.0361991 0.00113046
56 0.849459 0.54187 0.108854 0.0386309 0.00109076
56 0.0181237 0.386001 0.0354508 0.0434414 0.00108117
56 0.141031 0.41558 0.11672 0.0502571 0.00107184
56 0.545828 0.393249 0.24089 0.159977 0.0010604
0 0.453836 0.604281 0.695389 0.53456 0.00105855
56 0.337711 0.416077 0.604142 0.121042 0.00102118
38 0.530907 0.63647 0.0323086 0.0312838 0.00101027
