32 0.48357 0.410525 0.10343 0.0767869 0.929439
0 0.574525 0.384717 0.457738 0.42999 0.858732
0 0.386135 0.212228 0.107933 0.172755 0.734031
0 0.602474 0.182505 0.0829254 0.13398 0.72372
0 0.199713 0.26552 0.0666833 0.104801 0.675931
0 0.0197766 0.28946 0.0395532 0.143898 0.596911
0 0.932217 0.292382 0.0972699 0.155321 0.591738
0 0.682088 0.386083 0.11324 0.374185 0.465117
0 0.323251 0.29637 0.0802671 0.129517 0.464245
0 0.157262 0.268953 0.0437227 0.0946601 0.326408
0 0.770757 0.297612 0.124798 0.158728 0.186604
0 0.467726 0.2093 0.0446599 0.042137 0.145525
0 0.678976 0.25415 0.103402 0.11193 0.144903
0 0.19579 0.339279 0.126536 0.0553794 0.0744692
0 0.622796 0.182669 0.124792 0.133603 0.0616949
0 0.19506 0.292176 0.12687 0.1515 0.0471578
0 0.195718 0.325063 0.126463 0.081492 0.0401615
0 0.639162 0.395347 0.26184 0.404988 0.0392663
0 0.211871 0.342068 0.0907487 0.0499202 0.0369283
0 0.0200578 0.285349 0.0401157 0.0787416 0.0366239
0 0.299075 0.289143 0.0390741 0.101104 0.0357043
17 0.199512 0.265765 0.0670624 0.104016 0.0285076
0 0.952282 0.232436 0.0402898 0.0352501 0.0279172
0 0.448819 0.45735 0.204018 0.15118 0.023799
0 0.210492 0.248203 0.0446339 0.0689087 0.0237023
0 0.175601 0.267159 0.0466993 0.0887891 0.018277
0 0.355846 0.277178 0.0535535 0.0995421 0.0182051
0 0.771637 0.280622 0.125967 0.110788 0.0154456
0 0.214335 0.266958 0.0442046 0.0808056 0.0124969
0 0.0204982 0.257914 0.0409963 0.0787779 0.0117472
0 0.363947 0.276745 0.0375371 0.0984075 0.0113975
0 0.186841 0.232547 0.02465 0.0226039 0.0112841
35 0.15326 0.327942 0.0443434 0.033742 0.0105634
0 0.181761 0.273353 0.0384351 0.0806241 0.0105463
0 0.216967 0.270283 0.0336223 0.0566319 0.0102535
16 0.213202 0.341327 0.0890889 0.0521469 0.0099448
0 0.183138 0.260208 0.0326687 0.0784401 0.00943053
0 0.21654 0.280665 0.0392676 0.0745537 0.00899097
13 0.195703 0.339397 0.126399 0.055404 0.0083842
0 0.382603 0.246422 0.121466 0.2438 0.00836641
0 0.199552 0.229876 0.0449481 0.0331159 0.0081349
24 0.15566 0.269164 0.0426119 0.0932575 0.0077343
0 0.783761 0.291006 0.100822 0.0825312 0.00739864
0 0.634845 0.195992 0.157503 0.150215 0.00738388
24 0.213479 0.341867 0.0895571 0.0500347 0.00699285
32 0.0195984 0.278138 0.0391968 0.0303631 0.0069111
16 0.198819 0.265598 0.0656419 0.104261 0.00677088
0 0.928386 0.261327 0.0896825 0.0923588 0.00652045
0 0.445218 0.47851 0.197849 0.107304 0.00635776
0 0.878305 0.292974 0.242193 0.157854 0.00607222
0 0.184554 0.266585 0.092182 0.102333 0.005943
0 0.308905 0.278858 0.0668292 0.109093 0.0058502
28 0.213202 0.341327 0.0890889 0.0521469 0.00539669
25 0.766639 0.27414 0.136511 0.116141 0.00518331
0 0.0187294 0.247183 0.0374588 0.0620767 0.00444236
0 0.2774 0.283111 0.117738 0.116843 0.00438276
0 0.156891 0.329757 0.0508392 0.0379871 0.00436938
0 0.467676 0.19722 0.0481341 0.0677147 0.00436157
24 0.217271 0.352439 0.0795911 0.0285609 0.00434598
0 0.0126413 0.230061 0.0252826 0.028949 0.00434029
35 0.0195984 0.278138 0.0391968 0.0303631 0.00421169
29 0.0195984 0.278138 0.0391968 0.0303631 0.00416365
0 0.150454 0.280052 0.0413288 0.0746756 0.00413898
24 0.0201278 0.271772 0.0402556 0.0438619 0.00409797
0 0.137661 0.270666 0.0697631 0.0966265 0.00398466
0 0.684988 0.305325 0.117399 0.212963 0.00396112
24 0.0195984 0.278138 0.0391968 0.0303631 0.00387627
16 0.19579 0.339279 0.126536 0.0553794 0.00369945
0 0.261558 0.294118 0.209985 0.130204 0.00359091
10 0.196578 0.341448 0.120901 0.0523144 0.00355613
38 0.778792 0.323305 0.089927 0.104433 0.00347102
19 0.199625 0.26557 0.0669834 0.104567 0.00336406
24 0.181761 0.273353 0.0384351 0.0806241 0.00335672
2 0.437429 0.362398 0.0371737 0.0220238 0.0033085
0 0.205882 0.277358 0.0532301 0.0814886 0.00329962
0 0.30625 0.281488 0.0508282 0.0936804 0.00323787
0 0.345415 0.274345 0.0734442 0.0951334 0.00308245
14 0.769095 0.297685 0.12806 0.161142 0.00299808
20 0.771637 0.280622 0.125967 0.110788 0.00296766
0 0.947309 0.259503 0.0531085 0.0876481 0.00290245
13 0.213202 0.341327 0.0890889 0.0521469 0.0028941
3 0.196578 0.341448 0.120901 0.0523144 0.00282252
0 0.898786 0.293695 0.170593 0.155236 0.0027031
17 0.771637 0.280622 0.125967 0.110788 0.00268632
0 0.716867 0.385243 0.165084 0.373984 0.0026845
0 0.680201 0.274823 0.099676 0.0782495 0.00266224
24 0.156757 0.330057 0.04966 0.0371052 0.00260317
26 0.0195984 0.278138 0.0391968 0.0303631 0.00257993
38 0.788632 0.30042 0.0724228 0.053685 0.002372
17 0.205882 0.277358 0.0532301 0.0814886 0.00230765
0 0.169375 0.330473 0.076241 0.0398999 0.00230682
24 0.467424 0.209902 0.0450867 0.0425652 0.00229943
0 0.217271 0.352439 0.0795911 0.0285609 0.00229454
0 0.191014 0.252088 0.0511341 0.0780347 0.00228903
17 0.324039 0.298523 0.0781928 0.126311 0.00225353
28 0.217271 0.352439 0.0795911 0.0285609 0.00223404
28 0.192867 0.340218 0.12444 0.0531846 0.00220382
0 0.206947 0.313726 0.0985715 0.099655 0.00216037
0 0.787877 0.301014 0.0880634 0.0596647 0.00215295
0 0.447619 0.375397 0.208284 0.309824 0.00212532
0 0.711698 0.372117 0.0593208 0.0968094 0.00211701
0 0.0171116 0.238798 0.0340543 0.0461631 0.00210288
17 0.15566 0.269164 0.0426119 0.0932575 0.00205049
26 0.156172 0.329819 0.0497366 0.0370207 0.00204605
0 0.419638 0.308332 0.182789 0.198708 0.00200331
0 0.704597 0.341539 0.0614861 0.168398 0.00199172
23 0.772385 0.286316 0.125667 0.110817 0.00197008
13 0.193127 0.332091 0.122699 0.0397726 0.00196981
26 0.0201278 0.271772 0.0402556 0.0438619 0.00185037
24 0.193052 0.26998 0.0547094 0.094973 0.00182477
0 0.545073 0.472837 0.39922 0.221851 0.00180876
20 0.352578 0.278485 0.0600539 0.102413 0.00174367
16 0.768989 0.297047 0.12875 0.160957 0.00172424
32 0.437429 0.362398 0.0371737 0.0220238 0.00163329
0 0.0764623 0.276433 0.146924 0.104612 0.00159973
13 0.161522 0.330185 0.0593117 0.0379508 0.00156996
0 0.911269 0.278657 0.0561225 0.0564126 0.00155231
24 0.196578 0.341448 0.120901 0.0523144 0.00155193
56 0.420739 0.30812 0.186532 0.200686 0.00152752
0 0.993511 0.246453 0.0129776 0.0440361 0.00152552
35 0.161522 0.330185 0.0593117 0.0379508 0.00150627
38 0.750097 0.306312 0.0585281 0.0375463 0.00149772
0 0.358603 0.264353 0.150273 0.190552 0.00148979
0 0.181945 0.315436 0.104771 0.0849879 0.00147304
16 0.217271 0.352439 0.0795911 0.0285609 0.00144041
20 0.324039 0.298523 0.0781928 0.126311 0.0013909
38 0.755936 0.329167 0.0698405 0.0950257 0.00138679
0 0.268063 0.275448 0.165605 0.116881 0.00132993
25 0.272831 0.284061 0.125586 0.1229 0.00132984
38 0.769095 0.297685 0.12806 0.161142 0.00132617
0 0.730681 0.2702 0.207617 0.126445 0.00128517
0 0.327394 0.278319 0.0672389 0.083745 0.00126413
56 0.769095 0.297685 0.12806 0.161142 0.00124291
28 0.156757 0.330057 0.04966 0.0371052 0.00123605
20 0.199625 0.26557 0.0669834 0.104567 0.00122306
16 0.299508 0.288498 0.039097 0.0796967 0.00122005
0 0.641416 0.16332 0.0902285 0.0929583 0.00120777
0 0.0156808 0.328276 0.031216 0.0661023 0.00118381
24 0.0204982 0.257914 0.0409963 0.0787779 0.00117519
26 0.202043 0.34216 0.109118 0.0504366 0.00117171
0 0.709351 0.328155 0.0762917 0.196435 0.00115311
24 0.0204222 0.276792 0.0408445 0.100592 0.00115007
3 0.198819 0.265598 0.0656419 0.104261 0.00113741
1 0.769095 0.297685 0.12806 0.161142 0.00113335
0 0.509858 0.190425 0.134161 0.0819268 0.00112224
10 0.213403 0.342262 0.089129 0.0490509 0.00107652
16 0.324039 0.298523 0.0781928 0.126311 0.00107384
20 0.341325 0.278774 0.077928 0.0918397 0.00107253
1 0.750706 0.333159 0.0485537 0.0880689 0.00106734
0 0.449951 0.422294 0.208694 0.218191 0.00106376
16 0.774082 0.284596 0.121012 0.101346 0.00105748
0 0.964359 0.237484 0.069371 0.0454629 0.00105318
0 0.957925 0.293128 0.0708582 0.153246 0.00104806
58 0.748793 0.332737 0.0546307 0.089019 0.00103414
17 0.195409 0.338482 0.12688 0.0565675 0.00102973
3 0.213403 0.342262 0.089129 0.0490509 0.00102589
0 0.139283 0.286457 0.0569917 0.0657864 0.00102282
16 0.205882 0.277358 0.0532301 0.0814886 0.00101432
