54 0.630356 0.818469 0.263265 0.260666 0.504147
52 0.616139 0.460258 0.271373 0.506018 0.227931
54 0.40636 0.666273 0.23034 0.203304 0.207637
54 0.178507 0.37586 0.200805 0.31165 0.205893
52 0.678223 0.455249 0.146135 0.491543 0.185617
52 0.398169 0.517117 0.273939 0.843712 0.177233
54 0.152803 0.550547 0.191333 0.158117 0.159796
54 0.848899 0.791333 0.209074 0.305438 0.152713
54 0.196559 0.205703 0.16912 0.14565 0.120126
54 0.38376 0.483712 0.242477 0.363834 0.0807135
54 0.383321 0.245234 0.234776 0.303792 0.0743008
54 0.382212 0.558996 0.235926 0.203587 0.0710623
52 0.197044 0.205635 0.169221 0.146253 0.070804
52 0.545897 0.466559 0.144387 0.504007 0.0607122
54 0.836253 0.434483 0.202695 0.442485 0.0599326
54 0.176747 0.746222 0.252413 0.354798 0.0584657
55 0.630658 0.818474 0.263536 0.258796 0.0568478
52 0.503408 0.515007 0.486859 0.84707 0.0563056
54 0.390939 0.841104 0.25586 0.194419 0.0549488
54 0.841248 0.530674 0.193639 0.25037 0.050388
52 0.178992 0.530404 0.246823 0.787968 0.0493977
54 0.392707 0.748905 0.258933 0.373238 0.0477891
54 0.617097 0.457957 0.267968 0.514267 0.0330029
48 0.398169 0.517117 0.273939 0.843712 0.0285845
52 0.177817 0.375543 0.203967 0.311608 0.0277267
60 0.503467 0.507207 0.989689 0.958751 0.0274136
48 0.615045 0.459293 0.270926 0.504215 0.0257061
54 0.37501 0.189082 0.209204 0.191576 0.0233135
54 0.177897 0.650687 0.240102 0.161995 0.0206124
54 0.402308 0.516858 0.281644 0.84293 0.0185237
48 0.67754 0.454644 0.147189 0.491864 0.0178254
55 0.848956 0.791601 0.209577 0.304599 0.0177954
52 0.392301 0.749118 0.258983 0.37648 0.0152851
46 0.402308 0.516858 0.281644 0.84293 0.0139081
52 0.390717 0.840506 0.254629 0.194692 0.0136645
43 0.0444122 0.0633909 0.0877654 0.121894 0.0128435
54 0.392249 0.600565 0.258283 0.339031 0.0113038
54 0.549999 0.519603 0.139552 0.390805 0.0105403
48 0.50496 0.512474 0.497824 0.844451 0.00884095
46 0.178357 0.527293 0.248401 0.790478 0.00807774
47 0.395286 0.517314 0.273145 0.836478 0.00739062
52 0.40563 0.66781 0.231783 0.204324 0.00704318
52 0.385422 0.482916 0.243996 0.362303 0.00649273
52 0.177631 0.706237 0.25113 0.432796 0.00632718
54 0.3864 0.401359 0.229928 0.19939 0.00612956
52 0.841014 0.570377 0.204851 0.753218 0.0052236
54 0.177039 0.304056 0.198458 0.167242 0.00515175
52 0.836434 0.434868 0.202097 0.444601 0.00513291
48 0.547103 0.465051 0.146588 0.502455 0.00501385
54 0.503408 0.515007 0.486859 0.84707 0.00500748
52 0.630061 0.818753 0.26448 0.259098 0.00471181
51 0.395523 0.517885 0.270547 0.840224 0.00441265
51 0.181628 0.331352 0.20972 0.396705 0.00429529
47 0.178357 0.527293 0.248401 0.790478 0.00428838
54 0.178357 0.527293 0.248401 0.790478 0.00421813
43 0.0451796 0.087013 0.0903593 0.172051 0.00407019
47 0.848956 0.791601 0.209577 0.304599 0.00393495
51 0.178992 0.530404 0.246823 0.787968 0.00393412
55 0.402308 0.516858 0.281644 0.84293 0.00362775
51 0.617097 0.457957 0.267968 0.514267 0.00352746
46 0.615045 0.459293 0.270926 0.504215 0.00318688
55 0.617097 0.457957 0.267968 0.514267 0.00314549
77 0.617097 0.457957 0.267968 0.514267 0.00303531
54 0.677282 0.454642 0.147666 0.492711 0.00303179
60 0.52365 0.131665 0.949827 0.25162 0.00301912
46 0.177631 0.706237 0.25113 0.432796 0.00300494
46 0.677574 0.453946 0.147258 0.491286 0.00290975
52 0.552144 0.524307 0.135816 0.381067 0.00282806
52 0.176487 0.796136 0.250562 0.25575 0.00278881
46 0.181628 0.331352 0.20972 0.396705 0.00277391
60 0.0258032 0.322212 0.0516064 0.312086 0.00271791
77 0.393406 0.52083 0.264908 0.828778 0.00265285
60 0.548329 0.182353 0.902126 0.355563 0.00242957
77 0.506186 0.513848 0.49282 0.840616 0.00232574
47 0.177631 0.706237 0.25113 0.432796 0.00229722
46 0.501153 0.516014 0.478525 0.847058 0.00219461
52 0.841248 0.530674 0.193639 0.25037 0.00216588
54 0.177669 0.598219 0.242329 0.2554 0.00212273
46 0.391762 0.749809 0.258571 0.375227 0.00197548
73 0.504935 0.509188 0.986334 0.95493 0.00192717
47 0.506186 0.513848 0.49282 0.840616 0.00189927
60 0.50816 0.0611764 0.967469 0.101922 0.00187993
2 0.849046 0.791352 0.208837 0.303082 0.00183821
73 0.0255142 0.32437 0.0510285 0.307975 0.00179338
18 0.152623 0.549908 0.191701 0.158071 0.00177619
55 0.177631 0.706237 0.25113 0.432796 0.0017637
48 0.178722 0.53044 0.235439 0.798134 0.00175911
54 0.168891 0.431917 0.223452 0.404594 0.00175059
47 0.617097 0.457957 0.267968 0.514267 0.00173169
48 0.176827 0.706773 0.248848 0.428158 0.00171018
56 0.950592 0.0558231 0.0984074 0.110343 0.00168175
77 0.177631 0.706237 0.25113 0.432796 0.00164574
47 0.841014 0.570377 0.204851 0.753218 0.00164008
15 0.176985 0.746184 0.251862 0.354775 0.00163221
46 0.840954 0.576014 0.206002 0.751242 0.00157976
60 0.479739 0.0852391 0.943164 0.160822 0.00157598
35 0.615342 0.459498 0.27143 0.503246 0.00154114
35 0.67741 0.453064 0.146952 0.490427 0.00151294
48 0.84131 0.530533 0.193402 0.25166 0.00148875
77 0.848899 0.791333 0.209074 0.305438 0.00145149
13 0.505676 0.515864 0.986758 0.968273 0.00141791
51 0.50496 0.512474 0.497824 0.844451 0.00139445
48 0.836617 0.434437 0.202694 0.443457 0.00138956
50 0.393406 0.52083 0.264908 0.828778 0.00136453
51 0.197044 0.205635 0.169221 0.146253 0.0013237
48 0.408183 0.667268 0.226189 0.20552 0.00130361
54 0.188466 0.315816 0.187296 0.366796 0.00128731
48 0.630061 0.818753 0.26448 0.259098 0.00128049
48 0.197044 0.205635 0.169221 0.146253 0.00126523
27 0.178216 0.533699 0.251475 0.783506 0.00124583
39 0.848751 0.79175 0.20841 0.30389 0.00124505
77 0.836253 0.434483 0.202695 0.442485 0.00121871
49 0.617097 0.457957 0.267968 0.514267 0.00119647
52 0.177897 0.650687 0.240102 0.161995 0.00118843
45 0.617097 0.457957 0.267968 0.514267 0.00117213
46 0.385158 0.483289 0.244485 0.361828 0.0011664
54 0.384335 0.315743 0.23723 0.1601 0.00114474
51 0.845004 0.570808 0.214312 0.757235 0.00114375
52 0.848956 0.791601 0.209577 0.304599 0.00113016
47 0.630061 0.818753 0.26448 0.259098 0.00107858
21 0.848898 0.791562 0.209587 0.305129 0.00107273
45 0.506186 0.513848 0.49282 0.840616 0.00106978
55 0.50496 0.512474 0.497824 0.844451 0.00106788
54 0.841014 0.570377 0.204851 0.753218 0.00106734
49 0.393406 0.52083 0.264908 0.828778 0.00104305
48 0.848956 0.791601 0.209577 0.304599 0.00102764
52 0.382212 0.558996 0.235926 0.203587 0.00102577
67 0.849046 0.791352 0.208837 0.303082 0.00102332
16 0.848899 0.791333 0.209074 0.305438 0.00102186
52 0.396237 0.698797 0.251582 0.270037 0.00101712
