8 0.504998 0.478021 0.98385 0.743242 0.911761
16 0.755515 0.290289 0.104746 0.118386 0.803166
16 0.734281 0.292251 0.146982 0.123658 0.153323
39 0.943097 0.417185 0.0788463 0.18197 0.0865753
8 0.490858 0.382667 0.97962 0.435142 0.0722187
8 0.43253 0.738939 0.858991 0.224437 0.0351824
7 0.502032 0.467485 0.995601 0.767477 0.0110857
45 0.56636 0.230045 0.168439 0.0605907 0.0107763
41 0.879375 0.141003 0.105332 0.0780065 0.00699762
8 0.517573 0.694098 0.951395 0.311618 0.00630447
14 0.723342 0.581461 0.109542 0.0402256 0.00553355
45 0.729636 0.581091 0.0951873 0.0401974 0.0050424
15 0.734635 0.292895 0.143324 0.12276 0.00470307
39 0.91908 0.339947 0.022605 0.0287234 0.00294402
39 0.926993 0.377045 0.0433738 0.101216 0.00279602
45 0.74472 0.579849 0.0652449 0.0368745 0.00279188
39 0.882643 0.211918 0.111618 0.221729 0.0023717
39 0.879375 0.141003 0.105332 0.0780065 0.00227404
8 0.483127 0.299352 0.957549 0.273726 0.0018262
0 0.159957 0.466558 0.0189363 0.0293016 0.00179431
39 0.942269 0.401645 0.0790472 0.113193 0.0017004
39 0.915278 0.30859 0.0479608 0.0795916 0.00164777
6 0.502032 0.467485 0.995601 0.767477 0.00160307
0 0.905538 0.253034 0.0215234 0.0378077 0.00142953
61 0.579194 0.287386 0.197362 0.175079 0.00131604
39 0.915855 0.340957 0.0205273 0.030955 0.0013133
77 0.734635 0.292895 0.143324 0.12276 0.00127584
41 0.882217 0.190787 0.109691 0.178955 0.00110894
8 0.479815 0.241901 0.945301 0.146668 0.00107139
5 0.502032 0.467485 0.995601 0.767477 0.00106588
14 0.0641628 0.379925 0.00943639 0.0119246 0.00106192
0 0.908606 0.251412 0.0299841 0.0413589 0.0010429
