58 0.180722 0.508109 0.128473 0.194407 0.856686
71 0.297148 0.727949 0.24756 0.211896 0.833447
56 0.702944 0.520022 0.0875729 0.11843 0.205318
61 0.702776 0.520612 0.0880399 0.119412 0.113862
39 0.444307 0.779636 0.0400151 0.137204 0.105898
39 0.416357 0.785041 0.023323 0.098939 0.0905317
41 0.415481 0.78653 0.0224695 0.0951815 0.0479095
71 0.30685 0.783708 0.510161 0.40382 0.0339837
41 0.444821 0.783207 0.0404565 0.132327 0.0282874
25 0.606602 0.393117 0.0467342 0.170304 0.0120417
56 0.330788 0.535077 0.0732986 0.0625253 0.0111611
65 0.359517 0.612109 0.023734 0.0214621 0.00657868
75 0.185705 0.582259 0.0706567 0.0453661 0.00651893
13 0.702803 0.520791 0.0881711 0.11974 0.00424582
71 0.357722 0.728031 0.374785 0.304583 0.00401595
73 0.0963394 0.798619 0.0632795 0.0840606 0.00381735
45 0.185705 0.582259 0.0706567 0.0453661 0.00372526
13 0.125003 0.787387 0.138147 0.396543 0.00334209
61 0.511701 0.473171 0.125473 0.299882 0.00323397
14 0.605433 0.498182 0.0243664 0.0294358 0.00269148
58 0.609047 0.421778 0.0589346 0.229277 0.00239751
75 0.416399 0.785827 0.0233693 0.0976644 0.00228328
75 0.702703 0.519705 0.0876688 0.118358 0.00228313
71 0.702776 0.520612 0.0880399 0.119412 0.00190213
25 0.606642 0.423896 0.0526974 0.231697 0.00182095
14 0.295524 0.32731 0.0217591 0.0281335 0.00181293
56 0.722259 0.4971 0.0487774 0.0712398 0.00179434
14 0.608744 0.397728 0.0421311 0.180466 0.00170478
67 0.359517 0.612109 0.023734 0.0214621 0.00161603
78 0.331112 0.535117 0.0739111 0.0636186 0.00143868
40 0.702915 0.52013 0.0877812 0.119107 0.00135067
75 0.444307 0.779636 0.0400151 0.137204 0.00134414
61 0.297814 0.728144 0.249689 0.210413 0.00117591
14 0.605595 0.32572 0.0158305 0.0350853 0.00112051
74 0.499315 0.402422 0.0476073 0.0925891 0.00105447
61 0.687852 0.543208 0.0567507 0.0722886 0.00105363
57 0.702973 0.520676 0.0880821 0.12002 0.00104821
13 0.330788 0.535077 0.0732986 0.0625253 0.00102961
60 0.30136 0.785685 0.522815 0.413654 0.00102159
61 0.331026 0.535301 0.0733184 0.0629243 0.00102007
