0 0.324915 0.576809 0.571385 0.829949 0.915987
68 0.895021 0.860868 0.209196 0.259857 0.84441
68 0.432812 0.922336 0.16289 0.149405 0.399102
69 0.43208 0.922661 0.163881 0.151412 0.325232
43 0.754235 0.889177 0.0247297 0.0660978 0.25252
43 0.738291 0.815384 0.0276426 0.0883487 0.244523
39 0.956291 0.638018 0.0120865 0.096306 0.190334
43 0.749834 0.892215 0.0303263 0.0731607 0.183483
43 0.729123 0.794508 0.0196312 0.0837754 0.182849
43 0.754827 0.818467 0.0252592 0.0810587 0.178022
43 0.744765 0.884333 0.0367048 0.0875483 0.172696
74 0.0417193 0.0660154 0.0826048 0.132031 0.165887
43 0.714967 0.808703 0.0241172 0.0882471 0.159725
43 0.728313 0.808372 0.0250534 0.106573 0.147447
43 0.680263 0.799305 0.0319536 0.0822205 0.139155
43 0.686865 0.799085 0.027097 0.0815282 0.133629
43 0.733461 0.814831 0.0309584 0.0970202 0.125054
44 0.640705 0.3982 0.0250009 0.258811 0.102052
43 0.711861 0.849117 0.0268385 0.17127 0.10128
43 0.741046 0.789335 0.0188067 0.0697267 0.0994141
43 0.712121 0.81444 0.0200436 0.0853323 0.0991096
42 0.641364 0.398095 0.0270121 0.260862 0.0981912
44 0.57161 0.263529 0.0324054 0.197532 0.097224
44 0.65402 0.721918 0.0229784 0.0795348 0.0963893
45 0.630616 0.831058 0.0586798 0.0677862 0.0907853
68 0.0383643 0.610671 0.0708877 0.231382 0.0892005
43 0.715556 0.854853 0.0247232 0.156793 0.0859746
43 0.732702 0.895282 0.0326765 0.0752279 0.0856381
43 0.730541 0.7686 0.0143173 0.0370997 0.0845346
40 0.441651 0.366033 0.0450705 0.11474 0.0770488
74 0.0228552 0.037579 0.0442216 0.0751581 0.0766409
44 0.669179 0.391224 0.0266579 0.247019 0.0751351
45 0.62967 0.844359 0.0601934 0.0928228 0.0710316
43 0.742163 0.841837 0.0365739 0.117563 0.0705091
40 0.57657 0.746047 0.0432718 0.127561 0.069002
44 0.738291 0.815384 0.0276426 0.0883487 0.0644463
43 0.736792 0.897261 0.0461184 0.0822316 0.064163
43 0.72845 0.923296 0.0651775 0.150177 0.0616016
43 0.63921 0.392551 0.0188269 0.255501 0.0608242
43 0.751538 0.801409 0.0260622 0.0808057 0.0601781
44 0.680453 0.787393 0.0350266 0.0999177 0.0594049
44 0.678168 0.700925 0.0231451 0.189454 0.0557091
43 0.682566 0.809718 0.0317589 0.0780252 0.0529737
44 0.679781 0.721679 0.0275352 0.229607 0.0528656
43 0.731834 0.950513 0.0587838 0.0979001 0.052675
44 0.646262 0.786565 0.0394396 0.0591774 0.0523905
67 0.577615 0.739324 0.040171 0.105579 0.0511855
43 0.685745 0.849166 0.0357396 0.175435 0.0509023
42 0.668138 0.395884 0.0392111 0.249435 0.0505235
43 0.719563 0.793953 0.0314665 0.090062 0.0490759
79 0.956454 0.636699 0.0120117 0.095079 0.0483825
43 0.622525 0.652598 0.0147416 0.159142 0.0474268
44 0.672215 0.707074 0.0336876 0.187981 0.04711
44 0.677575 0.802919 0.029703 0.073451 0.0461556
43 0.955843 0.636714 0.0111588 0.0950395 0.0461012
69 0.894624 0.861131 0.209541 0.263182 0.0460082
43 0.737602 0.854411 0.0428128 0.145961 0.0460018
42 0.669179 0.391224 0.0266579 0.247019 0.0458743
44 0.587596 0.281994 0.0641445 0.293233 0.0456006
43 0.562802 0.936548 0.0409719 0.120887 0.04449
44 0.668138 0.395884 0.0392111 0.249435 0.0444274
69 0.471966 0.916486 0.243724 0.163805 0.0436375
44 0.679314 0.744662 0.0378581 0.197845 0.0429722
43 0.71972 0.895755 0.0272253 0.0910579 0.0428087
44 0.669288 0.728554 0.0352154 0.206626 0.0427218
44 0.573412 0.642362 0.0170343 0.0910267 0.0425554
43 0.667436 0.388746 0.0221733 0.243627 0.0418642
44 0.603828 0.893595 0.0294106 0.111133 0.0414451
44 0.665247 0.70726 0.0268408 0.24731 0.0407453
43 0.678324 0.829319 0.026647 0.109388 0.0400062
44 0.442403 0.361999 0.0440096 0.106621 0.0399846
44 0.619403 0.868457 0.0573162 0.137495 0.0392894
43 0.694708 0.862879 0.0203825 0.171151 0.0386476
43 0.721628 0.920838 0.0421141 0.157387 0.038065
44 0.678029 0.677662 0.0177706 0.171049 0.0378854
44 0.955843 0.636714 0.0111588 0.0950395 0.0370292
69 0.410729 0.921394 0.116542 0.133373 0.0367813
68 0.484043 0.907302 0.267093 0.173353 0.0360952
43 0.646734 0.65116 0.0110642 0.161636 0.0359328
43 0.681388 0.843284 0.0207527 0.134509 0.0350192
44 0.526311 0.693643 0.0306784 0.200963 0.0348437
43 0.748045 0.923083 0.0323256 0.112614 0.0347434
43 0.677857 0.631524 0.0122709 0.0754132 0.0346422
43 0.734665 0.910125 0.0533733 0.131576 0.0345363
44 0.623155 0.660491 0.0167051 0.17141 0.0341636
43 0.588116 0.955918 0.0260698 0.0808466 0.034141
69 0.0373274 0.674645 0.0743572 0.374766 0.0339673
43 0.646212 0.631866 0.0102799 0.126099 0.0338378
43 0.705033 0.865783 0.0291672 0.152522 0.0338001
43 0.678666 0.789305 0.0379819 0.0996137 0.0333547
45 0.631945 0.821924 0.0569292 0.0473671 0.0333214
43 0.65581 0.642479 0.013639 0.13563 0.0329674
45 0.632563 0.863506 0.0747913 0.134262 0.0326692
44 0.682566 0.809718 0.0317589 0.0780252 0.0326561
44 0.714253 0.808633 0.0242729 0.0901353 0.0319442
43 0.584768 0.9356 0.0321472 0.124579 0.0316097
43 0.741558 0.769288 0.016102 0.0381591 0.0316028
44 0.628628 0.745037 0.0211548 0.0574891 0.0315966
44 0.654181 0.728215 0.029269 0.0765867 0.0312951
44 0.626426 0.653995 0.0195751 0.156996 0.0311272
43 0.621283 0.622006 0.0135104 0.0982786 0.0311182
44 0.63297 0.674972 0.0200185 0.175431 0.0309309
44 0.582326 0.241035 0.0534101 0.241103 0.0309303
42 0.677575 0.802919 0.029703 0.073451 0.0308838
44 0.595537 0.217074 0.0460501 0.201721 0.0300777
44 0.668338 0.823252 0.0207561 0.0735858 0.029318
44 0.594082 0.859839 0.0205786 0.115035 0.0289856
45 0.662276 0.841769 0.0248321 0.0523813 0.0289519
44 0.589081 0.956631 0.0256137 0.0811776 0.0289146
44 0.681349 0.688718 0.0221246 0.181881 0.0288209
40 0.457731 0.261831 0.129019 0.358625 0.028484
44 0.665098 0.845001 0.0216756 0.0559361 0.0282873
44 0.671811 0.743681 0.0489145 0.177861 0.027699
41 0.642699 0.862684 0.0363794 0.0591525 0.0273919
43 0.672906 0.622241 0.0116138 0.0981403 0.027259
44 0.59598 0.840011 0.0252104 0.119221 0.0266964
42 0.571397 0.260932 0.0331275 0.206163 0.0266936
45 0.643203 0.862397 0.0356762 0.0574677 0.0266874
43 0.705248 0.920918 0.0375548 0.156769 0.0266157
44 0.527221 0.678091 0.0271227 0.159059 0.0265611
44 0.630361 0.759491 0.0215486 0.0854971 0.0263671
44 0.622078 0.667649 0.0249983 0.183809 0.0255054
45 0.448235 0.208068 0.146491 0.249246 0.0252111
43 0.750768 0.84129 0.0326883 0.127448 0.0250614
43 0.75272 0.907978 0.0235752 0.0997097 0.0249801
45 0.644605 0.86466 0.042237 0.0707056 0.0248183
68 0.0373274 0.674645 0.0743572 0.374766 0.0234134
44 0.641993 0.795197 0.0467394 0.0775269 0.0231437
44 0.658713 0.928871 0.0444348 0.0736564 0.0229385
44 0.631142 0.924527 0.0310249 0.0766644 0.0226857
43 0.623597 0.681092 0.0239946 0.183139 0.0221131
43 0.760136 0.81812 0.0206451 0.0740203 0.0221057
44 0.609992 0.893613 0.0252157 0.113777 0.0219132
44 0.581455 0.770899 0.0374674 0.0886898 0.0217923
43 0.653179 0.683556 0.0216179 0.148793 0.0217368
44 0.604926 0.903669 0.0170709 0.096919 0.0216533
44 0.576884 0.733395 0.0405851 0.147568 0.0216201
43 0.695764 0.895373 0.0185219 0.0987223 0.0214871
44 0.671254 0.670106 0.0166813 0.162002 0.021479
41 0.658166 0.943756 0.0447838 0.0871608 0.02107
44 0.57907 0.222548 0.0350811 0.205301 0.0210398
44 0.637629 0.674205 0.0152225 0.164886 0.0208454
43 0.65653 0.662297 0.0218764 0.178546 0.0208374
44 0.651018 0.686885 0.0202695 0.139738 0.0207485
44 0.576278 0.701611 0.0376139 0.213239 0.0207407
44 0.589924 0.931685 0.0251898 0.134289 0.0207167
44 0.681388 0.843284 0.0207527 0.134509 0.0203958
42 0.729123 0.794508 0.0196312 0.0837754 0.0203629
44 0.58297 0.790475 0.057172 0.129276 0.0203193
44 0.664056 0.667978 0.0193512 0.167788 0.0202027
44 0.6837 0.857212 0.0304623 0.172119 0.0201805
44 0.593592 0.778535 0.0461168 0.0673798 0.0198745
43 0.683157 0.879749 0.0184639 0.143319 0.0197935
43 0.641364 0.398095 0.0270121 0.260862 0.0197623
43 0.677365 0.620088 0.0148195 0.0980839 0.0197335
44 0.628486 0.679631 0.0263111 0.18521 0.019713
43 0.652997 0.63559 0.0134016 0.123572 0.0196433
41 0.62967 0.844359 0.0601934 0.0928228 0.0196243
44 0.677859 0.931922 0.0187311 0.107506 0.0193708
44 0.637614 0.387176 0.0160801 0.243242 0.019284
44 0.685539 0.794297 0.0282337 0.0837115 0.0192653
43 0.703142 0.900489 0.032639 0.129685 0.0192275
42 0.714967 0.808703 0.0241172 0.0882471 0.0191844
45 0.56309 0.465822 0.130768 0.245663 0.0190381
43 0.705833 0.955383 0.0360061 0.0861396 0.0190042
44 0.589474 0.802189 0.0534947 0.125589 0.0187193
42 0.679885 0.793595 0.0357089 0.0925244 0.0186169
42 0.63921 0.392551 0.0188269 0.255501 0.0185088
43 0.677091 0.936568 0.0180435 0.112907 0.0183131
43 0.658697 0.935428 0.0448213 0.0790615 0.0182918
43 0.695667 0.909903 0.0228506 0.150826 0.0182899
44 0.523317 0.664772 0.0174572 0.150098 0.0182048
44 0.670143 0.686024 0.0245513 0.192835 0.0181402
41 0.577615 0.739324 0.040171 0.105579 0.0179735
43 0.628486 0.679631 0.0263111 0.18521 0.0178491
42 0.738291 0.815384 0.0276426 0.0883487 0.0178463
44 0.66026 0.888128 0.0373199 0.0406506 0.0177501
43 0.626426 0.653995 0.0195751 0.156996 0.0175941
44 0.678324 0.829319 0.026647 0.109388 0.017588
69 0.0268031 0.864292 0.053191 0.260822 0.0175276
44 0.59575 0.884865 0.0191793 0.0916725 0.0174165
44 0.750814 0.898516 0.0304501 0.0850573 0.0173776
43 0.589924 0.931685 0.0251898 0.134289 0.0171193
41 0.615599 0.970763 0.0321304 0.0575584 0.0168452
44 0.624191 0.917615 0.0256571 0.0680546 0.0168121
41 0.442421 0.366993 0.0453511 0.115423 0.0165095
69 0.0261049 0.918034 0.0507218 0.152994 0.0163869
43 0.663659 0.375317 0.0161113 0.212491 0.0163565
44 0.573084 0.84715 0.0445208 0.0906737 0.0163413
44 0.626784 0.840825 0.0603806 0.0891934 0.0161234
45 0.637058 0.849857 0.0813955 0.102823 0.0160397
42 0.728313 0.808372 0.0250534 0.106573 0.0160176
43 0.653862 0.72216 0.022804 0.0756739 0.0159905
44 0.568035 0.789321 0.042255 0.145187 0.0158832
44 0.573801 0.77242 0.0316318 0.0989956 0.0158637
40 0.573801 0.77242 0.0316318 0.0989956 0.0156837
45 0.649849 0.850023 0.047505 0.0608948 0.0156745
44 0.679043 0.632172 0.0137905 0.0772491 0.0155876
44 0.663659 0.375317 0.0161113 0.212491 0.0154888
43 0.735338 0.902578 0.0627025 0.0956995 0.0154302
44 0.65653 0.662297 0.0218764 0.178546 0.015364
44 0.578649 0.87518 0.0354981 0.08336 0.0153545
44 0.695667 0.909903 0.0228506 0.150826 0.0151731
68 0.471924 0.919355 0.18882 0.155703 0.0151232
39 0.577144 0.744591 0.0406561 0.119051 0.0150857
44 0.681701 0.655995 0.020023 0.132999 0.0150507
44 0.736792 0.897261 0.0461184 0.0822316 0.0150135
41 0.65853 0.925443 0.0440981 0.0772648 0.0146504
44 0.63956 0.662598 0.014967 0.171917 0.0146443
44 0.683615 0.670522 0.0256884 0.164585 0.0146133
72 0.0373274 0.674645 0.0743572 0.374766 0.0145463
43 0.573412 0.642362 0.0170343 0.0910267 0.0145353
44 0.711861 0.849117 0.0268385 0.17127 0.0144536
44 0.562802 0.936548 0.0409719 0.120887 0.0143572
44 0.623716 0.743126 0.0223564 0.0564745 0.0142001
43 0.680975 0.915767 0.0183506 0.0901857 0.0138263
44 0.584768 0.9356 0.0321472 0.124579 0.0136825
69 0.0386187 0.615858 0.0719513 0.220134 0.0136491
43 0.690759 0.972412 0.0145603 0.0531257 0.0136454
43 0.678168 0.694798 0.0190043 0.201699 0.0136047
43 0.687342 0.877787 0.0251821 0.167626 0.0135957
43 0.57714 0.8984 0.0282929 0.0682825 0.0135891
44 0.732702 0.895282 0.0326765 0.0752279 0.0135658
44 0.573118 0.654321 0.0260248 0.111445 0.0133916
44 0.622072 0.637847 0.0138058 0.128217 0.0133896
40 0.579669 0.762739 0.051014 0.0956297 0.0133772
42 0.686865 0.799085 0.027097 0.0815282 0.0133468
43 0.605372 0.896805 0.018461 0.0977863 0.0133204
44 0.688653 0.802084 0.0227312 0.0787078 0.0132723
43 0.644753 0.661983 0.0139003 0.175769 0.0129381
43 0.679314 0.744662 0.0378581 0.197845 0.0128625
43 0.734828 0.96071 0.0518097 0.0770893 0.0128298
43 0.59575 0.884865 0.0191793 0.0916725 0.0127735
44 0.683157 0.879749 0.0184639 0.143319 0.0126526
40 0.531864 0.704316 0.0423477 0.220986 0.0126075
41 0.630616 0.831058 0.0586798 0.0677862 0.0125495
44 0.572186 0.813611 0.0430552 0.104492 0.0124711
43 0.668338 0.823252 0.0207561 0.0735858 0.012347
44 0.673746 0.663293 0.0163526 0.162224 0.0123151
43 0.671254 0.670106 0.0166813 0.162002 0.0123006
44 0.644611 0.65451 0.0125632 0.16809 0.0122004
44 0.70526 0.913976 0.0365952 0.170814 0.0120918
44 0.721628 0.920838 0.0421141 0.157387 0.0120848
44 0.607989 0.927792 0.0222209 0.139928 0.0120548
44 0.622066 0.697928 0.0204071 0.139738 0.0120528
44 0.680975 0.915767 0.0183506 0.0901857 0.0119876
44 0.655453 0.64847 0.016815 0.149176 0.0119069
43 0.603828 0.893595 0.0294106 0.111133 0.0119064
41 0.649849 0.850023 0.047505 0.0608948 0.0118642
42 0.682566 0.809718 0.0317589 0.0780252 0.0116477
43 0.571634 0.974131 0.02038 0.0491898 0.0116435
43 0.594257 0.868463 0.0203396 0.106259 0.0115218
49 0.642699 0.862684 0.0363794 0.0591525 0.0115057
44 0.754349 0.890031 0.0251374 0.0680252 0.01146
42 0.679781 0.721679 0.0275352 0.229607 0.0113956
44 0.675127 0.403096 0.036454 0.230872 0.0112839
44 0.621283 0.622006 0.0135104 0.0982786 0.0112727
42 0.755331 0.818683 0.0206366 0.0804708 0.0111716
71 0.0199807 0.971892 0.0374756 0.0497369 0.0111621
43 0.576343 0.887758 0.0281647 0.0594244 0.010971
43 0.670143 0.686024 0.0245513 0.192835 0.0108088
44 0.630074 0.822774 0.0568306 0.0502812 0.0107482
42 0.568035 0.789321 0.042255 0.145187 0.0107279
44 0.687342 0.877787 0.0251821 0.167626 0.0105446
43 0.681645 0.945244 0.0255949 0.103337 0.0105067
68 0.044462 0.624868 0.0563706 0.207499 0.0104674
42 0.573412 0.642362 0.0170343 0.0910267 0.0102773
44 0.729123 0.794508 0.0196312 0.0837754 0.01024
44 0.576343 0.887758 0.0281647 0.0594244 0.0101911
44 0.664228 0.370594 0.0182604 0.157073 0.0100834
44 0.66065 0.373689 0.0165526 0.206751 0.0100768
43 0.633578 0.35932 0.0135157 0.189888 0.0100608
43 0.573118 0.654321 0.0260248 0.111445 0.00993764
44 0.658166 0.943756 0.0447838 0.0871608 0.00991374
72 0.0389318 0.618541 0.0713057 0.215936 0.00985289
44 0.631219 0.939073 0.030934 0.111246 0.00974774
44 0.655745 0.917955 0.0516126 0.101621 0.00972927
44 0.444938 0.333465 0.0546291 0.193847 0.00958404
40 0.568035 0.789321 0.042255 0.145187 0.00949576
40 0.447504 0.382588 0.0562413 0.112565 0.0094347
44 0.579452 0.861154 0.0617938 0.123781 0.00933853
43 0.670403 0.395481 0.0318628 0.245972 0.00925747
40 0.444938 0.333465 0.0546291 0.193847 0.0092203
44 0.559876 0.256245 0.0594486 0.219797 0.00914755
44 0.640993 0.890939 0.0405869 0.119768 0.0091337
44 0.447504 0.382588 0.0562413 0.112565 0.00907964
43 0.523317 0.664772 0.0174572 0.150098 0.008991
44 0.59612 0.23565 0.0394638 0.155799 0.00896889
43 0.636767 0.368836 0.0185128 0.205929 0.0089592
68 0.506134 0.920938 0.121683 0.155487 0.00895688
41 0.656145 0.978794 0.0460841 0.0395968 0.00894862
43 0.681701 0.655995 0.020023 0.132999 0.0089424
43 0.678512 0.66877 0.0144698 0.152975 0.00893202
40 0.435969 0.255353 0.0842869 0.347679 0.0088369
44 0.715556 0.854853 0.0247232 0.156793 0.008834
43 0.679242 0.722574 0.0322041 0.211129 0.00882003
44 0.521627 0.629778 0.0130621 0.0899078 0.00880828
44 0.531864 0.704316 0.0423477 0.220986 0.00872338
42 0.730541 0.7686 0.0143173 0.0370997 0.00867569
44 0.623758 0.755484 0.0223616 0.0762952 0.00863722
