0 0.71094 0.329156 0.159978 0.174025 0.413989
62 0.6849 0.321009 0.324102 0.230016 0.262107
63 0.679822 0.408679 0.591401 0.618765 0.26035
63 0.600236 0.451371 0.75531 0.723605 0.147275
68 0.601114 0.437467 0.750833 0.69494 0.0977043
67 0.685115 0.321419 0.32656 0.2203 0.086157
0 0.682513 0.328254 0.0961597 0.17356 0.0405665
73 0.679945 0.402511 0.59138 0.607305 0.0301547
0 0.761708 0.339951 0.058197 0.115834 0.0267926
65 0.559864 0.327631 0.0740536 0.204158 0.0229916
0 0.756378 0.356727 0.0695387 0.121393 0.0223912
63 0.684272 0.322974 0.323943 0.214385 0.0217856
0 0.683322 0.305112 0.0906087 0.121842 0.0212306
62 0.673366 0.397008 0.607371 0.644753 0.0199721
62 0.600236 0.451371 0.75531 0.723605 0.0187486
65 0.684272 0.322974 0.323943 0.214385 0.0169168
68 0.679945 0.402511 0.59138 0.607305 0.016108
0 0.761211 0.331545 0.0563316 0.0690383 0.0156512
68 0.684272 0.322974 0.323943 0.214385 0.0132699
0 0.69489 0.312527 0.0895025 0.135612 0.0129832
74 0.6849 0.321009 0.324102 0.230016 0.0107175
67 0.559864 0.327631 0.0740536 0.204158 0.0106351
62 0.528943 0.539151 0.807234 0.86984 0.00889724
66 0.684272 0.322974 0.323943 0.214385 0.00845915
0 0.761662 0.316763 0.0574204 0.103077 0.0081462
16 0.713187 0.329363 0.163987 0.173161 0.00812411
68 0.347336 0.560194 0.236428 0.427536 0.00787038
15 0.710995 0.330181 0.159479 0.175521 0.00761396
73 0.600485 0.437527 0.751364 0.693117 0.00741246
0 0.73016 0.354189 0.125817 0.125206 0.00644192
0 0.704046 0.322645 0.117123 0.159187 0.00642228
0 0.689052 0.297287 0.0723128 0.105324 0.00599128
67 0.679945 0.402511 0.59138 0.607305 0.00598082
73 0.684272 0.322974 0.323943 0.214385 0.00590745
73 0.314343 0.547638 0.167951 0.411463 0.00583625
68 0.561148 0.505982 0.822805 0.902138 0.00583562
68 0.527674 0.557404 0.600067 0.439915 0.00557837
41 0.442008 0.0517383 0.0994141 0.103477 0.00503111
73 0.315659 0.231794 0.158482 0.246519 0.00426593
67 0.601627 0.461979 0.751867 0.742715 0.00416189
0 0.768881 0.328242 0.0713983 0.150634 0.00409916
0 0.690771 0.36552 0.116429 0.0938125 0.00392416
64 0.762372 0.329759 0.0570511 0.0680471 0.00374278
62 0.347137 0.563305 0.235342 0.424657 0.00370574
73 0.0201523 0.357573 0.0381547 0.0772518 0.00369182
62 0.527674 0.557404 0.600067 0.439915 0.00366202
67 0.315659 0.231794 0.158482 0.246519 0.00350797
73 0.713718 0.329523 0.165364 0.175499 0.00348803
62 0.718688 0.329125 0.173775 0.182409 0.00308546
0 0.707622 0.349193 0.146066 0.118488 0.0028964
63 0.713718 0.329523 0.165364 0.175499 0.00288701
69 0.684272 0.322974 0.323943 0.214385 0.00271001
77 0.683322 0.305112 0.0906087 0.121842 0.00256735
72 0.600236 0.451371 0.75531 0.723605 0.00254872
63 0.504697 0.532877 0.747723 0.894056 0.00251111
73 0.0202263 0.375774 0.0387436 0.113435 0.00240603
41 0.713718 0.329523 0.165364 0.175499 0.00230092
69 0.561148 0.505982 0.822805 0.902138 0.00224799
77 0.682513 0.328254 0.0961597 0.17356 0.0021106
0 0.710953 0.373345 0.158045 0.0878735 0.00197843
67 0.330568 0.560861 0.202408 0.424203 0.00190192
62 0.315659 0.231794 0.158482 0.246519 0.00189614
63 0.347336 0.560194 0.236428 0.427536 0.00186267
63 0.315659 0.231794 0.158482 0.246519 0.00181794
66 0.679945 0.402511 0.59138 0.607305 0.00181127
47 0.761647 0.330393 0.0553443 0.0692103 0.0018006
14 0.713187 0.329363 0.163987 0.173161 0.00179499
56 0.334345 0.0941131 0.356249 0.187678 0.00174224
41 0.210474 0.246117 0.0588444 0.210262 0.00165641
65 0.679945 0.402511 0.59138 0.607305 0.00164729
0 0.727172 0.327664 0.231549 0.207594 0.0016132
74 0.559864 0.327631 0.0740536 0.204158 0.00157663
63 0.314343 0.547638 0.167951 0.411463 0.00147903
0 0.704207 0.29833 0.106233 0.10609 0.00147378
64 0.761662 0.316763 0.0574204 0.103077 0.00142664
70 0.601114 0.437467 0.750833 0.69494 0.00142062
45 0.0199696 0.353371 0.0383196 0.0693041 0.00140923
41 0.366882 0.332613 0.0470438 0.0531642 0.00138292
65 0.019778 0.353294 0.0373157 0.0684811 0.0013794
41 0.0196264 0.353706 0.0375861 0.0695235 0.00137052
72 0.504697 0.532877 0.747723 0.894056 0.00134811
64 0.557606 0.327524 0.0697469 0.204253 0.00133926
0 0.693178 0.323968 0.202842 0.196449 0.0013366
28 0.678778 0.411794 0.594869 0.62963 0.00132936
77 0.710995 0.330181 0.159479 0.175521 0.00132516
45 0.210474 0.246117 0.0588444 0.210262 0.00132325
39 0.762372 0.329759 0.0570511 0.0680471 0.00130486
57 0.566327 0.0933968 0.811599 0.18637 0.00129274
73 0.726807 0.330348 0.224482 0.20365 0.00127065
69 0.681351 0.4017 0.589883 0.600042 0.00126824
62 0.314343 0.547638 0.167951 0.411463 0.00120503
64 0.019778 0.353294 0.0373157 0.0684811 0.00120077
32 0.761647 0.330393 0.0553443 0.0692103 0.00119916
69 0.600692 0.437023 0.749408 0.684312 0.00117487
60 0.528943 0.539151 0.807234 0.86984 0.00113922
72 0.673366 0.397008 0.607371 0.644753 0.00107962
0 0.561234 0.0946313 0.810856 0.189263 0.0010716
39 0.761662 0.316763 0.0574204 0.103077 0.00106782
0 0.685213 0.322896 0.326166 0.233095 0.00106025
0 0.752809 0.375154 0.0745651 0.0795609 0.00103346
16 0.683322 0.305112 0.0906087 0.121842 0.0010246
28 0.600236 0.451371 0.75531 0.723605 0.00101194
63 0.685385 0.362646 0.466338 0.389451 0.0010094
