20 0.366009 0.495915 0.731311 0.969335 0.724917
20 0.626324 0.607182 0.747352 0.752994 0.705415
20 0.52409 0.497388 0.921941 0.967596 0.117692
20 0.1903 0.522116 0.375769 0.871202 0.0830252
20 0.911459 0.628881 0.174169 0.341465 0.0405588
13 0.853065 0.236606 0.229351 0.051258 0.0207343
20 0.97814 0.620766 0.0433414 0.324925 0.017025
16 0.623643 0.605401 0.740897 0.761577 0.00921834
13 0.847855 0.254397 0.217829 0.084812 0.00875148
13 0.822662 0.239499 0.165945 0.0494918 0.00867337
20 0.254121 0.501813 0.503943 0.936931 0.0059846
0 0.107914 0.843741 0.214327 0.289479 0.00594127
20 0.979184 0.528518 0.0407506 0.139701 0.00512031
20 0.978475 0.561948 0.0420542 0.20129 0.00459746
13 0.878547 0.25633 0.129734 0.0226432 0.00430396
13 0.867701 0.329346 0.260194 0.237021 0.0034191
13 0.860292 0.257088 0.176954 0.0288923 0.00323793
13 0.816887 0.242055 0.280668 0.0620129 0.00307688
20 0.249686 0.762724 0.155485 0.362732 0.00290596
20 0.331934 0.349359 0.663868 0.679441 0.00288951
13 0.878677 0.277363 0.140284 0.0665997 0.00282106
13 0.854954 0.292031 0.233486 0.157149 0.00273862
13 0.844457 0.253263 0.215742 0.0289451 0.00269175
0 0.0788109 0.839814 0.156291 0.277563 0.00258267
17 0.491531 0.497031 0.982105 0.971062 0.00254729
13 0.874642 0.263264 0.134794 0.038475 0.00225037
20 0.977246 0.707317 0.0455082 0.108525 0.00186425
20 0.345768 0.679523 0.38533 0.571224 0.00186327
20 0.145167 0.659312 0.229698 0.156335 0.00178728
13 0.847056 0.3042 0.302095 0.187923 0.00174505
16 0.486923 0.493918 0.973845 0.962132 0.00160298
20 0.34658 0.772157 0.347514 0.384768 0.00156304
20 0.577933 0.710576 0.626095 0.544219 0.00153461
2 0.0788109 0.839814 0.156291 0.277563 0.00151378
20 0.165858 0.659117 0.326689 0.573013 0.00147229
20 0.983697 0.694335 0.032456 0.113348 0.00145921
13 0.86934 0.24411 0.257658 0.0768319 0.0014466
20 0.645688 0.78648 0.450088 0.401219 0.00142086
13 0.798798 0.251726 0.310953 0.0725478 0.00140193
20 0.493536 0.852756 0.130424 0.244999 0.00128558
0 0.249686 0.762724 0.155485 0.362732 0.00124043
13 0.845554 0.225977 0.209182 0.0303957 0.001201
20 0.979006 0.509974 0.0414436 0.098942 0.00115582
19 0.912997 0.629628 0.169979 0.341388 0.00112236
19 0.491531 0.497031 0.982105 0.971062 0.00110191
0 0.4936 0.855995 0.130833 0.248161 0.00109681
8 0.839326 0.236883 0.201407 0.0501685 0.00106627
