0 0.550014 0.447951 0.139536 0.159804 0.705469
0 0.214379 0.757933 0.06039 0.0581213 0.235825
31 0.553527 0.449313 0.147071 0.164364 0.0682601
0 0.535539 0.466398 0.111297 0.131827 0.0631103
31 0.57665 0.509159 0.104902 0.272147 0.0500711
30 0.552811 0.480077 0.147628 0.231033 0.038095
30 0.567277 0.522982 0.120088 0.303321 0.0373271
30 0.260383 0.595214 0.0562445 0.409413 0.032618
31 0.553133 0.505944 0.149793 0.258315 0.028882
0 0.552811 0.480077 0.147628 0.231033 0.0277259
24 0.214769 0.758127 0.0600408 0.0584569 0.0250646
30 0.590965 0.379492 0.0721366 0.0769809 0.0242994
30 0.587262 0.386801 0.0773249 0.156284 0.0236002
30 0.579232 0.510591 0.094483 0.263191 0.0211892
16 0.214792 0.757968 0.0600357 0.0586991 0.0208479
30 0.575932 0.590122 0.0996244 0.427793 0.0163744
31 0.567242 0.514426 0.0689762 0.244404 0.0143188
30 0.58179 0.430563 0.0925986 0.184713 0.0141477
9 0.167985 0.739966 0.0111946 0.0561969 0.0138349
30 0.567242 0.514426 0.0689762 0.244404 0.0137743
30 0.25034 0.597035 0.0811884 0.413801 0.0122903
30 0.575448 0.364608 0.0426737 0.0518326 0.0121055
30 0.567899 0.332261 0.0361122 0.155708 0.0116493
30 0.591194 0.410907 0.0744839 0.144478 0.0112565
30 0.560372 0.619476 0.0661023 0.370958 0.0101816
30 0.278433 0.598634 0.11433 0.415321 0.00961998
30 0.561105 0.32919 0.0181759 0.151355 0.00943589
30 0.551411 0.389479 0.143167 0.279708 0.00923896
0 0.527326 0.446313 0.0673903 0.0983238 0.00900483
20 0.215436 0.757365 0.0609368 0.0591524 0.00848895
33 0.590783 0.382518 0.0740764 0.0852295 0.00800058
30 0.563219 0.560539 0.065005 0.351867 0.00798956
33 0.575656 0.365248 0.0418749 0.0488157 0.00785038
17 0.214792 0.757968 0.0600357 0.0586991 0.00768182
31 0.575932 0.590122 0.0996244 0.427793 0.00742987
0 0.225903 0.755352 0.0429055 0.0499494 0.00729495
0 0.200861 0.753243 0.0320722 0.049001 0.00724527
31 0.58179 0.430563 0.0925986 0.184713 0.00721383
33 0.0897633 0.404298 0.079877 0.357094 0.00719753
30 0.0898749 0.402834 0.0804222 0.354122 0.00709507
30 0.758439 0.5168 0.121635 0.0430551 0.00687698
0 0.545672 0.445534 0.0976356 0.154947 0.00669232
31 0.575914 0.364281 0.0425803 0.046419 0.00662678
30 0.301672 0.599741 0.216338 0.420829 0.00653231
14 0.215436 0.757365 0.0609368 0.0591524 0.00647563
77 0.215436 0.757365 0.0609368 0.0591524 0.00645578
31 0.589779 0.513255 0.0768854 0.252305 0.00587961
31 0.53829 0.489206 0.116726 0.080106 0.00568667
0 0.556434 0.431957 0.073632 0.127272 0.00515383
0 0.167602 0.742268 0.0157304 0.0614434 0.00494948
31 0.590783 0.382518 0.0740764 0.0852295 0.00471801
33 0.758081 0.518511 0.122838 0.0470579 0.00468662
21 0.215089 0.757874 0.0603472 0.0588988 0.00414473
19 0.215436 0.757365 0.0609368 0.0591524 0.00395828
0 0.566147 0.41899 0.0522078 0.10208 0.00386524
30 0.557789 0.316307 0.022119 0.126955 0.00386387
30 0.667648 0.553874 0.308463 0.40585 0.00381562
0 0.58179 0.430563 0.0925986 0.184713 0.00380212
9 0.214182 0.757293 0.0590112 0.0572049 0.00379097
30 0.572991 0.323727 0.0476267 0.139603 0.0036484
30 0.587878 0.340001 0.0751442 0.167087 0.00351882
31 0.0947695 0.403509 0.0694418 0.348326 0.00332335
0 0.234362 0.759284 0.100449 0.0634469 0.00324249
31 0.563219 0.560539 0.065005 0.351867 0.00324148
0 0.550855 0.422164 0.0617016 0.102571 0.00321153
30 0.757185 0.525645 0.125651 0.0600348 0.00309914
30 0.293893 0.702263 0.231817 0.207499 0.00308233
0 0.581217 0.419207 0.0786623 0.103407 0.00302702
33 0.577954 0.371061 0.0482378 0.0631892 0.00296313
24 0.225903 0.755352 0.0429055 0.0499494 0.00291055
31 0.591194 0.410907 0.0744839 0.144478 0.00289297
9 0.200861 0.753243 0.0320722 0.049001 0.00286704
30 0.751232 0.650566 0.139501 0.313943 0.00283033
0 0.57665 0.509159 0.104902 0.272147 0.00282514
30 0.754773 0.598987 0.132229 0.209432 0.00279608
31 0.577954 0.371061 0.0482378 0.0631892 0.00278121
30 0.6755 0.629119 0.295718 0.407934 0.00274408
24 0.200861 0.753243 0.0320722 0.049001 0.00273284
30 0.75756 0.559622 0.125531 0.1282 0.00272915
30 0.601768 0.476732 0.0556724 0.189855 0.00265196
31 0.601768 0.476732 0.0556724 0.189855 0.00261563
10 0.215436 0.757365 0.0609368 0.0591524 0.0026111
30 0.602488 0.445358 0.0511955 0.108658 0.00254282
30 0.297199 0.586555 0.125129 0.410678 0.00254017
0 0.585524 0.401567 0.0692944 0.0745904 0.00239068
0 0.551411 0.389479 0.143167 0.279708 0.00221485
28 0.214769 0.758127 0.0600408 0.0584569 0.00218672
31 0.560372 0.619476 0.0661023 0.370958 0.00217184
31 0.587262 0.386801 0.0773249 0.156284 0.00209615
30 0.598192 0.436864 0.0606904 0.134813 0.0020934
0 0.589498 0.382965 0.0723616 0.0869089 0.00205359
30 0.167027 0.501001 0.264669 0.556613 0.00202528
31 0.559052 0.321251 0.0235405 0.136435 0.00194985
31 0.264353 0.599327 0.0465289 0.41181 0.00183317
31 0.599902 0.445879 0.0564661 0.128568 0.00178802
15 0.215436 0.757365 0.0609368 0.0591524 0.00176841
31 0.604494 0.46002 0.0486487 0.136842 0.001719
25 0.0939809 0.402535 0.0715145 0.342397 0.00170937
33 0.591194 0.410907 0.0744839 0.144478 0.00170496
33 0.553527 0.449313 0.147071 0.164364 0.0016847
30 0.373542 0.595966 0.484985 0.434662 0.00164539
30 0.57223 0.390634 0.0839711 0.273742 0.00159913
16 0.551534 0.448099 0.142335 0.161607 0.00158396
36 0.553527 0.449313 0.147071 0.164364 0.00156993
30 0.593059 0.503491 0.0352404 0.232382 0.00149199
73 0.575656 0.365248 0.0418749 0.0488157 0.00146627
30 0.527506 0.59521 0.193399 0.454108 0.00143769
30 0.553335 0.448519 0.147054 0.160953 0.00132006
33 0.7565 0.544859 0.127024 0.0988569 0.00126565
33 0.58179 0.430563 0.0925986 0.184713 0.00125211
0 0.55407 0.53629 0.14663 0.339883 0.00123593
73 0.586836 0.377225 0.0639772 0.0752255 0.00117722
30 0.587183 0.417613 0.0798919 0.101554 0.0011678
0 0.61483 0.407579 0.0263453 0.023511 0.00114551
31 0.572991 0.323727 0.0476267 0.139603 0.0011442
30 0.651659 0.481838 0.344179 0.350861 0.00113678
30 0.597622 0.397324 0.0622491 0.0503844 0.00112385
30 0.298266 0.657143 0.231316 0.289017 0.00111696
0 0.591194 0.410907 0.0744839 0.144478 0.00110114
33 0.768902 0.512589 0.101544 0.0368329 0.00108323
0 0.551016 0.411511 0.0328758 0.0827797 0.00104201
30 0.592419 0.396682 0.0714908 0.0651435 0.00103626
3 0.215436 0.757365 0.0609368 0.0591524 0.00103593
0 0.167985 0.739966 0.0111946 0.0561969 0.00102013
30 0.61483 0.407579 0.0263453 0.023511 0.00101092
