45 0.499838 0.509446 0.994076 0.952188 0.950334
51 0.628164 0.837987 0.139143 0.205731 0.844217
44 0.268856 0.0818733 0.531825 0.159003 0.835375
51 0.852055 0.667689 0.094775 0.175146 0.755572
51 0.420889 0.191088 0.110777 0.139715 0.630935
51 0.760448 0.692769 0.125952 0.17793 0.588753
51 0.372848 0.497902 0.130681 0.176333 0.586655
51 0.63634 0.155659 0.097518 0.110673 0.321644
51 0.671037 0.570909 0.0963604 0.145558 0.290585
51 0.787173 0.535025 0.116693 0.17675 0.28438
51 0.258565 0.536198 0.101803 0.176818 0.265789
60 0.475967 0.501173 0.948149 0.959218 0.241287
42 0.268558 0.0812705 0.53207 0.159622 0.193019
50 0.52369 0.301953 0.182339 0.203854 0.190819
44 0.836217 0.101919 0.326009 0.203047 0.170295
44 0.078858 0.307641 0.157208 0.304803 0.107374
51 0.393213 0.368253 0.0656082 0.104113 0.0977513
50 0.484506 0.239633 0.0589365 0.0794705 0.0876815
50 0.568023 0.316599 0.0958169 0.168778 0.084855
50 0.523499 0.26088 0.187005 0.285195 0.0764284
50 0.50048 0.534758 0.137339 0.180842 0.0709393
50 0.690538 0.391556 0.0911112 0.115616 0.0686993
44 0.835781 0.15317 0.328301 0.302895 0.0679345
42 0.83589 0.101667 0.327015 0.2022 0.0614083
42 0.0782738 0.30766 0.156284 0.301475 0.0588993
51 0.897815 0.439721 0.0269022 0.0782416 0.0529718
50 0.779067 0.369319 0.064358 0.107036 0.0521832
45 0.835936 0.102126 0.326919 0.202936 0.0463385
50 0.481497 0.267646 0.108017 0.136548 0.0446912
50 0.870398 0.48776 0.0714602 0.0925393 0.04433
51 0.414167 0.763239 0.0803588 0.118899 0.0424164
50 0.707479 0.391714 0.0582203 0.114682 0.0410839
50 0.666885 0.47455 0.0476437 0.0507691 0.0406672
51 0.827155 0.436444 0.105875 0.0559831 0.0391102
44 0.270919 0.229291 0.541838 0.451427 0.0390047
50 0.478067 0.168831 0.0479904 0.0839529 0.037375
50 0.527381 0.317385 0.0952621 0.173652 0.0371211
50 0.483647 0.203227 0.0611043 0.152907 0.0321459
42 0.835781 0.15317 0.328301 0.302895 0.0301587
45 0.835671 0.153514 0.328471 0.302491 0.0292902
60 0.505062 0.145434 0.985733 0.290868 0.0251495
50 0.513564 0.269464 0.121354 0.138146 0.0240237
50 0.589492 0.33811 0.0524314 0.124429 0.0233333
60 0.45145 0.284242 0.899713 0.550737 0.0226569
60 0.122963 0.570728 0.245253 0.833463 0.0214257
50 0.591603 0.306307 0.0458374 0.0596388 0.0201964
50 0.531992 0.518867 0.078672 0.111539 0.0199774
50 0.594172 0.339577 0.172502 0.185536 0.0198514
50 0.566062 0.320007 0.231796 0.217123 0.0186055
50 0.557167 0.603815 0.251655 0.310059 0.0176385
44 0.0854868 0.236145 0.170974 0.451519 0.0172683
50 0.663269 0.378818 0.0390598 0.0614962 0.016934
50 0.644757 0.674948 0.0867034 0.0955994 0.016783
45 0.268856 0.0818733 0.531825 0.159003 0.0161183
51 0.497773 0.876332 0.105971 0.126021 0.0158841
50 0.61831 0.621897 0.132058 0.194412 0.0158308
50 0.483171 0.290478 0.113966 0.108293 0.0158246
50 0.587562 0.359406 0.0519094 0.0831477 0.0152903
50 0.457456 0.49227 0.0560585 0.0969356 0.015255
60 0.126471 0.825015 0.252742 0.33062 0.0151157
50 0.519876 0.253922 0.139467 0.262557 0.0150892
50 0.568418 0.351124 0.0897419 0.102911 0.0150699
50 0.473603 0.287829 0.0943486 0.0878135 0.0148786
44 0.148995 0.236789 0.29799 0.445339 0.0138636
50 0.484974 0.173471 0.0583773 0.0959885 0.01353
51 0.814616 0.601702 0.173509 0.309236 0.0130436
50 0.611266 0.358498 0.175233 0.162322 0.0129306
50 0.366305 0.359546 0.0393047 0.0754237 0.0123425
51 0.51693 0.796636 0.116401 0.066222 0.0122229
50 0.523586 0.290355 0.102542 0.134127 0.0122192
50 0.63128 0.345339 0.210462 0.207641 0.0122044
50 0.474623 0.536655 0.0900627 0.185905 0.0120889
50 0.713302 0.487257 0.0509461 0.091193 0.0117605
50 0.690083 0.372914 0.0917066 0.0798886 0.0113764
44 0.0827574 0.569296 0.165058 0.827915 0.0113393
50 0.612197 0.339101 0.102039 0.128865 0.0113279
50 0.667358 0.390194 0.136482 0.115528 0.0112619
42 0.270919 0.229291 0.541838 0.451427 0.011187
45 0.13839 0.125563 0.276781 0.249961 0.011129
50 0.54927 0.317203 0.0527411 0.166531 0.0104266
50 0.393368 0.368383 0.0645652 0.102585 0.0104019
44 0.139472 0.134322 0.278944 0.268643 0.0103842
50 0.47577 0.156283 0.0440749 0.0607661 0.0102102
50 0.556526 0.240332 0.0559306 0.0689374 0.0100655
50 0.51521 0.204777 0.126601 0.161113 0.00992259
51 0.638119 0.316927 0.0514187 0.104896 0.00946626
50 0.44915 0.275329 0.0465166 0.0615264 0.00941664
50 0.497856 0.268031 0.0846614 0.129049 0.00924382
50 0.669284 0.208455 0.0374546 0.0342566 0.00911254
50 0.459687 0.523892 0.0612206 0.159512 0.00906527
50 0.54229 0.299688 0.063876 0.141637 0.00887942
50 0.517426 0.241997 0.127432 0.090152 0.0086183
45 0.143586 0.0400209 0.277428 0.0767382 0.00860927
50 0.458024 0.416096 0.0309986 0.0583085 0.00851548
50 0.597538 0.628665 0.173382 0.220308 0.00839221
43 0.835789 0.102714 0.327061 0.203703 0.00818688
50 0.544439 0.700166 0.0964327 0.160606 0.00799376
45 0.110243 0.570495 0.220118 0.830793 0.00781018
50 0.456579 0.281983 0.0612316 0.074871 0.00780156
50 0.484411 0.311921 0.117008 0.146745 0.00748846
51 0.742421 0.556664 0.0353622 0.102429 0.00739852
50 0.520034 0.330107 0.0997906 0.136296 0.00735351
50 0.508623 0.306799 0.0718978 0.0835635 0.00734073
50 0.508378 0.300945 0.0639606 0.0647976 0.00725839
51 0.478291 0.714314 0.0395172 0.080024 0.00724465
51 0.841389 0.468712 0.133837 0.125556 0.00724351
51 0.801809 0.677454 0.209487 0.209713 0.00723183
50 0.549929 0.289787 0.0482946 0.119077 0.00704056
60 0.502351 0.096897 0.986369 0.165584 0.00697368
50 0.489667 0.585674 0.0697008 0.082396 0.00682029
50 0.618848 0.359649 0.117142 0.158742 0.00679141
43 0.269228 0.0818611 0.531242 0.158498 0.00669304
51 0.323762 0.369834 0.0525277 0.115272 0.006558
51 0.602557 0.498138 0.079899 0.115992 0.00629315
50 0.581239 0.632708 0.200683 0.283735 0.0062857
50 0.56998 0.27281 0.0939907 0.130622 0.00605336
51 0.895557 0.583056 0.0568867 0.0917566 0.00601795
44 0.0446913 0.128436 0.0893827 0.248982 0.00591537
51 0.232501 0.714703 0.161172 0.183064 0.00574234
42 0.0854868 0.236145 0.170974 0.451519 0.00564945
50 0.558179 0.271141 0.0650159 0.126407 0.00562167
50 0.708821 0.360301 0.0543747 0.0522626 0.00550833
50 0.642851 0.395607 0.0767704 0.0935839 0.00550559
50 0.481069 0.23004 0.0918838 0.212286 0.00540808
50 0.77779 0.384225 0.0577173 0.0721762 0.00539562
50 0.535022 0.162122 0.0953863 0.117185 0.00521457
50 0.689902 0.486374 0.0939116 0.0817085 0.00516865
44 0.0606996 0.190453 0.121399 0.119588 0.00494882
50 0.571555 0.345292 0.295275 0.273675 0.00486439
51 0.322335 0.340637 0.129261 0.174826 0.00474885
50 0.624365 0.419044 0.0294107 0.0461452 0.0047197
60 0.899099 0.877449 0.201803 0.222784 0.00465813
50 0.636584 0.317625 0.0519953 0.106361 0.00458121
50 0.700586 0.41506 0.0387774 0.0647807 0.0045622
50 0.456638 0.45735 0.0539526 0.145883 0.00449646
51 0.838256 0.437264 0.133998 0.0660949 0.00434735
44 0.0775108 0.131416 0.154188 0.246548 0.00428221
51 0.737893 0.554463 0.0244616 0.104084 0.00427914
50 0.4965 0.295133 0.137742 0.186906 0.00427467
44 0.0453692 0.199226 0.0907384 0.104926 0.00419164
50 0.622347 0.381851 0.114213 0.0930567 0.00413981
50 0.646296 0.378403 0.0721921 0.0643503 0.00412789
50 0.45257 0.375715 0.057902 0.137035 0.0041196
50 0.495203 0.317788 0.0979454 0.121281 0.0040687
51 0.322582 0.523587 0.239714 0.237418 0.00404474
60 0.13839 0.125563 0.276781 0.249961 0.00394249
50 0.518443 0.165681 0.126493 0.121839 0.00385281
60 0.838337 0.153783 0.323325 0.307566 0.0037573
44 0.106227 0.499069 0.212398 0.963012 0.00361431
42 0.139472 0.134322 0.278944 0.268643 0.00351688
50 0.463974 0.391411 0.0419748 0.103257 0.00349981
60 0.4928 0.819438 0.977882 0.338449 0.00347978
50 0.811449 0.369934 0.13108 0.109958 0.00345039
43 0.835781 0.15317 0.328301 0.302895 0.00344944
51 0.471522 0.866686 0.0527048 0.104142 0.00339466
51 0.783183 0.612622 0.175972 0.334293 0.00339356
51 0.319455 0.315002 0.117967 0.123585 0.0033305
50 0.692204 0.466594 0.093031 0.134101 0.00331947
69 0.471295 0.485618 0.938527 0.960899 0.00327498
51 0.33341 0.352987 0.027921 0.0821695 0.0032064
42 0.121105 0.241371 0.242211 0.433197 0.00319871
51 0.508861 0.852801 0.127205 0.174449 0.00317726
50 0.603082 0.599762 0.12974 0.154453 0.00317663
51 0.195337 0.556709 0.035358 0.0994654 0.00316784
50 0.522348 0.541743 0.101198 0.158676 0.00316635
50 0.632742 0.405636 0.0638945 0.0745388 0.0031428
44 0.270716 0.14928 0.541433 0.298561 0.00306836
50 0.555995 0.228126 0.0556521 0.0549004 0.00304413
51 0.715181 0.625527 0.239378 0.324069 0.00302994
50 0.471819 0.256147 0.0899443 0.10953 0.00301883
44 0.0791127 0.419787 0.157795 0.528149 0.00297156
51 0.568671 0.415689 0.0763565 0.0374855 0.0029403
50 0.537619 0.186808 0.103669 0.156648 0.0029254
51 0.876036 0.572244 0.0969379 0.115895 0.00292307
50 0.740485 0.37764 0.143286 0.126043 0.00290737
50 0.580899 0.673182 0.175591 0.211395 0.00290155
51 0.382141 0.313053 0.03647 0.0471299 0.00288296
51 0.688118 0.767441 0.278062 0.329352 0.00286439
40 0.268856 0.0818733 0.531825 0.159003 0.00280342
50 0.848028 0.39944 0.0597303 0.0342121 0.00271401
45 0.45145 0.284242 0.899713 0.550737 0.00268605
50 0.609167 0.576232 0.116681 0.105023 0.00268176
51 0.718387 0.804128 0.127666 0.140737 0.00261179
51 0.6708 0.210018 0.036468 0.0331427 0.00260335
50 0.684104 0.405432 0.106241 0.141106 0.00259289
51 0.317718 0.32955 0.0974839 0.152435 0.00257391
50 0.465858 0.382662 0.0543545 0.112609 0.00252709
51 0.382312 0.448536 0.15123 0.271426 0.00252673
50 0.548758 0.519301 0.0628137 0.110482 0.00245771
50 0.60007 0.357431 0.232967 0.198161 0.00244179
51 0.293182 0.336761 0.0626849 0.0517258 0.00242034
44 0.19574 0.495303 0.39098 0.970518 0.00241134
51 0.345477 0.285618 0.046175 0.0620534 0.00237784
41 0.143586 0.0400209 0.277428 0.0767382 0.00236729
50 0.567598 0.522764 0.094381 0.118873 0.00235876
51 0.305852 0.339586 0.0683605 0.056623 0.00230008
60 0.838098 0.48953 0.323804 0.97906 0.00226757
50 0.782646 0.389482 0.0486145 0.0599614 0.00226018
44 0.945639 0.131058 0.108542 0.0860701 0.00221837
44 0.898478 0.078158 0.20216 0.152069 0.00221661
50 0.557276 0.192911 0.065708 0.138563 0.00219473
51 0.28651 0.387007 0.0517089 0.0790252 0.00219461
50 0.673844 0.369247 0.0601648 0.076748 0.00215697
53 0.502485 0.508837 0.99007 0.947352 0.00213102
51 0.373554 0.320289 0.056846 0.0721236 0.00210792
50 0.429952 0.380291 0.040956 0.113859 0.00209644
51 0.252054 0.71603 0.119897 0.172288 0.0020923
51 0.346879 0.335182 0.111681 0.168951 0.00207272
50 0.695562 0.364832 0.0805202 0.0634264 0.00206897
43 0.0782569 0.309809 0.155772 0.307157 0.00206876
51 0.484502 0.20258 0.0661188 0.156202 0.00206059
50 0.594322 0.290118 0.0452452 0.0727274 0.00201777
50 0.368858 0.346872 0.0399089 0.0603994 0.00201246
42 0.0827574 0.569296 0.165058 0.827915 0.00200117
45 0.373513 0.231785 0.746739 0.442858 0.0019916
50 0.427104 0.371065 0.0330772 0.0892358 0.00198594
51 0.402692 0.269029 0.0497136 0.0305819 0.001977
50 0.655095 0.405183 0.165714 0.144065 0.00195405
50 0.544391 0.366904 0.0440979 0.0716916 0.00195312
50 0.556721 0.169009 0.0619396 0.103149 0.00193712
45 0.237214 0.222672 0.474427 0.434006 0.00190547
45 0.0776398 0.531735 0.155055 0.758523 0.00190145
60 0.9383 0.0740827 0.122791 0.147345 0.00189236
50 0.372601 0.337115 0.0556972 0.108058 0.00187451
50 0.559607 0.407158 0.273112 0.431911 0.00187147
60 0.50189 0.201832 0.983143 0.344196 0.00186649
50 0.50796 0.514991 0.118303 0.121057 0.00185847
51 0.386815 0.306861 0.0887773 0.091676 0.001858
50 0.622725 0.650777 0.108384 0.135485 0.00185686
50 0.445163 0.350109 0.0388159 0.0755461 0.00184527
50 0.493722 0.495681 0.150949 0.261337 0.00182605
51 0.711935 0.816421 0.0862835 0.117886 0.00181985
45 0.226552 0.036944 0.112213 0.0737458 0.00180152
51 0.765508 0.427683 0.0318851 0.0365056 0.00179645
50 0.840686 0.46978 0.133045 0.130668 0.00178662
60 0.628261 0.105307 0.74001 0.210615 0.00178662
51 0.420083 0.275924 0.148752 0.313115 0.0017778
50 0.636176 0.155696 0.0964853 0.112052 0.0017696
50 0.285204 0.388526 0.0521651 0.0806008 0.0017679
60 0.630947 0.487492 0.737376 0.974984 0.00173786
50 0.444333 0.359662 0.0440563 0.0973737 0.00170198
60 0.723408 0.134247 0.549485 0.268494 0.00169715
44 0.0501095 0.158198 0.100219 0.187231 0.00168616
50 0.476206 0.579658 0.0635139 0.0985451 0.00168177
51 0.332378 0.345575 0.055114 0.15718 0.00167593
44 0.0790681 0.168438 0.158136 0.163717 0.00164619
50 0.231897 0.71415 0.163504 0.182201 0.00162315
44 0.146842 0.389289 0.293684 0.778579 0.00161368
69 0.45145 0.284242 0.899713 0.550737 0.00161183
50 0.732475 0.39971 0.171111 0.169166 0.00160316
51 0.39906 0.288889 0.239194 0.343563 0.00158924
56 0.13839 0.125563 0.276781 0.249961 0.00158593
50 0.472781 0.147147 0.0464939 0.0537444 0.00158048
50 0.439754 0.38426 0.0599321 0.125472 0.00153518
50 0.552504 0.549251 0.0392748 0.0529898 0.00153294
44 0.219912 0.0375876 0.126075 0.074839 0.00151652
51 0.346785 0.312916 0.0568402 0.120421 0.00151533
51 0.326027 0.564304 0.253226 0.337968 0.00148422
51 0.581869 0.148012 0.0266862 0.0777977 0.00145775
50 0.420377 0.191794 0.112402 0.139975 0.0014528
60 0.738346 0.0893597 0.516288 0.178719 0.00143144
50 0.669958 0.213606 0.0412762 0.0442458 0.00142708
50 0.268558 0.0812705 0.53207 0.159622 0.00142556
51 0.849376 0.700469 0.0743996 0.105866 0.00142515
50 0.57855 0.558488 0.0765143 0.0759939 0.00140613
50 0.582977 0.603297 0.146137 0.173014 0.00140592
50 0.61401 0.391766 0.256172 0.187882 0.00140512
50 0.596628 0.299821 0.050556 0.0737746 0.00138941
51 0.41712 0.370968 0.108253 0.115728 0.0013881
76 0.836022 0.102646 0.32633 0.204523 0.00137582
50 0.561885 0.225104 0.063978 0.0750412 0.00134033
40 0.110243 0.570495 0.220118 0.830793 0.00133967
76 0.268856 0.0818733 0.531825 0.159003 0.00133893
42 0.0791127 0.419787 0.157795 0.528149 0.00131547
50 0.597023 0.378192 0.109344 0.121884 0.0013113
50 0.627964 0.689284 0.106586 0.141803 0.0013105
50 0.579814 0.57265 0.123191 0.108237 0.00130764
51 0.324492 0.468846 0.235887 0.307535 0.00130621
51 0.891648 0.44118 0.0381687 0.0796615 0.00130489
50 0.553975 0.15454 0.0713096 0.105665 0.00130296
50 0.459507 0.53771 0.080504 0.19126 0.00128469
50 0.50221 0.593065 0.0936668 0.101173 0.00126982
50 0.458043 0.313388 0.0640488 0.132384 0.00125575
50 0.463597 0.339744 0.063293 0.109608 0.00125262
69 0.838337 0.153783 0.323325 0.307566 0.00122571
50 0.653767 0.36058 0.0760216 0.0958157 0.00122383
43 0.270919 0.229291 0.541838 0.451427 0.00121808
50 0.480362 0.321677 0.0696539 0.141208 0.00121295
51 0.597969 0.182235 0.177275 0.176471 0.001203
42 0.106227 0.499069 0.212398 0.963012 0.00119439
51 0.857557 0.440279 0.107726 0.0820421 0.00119019
50 0.63905 0.740847 0.0459194 0.0498994 0.001178
60 0.19574 0.495303 0.39098 0.970518 0.00116536
50 0.523138 0.361233 0.062023 0.0695977 0.00115019
45 0.182788 0.037679 0.195893 0.075358 0.00114989
50 0.380467 0.707746 0.0844459 0.103596 0.00114572
50 0.733809 0.432807 0.188136 0.20226 0.00114027
50 0.422675 0.375172 0.101618 0.129876 0.00113171
50 0.66958 0.39496 0.0728968 0.100607 0.00111616
60 0.897473 0.0741021 0.203858 0.145168 0.00111467
