0 0.820233 0.5 0.359535 1 0.0603954
0 0.372357 0.5 0.744714 1 0.0169299
0 0.263421 0.5 0.526842 1 0.016633
59 0.640549 0.5 0.718902 1 0.0105003
59 0.822835 0.5 0.354329 1 0.00708452
59 0.415159 0.5 0.830317 1 0.00596258
0 0.743832 0.497503 0.512335 0.995006 0.00552025
0 0.618641 0.5 0.762719 1 0.00469199
0 0.80902 0.673899 0.381961 0.652201 0.00466955
59 0.743832 0.497503 0.512335 0.995006 0.00383961
0 0.917354 0.5 0.165292 1 0.00372127
57 0.822835 0.5 0.354329 1 0.00322208
0 0.233552 0.659981 0.467105 0.680038 0.00278348
0 0.751453 0.791053 0.497094 0.417895 0.00264743
0 0.824339 0.326082 0.351321 0.652163 0.00263643
59 0.263421 0.5 0.526842 1 0.00254539
0 0.611564 0.792744 0.749836 0.414513 0.00235617
57 0.74149 0.5 0.517019 1 0.00232333
0 0.624532 0.117914 0.0993219 0.159098 0.00219494
0 0.228933 0.378452 0.457865 0.756904 0.00200424
0 0.418007 0.64613 0.811742 0.70774 0.0019908
0 0.582659 0.11412 0.138385 0.228239 0.00187302
59 0.80902 0.673899 0.381961 0.652201 0.00183886
0 0.191882 0.268278 0.383764 0.536556 0.00168487
0 0.493149 0.109559 0.0866312 0.165239 0.0016692
56 0.640549 0.5 0.718902 1 0.00166288
0 0.20011 0.533247 0.400219 0.933507 0.00166073
0 0.897134 0.752623 0.205733 0.494753 0.0016579
0 0.772817 0.0321948 0.0246313 0.0525222 0.00164148
57 0.420533 0.5 0.841065 1 0.00163516
0 0.787249 0.577086 0.0499142 0.0996069 0.00163361
0 0.693695 0.478766 0.0855221 0.153324 0.00163347
0 0.507573 0.0222561 0.0248415 0.0314514 0.00159729
0 0.685674 0.717969 0.0375244 0.0758306 0.00157958
56 0.472029 0 0.133112 0 0.00157467
0 0.688553 0.690443 0.039068 0.0864083 0.00156814
0 0.80624 0.762524 0.0679647 0.13193 0.00156713
0 0.672856 0.117293 0.0703188 0.167885 0.00155926
0 0.824357 0.12467 0.0953865 0.190082 0.00149146
0 0.582258 0.822174 0.0579236 0.0855687 0.00147209
0 0.689102 0.0998337 0.299131 0.199667 0.00145593
0 0.792182 0.0293237 0.0297634 0.0538022 0.00143912
0 0.814792 0.208406 0.370416 0.416812 0.00143567
0 0.922396 0.861144 0.155207 0.277711 0.00142431
0 0.804009 0.729377 0.0646133 0.125925 0.0013794
0 0.231454 0.311867 0.0653632 0.0966499 0.00137755
0 0.850033 0.7236 0.076099 0.120636 0.00136086
0 0.236355 0.201277 0.47271 0.402553 0.00136083
0 0.49824 0.247175 0.075886 0.113239 0.00133637
0 0.517502 0.283142 0.0728214 0.111041 0.00133637
0 0.474695 0.341587 0.0732708 0.0717137 0.00133473
0 0.652557 0.160169 0.0968931 0.160165 0.00133431
0 0.609283 0.113939 0.182545 0.227878 0.00132594
0 0.399006 0.246511 0.0703629 0.114182 0.00131866
0 0.498875 0.273855 0.0865091 0.128099 0.00131723
0 0.421501 0.799657 0.641977 0.400686 0.00131044
0 0.493659 0.169381 0.0739604 0.11868 0.0013077
59 0.635948 0.642906 0.720316 0.714187 0.00130537
0 0.669206 0.0203866 0.0257126 0.0407731 0.00128829
57 0.618641 0.5 0.762719 1 0.00128123
0 0.56109 0.118052 0.0905962 0.17272 0.00127822
0 0.406393 0.721146 0.0565223 0.0796629 0.00127205
0 0.782895 0.0311764 0.0291636 0.0549511 0.00125799
0 0.276331 0.272622 0.0842731 0.130438 0.00125784
0 0.479229 0.299325 0.0978525 0.125573 0.0012534
0 0.725908 0.511955 0.147505 0.210187 0.00124943
0 0.734752 0.647126 0.530497 0.705747 0.00124803
0 0.667468 0.0106814 0.0213148 0.0213629 0.00123963
0 0.103832 0.207894 0.0856564 0.100398 0.00123376
0 0.525315 0.161292 0.089264 0.134835 0.00123355
0 0.310231 0.691294 0.0469398 0.0876137 0.00122929
0 0.521735 0.110525 0.109357 0.181673 0.00121847
0 0.92229 0.80301 0.155421 0.328168 0.00121629
0 0.785089 0.027845 0.0306021 0.0429885 0.00119352
0 0.792506 0.0245166 0.0253637 0.03841 0.00118992
0 0.253089 0.275256 0.0855538 0.114896 0.00118554
0 0.708366 0.4871 0.108196 0.167976 0.00118098
56 0.446491 0 0.101215 0 0.00117683
0 0.501701 0.304835 0.0971338 0.120126 0.00117537
0 0.750948 0.772339 0.0615878 0.109922 0.00116843
0 0.331305 0.71812 0.0745213 0.101379 0.00115591
0 0.584371 0.799807 0.0608401 0.120802 0.00115529
0 0.805682 0.793491 0.0803287 0.137723 0.0011422
56 0.812428 0.5 0.375144 1 0.0011355
0 0.673638 0.067427 0.29821 0.134854 0.00113189
0 0.802536 0.0288815 0.0161596 0.0539092 0.00112307
0 0.700155 0.800886 0.095755 0.135669 0.00112182
0 0.633049 0.422016 0.0445559 0.0825284 0.00111917
0 0.332355 0.528946 0.0537522 0.0856482 0.00111824
0 0.751322 0.82004 0.0860036 0.0972191 0.00111607
0 0.480261 0.0789166 0.114202 0.155912 0.00111261
0 0.500104 0.872991 0.071236 0.0926511 0.00111249
0 0.620694 0.142983 0.121082 0.188345 0.00111154
0 0.305023 0.718135 0.0866807 0.121705 0.00110161
0 0.666928 0.038915 0.0182127 0.0776508 0.00109273
0 0.347308 0.120278 0.113029 0.162876 0.00108707
0 0.680209 0.301345 0.0995852 0.148017 0.00108281
0 0.479477 0.264712 0.107881 0.141426 0.00107294
0 0.72363 0.108305 0.112727 0.192095 0.00107169
59 0.404967 0.637576 0.809935 0.724848 0.00106812
0 0.820504 0.764898 0.0937488 0.139675 0.00106448
0 0.67849 0.45456 0.0675653 0.141893 0.00106421
0 0.347078 0.854513 0.0300231 0.0851791 0.00105917
0 0.847519 0.150343 0.110074 0.175543 0.00105166
0 0.862638 0.387521 0.0492073 0.0804247 0.00104591
0 0.806252 0.120365 0.0931255 0.206548 0.00104424
0 0.881401 0.314085 0.0743675 0.093355 0.00104094
0 0.253761 0.348981 0.0766798 0.100951 0.00104031
0 0.309817 0.548624 0.0119879 0.0250973 0.00103912
0 0.400069 0.775023 0.070541 0.12784 0.0010322
0 0.587661 0.777716 0.0466383 0.122173 0.00102904
0 0.824969 0.722655 0.0922333 0.14945 0.00102445
0 0.361994 0.272332 0.0846455 0.128417 0.00102332
0 0.459483 0.0362715 0.0229637 0.0437938 0.00101829
0 0.71961 0.0949803 0.163793 0.189961 0.00101784
0 0.799681 0.687479 0.0728506 0.125478 0.00101674
0 0.604 0.0587369 0.218629 0.117474 0.00101063
0 0.607 0.790411 0.099818 0.167366 0.00100949
0 0.00629509 0.957259 0.0125902 0.0382915 0.0010092
0 0.509964 0.0846062 0.157127 0.169212 0.00100788
0 0.702621 0.107435 0.108118 0.196282 0.0010061
0 0.825068 0.800857 0.0954067 0.137933 0.00100517
0 0.398893 0.268299 0.0898337 0.129806 0.00100079
