0 0.424629 0.700422 0.310371 0.599156 0.00957179
0 0.855606 0.686761 0.288789 0.626478 0.00751153
0 0.844714 0.5 0.310571 1 0.00560719
0 0.203939 0.741992 0.407879 0.516017 0.00501242
0 0.588717 0.676166 0.670407 0.647668 0.00480372
0 0.712275 0.677545 0.575451 0.64491 0.00282443
0 0.248691 0.689797 0.497381 0.620406 0.00230604
0 0.162003 0.277964 0.324007 0.555929 0.00229526
0 0.272545 0.5 0.545089 1 0.00226781
0 0.347383 0.694694 0.479889 0.610612 0.00224727
0 0.17754 0.64735 0.355081 0.7053 0.00217742
59 0.669778 0.5 0.660443 1 0.00194073
0 0.847197 0.820873 0.305606 0.358255 0.00176656
0 0.622144 0.717622 0.509288 0.564755 0.0016028
0 0.415724 0.595369 0.351546 0.809262 0.00158545
0 0.182962 0.497965 0.365923 0.99593 0.0015088
0 0.465986 0.634649 0.450161 0.730702 0.00146535
0 0.670744 0.5 0.658512 1 0.00138211
0 0.231009 0.239832 0.462018 0.479664 0.00138122
0 0.94228 0.797479 0.11544 0.405042 0.00122446
0 0.298386 0.641888 0.595813 0.716224 0.00120836
0 0.957211 0.752865 0.0855789 0.494269 0.0011903
59 0.314339 0.5 0.628677 1 0.00114024
0 0.793882 0.726968 0.412236 0.546064 0.00112122
0 0.946484 0.502081 0.107032 0.995838 0.00110507
59 0.590903 0.644701 0.687699 0.710597 0.00108895
59 0.844714 0.5 0.310571 1 0.00106204
0 0.226502 0.591278 0.453005 0.817443 0.00102261
