59 0.673363 0.5 0.653275 1 0.0196409
0 0.804493 0.5 0.391013 1 0.0194975
39 0.308189 0.0575768 0.0430299 0.115154 0.0175979
0 0.715654 0.784351 0.568693 0.431298 0.0111308
59 0.804493 0.5 0.391013 1 0.00939327
56 0.30361 0.057392 0.0373857 0.114784 0.00908878
0 0.237131 0.74808 0.474262 0.50384 0.00856867
0 0.311096 0.090465 0.0518828 0.18093 0.00755727
0 0.250056 0.5 0.500111 1 0.00736943
59 0.395647 0.5 0.791294 1 0.00723961
0 0.88266 0.715605 0.23468 0.568789 0.00700182
0 0.400077 0.5 0.800155 1 0.00690985
0 0.307886 0.0651999 0.0486625 0.1304 0.0061121
0 0.694312 0.5 0.611376 1 0.00553486
0 0.394258 0.716616 0.783787 0.566767 0.00548583
0 0.763327 0.641131 0.473345 0.717738 0.00542378
0 0.335694 0.134231 0.108341 0.268462 0.00506392
0 0.87577 0.5 0.248461 1 0.0048942
0 0.299907 0.0199084 0.0300431 0.0365346 0.00479487
0 0.697612 0.706968 0.604776 0.586064 0.00464264
0 0.156699 0.669491 0.313397 0.661018 0.00439611
59 0.250056 0.5 0.500111 1 0.00408456
0 0.17291 0.49142 0.345821 0.98284 0.00404528
0 0.251153 0.655831 0.502306 0.688338 0.00383705
59 0.699774 0.641021 0.600452 0.717959 0.00365868
0 0.348045 0.779999 0.69609 0.440002 0.00363767
0 0.171983 0.311532 0.343966 0.623064 0.00341582
0 0.451259 0.947161 0.0691763 0.105677 0.00336754
0 0.592749 0.789287 0.425564 0.421426 0.00331962
0 0.181248 0.483302 0.057389 0.0924521 0.00310811
57 0.804493 0.5 0.391013 1 0.00287282
57 0.673363 0.5 0.653275 1 0.00281924
0 0.488591 0.807093 0.15386 0.385815 0.00269172
0 0.372309 0.819001 0.134165 0.177458 0.0026519
0 0.440109 0.961657 0.05919 0.0766856 0.00258088
0 0.481294 0.92961 0.145314 0.14078 0.00253344
0 0.811061 0.334186 0.377878 0.668372 0.00250572
39 0.301159 0.0438365 0.0327022 0.0863249 0.00246248
56 0.299907 0.0199084 0.0300431 0.0365346 0.00244433
0 0.171361 0.212166 0.342721 0.424331 0.00242406
0 0.30361 0.057392 0.0373857 0.114784 0.00240797
0 0.0910685 0.787324 0.042684 0.0723362 0.00236401
0 0.461369 0.943129 0.0218459 0.028669 0.00231582
0 0.301159 0.0438365 0.0327022 0.0863249 0.00227112
0 0.09393 0.775265 0.0256201 0.0472506 0.00219268
59 0.386103 0.648783 0.772206 0.702434 0.0021655
0 0.244646 0.831713 0.489291 0.336574 0.00213042
0 0.48534 0.887841 0.152346 0.224317 0.00211337
0 0.458814 0.895598 0.0972567 0.208805 0.0021123
0 0.780747 0.744806 0.438505 0.510389 0.00208923
0 0.308663 0.0886422 0.0305515 0.04696 0.00208709
39 0.308991 0.0770323 0.0368547 0.0717979 0.00194773
0 0.353703 0.876389 0.179282 0.247221 0.00193644
0 0.312732 0.153656 0.055891 0.232245 0.00193486
0 0.362446 0.796009 0.149957 0.263999 0.00191638
0 0.299534 0.0116126 0.0266556 0.0232252 0.00189152
0 0.152198 0.47452 0.107332 0.107378 0.00187591
0 0.867129 0.358001 0.0150288 0.0298961 0.0018706
0 0.373327 0.823487 0.124314 0.125178 0.00186479
0 0.457494 0.708337 0.471108 0.583327 0.00183198
0 0.582473 0.795792 0.0645079 0.120111 0.00176468
0 0.350392 0.730663 0.0739758 0.100325 0.00175902
56 0.301159 0.0438365 0.0327022 0.0863249 0.00175375
0 0.878838 0.817154 0.242325 0.365692 0.00173697
0 0.141547 0.44408 0.107703 0.149353 0.00170642
0 0.314093 0.0942502 0.0254782 0.0352258 0.00168338
0 0.412937 0.5 0.510197 1 0.00165674
56 0.673363 0.5 0.653275 1 0.00163856
0 0.520475 0.815105 0.209852 0.36979 0.0016385
39 0.299907 0.0199084 0.0300431 0.0365346 0.00163564
0 0.37929 0.68602 0.551708 0.627961 0.00162256
0 0.35256 0.815196 0.186162 0.336663 0.00161922
0 0.559562 0.700742 0.678942 0.598517 0.00160286
0 0.477854 0.719195 0.13466 0.246996 0.00158265
0 0.790605 0.737951 0.0565872 0.108286 0.0015704
0 0.802931 0.236042 0.394138 0.472084 0.00155452
39 0.09393 0.775265 0.0256201 0.0472506 0.00155041
57 0.395647 0.5 0.791294 1 0.00154498
0 0.412233 0.949124 0.104092 0.101752 0.00150451
0 0.329773 0.228552 0.0960691 0.358913 0.00150302
0 0.435503 0.306702 0.0650854 0.088501 0.00149596
0 0.00645551 0.818056 0.012911 0.0507703 0.00147462
0 0.230084 0.840101 0.0738837 0.105906 0.00147349
0 0.460023 0.924227 0.0262299 0.0664889 0.00146475
0 0.486423 0.697693 0.124622 0.161929 0.00143752
56 0.310901 0.0569291 0.0448441 0.111794 0.00142929
0 0.330233 0.923447 0.130654 0.153106 0.0014087
0 0.49834 0.766976 0.163211 0.31235 0.00140136
56 0.788862 0.5 0.422276 1 0.00140002
0 0.469323 0.225466 0.415006 0.450933 0.00137699
0 0.351612 0.912005 0.139977 0.175991 0.00137603
59 0.8111 0.341598 0.3778 0.683196 0.00137082
0 0.660213 0.875375 0.0752136 0.11543 0.00135961
0 0.313081 0.199264 0.0569172 0.225877 0.00135905
0 0.669898 0.892538 0.0854429 0.187029 0.00132695
0 0.117811 0.346408 0.0132433 0.0493746 0.00131363
56 0.348435 0.718974 0.0701156 0.0971216 0.00131309
0 0.431744 0.972466 0.04375 0.0550685 0.00130436
0 0.193161 0.936745 0.138605 0.126509 0.00129944
59 0.714784 0.759223 0.570432 0.481554 0.00129786
56 0.308991 0.0770323 0.0368547 0.0717979 0.00129688
56 0.0927835 0.778309 0.0243626 0.053039 0.00129384
0 0.350706 0.937733 0.108028 0.124534 0.00128892
39 0.348435 0.718974 0.0701156 0.0971216 0.00126499
59 0.240084 0.668177 0.480168 0.663646 0.00126371
0 0.813018 0.845431 0.116338 0.309138 0.00126112
0 0.442864 0.894389 0.0521372 0.119903 0.00125301
0 0.805293 0.816222 0.0936931 0.240416 0.00124595
0 0.584059 0.828891 0.0915745 0.165114 0.00124067
0 0.369422 0.870481 0.140724 0.236265 0.00123477
0 0.332969 0.941205 0.110161 0.117591 0.00123167
0 0.107575 0.388059 0.0391176 0.0876322 0.0012196
0 0.184544 0.594058 0.0479894 0.110246 0.00121638
0 0.440832 0.283949 0.0594364 0.0956107 0.00121513
0 0.259251 0.935211 0.0445978 0.116003 0.00119963
0 0.545589 0.940492 0.178785 0.119016 0.00118512
0 0.407239 0.654288 0.0460333 0.132248 0.0011805
0 0.0112501 0.807712 0.0225003 0.0801573 0.00117984
0 0.297239 0.835506 0.0681383 0.144224 0.00117183
0 0.579375 0.806477 0.571741 0.387047 0.00115672
0 0.23427 0.93641 0.0741963 0.127179 0.0011543
0 0.438564 0.931686 0.0592306 0.136627 0.00114813
0 0.221632 0.384813 0.0718647 0.105406 0.0011391
0 0.434427 0.264641 0.0743471 0.180292 0.00113836
0 0.158553 0.940051 0.116271 0.119897 0.00111902
0 0.70761 0.673858 0.0381535 0.0560942 0.00111616
0 0.38854 0.629546 0.0589952 0.152984 0.00111374
0 0.00602316 0.833034 0.0120463 0.0261921 0.00110245
0 0.253771 0.94382 0.0863296 0.112359 0.00110006
0 0.685294 0.913637 0.135323 0.172727 0.00109869
0 0.313148 0.239239 0.0611732 0.341344 0.0010893
0 0.452916 0.949595 0.0357295 0.0906356 0.00108647
0 0.917843 0.137286 0.164314 0.274573 0.00108483
59 0.65557 0.347371 0.688861 0.694742 0.00107965
0 0.397194 0.314769 0.077738 0.103114 0.00107849
0 0.455949 0.299497 0.0772368 0.0955549 0.00107613
0 0.00660707 0.34139 0.0132141 0.0439373 0.00107595
0 0.581547 0.773941 0.0733452 0.135284 0.00107393
0 0.604425 0.838384 0.0839086 0.147618 0.00107309
0 0.447061 0.483968 0.118111 0.189568 0.00107113
0 0.380956 0.915688 0.147937 0.168623 0.0010598
0 0.285111 0.922591 0.0681689 0.154817 0.00105804
0 0.465609 0.8464 0.111511 0.3072 0.00104812
0 0.788846 0.716586 0.0227806 0.0461227 0.00104803
0 0.624862 0.692329 0.0718847 0.126918 0.00104451
0 0.255295 0.940468 0.126704 0.119063 0.0010421
0 0.135955 0.69853 0.107402 0.171549 0.00103119
0 0.789624 0.736798 0.0221836 0.0252202 0.0010305
0 0.767174 0.870052 0.016737 0.0304842 0.00102893
0 0.342648 0.745781 0.105131 0.162584 0.00102845
0 0.798518 0.391768 0.0143671 0.0379637 0.0010255
56 0.0948445 0.772117 0.0261685 0.0511621 0.00102398
0 0.264202 0.423604 0.053055 0.094815 0.00102058
0 0.580896 0.932602 0.17675 0.134796 0.00100699
0 0.301027 0.934906 0.176809 0.130189 0.00100511
0 0.148733 0.769782 0.297466 0.460437 0.00100216
0 0.308991 0.0770323 0.0368547 0.0717979 0.00100198
