53 0.44623 0.510122 0.89246 0.94714 0.958286
40 0.799298 0.0730878 0.15318 0.14481 0.903141
41 0.938436 0.20021 0.122644 0.394952 0.880363
41 0.364468 0.0124512 0.107329 0.0242086 0.630812
60 0.480512 0.49936 0.960185 0.987217 0.541954
39 0.92658 0.0622784 0.086285 0.123482 0.266424
41 0.154765 0.0339528 0.114446 0.0667351 0.249307
39 0.938157 0.200246 0.123267 0.395788 0.228283
39 0.685778 0.0270829 0.0959091 0.051306 0.143024
41 0.685778 0.0270829 0.0959091 0.051306 0.114526
60 0.475739 0.23215 0.950166 0.460114 0.0789456
41 0.159382 0.0279213 0.0959427 0.0548057 0.0780642
40 0.153639 0.0337422 0.110367 0.0651529 0.0565653
41 0.15624 0.0476011 0.118389 0.0925077 0.0545399
41 0.366926 0.0118105 0.117877 0.0236211 0.0450035
41 0.926452 0.0617858 0.0857368 0.122514 0.0396112
40 0.159303 0.0628271 0.126008 0.123628 0.0366631
40 0.939195 0.196776 0.121003 0.393551 0.0302396
60 0.514346 0.170302 0.954987 0.334561 0.0251765
60 0.856335 0.512669 0.28733 0.949506 0.0184027
60 0.201598 0.231404 0.400092 0.459109 0.0127322
41 0.799115 0.0730766 0.153909 0.145666 0.0120291
41 0.165654 0.0617272 0.14053 0.120421 0.00582665
39 0.153639 0.0337422 0.110367 0.0651529 0.00523546
45 0.938647 0.200719 0.122706 0.396172 0.00488091
40 0.366101 0.0125609 0.106231 0.0248146 0.00448501
41 0.156205 0.0193769 0.0990071 0.0382549 0.00371352
45 0.685562 0.0272699 0.0963819 0.051673 0.00361913
40 0.161106 0.0265061 0.0927412 0.0517707 0.00357234
60 0.857522 0.692935 0.284957 0.591347 0.00352544
60 0.48949 0.124629 0.96613 0.244346 0.00343212
75 0.938157 0.200246 0.123267 0.395788 0.00280216
39 0.364977 0.01203 0.105759 0.0229967 0.00272787
40 0.167705 0.117261 0.144774 0.23061 0.00253657
40 0.21874 0.0687869 0.261741 0.135519 0.00247636
39 0.159373 0.0624347 0.126003 0.122842 0.00189197
39 0.366926 0.0118105 0.117877 0.0236211 0.00188971
40 0.195933 0.127839 0.198169 0.251457 0.00183651
41 0.856898 0.0134384 0.0641161 0.0262228 0.00176853
75 0.799193 0.0733663 0.153073 0.144717 0.00160617
44 0.783459 0.174717 0.0390078 0.0510473 0.00152883
43 0.783459 0.174717 0.0390078 0.0510473 0.00150415
60 0.131237 0.167673 0.259535 0.330504 0.00139281
69 0.491058 0.503517 0.981169 0.989836 0.00136095
60 0.139435 0.231586 0.277395 0.456885 0.00131196
0 0.357189 0.180629 0.0109463 0.0306144 0.00129959
45 0.926495 0.0624392 0.0862698 0.122416 0.00129458
60 0.798542 0.504596 0.402591 0.968504 0.00127879
40 0.182564 0.0274405 0.0701164 0.0526978 0.00124505
48 0.446057 0.509124 0.890417 0.942726 0.00122592
41 0.857178 0.0220919 0.0642283 0.0422966 0.00105637
0 0.938157 0.200246 0.123267 0.395788 0.00105372
60 0.814571 0.624773 0.370829 0.727528 0.00105014
58 0.685778 0.0270829 0.0959091 0.051306 0.00103712
