16 0.617119 0.350214 0.540601 0.526822 0.897164
28 0.232244 0.784835 0.45749 0.404969 0.22241
24 0.290418 0.815624 0.344598 0.349957 0.0922318
59 0.486185 0.503398 0.966217 0.993204 0.0884053
28 0.532898 0.518851 0.930693 0.929185 0.0647511
28 0.0815407 0.787762 0.160619 0.405306 0.0587329
26 0.290418 0.815624 0.344598 0.349957 0.045049
0 0.51261 0.552663 0.528501 0.498948 0.0236974
59 0.551435 0.633991 0.893161 0.699573 0.0205422
28 0.289615 0.812366 0.344791 0.356258 0.0203575
73 0.593679 0.0431941 0.0240195 0.0863882 0.0193633
73 0.658038 0.048049 0.015774 0.0941351 0.0184674
39 0.394717 0.477233 0.297358 0.342153 0.0179904
56 0.112814 0.545122 0.137043 0.161169 0.0177997
73 0.631978 0.0479678 0.0643307 0.0948445 0.016281
59 0.747708 0.764586 0.502109 0.445476 0.0132876
77 0.617057 0.351492 0.542058 0.529326 0.0128506
15 0.9833 0.717296 0.0333992 0.168322 0.012201
77 0.262346 0.546255 0.194648 0.232334 0.0119333
57 0.112916 0.545431 0.136294 0.161484 0.0101118
24 0.511386 0.645127 0.919922 0.685288 0.00869456
24 0.518115 0.549094 0.533242 0.504589 0.00853345
0 0.983331 0.717302 0.0330891 0.165654 0.00813171
26 0.235818 0.787661 0.454644 0.401567 0.00759721
0 0.503468 0.635875 0.930624 0.687015 0.00715399
28 0.0822948 0.920151 0.163308 0.152276 0.00709763
24 0.5095 0.492967 0.926685 0.835532 0.00681609
28 0.252351 0.705925 0.447972 0.557578 0.0064638
24 0.23676 0.795802 0.447706 0.383411 0.00613174
13 0.489224 0.501218 0.971656 0.997565 0.00592977
41 0.394717 0.477233 0.297358 0.342153 0.00567064
0 0.540042 0.473674 0.584342 0.653584 0.00531936
0 0.98094 0.185747 0.0381193 0.212548 0.0049929
26 0.518115 0.549094 0.533242 0.504589 0.00496599
59 0.523392 0.797118 0.946541 0.383242 0.00462613
57 0.489224 0.501218 0.971656 0.997565 0.00435871
26 0.511386 0.645127 0.919922 0.685288 0.00416246
16 0.596669 0.434986 0.597778 0.694599 0.00398275
56 0.517408 0.635898 0.953819 0.69308 0.00395614
28 0.492193 0.639542 0.930611 0.675843 0.00379157
56 0.290006 0.8154 0.344533 0.351184 0.00377735
73 0.661768 0.0484438 0.0227489 0.0953797 0.00369072
56 0.542837 0.516837 0.856116 0.877354 0.00364625
16 0.89084 0.463447 0.16617 0.332282 0.00363582
32 0.262346 0.546255 0.194648 0.232334 0.00350791
0 0.529484 0.576408 0.812335 0.543546 0.00341219
45 0.290117 0.816661 0.346127 0.349959 0.00331274
26 0.5095 0.492967 0.926685 0.835532 0.00325522
67 0.912268 0.347877 0.0990911 0.0960045 0.003214
0 0.890614 0.894997 0.218316 0.189983 0.00319088
15 0.89084 0.463447 0.16617 0.332282 0.00309527
56 0.262713 0.546745 0.195164 0.233612 0.00304237
16 0.9833 0.717296 0.0333992 0.168322 0.00299668
26 0.262006 0.550008 0.198532 0.242202 0.00290796
24 0.617006 0.352759 0.540985 0.532107 0.00290167
59 0.573497 0.429861 0.846628 0.836702 0.00286177
59 0.788168 0.825739 0.42341 0.325911 0.00272432
32 0.691303 0.589624 0.184357 0.23234 0.00270849
77 0.51261 0.552663 0.528501 0.498948 0.0025968
24 0.240682 0.682547 0.445215 0.601677 0.00257903
78 0.695046 0.590125 0.179592 0.231128 0.00251168
24 0.89084 0.463447 0.16617 0.332282 0.00250551
16 0.558171 0.484297 0.77697 0.802413 0.00250259
0 0.98331 0.648683 0.0333794 0.303476 0.00249839
59 0.829596 0.772752 0.340808 0.423759 0.00248688
58 0.935742 0.167427 0.128002 0.220746 0.00242507
64 0.290418 0.815624 0.344598 0.349957 0.00237185
0 0.5095 0.492967 0.926685 0.835532 0.00230494
24 0.596669 0.434986 0.597778 0.694599 0.00225306
63 0.115178 0.735337 0.180578 0.269494 0.00223181
16 0.91204 0.355546 0.0997986 0.110388 0.00221851
0 0.290538 0.815487 0.34383 0.350786 0.00220847
26 0.0817685 0.787442 0.161918 0.407136 0.00213635
26 0.530654 0.683765 0.236907 0.224952 0.00204468
39 0.530654 0.683765 0.236907 0.224952 0.00203127
24 0.262879 0.550164 0.197933 0.241896 0.0020282
58 0.878229 0.136113 0.243126 0.272225 0.00202703
0 0.240682 0.682547 0.445215 0.601677 0.00201875
0 0.98248 0.570374 0.0350407 0.473152 0.00201285
15 0.91204 0.355546 0.0997986 0.110388 0.00200784
63 0.188475 0.740187 0.335259 0.274998 0.00200313
73 0.621391 0.0493737 0.0911015 0.0987473 0.00197569
58 0.980312 0.237558 0.038723 0.322995 0.00195682
28 0.518115 0.549094 0.533242 0.504589 0.00194827
0 0.980312 0.237558 0.038723 0.322995 0.00189835
63 0.232898 0.780522 0.456058 0.409475 0.00183868
63 0.0314674 0.760085 0.0629348 0.351633 0.00182512
47 0.260993 0.545893 0.192723 0.23049 0.00170726
0 0.787049 0.759813 0.425663 0.45579 0.00169882
59 0.886995 0.897199 0.22601 0.185232 0.00169364
73 0.109133 0.740356 0.183455 0.276108 0.00168952
58 0.895541 0.223127 0.207745 0.333927 0.00162968
24 0.519316 0.554208 0.830079 0.50208 0.00155845
28 0.214818 0.556252 0.345522 0.198668 0.00150532
28 0.499085 0.521348 0.919881 0.517867 0.00148749
56 0.235818 0.787661 0.454644 0.401567 0.00146994
26 0.89084 0.463447 0.16617 0.332282 0.00146681
67 0.89334 0.34464 0.0488632 0.0566235 0.00145301
62 0.0318424 0.755219 0.0628757 0.345722 0.00144887
28 0.230015 0.672182 0.452078 0.409839 0.00143749
26 0.240682 0.682547 0.445215 0.601677 0.00142077
58 0.980851 0.185324 0.038072 0.217037 0.0013921
66 0.0292679 0.758588 0.0584909 0.350481 0.00137597
2 0.554093 0.490899 0.88401 0.976258 0.00135577
15 0.616686 0.349046 0.542685 0.525444 0.00134084
26 0.23684 0.818814 0.23737 0.35068 0.00130671
77 0.542837 0.516837 0.856116 0.877354 0.0012975
59 0.774239 0.684189 0.451522 0.599774 0.00125831
77 0.980851 0.185324 0.038072 0.217037 0.00125644
24 0.23684 0.818814 0.23737 0.35068 0.00125033
0 0.915301 0.458086 0.148214 0.322165 0.00123346
73 0.0318424 0.755219 0.0628757 0.345722 0.00122344
28 0.262879 0.550164 0.197933 0.241896 0.00121006
73 0.188475 0.740187 0.335259 0.274998 0.00120866
28 0.23684 0.818814 0.23737 0.35068 0.00118414
28 0.89084 0.463447 0.16617 0.332282 0.00116903
67 0.886186 0.335516 0.0465183 0.0695134 0.001142
77 0.937601 0.180163 0.124439 0.228148 0.00113764
26 0.30495 0.571146 0.300435 0.295134 0.00113219
16 0.91209 0.429623 0.113204 0.259359 0.00111732
73 0.396843 0.47995 0.292081 0.344894 0.00111619
58 0.913835 0.259299 0.171607 0.386806 0.00110295
0 0.879257 0.775182 0.241486 0.427648 0.00109354
73 0.913005 0.350389 0.0963654 0.0973115 0.00109231
41 0.530654 0.683765 0.236907 0.224952 0.00108492
56 0.0314674 0.760085 0.0629348 0.351633 0.00107387
15 0.98331 0.648683 0.0333794 0.303476 0.00106823
59 0.318576 0.4382 0.634377 0.86809 0.00104421
0 0.937601 0.180163 0.124439 0.228148 0.00104001
30 0.537044 0.523998 0.92267 0.922771 0.00101113
26 0.499085 0.521348 0.919881 0.517867 0.00101101
