14 0.819559 0.560493 0.211568 0.350535 0.933395
14 0.135137 0.178189 0.170295 0.287834 0.927282
14 0.523134 0.408831 0.155636 0.299556 0.918556
14 0.291728 0.377986 0.156894 0.336996 0.916973
14 0.487881 0.696669 0.177658 0.304358 0.90114
14 0.291287 0.609424 0.190442 0.281065 0.780463
14 0.267399 0.808875 0.157436 0.3529 0.727832
14 0.854948 0.811439 0.159305 0.283957 0.668057
14 0.29269 0.784485 0.105014 0.268675 0.168834
14 0.339437 0.610626 0.0994736 0.267825 0.075863
47 0.854801 0.810527 0.160164 0.281038 0.0622053
14 0.235849 0.809254 0.0943234 0.339361 0.0566537
14 0.586161 0.75939 0.0314204 0.0685944 0.024802
14 0.586196 0.793863 0.0344401 0.143739 0.0203966
47 0.293575 0.605151 0.192508 0.268496 0.0201302
47 0.575028 0.540542 0.0493303 0.0402415 0.0194068
14 0.511267 0.880842 0.0989261 0.219556 0.0193772
14 0.499543 0.62769 0.142115 0.168262 0.0153397
14 0.585761 0.820233 0.0473184 0.193853 0.00807223
47 0.224946 0.576468 0.0558464 0.107511 0.00766203
14 0.317556 0.603757 0.147267 0.263464 0.00765738
47 0.572581 0.536622 0.060568 0.0472545 0.00746906
47 0.236143 0.771181 0.0929217 0.266357 0.00673029
47 0.236278 0.57388 0.0814551 0.114014 0.00509769
14 0.260197 0.777756 0.140385 0.273951 0.00507244
14 0.57587 0.821878 0.0700201 0.198442 0.00492659
47 0.261138 0.573413 0.127965 0.119169 0.00460175
47 0.219139 0.582501 0.0453388 0.0939064 0.00406027
14 0.487127 0.757824 0.188682 0.420437 0.00312704
14 0.396678 0.817143 0.0504332 0.108435 0.00215325
14 0.426374 0.402389 0.428599 0.373883 0.0021461
47 0.27817 0.587037 0.0928718 0.165314 0.00209245
47 0.134958 0.17732 0.17008 0.286129 0.00195241
21 0.487881 0.696669 0.177658 0.304358 0.00185725
14 0.591633 0.804574 0.0564999 0.179694 0.00179449
14 0.531698 0.62767 0.0771405 0.167181 0.00172442
21 0.291369 0.609865 0.191076 0.277082 0.00166643
47 0.871575 0.651785 0.0927567 0.126115 0.00151891
14 0.405787 0.83118 0.0698876 0.134799 0.00148749
14 0.411455 0.608882 0.242186 0.271411 0.00146502
14 0.58595 0.829404 0.0981428 0.214222 0.00143009
47 0.900777 0.707166 0.0460778 0.0601075 0.00140351
14 0.808011 0.775514 0.255624 0.372662 0.00136778
21 0.854948 0.811439 0.159305 0.283957 0.00136712
14 0.388883 0.799674 0.0353145 0.0690749 0.00133812
14 0.809253 0.769843 0.253789 0.256322 0.00130567
47 0.550001 0.522419 0.107103 0.0774529 0.00123546
47 0.894886 0.721547 0.0295038 0.0308571 0.00122145
14 0.236496 0.734544 0.0929277 0.202403 0.00121427
14 0.221173 0.246741 0.347977 0.432124 0.00114867
14 0.593463 0.764151 0.0477258 0.092994 0.00113422
14 0.420171 0.868672 0.1007 0.212222 0.00113371
14 0.388679 0.788108 0.0310773 0.0515329 0.00111005
19 0.854948 0.811439 0.159305 0.283957 0.00109392
14 0.42464 0.727225 0.319809 0.400035 0.00107449
47 0.845063 0.770512 0.145626 0.154998 0.00106841
47 0.487881 0.696669 0.177658 0.304358 0.00106201
14 0.599171 0.819347 0.0619871 0.202148 0.00105017
47 0.579221 0.529841 0.0648668 0.0639005 0.00104758
14 0.831517 0.675233 0.199339 0.556491 0.0010373
21 0.267482 0.807943 0.155634 0.348768 0.0010336
