53 0.423838 0.456618 0.450642 0.122028 0.767876
72 0.750638 0.428271 0.498583 0.856542 0.691426
53 0.427203 0.524794 0.460916 0.108859 0.574081
53 0.427108 0.495632 0.460161 0.174314 0.460373
69 0.410092 0.496632 0.748336 0.786528 0.256851
69 0.434611 0.578276 0.531736 0.567332 0.0916871
53 0.42082 0.58867 0.347416 0.0682598 0.0795159
53 0.414817 0.556744 0.387408 0.131627 0.0266337
72 0.414407 0.48861 0.742776 0.80131 0.0195554
53 0.381631 0.599117 0.244306 0.0429226 0.0188564
68 0.410092 0.496632 0.748336 0.786528 0.01502
69 0.752407 0.437197 0.492525 0.874394 0.0137469
72 0.828095 0.573249 0.343811 0.672244 0.0134619
0 0.752309 0.437454 0.495382 0.874908 0.00938907
72 0.434611 0.578276 0.531736 0.567332 0.00735283
53 0.5358 0.451765 0.220936 0.107811 0.00626034
45 0.898271 0.741094 0.0760949 0.0331648 0.00620943
53 0.400093 0.537592 0.403892 0.0852431 0.00447649
71 0.345689 0.160487 0.498628 0.0664631 0.00376788
69 0.538686 0.470172 0.919907 0.860616 0.00363272
53 0.515256 0.592111 0.140192 0.055254 0.00331733
69 0.828095 0.573249 0.343811 0.672244 0.00303176
48 0.429901 0.452911 0.449919 0.128309 0.00297016
72 0.538686 0.470172 0.919907 0.860616 0.0028365
53 0.325715 0.442102 0.180132 0.0390388 0.00268146
69 0.451159 0.590984 0.740971 0.588266 0.00262848
69 0.440591 0.700552 0.505227 0.322731 0.00254881
68 0.752407 0.437197 0.492525 0.874394 0.00233793
48 0.425518 0.521415 0.464638 0.11346 0.00229189
60 0.422095 0.50899 0.726266 0.775775 0.00212196
68 0.434611 0.578276 0.531736 0.567332 0.00208288
45 0.381463 0.396169 0.29694 0.0605756 0.00177127
69 0.583776 0.582811 0.832448 0.56463 0.00172415
48 0.427108 0.495632 0.460161 0.174314 0.00166008
72 0.579367 0.571071 0.824628 0.618682 0.00163525
53 0.54505 0.517018 0.23061 0.119308 0.00161493
53 0.389269 0.476472 0.383059 0.0771914 0.00149527
53 0.443889 0.229612 0.580314 0.102368 0.00136182
72 0.750488 0.153208 0.492048 0.303368 0.00124398
53 0.347711 0.59846 0.199475 0.0486497 0.00121978
56 0.751706 0.424253 0.496587 0.848507 0.00118804
53 0.346362 0.161183 0.483075 0.0669827 0.00118303
73 0.339214 0.164214 0.480391 0.070412 0.00112331
69 0.417981 0.468818 0.468144 0.153033 0.00111341
55 0.429901 0.452911 0.449919 0.128309 0.0011009
45 0.425518 0.521415 0.464638 0.11346 0.00107747
69 0.410041 0.239462 0.664365 0.165128 0.00106892
53 0.33692 0.476804 0.274336 0.0716207 0.00106847
73 0.0555232 0.470564 0.110455 0.0936595 0.00104845
60 0.345689 0.160487 0.498628 0.0664631 0.00102985
52 0.425518 0.521415 0.464638 0.11346 0.00101617
69 0.346362 0.161183 0.483075 0.0669827 0.00100309
