4 0.474478 0.534975 0.4614 0.198825 0.921685
2 0.267475 0.938218 0.0161321 0.0242189 0.328941
2 0.307041 0.876502 0.0217058 0.0226291 0.27473
2 0.348496 0.784832 0.0207485 0.0223277 0.178752
7 0.669274 0.492462 0.0368834 0.0255259 0.145924
2 0.123085 0.962872 0.0202451 0.0265638 0.141616
7 0.307041 0.876502 0.0217058 0.0226291 0.126645
2 0.214814 0.393665 0.0218216 0.0263062 0.11761
2 0.669021 0.492354 0.0366674 0.0262154 0.10856
7 0.290095 0.682945 0.0459629 0.0201832 0.0869445
2 0.208988 0.886118 0.0175607 0.0178809 0.0823931
2 0.290315 0.683033 0.0463218 0.0207074 0.0820246
2 0.960539 0.742131 0.0181002 0.0257689 0.0791104
7 0.267653 0.93797 0.017733 0.0255423 0.0781385
2 0.275968 0.874518 0.0166508 0.0233091 0.0655837
2 0.717925 0.93138 0.0214718 0.0411213 0.0550986
2 0.59634 0.31712 0.031294 0.0226822 0.0549338
7 0.1476 0.88154 0.0268565 0.0574371 0.0535952
2 0.785781 0.48708 0.0296461 0.0256218 0.0523072
7 0.348496 0.784832 0.0207485 0.0223277 0.0512038
2 0.15329 0.937412 0.0162791 0.022389 0.0437285
2 0.112712 0.966958 0.0423268 0.036116 0.0426831
5 0.354318 0.38918 0.0374217 0.0364594 0.0391793
2 0.042599 0.457045 0.0264763 0.0160744 0.034256
6 0.1476 0.88154 0.0268565 0.0574371 0.0332605
2 0.350634 0.840208 0.022286 0.0234771 0.0327761
2 0.716081 0.319698 0.0206438 0.0191106 0.0313374
2 0.331536 0.47056 0.0279043 0.0276774 0.0312694
7 0.785947 0.488325 0.029348 0.0268861 0.0300222
7 0.214814 0.393665 0.0218216 0.0263062 0.0298788
7 0.960539 0.742131 0.0181002 0.0257689 0.0293398
2 0.904627 0.477406 0.0199413 0.0213612 0.0290539
2 0.0063807 0.458801 0.011907 0.0166435 0.02831
7 0.717757 0.92978 0.0193222 0.0412819 0.0252048
7 0.351929 0.83956 0.0244195 0.0249945 0.0249522
2 0.130301 0.4332 0.0140883 0.0104078 0.022143
7 0.123085 0.962872 0.0202451 0.0265638 0.0216072
5 0.213479 0.393858 0.0237628 0.028121 0.0212523
2 0.197052 0.870329 0.0131343 0.0211322 0.0202753
2 0.540456 0.345773 0.014402 0.0160799 0.0195192
2 0.0274957 0.439727 0.0134761 0.0150473 0.0191587
2 0.20246 0.878544 0.0236224 0.0289918 0.0183911
7 0.208988 0.886118 0.0175607 0.0178809 0.0182324
7 0.114216 0.967201 0.0400438 0.034291 0.0170044
2 0.0276751 0.456555 0.0164647 0.0183749 0.0169791
7 0.20246 0.878544 0.0236224 0.0289918 0.0165657
2 0.0521063 0.455179 0.0286955 0.016169 0.0161422
2 0.447744 0.453723 0.0126917 0.0161337 0.0149702
7 0.593616 0.317073 0.0344515 0.0246535 0.0146867
2 0.745956 0.701824 0.0430996 0.0174796 0.0140793
2 0.0832688 0.455737 0.0228977 0.0149832 0.01362
7 0.275968 0.874518 0.0166508 0.0233091 0.0131309
7 0.15329 0.937412 0.0162791 0.022389 0.0129657
7 0.436473 0.403184 0.0255651 0.0280227 0.0128699
2 0.436797 0.402744 0.0253407 0.0265415 0.0122215
7 0.354113 0.388699 0.0372633 0.0355996 0.0122193
2 0.536813 0.344687 0.0210427 0.0168114 0.0121221
2 0.208053 0.887972 0.0204254 0.0246769 0.0120562
2 0.685982 0.209824 0.0237791 0.012177 0.0114732
2 0.0913392 0.455106 0.0241241 0.0153217 0.0113403
5 0.327433 0.307107 0.0364328 0.0304418 0.0112966
2 0.00768198 0.299763 0.0138693 0.0189093 0.0112002
2 0.583727 0.36328 0.0129921 0.0141372 0.011133
7 0.913221 0.477748 0.0415346 0.0238342 0.0106779
7 0.906663 0.160788 0.017271 0.0291883 0.0105444
2 0.0578177 0.446339 0.02166 0.0143058 0.0104082
2 0.519142 0.980475 0.0320913 0.0203444 0.0101357
2 0.101719 0.439506 0.0148617 0.0118838 0.0100787
2 0.1533 0.933695 0.0154457 0.0230454 0.0100248
7 0.0274957 0.439727 0.0134761 0.0150473 0.00996575
7 0.0276751 0.456555 0.0164647 0.0183749 0.00994095
2 0.913221 0.477748 0.0415346 0.0238342 0.00957251
2 0.303781 0.877297 0.0272813 0.0253144 0.00893348
7 0.331536 0.47056 0.0279043 0.0276774 0.00881407
7 0.0063807 0.458801 0.011907 0.0166435 0.00878453
7 0.86861 0.591588 0.0393944 0.0193743 0.00873929
2 0.693411 0.210788 0.0135256 0.0136612 0.00852489
7 0.540456 0.345773 0.014402 0.0160799 0.00822285
7 0.536813 0.344687 0.0210427 0.0168114 0.00817937
2 0.421349 0.377832 0.0184155 0.0216053 0.00804281
2 0.927253 0.476876 0.0150433 0.0209881 0.00794569
0 0.654307 0.619151 0.00930338 0.0246171 0.00783712
2 0.117202 0.436973 0.0113018 0.00870548 0.00774431
2 0.555535 0.964356 0.0159513 0.0271503 0.00771075
7 0.447744 0.453723 0.0126917 0.0161337 0.00754616
7 0.270163 0.918623 0.0240565 0.0625471 0.00741887
2 0.126385 0.897983 0.0177323 0.0252783 0.00733528
2 0.40836 0.786577 0.0177202 0.0227028 0.00706849
0 0.608099 0.563171 0.01367 0.0277582 0.00699899
2 0.33362 0.461103 0.025578 0.0248634 0.00681311
7 0.151121 0.875811 0.0356359 0.0684151 0.00680017
7 0.862331 0.590912 0.0266972 0.0149752 0.00666264
2 0.588652 0.369264 0.0253334 0.0105313 0.00663936
2 0.541255 0.401835 0.0126369 0.0258116 0.00654641
7 0.758434 0.411632 0.0210752 0.0300974 0.00642937
0 0.617399 0.563551 0.0142102 0.0282598 0.00640446
7 0.042599 0.457045 0.0264763 0.0160744 0.00631702
7 0.870448 0.588432 0.0350945 0.0292751 0.00629503
7 0.759745 0.411622 0.0201964 0.021489 0.00624341
7 0.852381 0.438211 0.0424007 0.0743811 0.00615624
2 0.522081 0.252203 0.016218 0.0245018 0.00590974
2 0.0985863 0.439564 0.015944 0.0117551 0.00582588
2 0.0388972 0.44799 0.0337289 0.0252973 0.00577873
7 0.209439 0.805338 0.0259309 0.0355813 0.00572544
2 0.335255 0.456392 0.0246532 0.0307393 0.00565961
2 0.239141 0.779993 0.0306818 0.0170953 0.00564203
2 0.993382 0.888058 0.0131992 0.0289574 0.00563568
2 0.550097 0.794358 0.0270992 0.0218588 0.0054785
2 0.0425165 0.440445 0.021588 0.0153967 0.00546777
7 0.208994 0.799375 0.0288029 0.0472541 0.0054363
2 0.0896507 0.972985 0.0331285 0.0242119 0.00541505
2 0.0852089 0.44596 0.0276257 0.0170748 0.00538105
2 0.517405 0.400655 0.0198414 0.0292526 0.00537452
2 0.0718203 0.453363 0.027605 0.0152016 0.00535974
7 0.197662 0.798464 0.0501515 0.0481514 0.00524342
7 0.156407 0.868851 0.0479924 0.0840165 0.00520399
7 0.743524 0.41359 0.0523886 0.0435321 0.0052011
4 0.460379 0.581772 0.490103 0.112821 0.00519174
7 0.303781 0.877297 0.0272813 0.0253144 0.00512469
7 0.264507 0.935385 0.0241625 0.0323218 0.00508526
7 0.993382 0.888058 0.0131992 0.0289574 0.00503781
2 0.122048 0.966243 0.0379696 0.0318253 0.00502723
2 0.758434 0.411632 0.0210752 0.0300974 0.00501189
7 0.745775 0.703245 0.0465265 0.0186667 0.00497872
2 0.630627 0.208603 0.01656 0.0167266 0.00497207
2 0.151762 0.938964 0.0204722 0.0245369 0.00482345
7 0.193861 0.787166 0.0583397 0.069911 0.0048193
2 0.489337 0.40724 0.00933914 0.0174672 0.00480485
7 0.327088 0.304377 0.035839 0.0261011 0.00478634
2 0.906663 0.160788 0.017271 0.0291883 0.00477901
7 0.904627 0.477406 0.0199413 0.0213612 0.00469625
7 0.33362 0.461103 0.025578 0.0248634 0.00466767
5 0.436473 0.403184 0.0255651 0.0280227 0.00458959
5 0.669274 0.492462 0.0368834 0.0255259 0.00448462
2 0.264507 0.935385 0.0241625 0.0323218 0.00447661
7 0.208053 0.887972 0.0204254 0.0246769 0.00443715
2 0.14699 0.883189 0.0258177 0.0545413 0.00442892
2 0.643507 0.264776 0.0209974 0.0202977 0.00438294
7 0.130301 0.4332 0.0140883 0.0104078 0.0043014
7 0.335255 0.456392 0.0246532 0.0307393 0.00419387
7 0.0578177 0.446339 0.02166 0.0143058 0.00414661
7 0.197052 0.870329 0.0131343 0.0211322 0.00413871
2 0.747905 0.43054 0.0281087 0.0185027 0.00408718
2 0.660644 0.256881 0.0174013 0.0185891 0.00399989
6 0.156407 0.868851 0.0479924 0.0840165 0.0039281
2 0.0102898 0.451306 0.0160932 0.024908 0.00389346
2 0.642226 0.256699 0.0197536 0.0231498 0.00386369
7 0.988358 0.856904 0.0232841 0.0963502 0.00383875
7 0.12831 0.886506 0.0199427 0.0464315 0.00379828
7 0.583727 0.36328 0.0129921 0.0141372 0.003791
7 0.0388972 0.44799 0.0337289 0.0252973 0.00376788
8 0.906603 0.160688 0.0170168 0.0296505 0.00374594
7 0.707976 0.777972 0.0215363 0.0189907 0.00372958
2 0.356407 0.988447 0.0323886 0.0200011 0.00372237
7 0.685982 0.209824 0.0237791 0.012177 0.00370711
2 0.509139 0.982756 0.051362 0.0251226 0.00370711
7 0.643507 0.264776 0.0209974 0.0202977 0.00370473
7 0.743606 0.4017 0.0511478 0.0187546 0.00369754
2 0.505682 0.345316 0.0251846 0.0212881 0.00369552
7 0.715281 0.932211 0.025237 0.0408433 0.0036884
2 0.654226 0.70049 0.00989151 0.010725 0.00365955
2 0.707976 0.777972 0.0215363 0.0189907 0.00364369
0 0.843269 0.472136 0.00924568 0.0293127 0.00359476
2 0.905895 0.478202 0.0310991 0.0238815 0.00359359
2 0.759745 0.411622 0.0201964 0.021489 0.00358614
2 0.525955 0.341655 0.0250089 0.0186598 0.00350213
7 0.716081 0.319698 0.0206438 0.0191106 0.00349262
2 0.213771 0.394112 0.0245308 0.0335408 0.00337216
6 0.354056 0.389445 0.0373714 0.0361469 0.00336793
7 0.588652 0.369264 0.0253334 0.0105313 0.00335681
7 0.0521063 0.455179 0.0286955 0.016169 0.00328296
5 0.78534 0.43743 0.0342495 0.0172516 0.00327793
2 0.0172546 0.458019 0.0122341 0.0163053 0.0032557
7 0.630627 0.208603 0.01656 0.0167266 0.00321737
7 0.693411 0.210788 0.0135256 0.0136612 0.00321063
2 0.663702 0.251007 0.0165977 0.0160052 0.00318134
5 0.326476 0.313889 0.0388403 0.0372055 0.00316173
5 0.147655 0.882262 0.0253573 0.0570404 0.00313973
7 0.1533 0.933695 0.0154457 0.0230454 0.00312075
2 0.594083 0.314865 0.0348553 0.0289802 0.00311494
2 0.274135 0.877282 0.0171256 0.0271481 0.0031074
2 0.194726 0.354186 0.039824 0.0263944 0.00308734
2 0.521964 0.984284 0.0389503 0.026385 0.00308022
2 0.270163 0.918623 0.0240565 0.0625471 0.00305259
2 0.346581 0.987916 0.0482031 0.0211357 0.00304517
2 0.665329 0.212049 0.0215977 0.0128165 0.00303841
7 0.892197 0.519198 0.0175354 0.0163572 0.00302798
2 0.22977 0.381423 0.0070559 0.012985 0.00302711
2 0.591334 0.239668 0.0103899 0.0266689 0.00298959
7 0.517405 0.400655 0.0198414 0.0292526 0.00296754
7 0.0832688 0.455737 0.0228977 0.0149832 0.00294551
7 0.541255 0.401835 0.0126369 0.0258116 0.00292006
2 0.855249 0.469851 0.0196064 0.0258228 0.00286677
7 0.990403 0.866953 0.0191947 0.077097 0.00284919
7 0.101719 0.439506 0.0148617 0.0118838 0.00284347
7 0.743742 0.404568 0.0528636 0.0305609 0.00284252
6 0.327433 0.307107 0.0364328 0.0304418 0.00284076
7 0.869203 0.582274 0.0408871 0.0370692 0.00280705
0 0.839946 0.481385 0.00916405 0.0141013 0.00279275
7 0.0226566 0.443719 0.0269815 0.0224351 0.00278524
2 0.105431 0.969344 0.0539048 0.0298707 0.00277972
5 0.208994 0.799375 0.0288029 0.0472541 0.00277823
7 0.669359 0.485914 0.0384308 0.0380874 0.00277734
2 0.782327 0.493041 0.0352011 0.0186156 0.00274995
2 0.391474 0.985804 0.015378 0.0232136 0.00272101
2 0.754145 0.431959 0.0308699 0.0214334 0.00270715
9 0.489337 0.40724 0.00933914 0.0174672 0.00264898
7 0.32801 0.300407 0.0339966 0.0243559 0.00263971
2 0.362503 0.987781 0.0378188 0.0216817 0.00263828
2 0.354113 0.388699 0.0372633 0.0355996 0.00263673
2 0.892197 0.519198 0.0175354 0.0163572 0.00263563
7 0.0852089 0.44596 0.0276257 0.0170748 0.00260901
7 0.126385 0.897983 0.0177323 0.0252783 0.00260767
7 0.522081 0.252203 0.016218 0.0245018 0.002543
7 0.747905 0.43054 0.0281087 0.0185027 0.00253701
5 0.785947 0.488325 0.029348 0.0268861 0.00251955
0 0.744697 0.927707 0.00998917 0.0387308 0.00251821
7 0.0913392 0.455106 0.0241241 0.0153217 0.00251085
7 0.17582 0.798457 0.0178153 0.0373572 0.00247523
7 0.326476 0.313889 0.0388403 0.0372055 0.00246483
2 0.22824 0.899293 0.0100038 0.028416 0.00241616
7 0.122048 0.966243 0.0379696 0.0318253 0.00238767
2 0.333799 0.340542 0.0220386 0.0174184 0.00238416
2 0.378361 0.98649 0.0345942 0.0232316 0.00238034
7 0.0172546 0.458019 0.0122341 0.0163053 0.00234097
5 0.78572 0.265799 0.0259987 0.0414461 0.00232288
2 0.209439 0.805338 0.0259309 0.0355813 0.00230932
7 0.782327 0.493041 0.0352011 0.0186156 0.00229636
7 0.85626 0.455132 0.0422173 0.054449 0.00229391
2 0.745822 0.704702 0.0491749 0.0200796 0.00229126
2 0.617092 0.285682 0.01592 0.0154244 0.00225756
7 0.0425165 0.440445 0.021588 0.0153967 0.00224045
2 0.12831 0.886506 0.0199427 0.0464315 0.0022285
2 0.181663 0.871373 0.0140843 0.0291981 0.00221997
2 0.660584 0.253066 0.021636 0.0204883 0.00221109
0 0.791978 0.905054 0.00826893 0.0295502 0.00220099
2 0.515986 0.261774 0.0271555 0.0190825 0.00219622
5 0.593616 0.317073 0.0344515 0.0246535 0.00217655
5 0.717925 0.93138 0.0214718 0.0411213 0.00217363
6 0.32801 0.300407 0.0339966 0.0243559 0.00217241
2 0.32801 0.300407 0.0339966 0.0243559 0.00216568
2 0.131894 0.963156 0.0522796 0.0337761 0.00215662
7 0.213771 0.394112 0.0245308 0.0335408 0.00215137
2 0.697675 0.981727 0.025598 0.0156184 0.00215068
2 0.743606 0.4017 0.0511478 0.0187546 0.00212219
7 0.450314 0.450834 0.0197375 0.0269767 0.00211197
7 0.911239 0.480793 0.0476505 0.0315431 0.00209901
5 0.32801 0.300407 0.0339966 0.0243559 0.00209421
2 0.65864 0.266452 0.0233391 0.0204638 0.00209093
5 0.209439 0.805338 0.0259309 0.0355813 0.00206828
2 0.645795 0.286179 0.0118638 0.0168101 0.00201842
5 0.290315 0.683033 0.0463218 0.0207074 0.00201741
7 0.754145 0.431959 0.0308699 0.0214334 0.00200975
2 0.5826 0.847314 0.0124183 0.0336334 0.00199804
2 0.484924 0.985713 0.0905041 0.0242641 0.00197706
7 0.65864 0.266452 0.0233391 0.0204638 0.0019736
7 0.447808 0.44335 0.0166767 0.0270399 0.00195634
6 0.436473 0.403184 0.0255651 0.0280227 0.00195292
2 0.306046 0.872669 0.0246027 0.0340668 0.0019505
7 0.927253 0.476876 0.0150433 0.0209881 0.00192094
6 0.151121 0.875811 0.0356359 0.0684151 0.00191617
2 0.0810718 0.441481 0.0215101 0.0158371 0.00189787
7 0.306046 0.872669 0.0246027 0.0340668 0.00189468
5 0.630627 0.208603 0.01656 0.0167266 0.00186241
7 0.117202 0.436973 0.0113018 0.00870548 0.00185716
7 0.0102898 0.451306 0.0160932 0.024908 0.00184551
2 0.131163 0.881882 0.0212866 0.0463392 0.00184372
2 0.509011 0.401015 0.0161423 0.0287688 0.0018394
7 0.274135 0.877282 0.0171256 0.0271481 0.00183487
5 0.349892 0.392778 0.0479042 0.0406791 0.00182718
2 0.327433 0.307107 0.0364328 0.0304418 0.00181606
2 0.205226 0.899173 0.0277727 0.0330887 0.00181568
7 0.642226 0.256699 0.0197536 0.0231498 0.00181264
5 0.267475 0.938218 0.0161321 0.0242189 0.00180507
2 0.723014 0.401214 0.0144138 0.0152074 0.00180113
2 0.233617 0.973498 0.0378228 0.0164875 0.00177929
5 0.197662 0.798464 0.0501515 0.0481514 0.00177529
2 0.546296 0.983786 0.041138 0.0231253 0.00175151
9 0.40836 0.786577 0.0177202 0.0227028 0.00173587
2 0.604233 0.241655 0.0179573 0.0204902 0.00172299
2 0.490466 0.405121 0.013335 0.0217109 0.00171775
2 0.515019 0.282357 0.0240808 0.0202001 0.00171745
7 0.905895 0.478202 0.0310991 0.0238815 0.00170979
7 0.0985863 0.439564 0.015944 0.0117551 0.00170532
7 0.336197 0.330464 0.0491524 0.0369876 0.00170037
5 0.716081 0.319698 0.0206438 0.0191106 0.00169873
7 0.131163 0.881882 0.0212866 0.0463392 0.00168943
2 0.780557 0.357653 0.016573 0.0197725 0.00167495
2 0.852381 0.438211 0.0424007 0.0743811 0.00167391
2 0.85626 0.455132 0.0422173 0.054449 0.00167185
2 0.786757 0.253076 0.0237061 0.0186606 0.00167158
6 0.717757 0.92978 0.0193222 0.0412819 0.00166366
7 0.786355 0.442089 0.0315281 0.0215112 0.00166211
5 0.336197 0.330464 0.0491524 0.0369876 0.00163612
7 0.515986 0.261774 0.0271555 0.0190825 0.00163355
2 0.989013 0.994056 0.018914 0.0118875 0.00162289
2 0.100068 0.450076 0.0177193 0.0155222 0.00160795
7 0.992278 0.884455 0.0149452 0.0382275 0.00159127
7 0.660644 0.256881 0.0174013 0.0185891 0.00159052
7 0.0718203 0.453363 0.027605 0.0152016 0.00158602
