0 0.657725 0.575893 0.2311 0.366839 0.911951
32 0.75897 0.441513 0.0260525 0.0257496 0.0256562
0 0.471359 0.540491 0.0125658 0.0179637 0.0246136
29 0.757697 0.442325 0.0281427 0.0260578 0.0175157
29 0.748224 0.488879 0.034452 0.0239235 0.0166301
0 0.547971 0.547146 0.0137289 0.0353191 0.0139974
0 0.470087 0.546614 0.0157242 0.0324973 0.0135483
2 0.471359 0.540491 0.0125658 0.0179637 0.0125167
29 0.752394 0.44352 0.0391101 0.0277029 0.0123426
29 0.741314 0.489206 0.0478147 0.027651 0.0113218
0 0.548104 0.540195 0.0122032 0.0191681 0.0101063
35 0.752394 0.44352 0.0391101 0.0277029 0.0089595
32 0.6194 0.541783 0.0131646 0.0195591 0.00801837
9 0.548104 0.540195 0.0122032 0.0191681 0.00747555
35 0.757697 0.442325 0.0281427 0.0260578 0.00731435
29 0.737309 0.494412 0.0579447 0.0404107 0.00622869
2 0.583862 0.541939 0.0776826 0.0305229 0.00621909
29 0.724007 0.473388 0.0216463 0.0314726 0.00618929
32 0.752394 0.44352 0.0391101 0.0277029 0.0053806
9 0.471359 0.540491 0.0125658 0.0179637 0.0052827
0 0.568577 0.540056 0.0125466 0.0235167 0.00472391
29 0.564547 0.736195 0.039921 0.0277136 0.00415823
29 0.722907 0.464837 0.0251215 0.0462313 0.00396115
35 0.751476 0.449363 0.0421127 0.0405174 0.00393638
9 0.6194 0.541783 0.0131646 0.0195591 0.00370663
0 0.548361 0.553568 0.016686 0.0556114 0.00369245
32 0.548104 0.540195 0.0122032 0.0191681 0.0036805
29 0.72507 0.493984 0.0819293 0.041106 0.00360212
2 0.586503 0.539596 0.0208375 0.0255006 0.00358826
0 0.6194 0.541783 0.0131646 0.0195591 0.00355679
29 0.725615 0.478817 0.0221341 0.0198233 0.00335121
32 0.722907 0.464837 0.0251215 0.0462313 0.00335035
2 0.592709 0.539857 0.0141346 0.0243668 0.00323731
29 0.751476 0.449363 0.0421127 0.0405174 0.0028578
2 0.582855 0.534649 0.0923896 0.0463337 0.00275755
11 0.548104 0.540195 0.0122032 0.0191681 0.00275728
32 0.727257 0.462531 0.0181051 0.0359652 0.00273296
29 0.703121 0.493644 0.0370683 0.0269018 0.00256532
32 0.724007 0.473388 0.0216463 0.0314726 0.00253686
32 0.471359 0.540491 0.0125658 0.0179637 0.00252417
0 0.568708 0.546573 0.0148289 0.0376217 0.00224108
2 0.548104 0.540195 0.0122032 0.0191681 0.00216809
35 0.748224 0.488879 0.034452 0.0239235 0.00216705
12 0.471359 0.540491 0.0125658 0.0179637 0.00213587
2 0.549102 0.540927 0.0172749 0.0233971 0.00210598
9 0.568577 0.540056 0.0125466 0.0235167 0.00208831
35 0.724007 0.473388 0.0216463 0.0314726 0.00205949
29 0.745223 0.478454 0.0438904 0.0206874 0.00201723
38 0.6467 0.66366 0.0628102 0.0484212 0.00199351
0 0.47167 0.537751 0.0139326 0.0279381 0.00193238
32 0.564547 0.736195 0.039921 0.0277136 0.00191858
0 0.469837 0.556848 0.0207853 0.0566289 0.00187987
2 0.568577 0.540056 0.0125466 0.0235167 0.00182316
35 0.727257 0.462531 0.0181051 0.0359652 0.0017924
2 0.57179 0.53664 0.0646347 0.0312262 0.00169656
29 0.754861 0.438914 0.0381094 0.0345722 0.00168532
35 0.747931 0.455603 0.0480288 0.0499172 0.00159311
32 0.748224 0.488879 0.034452 0.0239235 0.00159085
0 0.549329 0.549807 0.0190964 0.0409358 0.00157967
11 0.471359 0.540491 0.0125658 0.0179637 0.00153917
2 0.465992 0.547729 0.024863 0.0322994 0.00153637
2 0.468459 0.545003 0.0186266 0.029408 0.00151584
35 0.722907 0.464837 0.0251215 0.0462313 0.0015021
29 0.740271 0.480568 0.0506933 0.0192529 0.00145832
29 0.566084 0.726482 0.0437892 0.0492472 0.00139314
0 0.592709 0.539857 0.0141346 0.0243668 0.00133443
32 0.592709 0.539857 0.0141346 0.0243668 0.00125426
2 0.599279 0.544448 0.0639744 0.0257521 0.0012514
29 0.747931 0.455603 0.0480288 0.0499172 0.00122634
32 0.751613 0.44911 0.0411663 0.0409444 0.00117797
0 0.250857 0.385772 0.033216 0.0495102 0.00115967
0 0.465992 0.547729 0.024863 0.0322994 0.00109056
29 0.748538 0.439705 0.0482192 0.0390026 0.00106347
0 0.568603 0.557475 0.0161556 0.0687299 0.00104517
0 0.593266 0.543627 0.0174716 0.0340179 0.00101137
