62 0.414574 0.709148 0.427418 0.502784 0.857593
39 0.179787 0.828413 0.0921813 0.300245 0.733457
45 0.347372 0.224528 0.0791048 0.0672924 0.44909
73 0.71246 0.774386 0.0272673 0.127655 0.183765
73 0.694904 0.760555 0.0617524 0.157683 0.13803
75 0.0183016 0.329725 0.0349736 0.150101 0.124763
73 0.691509 0.393094 0.0129512 0.128843 0.124343
73 0.70338 0.392776 0.0139886 0.129879 0.118793
73 0.770545 0.400738 0.06296 0.149209 0.117473
73 0.682122 0.392541 0.010996 0.131128 0.109246
73 0.670759 0.391892 0.0133676 0.132546 0.109089
41 0.768928 0.411242 0.0576803 0.124651 0.106441
62 0.840284 0.714799 0.29402 0.48644 0.106378
73 0.705966 0.396332 0.01413 0.119567 0.105628
73 0.688364 0.392087 0.0152958 0.129391 0.0991767
73 0.694847 0.392233 0.0124979 0.130027 0.0932496
73 0.68539 0.76655 0.0448041 0.159447 0.092748
73 0.230524 0.256145 0.109307 0.0202022 0.0914956
73 0.696905 0.396185 0.0131628 0.12018 0.0906861
73 0.7296 0.391979 0.0235309 0.131377 0.0867209
73 0.678653 0.773834 0.029732 0.155896 0.080741
73 0.699503 0.770683 0.0452217 0.146007 0.0669744
73 0.692056 0.769704 0.023833 0.13127 0.061946
73 0.23416 0.236363 0.113719 0.027514 0.0606317
45 0.874203 0.449344 0.0826558 0.0579486 0.0599112
73 0.717242 0.395166 0.0136664 0.122607 0.0595536
41 0.874301 0.450089 0.0857403 0.0551474 0.0542292
73 0.720506 0.393261 0.125864 0.142555 0.0528117
73 0.695429 0.77496 0.016078 0.125719 0.0514674
75 0.979847 0.0780428 0.0396749 0.14964 0.0508849
73 0.678493 0.7692 0.0231971 0.127379 0.050795
73 0.696941 0.948233 0.12009 0.0916212 0.0504122
75 0.812785 0.165901 0.0874514 0.148154 0.0489825
73 0.69725 0.392965 0.0487613 0.134956 0.0488008
73 0.677276 0.795557 0.0243969 0.178361 0.0485133
75 0.347435 0.224365 0.0796075 0.065346 0.0460116
73 0.711453 0.392081 0.0151879 0.130894 0.0454854
73 0.683343 0.393293 0.0252945 0.12929 0.0435185
77 0.811929 0.165547 0.0881042 0.149233 0.0431834
45 0.0181966 0.331811 0.0350006 0.149195 0.042718
75 0.456309 0.205554 0.117331 0.192268 0.0409114
75 0.644891 0.141203 0.0986558 0.279094 0.0394962
62 0.88359 0.709301 0.208945 0.476015 0.0380162
73 0.78528 0.866587 0.0864229 0.189047 0.0373621
77 0.838722 0.404938 0.0621331 0.14557 0.0355325
73 0.708426 0.89504 0.0764635 0.116607 0.0349918
73 0.230613 0.27515 0.11282 0.00957552 0.0307106
58 0.282596 0.441478 0.214367 0.139383 0.0304752
73 0.232704 0.273887 0.112603 0.0184574 0.0289006
75 0.242545 0.195585 0.0596848 0.0550664 0.0275529
73 0.690488 0.795605 0.0511647 0.223822 0.0258748
73 0.699617 0.802316 0.0786708 0.239727 0.0248957
75 0.43669 0.206621 0.0746273 0.187675 0.0246227
77 0.849066 0.388554 0.0398857 0.100109 0.0237477
73 0.231743 0.281691 0.11799 0.022377 0.0233238
41 0.347152 0.22538 0.0819368 0.0681183 0.0225687
73 0.630761 0.89915 0.0712137 0.0357227 0.0216027
73 0.699734 0.912918 0.102298 0.150279 0.0206184
63 0.415317 0.711888 0.42667 0.506416 0.0192648
73 0.682832 0.391861 0.0470707 0.133704 0.0190926
14 0.285134 0.440821 0.216698 0.137193 0.0184425
73 0.710198 0.920352 0.0701185 0.0695435 0.0180995
75 0.437 0.0808291 0.104187 0.127861 0.0179738
39 0.769566 0.398811 0.060813 0.147556 0.0175482
73 0.83898 0.402142 0.0689966 0.149404 0.0170806
68 0.844016 0.71766 0.294815 0.490557 0.017058
73 0.232275 0.248248 0.116683 0.0265571 0.0169863
73 0.224247 0.231495 0.0702805 0.022768 0.0168962
73 0.731026 0.394894 0.0325531 0.137509 0.0168249
45 0.331094 0.279129 0.0923948 0.0395137 0.016727
73 0.693225 0.968485 0.111682 0.0418483 0.0164162
41 0.18004 0.826278 0.0935043 0.305045 0.0161195
73 0.707674 0.394339 0.0309627 0.123179 0.0159311
75 0.874301 0.450089 0.0857403 0.0551474 0.0149272
60 0.475564 0.951073 0.700146 0.0951711 0.0148118
75 0.529159 0.221112 0.13222 0.159979 0.0145842
41 0.773727 0.428327 0.0454128 0.0880216 0.0145622
45 0.779228 0.268255 0.208363 0.0660793 0.0142354
41 0.839127 0.402102 0.0703415 0.149481 0.0139652
65 0.238319 0.977114 0.0480053 0.0448588 0.0137959
73 0.233082 0.285881 0.111519 0.0205465 0.0132308
75 0.434995 0.211022 0.0596508 0.162529 0.012673
73 0.232776 0.236777 0.0925263 0.0175654 0.0125674
75 0.803406 0.196789 0.0615375 0.0851262 0.0122254
75 0.526952 0.225061 0.0733866 0.100141 0.011578
73 0.629747 0.922077 0.0747629 0.0702061 0.011472
75 0.18004 0.826278 0.0935043 0.305045 0.011234
75 0.574191 0.222209 0.0426312 0.158566 0.0106534
73 0.238886 0.251017 0.108085 0.038502 0.0103528
73 0.236016 0.273912 0.13398 0.0296305 0.0101936
73 0.69447 0.963442 0.121724 0.0552065 0.00970218
73 0.746552 0.393262 0.176879 0.146858 0.00967252
75 0.437037 0.136047 0.106299 0.240289 0.00929624
73 0.802651 0.398996 0.0155369 0.147469 0.00921509
73 0.707035 0.861215 0.0733766 0.0495147 0.0091812
45 0.338156 0.273205 0.116181 0.0527784 0.00853699
65 0.630665 0.900266 0.0726705 0.0350602 0.0085336
77 0.803197 0.198302 0.0625273 0.0831159 0.00846156
77 0.803124 0.16754 0.0633131 0.144713 0.00808385
73 0.703207 0.398552 0.0227352 0.154262 0.00789556
45 0.346346 0.237828 0.0882326 0.0942127 0.00755593
73 0.658852 0.783099 0.0204727 0.203583 0.00752503
50 0.28179 0.4405 0.210244 0.136323 0.00742331
73 0.329791 0.278837 0.090601 0.0339076 0.00719827
73 0.732952 0.396592 0.0224689 0.119285 0.00707495
73 0.713635 0.785787 0.0222727 0.106776 0.00696489
75 0.486746 0.214622 0.0542988 0.163236 0.00662509
45 0.753318 0.268276 0.14483 0.0633125 0.00646883
73 0.700006 0.94746 0.115732 0.060597 0.00630006
73 0.719873 0.397699 0.0234119 0.15389 0.00629455
73 0.324611 0.28312 0.090383 0.0313316 0.00627914
41 0.43669 0.206621 0.0746273 0.187675 0.00611085
74 0.0181966 0.331811 0.0350006 0.149195 0.00605384
73 0.233969 0.262176 0.12165 0.0696196 0.00604832
73 0.23766 0.232281 0.107262 0.0246503 0.00577748
60 0.555484 0.942629 0.781809 0.114743 0.00576079
41 0.771372 0.441516 0.0443575 0.0618642 0.00575164
41 0.456293 0.205057 0.115985 0.1926 0.00550464
58 0.979139 0.0833373 0.0417223 0.162464 0.00550187
75 0.76899 0.402483 0.0594816 0.141801 0.00547639
73 0.673852 0.392324 0.0266851 0.133018 0.00546443
65 0.710465 0.917335 0.0661555 0.0653287 0.00544345
41 0.0185994 0.331823 0.0357641 0.147252 0.00537297
50 0.225091 0.466469 0.0979469 0.0863075 0.00520033
41 0.490057 0.131979 0.0515931 0.0409376 0.00515479
60 0.348367 0.946062 0.442022 0.0949178 0.00495493
73 0.74444 0.392076 0.0317993 0.131485 0.00464982
73 0.723305 0.830415 0.12496 0.286922 0.00461969
39 0.572692 0.218755 0.0439599 0.154519 0.00461802
77 0.282596 0.441478 0.214367 0.139383 0.00445014
73 0.694947 0.978537 0.116663 0.0406252 0.0044322
73 0.781627 0.393911 0.252889 0.156629 0.00435567
73 0.702684 0.927001 0.0909778 0.0732353 0.00433961
73 0.234141 0.246336 0.12209 0.0628032 0.00403959
45 0.340367 0.253264 0.105985 0.09848 0.00400093
41 0.529573 0.22523 0.0603617 0.0934009 0.0040004
73 0.692617 0.983155 0.114802 0.0275192 0.00399736
75 0.4521 0.161601 0.128072 0.275105 0.00395182
75 0.478064 0.21752 0.0368664 0.140194 0.00393721
39 0.43669 0.206621 0.0746273 0.187675 0.00390705
73 0.541026 0.228577 0.104356 0.152358 0.00388747
73 0.228554 0.240996 0.100197 0.0167965 0.00388521
73 0.692081 0.685822 0.0389584 0.0469059 0.00386459
60 0.373281 0.954628 0.327864 0.0907431 0.00380433
68 0.415317 0.711888 0.42667 0.506416 0.00379425
45 0.224247 0.231495 0.0702805 0.022768 0.00375539
73 0.250253 0.235784 0.0928061 0.0351753 0.00374556
39 0.646158 0.148874 0.101379 0.292938 0.00367472
58 0.813121 0.164928 0.0914906 0.148493 0.00363532
77 0.979139 0.0833373 0.0417223 0.162464 0.0036189
73 0.690833 0.397307 0.028944 0.1524 0.00358972
73 0.684331 0.712093 0.041629 0.0468621 0.00357577
73 0.273202 0.277251 0.223963 0.032865 0.00354362
58 0.0185994 0.331823 0.0357641 0.147252 0.00353965
72 0.415317 0.711888 0.42667 0.506416 0.003474
75 0.627852 0.255751 0.0650728 0.0831647 0.00344968
72 0.844016 0.71766 0.294815 0.490557 0.00344023
39 0.0185994 0.331823 0.0357641 0.147252 0.0034332
73 0.522316 0.955576 0.102066 0.0869219 0.00340036
41 0.529159 0.221112 0.13222 0.159979 0.00334805
77 0.434995 0.211022 0.0596508 0.162529 0.00332427
73 0.729555 0.796856 0.0128893 0.0838216 0.00328797
77 0.628061 0.256794 0.0614883 0.0828877 0.00326318
73 0.630369 0.891279 0.073551 0.0493673 0.0031862
39 0.434995 0.211022 0.0596508 0.162529 0.00317296
73 0.328202 0.250717 0.0775557 0.0314096 0.00316557
73 0.72448 0.782846 0.0194269 0.114227 0.0031423
75 0.282596 0.441478 0.214367 0.139383 0.00314021
75 0.439156 0.255282 0.0470482 0.0900137 0.00305587
75 0.631728 0.237641 0.0745843 0.120424 0.00305495
73 0.862567 0.869271 0.252164 0.202792 0.00304428
77 0.244165 0.196467 0.0607869 0.0561654 0.00300121
73 0.511302 0.982128 0.0670345 0.0306916 0.00299343
75 0.340367 0.253264 0.105985 0.09848 0.00293657
73 0.703299 0.834187 0.0935023 0.294577 0.00288445
73 0.844433 0.717371 0.294136 0.495046 0.00283062
39 0.538597 0.223191 0.110821 0.161059 0.00283021
39 0.812785 0.165901 0.0874514 0.148154 0.0028291
73 0.281041 0.269904 0.225369 0.0608805 0.00277305
65 0.707035 0.861215 0.0733766 0.0495147 0.00276628
75 0.431192 0.0618573 0.0881065 0.0895015 0.00276572
75 0.773466 0.26816 0.206022 0.0683502 0.00276402
73 0.504228 0.982601 0.0488585 0.028845 0.00270849
73 0.780349 0.395982 0.0542404 0.142602 0.0027065
39 0.451439 0.205736 0.106767 0.190983 0.0027059
63 0.844016 0.71766 0.294815 0.490557 0.00269523
73 0.737927 0.388575 0.029309 0.122759 0.00265661
39 0.529573 0.22523 0.0603617 0.0934009 0.00264516
67 0.238319 0.977114 0.0480053 0.0448588 0.00263762
73 0.659189 0.391031 0.0155191 0.134833 0.00262961
41 0.486746 0.214622 0.0542988 0.163236 0.00260854
73 0.731936 0.797723 0.0156516 0.0808713 0.00260228
73 0.716205 0.942111 0.0825992 0.0525601 0.00259295
62 0.409891 0.637893 0.477645 0.638947 0.00255182
41 0.692077 0.268751 0.0340947 0.0624163 0.0025194
75 0.346346 0.237828 0.0882326 0.0942127 0.00248474
73 0.234875 0.256755 0.11918 0.028113 0.00247648
15 0.875356 0.450166 0.0845425 0.0559089 0.00235507
73 0.652862 0.930682 0.129802 0.0928613 0.00234967
77 0.436887 0.0788763 0.102753 0.124319 0.00229731
75 0.83836 0.402834 0.0677019 0.148602 0.00229567
15 0.282596 0.441478 0.214367 0.139383 0.00229105
75 0.651219 0.239621 0.111603 0.1167 0.00225675
73 0.681687 0.394143 0.0201569 0.154502 0.002251
75 0.6791 0.269319 0.0568514 0.0656097 0.00223905
73 0.707827 0.834256 0.0808505 0.202207 0.00223374
75 0.667331 0.269776 0.0337507 0.0632137 0.00220594
58 0.437452 0.155473 0.101996 0.280094 0.00217235
75 0.730068 0.206646 0.0686073 0.0603399 0.00216916
58 0.526952 0.225061 0.0733866 0.100141 0.00212395
10 0.812623 0.165472 0.0896299 0.149226 0.00212064
50 0.328472 0.437476 0.122728 0.0507939 0.0020797
45 0.328199 0.253844 0.0846496 0.0335868 0.0020729
73 0.713874 0.761871 0.0901403 0.170339 0.00206161
77 0.636653 0.244168 0.0828977 0.108396 0.00201583
73 0.234088 0.24369 0.123118 0.0428448 0.00201541
73 0.231543 0.229844 0.0860081 0.0286113 0.00201446
73 0.676277 0.929579 0.158656 0.115392 0.00199354
75 0.578729 0.236671 0.0312518 0.131057 0.00195637
65 0.217765 0.23069 0.0537381 0.0216538 0.00194928
58 0.779762 0.237013 0.213749 0.132073 0.00194293
58 0.437086 0.0817276 0.104522 0.130457 0.00191957
0 0.645849 0.148794 0.10256 0.294005 0.00191802
15 0.243015 0.196429 0.0599308 0.056828 0.00189096
58 0.647165 0.150208 0.107128 0.292754 0.00189075
65 0.874822 0.450152 0.0850914 0.0550868 0.00188455
75 0.692077 0.268751 0.0340947 0.0624163 0.00183558
40 0.347152 0.22538 0.0819368 0.0681183 0.00182912
73 0.274832 0.284745 0.234133 0.0319411 0.001825
45 0.371796 0.279467 0.0447582 0.0419837 0.001789
41 0.341948 0.266408 0.106473 0.0724273 0.0017879
73 0.689125 0.766949 0.0677078 0.189765 0.00177827
73 0.718432 0.777819 0.0324102 0.128849 0.00174397
73 0.729198 0.774535 0.049426 0.143892 0.00174385
39 0.979847 0.0780428 0.0396749 0.14964 0.00169635
74 0.711296 0.917096 0.0652335 0.0664452 0.00169259
77 0.850349 0.400962 0.0866192 0.151764 0.00169247
75 0.44615 0.0907918 0.0780055 0.0570113 0.00168553
73 0.714062 0.912074 0.138946 0.160551 0.00168031
40 0.179787 0.828413 0.0921813 0.300245 0.00167391
0 0.526952 0.225061 0.0733866 0.100141 0.00167307
74 0.243204 0.196188 0.0600821 0.0569929 0.00166774
77 0.43691 0.104051 0.105146 0.17551 0.00165966
41 0.442156 0.259075 0.0511894 0.0811564 0.00162789
41 0.373878 0.277529 0.0419102 0.0439064 0.00161245
65 0.706969 0.891473 0.0738974 0.110984 0.00161061
73 0.626359 0.937679 0.0822903 0.0598197 0.00160909
73 0.770117 0.415989 0.0536423 0.115368 0.00159669
50 0.24843 0.467412 0.145785 0.0855286 0.00158739
73 0.720457 0.863783 0.148818 0.253942 0.00155309
75 0.771372 0.441516 0.0443575 0.0618642 0.00153285
75 0.773727 0.428327 0.0454128 0.0880216 0.00148043
73 0.706993 0.796869 0.0758744 0.160521 0.00147629
73 0.857294 0.394935 0.105704 0.163291 0.00146607
45 0.49144 0.131889 0.0484785 0.0400312 0.00146276
45 0.24326 0.196095 0.0586103 0.0564945 0.0014604
45 0.23416 0.236363 0.113719 0.027514 0.00143757
39 0.770117 0.415989 0.0536423 0.115368 0.00142917
49 0.24359 0.196014 0.0584419 0.0567382 0.00140667
77 0.651219 0.239621 0.111603 0.1167 0.00139266
73 0.626842 0.930868 0.0851851 0.0910393 0.00138003
39 0.484747 0.213591 0.0515461 0.139124 0.00137424
16 0.848683 0.390457 0.0409653 0.105575 0.00137216
73 0.672668 0.799506 0.0180898 0.16947 0.00135049
58 0.721127 0.23445 0.100044 0.123907 0.00134623
77 0.736059 0.204598 0.0747038 0.0652808 0.00134286
75 0.658803 0.264839 0.0475374 0.0695707 0.00134212
62 0.408586 0.434718 0.482062 0.243906 0.00134006
75 0.23766 0.232281 0.107262 0.0246503 0.00133845
32 0.914505 0.797908 0.0363792 0.0441777 0.00133565
25 0.28179 0.4405 0.210244 0.136323 0.00133225
77 0.437472 0.15152 0.105978 0.268989 0.001315
39 0.478064 0.21752 0.0368664 0.140194 0.00131154
75 0.492466 0.165411 0.199486 0.273565 0.00131062
58 0.243394 0.19642 0.0596323 0.0570603 0.00130814
65 0.693225 0.968485 0.111682 0.0418483 0.00128588
14 0.875502 0.450397 0.0848133 0.0550327 0.00128016
75 0.983588 0.106421 0.0314724 0.113627 0.00127101
73 0.478387 0.216926 0.0369047 0.137935 0.00126839
73 0.768036 0.358081 0.05658 0.0658257 0.00126719
41 0.1729 0.984077 0.0893628 0.0317887 0.00125417
69 0.415317 0.711888 0.42667 0.506416 0.00125331
41 0.401938 0.266762 0.0211363 0.0684098 0.00124508
14 0.436887 0.0788763 0.102753 0.124319 0.00123504
75 0.442008 0.268025 0.0515302 0.0664797 0.00122446
73 0.456293 0.205057 0.115985 0.1926 0.00122228
67 0.630665 0.900266 0.0726705 0.0350602 0.00122121
73 0.90084 0.683058 0.163289 0.423031 0.00120118
14 0.244165 0.196467 0.0607869 0.0561654 0.001196
75 0.407561 0.217685 0.0235561 0.167939 0.00119567
58 0.780323 0.26796 0.21003 0.0672587 0.00119492
39 0.578729 0.236671 0.0312518 0.131057 0.00119245
15 0.848214 0.388738 0.0409282 0.0987863 0.00118959
32 0.0181966 0.331811 0.0350006 0.149195 0.00118154
77 0.44371 0.204653 0.093406 0.194246 0.0011785
73 0.713515 0.763346 0.0360869 0.173436 0.00117484
75 0.338156 0.273205 0.116181 0.0527784 0.00117478
75 0.505163 0.20689 0.177313 0.189351 0.00116533
73 0.524725 0.974868 0.0944954 0.0454513 0.00116438
58 0.651266 0.240401 0.112043 0.116305 0.00114793
