15 0.281865 0.434362 0.55202 0.718355 0.700769
18 0.280844 0.434107 0.553543 0.713679 0.298251
16 0.279872 0.434603 0.552852 0.714964 0.160962
26 0.618681 0.351703 0.210839 0.40998 0.0922139
16 0.540434 0.31965 0.368295 0.478023 0.0599831
21 0.280844 0.434107 0.553543 0.713679 0.0285769
19 0.280844 0.434107 0.553543 0.713679 0.0269412
24 0.618681 0.351703 0.210839 0.40998 0.0256495
18 0.540604 0.322363 0.367295 0.478365 0.0177397
32 0.618681 0.351703 0.210839 0.40998 0.0164326
35 0.618681 0.351703 0.210839 0.40998 0.0127184
77 0.620912 0.356952 0.208387 0.406284 0.011474
14 0.571343 0.201006 0.0963847 0.0821507 0.0112717
15 0.540604 0.322363 0.367295 0.478365 0.00983229
14 0.28145 0.435953 0.552219 0.724322 0.0095472
19 0.535124 0.324313 0.38089 0.468712 0.00837806
25 0.619449 0.354279 0.211286 0.405441 0.0082458
17 0.279872 0.434603 0.552852 0.714964 0.00772873
54 0.618681 0.351703 0.210839 0.40998 0.00767335
26 0.547145 0.330469 0.356751 0.452573 0.00730741
23 0.280844 0.434107 0.553543 0.713679 0.00670472
17 0.535124 0.324313 0.38089 0.468712 0.0066998
33 0.619877 0.350978 0.210757 0.409629 0.00659221
14 0.443738 0.178751 0.164724 0.199135 0.00631487
58 0.547145 0.330469 0.356751 0.452573 0.00612402
14 0.243362 0.0688774 0.025399 0.0332569 0.00570098
45 0.62007 0.351778 0.209904 0.410347 0.00568253
77 0.538284 0.325167 0.374087 0.46859 0.00558528
39 0.620105 0.371544 0.208032 0.36751 0.00542426
0 0.620563 0.35652 0.207168 0.405809 0.00537422
58 0.619877 0.350978 0.210757 0.409629 0.00516775
55 0.619877 0.350978 0.210757 0.409629 0.00499541
24 0.547145 0.330469 0.356751 0.452573 0.00452495
18 0.359253 0.354816 0.59728 0.548992 0.00438347
14 0.463524 0.217248 0.207473 0.279097 0.00401223
41 0.620105 0.371544 0.208032 0.36751 0.00372416
75 0.62007 0.351778 0.209904 0.410347 0.00362077
8 0.619449 0.354279 0.211286 0.405441 0.00340936
0 0.540053 0.323136 0.370851 0.473794 0.00334632
47 0.619877 0.350978 0.210757 0.409629 0.00290707
21 0.540604 0.322363 0.367295 0.478365 0.00284636
14 0.620563 0.35652 0.207168 0.405809 0.00282875
14 0.540053 0.323136 0.370851 0.473794 0.00277171
15 0.359253 0.354816 0.59728 0.548992 0.00245067
20 0.535124 0.324313 0.38089 0.468712 0.00243458
16 0.359253 0.354816 0.59728 0.548992 0.00243115
3 0.535124 0.324313 0.38089 0.468712 0.00231686
10 0.623855 0.382364 0.201572 0.348539 0.00222215
25 0.547145 0.330469 0.356751 0.452573 0.00192365
1 0.535124 0.324313 0.38089 0.468712 0.00185961
77 0.28145 0.435953 0.552219 0.724322 0.00177759
45 0.547145 0.330469 0.356751 0.452573 0.00163734
18 0.443738 0.178751 0.164724 0.199135 0.00163427
55 0.547145 0.330469 0.356751 0.452573 0.00162762
8 0.535124 0.324313 0.38089 0.468712 0.00155187
2 0.535124 0.324313 0.38089 0.468712 0.00153273
75 0.547145 0.330469 0.356751 0.452573 0.00147736
14 0.507017 0.232463 0.293614 0.310905 0.0014624
46 0.623855 0.382364 0.201572 0.348539 0.00143772
14 0.587657 0.206021 0.129277 0.112959 0.0013952
16 0.620563 0.35652 0.207168 0.405809 0.00139001
29 0.618681 0.351703 0.210839 0.40998 0.00138426
14 0.582219 0.258401 0.122409 0.208474 0.00136068
2 0.62007 0.351778 0.209904 0.410347 0.00133207
19 0.62007 0.351778 0.209904 0.410347 0.00126579
17 0.620912 0.356952 0.208387 0.406284 0.00122732
26 0.589169 0.323522 0.147152 0.33402 0.00119528
19 0.418299 0.335811 0.615022 0.493329 0.0011816
14 0.455941 0.383107 0.200241 0.148534 0.00117883
28 0.62007 0.351778 0.209904 0.410347 0.0011785
48 0.620105 0.371544 0.208032 0.36751 0.00115645
26 0.638626 0.39637 0.172827 0.320029 0.00107253
35 0.547145 0.330469 0.356751 0.452573 0.00106752
16 0.519344 0.317919 0.327257 0.325509 0.00104612
