28 0.837395 0.76649 0.323835 0.345573 0.940092
0 0.315044 0.663813 0.299876 0.539338 0.883045
0 0.492994 0.53449 0.345375 0.882252 0.863513
60 0.533892 0.937496 0.932217 0.116189 0.0293598
60 0.531576 0.957463 0.930503 0.0727345 0.0242834
28 0.83705 0.640502 0.322087 0.0952576 0.0217921
41 0.48645 0.483288 0.035922 0.043812 0.0210672
28 0.846273 0.781938 0.302868 0.18355 0.0117979
13 0.543601 0.96222 0.902473 0.0642536 0.0114839
41 0.495456 0.482078 0.059708 0.0434032 0.00841153
59 0.532671 0.936221 0.934659 0.118861 0.00627679
24 0.573657 0.283445 0.174877 0.285333 0.00528553
28 0.911035 0.636313 0.170553 0.086816 0.00493792
56 0.533624 0.935321 0.932752 0.118866 0.00462797
56 0.543601 0.96222 0.902473 0.0642536 0.00453126
24 0.531443 0.287031 0.255022 0.295988 0.00403762
13 0.533892 0.937496 0.932217 0.116189 0.00359696
26 0.837085 0.766531 0.321632 0.347075 0.00358757
60 0.630792 0.963869 0.738415 0.0592827 0.00298271
24 0.555351 0.224547 0.187021 0.173977 0.00281876
26 0.573657 0.283445 0.174877 0.285333 0.00254178
56 0.359604 0.935517 0.590137 0.124119 0.00242895
65 0.48687 0.484235 0.0385205 0.0456099 0.00228915
37 0.533171 0.936658 0.933658 0.120332 0.0022054
40 0.48645 0.483288 0.035922 0.043812 0.00209507
57 0.532671 0.936221 0.934659 0.118861 0.00201342
71 0.531576 0.957463 0.930503 0.0727345 0.00199336
57 0.543601 0.96222 0.902473 0.0642536 0.00191152
24 0.608798 0.297397 0.114142 0.292389 0.00186145
59 0.529367 0.962908 0.94119 0.0615524 0.00185716
65 0.481072 0.483671 0.0292154 0.0446247 0.0017136
56 0.114133 0.938068 0.0956869 0.123864 0.00170848
71 0.533892 0.937496 0.932217 0.116189 0.00164804
26 0.608798 0.297397 0.114142 0.292389 0.00163433
39 0.48514 0.482095 0.0368162 0.0457781 0.00162014
72 0.100688 0.483953 0.201375 0.958613 0.00159582
73 0.419204 0.920866 0.118765 0.0270615 0.00152829
24 0.535751 0.19913 0.168696 0.120229 0.00152293
0 0.215506 0.773996 0.108343 0.311425 0.00135088
60 0.637184 0.946992 0.725633 0.0329548 0.00134391
31 0.533892 0.937496 0.932217 0.116189 0.00133651
60 0.46965 0.963685 0.674574 0.0682793 0.00131595
24 0.487414 0.267323 0.327118 0.288692 0.0012497
70 0.837813 0.766586 0.322503 0.345662 0.00124049
65 0.495574 0.483011 0.0597604 0.0456329 0.00123253
60 0.627127 0.955264 0.745746 0.0515257 0.00122228
13 0.359604 0.935517 0.590137 0.124119 0.00112963
65 0.419204 0.920866 0.118765 0.0270615 0.0010888
56 0.218503 0.935591 0.305611 0.120753 0.00108036
26 0.530472 0.303968 0.259759 0.334733 0.00106797
41 0.490792 0.479311 0.0487326 0.0525501 0.00106239
55 0.416563 0.921145 0.110196 0.0255676 0.00105441
72 0.532671 0.936221 0.934659 0.118861 0.00105
28 0.843594 0.890925 0.306853 0.095314 0.00103301
71 0.6276 0.958983 0.744799 0.054361 0.00103208
65 0.483999 0.921823 0.251639 0.0276739 0.00103006
0 0.206707 0.822475 0.0941471 0.217737 0.00100663
