9 0.539077 0.332799 0.104852 0.0704683 0.722267
9 0.868863 0.365032 0.109063 0.118053 0.638277
9 0.373313 0.355749 0.12995 0.104723 0.587283
2 0.127005 0.93525 0.248793 0.117364 0.304087
2 0.187635 0.747345 0.37262 0.481317 0.0466805
9 0.481826 0.883108 0.015187 0.0270131 0.0253157
25 0.909643 0.162223 0.176158 0.319946 0.0237208
74 0.373632 0.355922 0.130467 0.104933 0.013888
25 0.910291 0.293806 0.178338 0.580375 0.012578
25 0.190202 0.745684 0.376643 0.479123 0.0123601
6 0.196328 0.745971 0.386564 0.4838 0.0117595
0 0.190298 0.746284 0.374408 0.48014 0.0107649
9 0.517732 0.334938 0.057115 0.0654937 0.0103722
4 0.539425 0.333291 0.10557 0.0694287 0.0103233
9 0.438789 0.857215 0.0142601 0.0382933 0.00833443
9 0.538959 0.283048 0.103664 0.165051 0.00709122
9 0.308703 0.738034 0.0127067 0.0462658 0.00611046
9 0.555469 0.334122 0.0714658 0.0685271 0.00592807
9 0.142246 0.342934 0.0228806 0.0318392 0.00590599
9 0.446387 0.355934 0.286295 0.118084 0.00589019
9 0.347409 0.698881 0.0361523 0.0627582 0.00571617
9 0.908439 0.325632 0.181188 0.642827 0.0054315
33 0.539805 0.334169 0.103614 0.0684424 0.00534898
25 0.196676 0.655838 0.392053 0.64514 0.00532401
2 0.544415 0.966742 0.0747931 0.0636027 0.00432518
6 0.4913 0.948682 0.184061 0.0998394 0.00431889
9 0.496469 0.885192 0.00880405 0.0193719 0.00430688
9 0.566514 0.889939 0.0119009 0.0189857 0.00416639
5 0.4919 0.950938 0.184338 0.095812 0.00415984
9 0.447198 0.341778 0.304846 0.0860136 0.00401926
9 0.888769 0.366989 0.148904 0.125385 0.00394487
9 0.507748 0.334908 0.0377458 0.0634265 0.00385684
9 0.557586 0.888512 0.0116944 0.0192274 0.00374171
74 0.539805 0.334169 0.103614 0.0684424 0.00360137
3 0.126988 0.934509 0.25154 0.114356 0.00345835
74 0.868971 0.364119 0.11009 0.117071 0.00332662
74 0.548759 0.688411 0.0151825 0.0475104 0.00328898
9 0.887274 0.411081 0.149384 0.215307 0.00327235
9 0.538801 0.359818 0.104591 0.125427 0.00317663
5 0.127136 0.93523 0.250435 0.114883 0.00315931
67 0.373302 0.355571 0.13071 0.104735 0.00302306
9 0.59755 0.842313 0.0140629 0.0449028 0.00301835
7 0.126988 0.934509 0.25154 0.114356 0.00299886
0 0.481826 0.883108 0.015187 0.0270131 0.00257993
7 0.187635 0.747345 0.37262 0.481317 0.00246927
9 0.572407 0.332192 0.0363425 0.0657876 0.00238496
0 0.540962 0.334168 0.108095 0.0691019 0.00235739
9 0.433844 0.87516 0.0255795 0.0718316 0.00216609
2 0.552471 0.974083 0.0512732 0.0497232 0.00213224
0 0.839292 0.717479 0.321331 0.541488 0.00210902
6 0.302182 0.641219 0.60062 0.696546 0.00207078
25 0.867847 0.153137 0.0936424 0.28714 0.00192443
5 0.193272 0.7457 0.383232 0.482476 0.0018397
2 0.534974 0.981483 0.0195151 0.0344349 0.00178242
58 0.198113 0.656535 0.393546 0.647632 0.00171605
1 0.126988 0.934509 0.25154 0.114356 0.00171408
11 0.868732 0.365134 0.110525 0.117682 0.00171044
3 0.187635 0.747345 0.37262 0.481317 0.00164124
2 0.535454 0.971545 0.0605847 0.0558982 0.00163481
2 0.558268 0.965253 0.0452669 0.0653245 0.00160465
32 0.539416 0.33422 0.103412 0.0699445 0.00159201
9 0.565354 0.329079 0.156433 0.06676 0.0015862
9 0.510411 0.35795 0.161641 0.121262 0.00158185
14 0.539425 0.333291 0.10557 0.0694287 0.00156543
0 0.540357 0.98704 0.0109514 0.0207829 0.00154459
62 0.373805 0.355942 0.1307 0.105268 0.00154257
0 0.126988 0.934509 0.25154 0.114356 0.00145197
8 0.199395 0.651598 0.397836 0.659956 0.00144932
9 0.217806 0.373423 0.0701099 0.0286394 0.00144514
7 0.21216 0.641487 0.420753 0.689448 0.00143665
0 0.581531 0.948857 0.011985 0.0488043 0.00141385
9 0.394645 0.866615 0.019419 0.0439649 0.00138366
2 0.540357 0.98704 0.0109514 0.0207829 0.001351
0 0.34361 0.951347 0.0149252 0.0493015 0.00133103
9 0.544279 0.886487 0.0168798 0.0213095 0.00131619
0 0.342044 0.957662 0.0182865 0.0631717 0.00130585
9 0.875235 0.48837 0.100662 0.0849638 0.00128946
14 0.142246 0.342934 0.0228806 0.0318392 0.00127068
0 0.58255 0.960054 0.0135359 0.0678651 0.00120696
9 0.311894 0.355641 0.555495 0.121983 0.00120565
67 0.869147 0.364373 0.109902 0.117055 0.00120547
6 0.539425 0.333291 0.10557 0.0694287 0.00117934
0 0.471031 0.98062 0.0240048 0.036146 0.00117487
9 0.313972 0.439104 0.56413 0.288372 0.00108904
9 0.206808 0.373049 0.0944786 0.031984 0.0010803
11 0.373805 0.355942 0.1307 0.105268 0.00107965
2 0.562507 0.944622 0.0384583 0.0421506 0.00105044
6 0.338573 0.844802 0.103194 0.293292 0.00104493
9 0.893262 0.486302 0.0611968 0.0785958 0.00104159
62 0.868863 0.365032 0.109063 0.118053 0.00103641
47 0.539737 0.333782 0.10335 0.0688124 0.00102395
7 0.302182 0.641219 0.60062 0.696546 0.00101596
2 0.557586 0.888512 0.0116944 0.0192274 0.00101501
6 0.21216 0.641487 0.420753 0.689448 0.00100675
9 0.868332 0.363549 0.256682 0.716781 0.00100353
45 0.125435 0.937318 0.248839 0.118131 0.00100169
