14 0.181311 0.425973 0.059408 0.0479647 0.819083
14 0.495652 0.31308 0.057207 0.0463052 0.805256
14 0.712201 0.381144 0.035312 0.0374517 0.783253
14 0.0192419 0.40722 0.0384839 0.0343134 0.759294
14 0.386801 0.28748 0.0576672 0.0355928 0.75561
14 0.718578 0.467007 0.0344357 0.0333307 0.690568
14 0.263004 0.397126 0.0488539 0.0295118 0.683842
14 0.951781 0.383117 0.0318583 0.0260516 0.567218
0 0.388232 0.676076 0.0222975 0.0673288 0.445232
0 0.723261 0.678982 0.020058 0.0412931 0.37138
0 0.836291 0.683039 0.0299789 0.0394152 0.167608
0 0.547238 0.657107 0.0112316 0.0239791 0.165934
0 0.796595 0.685761 0.0220901 0.0310109 0.160647
0 0.719444 0.680676 0.0279802 0.0421674 0.0813443
8 0.546619 0.658102 0.0122687 0.0212025 0.0563497
0 0.388538 0.677387 0.0286759 0.0754944 0.0417921
5 0.297762 0.629818 0.0696407 0.0252909 0.0311126
14 0.546619 0.658102 0.0122687 0.0212025 0.0309072
13 0.29766 0.630127 0.0706455 0.0256454 0.0239605
8 0.884633 0.623356 0.0753117 0.0281408 0.0180417
33 0.718488 0.466683 0.0340632 0.0326374 0.0179034
8 0.81926 0.685241 0.0687885 0.0359025 0.0140043
0 0.730174 0.679944 0.0415351 0.0425488 0.0127752
8 0.847807 0.685125 0.076355 0.0447297 0.0126576
8 0.51384 0.699881 0.191539 0.0563477 0.0123701
0 0.292356 0.640045 0.00918493 0.014149 0.0104977
4 0.263004 0.397126 0.0488539 0.0295118 0.0104328
0 0.0300606 0.705679 0.0111537 0.0169947 0.00989798
7 0.297762 0.629818 0.0696407 0.0252909 0.00958896
8 0.836348 0.682661 0.029553 0.0389404 0.00894532
8 0.200038 0.618215 0.0544512 0.0723424 0.00697872
0 0.793451 0.615142 0.0134617 0.0321767 0.00686276
4 0.495652 0.31308 0.057207 0.0463052 0.00683433
0 0.822267 0.683211 0.0601816 0.0426409 0.00663263
8 0.514381 0.713092 0.189629 0.0284325 0.00654295
8 0.546979 0.653787 0.0124201 0.0308553 0.00624517
14 0.952377 0.385579 0.0360371 0.0331093 0.00623348
0 0.815312 0.690496 0.0180016 0.0252341 0.00533393
56 0.473027 0.688071 0.0221796 0.031016 0.00522467
2 0.725898 0.626586 0.0160683 0.011617 0.00513181
8 0.725898 0.626586 0.0160683 0.011617 0.00503919
0 0.283876 0.640374 0.0111398 0.0147545 0.00451908
6 0.297396 0.629238 0.0725947 0.0241337 0.00447181
8 0.797192 0.685706 0.0235609 0.030734 0.00421965
8 0.667757 0.632851 0.0995096 0.0298325 0.00421101
0 0.039179 0.70699 0.0143555 0.0155894 0.00420538
0 0.797888 0.691008 0.0250708 0.0413017 0.00411534
4 0.951912 0.382685 0.0327848 0.0260367 0.00385401
8 0.719444 0.680676 0.0279802 0.0421674 0.00364342
8 0.477274 0.698091 0.270381 0.0576642 0.0035997
8 0.297396 0.629238 0.0725947 0.0241337 0.00358137
0 0.721248 0.683873 0.0384793 0.0530488 0.00355983
8 0.76276 0.623187 0.109373 0.0377904 0.00347087
2 0.292356 0.640045 0.00918493 0.014149 0.00340712
8 0.513201 0.706123 0.174792 0.015111 0.0031127
8 0.198019 0.625078 0.0569982 0.0529976 0.00310323
14 0.350856 0.370485 0.382991 0.210721 0.00304815
8 0.385261 0.633448 0.301179 0.0676524 0.0029864
8 0.516707 0.704982 0.139344 0.0144389 0.00291741
0 0.414489 0.713326 0.0187467 0.0277418 0.00291654
0 0.84153 0.687016 0.0433357 0.0479296 0.00287125
8 0.773808 0.685789 0.168128 0.0482279 0.00282988
8 0.648686 0.633319 0.142744 0.0309334 0.00281358
0 0.849635 0.722974 0.067664 0.122846 0.00279999
8 0.536342 0.705391 0.109467 0.0129064 0.0027777
8 0.80902 0.623309 0.23549 0.0376048 0.0027144
8 0.779258 0.621899 0.294663 0.045222 0.00267062
8 0.502381 0.621536 0.0442229 0.0456772 0.00252572
33 0.495743 0.313447 0.057305 0.0464523 0.00236213
13 0.383539 0.694407 0.0390226 0.0376176 0.00235543
8 0.519848 0.691125 0.160486 0.04049 0.00231349
8 0.905927 0.621099 0.0328011 0.0251752 0.00230765
0 0.0314203 0.606582 0.00912766 0.0148003 0.00221944
0 0.794962 0.687226 0.0319193 0.0343051 0.00219613
13 0.0513326 0.698838 0.0662599 0.0324443 0.00214252
8 0.847586 0.68449 0.0499895 0.0395882 0.002134
14 0.824411 0.363403 0.0528458 0.0346877 0.00213066
2 0.836348 0.682661 0.029553 0.0389404 0.00209513
26 0.546619 0.658102 0.0122687 0.0212025 0.00207007
13 0.192994 0.693546 0.0730779 0.0429024 0.00206003
13 0.372855 0.690303 0.0171903 0.0284752 0.00203428
2 0.0300606 0.705679 0.0111537 0.0169947 0.00201738
8 0.490893 0.618988 0.0113126 0.0389648 0.00201648
14 0.268247 0.396965 0.0618517 0.0336812 0.00200289
8 0.273749 0.669717 0.53963 0.0945716 0.001966
2 0.283876 0.640374 0.0111398 0.0147545 0.00194621
13 0.407267 0.712865 0.0525276 0.0308179 0.00193375
13 0.716493 0.683193 0.0333143 0.0441254 0.00193018
56 0.796491 0.685964 0.021874 0.0302951 0.00185323
14 0.569757 0.356054 0.3766 0.185965 0.00181589
14 0.262596 0.390171 0.0492574 0.0369717 0.0018059
14 0.520025 0.404716 0.521435 0.292964 0.00178131
13 0.203443 0.704982 0.0503413 0.0163236 0.00176659
24 0.796491 0.685964 0.021874 0.0302951 0.00175187
7 0.47315 0.688046 0.0227415 0.0313165 0.00174731
8 0.880318 0.620089 0.0903702 0.0309931 0.00167796
14 0.186276 0.423021 0.372552 0.0851197 0.00162464
8 0.852414 0.681872 0.0270544 0.0350277 0.00160751
56 0.836348 0.682661 0.029553 0.0389404 0.00160256
8 0.200487 0.624331 0.0393447 0.0476331 0.00159335
2 0.298945 0.631487 0.0694619 0.0281072 0.00157082
0 0.791983 0.618441 0.0129877 0.0380955 0.00155613
13 0.519848 0.691125 0.160486 0.04049 0.00153923
13 0.508083 0.715635 0.223105 0.0284824 0.00151399
33 0.0189464 0.407488 0.0378928 0.0358864 0.00149509
0 0.00598978 0.697068 0.0104587 0.0273041 0.00149101
56 0.286496 0.688291 0.0217531 0.021064 0.00145236
13 0.417514 0.711659 0.029933 0.0285591 0.00145018
0 0.802676 0.682412 0.0674339 0.040726 0.00142395
2 0.65519 0.632648 0.125735 0.0293203 0.00141844
13 0.292356 0.640045 0.00918493 0.014149 0.00141579
8 0.546363 0.62931 0.00938539 0.0153229 0.00140476
13 0.0645592 0.699227 0.0417586 0.0309593 0.00139734
24 0.836348 0.682661 0.029553 0.0389404 0.00139189
8 0.662987 0.590125 0.0439989 0.114853 0.00138712
13 0.516707 0.704982 0.139344 0.0144389 0.00136003
8 0.113001 0.626566 0.226002 0.0885119 0.00134763
56 0.372855 0.690303 0.0171903 0.0284752 0.00132599
14 0.70302 0.381592 0.0547168 0.0388716 0.00131193
8 0.606107 0.676913 0.392407 0.106845 0.00130892
8 0.843897 0.624904 0.17368 0.0331905 0.00129926
8 0.206069 0.691397 0.407559 0.0587448 0.00129402
13 0.387812 0.68157 0.0275496 0.0673396 0.00128952
13 0.193829 0.706706 0.0231437 0.0140015 0.00126341
8 0.774295 0.618246 0.0621338 0.0378632 0.00123361
14 0.723031 0.381122 0.0564396 0.0388824 0.00123352
0 0.724769 0.684672 0.0621542 0.0532827 0.00121263
8 0.509147 0.624253 0.0546755 0.0501071 0.00120744
2 0.039179 0.70699 0.0143555 0.0155894 0.0011932
8 0.507662 0.718393 0.174864 0.0227066 0.00118646
14 0.96188 0.382054 0.0541534 0.037943 0.00114873
0 0.518397 0.63722 0.0125336 0.0153536 0.00113338
0 0.495743 0.313447 0.057305 0.0464523 0.00110617
14 0.118608 0.409094 0.237216 0.050831 0.00109446
13 0.068581 0.701263 0.0139623 0.026236 0.00108522
13 0.0738336 0.69965 0.0232874 0.0300176 0.00108221
13 0.536342 0.705391 0.109467 0.0129064 0.00107658
13 0.79827 0.686394 0.0249641 0.031823 0.00106478
8 0.496296 0.621475 0.0287619 0.0435997 0.00102428
8 0.492662 0.628917 0.0170723 0.0393472 0.00102106
6 0.279629 0.686941 0.287555 0.0614146 0.00101969
8 0.507635 0.637805 0.0402065 0.0213408 0.0010007
