74 0.494433 0.453658 0.064372 0.0458196 0.751482
57 0.202108 0.821602 0.404215 0.327562 0.65925
73 0.318226 0.745737 0.0873225 0.0314712 0.577513
73 0.398196 0.860765 0.0945075 0.026445 0.567255
73 0.395073 0.810376 0.0729625 0.0268822 0.507736
73 0.31216 0.819134 0.0930601 0.0402859 0.452714
73 0.287211 0.859851 0.0907015 0.0302818 0.421484
57 0.103791 0.824668 0.207583 0.328863 0.186365
73 0.383987 0.839664 0.0705876 0.0149181 0.139991
58 0.328002 0.125277 0.25836 0.247305 0.12973
73 0.303192 0.833507 0.0907887 0.0293083 0.119601
73 0.309051 0.828907 0.091701 0.0378748 0.116865
73 0.456973 0.819293 0.0565614 0.0429817 0.0892793
73 0.384011 0.836304 0.0767655 0.0182472 0.0846995
75 0.345013 0.20644 0.0902663 0.0812699 0.0792839
75 0.261148 0.210127 0.0588592 0.0476081 0.0553675
73 0.294018 0.838466 0.0683363 0.0203016 0.0495553
73 0.376541 0.74809 0.0425014 0.035445 0.049109
73 0.379116 0.843357 0.0784285 0.0213566 0.0446716
60 0.403923 0.889256 0.334027 0.199987 0.034184
73 0.335226 0.750966 0.118985 0.0362724 0.0322045
73 0.291682 0.843303 0.0747811 0.0140015 0.031659
57 0.0989568 0.880041 0.19689 0.226541 0.0292996
75 0.367306 0.202687 0.138789 0.0863895 0.0289981
57 0.29607 0.738731 0.229261 0.118704 0.0280625
73 0.501864 0.833232 0.0742927 0.0438135 0.0246468
26 0.429996 0.756033 0.0703084 0.036319 0.0244454
56 0.854484 0.739755 0.0686104 0.0971037 0.0228808
67 0.382565 0.839979 0.0759121 0.0149986 0.0217119
73 0.314474 0.807198 0.0568426 0.0243074 0.0209785
65 0.38266 0.839398 0.0750418 0.0150593 0.0202856
75 0.341838 0.218928 0.0802571 0.0560308 0.0196394
73 0.397187 0.847273 0.101022 0.0298767 0.0189945
57 0.0999244 0.779263 0.199849 0.242656 0.0186022
65 0.84409 0.781493 0.0458763 0.012763 0.0182811
73 0.478041 0.823115 0.104736 0.0559971 0.0179279
73 0.84409 0.781493 0.0458763 0.012763 0.0176971
73 0.49278 0.827877 0.0552094 0.0267672 0.0171796
57 0.202082 0.727405 0.404165 0.134356 0.0169718
73 0.336023 0.761989 0.105224 0.0213326 0.0154067
73 0.319658 0.804255 0.0328378 0.0196283 0.0148081
75 0.419714 0.203109 0.0582778 0.0598794 0.0147327
75 0.255394 0.204709 0.0756941 0.0592412 0.014441
65 0.49278 0.827877 0.0552094 0.0267672 0.0143761
73 0.327378 0.755835 0.108542 0.0512752 0.0139011
73 0.474365 0.824391 0.129767 0.0666142 0.0135053
57 0.0990554 0.728074 0.195896 0.139692 0.0133964
73 0.387979 0.830324 0.0770833 0.0243204 0.0131154
73 0.334821 0.841808 0.0346377 0.0165359 0.0124336
41 0.319658 0.804255 0.0328378 0.0196283 0.0122959
73 0.320067 0.812886 0.0791058 0.0317654 0.0116536
24 0.429398 0.755103 0.0728453 0.0383659 0.0112641
75 0.348708 0.216735 0.105397 0.10925 0.0112283
73 0.289958 0.847426 0.0862134 0.0499035 0.0109607
65 0.379116 0.843357 0.0784285 0.0213566 0.00944987
67 0.379116 0.843357 0.0784285 0.0213566 0.00944301
60 0.294874 0.764767 0.218682 0.0700079 0.00938979
63 0.319443 0.74731 0.0876175 0.0307999 0.0091612
73 0.296984 0.830024 0.0924311 0.0529778 0.00855789
63 0.376895 0.748285 0.0449512 0.0360426 0.00853747
73 0.479537 0.815682 0.127975 0.0525871 0.00833163
73 0.234885 0.731667 0.0369302 0.0135246 0.00832975
73 0.231229 0.730184 0.0481811 0.0174324 0.00823295
65 0.384011 0.836304 0.0767655 0.0182472 0.00812474
60 0.296658 0.744446 0.223369 0.102344 0.00795114
75 0.343089 0.23565 0.0759062 0.0776379 0.00770989
73 0.525735 0.834843 0.027456 0.0422932 0.00743544
73 0.400004 0.851971 0.0997017 0.0319305 0.00697565
57 0.0976272 0.836385 0.194445 0.13361 0.00652122
59 0.100278 0.785057 0.200135 0.253689 0.00637168
67 0.384011 0.836304 0.0767655 0.0182472 0.00621104
73 0.380142 0.749078 0.0536823 0.0405054 0.00610402
65 0.319597 0.80277 0.0328242 0.0222033 0.00609329
73 0.295654 0.761408 0.21371 0.0650847 0.00606996
73 0.339496 0.850382 0.0342083 0.0243483 0.00601482
59 0.203945 0.823986 0.407107 0.330241 0.00597006
28 0.429398 0.755103 0.0728453 0.0383659 0.00544462
73 0.493882 0.837431 0.0912935 0.0492764 0.00538242
73 0.467978 0.829065 0.0794164 0.0556551 0.00515082
67 0.493204 0.826401 0.0560704 0.0267735 0.00513262
60 0.0995846 0.881207 0.198155 0.225023 0.00510123
75 0.352222 0.213918 0.189405 0.105612 0.0050956
63 0.335226 0.750966 0.118985 0.0362724 0.00502336
73 0.478355 0.835081 0.0962272 0.0521587 0.0049454
73 0.231231 0.734416 0.0632858 0.0253084 0.00491834
73 0.320521 0.766146 0.171506 0.0620352 0.00488767
73 0.340567 0.758173 0.126704 0.0590332 0.00473329
73 0.480915 0.802435 0.120292 0.02701 0.00469631
57 0.20577 0.766735 0.411539 0.207276 0.00462267
73 0.328172 0.755922 0.102182 0.0349648 0.00455895
73 0.428971 0.826967 0.156186 0.0615293 0.00452149
73 0.355871 0.834183 0.232277 0.0799152 0.0043529
73 0.31283 0.739806 0.0930811 0.0326292 0.00412747
65 0.287419 0.859735 0.0891711 0.0307175 0.00404876
57 0.29458 0.753089 0.219922 0.0787531 0.00397488
57 0.202071 0.698501 0.395802 0.0809367 0.00396407
26 0.12351 0.733239 0.128371 0.0604877 0.00383976
73 0.300697 0.830828 0.115545 0.0686439 0.00364876
65 0.340706 0.851606 0.0325635 0.0196234 0.00361788
57 0.142732 0.72879 0.28002 0.135588 0.00354716
73 0.342 0.770019 0.124937 0.0592013 0.00351194
75 0.250591 0.18887 0.0961455 0.0906463 0.00350776
57 0.290872 0.705613 0.216846 0.0560431 0.0034624
75 0.276061 0.204237 0.12006 0.0726676 0.00338724
73 0.477675 0.850335 0.0729744 0.0232933 0.00336963
56 0.289606 0.743527 0.224295 0.128316 0.0032208
73 0.849386 0.772154 0.0571835 0.0319731 0.00285617
56 0.0243633 0.915225 0.0487266 0.161489 0.00279906
73 0.845967 0.77655 0.0498728 0.0223888 0.00275359
67 0.319658 0.804255 0.0328378 0.0196283 0.00273076
41 0.261005 0.210127 0.0585766 0.0474928 0.00271973
60 0.0976272 0.836385 0.194445 0.13361 0.00263613
56 0.0990554 0.728074 0.195896 0.139692 0.00262958
39 0.319597 0.80277 0.0328242 0.0222033 0.00259593
73 0.233679 0.736656 0.0544335 0.0199307 0.00256455
65 0.234885 0.731667 0.0369302 0.0135246 0.00253859
57 0.0927538 0.68693 0.183055 0.0603844 0.002516
73 0.311297 0.807482 0.0788229 0.0378777 0.00249481
26 0.117039 0.749747 0.163836 0.100399 0.0024699
56 0.290686 0.705156 0.215275 0.056871 0.00246841
75 0.327637 0.196931 0.245497 0.102453 0.00241202
75 0.263419 0.210448 0.0783823 0.0535859 0.00238809
65 0.457149 0.819006 0.0569201 0.0429895 0.00236851
56 0.200501 0.822079 0.4 0.327956 0.00216001
56 0.867093 0.735176 0.0462085 0.0879524 0.00211474
75 0.390478 0.197639 0.119652 0.0750047 0.00206432
56 0.0927538 0.68693 0.183055 0.0603844 0.00203508
73 0.340006 0.865996 0.0219227 0.0129629 0.00200656
56 0.0403024 0.915242 0.0806049 0.163189 0.00199318
40 0.261535 0.211145 0.0575364 0.0461234 0.00194588
73 0.391011 0.751589 0.0733072 0.0409452 0.00194579
56 0.867655 0.724502 0.0421821 0.0671502 0.0019106
63 0.313052 0.818002 0.094356 0.0390091 0.00189066
73 0.384195 0.805795 0.0851577 0.0305778 0.00187269
73 0.340666 0.776674 0.109839 0.0454563 0.00183818
73 0.445921 0.850375 0.0806559 0.022172 0.00181401
75 0.349222 0.185962 0.0970419 0.0473802 0.00176242
65 0.525735 0.834843 0.027456 0.0422932 0.00170165
57 0.330348 0.749202 0.114962 0.0386274 0.00168264
65 0.39941 0.861521 0.0941049 0.0258129 0.00168133
58 0.247449 0.185975 0.0992287 0.100459 0.00164974
58 0.325262 0.187598 0.251344 0.109347 0.00163093
59 0.296658 0.744446 0.223369 0.102344 0.00160146
65 0.334821 0.841808 0.0346377 0.0165359 0.00159681
73 0.235561 0.754868 0.0931619 0.0242172 0.00150117
45 0.493183 0.826863 0.0568415 0.0264339 0.00145274
67 0.340706 0.851606 0.0325635 0.0196234 0.00144991
73 0.429996 0.756033 0.0703084 0.036319 0.00143844
73 0.235166 0.737827 0.077102 0.023643 0.00140479
57 0.107308 0.82304 0.214616 0.342781 0.00139111
60 0.330348 0.749202 0.114962 0.0386274 0.00138515
73 0.482767 0.855065 0.0916618 0.0327061 0.0013223
60 0.292736 0.790061 0.222347 0.12833 0.00131199
75 0.769085 0.694272 0.0520463 0.102037 0.00130993
56 0.0369492 0.681736 0.0729406 0.0488212 0.00130141
13 0.29607 0.738731 0.229261 0.118704 0.00129178
59 0.294397 0.760232 0.220195 0.0658253 0.00129002
13 0.0989568 0.880041 0.19689 0.226541 0.00128937
26 0.41961 0.74999 0.0926652 0.0486704 0.00128391
65 0.503069 0.833445 0.0719043 0.0416027 0.00128132
67 0.234885 0.731667 0.0369302 0.0135246 0.00127056
73 0.437988 0.855194 0.178287 0.0365963 0.0012601
65 0.39459 0.810095 0.0744246 0.026384 0.00117123
28 0.340567 0.758173 0.126704 0.0590332 0.00116727
63 0.393429 0.81068 0.0693465 0.0279392 0.00116146
56 0.0997416 0.784212 0.198858 0.250047 0.00115958
73 0.413108 0.834803 0.246345 0.0800407 0.00115579
45 0.316283 0.8208 0.0882785 0.0309784 0.00113004
67 0.395185 0.859694 0.0874674 0.026012 0.00109482
67 0.287419 0.859735 0.0891711 0.0307175 0.00106251
67 0.84409 0.781493 0.0458763 0.012763 0.00105202
41 0.458015 0.818357 0.0583931 0.0426548 0.00104794
65 0.340006 0.865996 0.0219227 0.0129629 0.0010252
28 0.327378 0.755835 0.108542 0.0512752 0.00102365
57 0.0897548 0.700022 0.178258 0.0864563 0.00101635
45 0.261148 0.210127 0.0588592 0.0476081 0.00101334
73 0.49744 0.843618 0.12297 0.0571777 0.00100958
