0 0.658272 0.573322 0.228149 0.368734 0.939345
29 0.751814 0.444022 0.0391106 0.0291312 0.053943
2 0.570907 0.53503 0.0653357 0.0395508 0.0270791
29 0.74891 0.448943 0.0463991 0.0370609 0.0241888
9 0.547525 0.541689 0.0146317 0.0194366 0.0192051
38 0.751814 0.444022 0.0391106 0.0291312 0.0187273
38 0.74891 0.448943 0.0463991 0.0370609 0.0128995
32 0.752577 0.443254 0.0375349 0.0287014 0.0122911
9 0.469851 0.541494 0.0127496 0.0181658 0.0119415
29 0.740612 0.485982 0.0509059 0.0238786 0.0105373
29 0.742608 0.461672 0.0568709 0.0620332 0.0100978
2 0.547525 0.541689 0.0146317 0.0194366 0.00982141
35 0.751814 0.444022 0.0391106 0.0291312 0.00923446
29 0.75692 0.486992 0.0173679 0.0235997 0.00867999
0 0.469851 0.541494 0.0127496 0.0181658 0.00827518
35 0.74891 0.448943 0.0463991 0.0370609 0.0076597
0 0.468243 0.550124 0.0180153 0.03602 0.00690055
2 0.581925 0.536094 0.0424762 0.0339465 0.00682977
32 0.547525 0.541689 0.0146317 0.0194366 0.00532112
38 0.742217 0.459654 0.0581402 0.0605046 0.00491428
9 0.618373 0.542807 0.0152838 0.0214216 0.00472465
0 0.467923 0.559106 0.0196622 0.0534002 0.00472155
38 0.748868 0.432001 0.0515904 0.0653491 0.00443012
34 0.751168 0.4448 0.0436013 0.0305104 0.00427565
2 0.469851 0.541494 0.0127496 0.0181658 0.00418022
2 0.558594 0.538524 0.0378695 0.03365 0.00417075
2 0.618373 0.542807 0.0152838 0.0214216 0.00415859
35 0.742608 0.461672 0.0568709 0.0620332 0.00365695
2 0.552621 0.540893 0.0265785 0.0275177 0.00335401
0 0.568049 0.560687 0.0186946 0.0658506 0.00332814
35 0.739938 0.476805 0.0517099 0.0285948 0.00320396
2 0.599137 0.542151 0.0543156 0.0299049 0.00319386
2 0.573402 0.54372 0.0681666 0.0527175 0.00318676
29 0.739938 0.476805 0.0517099 0.0285948 0.00297466
0 0.548163 0.560428 0.0193907 0.058445 0.00272235
32 0.748935 0.448568 0.0470818 0.0364176 0.00266609
0 0.547525 0.541689 0.0146317 0.0194366 0.00244266
0 0.547636 0.548239 0.0171526 0.0330004 0.00225729
0 0.555389 0.562615 0.0316563 0.0656639 0.00207373
7 0.571834 0.535897 0.068462 0.0413284 0.00190777
0 0.618373 0.542807 0.0152838 0.0214216 0.00189283
2 0.467514 0.549422 0.0202776 0.0370132 0.00182205
2 0.581971 0.532968 0.0940592 0.051576 0.00177374
38 0.754796 0.438249 0.0397867 0.0372533 0.00173625
34 0.742608 0.461672 0.0568709 0.0620332 0.00163814
38 0.754103 0.46136 0.0591885 0.069345 0.00160393
32 0.380847 0.381792 0.0137426 0.0266821 0.00158656
38 0.739938 0.476805 0.0517099 0.0285948 0.00152513
32 0.75692 0.486992 0.0173679 0.0235997 0.00152481
38 0.650618 0.656421 0.0529332 0.0379875 0.00151265
9 0.468243 0.550124 0.0180153 0.03602 0.00141457
9 0.552621 0.540893 0.0265785 0.0275177 0.00140783
9 0.576854 0.536921 0.0370708 0.0336748 0.0013741
32 0.469851 0.541494 0.0127496 0.0181658 0.00133952
2 0.547636 0.548239 0.0171526 0.0330004 0.00127894
2 0.618962 0.547139 0.0187008 0.0301978 0.00127587
38 0.645294 0.668091 0.0634655 0.0651632 0.00127468
2 0.56948 0.528032 0.0725315 0.0579114 0.00124496
38 0.62349 0.685662 0.110795 0.0982063 0.00123543
38 0.762214 0.441808 0.0728659 0.0850873 0.00112951
2 0.574362 0.549926 0.0554573 0.060259 0.00111005
35 0.740287 0.482672 0.0521773 0.0228657 0.00110391
0 0.462815 0.550847 0.0279007 0.0365284 0.00109443
29 0.754796 0.438249 0.0397867 0.0372533 0.00106487
29 0.748698 0.459903 0.0565667 0.0512761 0.00105408
9 0.570881 0.534911 0.066061 0.0424639 0.00103629
35 0.725466 0.480332 0.0227182 0.020894 0.0010244
9 0.547636 0.548239 0.0171526 0.0330004 0.00101906
0 0.467728 0.566595 0.0261747 0.0705672 0.00100926
2 0.540188 0.544485 0.0338284 0.0263466 0.00100416
