45 0.733352 0.247378 0.496721 0.492525 0.918572
45 0.500693 0.690858 0.989162 0.589131 0.846108
45 0.338283 0.41607 0.676566 0.78804 0.805548
50 0.647122 0.735299 0.481619 0.506213 0.660031
49 0.772105 0.135371 0.0948393 0.101945 0.487524
49 0.67437 0.223523 0.118792 0.144859 0.379881
50 0.587785 0.925261 0.148753 0.142409 0.317754
49 0.647357 0.130004 0.130157 0.0894645 0.289716
49 0.638976 0.0702035 0.152022 0.138372 0.23325
49 0.347175 0.196271 0.155433 0.252649 0.142651
49 0.461681 0.27555 0.273497 0.358835 0.11903
47 0.810329 0.209026 0.168229 0.183169 0.106517
49 0.274599 0.266047 0.0686147 0.152367 0.089837
49 0.65144 0.05266 0.121356 0.10532 0.0852068
49 0.809758 0.207976 0.166815 0.182266 0.0727962
49 0.675014 0.125552 0.148409 0.091795 0.0686764
49 0.754779 0.199147 0.29435 0.203316 0.0659388
49 0.702219 0.143078 0.238874 0.126373 0.0554359
60 0.502306 0.5 0.958692 1 0.0545975
47 0.176849 0.431426 0.351865 0.397333 0.0429548
49 0.720101 0.126242 0.0500576 0.0961201 0.0399846
49 0.695914 0.0958894 0.250286 0.188115 0.0390137
49 0.659378 0.189171 0.150898 0.210842 0.0370584
49 0.703873 0.126716 0.0818629 0.0963078 0.0366317
49 0.698991 0.183861 0.233648 0.20372 0.0304506
60 0.390312 0.132565 0.776837 0.259162 0.0303287
50 0.527721 0.7862 0.245244 0.41745 0.0286321
50 0.506602 0.728085 0.204184 0.306808 0.0274699
60 0.254364 0.131476 0.505073 0.258576 0.024475
50 0.739315 0.755661 0.294 0.454087 0.0242741
49 0.175784 0.431815 0.350071 0.396685 0.024149
60 0.501798 0.348611 0.992744 0.697222 0.0234168
45 0.175809 0.434189 0.351617 0.391638 0.0222911
49 0.645886 0.09986 0.143451 0.192066 0.0219226
48 0.465339 0.286334 0.272763 0.379838 0.0218805
48 0.175606 0.435357 0.349764 0.392334 0.0183432
44 0.886759 0.911249 0.226483 0.169399 0.0180887
47 0.654687 0.0521924 0.113364 0.104377 0.0174775
45 0.880458 0.910159 0.237514 0.169266 0.0170963
51 0.274448 0.262033 0.0694641 0.14472 0.0168921
55 0.465339 0.286334 0.272763 0.379838 0.0159409
46 0.176631 0.432183 0.351581 0.396466 0.0141717
49 0.781457 0.25145 0.113966 0.0967129 0.0136839
45 0.727291 0.157123 0.487311 0.311222 0.01288
49 0.763122 0.250492 0.0761613 0.0984808 0.0126745
55 0.900371 0.540302 0.199259 0.257573 0.0117195
49 0.624953 0.138848 0.0822231 0.0866394 0.0101506
50 0.596829 0.737738 0.403649 0.405031 0.00942466
47 0.806148 0.182826 0.155566 0.129088 0.00941524
45 0.928853 0.137209 0.141094 0.272269 0.00867131
47 0.201834 0.359345 0.239799 0.25033 0.00798032
49 0.195894 0.374327 0.297302 0.28348 0.00793079
50 0.780075 0.745627 0.218822 0.423315 0.00778237
49 0.592008 0.0830219 0.0582222 0.128036 0.00744209
47 0.638782 0.0711585 0.151289 0.140814 0.00694257
45 0.390312 0.132565 0.776837 0.259162 0.00648668
55 0.176631 0.432183 0.351581 0.396466 0.00631434
49 0.0949706 0.564666 0.188722 0.131166 0.00625461
49 0.095496 0.482999 0.190006 0.292856 0.00617307
45 0.25644 0.131479 0.509191 0.257588 0.00581157
47 0.149902 0.365922 0.299804 0.26611 0.00568435
49 0.0931659 0.585462 0.18419 0.0906125 0.00548142
49 0.692889 0.223677 0.0825668 0.142241 0.00539207
46 0.274457 0.256771 0.0705332 0.134167 0.00535473
42 0.888763 0.910479 0.222397 0.169014 0.00515014
47 0.273921 0.263572 0.0680279 0.147871 0.00497317
49 0.199928 0.359558 0.226045 0.250833 0.0045931
49 0.751797 0.141594 0.0543289 0.0917483 0.00435716
55 0.951507 0.753346 0.0965147 0.202574 0.00434151
49 0.729268 0.131472 0.0562201 0.102067 0.00420004
49 0.661947 0.125911 0.0959555 0.0813195 0.00419527
60 0.450248 0.459592 0.898291 0.703725 0.00404233
44 0.957486 0.96667 0.0844227 0.065029 0.00373682
49 0.331065 0.367266 0.0875904 0.0750069 0.00370297
50 0.709494 0.612787 0.231531 0.259415 0.00369498
45 0.450248 0.459592 0.898291 0.703725 0.00367454
49 0.601739 0.0754886 0.078077 0.14683 0.00364083
50 0.70984 0.696438 0.272123 0.429417 0.00363395
50 0.588661 0.637752 0.105058 0.158696 0.00355724
49 0.743401 0.147849 0.0378653 0.0834724 0.00352749
50 0.624215 0.922091 0.225947 0.148848 0.00351536
45 0.825176 0.716301 0.258335 0.546997 0.00337294
50 0.471491 0.706131 0.902232 0.563771 0.00313708
49 0.604331 0.0786989 0.242765 0.154355 0.00302562
50 0.732085 0.822252 0.298355 0.311489 0.00300053
45 0.483482 0.350892 0.386556 0.626018 0.00299084
41 0.733352 0.247378 0.496721 0.492525 0.00297925
45 0.957495 0.966126 0.0837688 0.0662473 0.00287923
47 0.772105 0.135016 0.094418 0.101888 0.00285825
50 0.736929 0.652653 0.257315 0.340065 0.00283784
49 0.712432 0.273519 0.0408152 0.0519583 0.00275755
46 0.811142 0.208014 0.169704 0.18305 0.00270346
50 0.643168 0.874177 0.275514 0.2422 0.00267756
52 0.17531 0.432793 0.349463 0.396592 0.00265399
49 0.343616 0.164083 0.144113 0.17898 0.00256148
50 0.683721 0.813402 0.203579 0.337741 0.00254288
49 0.649693 0.155353 0.133312 0.134765 0.00253654
50 0.627553 0.641924 0.14356 0.174256 0.00250736
49 0.149902 0.365922 0.299804 0.26611 0.00245929
47 0.720117 0.125186 0.0511438 0.0933013 0.00238344
47 0.795986 0.214095 0.136246 0.152334 0.00237632
43 0.890991 0.911511 0.218018 0.169028 0.00230917
50 0.561515 0.708024 0.318185 0.359107 0.00229415
49 0.698016 0.241189 0.072278 0.115324 0.00226212
60 0.93284 0.137033 0.13432 0.269176 0.00222197
51 0.17531 0.432793 0.349463 0.396592 0.00217122
44 0.434362 0.42456 0.071212 0.0841372 0.00213873
49 0.0897341 0.600808 0.178525 0.0647397 0.00213185
49 0.70622 0.263214 0.0547128 0.0728466 0.0021176
45 0.399635 0.584188 0.797602 0.441174 0.00211462
45 0.14658 0.216444 0.29316 0.226813 0.00207913
50 0.568385 0.641092 0.143646 0.159128 0.00204185
49 0.670005 0.0605909 0.087118 0.0816654 0.0020116
49 0.712755 0.281631 0.0399918 0.0363989 0.00198591
54 0.951507 0.753346 0.0965147 0.202574 0.00198153
49 0.794187 0.242987 0.142109 0.112345 0.00188458
47 0.679181 0.221774 0.108834 0.142227 0.00186762
47 0.34705 0.198424 0.155108 0.261207 0.00185019
50 0.623219 0.815233 0.254163 0.362798 0.00183418
45 0.887605 0.629625 0.22479 0.438031 0.00182658
60 0.676561 0.5 0.632717 1 0.00177395
46 0.654687 0.0521924 0.113364 0.104377 0.00176471
45 0.777294 0.696259 0.356892 0.587377 0.00171202
43 0.957486 0.96667 0.0844227 0.065029 0.00167921
45 0.197193 0.57115 0.392485 0.490634 0.00164089
49 0.680828 0.138456 0.121371 0.107857 0.00162265
55 0.346612 0.196499 0.153751 0.25797 0.00161779
48 0.897071 0.540414 0.205541 0.257483 0.00160393
51 0.431596 0.42771 0.0734846 0.090362 0.0016008
60 0.0685267 0.659638 0.135795 0.118021 0.00160012
47 0.692985 0.0995023 0.266652 0.195017 0.0015932
50 0.664512 0.763422 0.17249 0.43852 0.0015884
60 0.0760369 0.696795 0.151388 0.192159 0.00157285
45 0.952078 0.04801 0.0956833 0.0932819 0.00154501
47 0.462544 0.280818 0.272057 0.367247 0.00153893
48 0.338298 0.407479 0.676596 0.774217 0.00152627
47 0.0928292 0.403348 0.184774 0.32732 0.0015254
50 0.663872 0.556559 0.0933331 0.150734 0.00148252
46 0.34705 0.198424 0.155108 0.261207 0.00147706
42 0.432564 0.427178 0.0740649 0.0888821 0.00147402
46 0.720115 0.125807 0.0504522 0.093858 0.00147089
45 0.962054 0.332624 0.0758928 0.187361 0.00144896
49 0.695626 0.260722 0.0765966 0.0797063 0.0014489
50 0.577683 0.860768 0.174014 0.270923 0.0014396
60 0.339039 0.383629 0.674122 0.72671 0.0014202
50 0.598353 0.651733 0.0844838 0.195552 0.00140521
49 0.747274 0.271037 0.0390511 0.0562921 0.00138673
45 0.556383 0.5 0.861201 1 0.0013814
50 0.597806 0.914687 0.119021 0.119994 0.00138023
47 0.44089 0.0661879 0.119478 0.0823373 0.00137663
45 0.195492 0.656076 0.389654 0.304871 0.00137344
46 0.464504 0.285633 0.275832 0.375904 0.00136966
60 0.399635 0.584188 0.797602 0.441174 0.00133899
60 0.489633 0.200763 0.970754 0.387083 0.00133249
49 0.649997 0.083703 0.117601 0.107479 0.00131229
50 0.0966335 0.457987 0.190735 0.343681 0.00130439
47 0.552234 0.0600118 0.127646 0.11847 0.00129864
47 0.601739 0.0754886 0.078077 0.14683 0.00129434
60 0.880458 0.910159 0.237514 0.169266 0.00128627
50 0.494038 0.701389 0.179775 0.231554 0.00127992
50 0.636204 0.761775 0.268606 0.451384 0.00126764
49 0.667211 0.135966 0.0918226 0.0664705 0.00126424
46 0.77137 0.136734 0.0943588 0.101416 0.00124633
47 0.232233 0.27472 0.0952577 0.128653 0.00118065
47 0.790251 0.251581 0.132462 0.0967302 0.00116792
49 0.420364 0.18946 0.306057 0.332703 0.00115538
45 0.316263 0.517416 0.632526 0.590174 0.00115171
42 0.957486 0.96667 0.0844227 0.065029 0.00113919
46 0.676166 0.218786 0.115096 0.137025 0.00112972
48 0.275265 0.851947 0.492843 0.28235 0.00111452
50 0.797956 0.799842 0.178494 0.322243 0.00110155
45 0.436002 0.250831 0.481513 0.451588 0.00109369
55 0.338298 0.407479 0.676596 0.774217 0.00109005
49 0.727291 0.157123 0.487311 0.311222 0.00104791
45 0.886532 0.468303 0.226936 0.908258 0.00102749
49 0.588023 0.0978083 0.0539273 0.103239 0.00102201
48 0.346612 0.196499 0.153751 0.25797 0.00101569
47 0.0966335 0.457987 0.190735 0.343681 0.00100812
50 0.704596 0.867298 0.226617 0.234752 0.00100115
