79 0.21429 0.33551 0.254495 0.167923 0.835496
71 0.600052 0.847713 0.510108 0.288432 0.622204
79 0.412106 0.412632 0.26938 0.140718 0.518088
71 0.503866 0.586626 0.970491 0.803904 0.421654
71 0.204552 0.134307 0.407553 0.256959 0.119422
0 0.220199 0.706377 0.295241 0.573076 0.0447151
46 0.0533182 0.449004 0.104988 0.2755 0.0390789
0 0.0534786 0.449581 0.105311 0.277246 0.0312093
16 0.220347 0.706495 0.297053 0.57394 0.0215765
39 0.853327 0.359531 0.148108 0.480334 0.0165256
71 0.548215 0.127845 0.34539 0.251299 0.0140657
71 0.423954 0.496608 0.847909 0.984355 0.01392
15 0.220347 0.706495 0.297053 0.57394 0.0125881
76 0.41214 0.412282 0.270756 0.139681 0.0121675
71 0.27148 0.451646 0.526272 0.259114 0.0109211
71 0.548605 0.210144 0.342116 0.41087 0.00948772
52 0.0537609 0.448941 0.104759 0.274844 0.00836411
71 0.384902 0.150362 0.768384 0.290316 0.00825819
79 0.261302 0.452207 0.499627 0.26942 0.00814849
14 0.0533906 0.450057 0.105488 0.277492 0.00750113
39 0.966082 0.253459 0.0678354 0.501064 0.0072377
71 0.671391 0.827666 0.65334 0.324023 0.00567776
76 0.214244 0.334554 0.254462 0.171705 0.00549042
79 0.44725 0.408715 0.198469 0.12472 0.00517729
71 0.378796 0.22326 0.757591 0.441012 0.00508311
18 0.220466 0.70676 0.293856 0.576846 0.0034827
79 0.129477 0.377576 0.0876966 0.0824138 0.00340137
14 0.220466 0.70676 0.293856 0.576846 0.00335222
79 0.133327 0.362797 0.0983969 0.11164 0.00329179
44 0.214244 0.334554 0.254462 0.171705 0.00277093
79 0.17677 0.408573 0.345077 0.325936 0.00266626
61 0.96605 0.257575 0.0679003 0.499386 0.00264817
17 0.220341 0.705451 0.294266 0.576824 0.00264645
48 0.0537609 0.448941 0.104759 0.274844 0.002646
15 0.0533906 0.450057 0.105488 0.277492 0.00261235
39 0.214244 0.334554 0.254462 0.171705 0.0026117
79 0.239077 0.303528 0.206866 0.109398 0.00245252
25 0.212594 0.334953 0.258869 0.17077 0.0024125
77 0.220242 0.706096 0.295488 0.575434 0.00240543
55 0.0536342 0.450202 0.104976 0.275385 0.00219095
77 0.0534816 0.450364 0.10552 0.276439 0.00211358
61 0.423954 0.496608 0.847909 0.984355 0.00209358
44 0.409514 0.411475 0.273116 0.140869 0.0020768
25 0.412781 0.411962 0.268504 0.134297 0.00206578
61 0.203297 0.134095 0.406496 0.255426 0.00206435
39 0.0533182 0.449004 0.104988 0.2755 0.00205898
73 0.213957 0.335437 0.254376 0.169883 0.00203118
65 0.214244 0.334554 0.254462 0.171705 0.00202155
78 0.214244 0.334554 0.254462 0.171705 0.00200307
33 0.213957 0.335437 0.254376 0.169883 0.00191242
27 0.211644 0.334054 0.252905 0.17197 0.00185838
25 0.0533906 0.450057 0.105488 0.277492 0.00182134
79 0.272241 0.481853 0.495374 0.131289 0.00179482
41 0.853617 0.358628 0.146428 0.478241 0.00165212
79 0.271034 0.508402 0.0593688 0.076347 0.00163287
0 0.970471 0.25278 0.059059 0.500473 0.00156608
71 0.852855 0.358189 0.148488 0.478881 0.00152618
75 0.213957 0.335437 0.254376 0.169883 0.0014815
19 0.220466 0.70676 0.293856 0.576846 0.00142434
21 0.220466 0.70676 0.293856 0.576846 0.00134864
27 0.41214 0.412282 0.270756 0.139681 0.00126976
39 0.409514 0.411475 0.273116 0.140869 0.00125214
79 0.341151 0.458302 0.130821 0.0648421 0.00125051
16 0.0533906 0.450057 0.105488 0.277492 0.00124389
42 0.213957 0.335437 0.254376 0.169883 0.00123414
79 0.363851 0.450796 0.170111 0.0709092 0.00122559
79 0.36212 0.43222 0.159819 0.077894 0.00120017
71 0.660988 0.242893 0.626804 0.465645 0.00119475
71 0.965216 0.261807 0.0695681 0.507344 0.0011825
71 0.305179 0.290145 0.610358 0.569156 0.00116968
71 0.600591 0.762755 0.652826 0.444521 0.00114882
41 0.214244 0.334554 0.254462 0.171705 0.00111252
79 0.141321 0.394068 0.282642 0.165997 0.00109056
51 0.0534816 0.450364 0.10552 0.276439 0.00108683
23 0.220466 0.70676 0.293856 0.576846 0.00108618
65 0.408774 0.411976 0.275964 0.14387 0.00106311
79 0.225418 0.370741 0.29037 0.119078 0.00106013
41 0.500217 0.307474 0.254271 0.21399 0.00103253
78 0.409514 0.411475 0.273116 0.140869 0.00100222
79 0.364028 0.439715 0.202858 0.0700335 0.00100088
