59 0.512175 0.458586 0.973842 0.85931 0.700172
59 0.495666 0.252025 0.943118 0.439707 0.344908
60 0.217788 0.702123 0.3658 0.553584 0.154464
59 0.167346 0.957575 0.329896 0.081061 0.0850208
59 0.521915 0.197679 0.947697 0.304126 0.0372125
56 0.24188 0.826994 0.311768 0.310263 0.0340765
56 0.159307 0.953851 0.31679 0.0793037 0.0298037
59 0.485454 0.123237 0.882798 0.217808 0.029398
59 0.892169 0.502457 0.215465 0.744329 0.0281339
57 0.159307 0.953851 0.31679 0.0793037 0.0252201
59 0.505976 0.0802606 0.874102 0.135154 0.0169416
56 0.216474 0.703547 0.367119 0.549747 0.0156443
26 0.124157 0.100625 0.076654 0.0773934 0.0151882
24 0.124372 0.100783 0.074926 0.0779765 0.0101824
60 0.167346 0.957575 0.329896 0.081061 0.010166
56 0.838823 0.959838 0.321815 0.0802798 0.00889462
57 0.84258 0.958488 0.313624 0.0754077 0.00882974
56 0.148344 0.830314 0.12591 0.25916 0.00832903
14 0.126776 0.175862 0.0573661 0.0551033 0.008084
56 0.974218 0.74045 0.0514933 0.237652 0.00736761
26 0.131531 0.484239 0.0995214 0.169116 0.00730792
59 0.938508 0.236038 0.122706 0.194399 0.00722164
59 0.551651 0.213699 0.609049 0.0602844 0.00711748
73 0.97434 0.802373 0.0513205 0.114032 0.00596988
76 0.961385 0.211945 0.0760906 0.0526727 0.00532943
76 0.0950973 0.441434 0.0257009 0.0817549 0.00492817
56 0.202254 0.942317 0.390722 0.0989855 0.00478023
76 0.108407 0.450526 0.0388965 0.0855988 0.00470224
59 0.629982 0.207644 0.478108 0.0557611 0.00460315
59 0.835778 0.46901 0.327191 0.798 0.0044995
59 0.369194 0.170635 0.598279 0.0825091 0.00449625
76 0.0974732 0.447806 0.0321563 0.0949832 0.00444493
0 0.167346 0.957575 0.329896 0.081061 0.00437844
56 0.808815 0.96662 0.252085 0.066731 0.00397745
28 0.124372 0.100783 0.074926 0.0779765 0.00365388
59 0.752679 0.45234 0.49323 0.827119 0.00339073
59 0.872211 0.227927 0.255579 0.213584 0.0033083
56 0.235543 0.773308 0.299818 0.171745 0.0032014
56 0.235725 0.916482 0.323606 0.146055 0.00314829
39 0.126269 0.517435 0.0568702 0.100305 0.00284746
59 0.546314 0.239332 0.653927 0.113013 0.00276732
60 0.236913 0.54789 0.419677 0.232802 0.00271499
2 0.854451 0.222018 0.0197723 0.0168446 0.00270572
44 0.12713 0.175171 0.0567631 0.0532295 0.00257561
59 0.63808 0.18294 0.497367 0.0985861 0.00255242
26 0.00626818 0.311825 0.0109708 0.132432 0.00248668
59 0.122592 0.952873 0.243105 0.0781583 0.00243345
73 0.985306 0.67271 0.0293882 0.0989747 0.00241312
56 0.19877 0.875771 0.229957 0.190865 0.00233746
71 0.943379 0.264023 0.112881 0.0414242 0.00227937
56 0.256445 0.795307 0.342272 0.192476 0.0022617
56 0.146855 0.78315 0.122872 0.165416 0.002258
56 0.97428 0.803471 0.0512114 0.113805 0.00224814
58 0.416216 0.578456 0.0272239 0.056808 0.00219774
59 0.327597 0.177894 0.506734 0.10753 0.00218004
59 0.499325 0.632959 0.947634 0.678121 0.00209087
71 0.943497 0.242345 0.113007 0.0820855 0.00207683
59 0.838666 0.958107 0.322668 0.0786879 0.00204456
67 0.155418 0.456428 0.0535804 0.062856 0.00199488
59 0.564078 0.180407 0.627539 0.116799 0.00198796
60 0.235472 0.824206 0.317532 0.30879 0.00192717
59 0.255697 0.0849496 0.346659 0.108156 0.00190949
76 0.155418 0.456428 0.0535804 0.062856 0.00185624
76 0.12344 0.467564 0.0834846 0.136073 0.00182882
43 0.12713 0.175171 0.0567631 0.0532295 0.00178543
76 0.115356 0.457481 0.0278482 0.0640716 0.00175634
56 0.173531 0.781725 0.176253 0.161085 0.00172186
59 0.376062 0.147821 0.635679 0.123543 0.00169775
59 0.379101 0.258186 0.591746 0.125571 0.0016627
59 0.308336 0.122 0.447092 0.178671 0.0015972
56 0.151043 0.89307 0.127852 0.157858 0.00156912
77 0.85485 0.0708097 0.0513725 0.0541828 0.00150755
43 0.0950973 0.441434 0.0257009 0.0817549 0.00147817
59 0.400141 0.207208 0.591376 0.084796 0.00147042
24 0.154129 0.0794055 0.139361 0.119542 0.0014632
60 0.239999 0.773487 0.309497 0.17257 0.00135985
59 0.93679 0.374296 0.125893 0.548242 0.00135309
73 0.246584 0.774605 0.291191 0.177291 0.00131217
59 0.386945 0.363239 0.581119 0.160515 0.00129482
11 0.00619487 0.31617 0.0107992 0.121328 0.0011909
76 0.103212 0.441446 0.0354836 0.0793296 0.0011819
73 0.315289 0.773451 0.140761 0.16349 0.00117171
60 0.838666 0.958107 0.322668 0.0786879 0.00116673
76 0.106672 0.473871 0.0379534 0.0553457 0.0011659
0 0.460753 0.0733871 0.779118 0.13131 0.00114897
59 0.404448 0.293113 0.759658 0.39563 0.00113186
59 0.628557 0.168479 0.543908 0.104799 0.00109527
24 0.213817 0.0828562 0.259578 0.114857 0.00109461
76 0.952156 0.209686 0.0569687 0.0399654 0.00109133
73 0.00619487 0.31617 0.0107992 0.121328 0.00108647
75 0.125006 0.516255 0.0578711 0.10188 0.0010747
76 0.129813 0.454002 0.0222992 0.0614754 0.00107116
60 0.893928 0.502628 0.212144 0.750843 0.0010632
