0 0.505885 0.624001 0.16873 0.496215 0.917613
0 0.649755 0.763458 0.208487 0.464997 0.901584
0 0.745862 0.710305 0.1185 0.511851 0.868607
0 0.0313007 0.778296 0.0623955 0.427879 0.843225
34 0.0508831 0.914902 0.0507318 0.14993 0.54774
35 0.720636 0.775074 0.051226 0.0670921 0.172765
35 0.57062 0.55974 0.0282093 0.0479351 0.166899
35 0.597069 0.809649 0.0317894 0.0919942 0.0967025
34 0.0553587 0.926883 0.0415382 0.12152 0.0713869
34 0.711087 0.884216 0.0238647 0.145851 0.0559362
35 0.722237 0.789009 0.0460522 0.0775988 0.0555256
35 0.758098 0.602716 0.0389287 0.0855158 0.0472988
0 0.735506 0.852006 0.0859781 0.233088 0.0398885
35 0.759336 0.612207 0.0377539 0.0624783 0.0389442
32 0.570229 0.559643 0.0277527 0.0474233 0.0369538
0 0.720695 0.848612 0.059753 0.237742 0.036914
35 0.718411 0.761266 0.0632281 0.096651 0.0336919
35 0.717615 0.762722 0.0589648 0.0710361 0.0334474
34 0.574136 0.714271 0.058141 0.0934593 0.0319093
35 0.572166 0.70451 0.0593007 0.0873001 0.0228875
35 0.711375 0.752903 0.0508509 0.0860222 0.0227178
34 0.568411 0.698573 0.0642628 0.0972783 0.0186307
35 0.576287 0.722852 0.0566885 0.100153 0.0162714
34 0.788788 0.710185 0.083992 0.0484314 0.01595
35 0.724572 0.775644 0.0678684 0.0741027 0.0158519
35 0.768655 0.851661 0.0425645 0.0895334 0.014338
35 0.583363 0.732896 0.0424492 0.089316 0.0140378
35 0.718583 0.784594 0.0566124 0.102209 0.013958
34 0.718062 0.878962 0.036999 0.156669 0.0139101
34 0.720437 0.84716 0.0600011 0.240805 0.0127504
35 0.756312 0.584384 0.0282684 0.0609449 0.0121095
0 0.746431 0.636835 0.114414 0.365689 0.0117797
34 0.571809 0.698453 0.065277 0.132393 0.0116939
34 0.0330807 0.800802 0.0641531 0.38932 0.0110507
34 0.803915 0.711708 0.0605155 0.0490588 0.0101354
35 0.778777 0.578693 0.0482893 0.0898615 0.00987387
34 0.549388 0.672201 0.0604692 0.104482 0.00960881
34 0.709984 0.852587 0.0307379 0.23085 0.00920388
35 0.702594 0.749949 0.0365461 0.0782815 0.00906089
34 0.559114 0.688771 0.0891583 0.143548 0.00859407
35 0.594593 0.774944 0.0312563 0.156479 0.00810069
34 0.723062 0.893038 0.0511812 0.149703 0.00786155
32 0.910986 0.367437 0.0447376 0.0553352 0.00697085
35 0.786676 0.580317 0.0321106 0.0735263 0.00684273
35 0.750569 0.611134 0.0239712 0.0664565 0.00681266
35 0.789135 0.587349 0.0271484 0.0602918 0.0060102
35 0.775045 0.592249 0.047081 0.0969805 0.00598368
0 0.0114969 0.8636 0.0220357 0.269364 0.00570416
35 0.752463 0.625799 0.0296871 0.045256 0.00557649
35 0.769468 0.875101 0.0455395 0.137067 0.00533026
35 0.562929 0.795925 0.030864 0.0313985 0.00530991
34 0.558919 0.690443 0.0764087 0.112022 0.00527275
35 0.56132 0.696828 0.0772268 0.101978 0.00515556
35 0.758848 0.578124 0.0326368 0.0887924 0.00482398
32 0.541749 0.499513 0.0203579 0.0431797 0.00481781
35 0.756006 0.562033 0.0313322 0.0495588 0.00466725
35 0.491855 0.608396 0.0249033 0.0301333 0.00454533
0 0.660181 0.834346 0.179642 0.238769 0.00437188
0 0.771094 0.882363 0.0497648 0.153269 0.00424168
0 0.016148 0.85777 0.0316025 0.284459 0.00406441
32 0.491855 0.608396 0.0249033 0.0301333 0.00398156
34 0.818051 0.720318 0.0882854 0.0627782 0.00393856
35 0.571173 0.707491 0.0665813 0.115704 0.00375488
38 0.568411 0.698573 0.0642628 0.0972783 0.00372595
34 0.0363239 0.852578 0.0337923 0.0732034 0.00361297
34 0.582304 0.715846 0.0844425 0.132138 0.00358602
38 0.769384 0.850849 0.0426033 0.0838114 0.00353929
35 0.602263 0.812457 0.0425212 0.100788 0.00353137
0 0.0140614 0.89152 0.0264489 0.21442 0.00348943
38 0.571809 0.698453 0.065277 0.132393 0.00331602
35 0.715837 0.795131 0.0685398 0.164264 0.00298697
34 0.564148 0.667602 0.0770533 0.182285 0.00296444
35 0.0390003 0.849586 0.0279833 0.0553767 0.00295454
34 0.0302551 0.837279 0.0405736 0.0883252 0.00294346
38 0.560317 0.689534 0.0787371 0.118823 0.00283885
35 0.764221 0.606761 0.0551126 0.0761617 0.00276315
34 0.0337857 0.85107 0.0241902 0.066736 0.00265771
0 0.0201769 0.875834 0.0382963 0.241855 0.00262186
34 0.53659 0.665294 0.0439483 0.125958 0.00249147
35 0.541619 0.499021 0.0213776 0.0451201 0.00242427
0 0.7468 0.56607 0.114269 0.221336 0.00241223
34 0.543099 0.6793 0.0470467 0.126549 0.00237799
32 0.832021 0.475483 0.0486595 0.0501029 0.00226319
35 0.753526 0.65619 0.0517467 0.0525332 0.00218165
34 0.0442996 0.893997 0.0569432 0.18668 0.00215045
34 0.715212 0.756619 0.0600746 0.0730403 0.00214526
34 0.0241627 0.840312 0.0441006 0.123253 0.00213629
34 0.0244828 0.875445 0.0466831 0.244373 0.00212678
34 0.580455 0.725337 0.0485876 0.0847655 0.00204456
35 0.582304 0.715846 0.0844425 0.132138 0.00201443
35 0.759025 0.791509 0.0359512 0.0516169 0.00198212
0 0.0221242 0.846219 0.0433816 0.307562 0.00190988
35 0.730537 0.766579 0.0885761 0.0919484 0.00187436
35 0.723891 0.865293 0.0469379 0.165619 0.0018408
34 0.0390003 0.849586 0.0279833 0.0553767 0.00183663
34 0.715837 0.795131 0.0685398 0.164264 0.00180408
35 0.724262 0.813308 0.0504208 0.0717906 0.00178757
35 0.0386454 0.836434 0.0323548 0.0547127 0.00178391
35 0.570485 0.544517 0.0312733 0.079141 0.00176978
35 0.0302551 0.837279 0.0405736 0.0883252 0.00173184
34 0.665795 0.838593 0.167394 0.24643 0.00171489
35 0.723493 0.850264 0.0522999 0.230185 0.00168464
0 0.0242448 0.791395 0.0483513 0.271052 0.00165415
38 0.0509182 0.915836 0.0514201 0.149299 0.00150311
35 0.0336695 0.846956 0.0274411 0.0745603 0.00148189
38 0.564148 0.667602 0.0770533 0.182285 0.00147271
0 0.645313 0.748304 0.193715 0.248678 0.00144306
34 0.72358 0.877459 0.0448614 0.0962781 0.00143132
34 0.70523 0.882131 0.0355762 0.146106 0.00142863
35 0.75728 0.779549 0.0392183 0.0703292 0.0014143
26 0.596724 0.809923 0.0315733 0.0935361 0.0014025
35 0.761576 0.800597 0.0525341 0.0561418 0.00138062
35 0.765953 0.819077 0.0498034 0.10941 0.00137818
35 0.491471 0.603112 0.0247662 0.0314644 0.00136763
0 0.725111 0.759954 0.0782917 0.411616 0.00136304
34 0.518432 0.661254 0.0851143 0.126167 0.00132167
0 0.564515 0.68022 0.485081 0.486927 0.00132111
0 0.754004 0.731484 0.0577015 0.227265 0.00122643
34 0.701176 0.863104 0.049584 0.194073 0.0012145
34 0.723891 0.865293 0.0469379 0.165619 0.00119215
0 0.593617 0.836423 0.0533791 0.307463 0.00113857
35 0.782693 0.608964 0.0397022 0.0579369 0.00113651
34 0.794303 0.721614 0.142614 0.0732661 0.00113407
29 0.541619 0.499021 0.0213776 0.0451201 0.00112787
32 0.491471 0.603112 0.0247662 0.0314644 0.0011273
34 0.778391 0.704544 0.0869057 0.0419785 0.00111896
38 0.769468 0.875101 0.0455395 0.137067 0.00109839
0 0.61725 0.749563 0.14754 0.233762 0.00108293
35 0.72358 0.877459 0.0448614 0.0962781 0.00108153
0 0.692016 0.5962 0.0208069 0.0510436 0.00105026
35 0.76464 0.560196 0.025851 0.054037 0.00104555
32 0.72164 0.778195 0.0492119 0.073229 0.00104204
35 0.459736 0.572095 0.0205268 0.0239708 0.00103557
34 0.0386454 0.836434 0.0323548 0.0547127 0.00100979
