0 0.584498 0.368247 0.468119 0.562403 0.938372
0 0.195845 0.403984 0.373386 0.696846 0.920143
0 0.911008 0.415913 0.176913 0.519536 0.909348
56 0.395464 0.648559 0.36832 0.106966 0.906171
55 0.669524 0.783597 0.6159 0.223115 0.903224
43 0.669256 0.637433 0.117888 0.131515 0.87851
60 0.52817 0.800527 0.941192 0.376666 0.839227
41 0.713598 0.118767 0.0653993 0.0495455 0.791633
41 0.244078 0.769444 0.104438 0.106451 0.728146
41 0.711741 0.169142 0.0628627 0.0433734 0.629778
41 0.859231 0.120378 0.0578867 0.0401802 0.417063
41 0.853824 0.170433 0.0604079 0.0421813 0.407758
56 0.115771 0.952381 0.170334 0.0939953 0.39536
41 0.452402 0.23284 0.0559942 0.0389508 0.172556
39 0.845059 0.311169 0.0722138 0.12528 0.119439
41 0.943218 0.168175 0.0609691 0.0432356 0.0974413
41 0.444047 0.18574 0.047058 0.0441174 0.0964819
41 0.36164 0.229919 0.0448572 0.0378846 0.0764921
56 0.182396 0.952954 0.294648 0.0940929 0.0387951
45 0.784143 0.657632 0.162618 0.0543823 0.0296728
0 0.40488 0.518796 0.78306 0.914799 0.0216561
56 0.433211 0.288392 0.150748 0.0802441 0.018587
0 0.199381 0.57932 0.361654 0.764087 0.0181433
43 0.681642 0.662666 0.093865 0.0794477 0.0177706
60 0.527509 0.87662 0.939856 0.227681 0.0158626
56 0.54985 0.605619 0.202656 0.062488 0.0132072
43 0.657 0.624016 0.0929011 0.101682 0.0099631
60 0.538435 0.93421 0.92313 0.110702 0.00910524
76 0.669029 0.637224 0.117321 0.130573 0.00885984
56 0.519413 0.582443 0.146513 0.0149467 0.00742689
72 0.767002 0.304723 0.254446 0.135354 0.00615513
41 0.470784 0.229162 0.0942214 0.0460114 0.00584304
55 0.787823 0.657471 0.155655 0.054096 0.0048252
56 0.469494 0.953196 0.872218 0.0936089 0.00477567
41 0.45427 0.187739 0.0679393 0.0497058 0.00460368
43 0.65092 0.615715 0.0761202 0.0877598 0.0042848
56 0.523458 0.588937 0.155837 0.0284306 0.00423151
57 0.433211 0.288392 0.150748 0.0802441 0.00400913
41 0.777349 0.212813 0.0260074 0.0304034 0.00390515
41 0.932325 0.166763 0.0423653 0.0428019 0.0035657
41 0.186468 0.7583 0.0279171 0.0606703 0.00352156
68 0.764819 0.306887 0.245904 0.141177 0.00347096
41 0.798018 0.163554 0.0482436 0.0420853 0.00345513
72 0.433596 0.288505 0.151833 0.0817347 0.00332773
43 0.649076 0.652342 0.0604354 0.046558 0.00327975
41 0.493062 0.2335 0.0496443 0.0373936 0.00317895
74 0.687763 0.56389 0.0228063 0.0143409 0.0030677
43 0.639947 0.610596 0.0587323 0.0716928 0.00293028
62 0.767792 0.305201 0.252989 0.137393 0.00286412
60 0.868523 0.666928 0.261062 0.104417 0.00282824
41 0.763785 0.21278 0.0262306 0.0309281 0.0027273
43 0.622923 0.648408 0.0254062 0.0597597 0.00266641
56 0.870597 0.647713 0.253322 0.0681335 0.00260833
41 0.936138 0.171101 0.0482468 0.0358102 0.00251091
39 0.943243 0.167501 0.0611068 0.0448239 0.00250018
43 0.69086 0.667645 0.0699366 0.0698982 0.00236866
39 0.452706 0.232045 0.0565359 0.0406775 0.00230038
41 0.655047 0.112329 0.0310955 0.0418055 0.00229636
69 0.765412 0.304991 0.24032 0.137713 0.00208783
41 0.805367 0.162091 0.0365516 0.0427848 0.00204787
56 0.522216 0.577631 0.155156 0.0258299 0.00202161
72 0.800462 0.503405 0.115151 0.243409 0.00201273
60 0.780369 0.668245 0.439261 0.102839 0.00200841
41 0.893608 0.152233 0.0240925 0.0145398 0.00192168
60 0.868286 0.64915 0.252196 0.0706816 0.00189406
41 0.89223 0.165566 0.045036 0.0410777 0.00182649
56 0.9918 0.63157 0.0164004 0.100301 0.00179103
56 0.431925 0.418664 0.154652 0.342689 0.00175524
44 0.668619 0.637523 0.117535 0.131357 0.00172082
41 0.844366 0.311828 0.0706834 0.123191 0.00167212
41 0.458193 0.208112 0.0764006 0.0907962 0.00156677
56 0.554934 0.578264 0.221253 0.0282048 0.00156114
43 0.552955 0.60467 0.215981 0.0632769 0.00154668
41 0.793182 0.211412 0.0291295 0.0333695 0.0015243
43 0.687763 0.56389 0.0228063 0.0143409 0.00151813
41 0.214612 0.749589 0.0911485 0.0840752 0.00144646
41 0.656849 0.0980553 0.0216902 0.0124964 0.00143659
0 0.202063 0.684009 0.346786 0.558579 0.00142312
56 0.833879 0.640841 0.186463 0.0535021 0.00140747
45 0.943218 0.168175 0.0609691 0.0432356 0.00139257
46 0.361844 0.229762 0.0444971 0.0377325 0.00136745
41 0.802868 0.151652 0.0262169 0.0162928 0.00128874
0 0.410728 0.410551 0.821455 0.631682 0.00125176
43 0.632146 0.603116 0.0448554 0.0625596 0.00124264
56 0.333372 0.951699 0.601508 0.0966014 0.00123096
41 0.790942 0.157721 0.0589526 0.0539538 0.00122347
45 0.444047 0.18574 0.047058 0.0441174 0.00120413
42 0.669029 0.637224 0.117321 0.130573 0.00120261
67 0.687763 0.56389 0.0228063 0.0143409 0.00115591
72 0.742504 0.301788 0.184342 0.120169 0.00112945
45 0.859518 0.120654 0.0574273 0.0407382 0.00112
43 0.63776 0.635484 0.0599427 0.0854599 0.0011054
39 0.3617 0.229534 0.0448475 0.038388 0.00110257
56 0.817815 0.633942 0.146774 0.0388315 0.00106713
75 0.943218 0.168175 0.0609691 0.0432356 0.00105393
56 0.586009 0.603627 0.275153 0.0731308 0.00101855
40 0.777349 0.212813 0.0260074 0.0304034 0.0010159
