4 0.500709 0.49478 0.998582 0.983368 0.939813
2 0.152001 0.482378 0.12725 0.0819854 0.87182
0 0.0715107 0.458858 0.0124683 0.0310013 0.35621
7 0.803004 0.446161 0.109019 0.0443104 0.243312
0 0.0679443 0.470923 0.0201191 0.0585682 0.115682
2 0.164833 0.433943 0.0364962 0.0242311 0.108804
2 0.831336 0.446316 0.0530083 0.0398378 0.0953665
0 0.0617733 0.458426 0.0194021 0.0314102 0.0780583
7 0.770959 0.453591 0.0455009 0.0261622 0.0673926
2 0.770959 0.453591 0.0455009 0.0261622 0.0669286
2 0.803166 0.446401 0.109221 0.043835 0.0628151
2 0.685892 0.406168 0.019441 0.0201643 0.0571841
7 0.831972 0.446609 0.0517109 0.0409123 0.0529479
7 0.821599 0.446564 0.0728992 0.041519 0.042549
2 0.729575 0.412749 0.0241347 0.0158624 0.0352059
0 0.472164 0.29521 0.0598591 0.0665233 0.0339476
2 0.856886 0.41383 0.0145245 0.0159987 0.0316077
7 0.686078 0.404896 0.0213829 0.0201787 0.0313218
7 0.803308 0.432962 0.10908 0.0705387 0.0278981
4 0.831653 0.272351 0.336694 0.129896 0.0244264
2 0.821599 0.446564 0.0728992 0.041519 0.0237519
2 0.714759 0.409277 0.0221004 0.0179928 0.0217867
0 0.065099 0.45706 0.0270423 0.0373623 0.0186648
0 0.587115 0.332756 0.0531947 0.0350667 0.0176862
2 0.761508 0.413976 0.0256885 0.0146458 0.0172443
2 0.784182 0.415112 0.030348 0.0246495 0.0165844
2 0.78998 0.411872 0.0369001 0.026092 0.0156018
5 0.801896 0.445885 0.112761 0.0430995 0.0149901
7 0.714759 0.409277 0.0221004 0.0179928 0.0146997
0 0.465517 0.300499 0.0497837 0.0552242 0.0144583
2 0.130211 0.454688 0.0486162 0.0284431 0.0136576
7 0.71007 0.409164 0.0211512 0.0182725 0.0133181
2 0.770901 0.417419 0.0319778 0.020481 0.0127777
3 0.0715107 0.458858 0.0124683 0.0310013 0.0125118
7 0.801502 0.414763 0.101877 0.0298165 0.0123315
0 0.0666021 0.471227 0.0299136 0.0605539 0.0113483
7 0.729575 0.412749 0.0241347 0.0158624 0.0109063
7 0.856886 0.41383 0.0145245 0.0159987 0.00973397
3 0.0617733 0.458426 0.0194021 0.0314102 0.00872943
7 0.770901 0.417419 0.0319778 0.020481 0.00762755
7 0.784182 0.415112 0.030348 0.0246495 0.00754759
4 0.507812 0.316426 0.970012 0.625564 0.00742638
2 0.189325 0.46021 0.0669948 0.0362791 0.00736174
7 0.761508 0.413976 0.0256885 0.0146458 0.00725552
7 0.78998 0.411872 0.0369001 0.026092 0.00703117
2 0.129755 0.45666 0.0653412 0.0309625 0.00698927
7 0.152004 0.482528 0.127203 0.0832596 0.00680634
0 0.165735 0.450844 0.0349545 0.0195714 0.00665617
7 0.786984 0.413417 0.0580065 0.0287253 0.00661901
2 0.71007 0.409164 0.0211512 0.0182725 0.00657541
2 0.666881 0.408354 0.0188339 0.021029 0.00656486
7 0.164833 0.433943 0.0364962 0.0242311 0.00655565
7 0.781922 0.408652 0.066994 0.0215521 0.00618824
2 0.198076 0.46071 0.0545139 0.0316069 0.00529698
2 0.739713 0.413165 0.0367159 0.0170045 0.00519598
2 0.201429 0.465461 0.0377795 0.031751 0.00517356
2 0.0617733 0.458426 0.0194021 0.0314102 0.00509515
10 0.0715107 0.458858 0.0124683 0.0310013 0.00475094
0 0.582518 0.32618 0.0673893 0.0464977 0.00471577
2 0.134663 0.46046 0.0767108 0.0360975 0.00463745
7 0.764886 0.401149 0.0316884 0.0277215 0.00462219
0 0.0700308 0.452743 0.0171859 0.0437801 0.00433809
25 0.165052 0.434114 0.0354177 0.0247404 0.00408667
13 0.881863 0.446106 0.0300999 0.0198755 0.00399455
7 0.739713 0.413165 0.0367159 0.0170045 0.00395614
2 0.936791 0.405824 0.0133801 0.00885557 0.00382012
2 0.845161 0.414729 0.022982 0.0151878 0.00368854
7 0.779204 0.407517 0.0612782 0.036345 0.00359732
2 0.205965 0.455755 0.0551897 0.0387094 0.00356236
2 0.191147 0.486737 0.0682332 0.0728289 0.00346202
2 0.668014 0.408555 0.0254251 0.0228559 0.00342381
7 0.772547 0.446918 0.048295 0.039837 0.0033986
2 0.963492 0.404312 0.0195347 0.0104454 0.00332662
2 0.126907 0.478069 0.0758024 0.0732836 0.00329867
8 0.803074 0.445642 0.109784 0.0430268 0.00324881
7 0.701324 0.405004 0.0462994 0.0213859 0.00321919
9 0.944271 0.289962 0.0159668 0.0453314 0.00319541
3 0.0679443 0.470923 0.0201191 0.0585682 0.0029631
7 0.668014 0.408555 0.0254251 0.0228559 0.0029431
0 0.591447 0.342727 0.0616201 0.0562952 0.00290585
2 0.065099 0.45706 0.0270423 0.0373623 0.00289997
2 0.192633 0.44827 0.0976806 0.0473204 0.00279877
24 0.0715107 0.458858 0.0124683 0.0310013 0.00269708
5 0.685892 0.406168 0.019441 0.0201643 0.00266764
0 0.16516 0.434084 0.0359359 0.0250397 0.00265691
2 0.910889 0.405533 0.0114674 0.00941712 0.00265372
0 0.457048 0.304367 0.0476349 0.0504178 0.00264972
0 0.577658 0.325194 0.0809599 0.0558156 0.00262246
4 0.0523465 0.503203 0.103708 0.0310532 0.00258511
4 0.504762 0.736067 0.990476 0.496006 0.00257286
4 0.802251 0.44449 0.111253 0.0451783 0.00255513
7 0.714661 0.404285 0.024536 0.0224094 0.00241038
13 0.877167 0.436013 0.0419914 0.0388757 0.00236738
5 0.771029 0.453497 0.0451586 0.0266253 0.0022918
2 0.0715107 0.458858 0.0124683 0.0310013 0.00227922
2 0.190887 0.465642 0.053222 0.0362362 0.00227875
13 0.88006 0.443241 0.0363266 0.0248758 0.00224826
2 0.801502 0.414763 0.101877 0.0298165 0.00221309
8 0.685892 0.406168 0.019441 0.0201643 0.00220448
7 0.857142 0.408073 0.0201469 0.0174067 0.00212333
2 0.156754 0.440505 0.0591997 0.025812 0.00204462
0 0.500049 0.28203 0.0866625 0.0880242 0.00203517
7 0.822621 0.432327 0.0671173 0.0513932 0.00201237
7 0.872404 0.437014 0.0507242 0.0399872 0.00200558
0 0.0734871 0.457942 0.0178306 0.0317481 0.00198022
0 0.515696 0.277703 0.0298525 0.0812402 0.00197363
10 0.0617733 0.458426 0.0194021 0.0314102 0.00197047
4 0.779204 0.407517 0.0612782 0.036345 0.00192073
0 0.512228 0.280016 0.0654985 0.0890277 0.00187892
1 0.0715107 0.458858 0.0124683 0.0310013 0.00187063
3 0.0666021 0.471227 0.0299136 0.0605539 0.00186324
2 0.177917 0.486216 0.0780018 0.0725318 0.00185212
0 0.656303 0.402387 0.00777512 0.0262815 0.00184071
9 0.0715107 0.458858 0.0124683 0.0310013 0.00183272
2 0.734851 0.409356 0.0342848 0.0163781 0.00180295
2 0.786984 0.413417 0.0580065 0.0287253 0.00179967
1 0.0617733 0.458426 0.0194021 0.0314102 0.00179076
7 0.734851 0.409356 0.0342848 0.0163781 0.00178131
5 0.803308 0.432962 0.10908 0.0705387 0.00175121
6 0.803074 0.445642 0.109784 0.0430268 0.00172892
7 0.666881 0.408354 0.0188339 0.021029 0.00172216
4 0.052741 0.508663 0.0728935 0.0226448 0.00171879
8 0.714215 0.407059 0.0205817 0.017142 0.00167441
7 0.869352 0.42899 0.0572666 0.0433 0.00157627
2 0.772547 0.446918 0.048295 0.039837 0.00157323
0 0.561452 0.327344 0.100477 0.0650903 0.00153935
2 0.857142 0.408073 0.0201469 0.0174067 0.00153735
7 0.753038 0.399328 0.0585569 0.0378628 0.00152242
0 0.525582 0.281683 0.092399 0.0925486 0.00152138
4 0.763343 0.4013 0.0312212 0.0279709 0.00150621
5 0.831972 0.446609 0.0517109 0.0409123 0.00147465
7 0.845161 0.414729 0.022982 0.0151878 0.00147039
7 0.819074 0.41691 0.0522961 0.0223194 0.00146484
4 0.714215 0.407059 0.0205817 0.017142 0.00145158
2 0.152203 0.454943 0.0683989 0.0234253 0.00144565
5 0.714215 0.407059 0.0205817 0.017142 0.00144556
0 0.856886 0.41383 0.0145245 0.0159987 0.00142759
7 0.853774 0.403193 0.0844311 0.0712194 0.00142148
5 0.821599 0.446564 0.0728992 0.041519 0.00135913
0 0.588152 0.322509 0.0581596 0.0598504 0.00135338
2 0.21174 0.451678 0.0605581 0.0462812 0.00134513
4 0.685892 0.406168 0.019441 0.0201643 0.00132871
0 0.462927 0.331565 0.0554192 0.0403185 0.00132138
2 0.764886 0.401149 0.0316884 0.0277215 0.0013195
13 0.0617733 0.458426 0.0194021 0.0314102 0.00131187
0 0.386008 0.535765 0.0286806 0.0590168 0.00129819
10 0.0679443 0.470923 0.0201191 0.0585682 0.00128534
5 0.801502 0.414763 0.101877 0.0298165 0.00128162
2 0.803308 0.432962 0.10908 0.0705387 0.00127923
2 0.781922 0.408652 0.066994 0.0215521 0.00125733
4 0.786984 0.413417 0.0580065 0.0287253 0.0012337
24 0.0617733 0.458426 0.0194021 0.0314102 0.00120127
0 0.421331 0.843617 0.0129098 0.0258562 0.00118384
4 0.577787 0.191568 0.844426 0.383136 0.00118369
7 0.734938 0.401135 0.0745165 0.0372546 0.00117627
2 0.822621 0.432327 0.0671173 0.0513932 0.00115302
0 0.46963 0.31795 0.0619062 0.069905 0.00114202
5 0.781922 0.408652 0.066994 0.0215521 0.00112796
13 0.801896 0.445885 0.112761 0.0430995 0.00112462
4 0.781922 0.408652 0.066994 0.0215521 0.00109303
2 0.152113 0.464621 0.124771 0.061245 0.00104713
0 0.510418 0.250873 0.0157521 0.0329218 0.00103977
5 0.71007 0.409164 0.0211512 0.0182725 0.00102013
16 0.0617733 0.458426 0.0194021 0.0314102 0.00101784
