0 0.314553 0.575042 0.551589 0.8236 0.940894
68 0.894457 0.86079 0.209725 0.268995 0.874966
44 0.645348 0.785958 0.0408691 0.0589268 0.597064
44 0.62901 0.843225 0.0598763 0.0936215 0.465931
43 0.716198 0.807326 0.029173 0.100118 0.437237
44 0.642339 0.866147 0.0384039 0.0654899 0.426691
44 0.956937 0.638497 0.0117561 0.102311 0.387499
43 0.749173 0.823116 0.0278782 0.0780968 0.384316
43 0.744077 0.824464 0.0350607 0.0792972 0.331035
43 0.719641 0.852829 0.0281801 0.1784 0.323099
43 0.735099 0.814239 0.0279247 0.0959424 0.303516
43 0.750548 0.894258 0.0266012 0.069169 0.299996
43 0.561034 0.937725 0.0413961 0.121368 0.291843
44 0.646779 0.864626 0.0465839 0.0768408 0.28861
44 0.641939 0.39542 0.0231537 0.260155 0.277308
69 0.465921 0.905216 0.230049 0.178104 0.263597
43 0.727874 0.805827 0.0255074 0.107715 0.245367
43 0.712062 0.809658 0.0258013 0.0919798 0.233907
43 0.709856 0.853423 0.0341438 0.186343 0.21283
74 0.0235953 0.0361319 0.0456805 0.071418 0.198214
42 0.682147 0.802833 0.0346952 0.0801808 0.184585
43 0.684682 0.801761 0.0325057 0.082334 0.179837
43 0.73757 0.825508 0.0282669 0.0779535 0.178735
42 0.956979 0.63898 0.0119368 0.103583 0.169921
43 0.743645 0.931507 0.0395687 0.136842 0.161204
43 0.589825 0.964297 0.025288 0.0703965 0.148834
43 0.725611 0.79549 0.019191 0.0874638 0.138442
43 0.742086 0.866782 0.0439867 0.134103 0.138198
43 0.73936 0.796807 0.0208509 0.0857698 0.131417
43 0.742858 0.960109 0.0367191 0.0780432 0.130132
43 0.733189 0.862777 0.0420037 0.153885 0.129371
43 0.746078 0.906224 0.0365452 0.090453 0.125662
44 0.571238 0.274104 0.0374295 0.180758 0.112587
43 0.956181 0.637077 0.0117523 0.102933 0.109043
44 0.670716 0.397919 0.0291742 0.257106 0.108771
44 0.681829 0.801268 0.0358608 0.0814222 0.106283
43 0.7339 0.886828 0.0351978 0.100551 0.100323
43 0.586014 0.957581 0.0281452 0.0818383 0.0986125
74 0.0415001 0.065337 0.0820899 0.129893 0.0981915
44 0.654246 0.664829 0.0256258 0.180191 0.0906007
68 0.462096 0.907015 0.222174 0.181393 0.0900091
44 0.63235 0.927424 0.0245812 0.0737919 0.0896073
43 0.712197 0.923963 0.0413654 0.152073 0.0882086
43 0.73942 0.85029 0.0362102 0.131473 0.0855354
44 0.657675 0.941685 0.0461058 0.113894 0.0778195
43 0.581861 0.926216 0.0340199 0.142024 0.0757099
44 0.52259 0.653133 0.0167156 0.141511 0.0752009
44 0.623524 0.742608 0.0205778 0.0575073 0.0746123
44 0.589825 0.964297 0.025288 0.0703965 0.0743568
44 0.621794 0.846604 0.0428343 0.093912 0.0741169
44 0.627607 0.745387 0.0204897 0.052409 0.0727088
43 0.739801 0.914959 0.0400123 0.129206 0.0722048
44 0.637777 0.40123 0.0217682 0.245231 0.0711539
44 0.664374 0.851581 0.0255008 0.0661978 0.0702305
44 0.677847 0.924067 0.0219913 0.144424 0.0683789
44 0.66179 0.860747 0.0301992 0.0831468 0.0651338
43 0.704353 0.857492 0.0317101 0.17822 0.0650772
43 0.596651 0.903952 0.0206779 0.0937507 0.0628622
44 0.694203 0.915354 0.0241468 0.139594 0.0628179
43 0.680205 0.903145 0.021632 0.118236 0.0616401
43 0.717074 0.871348 0.0236752 0.16736 0.0603239
44 0.679325 0.675686 0.0212528 0.162924 0.060122
43 0.712008 0.950389 0.0356646 0.0986264 0.0553059
44 0.571393 0.640779 0.0152931 0.0866668 0.0545183
43 0.693397 0.90374 0.0220451 0.112837 0.0544837
44 0.624599 0.925748 0.033783 0.0724086 0.0532734
44 0.580806 0.781391 0.0761127 0.069486 0.0529939
44 0.707777 0.921827 0.0463829 0.156345 0.0513671
43 0.685886 0.85648 0.0422901 0.197886 0.0513655
44 0.5946 0.892364 0.0195869 0.0799145 0.0512117
44 0.649203 0.652265 0.0135783 0.162215 0.0503239
43 0.708961 0.899423 0.0410294 0.199119 0.0503179
43 0.653638 0.658904 0.0247965 0.181662 0.0500212
44 0.6904 0.920381 0.0216537 0.153282 0.0490759
69 0.0252433 0.915319 0.0503129 0.159125 0.0488279
43 0.621843 0.653823 0.0180252 0.154028 0.0464642
44 0.633931 0.946555 0.0262663 0.104305 0.0464466
43 0.682427 0.894582 0.0187338 0.102381 0.0462464
69 0.438605 0.917511 0.178433 0.159367 0.045691
41 0.0407322 0.668416 0.0176155 0.0536603 0.0433386
44 0.634024 0.400248 0.0193907 0.245976 0.0423271
44 0.620737 0.655589 0.0207315 0.161218 0.0418581
44 0.650816 0.402554 0.0395028 0.249965 0.0413848
43 0.993358 0.662162 0.00843124 0.0502581 0.0412387
44 0.655514 0.851621 0.039656 0.0663832 0.0409706
44 0.523126 0.669239 0.021279 0.161591 0.0403525
43 0.633931 0.946555 0.0262663 0.104305 0.0399087
44 0.664887 0.39887 0.0240534 0.261252 0.0395738
44 0.606555 0.8934 0.0226191 0.0967803 0.0394777
44 0.685967 0.910817 0.0200933 0.132844 0.0387752
44 0.589831 0.893706 0.0141951 0.0786726 0.0384205
42 0.570887 0.641755 0.0144825 0.0877691 0.0380739
44 0.638766 0.848378 0.0770962 0.102457 0.0375879
44 0.610005 0.895793 0.0223298 0.0851984 0.0375059
44 0.634405 0.968553 0.0273888 0.062418 0.0374702
44 0.653332 0.717075 0.0236793 0.0751633 0.036924
44 0.603783 0.905476 0.014575 0.0925071 0.0369104
43 0.678708 0.828599 0.0293875 0.132307 0.0356371
43 0.677847 0.924067 0.0219913 0.144424 0.0348347
42 0.567726 0.834295 0.0438238 0.0616661 0.0333427
44 0.577362 0.76777 0.0594999 0.0898783 0.0327924
44 0.993358 0.662162 0.00843124 0.0502581 0.0326569
43 0.603783 0.905476 0.014575 0.0925071 0.0322606
44 0.620372 0.9167 0.0255587 0.05712 0.0320455
44 0.635653 0.371208 0.0193634 0.216757 0.0318114
44 0.650558 0.658903 0.0198616 0.179231 0.031464
43 0.679325 0.675686 0.0212528 0.162924 0.0310699
43 0.575309 0.907705 0.0262302 0.0948968 0.0309762
42 0.714936 0.805917 0.0286411 0.0963235 0.030853
44 0.690409 0.974067 0.01782 0.0506153 0.0308473
43 0.621992 0.638017 0.0144579 0.128045 0.0305547
44 0.595006 0.779569 0.0447136 0.0631741 0.0305433
44 0.620032 0.973339 0.0431944 0.0533221 0.0302357
44 0.656532 0.979956 0.0412114 0.0366334 0.0302123
43 0.6904 0.920381 0.0216537 0.153282 0.0300944
43 0.636762 0.386556 0.0198109 0.247987 0.0292726
43 0.579038 0.89436 0.0290719 0.080887 0.0290908
44 0.651009 0.897921 0.0491289 0.05627 0.0277673
44 0.579236 0.881471 0.0251982 0.0528371 0.0276363
44 0.640992 0.91714 0.0324571 0.0798227 0.0272221
44 0.572769 0.857005 0.0614777 0.106659 0.027095
42 0.587133 0.960817 0.0243738 0.0745998 0.0268932
44 0.681689 0.929786 0.0233253 0.133471 0.026389
43 0.634128 0.977263 0.0262041 0.0435872 0.0261709
44 0.658786 0.404941 0.0567575 0.254542 0.0260277
44 0.631181 0.660305 0.0164799 0.16408 0.025789
43 0.649203 0.652265 0.0135783 0.162215 0.0251826
51 0.589079 0.756055 0.0173573 0.0617893 0.0250884
68 0.026958 0.795234 0.0527415 0.105056 0.0249017
44 0.447514 0.266047 0.15027 0.36532 0.0247089
44 0.665617 0.387949 0.0149707 0.223281 0.0246274
44 0.683903 0.866077 0.0245089 0.128098 0.0244091
44 0.562812 0.767523 0.0252186 0.0881739 0.0242553
43 0.567332 0.834551 0.0467436 0.0643156 0.0240214
44 0.657996 0.935721 0.0397694 0.0840921 0.0238881
43 0.58781 0.93488 0.0276106 0.127688 0.023809
44 0.580741 0.807168 0.0744174 0.126392 0.0235616
43 0.5946 0.892364 0.0195869 0.0799145 0.0234855
44 0.634128 0.977263 0.0262041 0.0435872 0.0232112
44 0.574021 0.648857 0.0212685 0.102056 0.0231597
43 0.565385 0.956493 0.0282856 0.0856217 0.0227719
44 0.616981 0.976962 0.0357267 0.0435055 0.0227541
44 0.561351 0.938023 0.0396692 0.121278 0.0226009
45 0.62901 0.843225 0.0598763 0.0936215 0.0223831
42 0.993358 0.662162 0.00843124 0.0502581 0.0218846
43 0.57244 0.883081 0.0379837 0.0588189 0.0218104
44 0.644244 0.414833 0.0197102 0.225099 0.0215146
44 0.679387 0.908704 0.0215666 0.117671 0.0214274
68 0.0369957 0.616137 0.0718199 0.22079 0.0213184
44 0.527709 0.669879 0.03167 0.170597 0.0211816
44 0.638842 0.365725 0.0178991 0.206574 0.0209475
42 0.640934 0.395 0.0232834 0.260425 0.0209334
43 0.63235 0.927424 0.0245812 0.0737919 0.020856
43 0.664887 0.39887 0.0240534 0.261252 0.0208066
43 0.678856 0.62753 0.0167128 0.108479 0.0207211
43 0.647527 0.640104 0.0123437 0.144063 0.0204965
44 0.714936 0.805917 0.0286411 0.0963235 0.0199892
44 0.594483 0.777093 0.0292033 0.0620655 0.0199568
44 0.643521 0.657989 0.0126769 0.16821 0.0198849
43 0.67696 0.802259 0.0280767 0.0804392 0.0198424
43 0.65385 0.948304 0.0503006 0.0984747 0.0196126
44 0.61191 0.879584 0.0205837 0.0604421 0.0195808
43 0.653189 0.658272 0.0172912 0.174818 0.0195231
43 0.575141 0.884121 0.0262993 0.0596112 0.019512
42 0.653512 0.668939 0.0237297 0.163651 0.0193555
44 0.590025 0.755208 0.0182369 0.0563816 0.0192795
43 0.601143 0.919418 0.0202463 0.0850761 0.01911
44 0.596651 0.903952 0.0206779 0.0937507 0.018548
44 0.647191 0.403692 0.0276682 0.244732 0.0185255
44 0.63962 0.653067 0.014008 0.155666 0.0184809
44 0.667189 0.846639 0.0232003 0.059552 0.0178817
42 0.580344 0.804241 0.0743595 0.117223 0.0178616
42 0.672722 0.40186 0.0273625 0.237657 0.0176449
43 0.711784 0.965987 0.0338711 0.0680258 0.0176158
43 0.589831 0.893706 0.0141951 0.0786726 0.0176051
42 0.741778 0.823725 0.0347799 0.0812136 0.0174034
44 0.679983 0.636113 0.0170532 0.0761977 0.0173401
44 0.661461 0.658203 0.0182383 0.177151 0.0169328
69 0.528339 0.905964 0.356168 0.188073 0.0166247
44 0.639943 0.970652 0.0350218 0.0565683 0.016416
44 0.671265 0.936448 0.0265176 0.101194 0.0163949
44 0.620245 0.958216 0.0379303 0.0777596 0.0163397
44 0.570902 0.669856 0.0236815 0.146265 0.0162758
44 0.570375 0.651214 0.0193295 0.108845 0.0162322
41 0.0435367 0.652171 0.0256245 0.107394 0.0162162
42 0.711222 0.809981 0.0233013 0.0917217 0.0162052
43 0.716269 0.906318 0.0242999 0.148252 0.0162033
43 0.623524 0.742608 0.0205778 0.0575073 0.0161421
43 0.685967 0.910817 0.0200933 0.132844 0.0159987
44 0.601143 0.919418 0.0202463 0.0850761 0.0158428
73 0.0406682 0.62417 0.0624792 0.200657 0.0157757
44 0.578593 0.7279 0.044171 0.0817977 0.0157157
43 0.634405 0.968553 0.0273888 0.062418 0.0157107
44 0.579038 0.89436 0.0290719 0.080887 0.0156689
43 0.562812 0.767523 0.0252186 0.0881739 0.0155492
44 0.591555 0.735981 0.0209242 0.0912042 0.0154854
51 0.59801 0.779328 0.0413188 0.0618349 0.0153872
69 0.466662 0.847352 0.234766 0.290147 0.0153531
43 0.624599 0.925748 0.033783 0.0724086 0.0152904
44 0.57244 0.883081 0.0379837 0.0588189 0.0152442
44 0.737976 0.927519 0.0471577 0.140465 0.0151515
43 0.661461 0.658203 0.0182383 0.177151 0.0151472
44 0.575141 0.884121 0.0262993 0.0596112 0.0150471
44 0.572468 0.266253 0.0271585 0.181484 0.0150203
42 0.571238 0.274104 0.0374295 0.180758 0.0148454
44 0.580979 0.260362 0.0509525 0.221362 0.0147753
44 0.661174 0.885773 0.026931 0.0372929 0.0146122
42 0.575762 0.643413 0.0153437 0.087136 0.0145971
43 0.62101 0.673798 0.0209708 0.185201 0.014596
44 0.581425 0.775316 0.0793043 0.106924 0.0145242
43 0.68025 0.63684 0.0170521 0.0786579 0.0144281
42 0.649203 0.652265 0.0135783 0.162215 0.014354
43 0.631181 0.660305 0.0164799 0.16408 0.0141524
44 0.682427 0.894582 0.0187338 0.102381 0.014035
42 0.636762 0.386556 0.0198109 0.247987 0.0139913
43 0.656532 0.979956 0.0412114 0.0366334 0.0138078
42 0.748067 0.821286 0.0338926 0.0771845 0.0137834
43 0.697507 0.922996 0.0303699 0.152823 0.0137114
44 0.627557 0.653739 0.0188145 0.153529 0.013634
43 0.645101 0.78569 0.0408283 0.0586469 0.0135729
43 0.630281 0.743163 0.0192365 0.0564096 0.0134236
43 0.687224 0.793314 0.026086 0.0737848 0.0134187
44 0.678708 0.828599 0.0293875 0.132307 0.0132808
43 0.643521 0.657989 0.0126769 0.16821 0.0132004
69 0.895137 0.86163 0.20908 0.268478 0.0131778
44 0.575762 0.643413 0.0153437 0.087136 0.0131154
44 0.58781 0.93488 0.0276106 0.127688 0.0131111
44 0.597977 0.863052 0.0245075 0.124001 0.0130909
68 0.0404972 0.623989 0.0521316 0.200054 0.0129681
43 0.580344 0.804241 0.0743595 0.117223 0.0128503
69 0.416235 0.923413 0.132041 0.148449 0.0127153
42 0.713207 0.844556 0.0303333 0.173109 0.0125484
43 0.676443 0.70774 0.0242653 0.236693 0.0125466
40 0.956979 0.63898 0.0119368 0.103583 0.0124415
42 0.667189 0.846639 0.0232003 0.059552 0.0123613
43 0.639943 0.970652 0.0350218 0.0565683 0.0122317
44 0.586014 0.957581 0.0281452 0.0818383 0.0122228
43 0.568151 0.853 0.0509642 0.100986 0.0121887
44 0.746078 0.906224 0.0365452 0.090453 0.0121673
43 0.579236 0.881471 0.0251982 0.0528371 0.012054
44 0.693598 0.424574 0.0140778 0.272302 0.0119946
43 0.597977 0.863052 0.0245075 0.124001 0.0118531
42 0.658183 0.406409 0.0505228 0.245447 0.0117326
44 0.566691 0.835263 0.0456173 0.0638751 0.0117227
42 0.737351 0.805228 0.0268673 0.108472 0.0117024
42 0.664887 0.39887 0.0240534 0.261252 0.0115913
44 0.750548 0.894258 0.0266012 0.069169 0.011534
44 0.571839 0.256608 0.0209475 0.162985 0.0114757
44 0.674544 0.668118 0.0187395 0.157153 0.0114707
44 0.600611 0.776719 0.0327624 0.0560431 0.0113269
44 0.635496 0.666872 0.0184149 0.185684 0.0112958
44 0.670554 0.91653 0.0282619 0.0983241 0.011289
43 0.620032 0.973339 0.0431944 0.0533221 0.0111586
42 0.522501 0.652186 0.0165396 0.140331 0.0111513
44 0.646195 0.746361 0.0400204 0.0361328 0.0111275
43 0.690409 0.974067 0.01782 0.0506153 0.0111023
42 0.561928 0.937182 0.041734 0.12225 0.0110511
42 0.645101 0.78569 0.0408283 0.0586469 0.0109838
43 0.728041 0.960414 0.0656096 0.0791715 0.010948
44 0.621157 0.750467 0.0285463 0.0782139 0.0109332
72 0.0386998 0.624347 0.0669605 0.20123 0.0108448
43 0.66262 0.944247 0.0411294 0.106032 0.0108029
45 0.645348 0.785958 0.0408691 0.0589268 0.0107073
44 0.65344 0.748249 0.0284149 0.024481 0.0106043
44 0.621083 0.777161 0.0220153 0.0552061 0.0105393
43 0.63962 0.653067 0.014008 0.155666 0.0104744
41 0.0380543 0.678569 0.0217454 0.0809309 0.0104294
43 0.681689 0.929786 0.0233253 0.133471 0.0103905
42 0.562812 0.767523 0.0252186 0.0881739 0.0103477
42 0.687224 0.793314 0.026086 0.0737848 0.0102215
44 0.59478 0.201901 0.0438143 0.173266 0.0101469
68 0.843889 0.861785 0.310696 0.276431 0.0101251
42 0.650558 0.658903 0.0198616 0.179231 0.00988016
43 0.667189 0.846639 0.0232003 0.059552 0.00980046
44 0.583299 0.76986 0.0210638 0.0537801 0.00968572
44 0.607188 0.81844 0.025791 0.0496543 0.00960058
44 0.57845 0.229641 0.0205947 0.158791 0.00951985
68 0.0250671 0.895157 0.0492709 0.116317 0.00949204
43 0.595006 0.779569 0.0447136 0.0631741 0.00935739
44 0.660425 0.389407 0.016399 0.243605 0.00934404
43 0.627557 0.653739 0.0188145 0.153529 0.00934353
44 0.748067 0.821286 0.0338926 0.0771845 0.00925091
44 0.622678 0.649164 0.0157411 0.148629 0.00922766
42 0.73942 0.85029 0.0362102 0.131473 0.00918126
44 0.737351 0.805228 0.0268673 0.108472 0.00901401
39 0.0404972 0.623989 0.0521316 0.200054 0.00899935
42 0.57244 0.883081 0.0379837 0.0588189 0.00898194
44 0.0448307 0.629864 0.0294305 0.151952 0.00889862
42 0.628964 0.739388 0.0208152 0.0626505 0.00889295
42 0.574021 0.648857 0.0212685 0.102056 0.00886467
44 0.645646 0.979749 0.0415983 0.0390026 0.00885785
51 0.594483 0.777093 0.0292033 0.0620655 0.00881866
40 0.0448307 0.629864 0.0294305 0.151952 0.00880656
43 0.581095 0.775877 0.0734638 0.0780754 0.00877455
43 0.683903 0.866077 0.0245089 0.128098 0.0087738
44 0.0446534 0.619452 0.0246262 0.0462859 0.00874504
43 0.606555 0.8934 0.0226191 0.0967803 0.00874084
43 0.563691 0.907381 0.0430302 0.0869474 0.00873864
43 0.698321 0.893406 0.0232425 0.0970339 0.00870669
44 0.990987 0.661043 0.0105318 0.0536072 0.0086849
