3 0.464994 0.641837 0.848232 0.53765 0.931354
0 0.506975 0.440717 0.574667 0.646195 0.863549
0 0.608684 0.290752 0.187455 0.286663 0.300149
0 0.436939 0.284783 0.42231 0.337266 0.093124
0 0.652224 0.44955 0.33596 0.613955 0.0610623
0 0.676903 0.386544 0.323725 0.482117 0.0114191
0 0.666288 0.548809 0.329369 0.346831 0.0085299
0 0.589995 0.451563 0.49743 0.615144 0.00738832
0 0.444029 0.395582 0.456078 0.551875 0.00292042
0 0.494136 0.2399 0.244574 0.235483 0.00242487
0 0.486486 0.339888 0.527154 0.443674 0.00219172
0 0.539643 0.259069 0.236707 0.196861 0.00189534
0 0.672618 0.293887 0.317399 0.297316 0.00185269
16 0.523862 0.313826 0.0805155 0.0824164 0.00176007
3 0.474995 0.563887 0.802339 0.388233 0.00169858
0 0.611719 0.246536 0.178146 0.198844 0.0014776
