0 0.506096 0.623977 0.16923 0.495813 0.912685
0 0.649233 0.762765 0.207909 0.464275 0.90347
0 0.745206 0.710417 0.119218 0.511861 0.862105
0 0.0313937 0.778329 0.0624728 0.428069 0.841865
34 0.0514309 0.915942 0.0502393 0.14806 0.508664
35 0.570364 0.559722 0.0285107 0.0488605 0.275102
35 0.721335 0.773398 0.0507242 0.0686839 0.246811
34 0.0555297 0.928581 0.0416124 0.118682 0.128831
35 0.597151 0.808932 0.0319345 0.0922666 0.105574
35 0.722323 0.7883 0.0455538 0.0780894 0.080733
35 0.718705 0.761948 0.0632496 0.0926257 0.0608808
35 0.718019 0.764959 0.0584892 0.0660692 0.0506207
35 0.572275 0.708369 0.0574013 0.0771292 0.0461066
0 0.720304 0.850069 0.0596848 0.236102 0.044078
0 0.741872 0.85287 0.0999155 0.231461 0.0426169
34 0.710987 0.887052 0.0237659 0.141462 0.0371662
35 0.756869 0.609025 0.0362011 0.0731071 0.0344672
32 0.570413 0.559723 0.0281445 0.0475606 0.0306832
34 0.574205 0.714676 0.0569603 0.0886014 0.0302544
0 0.74547 0.635105 0.115878 0.359976 0.0261485
35 0.762239 0.612178 0.0329956 0.0612066 0.0255511
35 0.576827 0.723663 0.055231 0.0990517 0.0236872
35 0.768716 0.851407 0.0421637 0.0844987 0.0228851
35 0.75349 0.628952 0.0319445 0.037256 0.0220681
35 0.707882 0.750849 0.0445677 0.0698793 0.0201738
35 0.719369 0.783297 0.0554188 0.093462 0.0179238
35 0.759534 0.597157 0.0399689 0.0903776 0.0177183
35 0.586389 0.733575 0.0357965 0.0820908 0.0170518
34 0.0458385 0.901645 0.0594254 0.178968 0.0136633
34 0.799388 0.711236 0.061504 0.0462376 0.0120492
35 0.782138 0.578701 0.0408566 0.0851138 0.0116125
35 0.5951 0.785476 0.0306705 0.135099 0.011385
35 0.756036 0.618543 0.0443544 0.0588612 0.00989899
35 0.755904 0.582392 0.0275525 0.0571612 0.00972962
34 0.720714 0.88396 0.0412804 0.148127 0.00941342
35 0.491551 0.608775 0.0254189 0.0303268 0.00842199
0 0.653601 0.834357 0.194079 0.232835 0.00780976
34 0.0311427 0.799442 0.0607648 0.391181 0.00745371
35 0.786508 0.58165 0.0316185 0.0701055 0.00739709
35 0.749652 0.613981 0.0220716 0.0611646 0.00718522
35 0.769437 0.872743 0.0453329 0.128441 0.00717586
35 0.0392693 0.850444 0.0270868 0.0524901 0.00677028
35 0.789033 0.588141 0.0265339 0.0581487 0.00670734
35 0.778897 0.593977 0.0359083 0.0862521 0.00667739
35 0.582453 0.711567 0.0408493 0.0603223 0.0061599
34 0.0351392 0.855798 0.0244889 0.0603588 0.00596035
35 0.759263 0.575508 0.0314489 0.0830546 0.00584915
32 0.541729 0.499615 0.0202767 0.0432029 0.00550368
34 0.564319 0.695036 0.0689482 0.104598 0.00516388
34 0.715137 0.854868 0.0420297 0.225105 0.00490475
32 0.911479 0.367614 0.0443727 0.0551694 0.00488687
0 0.0116286 0.863649 0.0222603 0.269375 0.00486058
35 0.563061 0.795828 0.0307111 0.0318141 0.00461218
35 0.755604 0.561859 0.0323094 0.0503067 0.00445935
34 0.722645 0.894719 0.0519593 0.146435 0.00445211
34 0.553998 0.685471 0.0653007 0.0899183 0.00427604
34 0.723646 0.862349 0.0480119 0.208282 0.00420412
0 0.771347 0.879444 0.0506828 0.165561 0.0039027
35 0.716132 0.796278 0.067674 0.155356 0.0036557
0 0.0158681 0.858441 0.0310413 0.283117 0.00364214
34 0.044081 0.883349 0.0398367 0.11473 0.00357983
35 0.747146 0.609424 0.0155754 0.0683202 0.00352806
32 0.491551 0.608775 0.0254189 0.0303268 0.00350082
35 0.036101 0.854718 0.0231642 0.0573598 0.00335208
34 0.549486 0.674053 0.060619 0.0981454 0.00329518
34 0.0392693 0.850444 0.0270868 0.0524901 0.00326759
34 0.720026 0.848221 0.061421 0.239633 0.00321558
34 0.0314217 0.838693 0.0398098 0.0859297 0.00308195
35 0.0396228 0.840023 0.0299789 0.0484309 0.0030199
35 0.754831 0.656076 0.048428 0.0466693 0.00295246
0 0.0141705 0.892235 0.0265506 0.212767 0.00287828
34 0.785806 0.710062 0.0847794 0.0504002 0.00282884
35 0.564319 0.695036 0.0689482 0.104598 0.00280854
35 0.763004 0.612168 0.0527161 0.0637409 0.00279284
35 0.602405 0.81236 0.0426149 0.100116 0.00274563
38 0.570876 0.707714 0.0587835 0.0772807 0.002745
35 0.0314217 0.838693 0.0398098 0.0859297 0.00266296
35 0.491022 0.603128 0.0253198 0.0315164 0.00260684
35 0.57073 0.544941 0.0310926 0.0788656 0.00259149
35 0.54154 0.499011 0.0214287 0.0448247 0.00256935
34 0.0247403 0.840044 0.0424819 0.0917765 0.00252271
0 0.731016 0.864672 0.0769178 0.209403 0.00241286
34 0.81668 0.721139 0.0831833 0.0574755 0.00229082
34 0.0240729 0.878774 0.0452297 0.23566 0.00225928
35 0.72377 0.878422 0.0464602 0.131428 0.00224823
0 0.0200785 0.877114 0.0377701 0.239817 0.0021874
35 0.574382 0.742136 0.058691 0.119832 0.00208884
0 0.746541 0.561611 0.114655 0.21241 0.00202608
0 0.724459 0.842455 0.0491857 0.196991 0.00199741
35 0.724459 0.842455 0.0491857 0.196991 0.00199702
35 0.75899 0.7938 0.0362803 0.0464592 0.0019587
35 0.765138 0.549719 0.0228382 0.0328955 0.00194302
34 0.541746 0.672225 0.0414061 0.0987818 0.00189546
35 0.725578 0.820021 0.047966 0.0567884 0.00172353
0 0.753548 0.732345 0.0587048 0.227203 0.00168473
38 0.564319 0.695036 0.0689482 0.104598 0.00167772
0 0.723718 0.762166 0.0746139 0.406023 0.00166106
38 0.0528267 0.924859 0.0470117 0.127249 0.00145951
35 0.765617 0.81206 0.0477966 0.0568367 0.001421
35 0.762544 0.804151 0.0478037 0.0435135 0.00140792
0 0.769437 0.872743 0.0453329 0.128441 0.00139639
38 0.769124 0.8528 0.0430931 0.0843287 0.00138149
35 0.464654 0.578583 0.0135546 0.0223689 0.00138131
35 0.753952 0.780695 0.0471653 0.0677265 0.00137103
0 0.558091 0.680011 0.4982 0.489127 0.00136843
34 0.715327 0.758801 0.0598001 0.0665423 0.00136372
35 0.46018 0.573713 0.0195742 0.0206076 0.00135115
0 0.0243167 0.790143 0.0485172 0.233995 0.00132594
34 0.0396228 0.840023 0.0299789 0.0484309 0.0013147
35 0.718208 0.846862 0.0589671 0.244245 0.00128162
35 0.614275 0.72598 0.139884 0.136958 0.00123009
34 0.705125 0.889619 0.0352508 0.132217 0.00117514
35 0.586574 0.732396 0.0457531 0.100452 0.0011633
34 0.580684 0.726684 0.0477341 0.0830704 0.00115195
32 0.722079 0.775425 0.0488538 0.0702131 0.00111631
35 0.782969 0.609368 0.0384346 0.0570508 0.00111526
32 0.491022 0.603128 0.0253198 0.0315164 0.00109041
35 0.572437 0.722778 0.0601919 0.134356 0.00108325
32 0.832223 0.474921 0.051083 0.0524529 0.00108194
34 0.582453 0.711567 0.0408493 0.0603223 0.00107935
35 0.0247403 0.840044 0.0424819 0.0917765 0.00107679
26 0.596764 0.809199 0.0316393 0.0931783 0.00107327
34 0.716132 0.796278 0.067674 0.155356 0.00104743
29 0.54154 0.499011 0.0214287 0.0448247 0.00102171
35 0.453251 0.556032 0.026097 0.0438677 0.00100717
