15 0.367415 0.544887 0.522003 0.896415 0.91717
65 0.823286 0.589351 0.275068 0.221728 0.8544
65 0.768739 0.48916 0.298543 0.161613 0.733638
58 0.912719 0.291175 0.173372 0.56654 0.693833
57 0.494497 0.498188 0.946565 0.99297 0.611149
65 0.78515 0.556017 0.35336 0.293465 0.56043
58 0.912186 0.478127 0.173919 0.948334 0.45
56 0.458198 0.499654 0.896522 0.997023 0.152896
57 0.299747 0.282787 0.596735 0.549413 0.0477806
0 0.47771 0.502011 0.940128 0.993636 0.0347385
58 0.759605 0.489634 0.475696 0.963245 0.031896
59 0.499005 0.500439 0.952873 0.999122 0.0305074
65 0.676989 0.374436 0.0890621 0.0823171 0.0223401
73 0.776461 0.534268 0.329639 0.27517 0.0200963
65 0.800409 0.504668 0.23192 0.136969 0.0131555
28 0.746105 0.723443 0.450768 0.521953 0.0120237
57 0.367546 0.746856 0.728601 0.480942 0.0110166
26 0.746069 0.711002 0.452269 0.542099 0.0100991
57 0.501175 0.706215 0.940149 0.56846 0.00822923
24 0.745852 0.728874 0.44857 0.508576 0.0072698
65 0.75004 0.470194 0.28024 0.126694 0.00725704
67 0.768793 0.492599 0.293384 0.158449 0.00658712
57 0.751252 0.503315 0.490448 0.980697 0.00620496
73 0.788558 0.587579 0.344304 0.231645 0.0058735
28 0.398991 0.749239 0.793043 0.481122 0.0046865
64 0.676989 0.374436 0.0890621 0.0823171 0.00459161
56 0.398991 0.749239 0.793043 0.481122 0.00435838
39 0.788558 0.587579 0.344304 0.231645 0.00430498
57 0.69472 0.336522 0.581899 0.668155 0.00414553
39 0.776461 0.534268 0.329639 0.27517 0.00408745
67 0.824083 0.59343 0.277596 0.215792 0.00366873
56 0.301104 0.295612 0.599907 0.574023 0.00357249
26 0.49255 0.57369 0.955606 0.828876 0.00337532
58 0.941179 0.484561 0.114431 0.360473 0.00326633
59 0.398991 0.749239 0.793043 0.481122 0.00325826
57 0.434964 0.207407 0.823547 0.408925 0.00317031
57 0.120252 0.750425 0.239598 0.475617 0.00296465
0 0.299747 0.282787 0.596735 0.549413 0.00295714
57 0.898252 0.500943 0.198792 0.969909 0.00294015
24 0.517501 0.721913 0.906546 0.531036 0.00291491
79 0.768837 0.491772 0.293895 0.161111 0.00289822
26 0.501175 0.706215 0.940149 0.56846 0.00285318
57 0.746703 0.694667 0.452467 0.582053 0.0027881
66 0.776461 0.534268 0.329639 0.27517 0.00276172
39 0.768837 0.491772 0.293895 0.161111 0.00275105
58 0.938728 0.589112 0.12007 0.57013 0.00271648
56 0.501175 0.706215 0.940149 0.56846 0.00263086
57 0.0639818 0.749018 0.127355 0.473079 0.00258276
63 0.781634 0.54872 0.335304 0.295709 0.00247595
24 0.49255 0.57369 0.955606 0.828876 0.00239709
16 0.365518 0.546943 0.522166 0.887706 0.00230858
58 0.920459 0.444639 0.155797 0.281725 0.0023064
13 0.43479 0.503426 0.866824 0.993149 0.00227317
58 0.875981 0.502404 0.245081 0.408377 0.00225627
78 0.768837 0.491772 0.293895 0.161111 0.00224909
0 0.751252 0.503315 0.490448 0.980697 0.00224304
58 0.911572 0.117482 0.171897 0.226084 0.00219998
60 0.499005 0.500439 0.952873 0.999122 0.00216818
57 0.378963 0.426619 0.747014 0.841991 0.00200087
79 0.788558 0.587579 0.344304 0.231645 0.00198144
67 0.781634 0.54872 0.335304 0.295709 0.00189048
66 0.769704 0.486727 0.29904 0.158856 0.00159991
0 0.898252 0.500943 0.198792 0.969909 0.00150481
28 0.512147 0.718854 0.917891 0.545872 0.00146526
58 0.890185 0.1035 0.131932 0.188332 0.00146216
78 0.823531 0.588647 0.27456 0.217529 0.00146076
28 0.49255 0.57369 0.955606 0.828876 0.0014542
56 0.69472 0.336522 0.581899 0.668155 0.00144002
57 0.78624 0.55474 0.340734 0.30328 0.00139865
26 0.383566 0.748728 0.764613 0.474584 0.00135514
60 0.751252 0.503315 0.490448 0.980697 0.00135008
65 0.902093 0.635282 0.115358 0.125826 0.00133961
59 0.0684112 0.740323 0.134898 0.432996 0.00132087
65 0.783196 0.491116 0.392582 0.559114 0.00129026
73 0.768623 0.488988 0.295632 0.160355 0.0012877
24 0.383566 0.748728 0.764613 0.474584 0.00124452
58 0.924329 0.192273 0.150937 0.365486 0.00124332
0 0.398991 0.749239 0.793043 0.481122 0.0011963
57 0.528658 0.76166 0.678283 0.460727 0.00119585
59 0.512147 0.718854 0.917891 0.545872 0.00118747
57 0.214965 0.750234 0.427181 0.47909 0.00118652
56 0.434964 0.207407 0.823547 0.408925 0.00113866
59 0.120252 0.750425 0.239598 0.475617 0.00113598
59 0.301104 0.295612 0.599907 0.574023 0.00110987
27 0.788558 0.587579 0.344304 0.231645 0.0010643
65 0.833968 0.560903 0.246469 0.15234 0.00105
75 0.91127 0.27043 0.174953 0.528935 0.0010412
57 0.69931 0.238092 0.322177 0.468287 0.00101897
