0 0.124214 0.702258 0.138684 0.366884 0.906412
0 0.254419 0.741109 0.163587 0.282556 0.883214
0 0.361622 0.679456 0.151799 0.318738 0.87425
0 0.887386 0.593528 0.068642 0.127704 0.822512
35 0.35735 0.70143 0.0326112 0.0520146 0.686937
32 0.680907 0.631637 0.0106237 0.01711 0.633461
0 0.350384 0.578313 0.0436943 0.17612 0.398949
0 0.352867 0.555813 0.0496509 0.131505 0.325947
34 0.361143 0.592104 0.0550944 0.0504607 0.258666
0 0.884208 0.581071 0.0431538 0.082215 0.257245
34 0.353653 0.579453 0.0503716 0.07328 0.154269
35 0.277166 0.776761 0.0346388 0.0620598 0.09828
0 0.347409 0.54284 0.0353066 0.0940516 0.0804826
0 0.35657 0.601456 0.0584172 0.22214 0.0751557
34 0.357095 0.592584 0.0579916 0.0742978 0.0712261
34 0.365465 0.605806 0.0635809 0.0827889 0.0660937
0 0.353227 0.457779 0.0123318 0.0211854 0.0518012
35 0.364662 0.689152 0.0513082 0.0780952 0.0404759
0 0.347981 0.657598 0.0846604 0.333197 0.0390824
35 0.422934 0.655032 0.024087 0.0303318 0.0357339
34 0.351429 0.574937 0.0494045 0.166841 0.0350836
0 0.345233 0.4581 0.0136252 0.0229295 0.0263996
35 0.271168 0.783683 0.0459437 0.0770098 0.0263474
34 0.399238 0.615195 0.075127 0.107122 0.0241336
34 0.398541 0.63675 0.043537 0.0606953 0.0241027
35 0.370073 0.701966 0.0526371 0.0419493 0.0230015
0 0.353653 0.579453 0.0503716 0.07328 0.0229723
34 0.380872 0.618531 0.0436391 0.0893077 0.022832
29 0.14589 0.461491 0.0374047 0.0289092 0.0222955
34 0.905604 0.622863 0.0301981 0.0628533 0.0221068
0 0.25209 0.810382 0.0850446 0.129931 0.0213173
35 0.680907 0.631637 0.0106237 0.01711 0.0200205
35 0.277077 0.62395 0.019176 0.0315099 0.0193664
0 0.399854 0.600887 0.0653766 0.159442 0.0183182
0 0.357095 0.592584 0.0579916 0.0742978 0.0177744
35 0.363086 0.641342 0.0458738 0.0371106 0.0145937
0 0.342958 0.535308 0.0278325 0.0842252 0.0137371
35 0.361401 0.617741 0.0507147 0.0780207 0.0125966
0 0.878487 0.592738 0.0471867 0.126785 0.0125662
34 0.401567 0.642379 0.0541939 0.0674332 0.0124152
35 0.381517 0.662799 0.0177008 0.0435544 0.0113287
34 0.361401 0.617741 0.0507147 0.0780207 0.0110493
35 0.357077 0.692611 0.0457485 0.0697103 0.0107369
35 0.27366 0.637085 0.0262522 0.0688804 0.0102467
34 0.383055 0.645347 0.0193044 0.0624693 0.00978917
0 0.360882 0.606711 0.0593913 0.0952365 0.00973779
35 0.279353 0.648284 0.0158106 0.0594126 0.00960284
35 0.191542 0.792008 0.0352818 0.0640373 0.00931257
0 0.341766 0.497689 0.011461 0.0180333 0.00877646
32 0.680989 0.640877 0.0137883 0.0380321 0.00859097
0 0.405986 0.612004 0.0573151 0.113718 0.00828496
35 0.27554 0.61886 0.0206484 0.030425 0.00779247
35 0.365605 0.611117 0.0597677 0.101503 0.00736195
0 0.348809 0.45963 0.0198294 0.0257672 0.00729179
35 0.406267 0.642166 0.0566382 0.0603145 0.00688305
34 0.406178 0.63239 0.0578233 0.0796569 0.00687602
35 0.365207 0.644547 0.0514781 0.0519493 0.00672302
35 0.271906 0.61865 0.0267147 0.0329282 0.00637767
34 0.365207 0.644547 0.0514781 0.0519493 0.00633135
34 0.389478 0.599337 0.0757095 0.144002 0.00505069
34 0.357294 0.612422 0.0539721 0.10474 0.00483605
0 0.881667 0.573894 0.0333529 0.0655218 0.00474888
35 0.386789 0.702103 0.0218323 0.0314965 0.00468391
0 0.381439 0.61124 0.1031 0.176898 0.00466225
0 0.333421 0.746757 0.076246 0.151499 0.00457719
32 0.146403 0.461985 0.0377037 0.0289496 0.00438425
0 0.351145 0.567783 0.0478957 0.0981549 0.00437474
34 0.365722 0.682157 0.0500058 0.081981 0.00431371
35 0.881667 0.573894 0.0333529 0.0655218 0.0043022
34 0.403125 0.59523 0.0554172 0.148417 0.00417194
35 0.383055 0.645347 0.0193044 0.0624693 0.00404441
35 0.19297 0.767857 0.0405309 0.109614 0.00394788
0 0.327541 0.694795 0.123824 0.19675 0.00393057
0 0.314096 0.724453 0.137044 0.227447 0.00377885
34 0.911558 0.641107 0.0197662 0.0253097 0.00375319
34 0.868405 0.622977 0.0310339 0.0645361 0.00371611
35 0.380872 0.618531 0.0436391 0.0893077 0.00367352
34 0.859606 0.645537 0.0133434 0.018776 0.00360277
34 0.875651 0.623816 0.0459766 0.0647661 0.00357845
35 0.884208 0.581071 0.0431538 0.082215 0.00350338
0 0.329147 0.767661 0.0800726 0.133673 0.00342134
34 0.680907 0.631637 0.0106237 0.01711 0.00336483
34 0.363086 0.641342 0.0458738 0.0371106 0.00330749
35 0.33466 0.703092 0.0166156 0.0299453 0.003259
0 0.389478 0.599337 0.0757095 0.144002 0.00311339
0 0.400839 0.676307 0.071322 0.309554 0.00301567
0 0.340846 0.599131 0.0846675 0.216553 0.0029932
35 0.305085 0.697486 0.0557319 0.0287881 0.00298965
0 0.354914 0.634724 0.0691856 0.263774 0.00292486
35 0.883522 0.578207 0.0328609 0.0494619 0.00292
35 0.407148 0.65354 0.0486235 0.042038 0.00289226
35 0.859606 0.645537 0.0133434 0.018776 0.00269324
34 0.381517 0.662799 0.0177008 0.0435544 0.00261861
0 0.196088 0.74123 0.0458221 0.121541 0.00259382
35 0.25677 0.631472 0.0235656 0.0559856 0.00249171
29 0.680907 0.631637 0.0106237 0.01711 0.00243309
0 0.884791 0.5648 0.0324902 0.0668154 0.00242996
34 0.680989 0.640877 0.0137883 0.0380321 0.00236121
34 0.410261 0.621536 0.0473782 0.0934302 0.00234282
34 0.387441 0.658875 0.0251801 0.0490954 0.00230768
35 0.300226 0.820327 0.028686 0.0389699 0.00230566
34 0.146403 0.461985 0.0377037 0.0289496 0.00229996
0 0.881496 0.539878 0.0155916 0.0275299 0.00220129
34 0.365782 0.583734 0.0688144 0.094822 0.00214642
35 0.398541 0.63675 0.043537 0.0606953 0.00213793
35 0.258368 0.810243 0.0723608 0.129898 0.0021064
0 0.35618 0.700942 0.036134 0.0533617 0.00203526
35 0.196077 0.748561 0.0468468 0.122146 0.00202712
35 0.260146 0.622573 0.0265874 0.0401291 0.00201622
34 0.418603 0.56224 0.0177189 0.0459735 0.0019806
33 0.353227 0.457779 0.0123318 0.0211854 0.00196302
0 0.361143 0.592104 0.0550944 0.0504607 0.00192896
0 0.126176 0.761101 0.141709 0.241474 0.00187951
0 0.278955 0.650267 0.0142733 0.0669835 0.00185513
34 0.338814 0.616972 0.0191428 0.0899284 0.00182912
18 0.353227 0.457779 0.0123318 0.0211854 0.00180924
0 0.358704 0.620522 0.0501559 0.0861413 0.00174895
2 0.353227 0.457779 0.0123318 0.0211854 0.00170991
34 0.884208 0.581071 0.0431538 0.082215 0.00170666
35 0.680989 0.640877 0.0137883 0.0380321 0.00170511
34 0.908422 0.591337 0.0293379 0.022784 0.00170273
35 0.194987 0.737862 0.0408198 0.0866678 0.00165877
34 0.386789 0.702103 0.0218323 0.0314965 0.00163278
35 0.376817 0.678797 0.0448754 0.0809203 0.00161061
34 0.30331 0.695205 0.0510118 0.0263425 0.00159666
32 0.150457 0.722527 0.0188945 0.0237448 0.00155079
0 0.348145 0.544866 0.0413202 0.187238 0.00151682
34 0.887068 0.594721 0.0678373 0.12094 0.00150242
34 0.357077 0.692611 0.0457485 0.0697103 0.00148842
34 0.35618 0.700942 0.036134 0.0533617 0.00145528
32 0.424955 0.656533 0.0205102 0.0263657 0.0014309
14 0.353227 0.457779 0.0123318 0.0211854 0.00143009
2 0.86986 0.427964 0.0085928 0.00988649 0.00141945
0 0.680907 0.631637 0.0106237 0.01711 0.0014109
0 0.365782 0.583734 0.0688144 0.094822 0.00138056
35 0.345905 0.693773 0.0380773 0.0553484 0.00137749
0 0.0820403 0.729884 0.0495355 0.263686 0.00137681
35 0.387441 0.658875 0.0251801 0.0490954 0.00136271
32 0.353227 0.457779 0.0123318 0.0211854 0.00135994
0 0.346183 0.44847 0.0172326 0.0430353 0.00135961
34 0.376817 0.678797 0.0448754 0.0809203 0.00132588
0 0.098344 0.747663 0.0849783 0.252149 0.00132185
35 0.300938 0.692278 0.0553543 0.0290506 0.00132081
35 0.150457 0.722527 0.0188945 0.0237448 0.00129384
35 0.298079 0.812399 0.0323163 0.0541001 0.00128424
2 0.879523 0.426774 0.0110714 0.012612 0.00128055
0 0.194318 0.779227 0.0430819 0.0889643 0.00124365
38 0.14594 0.461275 0.0375426 0.0299332 0.00124249
0 0.345273 0.452237 0.0226463 0.0338336 0.00120699
0 0.88523 0.575316 0.0330856 0.0516857 0.00120208
35 0.147394 0.720809 0.0245107 0.0286752 0.00119653
35 0.905851 0.622513 0.0301466 0.0636251 0.0011647
0 0.195001 0.734962 0.0418953 0.0812618 0.00116333
35 0.883949 0.563414 0.0315594 0.0696034 0.001127
0 0.410261 0.621536 0.0473782 0.0934302 0.0011248
0 0.404957 0.584042 0.0456003 0.126184 0.0011228
2 0.891849 0.425651 0.0223967 0.0145539 0.00109246
0 0.906676 0.622889 0.0300081 0.0631392 0.00107044
32 0.0693742 0.507993 0.0125667 0.0122137 0.00106671
0 0.346605 0.71499 0.0493533 0.0961622 0.00106508
0 0.419642 0.553218 0.0158666 0.0590849 0.00105533
34 0.370073 0.701966 0.0526371 0.0419493 0.00104943
34 0.884791 0.5648 0.0324902 0.0668154 0.00103295
34 0.419642 0.553218 0.0158666 0.0590849 0.00103006
34 0.310553 0.696577 0.069219 0.0345122 0.00100914
35 0.4194 0.644222 0.0319094 0.0551905 0.00100738
0 0.338814 0.616972 0.0191428 0.0899284 0.00100487
0 0.364662 0.689152 0.0513082 0.0780952 0.00100482
