34 1 0.997598 0 0.00480328 0.370101
34 0.106782 0.985659 0.0573843 0.0286812 0.209124
34 0.825587 0.987027 0.0531021 0.025947 0.207382
34 0.00125146 0.984569 0.00250291 0.0308616 0.206865
34 0.255299 0.98058 0.0557608 0.0388406 0.206505
34 0.660199 0.985802 0.0498022 0.0283966 0.205657
34 1 0.991174 0 0.0176516 0.204615
34 0.382303 0.981612 0.0496241 0.0367767 0.204574
34 0.645033 0.989583 0.0507175 0.0208337 0.204209
34 0.779175 0.980974 0.0537446 0.0380522 0.203751
34 0.0572315 0.9828 0.0563406 0.0343998 0.203095
34 0.496583 0.985758 0.0532774 0.0284841 0.202772
34 0.793398 0.979668 0.0553697 0.0406649 0.202457
34 0.842264 0.985067 0.0543013 0.0298652 0.202175
34 0.762618 0.983455 0.0538449 0.0330909 0.202048
34 0.434069 0.973246 0.0525117 0.0535076 0.201175
34 0.532185 0.977565 0.0548055 0.0448695 0.201086
34 0.810999 0.981192 0.0539222 0.0376166 0.201084
34 1 0.983972 0 0.02976 0.200869
34 0.271236 0.982761 0.0567161 0.0344786 0.200838
34 0.0843756 0.982768 0.0452192 0.0344641 0.200619
34 0.00883344 0.97531 0.0176669 0.0493804 0.200496
34 0.51642 0.980732 0.0568184 0.0385355 0.200335
34 0.58214 0.986586 0.0545239 0.0268278 0.200216
34 0.631024 0.983615 0.0566035 0.0327693 0.200158
34 0 0.98665 0 0.0266996 0.200123
34 0.414871 0.975016 0.0480514 0.0499675 0.199798
34 0.236679 0.974126 0.0529343 0.0517473 0.199566
34 0.287708 0.986118 0.0585793 0.0277647 0.199502
34 0.982023 0.982214 0.0359549 0.0355717 0.199465
34 0.297285 0.979503 0.0491505 0.0409946 0.19935
34 0.172114 0.985649 0.0545532 0.0287018 0.199097
34 0.121213 0.983483 0.0564732 0.0330331 0.199039
34 0.467398 0.980227 0.0603516 0.0395468 0.198864
34 1 0.983092 0 0.0338152 0.198834
34 0.134431 0.981132 0.0464157 0.0377358 0.198811
34 0.998402 0.989883 0.00319602 0.0202335 0.198759
34 0.368315 0.982441 0.0592761 0.0351175 0.198705
34 0.90582 0.9873 0.0471819 0.0254 0.198326
34 1 0.984765 0 0.0304708 0.198241
34 0.989283 0.989192 0.0214344 0.0216152 0.198172
34 0.941359 0.986999 0.0539682 0.0260021 0.198039
34 0.202211 0.983305 0.0528541 0.03339 0.197535
34 0.334987 0.974445 0.0537907 0.0511091 0.197485
34 0.450906 0.975257 0.0561281 0.0494855 0.197073
34 0.188951 0.986482 0.0533524 0.0270357 0.196991
34 0.350795 0.982027 0.0505945 0.035947 0.196984
34 0.0160242 0.975286 0.0320485 0.0494285 0.196952
34 0.397322 0.973233 0.0436583 0.0535349 0.196799
34 0.0714422 0.977711 0.0525691 0.0445784 0.196738
34 0.889891 0.986591 0.0512834 0.0268175 0.196654
34 0.723316 0.981373 0.0459137 0.0372547 0.196592
34 0.0387252 0.989479 0.0565341 0.0210427 0.196531
34 0.596038 0.970899 0.0513237 0.0582025 0.196369
34 0.318689 0.972371 0.0528045 0.055258 0.196212
34 0.548905 0.973118 0.0549461 0.0537639 0.1962
34 0.482827 0.981353 0.0559005 0.0372944 0.195861
34 1 0.0213248 0 0.0290383 0.195805
34 0.615417 0.97464 0.0554906 0.0507198 0.195759
34 0.678329 0.978973 0.0524507 0.0420534 0.195617
34 0.698687 0.976483 0.0574287 0.0470349 0.195272
34 0.857307 0.979834 0.051875 0.0403322 0.194993
34 0.563278 0.982244 0.0512476 0.035512 0.194964
34 0.921983 0.987564 0.0506567 0.0248729 0.194815
34 1 0.972268 0 0.0308033 0.194565
34 0.746978 0.981719 0.0598978 0.0365623 0.19445
34 0.965026 0.978997 0.0676593 0.0420066 0.19418
34 0.712563 0.975602 0.0536453 0.0487963 0.194011
34 0.876119 0.979994 0.0516521 0.0400127 0.193901
34 1 0.977072 0 0.0458559 0.193736
34 0.150644 0.979295 0.0519331 0.0414099 0.193387
34 0.218272 0.972987 0.056914 0.0540268 0.193044
34 0.0238948 0.978946 0.0477897 0.0421087 0.192925
34 0.972565 0.971809 0.0548692 0.0563823 0.192792
34 0 0.985113 0 0.0297747 0.192251
34 1 0.958428 0 0.0299351 0.19182
34 1 0.030832 0 0.0363905 0.191761
34 0 0.992175 0 0.0156505 0.190829
34 1 0.9329 0 0.0291248 0.190669
34 1 0.945193 0 0.0284712 0.19061
34 1 0.0121549 0 0.0188516 0.190394
34 1 0.920708 0 0.029765 0.190053
34 1 0.90828 0 0.0298496 0.190042
34 1 0.883332 0 0.0299866 0.18999
34 1 0.895791 0 0.0298245 0.189987
34 1 0.870865 0 0.0298931 0.189973
34 1 0.808422 0 0.0299917 0.189971
34 1 0.820885 0 0.0299825 0.189967
34 1 0.120704 0 0.0296696 0.189896
34 1 0.108253 0 0.0295631 0.189891
34 1 0.133202 0 0.029659 0.189881
34 1 0.17075 0 0.029702 0.189869
34 1 0.145712 0 0.0296544 0.189861
34 1 0.158235 0 0.0296877 0.189847
34 1 0.0957942 0 0.0295071 0.189842
34 1 0.795899 0 0.0296392 0.189842
34 1 0.521001 0 0.0299284 0.189826
34 1 0.183245 0 0.0296872 0.189818
34 1 0.858361 0 0.0298586 0.189805
34 1 0.19576 0 0.0297456 0.1898
34 1 0.833301 0 0.0298824 0.189797
34 1 0.308341 0 0.0300091 0.189767
34 1 0.533488 0 0.0298091 0.189766
34 1 0.233284 0 0.0298696 0.189764
34 1 0.220744 0 0.0297751 0.189759
34 1 0.508453 0 0.0298822 0.189753
34 1 0.545913 0 0.0299481 0.189749
34 1 0.320823 0 0.0299539 0.189747
34 1 0.208229 0 0.0296912 0.189733
34 1 0.258309 0 0.0301019 0.18973
34 1 0.245807 0 0.0299165 0.189719
34 1 0.0459816 0 0.0295435 0.189718
34 1 0.770893 0 0.0296646 0.189715
34 1 0.783431 0 0.029412 0.189713
34 1 0.583405 0 0.0300888 0.1897
34 1 0.75831 0 0.0296997 0.189699
34 1 0.708346 0 0.0295408 0.189686
34 1 0.0834592 0 0.0291146 0.189682
34 1 0.845813 0 0.0299652 0.189672
34 1 0.295786 0 0.030004 0.189665
34 1 0.570798 0 0.0300079 0.189661
34 1 0.595846 0 0.030043 0.189656
34 1 0.458315 0 0.0297611 0.189648
34 1 0.733412 0 0.029698 0.189647
34 1 0.333323 0 0.0300838 0.189646
34 1 0.720885 0 0.0295249 0.189637
34 1 0.558292 0 0.0299786 0.189625
34 1 0.49588 0 0.0298006 0.189617
34 1 0.270795 0 0.0300716 0.189615
34 1 0.745899 0 0.0297941 0.189613
34 1 0.483347 0 0.02984 0.189602
34 1 0.695858 0 0.0297222 0.189601
34 1 0.283287 0 0.0300911 0.189579
34 1 0.445858 0 0.0297831 0.18956
34 1 0.470804 0 0.0297455 0.189556
34 1 0.408257 0 0.0297218 0.189549
34 1 0.608235 0 0.0299958 0.189537
34 1 0.395847 0 0.0298376 0.189535
34 1 0.345785 0 0.0300139 0.189525
34 1 0.42079 0 0.0298135 0.189524
34 1 0.383353 0 0.0299046 0.189517
34 1 0.0708114 0 0.0295311 0.189502
34 1 0.358265 0 0.0298617 0.189497
34 1 0.370774 0 0.0298574 0.189478
34 1 0.65828 0 0.0299525 0.189469
34 1 0.433356 0 0.0298335 0.189461
34 1 0.620759 0 0.0300278 0.189435
34 1 0.670759 0 0.0297877 0.189417
34 1 0.683331 0 0.0297586 0.189415
34 1 0.633334 0 0.0299957 0.189378
34 1 0.645818 0 0.0298408 0.189343
34 1 0.0570259 0 0.0318871 0.189237
34 0 0.989799 0 0.0204012 0.187596
34 1 0.97521 0 0.0495792 0.180618
34 1 0.00302593 0 0.00605186 0.163423
34 1 1 0 0 0.0830977
34 0.501085 0.657219 0.150186 0.0349885 0.0807494
34 0.200197 0.629283 0.0817049 0.0863281 0.0761399
34 0.180567 0.63691 0.0725191 0.0530227 0.075361
34 0.950902 0.473572 0.0981951 0.0585112 0.0752852
34 0.841926 0.973471 0.118726 0.053058 0.0747344
34 0.492941 0.650223 0.0697995 0.0994754 0.0746572
34 0.952038 0.667918 0.0959232 0.0514217 0.074195
34 0.953232 0.492943 0.091001 0.0636131 0.0741481
34 0.046831 0.982415 0.093662 0.0351704 0.0740494
34 0.502367 0.663205 0.0560813 0.0823339 0.0740063
34 1 0.984206 0 0.0315878 0.0738595
34 0.244101 0.535484 0.0973093 0.0633085 0.0734148
34 0.187233 0.625149 0.0913455 0.0997226 0.0728618
34 0.828107 0.980224 0.124693 0.039551 0.0724461
34 0.46549 0.990219 0.12084 0.0195622 0.0724169
34 0.547196 0.983915 0.120265 0.0321703 0.0724025
34 0.0533942 0.974338 0.106788 0.0513239 0.0723414
34 0.483844 0.985017 0.124661 0.0299654 0.0721737
34 0.614923 0.982991 0.124512 0.0340173 0.0720142
34 0.449784 0.983847 0.121983 0.0323061 0.0718977
34 0.912591 0.502799 0.118681 0.0535976 0.0718854
34 0.661889 0.97637 0.119896 0.0472598 0.0716837
34 0.857295 0.982032 0.116911 0.0359355 0.0714291
34 0.909825 0.985818 0.123925 0.0283641 0.0713079
34 0.695946 0.989632 0.12242 0.0207352 0.0712895
34 0.350027 0.645414 0.0564775 0.0393962 0.071282
34 0.381654 0.97815 0.117073 0.0437002 0.0712032
34 0.15466 0.984301 0.122552 0.031398 0.0711926
34 0.227386 0.628792 0.101636 0.0731155 0.0710913
34 0.989592 0.980646 0.020816 0.0387082 0.0710071
34 0.197027 0.605062 0.116159 0.0710518 0.0709665
34 0.284686 0.986177 0.120342 0.0276464 0.0709632
34 0.875852 0.989019 0.121359 0.0219615 0.0708932
34 0.644714 0.980756 0.118434 0.0384888 0.0708481
34 0.135058 0.981875 0.116266 0.0362495 0.0707352
34 0.214272 0.712484 0.0601322 0.0475422 0.0705398
34 0.416675 0.97704 0.121728 0.0459209 0.0705021
34 1 0.972834 0 0.054332 0.0704996
34 0.337396 0.98985 0.127163 0.0203007 0.0704862
34 0.186091 0.627466 0.123446 0.0356417 0.07036
34 0.318824 0.977695 0.122637 0.04461 0.0703567
34 0.812241 0.988209 0.125464 0.0235826 0.0702317
34 0.712264 0.594818 0.0515793 0.0454583 0.0701422
34 0.516584 0.978431 0.124413 0.0431383 0.0700901
34 0.531954 0.971976 0.122892 0.0560486 0.0700231
34 0.747027 0.978555 0.126483 0.0428903 0.0699983
34 0.298399 0.97999 0.11489 0.040019 0.069977
34 0.219478 0.982664 0.12136 0.0346725 0.069948
34 0.379019 0.615005 0.0670244 0.0404039 0.0699295
34 0.806782 0.695075 0.0833028 0.0391077 0.0698418
34 0.53319 0.571621 0.070214 0.0355368 0.0698228
34 0.270049 0.658111 0.126754 0.0348776 0.0698202
34 0.948553 0.987589 0.102893 0.0248222 0.0698165
34 0.203089 0.978508 0.121128 0.0429838 0.069804
34 0.350908 0.982068 0.12154 0.0358643 0.0697927
34 0.453771 0.647807 0.0558077 0.103632 0.0696442
34 0.728401 0.98637 0.121785 0.0272606 0.0695798
34 0.679725 0.800649 0.0880908 0.0394123 0.0694976
34 0.394774 0.625031 0.0666159 0.0583154 0.0693789
34 0.956894 0.985187 0.086211 0.0296249 0.0693406
34 0.963008 0.48217 0.0739845 0.0621679 0.0692751
34 0.484133 0.672772 0.0592496 0.0300425 0.0692623
34 0.581536 0.981924 0.123518 0.0361528 0.0692189
34 0.532356 0.704517 0.0567849 0.0184221 0.0691866
34 0.93177 0.70839 0.0541646 0.0551171 0.0691828
34 0.313891 0.484684 0.0575087 0.0649988 0.069148
34 0.185577 0.984324 0.118796 0.0313525 0.0690584
34 0.743832 0.592021 0.110828 0.0661575 0.0690548
34 0.3935 0.591322 0.0651446 0.0548813 0.0690528
34 0.210376 0.726397 0.0827439 0.0344062 0.0690441
34 0.92777 0.982954 0.126655 0.0340927 0.0690128
34 0.0256518 0.979373 0.0513037 0.0412544 0.0689746
34 0.216459 0.733931 0.0649735 0.026751 0.0689017
34 0.0491591 0.582884 0.0814818 0.0426307 0.0688456
34 0.252075 0.973867 0.120248 0.0522665 0.0688233
34 0.49164 0.704304 0.148639 0.0821179 0.0688087
34 0.561312 0.898472 0.0566117 0.0422224 0.0687968
34 0.575674 0.497615 0.0898512 0.0478453 0.0687801
34 0.0839106 0.660518 0.0903783 0.0405697 0.0687521
34 0.225603 0.599908 0.151241 0.0424755 0.0687453
34 0.577603 0.627436 0.124562 0.0576261 0.0686315
34 0.403573 0.460482 0.0771383 0.0606984 0.068627
34 0.885476 0.532419 0.0808055 0.0516149 0.0686227
34 0.141179 0.687906 0.109465 0.0390293 0.0685946
34 0.981406 0.967912 0.0371876 0.0641761 0.0685234
34 0.951211 0.499645 0.097577 0.0649825 0.0685011
34 0.19332 0.717778 0.0412185 0.10752 0.0683983
34 0.572562 0.732227 0.0711804 0.038491 0.0683135
34 0.0326626 0.496908 0.0578221 0.0372818 0.0683118
34 0.973183 0.974397 0.0536347 0.0512065 0.0682233
34 0.940914 0.658071 0.061115 0.0877017 0.0682175
34 0.453799 0.653158 0.0664322 0.04294 0.0681729
34 0.105635 0.986185 0.123159 0.0276307 0.0681469
34 0.712286 0.658113 0.0767258 0.0571287 0.0681289
34 0.119651 0.704603 0.0555361 0.053343 0.0680887
34 0.371474 0.61671 0.0857085 0.0494034 0.0680159
34 0.576493 0.506228 0.0862194 0.050255 0.0680096
34 0.0596148 0.485474 0.0936891 0.0277577 0.0680024
34 0.207172 0.722157 0.0457922 0.09389 0.0679229
34 0.248112 0.538843 0.113618 0.0454311 0.0678678
34 0.353748 0.704082 0.0893202 0.0917717 0.0678481
34 0.0746293 0.650815 0.0593883 0.0450311 0.0678446
34 0.953307 0.722515 0.0933859 0.0431166 0.0677914
34 0.951884 0.710985 0.0962318 0.0301017 0.0677662
34 0.0906852 0.980234 0.125823 0.0395312 0.0677396
34 0.69527 0.655359 0.0504619 0.0536204 0.0677155
34 0.243208 0.737639 0.0673797 0.0340889 0.0676905
34 0.202839 0.650235 0.129381 0.102069 0.0676147
34 0.539108 0.667084 0.131787 0.0623218 0.0676011
34 0.654209 0.892203 0.12354 0.0357487 0.0675958
34 0.166975 0.627029 0.101702 0.0396462 0.0675405
34 0.246171 0.675845 0.0706208 0.0526138 0.0675265
34 0.645753 0.678944 0.148718 0.0790695 0.0674855
34 0.676354 0.821035 0.0747538 0.0782112 0.0674831
34 0.795038 0.981636 0.123743 0.0367285 0.067461
34 0.953409 0.864173 0.0931826 0.0435129 0.0674073
34 0.0292139 0.601486 0.0509299 0.0687275 0.0673885
34 0.247877 0.696514 0.0874302 0.0841266 0.0673497
34 0.791895 0.579561 0.110606 0.0587548 0.0673373
34 0.383335 0.634293 0.0516783 0.0558977 0.0672816
34 0.244203 0.576943 0.0984266 0.0462667 0.067258
34 0.735144 0.805704 0.0808208 0.0338024 0.0672521
34 0.231834 0.6945 0.0793973 0.0486932 0.0672189
34 0.80701 0.359875 0.0745435 0.0362962 0.0672095
34 0.76797 0.704624 0.103305 0.0312115 0.0671948
34 0.844643 0.705874 0.0758274 0.038795 0.0671813
34 0.163633 0.671023 0.135489 0.072279 0.0671392
34 0.0500955 0.651764 0.0518735 0.0802162 0.0670952
34 1 0.974503 0 0.0509935 0.0670729
34 0.157338 0.628533 0.0787979 0.102977 0.0670358
34 0.937788 0.532166 0.0716284 0.0439604 0.0669839
34 0.953187 0.342065 0.0936269 0.0571237 0.0669805
34 0.562436 0.720619 0.0519715 0.0514599 0.0669559
34 0.570778 0.609007 0.0396536 0.05526 0.0669343
34 0.956295 0.595529 0.087409 0.0643515 0.0669284
34 0.643481 0.663924 0.0498109 0.0441247 0.0669246
34 0.726094 0.795772 0.116625 0.0387398 0.0669162
34 0.77013 0.983153 0.106628 0.0336931 0.0669117
34 0.0986319 0.650098 0.0816117 0.0384415 0.0668439
34 0.332018 0.792729 0.0516312 0.0471588 0.0668242
34 0.394299 0.68961 0.158084 0.075351 0.0668173
34 0.284378 0.747611 0.132227 0.0730099 0.0668009
34 0.560118 0.945081 0.114563 0.0809526 0.0667923
34 0.509271 0.692617 0.0635948 0.049723 0.0667911
