34 0.996384 0.99621 0.00723171 0.00758031 0.37316
34 0.0737552 0.973362 0.03995 0.0532756 0.224519
34 0.3689 0.980663 0.0425987 0.0386742 0.221901
34 0.472631 0.974576 0.0294912 0.0508479 0.221487
34 0.135105 0.98929 0.0420103 0.0214199 0.221276
34 0.580193 0.982056 0.0394971 0.0358869 0.219542
34 0.316615 0.983264 0.0533611 0.0334717 0.217911
34 0.0913558 0.966569 0.0555493 0.0668614 0.217751
34 0.388507 0.986256 0.0417234 0.0274876 0.216636
34 0.154541 0.985035 0.0490064 0.0299296 0.215933
34 0.328353 0.971256 0.0476316 0.0574885 0.215186
34 0.483512 0.986542 0.0367838 0.0269169 0.215062
34 0.68297 0.982593 0.0411043 0.0348145 0.214813
34 0.633991 0.984524 0.0351078 0.030952 0.214785
34 0.347465 0.981624 0.0415057 0.0367512 0.214634
34 0.495727 0.990128 0.0357586 0.0197449 0.213618
34 0.598053 0.979771 0.0336256 0.0404575 0.213365
34 0.647879 0.982838 0.0384131 0.0343236 0.213141
34 0.532523 0.970247 0.0328034 0.059506 0.212998
34 0.458099 0.972668 0.0403315 0.0546648 0.212907
34 0.425486 0.962839 0.0473555 0.0743215 0.212782
34 0.411245 0.95687 0.0359495 0.0862605 0.212147
34 0.546027 0.98179 0.0342239 0.0364196 0.211372
34 0.104984 0.957111 0.0489573 0.0857781 0.21113
34 0.297602 0.956732 0.0503952 0.0865354 0.21047
34 0.800896 0.977388 0.0414549 0.0452245 0.210095
34 0.445827 0.983376 0.0374704 0.0332483 0.209983
34 0.519112 0.966683 0.0374421 0.0666341 0.209754
34 0.362708 0.989933 0.0395186 0.0201344 0.20957
34 0.569675 0.962973 0.0347565 0.0740545 0.209531
34 0.81776 0.979363 0.0469387 0.041274 0.209489
34 0.71081 0.984929 0.0361988 0.0301421 0.20912
34 0.124318 0.97217 0.0544606 0.0556592 0.209111
34 0.507032 0.98043 0.0376484 0.0391405 0.20908
34 0.991096 0.984163 0.017808 0.0281977 0.208623
34 0.249468 0.987546 0.0439913 0.0249075 0.20851
34 0.210618 0.988188 0.0367941 0.0236241 0.208092
34 0.265472 0.987006 0.0595934 0.0259882 0.20775
34 0.302035 0.962299 0.0377558 0.0754019 0.207572
34 0.777511 0.983208 0.0375135 0.0335842 0.207325
34 0.991097 0.973734 0.0178059 0.0429094 0.207318
34 0.429848 0.979236 0.0353854 0.0415287 0.207004
34 0.671691 0.989221 0.0368692 0.0215588 0.206856
34 0.242691 0.970781 0.0515638 0.0584374 0.20586
34 0.693631 0.982977 0.0385502 0.0340461 0.205053
34 0.718333 0.983836 0.0381636 0.0323289 0.204897
34 0.2874 0.973479 0.0632724 0.0530423 0.20444
34 0.787074 0.98489 0.0427685 0.0302202 0.204265
34 0.234145 0.975852 0.0647729 0.0482951 0.203929
34 0.0397217 0.982625 0.0479097 0.03475 0.203586
34 0.840504 0.973803 0.0437128 0.0523935 0.202838
34 0.0209213 0.981401 0.0337461 0.0371973 0.20263
34 0.0676705 0.968039 0.0547677 0.0639221 0.202458
34 0.733329 0.976776 0.0380846 0.0464479 0.201872
34 0.172569 0.990144 0.0348166 0.0197113 0.201462
34 0.659567 0.981173 0.0400245 0.0376537 0.20145
34 0.017571 0.989289 0.035142 0.0214213 0.201288
34 0.193686 0.993947 0.032575 0.012106 0.2006
34 0.621834 0.981178 0.0381512 0.0376445 0.200595
34 0.557031 0.97177 0.0363695 0.0564601 0.200218
34 0.400171 0.981249 0.043572 0.0375018 0.199902
34 0.875289 0.973891 0.0412651 0.0522186 0.199275
34 0.339178 0.960321 0.0442392 0.0793572 0.199255
34 0.824522 0.971305 0.0425367 0.0573905 0.199047
34 0.927041 0.979875 0.045887 0.0402505 0.199
34 0.915054 0.983863 0.0414894 0.0322748 0.198949
34 0.749186 0.971735 0.0475286 0.0565298 0.198719
34 0.99477 0.325271 0.0104596 0.0373326 0.198608
34 0.607189 0.975916 0.0392126 0.0481688 0.198584
34 0.865919 0.978038 0.0451584 0.0439236 0.198392
34 0.762345 0.981381 0.0415316 0.0372378 0.198024
34 0.992953 0.51674 0.0140947 0.0424335 0.197429
34 0.962574 0.984362 0.0367725 0.0312766 0.197118
34 0.181911 0.991471 0.0349878 0.0170589 0.19698
34 0.850477 0.971179 0.0488203 0.057643 0.196966
34 0.995467 0.307091 0.00906696 0.0317545 0.196893
34 0.885852 0.984594 0.0370369 0.0308122 0.196491
34 0.993146 0.0446333 0.0137086 0.0427138 0.195995
34 0.990072 0.49646 0.0198556 0.0438928 0.195617
34 0.901971 0.983666 0.0469057 0.0326685 0.195558
34 0.97577 0.983658 0.0442734 0.0326848 0.194985
34 0.993809 0.348235 0.0123823 0.0505895 0.194196
34 0.993607 0.377858 0.0127857 0.026009 0.194063
34 0.992919 0.532342 0.0141627 0.0448988 0.193797
34 0.992927 0.485041 0.0141466 0.0609223 0.193765
34 0.994257 0.437249 0.0114862 0.0279968 0.193738
34 0.990972 0.703247 0.0180563 0.0386996 0.1936
34 0.99212 0.722622 0.0157604 0.0351453 0.193599
34 0.00567917 0.98409 0.0113583 0.0318197 0.193498
34 0.993415 0.852843 0.0131695 0.0540556 0.193481
34 0.990326 0.814268 0.0193483 0.0384162 0.193253
34 0.991844 0.779166 0.016312 0.0469201 0.192766
34 0.992329 0.946404 0.0153419 0.0284812 0.192722
34 0.93622 0.980752 0.0443153 0.0384958 0.19262
34 0.992542 0.235318 0.0149157 0.0473372 0.192396
34 0.991774 0.248368 0.0164522 0.0493956 0.191986
34 0.992789 0.371248 0.0144228 0.0525177 0.191929
34 0.991121 0.834017 0.0177582 0.046784 0.191629
34 0.992773 0.918731 0.0144541 0.047348 0.191465
34 0.995614 0.458334 0.00877228 0.0426641 0.190718
34 0.991854 0.0555592 0.016292 0.0599719 0.190689
34 0.99178 0.559287 0.0164407 0.0459983 0.190468
34 0.993617 0.583486 0.0127657 0.0432833 0.190258
34 0.99012 0.753844 0.0197598 0.0346593 0.190254
34 0.993664 0.684393 0.012672 0.0441215 0.190085
34 0.991475 0.736216 0.0170496 0.0371264 0.189939
34 0.992047 0.152316 0.015905 0.0434817 0.189645
34 0.993205 0.937402 0.0135897 0.0514044 0.18957
34 0.994126 0.640133 0.0117475 0.0355777 0.189443
34 0.990802 0.626083 0.0183959 0.0560015 0.189183
34 0.948191 0.984492 0.0399067 0.0310162 0.189103
34 0.993306 0.877166 0.0133886 0.046007 0.189101
34 0.993072 0.0289835 0.0138561 0.0295356 0.189101
34 0.991111 0.80042 0.0177782 0.0518874 0.189098
34 0.992314 0.136832 0.0153715 0.0494199 0.188993
34 0.989257 0.665272 0.0214856 0.042211 0.188478
34 0.992127 0.116982 0.0157453 0.0485614 0.188357
34 0.983516 0.977997 0.0329689 0.0440056 0.188296
34 0.992081 0.0787931 0.0158381 0.0494014 0.188252
34 0.994718 0.418761 0.010564 0.0304423 0.188183
34 0.992263 0.095699 0.0154748 0.0514975 0.188097
34 0.99239 0.168489 0.0152196 0.0380782 0.187971
34 0.99043 0.397309 0.01914 0.048676 0.187803
34 0.992455 0.893542 0.0150908 0.0395358 0.187653
34 0.992276 0.189837 0.015447 0.0463344 0.187562
34 0.990965 0.568919 0.0180708 0.0498348 0.187425
34 0.98919 0.211467 0.0216208 0.048803 0.187118
34 0.992901 0.611026 0.0141974 0.051138 0.187097
34 0.994444 0.29081 0.0111126 0.0347553 0.186452
34 0.991881 0.266267 0.0162384 0.0329883 0.18298
34 0.989455 0.976023 0.0210896 0.0479545 0.179325
34 0.994879 0.0106212 0.0102411 0.0212425 0.160797
34 0.78788 0.471634 0.0784214 0.0608996 0.0848441
34 0.177509 0.990768 0.0738832 0.0184633 0.0845637
34 0.624783 0.845087 0.040485 0.125796 0.0842924
34 0.769797 0.488309 0.0272925 0.106849 0.084101
34 1 0.993916 0 0.0121687 0.0840129
34 0.162169 0.982568 0.0703382 0.0348645 0.082352
34 0.456001 0.98445 0.0834244 0.031101 0.0821141
34 0.38808 0.956741 0.0709666 0.0865183 0.0818541
34 0.524245 0.97509 0.0947317 0.0498192 0.0816459
34 0.354719 0.962888 0.104356 0.0742247 0.0812947
34 0.322073 0.957394 0.0891244 0.0852124 0.0811224
34 0.137131 0.96461 0.0950514 0.0707806 0.0807341
34 0.464453 0.973921 0.0715659 0.0521571 0.0805741
34 0.402527 0.970425 0.0738914 0.05915 0.0805677
34 0.512826 0.964684 0.0965223 0.0706322 0.0805002
34 0.768985 0.464276 0.0676322 0.0596681 0.0803206
34 0.756934 0.481114 0.039747 0.0979905 0.0803181
34 0.229667 0.993061 0.0790777 0.0138779 0.0797146
34 0.154976 0.950702 0.0807764 0.0985958 0.0790867
34 0.627022 0.827776 0.037884 0.108125 0.0790369
34 0.127308 0.988789 0.100103 0.0224219 0.0783261
34 0.374722 0.939598 0.0700913 0.120804 0.078239
34 0.106728 0.985856 0.0840916 0.0282886 0.078096
34 0.308567 0.967698 0.088059 0.0646039 0.0777833
34 0.192348 0.98653 0.0789475 0.0269405 0.0776094
34 0.245963 0.992882 0.0860004 0.0142358 0.0775521
34 0.439466 0.981522 0.0986355 0.0369555 0.0775031
34 0.835119 0.94722 0.0912312 0.10556 0.0773982
34 0.480462 0.660893 0.0541262 0.0529889 0.0770986
34 0.857375 0.938358 0.0852509 0.123285 0.0768901
34 0.449869 0.965071 0.0943986 0.0698589 0.0759208
34 0.738084 0.980284 0.0966888 0.0394325 0.0759166
34 0.217555 0.974361 0.0801425 0.051277 0.0758585
34 0.714294 0.980739 0.098575 0.0385212 0.0757985
34 0.0597111 0.988871 0.0876756 0.0222588 0.0757525
34 0.416101 0.990033 0.077239 0.0199333 0.0757306
34 0.646575 0.8293 0.0285791 0.112196 0.0756966
34 0.819991 0.950963 0.0853601 0.0980743 0.0755704
34 0.806605 0.943473 0.0829003 0.113054 0.0755259
34 0.908621 0.935021 0.0881275 0.129958 0.0752714
34 0.27591 0.978935 0.0721761 0.0421308 0.0752284
34 0.777768 0.489406 0.0393498 0.118158 0.0751999
34 0.920349 0.943318 0.0863323 0.113364 0.0749144
34 0.202976 0.974893 0.0755543 0.0502141 0.0748699
34 0.945624 0.93867 0.0865929 0.12266 0.0748464
34 0.572936 0.984562 0.0906908 0.0308753 0.0746656
34 0.12377 0.880637 0.0496899 0.053218 0.0745801
34 0.490051 0.641306 0.0988199 0.0753223 0.0743192
34 0.289662 0.978617 0.0752322 0.0427669 0.0742938
34 0.774719 0.461008 0.0970734 0.072357 0.0739986
34 0.885649 0.944455 0.091642 0.11109 0.0739647
34 0.335709 0.890615 0.0680336 0.0418235 0.0737383
34 0.368689 0.81867 0.045563 0.0860155 0.073717
34 0.500765 0.972906 0.0971263 0.0541871 0.0736655
34 0.579678 0.796385 0.037097 0.141445 0.0735354
34 0.579123 0.762619 0.0394923 0.048588 0.0732982
34 0.701252 0.960999 0.0976069 0.0780013 0.0732527
34 0.963588 0.932339 0.0728245 0.135322 0.0732396
34 0.687627 0.984058 0.0954372 0.0318848 0.0731257
34 0.802388 0.481767 0.0912745 0.06854 0.0731175
34 0.12562 0.529001 0.0617774 0.0893221 0.0730535
34 0.260829 0.976839 0.091961 0.0463215 0.0730075
34 0.123495 0.883907 0.0600057 0.0840549 0.0729283
34 0.747482 0.480292 0.0372097 0.0957465 0.0728234
34 0.635136 0.993468 0.0899626 0.013064 0.0728036
34 0.446142 0.874304 0.0888175 0.0424377 0.0727514
34 0.634959 0.755224 0.0500978 0.074903 0.0725373
34 0.762677 0.953592 0.0704153 0.0928163 0.0724757
34 0.345722 0.596411 0.0462635 0.107974 0.0723109
34 0.647016 0.837038 0.0376125 0.10085 0.0722972
34 0.982419 0.940777 0.0351622 0.118445 0.0722011
34 0.546947 0.972113 0.0893698 0.0557731 0.072089
34 0.0753171 0.47829 0.0600255 0.0928692 0.0720496
34 0.0438333 0.347219 0.0876665 0.057108 0.0719666
34 0.56033 0.976071 0.0912016 0.0478588 0.071931
34 0.11367 0.807287 0.0539863 0.0541074 0.0717069
34 0.418293 0.83899 0.0539347 0.069291 0.0716982
34 0.529087 0.794866 0.0525511 0.0719564 0.071663
34 0.570424 0.787232 0.0451595 0.114814 0.0715554
34 0.181465 0.501845 0.0942985 0.0643895 0.0715234
34 0.788937 0.930978 0.0746035 0.138044 0.0715162
34 0.676416 0.989584 0.0980937 0.0208311 0.0714686
34 0.621545 0.99877 0.0886755 0.0024607 0.071381
34 0.977234 0.373158 0.0455331 0.0415946 0.0712519
34 0.151006 0.886472 0.0697333 0.0597446 0.0711626
34 0.593531 0.976617 0.0819494 0.0467665 0.0710485
34 0.090517 0.961473 0.0757738 0.0770535 0.0709736
34 0.578636 0.8104 0.041691 0.0947125 0.0709199
34 0.488098 0.636692 0.0447549 0.088896 0.0708587
34 0.988573 0.937117 0.0228541 0.125767 0.0708559
34 0.397886 0.830132 0.104798 0.0709041 0.070795
34 0.636206 0.74222 0.05014 0.0917595 0.0706967
34 0.0150464 0.909244 0.0300929 0.0629028 0.0705313
34 0.966063 0.642356 0.0413696 0.0544272 0.0704779
34 0.0374519 0.810299 0.0533266 0.10118 0.0704515
34 0.244062 0.816 0.0518841 0.0536168 0.070427
34 0.386334 0.574259 0.0395146 0.0617488 0.0704056
34 0.0726635 0.978319 0.090598 0.0433617 0.0703719
34 0.5621 0.815487 0.0952444 0.0636864 0.0703439
34 0.607439 0.986163 0.0847273 0.0276745 0.0703112
34 0.344797 0.634403 0.0624427 0.0716145 0.0702724
34 0.609548 0.698329 0.0809654 0.101478 0.07014
34 0.649081 0.827648 0.0882275 0.0660991 0.0697603
34 0.297715 0.657493 0.0701267 0.0711215 0.0696969
34 0.413395 0.867783 0.0529903 0.0398264 0.069691
34 0.59044 0.665806 0.0623585 0.0445142 0.0696498
34 0.586795 0.761809 0.0784842 0.0520866 0.0696332
34 0.137146 0.87803 0.0552212 0.0623287 0.0696104
34 0.485034 0.783211 0.0505669 0.0680353 0.0696092
34 0.823094 0.455984 0.0844139 0.105593 0.0695079
34 0.663457 0.982136 0.097502 0.035728 0.0694891
34 0.52817 0.828084 0.0442837 0.0650104 0.0694664
34 0.971303 0.490785 0.057395 0.104656 0.0694254
34 0.0461104 0.998908 0.0881951 0.00218388 0.0694239
34 0.76891 0.461003 0.125347 0.0611896 0.0694021
34 0.379658 0.781985 0.0698873 0.0843107 0.0693886
34 0.300785 0.927662 0.0503131 0.0871486 0.0693818
34 0.414798 0.868725 0.0459341 0.0686732 0.0692626
34 0.247942 0.843832 0.0462871 0.0997217 0.0691636
34 0.79201 0.483437 0.0523361 0.0802799 0.0691465
34 0.120219 0.539596 0.0445505 0.0476038 0.0690928
34 0.587477 0.786498 0.03246 0.10181 0.0690204
34 0.316454 0.888472 0.0675571 0.0330962 0.0690034
34 0.0555044 0.748129 0.0497373 0.0943198 0.0689749
34 0.200147 0.620375 0.0413227 0.0884349 0.0688934
34 0.197442 0.510486 0.0463768 0.132104 0.0688469
34 0.500396 0.764886 0.0544551 0.106387 0.0688438
34 0.596871 0.596788 0.0819519 0.0864112 0.0686951
34 0.37912 0.803445 0.108049 0.109606 0.0686496
34 0.0981764 0.772852 0.0325886 0.06494 0.0685939
34 0.319612 0.641259 0.0673905 0.0678368 0.0685633
34 0.251767 0.472691 0.0370884 0.0732608 0.0684921
34 0.966467 0.48905 0.0670652 0.101779 0.0684782
34 0.0181786 0.929516 0.0363572 0.0639528 0.0684614
34 0.36747 0.586167 0.0584801 0.0581274 0.0683975
34 0.376914 0.630393 0.104611 0.0841704 0.0683718
34 0.647355 0.980576 0.0899757 0.0388484 0.0683699
34 0.468264 0.770846 0.0641066 0.0640149 0.0683067
34 0.0730494 0.535371 0.0483452 0.0657085 0.0683014
34 0.609052 0.728443 0.0552329 0.0819924 0.0682484
34 0.183322 0.864958 0.0507474 0.0639942 0.0681898
34 0.478344 0.766987 0.0462694 0.0969142 0.0681854
34 0.457936 0.924215 0.0497431 0.0346323 0.0681658
34 0.382481 0.817451 0.097279 0.0882684 0.068159
34 0.260894 0.48345 0.0419065 0.108587 0.0681331
34 0.297297 0.75358 0.0511941 0.059844 0.0681052
34 0.977368 0.515234 0.045265 0.0980685 0.0680555
34 0.315402 0.928423 0.0517693 0.0746823 0.0680347
34 0.475235 0.754143 0.0976829 0.0618273 0.0679507
34 0.587572 0.708902 0.0492725 0.0882154 0.0679284
34 0.192395 0.479215 0.0625333 0.114082 0.0678565
34 0.477959 0.679205 0.0364315 0.0331977 0.0678112
34 0.166838 0.684917 0.0763995 0.0737965 0.0677319
34 0.58894 0.905775 0.0843409 0.0888957 0.0677042
34 0.330524 0.440493 0.0365583 0.0798065 0.067703
34 0.129389 0.865875 0.0643467 0.0575521 0.0676899
34 0.882727 0.403793 0.0382202 0.0766817 0.0676893
34 0.301946 0.448672 0.0852427 0.0831194 0.0676726
34 0.829573 0.470168 0.0848484 0.136252 0.0676385
34 0.470009 0.661917 0.0375908 0.0489139 0.067634
34 0.970999 0.673831 0.0580018 0.0662699 0.0676337
34 0.0407184 0.793528 0.0288248 0.121122 0.0676
34 0.298038 0.777713 0.0393073 0.0752489 0.0675826
34 0.846243 0.484302 0.059984 0.101287 0.0675747
34 0.719612 0.297824 0.0688087 0.0622431 0.067569
34 0.580643 0.789177 0.129377 0.100029 0.067556
34 0.365241 0.634244 0.0732454 0.0978398 0.06754
34 0.179261 0.857705 0.0366932 0.0930717 0.0675075
