34 0.996501 1 0.00699749 0 0.370117
34 0.991147 1 0.0177053 0 0.204641
34 0.992118 1 0.0157631 0 0.201005
34 0.9769 1 0.0461991 0 0.199295
34 0.428421 1 0.0485995 0 0.198757
34 0.140842 1 0.0484436 0 0.198719
34 0.0910443 1 0.0487863 0 0.198689
34 0.178308 1 0.0483955 0 0.198609
34 0.165765 1 0.0483075 0 0.198593
34 0.490875 1 0.0485331 0 0.198591
34 0.390917 1 0.048605 0 0.198591
34 0.12836 1 0.0485284 0 0.198577
34 0.153332 1 0.0484264 0 0.198569
34 0.929134 1 0.0499882 0 0.198552
34 0.766232 1 0.0491076 0 0.198545
34 0.891199 1 0.0491135 0 0.198539
34 0.653584 1 0.0488209 0 0.198521
34 0.441035 1 0.048768 0 0.198517
34 0.666119 1 0.0489376 0 0.198517
34 0.828643 1 0.0489609 0 0.198514
34 0.603542 1 0.0488459 0 0.198508
34 0.52829 1 0.0483862 0 0.198507
34 0.316004 1 0.0487601 0 0.198506
34 0.963783 1 0.0447155 0 0.198498
34 0.553308 1 0.0483915 0 0.198486
34 0.340936 1 0.0486252 0 0.198475
34 0.115909 1 0.0485169 0 0.198465
34 0.365872 1 0.0485172 0 0.198462
34 0.278498 1 0.0487185 0 0.19846
34 0.841135 1 0.0489361 0 0.198458
34 0.81615 1 0.0489706 0 0.198457
34 0.328444 1 0.048641 0 0.198456
34 0.903875 1 0.0494709 0 0.198445
34 0.515752 1 0.0483249 0 0.198444
34 0.353443 1 0.0486558 0 0.198432
34 0.753669 1 0.0490001 0 0.198431
34 0.628605 1 0.0489287 0 0.198428
34 0.378369 1 0.0485195 0 0.198426
34 0.641136 1 0.0489683 0 0.198426
34 0.190859 1 0.0484704 0 0.198422
34 0.266017 1 0.0487987 0 0.198419
34 0.540801 1 0.0483624 0 0.198412
34 0.866127 1 0.048959 0 0.198406
34 0.565879 1 0.0485429 0 0.198402
34 0.203359 1 0.048461 0 0.198394
34 0.103568 1 0.0484918 0 0.198385
34 0.253491 1 0.0487332 0 0.198383
34 0.290996 1 0.0487215 0 0.198383
34 0.803695 1 0.0490673 0 0.19838
34 0.791226 1 0.0491612 0 0.198379
34 0.778709 1 0.0490686 0 0.198371
34 0.703707 1 0.0491288 0 0.198371
34 0.853645 1 0.0489712 0 0.198365
34 0.303483 1 0.0486788 0 0.198363
34 0.503305 1 0.0484634 0 0.198362
34 0.678634 1 0.0489532 0 0.19834
34 0.716241 1 0.0491764 0 0.198337
34 0.403441 1 0.0487071 0 0.198331
34 0.415883 1 0.0485464 0 0.198328
34 0.0783587 1 0.048515 0 0.198326
34 0.453483 1 0.0487021 0 0.198313
34 0.22851 1 0.0487528 0 0.198305
34 0.87868 1 0.0490791 0 0.198301
34 0.691171 1 0.0490837 0 0.198294
34 0.578437 1 0.0486277 0 0.198293
34 0.590935 1 0.0486425 0 0.198282
34 0.215944 1 0.0486348 0 0.198276
34 0.616108 1 0.0489401 0 0.19827
34 0.728759 1 0.0492293 0 0.198268
34 0.240958 1 0.048689 0 0.198208
34 0.741171 1 0.0490123 0 0.198206
34 0.478372 1 0.0484488 0 0.198204
34 0.916464 1 0.0496439 0 0.198158
34 0.46587 1 0.0485106 0 0.198126
34 0.0534927 1 0.0497025 0 0.198022
34 0.0414455 1 0.0489617 0 0.197772
34 0.0658338 1 0.0484414 0 0.197386
34 0.941749 1 0.0503094 0 0.197131
34 0.952733 1 0.0477074 0 0.196859
34 0.993738 0 0.0125243 0 0.196221
34 0.992183 1 0.015634 0 0.193542
34 0.983116 1 0.0337674 0 0.193204
34 0.992447 0.522386 0.015106 0.0600592 0.19317
34 0.992663 0 0.0146731 0 0.192865
34 0.991893 0.498556 0.016214 0.0583644 0.192812
34 0.992419 1 0.0151613 0 0.192783
34 0.991608 0.473054 0.0167843 0.0588928 0.192591
34 0.992259 0 0.0154818 0 0.192538
34 0.992237 0.570513 0.0155262 0.0607916 0.192472
34 0.992043 0.546416 0.015914 0.0628343 0.192421
34 0.991574 0.448047 0.0168519 0.061777 0.19237
34 0.993568 0.00158063 0.0128631 0.00316125 0.192317
34 0.992249 0.352359 0.0155024 0.0626995 0.192212
34 0.991456 0.425999 0.0170889 0.0634305 0.192166
34 0.993708 0.811979 0.012583 0.062757 0.192126
34 0.993343 0.838432 0.0133137 0.0614872 0.192032
34 0.992656 0.666916 0.0146872 0.0586835 0.192017
34 0.993601 0.717155 0.0127974 0.0651322 0.191886
34 0.992244 0.595924 0.0155111 0.0610004 0.191875
34 0.992203 0.620061 0.0155945 0.0609062 0.191813
34 0.993038 0.33016 0.013925 0.0708895 0.191759
34 0.993768 0.789364 0.0124647 0.0643029 0.191671
34 0.992956 0.275324 0.0140889 0.0559451 0.19163
34 0.992309 0.643829 0.0153821 0.0611759 0.19158
34 0.991708 0.40196 0.0165845 0.0617831 0.191565
34 0.99289 0.203702 0.0142191 0.0599888 0.191491
34 0.992964 0.252929 0.0140716 0.0590181 0.19148
34 0.993087 0.693076 0.0138254 0.0637899 0.191457
34 0.0270461 1 0.0504649 0 0.191378
34 0.992884 0.178955 0.0142327 0.0582826 0.191362
34 0.9914 0.376458 0.0171996 0.0578512 0.191308
34 0.993096 0.300914 0.0138071 0.0598872 0.191235
34 0.992901 0.228829 0.0141981 0.0612811 0.191151
34 0.992876 0.154406 0.0142483 0.0585379 0.191121
34 0.992719 0.73979 0.0145628 0.0628787 0.190722
34 0.992611 0.104785 0.0147776 0.0597749 0.190693
34 0.993385 0 0.0132299 0 0.190621
34 0.992598 0.129798 0.0148037 0.0576596 0.190592
34 0.992606 0.0792959 0.0147873 0.0625555 0.190447
34 0.0122159 1 0.0244318 0 0.190389
34 0.99268 1 0.0146405 0 0.190381
34 0.993581 0.861895 0.0128377 0.06445 0.189794
34 0.993607 0.885086 0.0127863 0.0661087 0.189301
34 0.992609 0.0560373 0.0147816 0.0588574 0.189189
34 0.993634 0.959746 0.0127323 0.061569 0.189185
34 0.993526 0.907145 0.0129478 0.0594018 0.188892
34 0.992806 0.016575 0.0143875 0.03315 0.188496
34 0.990281 0.76468 0.0194377 0.0617125 0.188336
34 0.0197405 1 0.039481 0 0.187963
34 0.993053 0.932025 0.0138937 0.0569021 0.187929
34 0.991747 0.989664 0.0165067 0.0206713 0.187676
34 0.992478 0.032741 0.0150434 0.0594566 0.186374
34 0.991797 0.976682 0.0164064 0.0466359 0.185977
34 0.989783 1 0.0204346 0 0.180405
34 0.994972 0 0.0100569 0 0.163423
34 1 1 0 0 0.0830689
34 0.440254 0.457927 0.131636 0.100158 0.0809099
34 0.430284 0.466517 0.0839502 0.149041 0.0773562
34 0.404569 0.958793 0.0358732 0.0824137 0.0768014
34 0.358882 0.466327 0.0498659 0.151822 0.0759185
34 0.382969 0.455516 0.0300075 0.171713 0.0748673
34 0.182931 0.97333 0.0761886 0.0533395 0.0747351
34 0.608103 0.697189 0.0358261 0.1388 0.0741661
34 0.473257 0.468354 0.0890966 0.0704092 0.074034
34 0.374997 0.467771 0.0521946 0.165594 0.073488
34 0.385286 0.436723 0.0945943 0.0882759 0.0732241
34 0.206727 0.971569 0.0993643 0.0568616 0.073122
34 0.411407 0.934061 0.0507856 0.0794954 0.0730399
34 0.178386 0.968077 0.0947243 0.0638467 0.0729244
34 0.794856 1 0.0852295 0 0.0726095
34 0.543622 0.944519 0.0618399 0.110962 0.0725992
34 0.694731 1 0.0849731 0 0.0725631
34 0.869762 1 0.0850378 0 0.0725412
34 0.844833 1 0.0851801 0 0.0725407
34 0.819909 1 0.0853294 0 0.0725365
34 0.769823 1 0.0851675 0 0.0725235
34 0.669823 1 0.0851664 0 0.0725037
34 0.744922 1 0.0853598 0 0.0724814
34 0.119572 1 0.084745 0 0.0724672
34 0.469596 1 0.0847116 0 0.0724619
34 0.894789 1 0.0850868 0 0.0724528
34 0.919892 1 0.0852974 0 0.0724417
34 0.71985 1 0.0852074 0 0.0724376
34 0.957374 1 0.0852525 0 0.0724344
34 0.319653 1 0.0848115 0 0.0724163
34 0.64479 1 0.0850974 0 0.0724149
34 0.344683 1 0.0848666 0 0.0724033
34 0.369567 1 0.0846328 0 0.0723833
34 0.169483 1 0.0844815 0 0.072377
34 0.294689 1 0.0848887 0 0.0723656
34 0.206986 1 0.0844911 0 0.07236
34 0.681881 0.600565 0.0855476 0.0906911 0.0723332
34 0.407037 1 0.084581 0 0.0723326
34 0.522747 0.602452 0.0601053 0.0817759 0.072329
34 0.607083 1 0.0846718 0 0.0723228
34 0.569489 1 0.0844903 0 0.0723205
34 0.244585 1 0.0846848 0 0.0723185
34 0.432145 1 0.0848034 0 0.0723096
34 0.144535 1 0.0845715 0 0.0723028
34 0.494505 1 0.0845214 0 0.0722969
34 0.269687 1 0.0848866 0 0.0722758
34 0.544495 1 0.0844948 0 0.0722756
34 0.519568 1 0.0846288 0 0.0722585
34 0.0946073 1 0.0847956 0 0.0721264
34 0.582704 0.933107 0.0663298 0.133785 0.072091
34 0.969863 1 0.0602737 0 0.0720791
34 0.393419 0.436854 0.05043 0.0817207 0.071959
34 0.461027 0.470322 0.0805119 0.0401699 0.0716219
34 0.0249246 0.446918 0.0498491 0.0793192 0.071326
34 0.328411 0.431348 0.0575413 0.10976 0.0712305
34 0.452019 0.507247 0.0550787 0.0813372 0.0712001
34 0.0177526 0.429468 0.0355052 0.106103 0.0710323
34 0.508541 0.969532 0.0506145 0.060935 0.0709641
34 0.537822 0.958692 0.0709875 0.0826164 0.0709527
34 0.172217 0.946874 0.0995998 0.106251 0.0709099
34 0.810737 0.413301 0.0416588 0.130444 0.0707424
34 0.769681 0.790673 0.054814 0.155313 0.0706235
34 0.0701902 1 0.0855875 0 0.0705927
34 0.0238048 0.457367 0.0476096 0.0565107 0.0705106
34 0.652182 0.667219 0.125815 0.0492087 0.070506
34 0.988614 1 0.0227715 0 0.0704092
34 0.766062 0.759292 0.111979 0.121558 0.0703583
34 0.663092 0.673908 0.04959 0.0810734 0.0702424
34 0.755217 0.742543 0.0534908 0.0931594 0.0700186
34 0.590035 0.559194 0.0421528 0.115062 0.0700184
34 0.386585 0.445501 0.0395452 0.0971648 0.0699712
34 0.0104483 0.30813 0.0208967 0.0702151 0.069829
34 0.686953 0.666814 0.0889168 0.114567 0.0697846
34 0.074896 0.713988 0.0518835 0.0554167 0.0697834
34 0.460208 0.481731 0.0512459 0.0691353 0.0697747
34 0.877495 0.110874 0.0743458 0.0910085 0.0697673
34 0.158332 0.96027 0.0551763 0.0794592 0.0696403
34 0.307059 0.727 0.0383324 0.0970463 0.0695048
34 0.616475 0.657393 0.0694298 0.036038 0.0693938
34 0.189922 0.951999 0.0563938 0.0960014 0.0693892
34 0.0647523 0.713156 0.0449656 0.097956 0.0693521
34 0.228198 0.390383 0.0628034 0.0900804 0.0693439
34 0.523203 0.971785 0.0468791 0.0564295 0.0693152
34 0.691079 0.627094 0.101394 0.0864825 0.0693001
34 0.214162 0.773378 0.044408 0.156003 0.0692909
34 0.387328 0.464706 0.0392389 0.169206 0.0692565
34 0.868244 0.0982932 0.101172 0.0776155 0.0692059
34 0.52541 0.957878 0.041829 0.0842439 0.0691385
34 0.100436 0.864739 0.0754111 0.106264 0.0691096
34 0.539782 0.179993 0.0630793 0.111562 0.0690058
34 0.636989 0.620523 0.0866678 0.0674347 0.0689932
34 0.419366 0.962595 0.0457002 0.0748095 0.0688735
34 0.00759938 0.278864 0.0151988 0.0689783 0.068791
34 0.559333 0.936755 0.0379605 0.12649 0.068725
34 0.00468818 0.495374 0.00937636 0.116713 0.0686031
34 0.647804 0.828697 0.0799093 0.130309 0.0684955
34 0.264784 0.827684 0.0375094 0.107225 0.0684829
34 0.168799 0.938863 0.0440736 0.122275 0.0684736
34 0.0294201 0.798381 0.0588403 0.0732435 0.068461
34 0.611705 0.968391 0.0402071 0.063218 0.0684066
34 0.145172 0.947552 0.0461021 0.104897 0.068395
34 0.534494 0.159853 0.0381399 0.170583 0.0683349
34 0.0734787 0.845474 0.0693654 0.081016 0.0682575
34 0.156091 0.960992 0.0448326 0.0780165 0.0682478
34 0.55585 0.93608 0.0549257 0.127839 0.0682095
34 0.363829 0.787139 0.0663914 0.0707728 0.0681688
34 0.168318 0.976023 0.043349 0.0479542 0.0680845
34 0.493352 0.960992 0.0404175 0.0780156 0.0680511
34 0.520659 0.648881 0.0505243 0.060722 0.0680428
34 0.405972 0.96872 0.0599783 0.0625602 0.0680122
34 0.620168 0.824233 0.0443388 0.118124 0.0679738
34 0.693371 0.552306 0.10892 0.0819002 0.0679433
34 0.310021 0.882267 0.0636005 0.0473431 0.0679193
34 0.436536 0.55924 0.0408601 0.125816 0.0679117
34 0.665013 0.593728 0.0622019 0.0995235 0.0678834
34 0.669101 0.823485 0.0370693 0.0817526 0.0678794
34 0.00798838 0.445167 0.0159768 0.111108 0.0678593
34 0.121245 0.960298 0.0743723 0.0794034 0.067799
34 0.684113 0.582621 0.0940711 0.0985919 0.0677928
34 0.380907 0.432343 0.102348 0.0556113 0.0677355
34 0.206314 0.93429 0.0366356 0.0556577 0.067674
34 0.449437 0.43349 0.0912672 0.123206 0.0675961
34 0.668303 0.542051 0.0686153 0.101658 0.0675884
34 0.847974 0.126117 0.0557682 0.0799892 0.0675865
34 0.00556122 0.522568 0.0111224 0.0838624 0.0675333
34 0.356184 0.878157 0.0750391 0.0892793 0.0675277
34 0.661459 0.56436 0.0510616 0.106558 0.0675062
34 0.620987 0.707337 0.0599656 0.109839 0.067484
34 0.310362 0.564324 0.0518032 0.082065 0.0674593
34 0.154277 0.947886 0.0895052 0.104228 0.0674303
34 0.0670583 0.858929 0.0522941 0.0648977 0.0673869
34 0.593425 0.548637 0.0844275 0.084993 0.0673822
34 0.593118 0.287344 0.0910129 0.132457 0.0672679
34 0.164939 0.729314 0.079658 0.131825 0.0672618
34 0.400314 0.657746 0.0421253 0.106496 0.0672154
34 0.827645 0.435581 0.0549156 0.0987306 0.0671403
34 0.994904 1 0.0101913 0 0.067027
34 0.639505 0.848476 0.0508249 0.127169 0.0670032
34 0.120489 0.957532 0.0481398 0.0849364 0.0669634
34 0.435125 0.693752 0.0544241 0.083389 0.0669537
34 0.509372 0.435999 0.044865 0.108503 0.0669307
34 0.0315803 0.968634 0.0364011 0.062732 0.0669152
34 0.132749 0.949893 0.0453982 0.100213 0.0668554
34 0.204874 0.897093 0.0411658 0.105934 0.0668387
34 0.66971 0.446599 0.0641946 0.176425 0.0668373
34 0.48538 0.84316 0.0507115 0.0778178 0.0667913
34 0.666467 0.512104 0.0621847 0.102968 0.0667428
34 0.357705 0.840509 0.0605339 0.0969276 0.0666734
34 0.0388804 0.820979 0.0777608 0.0735128 0.0666619
34 0.839233 0.425713 0.0825806 0.12557 0.0666554
34 0.747618 0.748701 0.0781534 0.0976182 0.066638
34 0.336418 0.698191 0.0973019 0.13055 0.0666333
34 0.835057 0.11729 0.046496 0.106146 0.0666238
34 0.727764 0.974194 0.0444876 0.0516123 0.0666075
34 0.260292 0.264379 0.047191 0.097652 0.0665688
34 0.441137 0.472527 0.109178 0.0795045 0.0665538
34 0.972994 0.455326 0.0540119 0.104354 0.066501
34 0.0675503 0.894585 0.0447264 0.109981 0.0664534
34 0.425239 0.597899 0.0513218 0.0846125 0.0664513
34 0.0707806 0.870223 0.0389645 0.080005 0.0663924
34 0.487122 0.996742 0.051874 0.00651508 0.0663882
34 0.554868 0.169016 0.0509668 0.170908 0.0663808
34 0.228298 0.764168 0.0700799 0.080183 0.0663509
34 0.606605 0.959605 0.0515205 0.0807906 0.0663501
34 0.575261 0.288943 0.0776211 0.065744 0.0663333
