34 0.996499 1 0.0070013 0 0.370234
34 0.991129 1 0.0177417 0 0.203413
34 0.992087 1 0.0158257 0 0.202332
34 0.9931 0.437904 0.0137998 0.0387114 0.201439
34 0.993269 0.534667 0.0134626 0.0313869 0.20127
34 0.994468 0 0.0110639 0 0.199722
34 0.976885 1 0.046229 0 0.198643
34 0.994356 0.462905 0.0112877 0.0543214 0.198638
34 0.997254 0.585422 0.00549126 0.0522768 0.198269
34 0.991418 0.515648 0.0171632 0.0324021 0.198218
34 0.0905691 1 0.0478957 0 0.198005
34 0.153057 1 0.0478524 0 0.197939
34 0.165519 1 0.0477756 0 0.197932
34 0.178053 1 0.0478427 0 0.197872
34 0.140581 1 0.0479082 0 0.197843
34 0.25305 1 0.0478417 0 0.197793
34 0.0779563 1 0.0477824 0 0.197771
34 0.315564 1 0.0478642 0 0.197761
34 0.128065 1 0.0479231 0 0.197754
34 0.190565 1 0.0478651 0 0.197752
34 0.890544 1 0.0478155 0 0.197749
34 0.265562 1 0.0478639 0 0.197727
34 0.353047 1 0.0478302 0 0.197719
34 0.72803 1 0.0478025 0 0.197712
34 0.490549 1 0.0478352 0 0.197711
34 0.665532 1 0.0478041 0 0.197709
34 0.715519 1 0.0477795 0 0.197709
34 0.103158 1 0.0477045 0 0.197708
34 0.765516 1 0.0477672 0 0.197708
34 0.590548 1 0.0478325 0 0.197707
34 0.340542 1 0.0478274 0 0.197706
34 0.640534 1 0.0478012 0 0.197703
34 0.478042 1 0.0478273 0 0.197703
34 0.503048 1 0.0478354 0 0.197702
34 0.653036 1 0.047813 0 0.197702
34 0.240525 1 0.0477975 0 0.197701
34 0.378037 1 0.0478198 0 0.1977
34 0.778019 1 0.0477789 0 0.1977
34 0.565534 1 0.047808 0 0.197698
34 0.465551 1 0.0478415 0 0.197698
34 0.328048 1 0.0478443 0 0.197695
34 0.803033 1 0.0477997 0 0.197693
34 0.79052 1 0.0477762 0 0.197693
34 0.740527 1 0.0477939 0 0.19769
34 0.27806 1 0.0478478 0 0.197688
34 0.603051 1 0.0478391 0 0.197688
34 0.39055 1 0.0478419 0 0.197688
34 0.203063 1 0.0478654 0 0.197688
34 0.428037 1 0.0478186 0 0.197685
34 0.578032 1 0.0478059 0 0.197682
34 0.865539 1 0.0478119 0 0.197681
34 0.85304 1 0.0478127 0 0.197681
34 0.365534 1 0.0478148 0 0.197681
34 0.703021 1 0.0477869 0 0.19768
34 0.415533 1 0.0478062 0 0.19768
34 0.690527 1 0.0477907 0 0.197679
34 0.903292 1 0.0483086 0 0.197679
34 0.840534 1 0.0477974 0 0.197679
34 0.815519 1 0.0477737 0 0.197677
34 0.453045 1 0.0478292 0 0.197677
34 0.828027 1 0.0477848 0 0.197677
34 0.553031 1 0.0478102 0 0.197676
34 0.678023 1 0.0477814 0 0.197675
34 0.403035 1 0.0478241 0 0.197674
34 0.440538 1 0.0478187 0 0.197671
34 0.528048 1 0.0478287 0 0.197669
34 0.628038 1 0.0478067 0 0.197668
34 0.540544 1 0.04783 0 0.197663
34 0.303048 1 0.0478498 0 0.197662
34 0.753015 1 0.0477669 0 0.197659
34 0.228039 1 0.047835 0 0.197657
34 0.878054 1 0.0478329 0 0.197657
34 0.615541 1 0.047821 0 0.197654
34 0.115591 1 0.0479148 0 0.197643
34 0.515538 1 0.0478187 0 0.19764
34 0.290551 1 0.0478431 0 0.197636
34 0.215562 1 0.0478598 0 0.197634
34 0.928714 1 0.0491947 0 0.197632
34 0.0530522 1 0.048915 0 0.19746
34 0.963297 1 0.0437389 0 0.197345
34 0.0410366 1 0.0482388 0 0.197337
34 0.915956 1 0.0486633 0 0.197299
34 0.0654845 1 0.0477265 0 0.197077
34 0.991983 0.0157043 0.0160341 0.0314086 0.196592
34 0.992039 0.999566 0.0159212 0.00086697 0.196516
34 0.94137 1 0.0495979 0 0.195858
34 0.99289 0.609251 0.0142192 0.0467649 0.195708
34 0.952294 1 0.0468634 0 0.195639
34 0.993092 0.308666 0.0138161 0.0468804 0.195567
34 0.992151 0.00478105 0.0156977 0.00956211 0.195296
34 0.988449 0.697591 0.0231027 0.0391951 0.194392
34 0.99483 0.554823 0.0103394 0.0330394 0.194293
34 0.99405 0.777165 0.0118994 0.0396495 0.19426
34 0.99253 0.274096 0.0149409 0.0454718 0.194217
34 0.992407 0.295645 0.0151865 0.054346 0.194022
34 0.991926 0.365963 0.016147 0.0493674 0.193767
34 0.9902 0.68358 0.0196 0.0615598 0.193667
34 0.99253 0.0263204 0.0149408 0.0481322 0.193627
34 0.988329 0.628826 0.0233416 0.0438523 0.193364
34 0.992055 0.213917 0.0158907 0.0443634 0.193201
34 0.989356 0.754849 0.0212875 0.0399307 0.193186
34 0.993902 0.325348 0.0121969 0.0372159 0.193002
34 0.99372 0.720334 0.0125604 0.0475524 0.19283
34 0.992548 0.231777 0.0149035 0.0424754 0.192776
34 0.990803 0.378778 0.0183949 0.0426372 0.192578
34 0.992555 0.253423 0.0148903 0.0457716 0.192481
34 0.991314 0.195969 0.0173715 0.0421793 0.192261
34 0.983107 1 0.0337869 0 0.192261
34 0.990046 0.418614 0.019908 0.0406945 0.191747
34 0.99176 0.0683979 0.0164795 0.0399667 0.191514
34 0.0265951 1 0.0497263 0 0.191373
34 0.990913 0.120121 0.0181746 0.0410059 0.191317
34 0.991332 0.347018 0.0173361 0.0437519 0.191315
34 0.991131 0.176839 0.017738 0.0385689 0.191307
34 0.993152 0.832414 0.0136967 0.0511211 0.191219
34 0.991183 0.0834674 0.0176346 0.0410566 0.191143
34 0.990649 0.158943 0.0187016 0.0401547 0.191142
34 0.991378 0.102726 0.017243 0.0399971 0.191025
34 0.990307 0.13877 0.0193855 0.0401849 0.19087
34 0.99147 0.988324 0.0170595 0.0233522 0.190868
34 0.992192 0.644042 0.0156155 0.0344176 0.190829
34 0.993192 0.92411 0.0136168 0.0469784 0.190784
34 0.993043 0.811201 0.0139136 0.0518311 0.190726
34 0.993285 0.906429 0.01343 0.0500227 0.190712
34 0.993143 0.942811 0.0137134 0.0424397 0.190704
34 0.993879 0.960878 0.0122419 0.0422536 0.190694
34 0.0116493 1 0.0232987 0 0.19064
34 0.992806 0.869848 0.0143874 0.0464522 0.190368
34 0.992777 0.793592 0.0144452 0.0529732 0.190336
34 0.992205 0.0467878 0.0155895 0.0407179 0.190043
34 0.993303 0.888996 0.0133934 0.0473872 0.189976
34 0.990368 0.397564 0.019264 0.0343341 0.189939
34 0.993109 0 0.0137814 0 0.189652
34 0.992262 0.849506 0.0154771 0.0505642 0.189519
34 0.992019 0.477405 0.0159625 0.0437487 0.1895
34 0.995481 0.571503 0.00903807 0.0366094 0.188965
34 0.990829 0.66331 0.0183426 0.051016 0.188935
34 0.99043 0.507455 0.0191395 0.0528157 0.188831
34 0.0193171 1 0.0386341 0 0.18778
34 0.993014 0.978436 0.0139722 0.0431285 0.187109
34 0.991272 0.740772 0.0174553 0.054942 0.183599
34 0.989795 0.996228 0.0204099 0.00754397 0.179403
34 0.994863 0 0.0102738 0 0.163565
34 1 1 0 0 0.0830855
34 0.119401 0.998822 0.0844048 0.00235627 0.0721877
34 0.194432 0.99874 0.0843841 0.00251913 0.0721852
34 0.219469 0.998654 0.0844565 0.00269111 0.07212
34 0.169515 0.998566 0.0845458 0.00286765 0.0721173
34 0.919548 0.998715 0.0846214 0.00256904 0.0721044
34 0.281934 0.998804 0.0843893 0.00239292 0.0721016
34 0.519457 0.998848 0.0844379 0.0023045 0.0720918
34 0.619472 0.998833 0.0844676 0.00233374 0.072088
34 0.344468 0.998815 0.0844559 0.0023701 0.0720873
34 0.819461 0.998772 0.0844475 0.00245681 0.0720856
34 0.494466 0.998801 0.0844547 0.00239748 0.072084
34 0.894493 0.998706 0.0845123 0.00258786 0.072084
34 0.369442 0.998737 0.0844071 0.00252569 0.0720837
34 0.756959 0.998781 0.0844427 0.0024387 0.0720825
34 0.669461 0.998793 0.0844461 0.00241474 0.0720819
34 0.869486 0.998766 0.0844975 0.00246807 0.0720802
34 0.45696 0.998811 0.0844444 0.00237766 0.0720799
34 0.25697 0.998658 0.0844619 0.00268398 0.0720784
34 0.594472 0.998861 0.0844661 0.00227698 0.0720784
34 0.694466 0.998801 0.0844563 0.00239763 0.0720779
34 0.719468 0.998775 0.0844585 0.00245053 0.0720775
34 0.794466 0.998791 0.0844561 0.00241773 0.0720771
34 0.306962 0.998766 0.0844409 0.00246779 0.0720767
34 0.644472 0.998757 0.084469 0.00248504 0.0720765
34 0.419471 0.998857 0.0844606 0.00228582 0.0720761
34 0.844466 0.998778 0.0844566 0.00244383 0.0720759
34 0.394454 0.998779 0.0844284 0.00244226 0.0720747
34 0.544462 0.99875 0.084449 0.00249987 0.072068
34 0.569472 0.998745 0.0844669 0.00250971 0.0720606
34 0.14451 0.998256 0.0845274 0.00348813 0.0720262
34 0.957198 0.997376 0.0849197 0.00524831 0.0719978
34 0.0944708 0.998735 0.0845112 0.00252954 0.0719493
34 0.97929 0.608218 0.0414204 0.074183 0.0718114
34 0.969859 0.997948 0.0602816 0.00410305 0.0716178
34 0.0700389 0.999526 0.085285 0.000947614 0.0704361
34 0.988611 0.992476 0.0227789 0.0150473 0.070308
34 0.569943 0.293008 0.0424079 0.0633208 0.0702072
34 0.973216 0.458591 0.0535686 0.0707232 0.069754
34 0.564666 0.263813 0.044635 0.029166 0.0696543
34 0.575392 0.176709 0.0564002 0.118822 0.0695506
34 0.409529 0.404151 0.0846678 0.0803958 0.0693282
34 0.617839 0.342807 0.0857647 0.0823835 0.0692942
34 0.783175 0.716087 0.0408184 0.138034 0.0689334
34 0.596691 0.243388 0.0645601 0.0858687 0.0689163
34 0.976536 0.597045 0.0469288 0.111322 0.0687504
34 0.521279 0.1923 0.0406292 0.0964665 0.0686831
34 0.803741 0.709594 0.0895416 0.0789059 0.0682894
34 0.359231 0.741453 0.0745648 0.0830738 0.0682438
34 0.975208 0.631583 0.0495832 0.0510034 0.0679414
34 0.97472 0.706424 0.0505608 0.0827363 0.0678219
34 0.58598 0.177145 0.0504001 0.0867717 0.0677043
34 0.0176432 0.0304553 0.0352863 0.0609106 0.0676904
34 0.979205 0.446328 0.0415895 0.113657 0.0676636
34 0.784272 0.694849 0.0764729 0.0845477 0.0675493
34 0.711151 0.325507 0.0496076 0.0690438 0.0675445
34 0.508954 0.218767 0.0415959 0.0959423 0.0674694
34 0.00743699 0.0472429 0.014874 0.0702537 0.0674571
34 0.350977 0.741378 0.0922967 0.0678209 0.0673941
34 0.00447065 0.833832 0.0089413 0.0544262 0.0673136
34 0.675502 0.390846 0.0578781 0.104676 0.0671216
34 0.631107 0.572043 0.0618496 0.0671606 0.0669437
34 0.972918 0.803851 0.0541641 0.0622556 0.0668882
34 0.994899 0.994027 0.0102024 0.0119458 0.0668805
34 0.713513 0.36138 0.0463266 0.0818979 0.0668488
34 0.575339 0.2632 0.048834 0.0737642 0.0667021
34 0.559755 0.377628 0.0442745 0.0853777 0.0665954
34 0.00842194 0.856239 0.0168439 0.0480355 0.0665254
34 0.518716 0.354993 0.0325403 0.0679377 0.0665047
34 0.0064173 0.0657294 0.0128346 0.0639765 0.0664997
34 0.678225 0.715164 0.0848492 0.0759197 0.0663601
34 0.978666 0.42222 0.0426677 0.135411 0.0663501
34 0.651718 0.248991 0.0664453 0.160047 0.066347
34 0.622145 0.333032 0.0618496 0.0510733 0.0663243
34 0.529405 0.270516 0.0572398 0.0862065 0.0663099
34 0.364762 0.74445 0.0593042 0.0982295 0.0662911
34 0.659265 0.407049 0.0478088 0.0802662 0.0662103
34 0.971677 0.437859 0.0566457 0.0670494 0.0661644
34 0.66692 0.416273 0.0509586 0.0627907 0.0661425
34 0.391947 0.738298 0.059299 0.0832853 0.0661352
34 0.795228 0.719609 0.0389778 0.128503 0.0660714
34 0.679439 0.262893 0.0408135 0.0790745 0.0660698
34 0.344589 0.740573 0.0413022 0.140336 0.0660665
34 0.571247 0.304778 0.0395103 0.0913017 0.0659032
34 0.611044 0.589745 0.0452553 0.0733868 0.0658033
34 0.978774 0.0270531 0.0424524 0.0541063 0.0657203
34 0.520512 0.21831 0.0413912 0.104865 0.0656974
34 0.375585 0.744187 0.0602344 0.0909424 0.06567
34 0.979803 0.698509 0.0403943 0.0770426 0.0656544
34 0.97309 0.469731 0.05382 0.0910642 0.0656531
34 0.959233 0.586781 0.0815346 0.125155 0.0655861
34 0.672037 0.757165 0.0485844 0.0700393 0.0655415
34 0.979986 0.508094 0.040029 0.101249 0.0655129
34 0.769034 0.709553 0.0426514 0.137755 0.0655087
34 0.538271 0.187227 0.0651613 0.109851 0.065475
34 0.97219 0.0241112 0.0556196 0.0482223 0.0654536
34 0.559161 0.319152 0.108977 0.0959795 0.0654494
34 0.975206 0.768271 0.0495878 0.0745051 0.0654279
34 0.0431591 1 0.0818913 0 0.0653667
34 0.59805 0.62954 0.0666224 0.0708284 0.0653585
34 0.0100947 0.256691 0.0201894 0.0516308 0.065329
34 0.607556 0.340054 0.043136 0.0996439 0.0652682
34 0.00895549 0.276416 0.017911 0.0512193 0.0652365
34 0.961 0.0339516 0.0780006 0.0679031 0.0652219
34 0.72851 0.360351 0.0678078 0.082923 0.0652033
34 0.863254 0.646441 0.0678783 0.0925504 0.0650603
34 0.425736 0.293579 0.0570956 0.0807416 0.0650575
34 0.354066 0.379971 0.0882037 0.110319 0.0650524
34 0.426165 0.280508 0.0622203 0.0510064 0.0650425
34 0.37618 0.441031 0.0511846 0.102866 0.0649978
34 0.0100119 0.291718 0.0200238 0.0550915 0.0649602
34 0.0542203 0.0288203 0.0605022 0.0576405 0.0649517
34 0.958752 0.0232316 0.0772154 0.0464632 0.0649312
34 0.418857 0.365337 0.0815405 0.064047 0.0649278
34 0.565054 0.128968 0.0409534 0.0930669 0.0648661
34 0.950959 0.685595 0.0853085 0.16544 0.0648387
34 0.298122 0.726101 0.0955763 0.125626 0.0648382
34 0.967728 0.587995 0.0516048 0.130306 0.0648211
34 0.972467 0.685278 0.0550655 0.0773057 0.0648207
34 0.544106 0.311846 0.070014 0.11902 0.0648029
34 0.330178 0.748661 0.0414457 0.132898 0.0647531
34 0.589697 0.158068 0.0912049 0.0624561 0.0647508
34 0.74278 0.268917 0.0567486 0.0976883 0.0647444
34 0.49896 0.313871 0.0625338 0.0913822 0.0647163
34 0.701415 0.124835 0.0721758 0.133714 0.064706
34 0.979545 0.525563 0.0409106 0.10165 0.0646972
34 0.637462 0.552802 0.0696174 0.0651666 0.0646942
34 0.596114 0.33754 0.100803 0.0481626 0.0646902
34 0.574644 0.371354 0.03044 0.112729 0.0646867
34 0.638962 0.534 0.0452292 0.0579058 0.0646853
34 0.812996 0.716127 0.0779842 0.0694922 0.0646745
34 0.58441 0.366672 0.054958 0.0626095 0.0646707
34 0.891028 0.0219033 0.0672316 0.0438065 0.0646682
34 0.228383 0.612792 0.0571794 0.110909 0.0646466
34 0.360207 0.742178 0.0465084 0.141552 0.0646428
34 0.734762 0.305957 0.0634635 0.103816 0.064642
34 0.69607 0.110253 0.0589273 0.138898 0.0646237
34 0.684623 0.447518 0.0694096 0.0953875 0.0646232
34 0.962319 0.454099 0.0753627 0.132284 0.0646199
34 0.906863 0.383786 0.0941166 0.100942 0.0645974
34 0.635511 0.271172 0.0814931 0.130882 0.0645669
34 0.582069 0.51499 0.040377 0.0744719 0.0645337
34 0.00518822 0.495344 0.0103764 0.0608814 0.0645161
34 0.579839 0.175788 0.0779896 0.112364 0.064488
34 0.00641932 0.086947 0.0128386 0.0555712 0.0644837
34 0.653829 0.260504 0.0392451 0.0934315 0.0644642
34 0.0193395 0.874275 0.0386791 0.0501706 0.0644441
34 0.699617 0.349126 0.0491414 0.0626196 0.0644264
34 0.916931 0.0222717 0.0673931 0.0445435 0.0644245
34 0.599151 0.593637 0.0524677 0.0789806 0.0644153
34 0.50912 0.346922 0.0746103 0.0752872 0.0644094
34 0.952373 0.295714 0.0824211 0.152603 0.0644036
34 0.531135 0.198814 0.0456707 0.129089 0.0643978
34 0.93342 0.0222542 0.0759563 0.0445084 0.0643754
34 0.935812 0.584904 0.0761921 0.111378 0.064365
34 0.395552 0.371956 0.0736069 0.119556 0.0643238
34 0.978915 0.548604 0.0421693 0.130247 0.0643116
