45 0.499348 0.813057 0.205216 0.185943 0.915457
69 0.144389 0.656359 0.201814 0.337144 0.437793
68 0.953519 0.686622 0.0922596 0.14706 0.29765
69 0.139503 0.699729 0.186054 0.243964 0.282362
72 0.684885 0.538948 0.129644 0.267382 0.209653
60 0.499274 0.809913 0.642626 0.351378 0.202485
69 0.191425 0.536774 0.108018 0.0965946 0.168848
72 0.664374 0.540372 0.0868303 0.258821 0.165369
39 0.987045 0.589431 0.025412 0.0873043 0.157299
43 0.394708 0.848945 0.0517521 0.0280579 0.0969373
69 0.145622 0.538215 0.199584 0.100847 0.0869442
69 0.0889937 0.544662 0.0880322 0.0990676 0.0791448
45 0.302954 0.600915 0.0712675 0.112269 0.0744095
45 0.376559 0.315187 0.047845 0.0438587 0.0726631
69 0.820724 0.791493 0.35842 0.359917 0.0653977
45 0.396855 0.499462 0.0314722 0.0377882 0.0629407
69 0.953486 0.685924 0.0928818 0.14669 0.05751
69 0.0992561 0.680099 0.102807 0.183985 0.0529516
41 0.775106 0.20487 0.0441704 0.102448 0.0456133
45 0.769301 0.689588 0.0249706 0.0238146 0.0442918
68 0.191443 0.536453 0.106989 0.0980288 0.0434526
68 0.32381 0.144682 0.0664243 0.10575 0.043105
43 0.344655 0.498419 0.0098712 0.0619901 0.0392766
68 0.0895943 0.544281 0.0900763 0.0964543 0.0374499
44 0.297266 0.231019 0.0163805 0.086809 0.0333098
43 0.342895 0.498944 0.0104442 0.0599407 0.0332854
41 0.794191 0.68415 0.0297752 0.054645 0.0327146
44 0.296712 0.213506 0.0173402 0.138043 0.0310591
45 0.362768 0.276764 0.0648163 0.0305211 0.0308233
39 0.833279 0.201907 0.0828905 0.132288 0.0304401
43 0.370822 0.488541 0.00635796 0.0377556 0.0299691
44 0.267465 0.184864 0.0151324 0.153245 0.0293412
72 0.625824 0.541737 0.220277 0.268991 0.0287816
44 0.257999 0.180083 0.0117741 0.167684 0.0279576
44 0.394919 0.848812 0.052447 0.0274627 0.0277925
43 0.340211 0.500486 0.00939679 0.0564009 0.0263938
41 0.828956 0.200044 0.0763277 0.127562 0.023502
69 0.188178 0.548273 0.0992862 0.0721801 0.023351
43 0.352994 0.474599 0.00891652 0.0508613 0.0226576
0 0.581845 0.462448 0.0171272 0.0815002 0.0217274
0 0.58651 0.477615 0.0260386 0.118566 0.0195974
68 0.118069 0.443355 0.0968105 0.103853 0.0182501
45 0.515007 0.263691 0.07237 0.0744682 0.018009
44 0.265593 0.135227 0.0205454 0.255084 0.017582
43 0.329237 0.473216 0.00981064 0.0846742 0.0174902
45 0.775823 0.206228 0.0463097 0.103719 0.0162351
44 0.268134 0.215418 0.0157517 0.21013 0.015725
45 0.528544 0.212388 0.0455238 0.0340397 0.0151193
72 0.724576 0.539235 0.0507866 0.268475 0.0146716
43 0.32999 0.477346 0.0154255 0.094436 0.0144471
68 0.145622 0.538215 0.199584 0.100847 0.0139689
45 0.456108 0.245746 0.123772 0.0923027 0.0138646
69 0.660055 0.54088 0.0962145 0.25905 0.0138322
69 0.908081 0.841227 0.182191 0.255361 0.0135912
43 0.350762 0.484865 0.00928798 0.0746533 0.0133735
44 0.37815 0.489541 0.00940437 0.0367484 0.0131293
69 0.118069 0.443355 0.0968105 0.103853 0.0125447
72 0.564665 0.505642 0.104246 0.209932 0.0123484
45 0.490658 0.688874 0.0831995 0.0664031 0.0120649
74 0.222467 0.464109 0.0257021 0.04533 0.0120274
45 0.452504 0.718969 0.0417597 0.0326737 0.0119635
45 0.274718 0.354731 0.0508713 0.0320691 0.011849
44 0.25801 0.148439 0.0107962 0.236512 0.0117889
43 0.37815 0.489541 0.00940437 0.0367484 0.0113545
69 0.613636 0.539731 0.195226 0.263875 0.011225
26 0.219231 0.833828 0.048236 0.163957 0.0102801
43 0.329416 0.504397 0.016732 0.0442418 0.0102292
44 0.370822 0.488541 0.00635796 0.0377556 0.0101945
74 0.771351 0.413922 0.0307591 0.0772704 0.00974858
45 0.757597 0.6622 0.0511525 0.0361285 0.00955239
43 0.354994 0.540309 0.00974855 0.14364 0.00950819
41 0.816693 0.197724 0.0502256 0.122511 0.00854784
72 0.145472 0.655396 0.202612 0.338058 0.00848731
43 0.34938 0.519706 0.0083168 0.100703 0.00834548
0 0.584328 0.503018 0.026433 0.170369 0.00831467
41 0.769607 0.690536 0.02583 0.0272951 0.0081434
39 0.673836 0.676708 0.0147604 0.0733574 0.00812545
69 0.438742 0.546958 0.0812619 0.0992864 0.00804469
45 0.583377 0.255867 0.0683777 0.0387177 0.00800776
45 0.548745 0.263427 0.144756 0.0762368 0.00793537
44 0.260498 0.135237 0.0156169 0.270473 0.00769022
39 0.855234 0.238866 0.0280222 0.0588033 0.00729394
72 0.531635 0.53798 0.0372005 0.141761 0.00726947
69 0.532017 0.536354 0.0310317 0.139762 0.00716329
44 0.344655 0.498419 0.0098712 0.0619901 0.00701651
69 0.524687 0.645675 0.16923 0.10993 0.0068548
44 0.340211 0.500486 0.00939679 0.0564009 0.00665537
72 0.276779 0.473881 0.090863 0.162081 0.00659406
0 0.593973 0.436972 0.0106911 0.0317711 0.00645477
45 0.323703 0.143614 0.0671091 0.105317 0.00638005
43 0.336615 0.473666 0.00747652 0.0866796 0.00632188
45 0.237489 0.366616 0.0227887 0.0235731 0.00623548
45 0.798311 0.68379 0.0381298 0.0578911 0.00622997
45 0.614269 0.207954 0.137113 0.0794446 0.00601432
69 0.904578 0.790083 0.189874 0.363582 0.00592372
45 0.453263 0.230393 0.11659 0.0568612 0.00585088
44 0.342895 0.498944 0.0104442 0.0599407 0.00584421
43 0.344395 0.54833 0.0129456 0.167878 0.00580031
69 0.857648 0.833112 0.283718 0.278436 0.00569743
44 0.350762 0.484865 0.00928798 0.0746533 0.00569293
72 0.483474 0.509378 0.073485 0.185847 0.00552183
43 0.370261 0.496893 0.00807028 0.0531802 0.00539544
45 0.615276 0.20761 0.133653 0.042131 0.00533649
45 0.427103 0.306704 0.0632815 0.0417924 0.00532675
69 0.685299 0.534038 0.132758 0.278555 0.00524747
39 0.265746 0.54794 0.0118336 0.0675924 0.00523132
0 0.593639 0.465815 0.0119509 0.0891908 0.00520569
45 0.370292 0.300262 0.0523067 0.0259094 0.005115
68 0.188178 0.548273 0.0992862 0.0721801 0.00501969
39 0.775823 0.206228 0.0463097 0.103719 0.00488111
69 0.546878 0.66001 0.113664 0.0711393 0.00483671
72 0.723248 0.533735 0.0361235 0.252281 0.00474101
39 0.796503 0.682053 0.0343525 0.0591995 0.00470799
45 0.51604 0.214853 0.0304401 0.0400855 0.00466731
39 0.856888 0.21865 0.0353405 0.0993444 0.0046545
62 0.32381 0.144682 0.0664243 0.10575 0.0045723
43 0.354799 0.515923 0.00942383 0.0935073 0.00448471
72 0.549753 0.515004 0.0718876 0.2042 0.00443232
26 0.219138 0.866624 0.0468587 0.0998927 0.0044308
44 0.40719 0.478486 0.0108259 0.0218021 0.00441998
41 0.302521 0.600714 0.0702492 0.112061 0.0043847
69 0.090697 0.510427 0.0904756 0.170767 0.00436762
44 0.298499 0.247231 0.0197359 0.117373 0.00430763
44 0.294492 0.177522 0.0219953 0.213884 0.00429073
44 0.456944 0.575416 0.034454 0.0545771 0.00417957
69 0.19367 0.638806 0.100786 0.295849 0.00412342
39 0.269589 0.543844 0.0184535 0.0776337 0.00409773
72 0.581465 0.523612 0.0514988 0.215649 0.00398982
41 0.779381 0.689761 0.0237553 0.0295124 0.00395218
69 0.534713 0.537093 0.0435413 0.143228 0.00394288
45 0.433987 0.272029 0.0783999 0.0292103 0.00388885
44 0.329416 0.504397 0.016732 0.0442418 0.00376317
43 0.356308 0.490059 0.010218 0.0842855 0.00373319
70 0.953312 0.686699 0.0928013 0.14587 0.00367126
45 0.591806 0.171504 0.0997342 0.0315315 0.0036625
68 0.139095 0.700501 0.1838 0.244302 0.00365055
44 0.268646 0.171794 0.0217914 0.174609 0.00363952
44 0.674043 0.677144 0.0147449 0.0746021 0.00363061
69 0.324197 0.143629 0.0668513 0.102133 0.00359377
71 0.437936 0.526672 0.0814362 0.0483215 0.00358295
43 0.382546 0.84701 0.0776621 0.0323059 0.00352645
41 0.222549 0.46545 0.0258465 0.0417936 0.00351715
45 0.516427 0.215113 0.0530555 0.041898 0.00348306
45 0.447118 0.244943 0.104787 0.0377946 0.00347403
39 0.850358 0.207965 0.0495117 0.120278 0.00345081
44 0.34938 0.519706 0.0083168 0.100703 0.00342098
62 0.0895943 0.544281 0.0900763 0.0964543 0.00339538
45 0.779381 0.689761 0.0237553 0.0295124 0.00329638
69 0.0906039 0.572329 0.0781661 0.0394905 0.00325727
43 0.353444 0.51127 0.0102356 0.100643 0.00320396
68 0.223555 0.461739 0.0266788 0.0505561 0.00320369
71 0.438787 0.518374 0.0782728 0.0421361 0.00316367
39 0.669071 0.547167 0.012129 0.0317793 0.00312054
39 0.353014 0.555543 0.0194527 0.157758 0.00310567
69 0.549753 0.515004 0.0718876 0.2042 0.00306171
39 0.484086 0.616186 0.0118604 0.0520993 0.00303242
42 0.39537 0.848612 0.0529959 0.0271148 0.00302052
69 0.571507 0.527957 0.10811 0.245344 0.00298876
43 0.397265 0.496564 0.0314388 0.0431385 0.00292313
69 0.895482 0.703741 0.207156 0.18309 0.00279215
44 0.376865 0.496182 0.0133406 0.0506643 0.00267977
41 0.452504 0.718969 0.0417597 0.0326737 0.00266632
44 0.352979 0.470802 0.00908613 0.0426203 0.00259888
44 0.303865 0.190154 0.0294999 0.20238 0.00258303
45 0.430495 0.28306 0.068177 0.0189532 0.00256938
44 0.484086 0.616186 0.0118604 0.0520993 0.00256115
62 0.953377 0.68669 0.0925892 0.148162 0.00250754
45 0.39534 0.493266 0.0351287 0.0514843 0.00250611
72 0.191008 0.5368 0.109573 0.0992233 0.0024938
45 0.439161 0.249891 0.086467 0.0200291 0.00248978
44 0.452699 0.718539 0.0417192 0.0337383 0.00247002
43 0.362394 0.49234 0.0134565 0.0389757 0.00244758
43 0.217628 0.672567 0.0622178 0.0239478 0.00242978
44 0.32999 0.477346 0.0154255 0.094436 0.00239119
69 0.566145 0.503516 0.0412199 0.187722 0.00236908
45 0.616442 0.221597 0.135502 0.0535253 0.00236765
60 0.325227 0.748737 0.286142 0.207196 0.00236499
45 0.739547 0.246684 0.0286154 0.0131952 0.00232083
44 0.329237 0.473216 0.00981064 0.0846742 0.00227219
43 0.376865 0.496182 0.0133406 0.0506643 0.00226405
44 0.560875 0.603169 0.0188015 0.022048 0.00224826
45 0.61281 0.192699 0.13774 0.0335575 0.00222611
42 0.263829 0.132828 0.0209227 0.253255 0.00222266
39 0.25402 0.545845 0.0111403 0.0611935 0.00222027
62 0.191829 0.536741 0.106838 0.0958149 0.00221893
45 0.76756 0.687001 0.029533 0.0229692 0.00220838
69 0.102278 0.692882 0.0903117 0.136474 0.00217822
60 0.32974 0.815468 0.293028 0.341424 0.00211239
69 0.14823 0.509536 0.193114 0.163944 0.00210646
69 0.483474 0.509378 0.073485 0.185847 0.00209865
69 0.654753 0.544058 0.057612 0.181451 0.00209674
42 0.296712 0.213506 0.0173402 0.138043 0.00206909
44 0.397265 0.496564 0.0314388 0.0431385 0.00205839
44 0.370261 0.496893 0.00807028 0.0531802 0.00203964
0 0.593683 0.533236 0.0517241 0.21942 0.00203741
39 0.26763 0.551672 0.0136523 0.0634897 0.00203651
39 0.253887 0.522892 0.0158924 0.113924 0.00200477
69 0.222773 0.462917 0.0256804 0.0485074 0.00199047
45 0.244667 0.605048 0.0626554 0.0546821 0.00198072
45 0.903754 0.0673976 0.19193 0.131768 0.00196877
69 0.850977 0.7055 0.29627 0.185657 0.00196457
44 0.336615 0.473666 0.00747652 0.0866796 0.00194886
72 0.540981 0.502527 0.154864 0.216185 0.00194764
43 0.369612 0.509745 0.0108521 0.0749848 0.00192288
39 0.271454 0.524006 0.025506 0.112668 0.00192159
45 0.715042 0.226393 0.0658911 0.0378421 0.00190187
41 0.988129 0.336843 0.0235519 0.0478257 0.00187001
69 0.190973 0.517013 0.106439 0.139262 0.00186855
39 0.222773 0.462917 0.0256804 0.0485074 0.00186801
71 0.524388 0.644607 0.165946 0.107485 0.00185183
69 0.437631 0.537394 0.083028 0.0610194 0.00178602
45 0.795494 0.677094 0.0337048 0.0565063 0.00176623
69 0.559569 0.526458 0.0345621 0.136965 0.00176376
69 0.834355 0.735267 0.329274 0.118023 0.00176147
69 0.71765 0.539728 0.0668897 0.26727 0.00175208
39 0.40719 0.478486 0.0108259 0.0218021 0.00174871
72 0.566145 0.503516 0.0412199 0.187722 0.0017198
45 0.449717 0.218146 0.109432 0.0344126 0.00168958
43 0.674043 0.677144 0.0147449 0.0746021 0.00168768
72 0.58675 0.51261 0.0297874 0.191165 0.00168642
41 0.396855 0.499462 0.0314722 0.0377882 0.00167775
45 0.366143 0.294249 0.0638453 0.0224499 0.00165537
68 0.117838 0.427311 0.0942396 0.0699154 0.00162181
41 0.855031 0.238514 0.0273239 0.0584448 0.0016135
39 0.344269 0.560095 0.0190176 0.147999 0.00159827
45 0.34137 0.316511 0.0333549 0.0413863 0.00158566
71 0.437631 0.537394 0.083028 0.0610194 0.00157544
43 0.22375 0.670283 0.050297 0.0175007 0.00157544
45 0.831275 0.200717 0.0788651 0.129252 0.00156072
42 0.350762 0.484865 0.00928798 0.0746533 0.00156006
44 0.359872 0.656183 0.0323198 0.0126353 0.00155228
41 0.237283 0.366735 0.0233587 0.0245227 0.00154966
72 0.0891725 0.544674 0.0885772 0.0993281 0.00154734
68 0.0992561 0.680099 0.102807 0.183985 0.0015457
69 0.101579 0.643563 0.112727 0.304512 0.00153723
45 0.60981 0.178236 0.133399 0.0369073 0.00152934
43 0.362218 0.514212 0.0130042 0.085565 0.00152838
69 0.603664 0.653533 0.328638 0.111825 0.00152174
45 0.343038 0.3013 0.0301968 0.0222818 0.00149074
73 0.49082 0.689673 0.0835745 0.0672119 0.00147444
43 0.360358 0.540332 0.0116215 0.13754 0.00145349
69 0.276737 0.474501 0.0909551 0.163688 0.00144869
71 0.72099 0.781474 0.554761 0.390644 0.00142911
72 0.860949 0.621926 0.0792894 0.211132 0.00140941
68 0.110792 0.475477 0.10886 0.0406982 0.00140652
69 0.10204 0.712095 0.0906727 0.0883335 0.00140634
45 0.183888 0.475513 0.037498 0.019983 0.00140503
69 0.662253 0.559668 0.0738316 0.18217 0.00139365
44 0.366428 0.656481 0.0468879 0.014123 0.00139299
43 0.532897 0.43942 0.0124916 0.0572341 0.00138903
45 0.361273 0.282363 0.0664909 0.0379323 0.00138795
39 0.816884 0.19893 0.0514044 0.124182 0.0013783
68 0.0898825 0.572967 0.078714 0.0408501 0.00137588
39 0.476327 0.27169 0.0137148 0.0470301 0.0013594
45 0.553485 0.257943 0.133274 0.0552861 0.00135326
44 0.382546 0.84701 0.0776621 0.0323059 0.00133765
72 0.526702 0.507009 0.0345215 0.19548 0.00133023
71 0.795546 0.7929 0.407483 0.366597 0.00132656
70 0.302735 0.601379 0.0712042 0.112473 0.00132513
71 0.82392 0.729429 0.335391 0.11546 0.00132501
45 0.614272 0.196114 0.138331 0.0527552 0.00132242
43 0.40719 0.478486 0.0108259 0.0218021 0.00131056
39 0.966459 0.582624 0.0530777 0.0804469 0.0012908
39 0.37815 0.489541 0.00940437 0.0367484 0.00127864
43 0.456944 0.575416 0.034454 0.0545771 0.00127864
69 0.561727 0.534816 0.0293308 0.0992709 0.00126243
43 0.216426 0.667521 0.0653917 0.0231516 0.00126114
43 0.342775 0.484143 0.0106235 0.0924851 0.00124463
43 0.396932 0.835993 0.0547308 0.0542873 0.00123656
69 0.630793 0.538188 0.0495074 0.259594 0.00121817
44 0.344395 0.54833 0.0129456 0.167878 0.00121486
45 0.72301 0.347112 0.0487499 0.0464492 0.00121099
69 0.72099 0.781474 0.554761 0.390644 0.00119013
43 0.367161 0.51638 0.0157835 0.0857291 0.00118867
45 0.405403 0.314008 0.113047 0.0456025 0.00118104
44 0.217628 0.672567 0.0622178 0.0239478 0.00117761
72 0.953486 0.685924 0.0928818 0.14669 0.00117639
45 0.609728 0.229031 0.120049 0.0303694 0.00117224
0 0.570654 0.503763 0.0434629 0.178182 0.00115469
39 0.277763 0.549265 0.0304193 0.0628488 0.00114483
71 0.526277 0.641384 0.181479 0.0636146 0.00114217
43 0.268134 0.215418 0.0157517 0.21013 0.00113922
45 0.481805 0.696149 0.0994315 0.0754232 0.00112858
69 0.433445 0.573613 0.0939221 0.150678 0.00112575
69 0.560281 0.505405 0.0973318 0.208328 0.00111446
45 0.595329 0.235044 0.0917458 0.0326517 0.00110385
45 0.296712 0.213506 0.0173402 0.138043 0.00110215
45 0.274384 0.360248 0.051717 0.0274986 0.0010969
69 0.526702 0.507009 0.0345215 0.19548 0.00109211
69 0.64422 0.537871 0.0371614 0.226336 0.00109166
45 0.988102 0.336489 0.0235027 0.0470075 0.00108543
69 0.437936 0.526672 0.0814362 0.0483215 0.00108215
45 0.953312 0.686699 0.0928013 0.14587 0.00108081
69 0.541898 0.561285 0.183924 0.27139 0.00107941
69 0.726628 0.532807 0.0425488 0.250836 0.00107434
60 0.566465 0.830172 0.50257 0.315134 0.00106215
39 0.769318 0.689156 0.0252237 0.023802 0.00105366
42 0.340211 0.500486 0.00939679 0.0564009 0.0010443
62 0.118224 0.443583 0.0962968 0.104027 0.00104293
39 0.34938 0.519706 0.0083168 0.100703 0.00103849
