0 0.629446 0.533709 0.550785 0.909291 0.953061
27 0.658324 0.77128 0.148971 0.43582 0.888223
55 0.769399 0.821644 0.273966 0.337207 0.878829
40 0.4484 0.0804765 0.196232 0.156508 0.315771
27 0.657749 0.647277 0.148843 0.187042 0.0304916
67 0.827854 0.321197 0.0343765 0.0700451 0.0175226
60 0.474266 0.449072 0.933728 0.898144 0.0153618
42 0.402697 0.780862 0.0612137 0.202346 0.0141208
40 0.4475 0.370142 0.198121 0.740285 0.0139463
27 0.649359 0.8408 0.0628916 0.299999 0.0121444
55 0.771711 0.757127 0.239029 0.198868 0.0113814
41 0.779257 0.624123 0.0548748 0.0879144 0.0112892
42 0.834015 0.381678 0.0483738 0.195119 0.00925252
43 0.401799 0.776536 0.0622507 0.198266 0.00675929
42 0.415128 0.780961 0.0404195 0.194802 0.00619861
42 0.828122 0.319812 0.032674 0.0680108 0.00616431
42 0.399636 0.747054 0.0611005 0.137163 0.00593847
67 0.827918 0.363073 0.0375788 0.155954 0.00533906
44 0.403331 0.780235 0.0606998 0.203 0.00527719
60 0.744376 0.81649 0.474788 0.344344 0.00506824
75 0.198623 0.314142 0.361496 0.619665 0.00373787
61 0.198457 0.312376 0.358624 0.616275 0.00289214
43 0.415128 0.780961 0.0404195 0.194802 0.00284401
40 0.447601 0.204819 0.197416 0.405352 0.00275791
44 0.415128 0.780961 0.0404195 0.194802 0.00252846
45 0.198623 0.314142 0.361496 0.619665 0.00251997
75 0.448027 0.0754619 0.196483 0.148179 0.00243768
60 0.316033 0.491087 0.622458 0.982174 0.00237283
42 0.410478 0.786977 0.0535027 0.174702 0.00230709
44 0.198623 0.314142 0.361496 0.619665 0.00228041
41 0.402266 0.775872 0.0637945 0.196168 0.00223964
65 0.402266 0.775872 0.0637945 0.196168 0.00206733
42 0.83182 0.396054 0.0400124 0.159815 0.00204933
41 0.44846 0.0748816 0.19659 0.146767 0.00202996
60 0.646077 0.817018 0.697116 0.349624 0.00193444
27 0.654899 0.79977 0.0606628 0.207087 0.00191042
42 0.826705 0.377542 0.0386566 0.186102 0.0015803
45 0.447544 0.077934 0.197177 0.152718 0.00154284
64 0.198623 0.314142 0.361496 0.619665 0.00152054
67 0.403331 0.780235 0.0606998 0.203 0.00145704
55 0.768943 0.919652 0.275389 0.147853 0.00134367
27 0.652727 0.805131 0.0762466 0.373908 0.00133985
60 0.195841 0.491908 0.381819 0.98096 0.00125247
55 0.779257 0.624123 0.0548748 0.0879144 0.00118518
71 0.198623 0.314142 0.361496 0.619665 0.00114572
44 0.399636 0.747054 0.0611005 0.137163 0.0011133
0 0.845571 0.573174 0.119491 0.56344 0.00104061
65 0.415128 0.780961 0.0404195 0.194802 0.00101092
