0 0.508192 0.588286 0.56705 0.805382 0.938765
27 0.531264 0.813219 0.103698 0.368213 0.926848
0 0.110192 0.766896 0.218491 0.453839 0.903364
0 0.80582 0.802016 0.154505 0.386407 0.890915
0 0.211317 0.740079 0.141318 0.436886 0.805496
0 0.940546 0.886662 0.117924 0.221832 0.793185
0 0.304855 0.64556 0.0751648 0.102777 0.768806
0 0.378522 0.597649 0.0798199 0.0844521 0.520677
0 0.968441 0.720658 0.0623299 0.317584 0.473782
24 0.662975 0.773044 0.118773 0.434286 0.334026
0 0.641427 0.532478 0.0531263 0.0653999 0.251453
0 0.863251 0.729408 0.112472 0.326709 0.24563
0 0.923796 0.634253 0.0631752 0.144001 0.236013
0 0.674255 0.580073 0.120979 0.161183 0.176171
0 0.924819 0.669342 0.0692238 0.212314 0.145192
0 0.702144 0.598625 0.0680679 0.127315 0.129678
26 0.665852 0.773631 0.123869 0.436053 0.119425
24 0.656731 0.653963 0.103119 0.192851 0.0954487
27 0.663941 0.774558 0.120165 0.437195 0.0891951
0 0.9456 0.720073 0.108481 0.317007 0.083552
0 0.916807 0.64097 0.0569258 0.121902 0.0767404
0 0.851987 0.669555 0.0886448 0.208593 0.0757762
26 0.899377 0.94942 0.0432861 0.0989862 0.0713406
26 0.898932 0.963948 0.0423912 0.0709544 0.0499728
0 0.816341 0.580196 0.0576584 0.0720482 0.0495573
0 0.648649 0.54219 0.0708097 0.0864812 0.0478315
0 0.839188 0.619219 0.0686489 0.108463 0.0453254
0 0.91818 0.702241 0.0730953 0.271675 0.0384963
0 0.839997 0.646348 0.0696892 0.163318 0.0316708
0 0.690877 0.560219 0.0384722 0.0490405 0.0309591
0 0.921501 0.61026 0.0532482 0.0982534 0.0296715
0 0.914652 0.812636 0.0590618 0.153634 0.0265739
0 0.916594 0.647455 0.0823368 0.169941 0.025745
0 0.69537 0.590686 0.169166 0.175691 0.0238954
0 0.839583 0.601354 0.0597851 0.0719649 0.019481
0 0.915651 0.790724 0.0584789 0.102833 0.0193223
0 0.704212 0.617803 0.0617567 0.0893515 0.0190858
0 0.0125991 0.700411 0.0245654 0.246821 0.0175239
0 0.915152 0.676736 0.0751429 0.188929 0.0157189
0 0.715639 0.59756 0.0914947 0.124407 0.015288
0 0.913157 0.792721 0.053352 0.0748866 0.0127847
0 0.912305 0.807031 0.0529749 0.0940928 0.0120382
74 0.891438 0.923628 0.0227417 0.045063 0.0116613
0 0.892426 0.641003 0.0331558 0.104332 0.0112923
0 0.912293 0.636497 0.0387386 0.111909 0.0112775
0 0.907628 0.830182 0.0489382 0.141911 0.011158
24 0.65509 0.721243 0.112354 0.328698 0.0107669
0 0.974309 0.614489 0.0505806 0.104699 0.00951627
0 0.901817 0.646061 0.0542421 0.120213 0.0090037
0 0.936329 0.631484 0.0447037 0.121263 0.00899607
0 0.91721 0.757958 0.0611134 0.134739 0.00877503
0 0.346083 0.631557 0.146244 0.152829 0.00858214
0 0.912374 0.617772 0.036536 0.0797056 0.00841692
0 0.288847 0.731475 0.112079 0.283118 0.00832427
0 0.659654 0.552789 0.0966172 0.106337 0.00828961
0 0.210516 0.610167 0.139486 0.175132 0.00827888
0 0.749085 0.618854 0.0467336 0.0485971 0.00808898
24 0.497502 0.727621 0.449758 0.366016 0.00796169
27 0.238931 0.825845 0.0241852 0.111068 0.00706843
0 0.258663 0.568366 0.0436316 0.0945904 0.00689223
39 0.899132 0.949922 0.0423534 0.0992364 0.00657073
0 0.981983 0.596209 0.0351547 0.0689219 0.00617263
0 0.753378 0.613815 0.0381001 0.0293755 0.0061
0 0.880799 0.795869 0.113391 0.20443 0.00589505
40 0.891647 0.923946 0.0223948 0.0454308 0.00552052
27 0.69824 0.774926 0.181329 0.434038 0.0055081
0 0.832016 0.592084 0.0569721 0.0583071 0.00510716
0 0.719443 0.620728 0.0738842 0.0830411 0.00502414
0 0.891775 0.629562 0.0266356 0.0770093 0.00494191
0 0.968188 0.733238 0.0623564 0.20472 0.00493053
0 0.73483 0.626128 0.0758762 0.0671572 0.0046654
0 0.90973 0.621009 0.0591305 0.118701 0.00462654
0 0.970093 0.772188 0.0593372 0.244553 0.00458062
24 0.89881 0.950396 0.0427406 0.0987706 0.00430709
0 0.700999 0.7095 0.182494 0.428956 0.00423115
24 0.646627 0.628746 0.0823313 0.145898 0.00401068
27 0.24283 0.813104 0.026643 0.127472 0.00391778
0 0.703968 0.580838 0.0677921 0.0971532 0.00386795
0 0.937704 0.614533 0.0331139 0.0928411 0.00365618
0 0.92074 0.849894 0.0706089 0.180397 0.00361502
0 0.716336 0.624417 0.054809 0.0786175 0.00360957
0 0.737843 0.599349 0.0274434 0.0475466 0.00356787
0 0.907702 0.797958 0.0427368 0.0613514 0.00351775
0 0.700954 0.630186 0.181061 0.265613 0.00350425
0 0.947627 0.624486 0.0455952 0.108838 0.00346214
24 0.576579 0.77447 0.299471 0.44336 0.00344771
74 0.318833 0.451322 0.0216538 0.0254716 0.00340205
0 0.924651 0.730721 0.147631 0.334569 0.00329533
0 0.732493 0.599339 0.0371742 0.049279 0.00328615
24 0.897766 0.965641 0.0432835 0.0681109 0.00322682
0 0.26822 0.670486 0.0285012 0.0506065 0.00308466
0 0.746335 0.60505 0.0550797 0.0743618 0.00303981
41 0.891647 0.923946 0.0223948 0.0454308 0.00298566
0 0.789725 0.708945 0.121956 0.200585 0.00295249
0 0.880009 0.749641 0.125077 0.183612 0.00279373
0 0.942323 0.675414 0.0851555 0.20794 0.00272739
0 0.939906 0.656225 0.0640863 0.168717 0.00271812
0 0.88751 0.636421 0.0304564 0.0946231 0.00261813
0 0.94551 0.650885 0.102816 0.180366 0.00259814
24 0.49945 0.673547 0.461933 0.273818 0.00259477
0 0.0125854 0.66025 0.0246272 0.166439 0.00256586
39 0.891647 0.923946 0.0223948 0.0454308 0.00255087
26 0.69824 0.774926 0.181329 0.434038 0.00253651
65 0.891438 0.923628 0.0227417 0.045063 0.00235534
26 0.243544 0.805799 0.0235804 0.131048 0.00233996
0 0.947959 0.838666 0.0695522 0.122914 0.00230059
0 0.955663 0.620269 0.033736 0.101369 0.00225314
0 0.0254366 0.693877 0.0493057 0.248169 0.00222152
0 0.0112026 0.724314 0.0219543 0.174246 0.00214073
41 0.930882 0.707386 0.026951 0.0302915 0.00209478
0 0.902445 0.702715 0.085684 0.207289 0.00208038
0 0.887461 0.655293 0.0409595 0.141669 0.00201058
26 0.656731 0.653963 0.103119 0.192851 0.00200614
0 0.973203 0.665325 0.052861 0.20659 0.00198683
24 0.660241 0.661757 0.0785994 0.22598 0.00194281
60 0.920899 0.719983 0.0498919 0.0575801 0.00192747
0 0.898425 0.949049 0.0427113 0.0993821 0.00192374
40 0.899132 0.949922 0.0423534 0.0992364 0.00191543
0 0.262358 0.575298 0.0347591 0.0902437 0.00191212
0 0.874952 0.689013 0.0768394 0.216969 0.00188982
0 0.981673 0.613068 0.0355078 0.101234 0.00179827
24 0.701768 0.625386 0.0629543 0.101569 0.00176606
67 0.891647 0.923946 0.0223948 0.0454308 0.00176072
0 0.340226 0.657462 0.159677 0.204547 0.0017367
27 0.645687 0.808611 0.339093 0.372674 0.00173646
0 0.876427 0.708766 0.108553 0.206251 0.00172493
39 0.898143 0.935015 0.0371151 0.0716324 0.00169858
74 0.288651 0.505543 0.0241824 0.0218154 0.00165325
26 0.252824 0.787266 0.0455867 0.168975 0.00161269
27 0.689503 0.808841 0.0554279 0.284747 0.00158596
26 0.680576 0.802649 0.0883048 0.374357 0.00157222
26 0.906068 0.962448 0.0368698 0.0589055 0.00155583
0 0.948884 0.861012 0.0943373 0.169465 0.00151274
0 0.958491 0.610934 0.0260412 0.0831767 0.00145382
0 0.867456 0.660186 0.069841 0.182967 0.00142634
67 0.930882 0.707386 0.026951 0.0302915 0.00135925
24 0.693907 0.775284 0.199696 0.425082 0.00133541
27 0.699891 0.845043 0.0472252 0.276951 0.00131795
74 0.283535 0.478636 0.019075 0.0240718 0.0012579
0 0.877846 0.629688 0.0484482 0.101093 0.00125614
0 0.754566 0.616874 0.0461285 0.0372823 0.0012401
0 0.268108 0.677973 0.0293069 0.0375519 0.00120869
0 0.940021 0.826655 0.0863087 0.121524 0.00117478
0 0.887877 0.81971 0.0772705 0.163684 0.00116077
26 0.576579 0.77447 0.299471 0.44336 0.0011569
0 0.754155 0.590416 0.0567648 0.089967 0.00115627
74 0.601462 0.155521 0.0415394 0.0488798 0.00114155
0 0.979362 0.689003 0.040786 0.247626 0.00114056
0 0.897735 0.837879 0.0469091 0.135511 0.00113657
0 0.269471 0.646568 0.0308195 0.0992732 0.00113353
74 0.205907 0.158478 0.0405381 0.0506265 0.00110653
0 0.293928 0.700611 0.0983109 0.21425 0.00109583
0 0.628614 0.590068 0.120835 0.1822 0.00105837
0 0.922227 0.731593 0.0545094 0.0898941 0.00103527
27 0.680576 0.802649 0.0883048 0.374357 0.001019
40 0.898143 0.935015 0.0371151 0.0716324 0.00100651
0 0.388368 0.578362 0.0635592 0.0616722 0.00100437
