0 0.584898 0.365227 0.470098 0.561657 0.917533
55 0.66993 0.783546 0.617932 0.22268 0.916952
0 0.911344 0.418933 0.175649 0.517751 0.896093
0 0.195725 0.405439 0.370132 0.696285 0.880261
56 0.39585 0.647783 0.369265 0.110486 0.876071
43 0.667895 0.637472 0.116239 0.130865 0.861277
41 0.713613 0.118952 0.0651647 0.0503713 0.780222
60 0.528792 0.801035 0.941917 0.378202 0.707398
41 0.859293 0.120872 0.0583197 0.0389245 0.685353
41 0.711352 0.166502 0.0635209 0.047668 0.68485
41 0.854716 0.167491 0.0599177 0.0435363 0.679315
41 0.245689 0.764458 0.104187 0.0946369 0.648404
41 0.444283 0.185659 0.0483416 0.0441143 0.548599
41 0.452609 0.232383 0.0579838 0.0399734 0.523859
56 0.116576 0.952419 0.17305 0.0943218 0.47792
41 0.943266 0.16555 0.0650843 0.0466249 0.399452
41 0.361048 0.228969 0.0454985 0.041926 0.275813
41 0.493907 0.231417 0.047824 0.036461 0.0748992
41 0.801642 0.117177 0.044205 0.0437325 0.0701912
41 0.927346 0.172842 0.0311505 0.0276286 0.0605664
45 0.788089 0.657496 0.156964 0.0567011 0.0603383
43 0.675265 0.65074 0.101295 0.102662 0.0513965
41 0.853937 0.264802 0.0412105 0.0323775 0.044076
41 0.809451 0.128041 0.0547512 0.0656326 0.0432627
41 0.758409 0.122836 0.0338579 0.0546985 0.0350618
41 0.79193 0.152292 0.0716104 0.0677376 0.0343291
43 0.523636 0.582013 0.155128 0.0160069 0.0277371
45 0.711517 0.166385 0.0632301 0.0473678 0.0256724
41 0.90544 0.129394 0.0470012 0.0591257 0.0246521
41 0.808704 0.119736 0.0504102 0.0458743 0.0233638
41 0.803768 0.115528 0.0353018 0.0383911 0.0220623
56 0.172501 0.952117 0.283622 0.0957663 0.021405
41 0.797896 0.163212 0.0583969 0.0436779 0.0204378
41 0.803118 0.15117 0.0279292 0.0197362 0.0195371
41 0.755464 0.128984 0.0384976 0.0630524 0.0174944
41 0.756171 0.150525 0.0302459 0.0219466 0.0152454
41 0.75501 0.162649 0.037943 0.0452154 0.0129127
44 0.248135 0.710487 0.0363475 0.0195089 0.0128182
41 0.24428 0.793582 0.104084 0.154508 0.0117397
41 0.928268 0.16348 0.0356545 0.0498969 0.0106626
41 0.809069 0.146884 0.0432019 0.0333103 0.00980595
60 0.522974 0.875127 0.937164 0.232752 0.00941125
41 0.934134 0.131092 0.0309985 0.0609932 0.00940472
39 0.845727 0.312294 0.0727533 0.124012 0.00936791
43 0.545727 0.582112 0.206824 0.0192513 0.00923869
41 0.759889 0.101918 0.0275641 0.0145987 0.00895882
42 0.51975 0.581433 0.148536 0.0128632 0.00865012
45 0.858885 0.121081 0.0606414 0.0393653 0.00839528
39 0.245005 0.761498 0.103481 0.090167 0.00699431
43 0.631497 0.600164 0.0416037 0.0508637 0.00696954
0 0.19905 0.551196 0.366657 0.801686 0.00670382
40 0.9075 0.128222 0.0442302 0.0579212 0.00638494
45 0.71345 0.118607 0.0671507 0.0493227 0.00637218
45 0.855277 0.167799 0.0598787 0.0440182 0.00627744
42 0.248135 0.710487 0.0363475 0.0195089 0.00596797
39 0.493929 0.23016 0.0488732 0.0394271 0.00574821
43 0.648691 0.621522 0.0794647 0.106132 0.00568008
43 0.638841 0.652487 0.0260111 0.0473272 0.00565952
44 0.523636 0.582013 0.155128 0.0160069 0.00542778
39 0.360499 0.228877 0.0457001 0.0421882 0.00538886
40 0.809043 0.128062 0.0545995 0.064542 0.00532645
41 0.47602 0.219095 0.0742383 0.0613389 0.00525564
41 0.783652 0.137603 0.0780326 0.0802113 0.0052163
39 0.452392 0.232882 0.0576225 0.0390417 0.00509787
43 0.687173 0.663244 0.0792483 0.0788628 0.00475937
0 0.428927 0.503016 0.817776 0.931561 0.00467971
39 0.445555 0.186128 0.051168 0.0417134 0.00463402
76 0.667643 0.637167 0.116112 0.130876 0.00459078
41 0.896252 0.165333 0.044193 0.041593 0.00448284
41 0.245353 0.828953 0.104338 0.224442 0.00448093
41 0.657281 0.0970791 0.020769 0.0115878 0.00443709
41 0.754459 0.152822 0.0373336 0.0486418 0.00435722
41 0.461686 0.221292 0.0654913 0.0451961 0.00423616
41 0.895392 0.150259 0.0247955 0.0175876 0.00423256
45 0.943344 0.166142 0.0633945 0.0477323 0.00405845
56 0.459624 0.953808 0.858403 0.0923847 0.00390682
72 0.765592 0.30458 0.242247 0.128983 0.00377917
45 0.45248 0.232917 0.0573173 0.0389337 0.00374383
43 0.625078 0.661404 0.0208743 0.0365368 0.00362089
39 0.854543 0.263957 0.0430995 0.0303114 0.00355762
44 0.667755 0.637691 0.116097 0.130354 0.0033564
43 0.677042 0.607354 0.0425967 0.110436 0.00329033
41 0.783668 0.12639 0.0542017 0.0584697 0.00325075
41 0.843711 0.32444 0.0702716 0.0985741 0.00324225
40 0.859224 0.120642 0.0589649 0.0395108 0.00320211
41 0.456956 0.19594 0.0723453 0.0654122 0.00314489
45 0.361154 0.229346 0.0456038 0.0416006 0.00311634
45 0.79193 0.152292 0.0716104 0.0677376 0.00310811
45 0.801642 0.117177 0.044205 0.0437325 0.0029735
40 0.938645 0.12879 0.0258557 0.0591719 0.00283161
41 0.945132 0.175603 0.0644003 0.0396877 0.00281599
43 0.530954 0.580613 0.188753 0.014114 0.0028013
43 0.248135 0.710487 0.0363475 0.0195089 0.0027996
41 0.70299 0.161215 0.0401529 0.0390652 0.00277483
56 0.992052 0.631676 0.0158961 0.10344 0.00270861
68 0.765592 0.30458 0.242247 0.128983 0.00267512
44 0.931301 0.153544 0.0313989 0.0328619 0.00263637
45 0.444283 0.185659 0.0483416 0.0441143 0.00246266
41 0.756878 0.143786 0.0383691 0.0600272 0.00244716
43 0.632969 0.647291 0.0338446 0.06505 0.00236624
75 0.445555 0.186128 0.051168 0.0417134 0.00234729
40 0.803768 0.115528 0.0353018 0.0383911 0.00234678
41 0.931301 0.153544 0.0313989 0.0328619 0.00233296
41 0.938645 0.12879 0.0258557 0.0591719 0.00232458
56 0.719652 0.590368 0.0602722 0.0974182 0.00218305
43 0.633142 0.635428 0.0472635 0.0843225 0.00215715
75 0.854543 0.263957 0.0430995 0.0303114 0.00214013
41 0.784949 0.21106 0.0359837 0.0324405 0.0021185
44 0.545727 0.582112 0.206824 0.0192513 0.00198168
62 0.765592 0.30458 0.242247 0.128983 0.00197247
43 0.649427 0.556024 0.0217697 0.0336746 0.00196743
39 0.944035 0.166585 0.0640791 0.0501996 0.00195354
41 0.779463 0.211559 0.0278957 0.032322 0.00190499
40 0.807404 0.11776 0.0442898 0.0447078 0.00189885
41 0.886616 0.16816 0.0545352 0.0396646 0.0018982
44 0.756171 0.150525 0.0302459 0.0219466 0.00189066
43 0.659029 0.602679 0.049952 0.115685 0.00185934
43 0.706632 0.677854 0.0573088 0.0596876 0.00182721
45 0.757796 0.128966 0.0354162 0.0646393 0.00179625
39 0.859016 0.121165 0.058408 0.0393574 0.00176558
45 0.244917 0.768749 0.104673 0.103917 0.00172487
0 0.199882 0.675506 0.36486 0.540609 0.00171262
56 0.567366 0.600972 0.237353 0.0699602 0.00166431
45 0.802661 0.129832 0.0476489 0.0627964 0.00161773
41 0.654351 0.0967409 0.0258909 0.013066 0.00157821
43 0.691885 0.671462 0.0685956 0.0629053 0.00154674
75 0.944166 0.165962 0.0630206 0.0463408 0.00151533
42 0.530954 0.580613 0.188753 0.014114 0.00149944
43 0.570735 0.589984 0.198802 0.0603451 0.0014852
44 0.803601 0.15172 0.026815 0.0181802 0.00147775
55 0.530131 0.800152 0.936974 0.377897 0.00147635
41 0.934266 0.175992 0.0477761 0.040471 0.00146848
44 0.257877 0.717201 0.0677855 0.0324902 0.00145039
43 0.649266 0.5859 0.0255778 0.0802387 0.00144655
42 0.545727 0.582112 0.206824 0.0192513 0.00144038
40 0.755464 0.128984 0.0384976 0.0630524 0.00143445
56 0.83532 0.637548 0.174028 0.045883 0.00138366
45 0.90544 0.129394 0.0470012 0.0591257 0.00138366
39 0.906637 0.128313 0.0452832 0.0567431 0.00138113
56 0.823606 0.631832 0.151723 0.0343119 0.00135592
56 0.0520675 0.598173 0.0924905 0.252748 0.00135443
43 0.604174 0.593528 0.11751 0.0536448 0.00134292
45 0.495354 0.232444 0.0481095 0.0353122 0.00131187
44 0.92802 0.172847 0.0331104 0.0286421 0.00128359
44 0.937289 0.130968 0.0301163 0.0621861 0.00127301
42 0.263837 0.737376 0.0799891 0.0813555 0.00121376
75 0.360499 0.228877 0.0457001 0.0421882 0.00120455
44 0.263837 0.737376 0.0799891 0.0813555 0.00119585
41 0.496127 0.22765 0.0601854 0.0461784 0.00117296
57 0.428623 0.288047 0.139956 0.0771703 0.0011571
56 0.23245 0.949363 0.387313 0.101274 0.0011459
39 0.853688 0.167537 0.0580252 0.0436036 0.00112572
60 0.570023 0.926702 0.853575 0.131657 0.00111496
56 0.86368 0.648266 0.260346 0.0595242 0.00110731
42 0.257877 0.717201 0.0677855 0.0324902 0.00107253
44 0.944451 0.164816 0.0636174 0.0501694 0.00105017
43 0.626214 0.600457 0.0560904 0.0550079 0.0010376
56 0.428623 0.288047 0.139956 0.0771703 0.00102815
43 0.66246 0.561385 0.0515304 0.0473272 0.00101763
41 0.34448 0.22612 0.0729812 0.0437363 0.00101432
40 0.957104 0.0443575 0.0496961 0.0599067 0.00101206
39 0.937887 0.129903 0.0290451 0.0603581 0.00100482
