39 0.253221 0.304637 0.198236 0.499835 0.941559
40 0.486962 0.409176 0.206094 0.334291 0.904371
56 0.739391 0.323101 0.521219 0.441854 0.892652
60 0.497096 0.665307 0.994192 0.649811 0.817593
56 0.0683418 0.291363 0.13596 0.133702 0.476671
56 0.853067 0.436516 0.293866 0.233591 0.224057
40 0.476835 0.633928 0.206214 0.308035 0.0679413
60 0.496713 0.525253 0.993427 0.916426 0.0648589
56 0.0919243 0.295291 0.180393 0.144894 0.0471981
39 0.253285 0.746832 0.1956 0.41996 0.0367782
56 0.0763871 0.310938 0.150162 0.17151 0.0267387
56 0.878571 0.514985 0.242858 0.0780144 0.0216391
56 0.0788752 0.34489 0.154946 0.237107 0.0216384
57 0.738698 0.325158 0.522605 0.444192 0.0161325
39 0.28371 0.321031 0.276949 0.534092 0.0108724
56 0.0798882 0.420939 0.15737 0.168403 0.0102154
60 0.0801542 0.365599 0.157365 0.0574483 0.00981015
60 0.505776 0.299659 0.988448 0.478123 0.00942549
43 0.253619 0.751037 0.195846 0.426714 0.0085924
60 0.224336 0.421501 0.44597 0.176478 0.00804237
60 0.0800295 0.421718 0.157509 0.1708 0.0078477
56 0.856087 0.497671 0.287826 0.0410533 0.0070858
60 0.460187 0.426977 0.919287 0.173451 0.00642484
56 0.957502 0.409529 0.0849964 0.169778 0.00598121
56 0.903324 0.532315 0.191972 0.0452812 0.0046472
60 0.686964 0.523874 0.605327 0.171562 0.00289828
39 0.253813 0.639724 0.19219 0.197217 0.00284329
60 0.0919243 0.295291 0.180393 0.144894 0.00283828
56 0.850865 0.557345 0.293311 0.161461 0.00267422
60 0.183737 0.320777 0.367474 0.416535 0.00263464
60 0.0678551 0.290611 0.134882 0.132878 0.00249249
56 0.203945 0.318805 0.403368 0.192675 0.00242212
56 0.5175 0.304677 0.965 0.464513 0.00241485
13 0.738698 0.325158 0.522605 0.444192 0.00218314
57 0.5 0.310656 1 0.458575 0.00214916
56 0.931313 0.531462 0.1371 0.0443219 0.00187275
56 0.843052 0.515734 0.31128 0.091925 0.00169203
57 0.5 0.524622 1 0.891723 0.0016492
56 0.950484 0.378188 0.096892 0.214607 0.00164559
60 0.600587 0.505966 0.798825 0.154364 0.0015862
56 0.250696 0.306329 0.501393 0.443832 0.00157031
60 0.690402 0.557957 0.598523 0.24359 0.00153729
56 0.937407 0.397931 0.123126 0.178458 0.00150475
56 0.875601 0.592827 0.248753 0.233038 0.00146478
56 0.5 0.524622 1 0.891723 0.00142917
56 0.228432 0.418986 0.452763 0.172244 0.00138673
40 0.474082 0.571276 0.210282 0.413423 0.00134701
60 0.250696 0.306329 0.501393 0.443832 0.00131553
56 0.140477 0.321844 0.0584309 0.109052 0.0013018
75 0.253669 0.303617 0.200604 0.497757 0.00121832
56 0.137969 0.279656 0.0864971 0.111906 0.00121474
75 0.253619 0.751037 0.195846 0.426714 0.00117674
56 0.183737 0.320777 0.367474 0.416535 0.00115353
43 0.412878 0.45868 0.126133 0.0173513 0.00106794
56 0.898373 0.496555 0.203255 0.0391682 0.00106186
13 0.0922005 0.29227 0.18101 0.139771 0.00104317
