0 0.66291 0.488414 0.674179 0.973624 0.95192
0 0.197865 0.564994 0.395245 0.594848 0.941146
0 0.495245 0.145757 0.200972 0.289955 0.88411
0 0.589022 0.0983803 0.115401 0.195466 0.795898
53 0.472824 0.898639 0.532353 0.188865 0.784399
0 0.100851 0.180595 0.200728 0.353627 0.752222
56 0.423999 0.333385 0.0937233 0.108345 0.670179
0 0.281681 0.0858811 0.110547 0.169342 0.666841
0 0.657289 0.0840054 0.0658077 0.166661 0.59046
41 0.269001 0.187273 0.0285418 0.0496795 0.545678
56 0.326638 0.364711 0.087949 0.151376 0.531587
41 0.303572 0.186034 0.0290876 0.0375211 0.504074
0 0.227119 0.0553286 0.0418003 0.108641 0.475473
41 0.342412 0.182162 0.0267322 0.0301627 0.468519
0 0.373588 0.0867544 0.113091 0.17278 0.458338
60 0.297282 0.214102 0.21463 0.109091 0.450533
0 0.39092 0.0852301 0.0790629 0.168928 0.409405
60 0.466194 0.898902 0.92848 0.178082 0.368545
60 0.316806 0.225268 0.171829 0.097369 0.364265
0 0.629491 0.0289272 0.0451578 0.0561581 0.298391
42 0.442716 0.855259 0.036521 0.25901 0.264877
60 0.140482 0.906254 0.279007 0.163896 0.24925
43 0.537917 0.925391 0.154502 0.129769 0.234079
53 0.33296 0.905979 0.251917 0.182523 0.216384
43 0.106665 0.930581 0.0976378 0.134096 0.19455
53 0.599886 0.929044 0.280399 0.139248 0.179954
60 0.575228 0.8896 0.822727 0.202914 0.175926
41 0.228681 0.114558 0.0148609 0.0395813 0.165774
0 0.101401 0.316166 0.202204 0.627943 0.161947
43 0.439063 0.861948 0.0363499 0.241019 0.142041
0 0.379077 0.0614392 0.0833333 0.122376 0.14022
43 0.601097 0.898431 0.283043 0.178633 0.131821
0 0.364539 0.0573105 0.054945 0.114473 0.131068
41 0.368365 0.182043 0.031076 0.0474191 0.125579
41 0.368669 0.174384 0.0330206 0.0493119 0.110061
60 0.294679 0.285259 0.216013 0.252935 0.100572
42 0.439952 0.834303 0.0453895 0.319161 0.0955125
60 0.382603 0.865847 0.761539 0.245839 0.0875529
42 0.536519 0.924971 0.152259 0.129993 0.0861544
56 0.487848 0.503337 0.0435608 0.0697283 0.081507
41 0.638081 0.176498 0.0253395 0.0364079 0.0772951
60 0.306963 0.331257 0.192552 0.214284 0.067943
60 0.328562 0.291704 0.202293 0.140393 0.0678061
42 0.603323 0.888591 0.304487 0.190265 0.0649904
60 0.837365 0.956057 0.257815 0.0802396 0.060748
56 0.0344285 0.470363 0.0678407 0.374224 0.0606894
0 0.303121 0.0407088 0.048877 0.0805922 0.0591208
0 0.632472 0.0894469 0.0545486 0.178778 0.0555474
0 0.934524 0.141026 0.130953 0.275707 0.0550542
56 0.66341 0.178809 0.0324363 0.0293128 0.0550086
60 0.300483 0.234685 0.13597 0.0801694 0.0522067
0 0.133093 0.0841796 0.201602 0.163486 0.0513839
40 0.368669 0.174384 0.0330206 0.0493119 0.0510466
0 0.0345561 0.466113 0.0680114 0.366462 0.0509039
0 0.231093 0.0453909 0.033425 0.089853 0.0505745
40 0.63682 0.176532 0.0267775 0.0369963 0.0500571
60 0.295916 0.191166 0.217397 0.155015 0.0497955
56 0.305825 0.364816 0.13209 0.159266 0.0487515
60 0.268187 0.200636 0.159563 0.0721847 0.0481496
42 0.449873 0.847491 0.0472006 0.276424 0.0475226
60 0.715807 0.941612 0.521623 0.100983 0.0446973
44 0.438463 0.864145 0.0312607 0.239842 0.0445449
60 0.244252 0.207252 0.189007 0.0811438 0.0395296
41 0.319176 0.181078 0.0135613 0.0307892 0.0366904
42 0.449706 0.782556 0.0482423 0.408376 0.036419
41 0.302677 0.177318 0.0324223 0.0519471 0.0357875
41 0.362312 0.184755 0.0419189 0.0385708 0.0357592
42 0.430721 0.825381 0.0600254 0.323319 0.0356836
60 0.203576 0.211186 0.407152 0.130291 0.0352786
0 0.33783 0.0426035 0.0584887 0.0848079 0.0332842
0 0.275152 0.0676233 0.099004 0.133254 0.0329781
0 0.351662 0.0816768 0.0718841 0.159478 0.0329015
42 0.10679 0.929955 0.0975198 0.13719 0.0318258
0 0.63157 0.0377126 0.0513665 0.0742432 0.0311171
56 0.636875 0.176998 0.0264579 0.0373012 0.031008
41 0.66341 0.178809 0.0324363 0.0293128 0.0307503
39 0.368887 0.168036 0.030654 0.0656645 0.0307496
40 0.64087 0.17625 0.0198495 0.0364308 0.0305104
42 0.437519 0.845816 0.0274368 0.229706 0.0304799
39 0.64087 0.17625 0.0198495 0.0364308 0.0294326
43 0.607138 0.870784 0.32317 0.213066 0.0286694
41 0.364831 0.18208 0.0327972 0.0394936 0.0283063
40 0.368365 0.182043 0.031076 0.0474191 0.028163
43 0.439952 0.834303 0.0453895 0.319161 0.0275063
42 0.434322 0.86058 0.0579466 0.254816 0.0263069
56 0.409415 0.439753 0.135349 0.320514 0.0240687
43 0.53486 0.898771 0.153038 0.177744 0.0231438
43 0.571777 0.922733 0.221391 0.139549 0.0231321
60 0.225837 0.196213 0.0653874 0.0396831 0.0230659
42 0.635965 0.850711 0.232337 0.164653 0.0224276
60 0.22886 0.21141 0.0716572 0.0652894 0.0220146
60 0.563617 0.929548 0.826418 0.123269 0.0214011
43 0.438548 0.852703 0.026229 0.226911 0.0212924
67 0.203043 0.112369 0.0451126 0.0484001 0.0205498
40 0.304303 0.18427 0.0279778 0.0375392 0.0202387
42 0.429415 0.796296 0.0178125 0.107626 0.0201751
56 0.278629 0.351592 0.162419 0.162702 0.0197725
0 0.194317 0.0851307 0.0928988 0.166089 0.0195449
60 0.364021 0.231195 0.0788765 0.0834441 0.0189251
0 0.25741 0.0894839 0.150509 0.177129 0.0188629
0 0.353833 0.0455174 0.0533919 0.0893884 0.0187653
60 0.28693 0.360336 0.201934 0.175263 0.0185585
0 0.202543 0.112735 0.0804136 0.12244 0.0176512
39 0.367764 0.179982 0.0329248 0.0468332 0.0174343
43 0.606422 0.850987 0.284567 0.168312 0.0173358
56 0.424365 0.384916 0.0948809 0.210711 0.0172705
42 0.579879 0.8577 0.340746 0.183851 0.017212
41 0.0313213 0.972725 0.0601839 0.0538925 0.01632
42 0.437123 0.865844 0.0336715 0.258352 0.01619
60 0.166097 0.920798 0.232295 0.154253 0.0160268
41 0.177017 0.233943 0.0399392 0.0857979 0.0159726
0 0.955308 0.157572 0.0893844 0.24546 0.0158763
0 0.316596 0.0417707 0.0464784 0.0826192 0.0157558
39 0.636875 0.176998 0.0264579 0.0373012 0.0153483
56 0.656171 0.177818 0.0480841 0.0321529 0.0144496
60 0.205848 0.257875 0.411696 0.256581 0.0142339
41 0.175729 0.222059 0.042006 0.0634136 0.0138389
42 0.430189 0.819603 0.0188693 0.153495 0.0137007
0 0.0385597 0.0767011 0.0767811 0.152866 0.0135412
0 0.955659 0.20784 0.0886778 0.146405 0.0135057
45 0.210707 0.195609 0.0352646 0.0366447 0.0133778
44 0.439952 0.834303 0.0453895 0.319161 0.0131896
0 0.646913 0.0704696 0.0813137 0.139672 0.0131737
0 0.406695 0.051834 0.0477008 0.102966 0.0129659
60 0.694172 0.880564 0.578909 0.218888 0.0129437
40 0.366884 0.150705 0.0223344 0.046186 0.0127431
42 0.53486 0.898771 0.153038 0.177744 0.01262
60 0.0829739 0.914106 0.164653 0.168513 0.0123765
44 0.10679 0.929955 0.0975198 0.13719 0.0121666
0 0.321109 0.0260299 0.0326747 0.0512479 0.0116864
0 0.245727 0.0482903 0.0683559 0.0954985 0.0115016
60 0.238421 0.206932 0.0988981 0.0853258 0.0114692
0 0.0235865 0.0771107 0.0463541 0.153645 0.0112341
40 0.34004 0.183106 0.0272721 0.0322477 0.0108986
56 0.637371 0.141568 0.0226578 0.101735 0.0108586
56 0.489658 0.490026 0.0480874 0.0959693 0.0106707
43 0.441838 0.906426 0.0285887 0.158838 0.0106331
60 0.440642 0.832297 0.874759 0.300784 0.0104122
56 0.222794 0.152924 0.0458539 0.0534487 0.0104091
41 0.390069 0.176126 0.0179148 0.0315214 0.0103072
44 0.603323 0.888591 0.304487 0.190265 0.0102282
44 0.449873 0.847491 0.0472006 0.276424 0.0101249
42 0.431501 0.84659 0.0208015 0.20989 0.0100246
39 0.304303 0.18427 0.0279778 0.0375392 0.0100104
56 0.313193 0.364585 0.0819667 0.1441 0.00996587
56 0.246466 0.350871 0.111337 0.162165 0.00980636
43 0.556521 0.899726 0.114129 0.084654 0.00966251
0 0.40118 0.0604104 0.0625832 0.11887 0.00957894
0 0.65028 0.0302784 0.0791288 0.0602577 0.00950485
0 0.667852 0.030872 0.0431921 0.0607964 0.00942054
43 0.449873 0.847491 0.0472006 0.276424 0.00917375
56 0.483905 0.539827 0.0513546 0.156015 0.00909773
43 0.449706 0.782556 0.0482423 0.408376 0.00855163
53 0.485725 0.898523 0.105257 0.190092 0.00833845
41 0.342712 0.190521 0.030332 0.0462648 0.00831059
56 0.662051 0.166967 0.037433 0.0533785 0.00807557
41 0.162059 0.214424 0.0178585 0.0477185 0.00793177
40 0.637016 0.147102 0.0250545 0.0958722 0.00778261
43 0.564437 0.881094 0.209487 0.213421 0.00775459
56 0.488974 0.53194 0.0408378 0.135764 0.00774318
60 0.147285 0.877642 0.294335 0.226006 0.00764361
41 0.656171 0.177818 0.0480841 0.0321529 0.00760636
41 0.213383 0.195546 0.0414703 0.0368807 0.00754043
43 0.444188 0.859216 0.0248618 0.254374 0.00734264
60 0.326379 0.349795 0.271543 0.181721 0.00720036
44 0.612746 0.852865 0.277338 0.171402 0.0070765
40 0.270466 0.189732 0.0303675 0.0556582 0.00699595
40 0.350038 0.132784 0.0668885 0.0888318 0.00693342
24 0.0343876 0.469553 0.0681845 0.373527 0.00691167
44 0.449706 0.782556 0.0482423 0.408376 0.00689092
60 0.301261 0.225656 0.111121 0.0842338 0.00686744
39 0.637016 0.147102 0.0250545 0.0958722 0.00662917
56 0.280495 0.436128 0.180926 0.301942 0.00657561
56 0.404935 0.392098 0.155622 0.226337 0.00649688
60 0.483375 0.621265 0.966553 0.734517 0.00649485
0 0.268917 0.051455 0.0927084 0.100833 0.00641078
60 0.226272 0.227367 0.0650614 0.0458909 0.00640467
42 0.49021 0.943572 0.058946 0.0932288 0.00640354
0 0.344999 0.0368786 0.0522508 0.072982 0.00636524
56 0.488905 0.556745 0.0521217 0.184444 0.00624317
41 0.177578 0.206951 0.0392968 0.0287066 0.00618964
56 0.64087 0.17625 0.0198495 0.0364308 0.0061743
56 0.637093 0.13081 0.0207247 0.0756851 0.00616601
56 0.199208 0.105847 0.0536665 0.0626773 0.00613299
60 0.663322 0.178332 0.0325383 0.0299213 0.00596684
40 0.390069 0.176126 0.0179148 0.0315214 0.00589317
45 0.342543 0.182964 0.0269631 0.0310981 0.00586814
0 0.283386 0.0416977 0.0801212 0.0815695 0.00584453
44 0.537917 0.925391 0.154502 0.129769 0.00582233
0 0.386004 0.0876351 0.0758379 0.131371 0.00580722
45 0.227367 0.197538 0.0604968 0.0383509 0.00569275
56 0.438483 0.462185 0.134961 0.368923 0.00558317
42 0.439486 0.814864 0.0310834 0.201744 0.00543824
56 0.329343 0.342334 0.0843289 0.104484 0.00535667
0 0.302549 0.0477922 0.0599657 0.0941216 0.00521377
60 0.737717 0.8516 0.502503 0.275765 0.00511038
60 0.197719 0.196251 0.0686 0.0365403 0.00509918
0 0.29627 0.0366068 0.0501714 0.0723056 0.00504258
42 0.426494 0.783955 0.0221859 0.084564 0.0050064
40 0.228681 0.114558 0.0148609 0.0395813 0.00485316
60 0.320338 0.284702 0.194359 0.0374641 0.0048098
43 0.201342 0.109388 0.0482364 0.0527774 0.00480595
56 0.204196 0.117192 0.0411974 0.038429 0.00479299
56 0.359289 0.64538 0.059641 0.114289 0.00475553
60 0.229276 0.221002 0.0757608 0.0566763 0.0047372
26 0.423906 0.333586 0.0928026 0.109851 0.00470582
0 0.19778 0.10142 0.05452 0.0604625 0.0046936
42 0.597997 0.915559 0.277777 0.151935 0.00465322
60 0.44627 0.880101 0.595757 0.219018 0.00464514
0 0.158119 0.327982 0.316238 0.651957 0.00461039
41 0.274024 0.171936 0.0337339 0.0679552 0.00458178
60 0.656171 0.177818 0.0480841 0.0321529 0.00454679
56 0.329649 0.447624 0.10445 0.318011 0.00454196
43 0.0783206 0.921107 0.155493 0.154757 0.00449419
0 0.407605 0.0316033 0.0403082 0.0632067 0.00439546
0 0.41331 0.0456922 0.0367834 0.091305 0.00438911
0 0.230199 0.0294457 0.0321081 0.0588393 0.00434211
60 0.198393 0.384771 0.380883 0.243529 0.00432205
60 0.326752 0.308088 0.290783 0.180987 0.00426036
56 0.310051 0.509526 0.0700427 0.158839 0.00425038
40 0.364831 0.18208 0.0327972 0.0394936 0.00424811
53 0.53486 0.898771 0.153038 0.177744 0.00419417
26 0.0343965 0.456321 0.0684476 0.349114 0.00415453
58 0.355032 0.577538 0.0787701 0.235538 0.00414619
56 0.266233 0.358585 0.0686382 0.135652 0.00414157
40 0.302677 0.177318 0.0324223 0.0519471 0.00413901
73 0.839198 0.957732 0.261476 0.0841871 0.00410625
56 0.243246 0.159124 0.0259551 0.0389669 0.00407574
56 0.213109 0.143627 0.0498154 0.068132 0.00404283
67 0.198729 0.104021 0.0527442 0.0623562 0.00403404
41 0.355429 0.197079 0.0571102 0.0637704 0.0040243
56 0.321992 0.374561 0.0642208 0.138863 0.00397253
42 0.439877 0.773273 0.0537598 0.161408 0.0039438
60 0.210707 0.195609 0.0352646 0.0366447 0.00392565
0 0.193866 0.0607627 0.0809117 0.1197 0.00390553
56 0.288951 0.365612 0.0357689 0.132344 0.00389087
56 0.514453 0.482026 0.375884 0.643013 0.00387093
0 0.179192 0.0477886 0.0518348 0.0954305 0.00382581
45 0.472852 0.898101 0.537252 0.186703 0.00380471
27 0.570927 0.0787964 0.0201236 0.0279695 0.00380415
60 0.191971 0.200832 0.0737018 0.0345069 0.00376856
56 0.0372824 0.425638 0.0676894 0.252753 0.00375316
0 0.564746 0.0494883 0.0697104 0.0976862 0.0037252
0 0.395734 0.0883054 0.0593462 0.155967 0.00370669
60 0.174979 0.206136 0.298804 0.084696 0.00362644
56 0.715422 0.87675 0.0806439 0.0934133 0.00361884
0 0.209511 0.0870821 0.0766038 0.171586 0.00361118
42 0.42705 0.813104 0.0233809 0.141672 0.00360426
42 0.472852 0.898101 0.537252 0.186703 0.00360039
0 0.578153 0.0520094 0.0966679 0.104019 0.00358263
39 0.302677 0.177318 0.0324223 0.0519471 0.00357437
0 0.303829 0.140552 0.230987 0.246849 0.00356701
41 0.282998 0.148279 0.0278225 0.0404738 0.00356206
56 0.430667 0.53672 0.245734 0.515291 0.00354543
0 0.39746 0.030663 0.0294512 0.058624 0.00354263
56 0.393257 0.133655 0.0413904 0.0586672 0.00351468
40 0.319176 0.181078 0.0135613 0.0307892 0.00350401
0 0.27317 0.0473093 0.066732 0.0833226 0.00349531
39 0.366884 0.150705 0.0223344 0.046186 0.00348586
63 0.198884 0.107218 0.053714 0.0599037 0.0034363
60 0.29885 0.359727 0.14854 0.164815 0.00343141
56 0.665758 0.5109 0.668484 0.889942 0.0034129
56 0.342412 0.182162 0.0267322 0.0301627 0.00338998
0 0.242687 0.149363 0.336299 0.271734 0.00338724
0 0.560706 0.0567229 0.0526514 0.081087 0.00331518
56 0.635293 0.128408 0.0246136 0.103845 0.00329387
44 0.434322 0.86058 0.0579466 0.254816 0.00327596
56 0.396914 0.449671 0.278944 0.376777 0.00325716
0 0.63012 0.0980329 0.0375925 0.15861 0.00324771
56 0.471648 0.516961 0.29061 0.564065 0.00323862
43 0.472852 0.898101 0.537252 0.186703 0.0031763
43 0.430721 0.825381 0.0600254 0.323319 0.00317529
40 0.362312 0.184755 0.0419189 0.0385708 0.00316653
39 0.34004 0.183106 0.0272721 0.0322477 0.00314757
0 0.193462 0.0697771 0.0630212 0.1205 0.00310984
48 0.599886 0.929044 0.280399 0.139248 0.00309733
42 0.446155 0.773911 0.0452208 0.18304 0.00303397
44 0.430721 0.825381 0.0600254 0.323319 0.00298488
43 0.559396 0.878956 0.0971407 0.1195 0.00297946
45 0.268974 0.188467 0.0286589 0.0515198 0.0029439
43 0.58201 0.886996 0.0620352 0.0505964 0.00287241
0 0.617674 0.0287683 0.0452356 0.0556086 0.00286612
41 0.373167 0.200978 0.0442732 0.0736223 0.0028601
56 0.451054 0.216952 0.133518 0.167849 0.00284407
0 0.366184 0.044375 0.044633 0.0879115 0.00282934
56 0.314166 0.0560863 0.0294519 0.0533153 0.00282791
56 0.335568 0.55648 0.111131 0.271132 0.00281993
60 0.22305 0.862206 0.444516 0.230703 0.00281754
56 0.583135 0.621074 0.23038 0.354524 0.00281686
0 0.840113 0.845322 0.319774 0.261736 0.00281137
44 0.53486 0.898771 0.153038 0.177744 0.00280464
56 0.453728 0.621442 0.153832 0.334862 0.00280386
43 0.434322 0.86058 0.0579466 0.254816 0.00280112
60 0.328879 0.364905 0.083205 0.151753 0.00277764
58 0.350295 0.605611 0.0784038 0.140607 0.00277159
41 0.637016 0.147102 0.0250545 0.0958722 0.00276753
56 0.32192 0.513846 0.091588 0.172657 0.00276545
42 0.495433 0.931003 0.0626598 0.103565 0.00275934
41 0.239579 0.112076 0.0237994 0.0404702 0.00275305
60 0.303829 0.140552 0.230987 0.246849 0.00274438
