0 0.200768 0.715134 0.127784 0.299905 0.909558
33 0.379183 0.453863 0.0290452 0.035509 0.108298
33 0.373832 0.453859 0.0398687 0.0388747 0.0816126
14 0.176723 0.542711 0.0286564 0.0213036 0.0653801
33 0.345949 0.4289 0.0241078 0.0269717 0.0618547
14 0.32136 0.459768 0.0460135 0.06029 0.0540925
33 0.320786 0.459816 0.0455584 0.0603772 0.0535996
33 0.247977 0.511043 0.0419992 0.0715449 0.0515008
33 0.244952 0.502513 0.03582 0.052887 0.0484507
14 0.345949 0.4289 0.0241078 0.0269717 0.0481417
33 0.34668 0.437952 0.0263447 0.0461788 0.0422429
33 0.381615 0.427076 0.0658468 0.0453793 0.041695
14 0.381056 0.426725 0.0664342 0.0437701 0.0399193
14 0.286702 0.487004 0.0261667 0.0614871 0.0389437
33 0.373104 0.467286 0.0425682 0.0646663 0.036383
33 0.369844 0.488467 0.0132689 0.0331612 0.0313366
14 0.309309 0.453279 0.0207548 0.0457514 0.0264463
33 0.286382 0.486601 0.0265252 0.0628991 0.0256614
33 0.324373 0.468579 0.0401962 0.0448208 0.0250818
33 0.248432 0.511298 0.0554807 0.0792658 0.0246951
33 0.227842 0.52353 0.0322413 0.0473312 0.0235936
14 0.221442 0.52315 0.0209719 0.0482783 0.0218167
33 0.3795 0.458803 0.0363124 0.0478553 0.0203509
33 0.330451 0.474103 0.0263295 0.0318364 0.0189116
14 0.401244 0.439094 0.0253634 0.0180496 0.0187626
14 0.289335 0.478965 0.0321367 0.0609008 0.0185309
33 0.386615 0.431012 0.053226 0.0414139 0.0180548
33 0.221577 0.52194 0.0196791 0.0455588 0.0179825
14 0.378983 0.45298 0.028929 0.0378838 0.0173919
33 0.237457 0.512608 0.0294546 0.0582921 0.0141815
14 0.386615 0.431012 0.053226 0.0414139 0.0135983
13 0.617362 0.938394 0.252866 0.121602 0.0129709
10 0.331887 0.107801 0.0841861 0.214045 0.0129428
14 0.283426 0.469517 0.01997 0.0316565 0.0124968
58 0.795148 0.66286 0.0843644 0.106957 0.0123134
14 0.296478 0.474636 0.0456887 0.0850981 0.0117997
14 0.244275 0.503646 0.0356174 0.0554942 0.011091
14 0.227842 0.52353 0.0322413 0.0473312 0.0110754
14 0.297613 0.461415 0.0463508 0.0645272 0.00992617
33 0.176882 0.542738 0.0282467 0.0215768 0.00990131
33 0.274086 0.487769 0.046835 0.06259 0.00915688
14 0.34668 0.437952 0.0263447 0.0461788 0.00905833
33 0.309309 0.453279 0.0207548 0.0457514 0.00892228
58 0.754567 0.510998 0.489649 0.416981 0.00841776
14 0.176842 0.548118 0.0286312 0.031872 0.00808728
14 0.330451 0.474103 0.0263295 0.0318364 0.00800866
14 0.368205 0.414946 0.0373879 0.0223592 0.00784528
14 0.367911 0.418148 0.0386962 0.0316467 0.00745124
33 0.401244 0.439094 0.0253634 0.0180496 0.00717416
58 0.745083 0.635732 0.0260607 0.0484975 0.00693184
14 0.247977 0.511043 0.0419992 0.0715449 0.00690892
26 0.191183 0.70571 0.0203719 0.106868 0.00670299
14 0.274086 0.487769 0.046835 0.06259 0.0065684
14 0.373832 0.453859 0.0398687 0.0388747 0.00638202
33 0.257883 0.484661 0.0205788 0.0322121 0.00634432
14 0.324373 0.468579 0.0401962 0.0448208 0.00622931
33 0.314625 0.487536 0.201306 0.160528 0.00612912
33 0.364594 0.473131 0.0243726 0.0638083 0.0055646
33 0.283426 0.469517 0.01997 0.0316565 0.00539002
13 0.522108 0.981358 0.0682241 0.0365776 0.0053778
14 0.369844 0.488467 0.0132689 0.0331612 0.0049839
33 0.230413 0.528422 0.0417285 0.0747627 0.00497049
14 0.217034 0.531766 0.0373753 0.0681935 0.00489071
33 0.289335 0.478965 0.0321367 0.0609008 0.00478092
58 0.781221 0.643496 0.114762 0.144668 0.00475451
33 0.307014 0.474171 0.0688987 0.0870906 0.00444999
14 0.307014 0.474171 0.0688987 0.0870906 0.00443763
33 0.367911 0.418148 0.0386962 0.0316467 0.00433713
14 0.248432 0.511298 0.0554807 0.0792658 0.00397575
14 0.237457 0.512608 0.0294546 0.0582921 0.00388655
33 0.368205 0.414946 0.0373879 0.0223592 0.0038515
58 0.861579 0.605289 0.275038 0.221181 0.00375131
14 0.183583 0.546103 0.043405 0.0295808 0.00368837
14 0.386533 0.449756 0.0539783 0.0423228 0.00359407
33 0.259944 0.506876 0.0400728 0.0753486 0.00352794
33 0.263409 0.53638 0.0250102 0.0276295 0.00342658
33 0.386533 0.449756 0.0539783 0.0423228 0.00333109
13 0.33162 0.107777 0.0842583 0.214226 0.00316799
58 0.33245 0.10736 0.0831317 0.214008 0.0029766
14 0.3795 0.458803 0.0363124 0.0478553 0.00296745
14 0.259944 0.506876 0.0400728 0.0753486 0.00291118
14 0.257883 0.484661 0.0205788 0.0322121 0.00277239
14 0.230413 0.528422 0.0417285 0.0747627 0.00267544
14 0.216567 0.557232 0.0313238 0.0178032 0.00265881
76 0.34668 0.437952 0.0263447 0.0461788 0.00263524
33 0.296478 0.474636 0.0456887 0.0850981 0.00258246
76 0.378983 0.45298 0.028929 0.0378838 0.00251353
33 0.224966 0.534701 0.0330177 0.0669701 0.00247246
58 0.813796 0.667045 0.043322 0.0935336 0.00241563
58 0.810202 0.437168 0.377552 0.265828 0.00236556
14 0.312776 0.486775 0.205271 0.135301 0.00229135
58 0.783196 0.671455 0.0607534 0.0893742 0.00228855
13 0.671938 0.936325 0.371915 0.125599 0.00228691
14 0.371814 0.466944 0.0432517 0.0590686 0.00223655
14 0.197 0.54961 0.0709586 0.0374507 0.00222811
12 0.331805 0.108044 0.0841842 0.214194 0.00220516
33 0.217034 0.531766 0.0373753 0.0681935 0.00219312
76 0.373832 0.453859 0.0398687 0.0388747 0.00215289
4 0.320894 0.46006 0.0460307 0.0599067 0.00213531
14 0.224966 0.534701 0.0330177 0.0669701 0.00208688
14 0.207937 0.546333 0.0481506 0.0413081 0.00205666
33 0.284437 0.482988 0.134522 0.120398 0.00197995
13 0.534906 0.981883 0.0955025 0.0362331 0.00184152
58 0.770272 0.654888 0.035164 0.0512845 0.00180915
25 0.377813 0.424824 0.0595663 0.039753 0.00178599
4 0.345949 0.4289 0.0241078 0.0269717 0.00177041
25 0.32136 0.459768 0.0460135 0.06029 0.00173515
76 0.345949 0.4289 0.0241078 0.0269717 0.00173047
25 0.221577 0.52194 0.0196791 0.0455588 0.00169697
25 0.243741 0.503143 0.0329497 0.0538849 0.00163725
58 0.619353 0.459387 0.217196 0.247539 0.00163415
33 0.216567 0.557232 0.0313238 0.0178032 0.00161332
25 0.228352 0.523955 0.0336038 0.0473773 0.00160456
58 0.57738 0.551516 0.838023 0.579075 0.00154027
4 0.378983 0.45298 0.028929 0.0378838 0.00149691
58 0.769248 0.655502 0.040822 0.076429 0.00147662
33 0.31627 0.470119 0.0569686 0.0789055 0.00146315
58 0.753432 0.643262 0.0459249 0.0678369 0.00141123
14 0.171945 0.542863 0.0392043 0.0232658 0.00139353
33 0.239133 0.511946 0.0782473 0.0905991 0.00138843
33 0.297613 0.461415 0.0463508 0.0645272 0.00135106
14 0.216923 0.517025 0.115668 0.0889511 0.00133434
14 0.237475 0.508045 0.0511682 0.0730662 0.00129539
14 0.31627 0.470119 0.0569686 0.0789055 0.00125483
58 0.744629 0.62273 0.0451516 0.0772858 0.00122318
58 0.960188 0.440799 0.0793631 0.255638 0.00121972
58 0.743124 0.637587 0.0346963 0.0607936 0.0011825
58 0.638246 0.55696 0.0380971 0.08054 0.00114036
76 0.320894 0.46006 0.0460307 0.0599067 0.00113508
25 0.247977 0.511043 0.0419992 0.0715449 0.00109461
33 0.237475 0.508045 0.0511682 0.0730662 0.00109392
14 0.364594 0.473131 0.0243726 0.0638083 0.00107563
42 0.345949 0.4289 0.0241078 0.0269717 0.00106964
4 0.371762 0.455077 0.0447844 0.036661 0.00103506
58 0.856189 0.65406 0.0578796 0.100493 0.00102982
14 0.376945 0.470219 0.0336817 0.0696723 0.00102854
33 0.183583 0.546103 0.043405 0.0295808 0.00102037
58 0.605508 0.423532 0.187638 0.175282 0.00101045
0 0.227842 0.52353 0.0322413 0.0473312 0.00100842
14 0.275149 0.497163 0.236436 0.137951 0.00100806
