72 0.417152 0.727112 0.149319 0.522916 0.914707
0 0.732509 0.759535 0.089528 0.462972 0.89027
0 0.583003 0.7115 0.134911 0.55986 0.836843
69 0.146488 0.828023 0.209555 0.324091 0.775889
74 0.733203 0.308716 0.0373262 0.0755175 0.747197
72 0.615107 0.657447 0.0960987 0.508814 0.273627
26 0.749759 0.769089 0.0350042 0.103561 0.174518
26 0.753029 0.776562 0.0299131 0.0864224 0.143665
26 0.610614 0.85048 0.0426023 0.265546 0.137641
69 0.50965 0.858231 0.0402954 0.272949 0.125665
69 0.511212 0.803522 0.0470387 0.365529 0.119453
26 0.746836 0.764331 0.0437145 0.118736 0.108584
71 0.037056 0.699627 0.0716214 0.155476 0.102913
72 0.585326 0.635652 0.15133 0.538226 0.0982264
69 0.145344 0.88329 0.209945 0.214073 0.0950288
45 0.514382 0.591911 0.0297283 0.0553973 0.0790207
69 0.414173 0.731218 0.151217 0.524516 0.0629479
45 0.0871587 0.752534 0.0496854 0.0596256 0.0612689
69 0.305705 0.904942 0.107958 0.184372 0.0412529
69 0.511512 0.65892 0.0452938 0.0586468 0.0345268
69 0.510379 0.697317 0.0475155 0.135712 0.0344239
71 0.0327733 0.743069 0.0646475 0.0700025 0.0343486
46 0.646843 0.689972 0.0568551 0.0231627 0.0283588
45 0.411056 0.429379 0.0578274 0.0381062 0.028313
49 0.640906 0.662531 0.0192492 0.0381449 0.0239875
71 0.0385747 0.673248 0.076342 0.0989863 0.0233879
41 0.0864394 0.753376 0.0458984 0.0592862 0.0224566
69 0.642654 0.798351 0.0390439 0.221563 0.0188502
37 0.609492 0.852595 0.0425305 0.27265 0.0180655
69 0.511715 0.675493 0.0555014 0.102862 0.017893
45 0.412948 0.423704 0.0504322 0.0328474 0.0170073
69 0.449811 0.872875 0.0738117 0.247867 0.0164223
45 0.305402 0.723462 0.0646611 0.0456786 0.0163482
45 0.250105 0.701753 0.0483402 0.0922363 0.0155354
69 0.510774 0.739858 0.0462126 0.204026 0.0154544
69 0.143191 0.772968 0.199773 0.120057 0.01484
69 0.514833 0.894833 0.0306448 0.192728 0.0145555
45 0.102452 0.70612 0.0539287 0.0977108 0.0141316
45 0.538422 0.605879 0.0227001 0.031658 0.0137203
72 0.614574 0.531703 0.0929502 0.256434 0.0136179
45 0.300423 0.709056 0.0490044 0.0287015 0.0132909
47 0.640906 0.662531 0.0192492 0.0381449 0.0114317
69 0.646908 0.793022 0.0537162 0.231399 0.0112113
69 0.295244 0.842255 0.132198 0.30492 0.0111731
45 0.250731 0.68414 0.0473591 0.0622364 0.00995213
69 0.0371374 0.708247 0.0742747 0.14884 0.00954399
45 0.299285 0.718383 0.049336 0.0387764 0.00826186
45 0.301484 0.71409 0.0395078 0.0292416 0.00772554
46 0.640906 0.662531 0.0192492 0.0381449 0.00744116
45 0.304353 0.723431 0.0401338 0.0402825 0.00719562
72 0.642277 0.793866 0.0464375 0.237314 0.0071342
72 0.647733 0.776657 0.0583324 0.274256 0.00707507
25 0.609492 0.852595 0.0425305 0.27265 0.00692061
45 0.249912 0.667294 0.0437959 0.0285316 0.006706
69 0.510728 0.647015 0.0454875 0.0441536 0.00665873
56 0.511692 0.83598 0.0312089 0.228102 0.00642851
53 0.647657 0.689292 0.056168 0.0214758 0.0063487
45 0.849043 0.6098 0.0461294 0.0480735 0.00626481
72 0.634454 0.544778 0.0538561 0.270694 0.00542703
69 0.505234 0.824242 0.0378348 0.288777 0.00514975
69 0.138614 0.534856 0.178784 0.29018 0.00472
26 0.732848 0.733738 0.0177757 0.0487759 0.00463367
68 0.616653 0.368087 0.0897187 0.0766031 0.00397912
69 0.512685 0.652409 0.055265 0.0626303 0.00383303
72 0.138451 0.539547 0.178053 0.289094 0.00369221
28 0.763639 0.848282 0.0552721 0.0898184 0.00357273
69 0.0310561 0.743888 0.0621122 0.0674892 0.00354183
72 0.905831 0.812027 0.188338 0.375947 0.00348979
45 0.153666 0.703205 0.0466851 0.0419552 0.00346327
45 0.395781 0.460063 0.102201 0.026601 0.00342977
69 0.138726 0.837854 0.21738 0.135423 0.00340891
69 0.15503 0.678093 0.230323 0.643813 0.00340617
70 0.514008 0.594626 0.0311531 0.0543957 0.00331819
45 0.408256 0.429336 0.0677534 0.0477525 0.0032694
56 0.50594 0.788081 0.0307123 0.127412 0.00316021
69 0.307629 0.936554 0.109314 0.121189 0.00314754
69 0.905237 0.810008 0.189526 0.36872 0.00304306
73 0.750728 0.762169 0.0257656 0.0951029 0.00301176
70 0.101376 0.706866 0.0555081 0.0995448 0.00295293
41 0.514008 0.594626 0.0311531 0.0543957 0.00286674
69 0.518622 0.865455 0.0420479 0.260753 0.00279206
69 0.568786 0.738279 0.180208 0.493756 0.00276807
39 0.845915 0.569084 0.0182985 0.0608567 0.00269312
45 0.617359 0.369794 0.0908874 0.0834806 0.00262523
69 0.650511 0.763491 0.0651201 0.28467 0.00257754
75 0.808708 0.549486 0.0184082 0.0780128 0.00251696
45 0.295926 0.685029 0.0423554 0.0360563 0.00249958
69 0.616653 0.368087 0.0897187 0.0766031 0.00246575
39 0.0645335 0.613619 0.0141383 0.0468853 0.00244799
48 0.638259 0.6624 0.0203712 0.0385283 0.00244731
69 0.519688 0.912536 0.0454134 0.169177 0.00243211
68 0.0371374 0.708247 0.0742747 0.14884 0.00241643
69 0.511451 0.922184 0.0358883 0.149371 0.00239733
26 0.750728 0.762169 0.0257656 0.0951029 0.0023838
69 0.514544 0.931906 0.0307822 0.0680835 0.00238118
72 0.307629 0.936554 0.109314 0.121189 0.00235087
69 0.617533 0.651812 0.102965 0.509845 0.00234914
39 0.750728 0.762169 0.0257656 0.0951029 0.00231913
63 0.0314489 0.74313 0.061509 0.0694061 0.00230837
72 0.306428 0.905549 0.111889 0.176306 0.00226715
72 0.685325 0.622421 0.246216 0.528456 0.00225604
26 0.74831 0.800181 0.0388723 0.177598 0.00220191
26 0.747524 0.73924 0.0447494 0.0700196 0.00218603
60 0.905894 0.809372 0.188213 0.381256 0.00213709
56 0.508911 0.813061 0.0350843 0.192072 0.00210559
26 0.736542 0.730831 0.0260054 0.0496328 0.00210407
56 0.505234 0.824242 0.0378348 0.288777 0.0020757
58 0.850628 0.596781 0.0403065 0.0718546 0.00202596
69 0.585326 0.635652 0.15133 0.538226 0.00194791
28 0.760988 0.801957 0.0648891 0.178901 0.00194752
72 0.585982 0.487776 0.157196 0.331167 0.00194547
69 0.511692 0.83598 0.0312089 0.228102 0.00190869
72 0.452071 0.871309 0.0707703 0.250629 0.00189018
45 0.250892 0.672938 0.0509058 0.043158 0.00184268
51 0.640906 0.662531 0.0192492 0.0381449 0.00183105
69 0.514373 0.945498 0.0333689 0.0996394 0.00181928
69 0.56399 0.84692 0.144317 0.274635 0.00181255
41 0.750728 0.762169 0.0257656 0.0951029 0.00179645
73 0.76186 0.849917 0.0571854 0.0848669 0.00177309
46 0.645656 0.696754 0.0586098 0.0307781 0.0017454
69 0.528586 0.745575 0.237076 0.444658 0.00171459
49 0.639013 0.656076 0.0243612 0.048407 0.00170964
69 0.145504 0.909649 0.192021 0.164932 0.00170174
69 0.643655 0.851324 0.0336161 0.104578 0.0016751
55 0.0879391 0.754451 0.0443632 0.0587166 0.0016537
45 0.037247 0.700718 0.0744941 0.15198 0.00164649
71 0.510568 0.657395 0.049901 0.0621323 0.00161973
26 0.755265 0.78084 0.0343047 0.109858 0.0016042
41 0.538422 0.605879 0.0227001 0.031658 0.00157332
69 0.147664 0.744422 0.197332 0.146084 0.00155979
68 0.0375152 0.674346 0.0750304 0.0963243 0.0015558
45 0.163143 0.701264 0.0692497 0.0472214 0.00151116
45 0.0345046 0.744526 0.0680031 0.0681104 0.00151026
45 0.0374478 0.674943 0.072919 0.0993141 0.00150609
45 0.200312 0.720306 0.0316101 0.0498622 0.0015052
46 0.654574 0.668227 0.0138876 0.0333398 0.00150183
72 0.15503 0.678093 0.230323 0.643813 0.00146642
41 0.100299 0.708486 0.0580361 0.0917213 0.00146526
26 0.760988 0.801957 0.0648891 0.178901 0.00140801
71 0.510728 0.647015 0.0454875 0.0441536 0.00140348
69 0.519905 0.803344 0.0660496 0.374132 0.00138447
72 0.612974 0.486056 0.103915 0.316656 0.00137657
69 0.519147 0.943155 0.0447698 0.107253 0.00136223
73 0.0310561 0.743888 0.0621122 0.0674892 0.00130889
44 0.304264 0.727843 0.061847 0.0497386 0.00128451
69 0.16956 0.746776 0.134074 0.136282 0.00124249
39 0.0879391 0.754451 0.0443632 0.0587166 0.00123206
69 0.497643 0.853638 0.0254198 0.278421 0.00121856
55 0.151752 0.703486 0.0433632 0.0388975 0.00120425
45 0.0946843 0.726978 0.0626459 0.109536 0.00116909
69 0.456048 0.840301 0.0593179 0.221316 0.00116098
53 0.64265 0.690251 0.0624576 0.0335266 0.00115934
41 0.249996 0.69798 0.0494373 0.0921239 0.00115147
72 0.740389 0.628121 0.120739 0.528493 0.00114805
69 0.614872 0.490226 0.0922333 0.31466 0.00113267
69 0.0375152 0.674346 0.0750304 0.0963243 0.00109139
69 0.50594 0.788081 0.0307123 0.127412 0.00108138
62 0.138018 0.537576 0.176364 0.282428 0.00107637
68 0.13708 0.538665 0.177501 0.29147 0.00107536
58 0.809608 0.544885 0.0211222 0.0943032 0.00107467
45 0.307126 0.729959 0.0682059 0.064075 0.00106999
58 0.845915 0.569084 0.0182985 0.0608567 0.00106856
45 0.64265 0.690251 0.0624576 0.0335266 0.0010623
52 0.640906 0.662531 0.0192492 0.0381449 0.00105268
49 0.646843 0.689972 0.0568551 0.0231627 0.0010435
72 0.507185 0.854476 0.0404516 0.269103 0.00103024
39 0.843794 0.580014 0.0277391 0.0683128 0.00101382
45 0.41193 0.452308 0.0771527 0.0353231 0.00100917
