3 0.463348 0.643308 0.847831 0.546695 0.946524
0 0.50893 0.444543 0.549731 0.633996 0.762223
0 0.596421 0.292738 0.208042 0.289752 0.309391
0 0.429315 0.281277 0.384298 0.324596 0.185461
0 0.48395 0.292734 0.448797 0.286557 0.0744432
0 0.414185 0.392842 0.384563 0.544295 0.062154
0 0.389391 0.332787 0.444337 0.42648 0.0238368
0 0.464311 0.192656 0.311948 0.142674 0.0156164
0 0.499632 0.376945 0.532303 0.455323 0.0112243
0 0.648001 0.441173 0.270915 0.589795 0.0106955
0 0.660865 0.34759 0.328684 0.392214 0.00784773
0 0.602452 0.447279 0.381127 0.575083 0.00711435
3 0.736745 0.411873 0.212414 0.0799948 0.0046736
0 0.549238 0.326678 0.311452 0.34984 0.00437415
3 0.296695 0.51791 0.474118 0.276231 0.00425217
0 0.601271 0.373534 0.219543 0.443847 0.00408912
0 0.520225 0.538474 0.546413 0.332197 0.00354168
3 0.74672 0.436532 0.231057 0.132578 0.00347224
0 0.302046 0.519113 0.443204 0.273204 0.00266036
0 0.404567 0.57122 0.241482 0.169905 0.00262219
67 0.478141 0.357016 0.0841961 0.0685954 0.00220859
0 0.468033 0.244459 0.297258 0.24135 0.00193056
0 0.462203 0.223184 0.312793 0.0834345 0.00192642
0 0.40279 0.427643 0.505016 0.598826 0.00184384
0 0.339839 0.37306 0.598209 0.503317 0.00166765
0 0.334578 0.545014 0.381997 0.229731 0.00164989
0 0.603215 0.501223 0.48964 0.542881 0.00157219
3 0.785989 0.700561 0.211381 0.344921 0.00155973
0 0.604469 0.575431 0.380138 0.358415 0.00141242
3 0.657266 0.436672 0.396104 0.133088 0.00126219
60 0 0.504485 0 0.935874 0.00123799
0 0.341644 0.317403 0.192489 0.185808 0.00122181
60 0.998041 0.505661 0.00391854 0.946997 0.00107971
0 0.410612 0.589863 0.25442 0.267035 0.0010601
