5 0.496372 0.543952 0.711368 0.541849 0.970043
0 0.231695 0.650977 0.0758388 0.237618 0.8766
0 0.453246 0.660115 0.0693464 0.330815 0.874582
7 0.0756874 0.545106 0.151375 0.380909 0.785374
5 0.0761396 0.538629 0.151552 0.379638 0.761175
26 0.198829 0.689628 0.0234462 0.0461962 0.148413
26 0.255259 0.604511 0.0160205 0.0571986 0.122455
26 0.257918 0.599851 0.0230647 0.068427 0.0731207
26 0.260472 0.607695 0.0241803 0.0539775 0.048656
0 0.360978 0.45995 0.0267448 0.0390316 0.0465772
0 0.612081 0.42813 0.0222843 0.0443502 0.0447633
0 0.251899 0.471217 0.0190156 0.0407503 0.0415284
26 0.201187 0.682978 0.0224779 0.0624322 0.0350593
2 0.0741985 0.545579 0.148397 0.380868 0.0290655
7 0.075901 0.616154 0.148489 0.23729 0.0246244
26 0.25279 0.598076 0.0257777 0.0718376 0.0228812
26 0.247112 0.597938 0.0370419 0.0739746 0.0191051
24 0.251672 0.595419 0.0316472 0.073263 0.0138289
24 0.255259 0.604511 0.0160205 0.0571986 0.0132842
0 0.0384943 0.395569 0.0258173 0.0207716 0.0109944
26 0.207627 0.629601 0.0269101 0.0874573 0.0103782
26 0.20284 0.680831 0.0214474 0.0438489 0.00971165
5 0.12313 0.496528 0.0445905 0.127972 0.00967473
26 0.205464 0.646429 0.0229216 0.0550232 0.00951043
16 0.26055 0.709161 0.0233644 0.0540298 0.00940442
0 0.264461 0.658522 0.0304326 0.158038 0.00911364
0 0.253288 0.465047 0.018137 0.0563885 0.0089629
24 0.257918 0.599851 0.0230647 0.068427 0.00864559
26 0.257549 0.612505 0.0281446 0.0539632 0.00844008
0 0.615181 0.426769 0.0314911 0.0473178 0.00836849
24 0.238924 0.600313 0.0621615 0.0799006 0.008347
24 0.237153 0.586234 0.0513508 0.0535906 0.007716
24 0.260472 0.607695 0.0241803 0.0539775 0.00754613
5 0.056735 0.435415 0.11347 0.168469 0.00685185
7 0.494358 0.548664 0.717696 0.542072 0.00659341
26 0.238924 0.600313 0.0621615 0.0799006 0.00641671
26 0.260356 0.708936 0.0221901 0.0547691 0.00623465
2 0.0741682 0.61585 0.148336 0.236845 0.0058817
0 0.26055 0.709161 0.0233644 0.0540298 0.00575119
0 0.628196 0.429387 0.0388639 0.041915 0.00568581
26 0.259253 0.61931 0.0256652 0.102455 0.00566962
0 0.0612995 0.396928 0.0237032 0.0205394 0.00559551
2 0.123807 0.532345 0.0462276 0.0555421 0.00495905
0 0.132187 0.459812 0.0155914 0.04537 0.00484037
26 0.215591 0.627687 0.0345755 0.083417 0.00476882
26 0.224494 0.61509 0.0484471 0.100658 0.00446576
0 0.413612 0.455998 0.0215482 0.0350739 0.00421229
0 0.241134 0.709002 0.0667347 0.0678922 0.00396445
16 0.241134 0.709002 0.0667347 0.0678922 0.00374624
0 0.254279 0.471936 0.0219569 0.0466329 0.00358599
0 0.0378643 0.401214 0.0267166 0.0332858 0.0034872
7 0.123323 0.498601 0.0455748 0.128107 0.00335142
26 0.201915 0.657156 0.025899 0.110061 0.00325119
0 0.535475 0.486697 0.0217768 0.0311211 0.0032424
24 0.257549 0.612505 0.0281446 0.0539632 0.00312611
2 0.123955 0.554184 0.0463573 0.0992568 0.00311455
0 0.061452 0.400728 0.0270843 0.0249729 0.00310302
0 0.603636 0.428338 0.0482604 0.0458099 0.00301841
35 0.199033 0.690797 0.0236335 0.0419779 0.00288105
24 0.260356 0.708936 0.0221901 0.0547691 0.00278726
24 0.20284 0.680831 0.0214474 0.0438489 0.00276557
10 0.26055 0.709161 0.0233644 0.0540298 0.00262114
2 0.123167 0.499739 0.0470447 0.127927 0.0025734
0 0.12668 0.46723 0.0284844 0.0600035 0.00247127
26 0.234274 0.620902 0.0722883 0.128785 0.00236255
0 0.256787 0.464908 0.018058 0.0631069 0.0022898
0 0.257549 0.612505 0.0281446 0.0539632 0.00225353
0 0.241949 0.654321 0.0615445 0.206003 0.00222862
5 0.102149 0.462383 0.0266492 0.0741451 0.00220665
0 0.238191 0.475992 0.0242151 0.0423339 0.00206354
0 0.0664299 0.401416 0.0318658 0.02806 0.00202152
36 0.199711 0.690242 0.0226314 0.0436414 0.00182357
5 0.0590387 0.459318 0.112886 0.079965 0.00180995
28 0.260356 0.708936 0.0221901 0.0547691 0.00179124
26 0.263944 0.629288 0.0305539 0.118185 0.00178552
5 0.075901 0.616154 0.148489 0.23729 0.0017482
26 0.22092 0.69614 0.0662396 0.0637127 0.00168428
39 0.199033 0.690797 0.0236335 0.0419779 0.00167266
26 0.235993 0.707635 0.0740159 0.0596191 0.00163737
24 0.229193 0.589222 0.0349588 0.056854 0.00157431
0 0.462529 0.469538 0.0308175 0.0687386 0.00156105
26 0.259908 0.645874 0.0305449 0.168698 0.00154772
0 0.459761 0.474333 0.0279242 0.050467 0.00154501
0 0.532507 0.525166 0.0380645 0.110265 0.00148511
5 0.123222 0.459667 0.0290408 0.06065 0.00145528
26 0.245078 0.707008 0.0542568 0.0519541 0.00144079
26 0.236865 0.589866 0.0493662 0.0650462 0.00140023
24 0.263944 0.629288 0.0305539 0.118185 0.00139555
5 0.0453017 0.383488 0.0878357 0.0533821 0.00135911
0 0.463817 0.451403 0.0267206 0.0557817 0.00135463
2 0.235993 0.707635 0.0740159 0.0596191 0.00132766
0 0.259626 0.466502 0.0315046 0.051835 0.00131989
0 0.356365 0.502847 0.0499081 0.10866 0.00128198
26 0.228695 0.639408 0.0560983 0.161705 0.00128135
5 0.122416 0.468163 0.0347548 0.0736076 0.00122398
24 0.259253 0.61931 0.0256652 0.102455 0.0012061
24 0.199711 0.690242 0.0226314 0.0436414 0.00119752
5 0.110499 0.488544 0.0713417 0.152508 0.00118735
0 0.259908 0.645874 0.0305449 0.168698 0.00115004
26 0.217389 0.646823 0.0440825 0.0838443 0.00113392
7 0.123807 0.532345 0.0462276 0.0555421 0.00109452
28 0.199711 0.690242 0.0226314 0.0436414 0.00107664
6 0.497993 0.546454 0.721856 0.543327 0.00106758
0 0.36037 0.449427 0.0289751 0.0650578 0.0010516
0 0.461037 0.480334 0.0353714 0.0785327 0.00101537
