16 0.391831 0.560175 0.337061 0.518862 0.45502
76 0.455858 0.230949 0.175963 0.205872 0.430925
0 0.351913 0.806086 0.698234 0.371023 0.419274
16 0.285599 0.558275 0.549807 0.517546 0.315685
23 0.661403 0.450841 0.355609 0.367358 0.186759
16 0.352479 0.805876 0.701833 0.370791 0.126577
15 0.391983 0.558847 0.33578 0.516189 0.0709369
15 0.285859 0.589234 0.554536 0.583638 0.0625737
23 0.531562 0.446163 0.583741 0.358615 0.0514347
16 0.374213 0.643113 0.743164 0.693032 0.0474761
0 0.665893 0.454298 0.364758 0.377461 0.0393936
76 0.382354 0.237384 0.323699 0.218176 0.0342212
0 0.736535 0.533141 0.526929 0.720504 0.0329437
14 0.459166 0.229 0.173873 0.201606 0.0311407
28 0.784088 0.548026 0.431825 0.710159 0.0298609
0 0.670135 0.56251 0.37596 0.652966 0.022798
14 0.767784 0.550935 0.155822 0.201465 0.0224918
56 0.749286 0.540076 0.501429 0.710175 0.0186496
13 0.784088 0.548026 0.431825 0.710159 0.0123975
16 0.515267 0.54276 0.604956 0.545298 0.0123727
0 0.482499 0.576009 0.819468 0.628107 0.0118338
0 0.769705 0.550559 0.157042 0.200326 0.0106983
16 0.655282 0.436694 0.33892 0.338792 0.00983328
0 0.174614 0.806011 0.347702 0.370647 0.00947168
16 0.531427 0.453382 0.607725 0.373018 0.00870773
16 0.48695 0.570242 0.847146 0.602986 0.00843146
15 0.655282 0.436694 0.33892 0.338792 0.00823352
0 0.708049 0.548865 0.281872 0.209255 0.00763676
0 0.615872 0.583969 0.613305 0.647323 0.00722116
15 0.769705 0.550559 0.157042 0.200326 0.00640911
24 0.771744 0.541046 0.456512 0.710995 0.00622153
0 0.374213 0.643113 0.743164 0.693032 0.00571257
15 0.374213 0.643113 0.743164 0.693032 0.00552136
14 0.728948 0.549464 0.238634 0.204353 0.00498599
76 0.445744 0.355239 0.448341 0.456568 0.00495663
43 0.456742 0.229041 0.176769 0.200056 0.00457636
23 0.66522 0.572487 0.410673 0.63159 0.00448814
21 0.393031 0.559262 0.334426 0.519476 0.00391459
76 0.383077 0.399868 0.335589 0.545525 0.00367731
15 0.531427 0.453382 0.607725 0.373018 0.00361067
78 0.457827 0.229698 0.175062 0.201825 0.00348142
18 0.655282 0.436694 0.33892 0.338792 0.00336915
23 0.482499 0.576009 0.819468 0.628107 0.00323039
59 0.353014 0.806496 0.698504 0.368186 0.00313023
23 0.736535 0.533141 0.526929 0.720504 0.0030959
24 0.350885 0.805411 0.698114 0.372059 0.00304142
23 0.589849 0.420577 0.183995 0.307685 0.0029977
39 0.768494 0.550194 0.154163 0.201103 0.00299373
26 0.771744 0.541046 0.456512 0.710995 0.00291118
0 0.503647 0.467496 0.701458 0.39988 0.00282124
18 0.531562 0.446163 0.583741 0.358615 0.00275019
59 0.749286 0.540076 0.501429 0.710175 0.00274074
44 0.459166 0.229 0.173873 0.201606 0.00273281
77 0.664325 0.454266 0.357757 0.376044 0.00273225
18 0.285859 0.589234 0.554536 0.583638 0.00272268
0 0.738272 0.448251 0.494789 0.400822 0.00268519
15 0.515267 0.54276 0.604956 0.545298 0.00260743
16 0.736535 0.533141 0.526929 0.720504 0.00256029
2 0.351913 0.806086 0.698234 0.371023 0.00245336
27 0.456742 0.229041 0.176769 0.200056 0.00243312
23 0.662838 0.421071 0.245428 0.296831 0.00240862
23 0.545616 0.378181 0.587067 0.513237 0.00235888
16 0.769705 0.550559 0.157042 0.200326 0.00232124
32 0.566067 0.307504 0.0849423 0.0747868 0.00225228
1 0.749286 0.540076 0.501429 0.710175 0.00222981
26 0.768911 0.550407 0.156748 0.203542 0.00221503
79 0.458441 0.230567 0.177089 0.204308 0.00220731
19 0.661403 0.450841 0.355609 0.367358 0.00219214
19 0.352479 0.805876 0.701833 0.370791 0.00214827
30 0.462129 0.227912 0.168995 0.198073 0.00195056
57 0.351073 0.809255 0.696246 0.36323 0.00185856
46 0.459166 0.229 0.173873 0.201606 0.00181329
58 0.736535 0.533141 0.526929 0.720504 0.00169888
10 0.767784 0.550935 0.155822 0.201465 0.00168219
16 0.615872 0.583969 0.613305 0.647323 0.00167736
19 0.284044 0.637726 0.560324 0.681943 0.00165886
25 0.462129 0.227912 0.168995 0.198073 0.00164706
58 0.0716544 0.050914 0.141959 0.0967163 0.00162941
15 0.352479 0.805876 0.701833 0.370791 0.00157472
59 0.374213 0.643113 0.743164 0.693032 0.00151747
21 0.285599 0.558275 0.549807 0.517546 0.00150201
0 0.814345 0.494126 0.073243 0.0879847 0.00145942
15 0.736535 0.533141 0.526929 0.720504 0.00145787
57 0.749286 0.540076 0.501429 0.710175 0.00136375
17 0.284044 0.637726 0.560324 0.681943 0.00136161
17 0.352479 0.805876 0.701833 0.370791 0.00134504
15 0.728948 0.549464 0.238634 0.204353 0.00134075
14 0.736535 0.533141 0.526929 0.720504 0.00133801
21 0.769194 0.550906 0.157607 0.203738 0.00132471
19 0.531427 0.453382 0.607725 0.373018 0.00130281
0 0.635729 0.329743 0.0751782 0.122041 0.00128627
16 0.670135 0.56251 0.37596 0.652966 0.0012618
77 0.736535 0.533141 0.526929 0.720504 0.00125229
76 0.463409 0.206122 0.161206 0.153358 0.00124657
19 0.736535 0.533141 0.526929 0.720504 0.0012266
23 0.738272 0.448251 0.494789 0.400822 0.00122413
14 0.56421 0.31209 0.0918625 0.0860147 0.00118554
76 0.453951 0.263341 0.18454 0.142888 0.00116673
39 0.659948 0.54861 0.116369 0.146496 0.00115991
18 0.392156 0.56026 0.339538 0.515684 0.00115249
14 0.661164 0.450707 0.368819 0.365707 0.00114822
14 0.285852 0.640455 0.559292 0.683449 0.00111523
26 0.456742 0.229041 0.176769 0.200056 0.001111
15 0.482499 0.576009 0.819468 0.628107 0.00109652
77 0.769705 0.550559 0.157042 0.200326 0.00108209
39 0.728948 0.549464 0.238634 0.204353 0.00106981
19 0.393031 0.559262 0.334426 0.519476 0.00103113
0 0.662883 0.535263 0.11043 0.100261 0.00102004
0 0.738604 0.59438 0.363452 0.609262 0.00101233
23 0.515267 0.54276 0.604956 0.545298 0.00100163
