14 0.522006 0.411009 0.155366 0.304243 0.833269
14 0.82082 0.56136 0.212323 0.351606 0.820787
14 0.489837 0.699164 0.176901 0.311087 0.78437
14 0.29957 0.341276 0.144824 0.266123 0.770034
14 0.135248 0.17917 0.170592 0.290796 0.768252
14 0.26818 0.796196 0.155132 0.320497 0.713188
14 0.289876 0.602933 0.186457 0.290448 0.632146
14 0.855598 0.814277 0.157512 0.28173 0.570042
47 0.298886 0.339979 0.144583 0.262251 0.381109
14 0.824306 0.671174 0.212852 0.564942 0.105004
14 0.522548 0.500252 0.157706 0.48297 0.0420595
14 0.290766 0.479372 0.168775 0.535553 0.0351958
14 0.534793 0.558344 0.194381 0.612317 0.03419
47 0.854715 0.809112 0.15674 0.282905 0.030006
14 0.48697 0.659416 0.163395 0.231576 0.0289202
14 0.281095 0.708616 0.174183 0.527296 0.0251372
47 0.288855 0.604139 0.184388 0.278613 0.0246543
14 0.29914 0.79026 0.0958682 0.248596 0.0182207
14 0.234964 0.819796 0.0914017 0.353022 0.0166331
21 0.820892 0.562644 0.213444 0.35379 0.0145013
21 0.289858 0.601733 0.18463 0.292196 0.0143246
14 0.39486 0.673847 0.40023 0.326063 0.0142714
14 0.558305 0.761469 0.323204 0.451996 0.014036
21 0.134905 0.178947 0.169773 0.289588 0.0140069
14 0.540121 0.452113 0.191632 0.388444 0.0133863
14 0.335066 0.607987 0.0966351 0.278083 0.00974071
14 0.514403 0.655434 0.177475 0.389514 0.00969908
14 0.403397 0.574996 0.412635 0.646206 0.00890908
14 0.551792 0.629055 0.285251 0.74189 0.00802779
47 0.521429 0.409106 0.154079 0.299554 0.00791022
14 0.619172 0.464784 0.0618236 0.15606 0.00751516
14 0.587693 0.759601 0.0353137 0.0778065 0.00615922
46 0.299004 0.340307 0.144322 0.262856 0.00608939
14 0.206073 0.831114 0.145509 0.322521 0.00569698
21 0.855598 0.814277 0.157512 0.28173 0.00542781
14 0.540042 0.708788 0.167127 0.350355 0.00519767
14 0.603125 0.473786 0.0928491 0.174 0.00486621
14 0.530141 0.626728 0.0762863 0.169469 0.00485665
21 0.299335 0.341555 0.144867 0.263651 0.00475457
46 0.568272 0.536976 0.064322 0.0489664 0.00461844
14 0.558921 0.626268 0.133476 0.173249 0.00449878
14 0.571509 0.832354 0.080291 0.233015 0.00431034
14 0.248375 0.810143 0.230261 0.335015 0.00347069
46 0.288492 0.598573 0.183497 0.273761 0.00339431
14 0.527618 0.66078 0.0814134 0.238106 0.00326148
14 0.591388 0.765913 0.0473092 0.0916067 0.00318426
14 0.489583 0.810818 0.0561685 0.106103 0.00313476
14 0.810101 0.283174 0.0894132 0.21814 0.00312686
47 0.286938 0.532837 0.179917 0.214612 0.00306943
14 0.374117 0.722419 0.428471 0.441847 0.00305521
47 0.135074 0.176368 0.168809 0.28589 0.00295806
14 0.607619 0.828144 0.155676 0.286402 0.00292906
14 0.591477 0.533947 0.112684 0.29443 0.00284287
54 0.298886 0.339979 0.144583 0.262251 0.00264388
15 0.820575 0.560502 0.212417 0.351961 0.00260374
25 0.820575 0.560502 0.212417 0.351961 0.00251153
25 0.135059 0.178081 0.169382 0.286867 0.00248608
16 0.267455 0.793545 0.158622 0.308981 0.00246105
14 0.186349 0.817344 0.103091 0.212025 0.00231495
14 0.808833 0.741989 0.257416 0.44084 0.00226524
14 0.619173 0.437058 0.0609338 0.101171 0.00216863
49 0.572986 0.538861 0.0535879 0.0431331 0.00213408
14 0.284093 0.666048 0.19452 0.38773 0.00211015
0 0.289349 0.599353 0.183764 0.296472 0.00206354
21 0.489837 0.699164 0.176901 0.311087 0.00191578
47 0.8469 0.940274 0.0493725 0.0258176 0.00188836
46 0.572889 0.540387 0.0525123 0.0374058 0.00187352
14 0.580056 0.757643 0.0524879 0.0845997 0.00186348
0 0.855984 0.810819 0.156947 0.288252 0.0018537
18 0.135059 0.178081 0.169382 0.286867 0.00177836
14 0.546805 0.624993 0.048196 0.171759 0.00171778
47 0.270941 0.556452 0.147653 0.159799 0.00171587
16 0.820575 0.560502 0.212417 0.351961 0.00169724
16 0.289349 0.599353 0.183764 0.296472 0.00168827
14 0.345446 0.599582 0.147705 0.286839 0.0016771
14 0.468139 0.739502 0.638745 0.505158 0.00163278
0 0.13521 0.180209 0.170445 0.295496 0.00160158
47 0.268174 0.80932 0.157853 0.334605 0.00158346
14 0.570302 0.77057 0.0756246 0.11145 0.0015454
14 0.562951 0.871414 0.057548 0.105224 0.00152987
46 0.23553 0.537144 0.0517345 0.0291484 0.00152606
14 0.58783 0.481725 0.121919 0.193715 0.00152463
14 0.56675 0.800309 0.0890492 0.246413 0.00148064
46 0.854715 0.809112 0.15674 0.282905 0.00145662
14 0.610508 0.766544 0.0863581 0.100544 0.00144339
47 0.48697 0.659416 0.163395 0.231576 0.00143
77 0.135521 0.179944 0.17067 0.290394 0.00142011
14 0.551008 0.720681 0.116595 0.252515 0.00141782
47 0.23553 0.537144 0.0517345 0.0291484 0.00141153
46 0.54948 0.5228 0.103863 0.079676 0.00140852
14 0.832057 0.231295 0.0469085 0.115528 0.00140524
14 0.290352 0.53991 0.186675 0.267817 0.0013935
14 0.56891 0.743871 0.0718575 0.112211 0.00135857
14 0.289905 0.465311 0.167808 0.203884 0.00132886
14 0.587546 0.811854 0.0541057 0.19944 0.00131688
14 0.577058 0.606579 0.10838 0.338158 0.00131187
14 0.591341 0.589864 0.106269 0.447018 0.00130367
14 0.275265 0.722839 0.175313 0.369485 0.00126308
14 0.49178 0.823818 0.0620601 0.139875 0.00125402
14 0.534494 0.698555 0.0882461 0.30917 0.00124836
16 0.135521 0.179944 0.17067 0.290394 0.00121358
21 0.267455 0.793545 0.158622 0.308981 0.00119376
14 0.567389 0.652893 0.118697 0.248328 0.00116441
14 0.615819 0.578698 0.360365 0.661306 0.00111863
47 0.257971 0.533932 0.121944 0.206224 0.00110778
14 0.164781 0.786053 0.0606495 0.148352 0.00110623
46 0.521429 0.409106 0.154079 0.299554 0.00110129
21 0.522006 0.411009 0.155366 0.304243 0.00103173
21 0.290766 0.479372 0.168775 0.535553 0.00102741
16 0.855598 0.814277 0.157512 0.28173 0.00101298
47 0.236578 0.57368 0.0782942 0.11666 0.00100929
0 0.206975 0.411338 0.358055 0.74985 0.00100619
