0 0.836766 0.842505 0.0728947 0.175213 0.876078
30 0.835732 0.924011 0.154082 0.0538361 0.372714
0 0.762264 0.58429 0.0232836 0.0311234 0.260149
0 0.796842 0.493649 0.0513451 0.0598869 0.250854
24 0.840004 0.80155 0.0328674 0.0423337 0.196968
0 0.541007 0.443745 0.0139013 0.0236946 0.161665
24 0.832049 0.797069 0.0418884 0.063371 0.142974
24 0.837629 0.798025 0.0534794 0.0720901 0.127461
30 0.843677 0.925348 0.1082 0.0523473 0.0997513
30 0.850855 0.92747 0.177613 0.042067 0.0891297
24 0.843352 0.788065 0.0368229 0.0636709 0.0879959
30 0.880273 0.929108 0.101811 0.0266294 0.079635
31 0.762191 0.584652 0.0234828 0.0292809 0.0770654
24 0.823306 0.796777 0.026889 0.068885 0.0756728
24 0.839394 0.797026 0.0454847 0.0587102 0.0668581
30 0.827166 0.921025 0.116459 0.0456772 0.0613114
24 0.762264 0.58429 0.0232836 0.0311234 0.0611322
24 0.846154 0.799395 0.0520664 0.0420052 0.0572371
30 0.872238 0.930203 0.136607 0.0324239 0.0530512
30 0.886611 0.935925 0.0955818 0.0317889 0.0478233
24 0.823968 0.784753 0.0272346 0.0510763 0.0417661
30 0.879482 0.925182 0.116293 0.0180519 0.0346466
0 0.540101 0.445261 0.0179167 0.0287636 0.0334646
30 0.821416 0.913632 0.0774559 0.0415049 0.0332298
30 0.850351 0.931184 0.0952393 0.0420938 0.0318385
30 0.841443 0.917931 0.101659 0.0433449 0.0301292
30 0.762419 0.585012 0.0237991 0.0308702 0.0214595
30 0.809892 0.915704 0.093961 0.0344419 0.018957
16 0.797285 0.493621 0.0522473 0.060407 0.0179055
31 0.800071 0.49447 0.056485 0.0536555 0.012741
16 0.762191 0.584652 0.0234828 0.0292809 0.0116258
30 0.789209 0.915249 0.0547651 0.0306605 0.0112716
30 0.800973 0.494091 0.0571873 0.0540659 0.00865975
30 0.792216 0.916889 0.0711283 0.033328 0.00780559
30 0.780507 0.914595 0.0528763 0.0279864 0.00686455
24 0.797285 0.493621 0.0522473 0.060407 0.00620365
30 0.868016 0.917398 0.123718 0.0270566 0.00538859
24 0.858912 0.793237 0.0288931 0.0472098 0.00486082
24 0.826927 0.808218 0.0377651 0.0950822 0.00474909
0 0.209701 0.328454 0.0151569 0.0305685 0.00462732
31 0.541007 0.443745 0.0139013 0.0236946 0.00457028
31 0.797132 0.504945 0.0518605 0.0445218 0.00429562
16 0.541007 0.443745 0.0139013 0.0236946 0.00423107
30 0.900755 0.927125 0.0928083 0.0217461 0.00408643
36 0.762419 0.585012 0.0237991 0.0308702 0.00377733
36 0.541007 0.443745 0.0139013 0.0236946 0.00368226
0 0.541666 0.437352 0.0170099 0.0383734 0.00361222
33 0.541007 0.443745 0.0139013 0.0236946 0.00341737
30 0.818467 0.908752 0.0539865 0.0461494 0.00340897
37 0.762419 0.585012 0.0237991 0.0308702 0.00336263
26 0.762264 0.58429 0.0232836 0.0311234 0.00321922
30 0.843839 0.937213 0.118841 0.0504135 0.00294125
30 0.887138 0.939339 0.113319 0.0258278 0.00269413
30 0.775573 0.583577 0.0526228 0.0254143 0.00262523
14 0.541007 0.443745 0.0139013 0.0236946 0.0025799
0 0.828919 0.778942 0.0367666 0.0490506 0.00252458
30 0.823964 0.906576 0.142818 0.0828799 0.00251171
28 0.762419 0.585012 0.0237991 0.0308702 0.00248083
24 0.838844 0.781313 0.039999 0.0529322 0.0024485
30 0.82081 0.928282 0.211024 0.0644516 0.00238958
77 0.76225 0.584309 0.0232738 0.0303286 0.0023531
31 0.774651 0.584405 0.0519426 0.0282761 0.00234875
26 0.840004 0.80155 0.0328674 0.0423337 0.00221941
24 0.829518 0.782964 0.0375504 0.0572502 0.00207379
30 0.797132 0.504945 0.0518605 0.0445218 0.00202519
30 0.864069 0.938201 0.171226 0.0457141 0.00200349
24 0.840751 0.835457 0.0665997 0.164064 0.00196329
24 0.82041 0.805253 0.0345264 0.0926521 0.00193265
30 0.845745 0.897409 0.175812 0.11188 0.00191668
0 0.823968 0.784753 0.0272346 0.0510763 0.00188467
0 0.216526 0.327732 0.0193342 0.0252768 0.00183719
31 0.841443 0.917931 0.101659 0.0433449 0.00175563
31 0.837062 0.926524 0.105631 0.0515645 0.00173962
31 0.539231 0.446139 0.0195873 0.0290454 0.00172514
31 0.82796 0.915411 0.0804939 0.0446939 0.00168782
36 0.539231 0.446139 0.0195873 0.0290454 0.00165683
24 0.855776 0.785597 0.0327953 0.0526166 0.00165656
30 0.540101 0.445261 0.0179167 0.0287636 0.00159848
26 0.843352 0.788065 0.0368229 0.0636709 0.00159651
39 0.76225 0.584309 0.0232738 0.0303286 0.00156629
30 0.80789 0.907631 0.0901936 0.0480481 0.00156182
30 0.876531 0.927106 0.246939 0.0582904 0.00155151
30 0.868435 0.907733 0.168769 0.0846296 0.00153399
31 0.834911 0.924481 0.154421 0.0522657 0.00144461
30 0.541007 0.443745 0.0139013 0.0236946 0.00143594
30 0.812271 0.924101 0.107231 0.0482396 0.00140107
30 0.883335 0.9411 0.131587 0.0421733 0.00138187
30 0.770768 0.917531 0.0393454 0.0233355 0.00136012
9 0.540677 0.443706 0.0154495 0.026806 0.00131428
31 0.76722 0.584445 0.0351812 0.0284345 0.00131139
30 0.847734 0.846738 0.208215 0.212268 0.00130513
30 0.916166 0.927717 0.115354 0.0263082 0.00124595
0 0.209636 0.317705 0.0141673 0.0463478 0.00121734
30 0.812873 0.493662 0.0403126 0.0479872 0.0011802
77 0.795678 0.493613 0.0491522 0.0598881 0.00116131
30 0.76722 0.584445 0.0351812 0.0284345 0.00114468
30 0.886004 0.918381 0.1226 0.0261515 0.00113624
0 0.214204 0.3194 0.0200039 0.0314205 0.00111553
36 0.798631 0.493516 0.055579 0.0607957 0.00111273
26 0.823968 0.784753 0.0272346 0.0510763 0.00107118
30 0.935637 0.937822 0.0181343 0.0143684 0.00104764
16 0.540101 0.445261 0.0179167 0.0287636 0.00104344
