0 0.307515 0.525788 0.203923 0.916269 0.905548
0 0.142883 0.543476 0.285766 0.887598 0.883936
40 0.589286 0.595622 0.045462 0.154876 0.874627
0 0.727407 0.524824 0.293786 0.923046 0.869869
40 0.261371 0.48407 0.0783174 0.241679 0.699056
0 0.571012 0.382448 0.0621886 0.420534 0.578233
40 0.0489783 0.572428 0.0928416 0.249494 0.51546
60 0.535298 0.772877 0.415274 0.434005 0.445721
0 0.198584 0.276544 0.0603241 0.189823 0.420691
0 0.178453 0.437437 0.19456 0.810423 0.307091
0 0.164908 0.304253 0.199524 0.54636 0.302251
0 0.098697 0.848485 0.195741 0.288105 0.16961
40 0.261783 0.516699 0.0589755 0.177887 0.156746
0 0.150032 0.360847 0.154814 0.435578 0.135853
0 0.196659 0.336665 0.0742357 0.309617 0.120326
0 0.153793 0.357175 0.23914 0.641994 0.118834
25 0.495441 0.251552 0.13121 0.205477 0.110333
28 0.748675 0.492716 0.377286 0.974345 0.106477
56 0.887915 0.717603 0.111779 0.541981 0.10612
0 0.0988668 0.770121 0.194458 0.439535 0.103589
0 0.19906 0.242683 0.0583291 0.122452 0.0909313
40 0.266799 0.505751 0.0449736 0.17376 0.0867241
40 0.387797 0.429353 0.0393471 0.144246 0.0795435
40 0.0347859 0.538581 0.0611817 0.0982389 0.0777182
25 0.500056 0.178993 0.142088 0.058983 0.0752428
0 0.53895 0.45728 0.0374678 0.18922 0.0702469
40 0.259093 0.429929 0.0694129 0.137212 0.0599947
40 0.0634207 0.611939 0.0614884 0.165836 0.0541146
0 0.157551 0.242587 0.140382 0.352041 0.052469
40 0.388462 0.407553 0.0383703 0.110212 0.0517237
40 0.53651 0.544764 0.0331808 0.146918 0.0512357
24 0.572428 0.325832 0.0526815 0.181201 0.0454169
41 0.25812 0.489046 0.0720076 0.235191 0.0452987
0 0.16926 0.370338 0.120524 0.389815 0.042729
24 0.815821 0.428446 0.134722 0.44113 0.0417646
24 0.82754 0.428158 0.194049 0.486416 0.041665
56 0.88637 0.536736 0.1118 0.89417 0.0415605
58 0.409759 0.345551 0.0486618 0.0725399 0.0399121
40 0.029064 0.616942 0.0556943 0.127873 0.0379364
0 0.537777 0.41454 0.0391588 0.3707 0.0372416
40 0.0334798 0.596813 0.0649677 0.170227 0.0366406
40 0.0398204 0.528089 0.0763356 0.113821 0.0361339
40 0.388391 0.396119 0.0375448 0.0721057 0.0353976
40 0.252175 0.511298 0.0783274 0.302042 0.0352099
24 0.573401 0.322224 0.0378698 0.168562 0.0344897
0 0.198651 0.386564 0.0982618 0.419121 0.033281
40 0.277848 0.515602 0.0354535 0.166869 0.0301667
0 0.0230054 0.609905 0.04496 0.137094 0.0300379
0 0.617899 0.366493 0.138881 0.431087 0.0299089
41 0.327429 0.465489 0.016803 0.0434908 0.0290664
26 0.835661 0.508897 0.163955 0.654223 0.0290397
24 0.821589 0.347005 0.2119 0.578773 0.0285726
40 0.670726 0.603468 0.084071 0.153554 0.0269192
25 0.75577 0.491317 0.359855 0.967253 0.0265465
41 0.629767 0.53114 0.0195631 0.055832 0.0256458
56 0.460201 0.365867 0.0416138 0.0364737 0.0250188
40 0.044899 0.614061 0.0855021 0.15405 0.0244132
40 0.532647 0.494356 0.0437427 0.252481 0.0242199
40 0.391934 0.389315 0.0307079 0.0694105 0.0235755
0 0.153819 0.290234 0.134298 0.520439 0.0232418
56 0.46537 0.365891 0.0305855 0.0344225 0.0230046
39 0.670654 0.593135 0.0834862 0.174211 0.0228595
41 0.667012 0.602779 0.0688911 0.119902 0.0214756
26 0.789179 0.532809 0.229456 0.659706 0.0210394
24 0.829025 0.523498 0.184237 0.609902 0.0207395
0 0.305597 0.338341 0.195124 0.538493 0.0203253
26 0.583204 0.327595 0.0602617 0.207246 0.0200856
40 0.615796 0.591627 0.0352858 0.160274 0.0197288
41 0.259093 0.429929 0.0694129 0.137212 0.0195762
0 0.120959 0.300501 0.241278 0.535476 0.0189365
24 0.577018 0.297317 0.0409309 0.199318 0.0188155
26 0.87214 0.488091 0.0951698 0.701092 0.0182075
0 0.536657 0.48899 0.0409315 0.258202 0.0167363
40 0.0329422 0.532213 0.0603158 0.0712325 0.0165776
0 0.140302 0.737319 0.272051 0.499374 0.0162253
0 0.155245 0.140467 0.129094 0.216628 0.0160883
26 0.516021 0.355576 0.0487141 0.0502176 0.0160375
40 0.696306 0.54543 0.0273135 0.121455 0.015921
0 0.576152 0.330627 0.0706562 0.319802 0.0158131
40 0.693606 0.612907 0.0336967 0.132292 0.0154369
39 0.537151 0.547465 0.0322357 0.143854 0.0150169
26 0.873086 0.654526 0.0880901 0.690948 0.0147896
27 0.734096 0.345498 0.0365782 0.115786 0.0147763
40 0.327429 0.465489 0.016803 0.0434908 0.0147277
40 0.6148 0.554345 0.0229726 0.0793159 0.0143598
40 0.39701 0.463757 0.0176257 0.0675226 0.0143285
0 0.0792792 0.405186 0.157088 0.581557 0.014196
41 0.388999 0.390668 0.0366701 0.0768738 0.0134572
40 0.607626 0.554913 0.0261826 0.0848734 0.0134477
39 0.681121 0.529082 0.0180744 0.0651452 0.0134177
40 0.38732 0.466253 0.0446307 0.310117 0.0134009
40 0.278196 0.544841 0.056111 0.107254 0.0133317
7 0.755567 0.447646 0.360738 0.86546 0.0132024
28 0.809442 0.490344 0.259015 0.96852 0.0130889
40 0.67208 0.497434 0.0853279 0.364957 0.0129763
56 0.538038 0.47203 0.0357238 0.245224 0.0129664
26 0.879568 0.704366 0.0986073 0.540409 0.0129278
28 0.643456 0.240797 0.121629 0.340002 0.0127498
40 0.279501 0.513549 0.052991 0.163587 0.0126551
24 0.583204 0.327595 0.0602617 0.207246 0.0125945
40 0.590371 0.563242 0.0346439 0.0775419 0.0125815
24 0.75666 0.365435 0.103886 0.287186 0.0125286
40 0.687757 0.575573 0.0379374 0.163116 0.0124446
56 0.527044 0.495982 0.0576323 0.246187 0.0123115
45 0.0663363 0.669863 0.0671288 0.0461658 0.0122467
56 0.537151 0.547465 0.0322357 0.143854 0.0120831
24 0.558786 0.325368 0.0425041 0.171111 0.012066
56 0.547497 0.898944 0.316117 0.190572 0.011919
40 0.0222761 0.621197 0.0418281 0.112854 0.0118868
26 0.576404 0.311828 0.0466242 0.196152 0.0116386
0 0.553404 0.381287 0.0679667 0.428165 0.0115533
44 0.634817 0.654336 0.0167358 0.035469 0.0115083
56 0.447529 0.365509 0.0214533 0.0352863 0.0114737
24 0.57231 0.373581 0.0564631 0.299823 0.0113488
41 0.245969 0.659083 0.0773849 0.115021 0.011312
27 0.735831 0.40053 0.0594267 0.231012 0.0110996
26 0.572615 0.338007 0.0526289 0.249883 0.0106202
39 0.180602 0.674835 0.197474 0.439251 0.0104358
0 0.210511 0.290346 0.082381 0.220883 0.0103992
45 0.51625 0.355753 0.0487073 0.0498904 0.0103487
0 0.16185 0.278886 0.0351919 0.101136 0.0103373
40 0.667012 0.602779 0.0688911 0.119902 0.0101951
41 0.0503493 0.57907 0.0971066 0.235698 0.00998202
41 0.261783 0.516699 0.0589755 0.177887 0.00988558
0 0.667291 0.401022 0.173015 0.30702 0.00986862
26 0.755404 0.374641 0.10647 0.315112 0.00978714
41 0.276283 0.547702 0.0615429 0.116202 0.00971755
0 0.565835 0.304373 0.0520988 0.265556 0.00969461
41 0.3872 0.429967 0.0397712 0.147316 0.00968352
41 0.62415 0.534237 0.0279493 0.0631933 0.00966549
42 0.277848 0.515602 0.0354535 0.166869 0.00962523
24 0.795763 0.528127 0.207253 0.616196 0.00960547
26 0.886387 0.541064 0.111454 0.880536 0.00959489
40 0.261474 0.456379 0.0652932 0.0765147 0.00958425
44 0.277848 0.515602 0.0354535 0.166869 0.00957894
56 0.799749 0.69225 0.281205 0.576673 0.00941941
26 0.826631 0.446414 0.141216 0.448878 0.00938955
39 0.38732 0.466253 0.0446307 0.310117 0.00938559
0 0.028061 0.694511 0.0549051 0.445222 0.00916222
56 0.873086 0.654526 0.0880901 0.690948 0.00911796
41 0.337364 0.461254 0.0338176 0.051015 0.00906357
40 0.382914 0.416163 0.0516862 0.131201 0.0090003
41 0.032999 0.533455 0.0590671 0.079169 0.00895429
39 0.67208 0.497434 0.0853279 0.364957 0.00882152
27 0.745523 0.336733 0.0517349 0.121564 0.00881839
40 0.065176 0.661767 0.0648583 0.0660306 0.00878659
39 0.628919 0.524446 0.0210359 0.0708706 0.00878385
40 0.695107 0.562397 0.0237265 0.0805028 0.0086509
39 0.685964 0.610682 0.0513614 0.138033 0.00848687
27 0.737529 0.328849 0.0350788 0.0909367 0.00837916
40 0.539102 0.560833 0.022094 0.115647 0.00832903
24 0.594793 0.278549 0.0380011 0.226824 0.00829437
26 0.0999893 0.849622 0.198561 0.288983 0.00818983
40 0.30851 0.493549 0.196776 0.179777 0.00817403
60 0.523529 0.708885 0.408616 0.255227 0.00815436
41 0.165332 0.683811 0.0426089 0.0744219 0.00804141
24 0.570557 0.292299 0.0306243 0.140911 0.00804132
40 0.250538 0.529738 0.0588312 0.186538 0.00802574
39 0.615454 0.418137 0.0145087 0.0684016 0.00800982
41 0.388462 0.407553 0.0383703 0.110212 0.00794199
40 0.331019 0.456347 0.0266165 0.0629765 0.00793386
6 0.755567 0.447646 0.360738 0.86546 0.00789994
24 0.574237 0.307299 0.0258025 0.135037 0.00780267
25 0.826587 0.193355 0.21779 0.372511 0.00778681
28 0.825575 0.187013 0.221537 0.360367 0.00769821
0 0.179558 0.238256 0.0437558 0.0892083 0.00761652
55 0.670279 0.61597 0.0799475 0.125482 0.00756171
39 0.165579 0.682107 0.0438809 0.0737213 0.00750229
0 0.387396 0.461463 0.0442234 0.326041 0.00743082
41 0.619232 0.552245 0.0218636 0.0843477 0.00730029
24 0.588633 0.248466 0.0575933 0.290242 0.00729287
0 0.394929 0.348706 0.0229811 0.064288 0.00718996
24 0.558065 0.291659 0.0342138 0.0940298 0.00716746
24 0.601033 0.251988 0.0348795 0.271564 0.0069834
39 0.39701 0.463757 0.0176257 0.0675226 0.00695634
17 0.75577 0.491317 0.359855 0.967253 0.00694752
24 0.775101 0.338359 0.253141 0.547597 0.0068976
39 0.327429 0.465489 0.016803 0.0434908 0.00689256
0 0.632683 0.412382 0.182964 0.543356 0.00687924
24 0.79049 0.419215 0.180175 0.415367 0.00687426
42 0.261783 0.516699 0.0589755 0.177887 0.00679502
0 0.537978 0.421761 0.0364584 0.24745 0.00676933
24 0.865151 0.349143 0.139333 0.621784 0.0067448
26 0.82754 0.428158 0.194049 0.486416 0.00673851
27 0.740133 0.340106 0.0378637 0.0878766 0.00672579
24 0.889922 0.306603 0.08888 0.482204 0.00670171
40 0.628919 0.524446 0.0210359 0.0708706 0.00668177
39 0.397372 0.467692 0.0142941 0.0555913 0.00664955
40 0.245864 0.557832 0.0835061 0.307615 0.00662619
40 0.621758 0.521222 0.0400492 0.0761705 0.0065631
67 0.651332 0.410469 0.0645203 0.0628237 0.00650439
24 0.561985 0.337011 0.0447365 0.219706 0.00646827
27 0.759719 0.320078 0.0719183 0.153785 0.0064486
41 0.636393 0.416291 0.0541691 0.0789398 0.00639248
26 0.119023 0.553253 0.0944811 0.219949 0.00635463
40 0.348401 0.452029 0.0560924 0.074516 0.00633898
39 0.3872 0.429967 0.0397712 0.147316 0.00632101
0 0.394771 0.371452 0.0260422 0.0924638 0.00630453
39 0.199062 0.757879 0.0351191 0.236538 0.00624952
56 0.591742 0.452878 0.060004 0.13582 0.00623569
56 0.516475 0.354891 0.0496265 0.0492501 0.00622579
0 0.222395 0.30692 0.112522 0.254203 0.00616539
40 0.397149 0.383433 0.0234129 0.0646933 0.00609323
40 0.666041 0.574628 0.0683599 0.178674 0.00607419
40 0.0445543 0.561326 0.0705554 0.171701 0.00607321
28 0.8858 0.512425 0.117528 0.941836 0.00605196
44 0.66864 0.653728 0.0831911 0.0478086 0.00605106
39 0.25812 0.489046 0.0720076 0.235191 0.00604558
40 0.257988 0.467824 0.0689066 0.0769986 0.00597778
40 0.696286 0.589881 0.0293713 0.172689 0.00597245
40 0.681871 0.53002 0.0168104 0.0686518 0.00596914
56 0.495685 0.358046 0.0906192 0.0488437 0.00596589
40 0.685964 0.610682 0.0513614 0.138033 0.00595731
56 0.782856 0.775351 0.192441 0.411346 0.00591895
44 0.644073 0.656349 0.0360556 0.0393574 0.00588462
40 0.606842 0.542835 0.0446146 0.080367 0.00585067
39 0.696306 0.54543 0.0273135 0.121455 0.00584966
41 0.661526 0.522621 0.0587568 0.0908617 0.00584951
40 0.585596 0.576444 0.0450787 0.0944495 0.00582996
0 0.16925 0.254571 0.0359107 0.0626128 0.00582877
0 0.572615 0.338007 0.0526289 0.249883 0.0058212
25 0.756829 0.260729 0.352244 0.513563 0.00579923
0 0.192258 0.527557 0.243067 0.700068 0.0057967
27 0.166303 0.299514 0.0461898 0.137901 0.005759
0 0.160006 0.262427 0.0318721 0.0688926 0.00575259
42 0.66864 0.653728 0.0831911 0.0478086 0.00573051
0 0.195745 0.228207 0.0473013 0.0886781 0.00572312
42 0.537552 0.552591 0.0261971 0.131053 0.00568837
67 0.636393 0.416291 0.0541691 0.0789398 0.00563776
24 0.906834 0.227679 0.0547962 0.307847 0.00563592
43 0.66864 0.653728 0.0831911 0.0478086 0.00562057
41 0.628473 0.521924 0.0231222 0.0734838 0.00559658
0 0.699693 0.38999 0.223067 0.336834 0.00556999
41 0.6148 0.554345 0.0229726 0.0793159 0.00548834
40 0.373696 0.452592 0.0705317 0.339978 0.00547248
39 0.676884 0.46719 0.115302 0.425121 0.00544891
0 0.171288 0.244702 0.0401038 0.0750908 0.00540143
40 0.248676 0.44668 0.0623474 0.12506 0.0053592
40 0.594481 0.556543 0.0318726 0.0847385 0.00535545
44 0.28572 0.52881 0.0379072 0.127976 0.0053505
41 0.348401 0.452029 0.0560924 0.074516 0.00533575
67 0.634817 0.654336 0.0167358 0.035469 0.00531641
67 0.66864 0.653728 0.0831911 0.0478086 0.00525844
56 0.364155 0.781325 0.0683117 0.335758 0.00521192
40 0.397372 0.467692 0.0142941 0.0555913 0.00520819
0 0.110665 0.144727 0.219742 0.220658 0.00518659
41 0.0334798 0.596813 0.0649677 0.170227 0.00517198
42 0.634817 0.654336 0.0167358 0.035469 0.0051575
40 0.693935 0.577949 0.0221081 0.0518288 0.00508642
41 0.34884 0.452678 0.0850141 0.0653227 0.00507835
26 0.810345 0.600271 0.211593 0.688381 0.00504333
40 0.619232 0.552245 0.0218636 0.0843477 0.00503778
41 0.607626 0.554913 0.0261826 0.0848734 0.00500935
42 0.644073 0.656349 0.0360556 0.0393574 0.00499701
0 0.0300971 0.809684 0.0580731 0.175725 0.00499377
27 0.754191 0.397876 0.0835494 0.253458 0.00494662
40 0.28572 0.52881 0.0379072 0.127976 0.00492734
24 0.850073 0.525749 0.132901 0.699022 0.00490087
0 0.0690797 0.682979 0.136514 0.413937 0.00487354
39 0.694457 0.614951 0.0340464 0.125306 0.00487113
26 0.124904 0.833808 0.1641 0.313964 0.00482818
40 0.25484 0.517017 0.0668417 0.142943 0.00482643
41 0.331019 0.456347 0.0266165 0.0629765 0.00482038
40 0.341598 0.460823 0.0362127 0.0500193 0.00481534
26 0.592442 0.417989 0.0659501 0.0736754 0.00481191
56 0.875016 0.731171 0.0868153 0.490775 0.00477853
41 0.029064 0.616942 0.0556943 0.127873 0.00475624
40 0.374439 0.432934 0.0386577 0.0946356 0.00471526
45 0.670279 0.61597 0.0799475 0.125482 0.00470698
0 0.562749 0.367113 0.0466368 0.30186 0.00469941
40 0.597606 0.5458 0.0316805 0.0878213 0.00468048
58 0.51893 0.318441 0.0433304 0.036697 0.00466299
26 0.804499 0.522381 0.162624 0.608415 0.00464731
67 0.391934 0.389315 0.0307079 0.0694105 0.00463432
24 0.607418 0.237391 0.0482187 0.311942 0.00462562
40 0.0835238 0.516839 0.164508 0.382175 0.00461346
42 0.266799 0.505751 0.0449736 0.17376 0.00460023
0 0.166303 0.299514 0.0461898 0.137901 0.0045599
26 0.772691 0.310072 0.0836579 0.197217 0.00454429
56 0.56744 0.451585 0.040377 0.260038 0.00450781
42 0.539668 0.580314 0.0200234 0.076402 0.00448701
67 0.622812 0.41435 0.0286679 0.0750134 0.00447506
58 0.516129 0.35557 0.0488974 0.0499462 0.00445619
65 0.165103 0.682497 0.0425857 0.0727234 0.00445309
44 0.261783 0.516699 0.0589755 0.177887 0.00442287
40 0.62415 0.534237 0.0279493 0.0631933 0.00438911
40 0.2411 0.440242 0.0581615 0.146401 0.00436336
58 0.394033 0.327712 0.0202074 0.0516061 0.00433394
26 0.122556 0.937218 0.12696 0.121808 0.00431135
39 0.0585883 0.574609 0.0771618 0.244555 0.0042854
39 0.39512 0.385477 0.0249784 0.0723999 0.00427023
26 0.384249 0.525589 0.0465849 0.189235 0.00423336
41 0.681121 0.529082 0.0180744 0.0651452 0.00420934
20 0.748675 0.492716 0.377286 0.974345 0.0041858
44 0.266799 0.505751 0.0449736 0.17376 0.00416982
39 0.620847 0.416047 0.0248793 0.0772568 0.00416404
40 0.63655 0.517184 0.0252622 0.0820128 0.00413558
58 0.409286 0.323686 0.0529493 0.0842462 0.00413054
0 0.0334798 0.596813 0.0649677 0.170227 0.00412977
24 0.562749 0.367113 0.0466368 0.30186 0.00412232
