0 0.587261 0.388779 0.48354 0.434652 0.909414
32 0.482275 0.409017 0.104139 0.0759735 0.779373
0 0.604305 0.180145 0.0814901 0.131874 0.714245
0 0.0202478 0.299898 0.0384371 0.123252 0.592411
0 0.201285 0.265223 0.0671122 0.101622 0.542327
0 0.158314 0.266496 0.0374085 0.0880758 0.45001
0 0.376631 0.211006 0.118257 0.184023 0.393512
0 0.327839 0.292837 0.0698143 0.134895 0.351096
0 0.370329 0.257418 0.129141 0.277126 0.346058
0 0.940866 0.296476 0.11631 0.147664 0.297379
0 0.952273 0.232221 0.0401939 0.0376273 0.206819
33 0.847641 0.291145 0.303475 0.157418 0.161606
0 0.335627 0.259327 0.094688 0.203339 0.15831
0 0.194513 0.34015 0.126137 0.0569272 0.145922
0 0.6893 0.312513 0.12879 0.231904 0.132645
32 0.482075 0.391917 0.0967785 0.0418182 0.124208
0 0.691157 0.391213 0.275011 0.37452 0.12058
0 0.400563 0.2679 0.161868 0.286796 0.119617
0 0.776687 0.332634 0.101461 0.158436 0.111058
0 0.586515 0.312843 0.498228 0.290305 0.100358
0 0.760163 0.320863 0.132119 0.183384 0.0753702
0 0.467396 0.207288 0.0464161 0.0380074 0.0743524
32 0.437513 0.364127 0.0407875 0.0279453 0.0605633
0 0.211231 0.268998 0.0459137 0.0871719 0.0579334
0 0.328541 0.312849 0.0634914 0.0942459 0.0566555
0 0.301616 0.279944 0.0419524 0.094666 0.0539649
0 0.176282 0.267191 0.0364991 0.0922037 0.0527444
0 0.691705 0.382652 0.134271 0.359616 0.0494187
0 0.190141 0.265368 0.0417044 0.0846103 0.0454548
0 0.95539 0.262641 0.0472366 0.101541 0.0337746
0 0.296086 0.291052 0.13407 0.136117 0.0310127
0 0.717323 0.380762 0.155644 0.35766 0.0304964
0 0.0204556 0.268444 0.0388435 0.0505504 0.0298084
0 0.599203 0.186852 0.0747032 0.102786 0.0297207
0 0.313771 0.298043 0.0623903 0.121024 0.0296235
33 0.763514 0.310976 0.147258 0.186586 0.0294935
24 0.467841 0.207179 0.0456697 0.0385379 0.0277919
0 0.269731 0.278706 0.180808 0.13048 0.0271234
0 0.333079 0.24615 0.190716 0.238555 0.0268368
0 0.966395 0.264269 0.0672106 0.104955 0.026204
32 0.787612 0.302611 0.0578588 0.0563735 0.0258286
0 0.751621 0.373662 0.0481213 0.0788289 0.0213914
0 0.191731 0.299954 0.12304 0.138647 0.0198545
0 0.650193 0.381977 0.198306 0.363894 0.0196022
16 0.193121 0.339381 0.1238 0.0583111 0.0194878
0 0.944794 0.263753 0.104436 0.102972 0.018786
0 0.192018 0.268733 0.0528394 0.0960262 0.0187192
25 0.745713 0.248394 0.104394 0.0631512 0.0178886
0 0.166111 0.264321 0.0378277 0.0841864 0.0173248
0 0.890795 0.292419 0.212797 0.156502 0.0170818
29 0.746858 0.250249 0.107908 0.0650444 0.0170535
33 0.746858 0.250249 0.107908 0.0650444 0.0160875
35 0.789983 0.26859 0.0929321 0.0467051 0.0155742
10 0.194689 0.340172 0.12661 0.0575635 0.0155695
36 0.19192 0.339003 0.120917 0.0551067 0.0151897
25 0.759583 0.25737 0.132738 0.0813609 0.0149108
0 0.744069 0.393222 0.148613 0.313289 0.0148258
0 0.678415 0.254817 0.10903 0.111696 0.0145119
0 0.337493 0.279977 0.0896814 0.118549 0.0144628
32 0.785219 0.315006 0.0635289 0.0840305 0.0140386
35 0.785662 0.303499 0.0612943 0.0583987 0.0140236
29 0.912366 0.289533 0.0580241 0.038826 0.0139998
0 0.84627 0.291894 0.305615 0.158 0.0139465
0 0.514302 0.198919 0.139106 0.0583449 0.01369
33 0.759583 0.25737 0.132738 0.0813609 0.0133199
33 0.783686 0.257927 0.181539 0.0862113 0.0132252
25 0.783686 0.257927 0.181539 0.0862113 0.0130169
0 0.206311 0.24913 0.0498624 0.0706263 0.0127929
35 0.785219 0.315006 0.0635289 0.0840305 0.0123458
29 0.785662 0.303499 0.0612943 0.0583987 0.0121757
0 0.347527 0.266194 0.069158 0.0895966 0.0118983
35 0.152571 0.326908 0.041621 0.0314269 0.0118504
0 0.465193 0.218892 0.0451173 0.064697 0.0117087
0 0.543263 0.198822 0.202713 0.0659347 0.0115319
24 0.194689 0.340172 0.12661 0.0575635 0.0114621
0 0.259504 0.29482 0.0922356 0.137077 0.0114385
0 0.583713 0.183295 0.0476384 0.0914057 0.0110958
33 0.70804 0.296303 0.258826 0.167207 0.0109353
2 0.84477 0.229763 0.103451 0.0286958 0.010831
0 0.28858 0.276313 0.158176 0.110822 0.0103937
0 0.755426 0.350398 0.0555888 0.124927 0.00980315
16 0.952495 0.231829 0.0398796 0.0370309 0.0095813
35 0.912605 0.28962 0.0586807 0.0388701 0.00943741
0 0.391375 0.202891 0.0853893 0.167019 0.00942543
35 0.809388 0.267242 0.0541311 0.0429101 0.009251
0 0.785058 0.323154 0.0608843 0.105939 0.00897607
33 0.940529 0.29274 0.116554 0.153986 0.00856039
28 0.19192 0.339003 0.120917 0.0551067 0.00823268
32 0.0202214 0.269868 0.0391307 0.0479289 0.00812536
34 0.369976 0.338192 0.0829924 0.14203 0.00787157
0 0.247693 0.267524 0.103752 0.0936639 0.00782996
26 0.195785 0.338702 0.114736 0.0515762 0.00741184
13 0.193579 0.338819 0.123641 0.0580765 0.00729355
32 0.789803 0.299177 0.0740555 0.0679346 0.00722492
0 0.198701 0.229609 0.0468774 0.0360191 0.00709298
0 0.530617 0.216745 0.179089 0.0959353 0.00707588
33 0.890795 0.292419 0.212797 0.156502 0.00702959
0 0.212491 0.244202 0.0536144 0.0662556 0.00700977
0 0.95134 0.225875 0.043066 0.0483607 0.00687611
0 0.667205 0.243007 0.0851109 0.090576 0.00681764
29 0.789897 0.269875 0.0946401 0.049491 0.00675645
32 0.912366 0.289533 0.0580241 0.038826 0.00675532
0 0.780004 0.342181 0.0576154 0.120173 0.00670758
0 0.474934 0.214317 0.0654864 0.0580006 0.00667021
35 0.158541 0.330945 0.0537481 0.0421159 0.0066258
0 0.724821 0.322213 0.13477 0.201462 0.00641093
0 0.327296 0.324906 0.0582397 0.0707825 0.00631478
35 0.191077 0.335559 0.118624 0.0498096 0.00629908
0 0.305261 0.268425 0.0460848 0.0827644 0.00628898
35 0.793409 0.278954 0.0877922 0.0672873 0.00612292
0 0.266479 0.272796 0.0969369 0.0976675 0.00607491
0 0.725188 0.377886 0.052205 0.0875972 0.00595564
0 0.620178 0.148381 0.046203 0.0678993 0.00594309
29 0.598277 0.235375 0.0575129 0.0313314 0.00594139
35 0.797571 0.288331 0.0738675 0.0890848 0.0059219
0 0.54359 0.181128 0.202747 0.128373 0.0059115
0 0.0148586 0.320681 0.0276328 0.081685 0.00588998
38 0.847641 0.291145 0.303475 0.157418 0.00577438
1 0.289197 0.287551 0.15215 0.132225 0.00569493
32 0.459686 0.401611 0.0583758 0.0585912 0.00559273
29 0.785219 0.315006 0.0635289 0.0840305 0.00550586
0 0.717531 0.385674 0.0357712 0.0709579 0.00542524
33 0.0832786 0.268867 0.158615 0.0867836 0.00533706
0 0.3177 0.273254 0.0674813 0.094133 0.00528499
0 0.936028 0.321517 0.0779312 0.0958054 0.00525072
0 0.961363 0.238459 0.0572238 0.0508607 0.00524193
1 0.301172 0.275415 0.0409873 0.0813967 0.00506544
0 0.34593 0.313275 0.10259 0.181057 0.00504413
0 0.76682 0.35549 0.0660942 0.111854 0.0048551
0 0.469412 0.200141 0.0516872 0.0521916 0.00472692
35 0.817083 0.272174 0.0389567 0.0361558 0.00461867
24 0.020294 0.269656 0.0389784 0.04869 0.00458214
33 0.698752 0.392483 0.257657 0.378271 0.00445566
2 0.289538 0.286038 0.154122 0.129896 0.00442925
0 0.264654 0.298045 0.262891 0.152681 0.00428638
33 0.747686 0.242537 0.0971341 0.0516027 0.00422725
3 0.194075 0.339885 0.129983 0.0575662 0.00418147
26 0.152749 0.328038 0.0416063 0.0350546 0.00408119
36 0.849326 0.291636 0.301076 0.156813 0.00404876
0 0.437949 0.28155 0.10727 0.200751 0.00402978
29 0.747686 0.242537 0.0971341 0.0516027 0.00399044
24 0.208204 0.34081 0.0959803 0.0514976 0.00394502
2 0.843397 0.235798 0.105982 0.0432139 0.00391683
4 0.844929 0.291563 0.308662 0.159255 0.00391486
24 0.215285 0.347593 0.0846148 0.0364996 0.0039036
26 0.34865 0.24477 0.0610193 0.0437526 0.00380561
25 0.763514 0.310976 0.147258 0.186586 0.0036715
0 0.827714 0.386328 0.344573 0.352207 0.00364938
14 0.437513 0.364127 0.0407875 0.0279453 0.00363621
32 0.437799 0.370182 0.0418925 0.0412948 0.00362715
0 0.461809 0.205848 0.0595868 0.0591361 0.00359032
0 0.717221 0.30534 0.0885707 0.0820584 0.00358844
0 0.738269 0.370138 0.0770607 0.102088 0.00350422
0 0.195033 0.242278 0.0579706 0.0643875 0.00347051
26 0.321297 0.333238 0.0488781 0.0523225 0.00342897
3 0.281988 0.294826 0.179336 0.143217 0.00342178
36 0.155519 0.26692 0.0360027 0.094948 0.00340831
10 0.0204217 0.305712 0.0408434 0.123295 0.00340262
37 0.847641 0.291145 0.303475 0.157418 0.00339788
29 0.437037 0.363312 0.0409637 0.0262341 0.0033862
0 0.500869 0.277123 0.282229 0.199202 0.00324416
26 0.467841 0.207179 0.0456697 0.0385379 0.00322247
27 0.379065 0.185942 0.0343215 0.0481227 0.00322077
25 0.849326 0.291636 0.301076 0.156813 0.0031516
0 0.575108 0.184171 0.0321774 0.087808 0.00312203
25 0.0832786 0.268867 0.158615 0.0867836 0.00308001
0 0.702921 0.388834 0.594159 0.353687 0.00306582
32 0.441847 0.441359 0.0360518 0.028043 0.00301927
32 0.510292 0.388148 0.0443265 0.0414924 0.00300097
32 0.514177 0.415153 0.0415431 0.0370681 0.00291228
33 0.765596 0.273622 0.141045 0.0671447 0.00289619
32 0.789897 0.269875 0.0946401 0.049491 0.00288704
26 0.0204556 0.268444 0.0388435 0.0505504 0.00287569
0 0.621656 0.137406 0.0420682 0.0431609 0.0028252
29 0.764689 0.260122 0.141314 0.0742776 0.00277826
26 0.336648 0.253636 0.0880113 0.0613576 0.0027591
0 0.487654 0.268114 0.326319 0.28895 0.00266951
0 0.78698 0.29016 0.100009 0.0905849 0.00265691
0 0.339014 0.306325 0.0494967 0.0740384 0.00265646
32 0.241302 0.703484 0.0539991 0.0163698 0.00264472
35 0.441847 0.441359 0.0360518 0.028043 0.00259602
36 0.208204 0.34081 0.0959803 0.0514976 0.00258866
32 0.793409 0.278954 0.0877922 0.0672873 0.00257784
32 0.437772 0.438891 0.0313984 0.0273118 0.00254929
28 0.208204 0.34081 0.0959803 0.0514976 0.00253835
13 0.316014 0.307257 0.297147 0.171559 0.00251004
0 0.991393 0.242211 0.0155029 0.047601 0.00248009
0 0.326051 0.258249 0.0774289 0.0749468 0.00247499
0 0.359527 0.260907 0.042712 0.0745782 0.00246018
3 0.845294 0.291185 0.307026 0.160032 0.00245482
25 0.765596 0.273622 0.141045 0.0671447 0.00244296
26 0.327296 0.324906 0.0582397 0.0707825 0.00238976
0 0.210506 0.301414 0.0331144 0.0319382 0.00238872
0 0.316014 0.307257 0.297147 0.171559 0.00238398
19 0.194689 0.340172 0.12661 0.0575635 0.00238165
24 0.321297 0.333238 0.0488781 0.0523225 0.00237814
26 0.215285 0.347593 0.0846148 0.0364996 0.00235522
0 0.132174 0.298536 0.253062 0.139917 0.0023388
33 0.775898 0.328404 0.115437 0.165532 0.00232637
0 0.770795 0.274779 0.130832 0.0602419 0.00231034
0 0.70804 0.296303 0.258826 0.167207 0.00230151
38 0.770795 0.274779 0.130832 0.0602419 0.00226814
26 0.912366 0.289533 0.0580241 0.038826 0.00225151
0 0.93694 0.231296 0.0719869 0.0385446 0.0022226
0 0.409562 0.30916 0.154778 0.204971 0.00221741
34 0.361341 0.35765 0.0579777 0.102533 0.00221083
1 0.323017 0.287631 0.0885977 0.137462 0.00219974
37 0.377724 0.309795 0.0932039 0.20302 0.00219163
29 0.195785 0.338702 0.114736 0.0515762 0.00217244
32 0.194689 0.340172 0.12661 0.0575635 0.00214937
3 0.259504 0.29482 0.0922356 0.137077 0.00213292
0 0.336648 0.253636 0.0880113 0.0613576 0.00212827
56 0.467841 0.207179 0.0456697 0.0385379 0.00212005
29 0.770795 0.274779 0.130832 0.0602419 0.00211975
38 0.325213 0.240847 0.0702435 0.0408613 0.00211436
0 0.162983 0.25223 0.0476658 0.075297 0.00211006
0 0.313677 0.244372 0.0493475 0.0336012 0.00207418
33 0.912605 0.28962 0.0586807 0.0388701 0.00206724
20 0.467756 0.207548 0.0464834 0.0375174 0.00205263
0 0.0847532 0.268658 0.154385 0.0871236 0.00205186
24 0.152749 0.328038 0.0416063 0.0350546 0.00204146
0 0.619553 0.178382 0.0513308 0.132025 0.00203955
25 0.289538 0.286038 0.154122 0.129896 0.00202748
32 0.150293 0.326054 0.03644 0.0286696 0.00199893
32 0.469845 0.434042 0.0872428 0.0346548 0.0019803
38 0.912605 0.28962 0.0586807 0.0388701 0.00197965
14 0.847641 0.291145 0.303475 0.157418 0.00197706
26 0.339151 0.235233 0.0495658 0.0232586 0.00196198
36 0.213922 0.351195 0.085784 0.0315021 0.00195444
0 0.327764 0.310086 0.0854438 0.165524 0.00194451
20 0.194689 0.340172 0.12661 0.0575635 0.00194377
26 0.326051 0.258249 0.0774289 0.0749468 0.0019148
38 0.789897 0.269875 0.0946401 0.049491 0.00191468
0 0.704453 0.363034 0.0632304 0.118473 0.00190866
13 0.844571 0.229531 0.102247 0.0294549 0.00188988
13 0.281988 0.294826 0.179336 0.143217 0.00188765
32 0.153853 0.328627 0.0431377 0.0366473 0.00188223
34 0.377724 0.309795 0.0932039 0.20302 0.00187847
2 0.323017 0.287631 0.0885977 0.137462 0.00187707
26 0.352151 0.2653 0.0610966 0.0847372 0.00186333
12 0.0202214 0.269868 0.0391307 0.0479289 0.00182754
0 0.664343 0.246647 0.104589 0.112857 0.00182095
33 0.289538 0.286038 0.154122 0.129896 0.00181562
38 0.844037 0.229899 0.103684 0.0304299 0.00180861
32 0.246373 0.491283 0.0185734 0.0163422 0.00180718
35 0.750808 0.37528 0.0491302 0.073279 0.00180525
35 0.339151 0.235233 0.0495658 0.0232586 0.00179836
35 0.844504 0.228896 0.100625 0.0245062 0.00179553
0 0.437513 0.364127 0.0407875 0.0279453 0.00177968
24 0.158541 0.330945 0.0537481 0.0421159 0.00177959
0 0.0123028 0.243061 0.0226658 0.0570145 0.00177428
2 0.79566 0.258862 0.204803 0.0913843 0.00177273
29 0.240909 0.702743 0.0541995 0.0164614 0.00175834
32 0.797571 0.288331 0.0738675 0.0890848 0.00175774
0 0.717657 0.399479 0.0339413 0.0433128 0.00174415
0 0.751603 0.383657 0.0461538 0.0546595 0.00174311
36 0.17936 0.271481 0.0323299 0.0885492 0.00173336
13 0.843397 0.235798 0.105982 0.0432139 0.00173104
0 0.272991 0.181129 0.0397269 0.0190991 0.00169012
1 0.30092 0.29149 0.0415238 0.11869 0.00167593
25 0.26658 0.239966 0.063798 0.0322832 0.00166395
26 0.329467 0.302805 0.0625921 0.117425 0.00165275
24 0.189608 0.332947 0.116285 0.0456706 0.00164175
34 0.369379 0.331717 0.0598783 0.129185 0.0016413
0 0.392601 0.290849 0.125996 0.234014 0.00163576
35 0.437513 0.364127 0.0407875 0.0279453 0.00162822
33 0.767895 0.380404 0.46421 0.337529 0.001623
0 0.248366 0.289269 0.0921371 0.117958 0.00162056
0 0.451061 0.471667 0.209134 0.119954 0.00161904
35 0.437772 0.438891 0.0313984 0.0273118 0.00160849
26 0.350736 0.321484 0.0256518 0.0460308 0.00160229
24 0.327296 0.324906 0.0582397 0.0707825 0.00159726
0 0.760112 0.288724 0.156042 0.0917864 0.0015803
0 0.464442 0.288873 0.269796 0.225662 0.00157186
37 0.795108 0.251988 0.204962 0.0764383 0.00154963
38 0.313677 0.244372 0.0493475 0.0336012 0.00153923
26 0.158541 0.330945 0.0537481 0.0421159 0.00151381
24 0.952273 0.232221 0.0401939 0.0376273 0.0015074
1 0.3177 0.273254 0.0674813 0.094133 0.00150132
0 0.57814 0.194398 0.0260933 0.0720647 0.00149646
8 0.281988 0.294826 0.179336 0.143217 0.00149104
0 0.208548 0.280922 0.0603028 0.0753059 0.00148347
35 0.952425 0.231907 0.0388064 0.0374234 0.00148275
0 0.688712 0.261405 0.0852174 0.0963952 0.00146985
0 0.573678 0.186944 0.0457514 0.0907327 0.0014627
29 0.793409 0.278954 0.0877922 0.0672873 0.00145435
17 0.845294 0.291185 0.307026 0.160032 0.00143728
32 0.809388 0.267242 0.0541311 0.0429101 0.00143671
25 0.377724 0.309795 0.0932039 0.20302 0.00143459
29 0.481103 0.410921 0.10511 0.0799153 0.0014126
29 0.0810307 0.24576 0.115036 0.0428457 0.00141215
0 0.656038 0.237218 0.0658773 0.0761286 0.0014092
0 0.374562 0.31511 0.0873436 0.189176 0.00140527
2 0.0202214 0.269868 0.0391307 0.0479289 0.00139931
35 0.379355 0.482705 0.0640784 0.0567579 0.00139248
14 0.194357 0.340033 0.126271 0.057373 0.00138929
38 0.312234 0.247665 0.0571425 0.0470224 0.00138867
24 0.323017 0.287631 0.0885977 0.137462 0.00137818
2 0.467841 0.207179 0.0456697 0.0385379 0.00135896
56 0.193579 0.338819 0.123641 0.0580765 0.00135764
