41 0.631955 0.440378 0.350607 0.371201 0.915261
60 0.499654 0.502535 0.998297 0.99493 0.907651
41 0.752898 0.21327 0.222858 0.293131 0.811099
45 0.21844 0.0887743 0.297853 0.170732 0.474354
44 0.451787 0.525419 0.0967063 0.212488 0.437825
55 0.105377 0.459918 0.207329 0.37978 0.353111
45 0.154435 0.493683 0.304237 0.474962 0.344368
45 0.25385 0.0770547 0.223587 0.150502 0.234926
55 0.248752 0.0754557 0.199296 0.147268 0.228715
44 0.455665 0.48391 0.103655 0.29227 0.0907123
45 0.75595 0.186057 0.217622 0.237397 0.0890881
48 0.105377 0.459918 0.207329 0.37978 0.070924
55 0.106904 0.341735 0.177081 0.138373 0.0611788
73 0.896679 0.580059 0.20468 0.275638 0.0600246
55 0.0408445 0.524887 0.0798347 0.278734 0.0515578
55 0.272992 0.0746186 0.145823 0.136658 0.0446927
45 0.628298 0.44097 0.357627 0.369995 0.0393766
48 0.248674 0.0747082 0.199634 0.145838 0.0392842
45 0.104871 0.459122 0.206184 0.375624 0.0313597
44 0.439324 0.487697 0.0722752 0.283796 0.0294007
55 0.13415 0.470452 0.150386 0.352699 0.0272194
54 0.248752 0.0754557 0.199296 0.147268 0.0200213
55 0.193034 0.0711627 0.0886118 0.140047 0.0151483
44 0.434972 0.49354 0.12784 0.30006 0.0129893
54 0.113589 0.341705 0.162755 0.140118 0.0121588
48 0.235465 0.446428 0.148353 0.366092 0.0116299
44 0.45272 0.56153 0.0976223 0.141795 0.0101033
55 0.0560148 0.496124 0.109286 0.339615 0.00985545
44 0.476107 0.481596 0.0188381 0.0761968 0.00930375
49 0.117071 0.0558283 0.091613 0.111657 0.00890052
48 0.193034 0.0711627 0.0886118 0.140047 0.00770795
55 0.155684 0.493104 0.307193 0.462212 0.00740054
55 0.237147 0.448011 0.145943 0.368243 0.00708586
65 0.896547 0.580275 0.204837 0.276293 0.00670835
75 0.753004 0.214194 0.222592 0.294045 0.00661173
44 0.461248 0.515082 0.0520351 0.182239 0.00660416
41 0.742314 0.322791 0.237445 0.5206 0.00639653
0 0.901769 0.163171 0.193357 0.318569 0.00626364
53 0.104836 0.459521 0.207849 0.373582 0.00607336
54 0.104677 0.465591 0.206823 0.389564 0.0058966
56 0.901104 0.156306 0.19653 0.308987 0.00571415
44 0.490924 0.528499 0.0596519 0.147455 0.00539798
42 0.452501 0.487242 0.0973469 0.288818 0.0053671
44 0.459041 0.431286 0.120755 0.371436 0.00513071
55 0.274111 0.0510616 0.145566 0.0988453 0.00509894
48 0.272992 0.0746186 0.145823 0.136658 0.00508764
44 0.487735 0.293039 0.0488823 0.0853916 0.00508744
45 0.657277 0.497347 0.555253 0.519883 0.00496027
43 0.452501 0.487242 0.0973469 0.288818 0.00485367
43 0.895638 0.580868 0.206052 0.274069 0.00468245
55 0.143559 0.347241 0.102723 0.127669 0.00450349
44 0.448603 0.41801 0.0350994 0.162367 0.00442028
44 0.478257 0.373 0.0696133 0.243655 0.00427043
44 0.565198 0.529862 0.32709 0.197418 0.00417921
44 0.417334 0.486737 0.0952724 0.285299 0.00402063
49 0.118949 0.0760343 0.0986229 0.143782 0.00396159
60 0.315153 0.497095 0.626362 0.981026 0.00381845
44 0.472711 0.433147 0.0261741 0.188937 0.00379407
44 0.481277 0.539888 0.118967 0.181719 0.00376669
48 0.115495 0.342111 0.159508 0.140927 0.00362131
48 0.155299 0.488128 0.307413 0.456324 0.00361201
39 0.626413 0.43909 0.360801 0.369039 0.00354648
41 0.452271 0.546827 0.0969833 0.169486 0.00354382
40 0.630813 0.441425 0.353831 0.368583 0.00350809
45 0.606932 0.473714 0.445744 0.402338 0.00344789
44 0.490747 0.52169 0.0479456 0.11801 0.00340259
40 0.752926 0.215145 0.222137 0.29317 0.00335273
45 0.137668 0.608059 0.275337 0.254593 0.00322047
55 0.0400203 0.43714 0.0785405 0.115943 0.00318989
41 0.21844 0.0887743 0.297853 0.170732 0.00315708
48 0.0416406 0.523168 0.0805043 0.280446 0.00297934
45 0.452271 0.546827 0.0969833 0.169486 0.00293308
45 0.117071 0.0558283 0.091613 0.111657 0.00285938
52 0.249221 0.0739032 0.20022 0.144507 0.00277895
51 0.232437 0.110754 0.0626608 0.0558264 0.00274447
53 0.248752 0.0754557 0.199296 0.147268 0.00269192
48 0.13415 0.470452 0.150386 0.352699 0.00268126
45 0.132883 0.0790386 0.12647 0.155432 0.00258967
55 0.202038 0.0726933 0.046305 0.139929 0.00253704
48 0.235611 0.385859 0.148368 0.242485 0.00252208
44 0.447746 0.401278 0.0351927 0.117266 0.00247478
41 0.25385 0.0770547 0.223587 0.150502 0.00244507
63 0.896547 0.580275 0.204837 0.276293 0.00243559
44 0.450501 0.442312 0.0377537 0.189025 0.00236648
44 0.463589 0.526779 0.0815771 0.164357 0.00224814
55 0.270614 0.0662088 0.128613 0.104098 0.00219709
60 0.682711 0.177796 0.627774 0.330108 0.00216794
41 0.48984 0.285158 0.0456067 0.0695241 0.0021444
44 0.487832 0.538721 0.0915833 0.145105 0.00209346
44 0.165439 0.135934 0.167592 0.05114 0.00208735
52 0.104836 0.459521 0.207849 0.373582 0.00200886
51 0.251637 0.111483 0.104839 0.0624821 0.00198624
39 0.895596 0.581199 0.206357 0.274581 0.00188759
55 0.235611 0.385859 0.148368 0.242485 0.00186199
44 0.19005 0.140036 0.123447 0.0357503 0.0018315
42 0.475832 0.478825 0.020328 0.0835737 0.00182393
44 0.47453 0.450737 0.0239792 0.138216 0.00179771
67 0.896547 0.580275 0.204837 0.276293 0.0017435
55 0.117071 0.0558283 0.091613 0.111657 0.00173581
73 0.218351 0.0890302 0.298601 0.172012 0.0016973
46 0.117071 0.0558283 0.091613 0.111657 0.00168514
41 0.452701 0.499025 0.0962266 0.263536 0.00166252
44 0.210205 0.141055 0.0593952 0.0251859 0.00165594
44 0.489749 0.496451 0.0480776 0.146129 0.00164598
52 0.193034 0.0711627 0.0886118 0.140047 0.00164461
43 0.452081 0.542192 0.0970543 0.178942 0.00162825
55 0.254885 0.0907223 0.113538 0.10482 0.00162238
44 0.473657 0.317464 0.0789565 0.134292 0.00162002
39 0.753004 0.214194 0.222592 0.294045 0.0016008
48 0.202038 0.0726933 0.046305 0.139929 0.00158259
54 0.275562 0.0680285 0.146337 0.128852 0.00158161
42 0.452081 0.542192 0.0970543 0.178942 0.00155559
55 0.0956409 0.511467 0.188516 0.336701 0.00151631
44 0.449206 0.464925 0.0708947 0.251609 0.00149319
75 0.630476 0.441744 0.352046 0.372436 0.00144225
49 0.593341 0.345871 0.129263 0.156009 0.00142604
46 0.235465 0.446428 0.148353 0.366092 0.00137922
42 0.476935 0.489081 0.0190516 0.0628143 0.00137037
57 0.901769 0.163171 0.193357 0.318569 0.00129992
44 0.467243 0.354152 0.0960648 0.208124 0.00128764
46 0.118949 0.0760343 0.0986229 0.143782 0.00125924
55 0.0406241 0.462608 0.0798471 0.159388 0.00125185
55 0.160985 0.473347 0.0986186 0.279176 0.00123683
49 0.60028 0.336938 0.0453855 0.0833017 0.0012351
41 0.156019 0.496172 0.305734 0.466604 0.00121823
73 0.156289 0.493738 0.307454 0.457264 0.00119227
42 0.484723 0.296692 0.0542466 0.0932765 0.00116929
52 0.202038 0.0726933 0.046305 0.139929 0.00114313
42 0.752609 0.185419 0.160911 0.0740536 0.00112098
45 0.172453 0.0791897 0.207611 0.156228 0.00111702
54 0.040245 0.523897 0.0792656 0.282462 0.00110918
48 0.0560148 0.496124 0.109286 0.339615 0.00110635
79 0.895638 0.580868 0.206052 0.274069 0.00107703
51 0.248926 0.116948 0.0882417 0.0520486 0.00106743
44 0.176043 0.144866 0.197244 0.0451848 0.00106698
54 0.193034 0.0711627 0.0886118 0.140047 0.00106689
44 0.438376 0.452257 0.0590164 0.212183 0.00106162
48 0.117071 0.0558283 0.091613 0.111657 0.00106141
48 0.630813 0.441425 0.353831 0.368583 0.00104824
42 0.748035 0.197365 0.170825 0.0823949 0.0010438
60 0.21844 0.0887743 0.297853 0.170732 0.00103337
54 0.630813 0.441425 0.353831 0.368583 0.00102279
55 0.118949 0.0760343 0.0986229 0.143782 0.00102252
76 0.452953 0.489579 0.0998573 0.286724 0.00102246
44 0.467494 0.434098 0.0399497 0.230555 0.00102124
44 0.189236 0.14826 0.222873 0.0330761 0.00101033
