4 0.682038 0.319977 0.132362 0.137731 0.785103
4 0.463981 0.436776 0.0598748 0.0954589 0.190807
4 0.450382 0.439908 0.0875724 0.103521 0.0237608
4 0.684113 0.340813 0.132838 0.0936906 0.00785893
8 0.463981 0.436776 0.0598748 0.0954589 0.00780761
4 0.464502 0.413223 0.0555929 0.0463384 0.00773668
4 0.64288 0.339881 0.0569782 0.0704902 0.00623631
4 0.660643 0.336784 0.0935505 0.0762792 0.00613704
4 0.637447 0.332083 0.0460893 0.0617827 0.00519538
14 0.463981 0.436776 0.0598748 0.0954589 0.00476298
4 0.303914 0.424091 0.379184 0.147554 0.00427261
4 0.652422 0.348341 0.0639643 0.075642 0.00365409
4 0.415175 0.443324 0.15902 0.11233 0.00333875
8 0.464502 0.413223 0.0555929 0.0463384 0.00321373
4 0.266938 0.402708 0.453828 0.202761 0.00319093
4 0.375927 0.411835 0.2308 0.156257 0.00270337
7 0.464354 0.434227 0.0591454 0.0898111 0.00225565
8 0.864096 0.218599 0.0197023 0.0519258 0.00199193
4 0.537047 0.362551 0.21828 0.231663 0.00188795
4 0.632312 0.335717 0.0324844 0.0475483 0.00183627
4 0.589041 0.326084 0.319715 0.170947 0.00154138
8 0.861926 0.225008 0.0152187 0.0356779 0.00153747
8 0.450382 0.439908 0.0875724 0.103521 0.00145534
8 0.867855 0.210357 0.0253906 0.0645651 0.00138849
4 0.668489 0.360126 0.0323997 0.0551292 0.00127286
4 0.47826 0.383759 0.107748 0.198677 0.00127268
4 0.877549 0.202147 0.0482351 0.0895613 0.00113249
4 0.6341 0.322661 0.0368721 0.0572887 0.0010919
