16 0.391797 0.560184 0.337149 0.518847 0.459547
76 0.455873 0.230977 0.175984 0.205953 0.429779
0 0.35187 0.806092 0.698173 0.370968 0.417436
16 0.285613 0.558243 0.549716 0.517354 0.30507
23 0.661608 0.450945 0.356 0.367606 0.177128
16 0.352461 0.805877 0.701779 0.37076 0.125149
15 0.391958 0.558839 0.335779 0.516215 0.0735573
15 0.285919 0.589162 0.554397 0.583515 0.0619267
23 0.532806 0.446215 0.583412 0.358692 0.0482606
16 0.373047 0.643167 0.740736 0.69315 0.0456971
0 0.665935 0.454098 0.364799 0.377328 0.0406995
76 0.382368 0.237299 0.323687 0.218022 0.0340659
28 0.784166 0.547759 0.431669 0.710071 0.0336868
0 0.736593 0.533084 0.526813 0.720931 0.0325761
14 0.45914 0.22903 0.173909 0.201661 0.032256
0 0.670815 0.561982 0.377589 0.654309 0.0237765
14 0.767782 0.550939 0.155812 0.201485 0.021417
56 0.749703 0.540083 0.500593 0.709237 0.0195214
13 0.784166 0.547759 0.431669 0.710071 0.0128383
16 0.515452 0.54302 0.605508 0.545705 0.0124529
0 0.482321 0.576148 0.82476 0.628667 0.012233
0 0.769715 0.550582 0.157034 0.20041 0.0104788
16 0.655708 0.436698 0.339764 0.338804 0.0103435
0 0.174638 0.806034 0.347756 0.370622 0.00963899
16 0.531787 0.453471 0.609294 0.373196 0.00893852
15 0.655708 0.436698 0.339764 0.338804 0.00837311
16 0.488484 0.570783 0.851801 0.604089 0.00834426
0 0.708042 0.548894 0.281961 0.209266 0.00772607
0 0.613328 0.583758 0.627351 0.648037 0.007238
24 0.772348 0.541126 0.455305 0.710156 0.00636977
15 0.769715 0.550582 0.157034 0.20041 0.00615293
0 0.373047 0.643167 0.740736 0.69315 0.00548673
15 0.373047 0.643167 0.740736 0.69315 0.00543818
76 0.438149 0.352722 0.432921 0.451494 0.00496301
14 0.728971 0.549479 0.23862 0.204383 0.0047341
43 0.456756 0.229077 0.176766 0.200143 0.00464442
23 0.665462 0.57244 0.413448 0.632331 0.00404096
21 0.39302 0.559266 0.33448 0.519432 0.00389841
76 0.383069 0.399471 0.335581 0.544724 0.00371549
15 0.531787 0.453471 0.609294 0.373196 0.0036208
78 0.457833 0.229736 0.175069 0.201903 0.00353646
18 0.655708 0.436698 0.339764 0.338804 0.00342673
59 0.352993 0.806528 0.698557 0.368093 0.00325391
39 0.768514 0.550195 0.154084 0.201118 0.00316048
24 0.350842 0.805415 0.698045 0.372051 0.00314668
26 0.772348 0.541126 0.455305 0.710156 0.00313228
23 0.482321 0.576148 0.82476 0.628667 0.0029327
23 0.589777 0.420598 0.183973 0.307718 0.002929
59 0.749703 0.540083 0.500593 0.709237 0.00290594
0 0.504045 0.468436 0.701951 0.401666 0.0028896
77 0.664414 0.454293 0.3579 0.376131 0.00285015
18 0.532806 0.446215 0.583412 0.358692 0.00278959
44 0.45914 0.22903 0.173909 0.201661 0.00273579
23 0.736593 0.533084 0.526813 0.720931 0.00264093
0 0.738961 0.447725 0.497563 0.402463 0.00263271
15 0.515452 0.54302 0.605508 0.545705 0.00259864
18 0.285919 0.589162 0.554397 0.583515 0.00257543
16 0.736593 0.533084 0.526813 0.720931 0.00255886
2 0.35187 0.806092 0.698173 0.370968 0.00244978
27 0.456756 0.229077 0.176766 0.200143 0.002433
32 0.566065 0.307516 0.0849671 0.0748214 0.0023452
26 0.768946 0.550425 0.156693 0.20354 0.0022893
23 0.662763 0.421087 0.245472 0.297054 0.0022814
19 0.661608 0.450945 0.356 0.367606 0.00225461
16 0.769715 0.550582 0.157034 0.20041 0.00224623
23 0.545552 0.378279 0.588551 0.513571 0.00223303
1 0.749703 0.540083 0.500593 0.709237 0.00222766
79 0.458413 0.230593 0.177144 0.204345 0.00217175
19 0.352461 0.805877 0.701779 0.37076 0.00208083
30 0.462103 0.227964 0.169042 0.198181 0.00197044
57 0.351015 0.809283 0.696165 0.363135 0.0019142
58 0.736593 0.533084 0.526813 0.720931 0.00184792
46 0.45914 0.22903 0.173909 0.201661 0.00181809
16 0.613328 0.583758 0.627351 0.648037 0.00171179
25 0.462103 0.227964 0.169042 0.198181 0.00170657
58 0.071703 0.0508423 0.142047 0.0965719 0.00167498
10 0.767782 0.550939 0.155812 0.201485 0.00167134
19 0.283983 0.637601 0.560028 0.681683 0.00156954
15 0.352461 0.805877 0.701779 0.37076 0.00154069
15 0.736593 0.533084 0.526813 0.720931 0.00151959
59 0.373047 0.643167 0.740736 0.69315 0.00150549
57 0.749703 0.540083 0.500593 0.709237 0.0014624
0 0.814358 0.494134 0.0732392 0.0879978 0.00146157
21 0.285613 0.558243 0.549716 0.517354 0.00144973
14 0.736593 0.533084 0.526813 0.720931 0.00134227
17 0.352461 0.805877 0.701779 0.37076 0.00131482
16 0.670815 0.561982 0.377589 0.654309 0.00130734
0 0.63572 0.32973 0.0752376 0.122158 0.00129774
15 0.728971 0.549479 0.23862 0.204383 0.00129265
19 0.531787 0.453471 0.609294 0.373196 0.00128826
16 0.687687 0.43976 0.416438 0.414828 0.00128719
77 0.736593 0.533084 0.526813 0.720931 0.00128487
17 0.283983 0.637601 0.560028 0.681683 0.00127888
76 0.463407 0.206199 0.161195 0.153494 0.00124696
21 0.769206 0.550911 0.157585 0.203748 0.00123212
14 0.564228 0.312093 0.0918481 0.0860135 0.00122288
39 0.659961 0.548689 0.116511 0.146717 0.00120381
14 0.661237 0.450776 0.369057 0.36586 0.0011957
19 0.736593 0.533084 0.526813 0.720931 0.00117597
76 0.453956 0.263377 0.184536 0.143013 0.00116819
26 0.456756 0.229077 0.176766 0.200143 0.00115788
39 0.728971 0.549479 0.23862 0.204383 0.00113481
18 0.392101 0.560291 0.339672 0.515699 0.00113219
15 0.482321 0.576148 0.82476 0.628667 0.00111941
23 0.738961 0.447725 0.497563 0.402463 0.00109494
14 0.285793 0.640333 0.559086 0.683095 0.00109276
77 0.769715 0.550582 0.157034 0.20041 0.00107524
15 0.670815 0.561982 0.377589 0.654309 0.00104365
0 0.662849 0.535283 0.110394 0.100343 0.00102505
19 0.39302 0.559266 0.33448 0.519432 0.00102058
56 0.456756 0.229077 0.176766 0.200143 0.0010187
15 0.613328 0.583758 0.627351 0.648037 0.00100452
