77 0.365711 0.498597 0.165537 0.198316 0.697555
77 0.50944 0.638194 0.203081 0.237148 0.62542
77 0.651234 0.532836 0.135391 0.143558 0.317799
15 0.725552 0.704152 0.209322 0.223942 0.284505
59 0.510636 0.733981 0.674038 0.508263 0.218612
58 0.0876717 0.586471 0.173617 0.371429 0.192996
57 0.587304 0.731296 0.825393 0.514824 0.19194
77 0.623983 0.502609 0.075965 0.0832921 0.152388
75 0.948455 0.913452 0.0978422 0.171683 0.139686
77 0.662396 0.545241 0.109029 0.119845 0.138015
41 0.955936 0.616203 0.0868366 0.178919 0.13612
77 0.686557 0.546855 0.0747377 0.110214 0.127678
75 0.111632 0.648634 0.0479655 0.236739 0.127388
77 0.643392 0.561226 0.153888 0.208067 0.116581
77 0.538567 0.659297 0.150822 0.181888 0.111571
77 0.467483 0.67064 0.122006 0.168863 0.106181
77 0.729352 0.704166 0.218057 0.219894 0.0953324
75 0.0280768 0.703984 0.0530044 0.310242 0.0913385
77 0.630817 0.60777 0.0758301 0.126581 0.0890122
16 0.723259 0.703646 0.205256 0.224319 0.0797001
77 0.614709 0.562028 0.110176 0.208701 0.075164
77 0.491895 0.668294 0.0788668 0.16245 0.073651
75 0.0184744 0.702166 0.035275 0.308255 0.0693824
77 0.901835 0.50448 0.195595 0.99104 0.0668533
77 0.376456 0.564553 0.189964 0.323967 0.0560083
75 0.619335 0.371935 0.0818111 0.208744 0.0522056
77 0.613339 0.600472 0.101743 0.139512 0.0518791
75 0.206645 0.524524 0.0504031 0.179694 0.0487445
77 0.55458 0.503227 0.137477 0.250067 0.0472517
77 0.590455 0.574805 0.0619122 0.098112 0.0468071
77 0.593976 0.551114 0.0830977 0.189996 0.045374
32 0.894347 0.477677 0.0538731 0.0661783 0.0427067
77 0.522792 0.457878 0.200697 0.166325 0.0399186
77 0.56082 0.633352 0.113852 0.166993 0.0381965
77 0.564826 0.477296 0.115386 0.207883 0.0353618
77 0.620498 0.51646 0.0916473 0.114668 0.0340577
75 0.073193 0.604928 0.115395 0.353291 0.0339053
77 0.530775 0.568064 0.0791899 0.0865972 0.0331701
77 0.536869 0.561837 0.248154 0.376497 0.031177
77 0.609271 0.495831 0.0848741 0.0834127 0.0305071
58 0.902635 0.871735 0.192684 0.253849 0.0303279
56 0.587304 0.731296 0.825393 0.514824 0.0299572
77 0.563111 0.60909 0.0683966 0.0894051 0.0293485
75 0.0901644 0.651544 0.0808097 0.241154 0.0292201
77 0.634248 0.586649 0.0614639 0.0913727 0.0282708
59 0.901658 0.503525 0.196683 0.985851 0.0270036
77 0.641228 0.599458 0.0749474 0.114537 0.026358
77 0.455616 0.58192 0.324692 0.337256 0.0246936
58 0.239149 0.312623 0.136975 0.595777 0.0241299
77 0.565081 0.636619 0.0740475 0.14457 0.0240363
75 0.704268 0.362307 0.0917634 0.392406 0.0239118
57 0.901022 0.503625 0.197957 0.983608 0.023419
77 0.626057 0.571578 0.0902917 0.124869 0.0233165
59 0.544407 0.49686 0.753598 0.99372 0.0231127
77 0.573209 0.451897 0.0979048 0.157754 0.0230568
77 0.562099 0.533109 0.130001 0.207021 0.022925
77 0.617466 0.629766 0.0960468 0.178076 0.022704
56 0.901022 0.503625 0.197957 0.983608 0.0225321
77 0.552074 0.576124 0.117145 0.111035 0.0222844
77 0.529846 0.548895 0.0745882 0.0852951 0.0222805
56 0.485642 0.463533 0.118884 0.121259 0.0219844
77 0.652936 0.583943 0.136425 0.1726 0.0219069
77 0.642629 0.512376 0.113734 0.0916071 0.0214422
75 0.92926 0.372233 0.126896 0.138377 0.0214159
77 0.550723 0.5891 0.0892636 0.099117 0.0202578
77 0.648689 0.574098 0.11207 0.117812 0.0196452
77 0.474914 0.660825 0.0801332 0.151358 0.0187945
77 0.616009 0.497342 0.0545588 0.0719622 0.018553
75 0.0737779 0.657383 0.109461 0.239046 0.017942
58 0.948912 0.881623 0.100526 0.236079 0.0176744
75 0.201776 0.569721 0.0570969 0.290232 0.0176439
77 0.484198 0.637338 0.0595438 0.102518 0.0172699
58 0.152388 0.411206 0.303459 0.76692 0.0164797
75 0.104599 0.656014 0.0433666 0.209644 0.01614
75 0.763395 0.456849 0.0945343 0.317374 0.015564
77 0.627206 0.544183 0.0915309 0.159965 0.0154936
56 0.096544 0.875125 0.191995 0.23209 0.0146496
77 0.514002 0.501213 0.19282 0.215225 0.0136884
77 0.892196 0.497206 0.0602552 0.100845 0.0136354
77 0.535054 0.590156 0.0928745 0.133852 0.0132816
56 0.0979162 0.773521 0.194057 0.435165 0.013076
77 0.397841 0.590454 0.203116 0.335552 0.0128653
77 0.452881 0.613361 0.0950031 0.286889 0.0122845
77 0.535879 0.522802 0.0542747 0.0367509 0.0122325
77 0.682142 0.588794 0.194085 0.209054 0.0121682
77 0.494148 0.561186 0.124719 0.0934113 0.0121244
77 0.466985 0.559191 0.0657784 0.0896851 0.0120972
57 0.096359 0.874085 0.191859 0.232644 0.0120224
75 0.947651 0.942062 0.0868378 0.115133 0.0115767
77 0.589115 0.494614 0.0609125 0.0921199 0.0111559
75 0.955927 0.615938 0.086591 0.179727 0.0108033
59 0.518052 0.600416 0.680072 0.782671 0.0107862
77 0.511679 0.66438 0.106463 0.160493 0.0105274
75 0.113283 0.649299 0.0355829 0.213683 0.010498
58 0.0851416 0.513189 0.168094 0.224435 0.010417
75 0.902685 0.47847 0.194631 0.944446 0.0102331
75 0.92919 0.343225 0.124367 0.197576 0.0101664
77 0.593347 0.591613 0.0740221 0.133455 0.0101428
57 0.566402 0.496905 0.788411 0.99381 0.0100394
77 0.684301 0.560168 0.0583398 0.0881149 0.0100286
77 0.58653 0.553313 0.0629778 0.0726331 0.00987807
77 0.901965 0.351755 0.194312 0.691705 0.00977018
77 0.50092 0.5836 0.180284 0.141815 0.00969079
58 0.113846 0.653497 0.0459185 0.230939 0.00957674
58 0.0983771 0.686279 0.194782 0.574373 0.00946644
32 0.967391 0.275163 0.0626139 0.0919116 0.0093435
77 0.581525 0.493055 0.0454014 0.0835595 0.00908044
56 0.523477 0.455407 0.203491 0.157944 0.00898072
59 0.549109 0.839832 0.595683 0.301421 0.00889665
77 0.557535 0.602322 0.0711588 0.0719009 0.00858203
77 0.573355 0.687063 0.0815994 0.116226 0.00854698
75 0.106702 0.62447 0.0428186 0.194924 0.00853229
75 0.922546 0.382653 0.10414 0.10633 0.00851503
75 0.0269502 0.779584 0.052879 0.160743 0.0083771
77 0.956087 0.61609 0.0875679 0.179997 0.00828832
75 0.207928 0.494615 0.0496548 0.159941 0.00827411
58 0.25462 0.314227 0.0947812 0.409974 0.00805494
58 0.901387 0.806953 0.193401 0.373823 0.00800738
39 0.0280768 0.703984 0.0530044 0.310242 0.0079414
75 0.211222 0.490684 0.0642828 0.230916 0.00790736
77 0.495317 0.642498 0.0851926 0.116229 0.00769618
77 0.484816 0.503857 0.167015 0.206179 0.00768438
75 0.0150348 0.67246 0.0287852 0.228307 0.00765264
77 0.489596 0.592722 0.169309 0.195973 0.00761411
56 0.544407 0.49686 0.753598 0.99372 0.00758713
58 0.57321 0.452473 0.0894464 0.15922 0.00746691
75 0.135244 0.651188 0.0923167 0.240309 0.0072521
77 0.589749 0.525803 0.0618088 0.0368846 0.00721884
58 0.704268 0.362307 0.0917634 0.392406 0.00718841
75 0.198125 0.610877 0.0658319 0.376586 0.00709015
75 0.0189881 0.786406 0.0357261 0.140418 0.00699058
77 0.571145 0.520726 0.284861 0.244114 0.00687075
77 0.39998 0.512006 0.200637 0.194853 0.00668928
77 0.584442 0.605987 0.107767 0.122493 0.00655153
58 0.110025 0.549158 0.215187 0.447135 0.00635889
60 0.0962327 0.874296 0.191558 0.23226 0.00629616
75 0.618365 0.33751 0.0860139 0.284032 0.00627205
45 0.924881 0.374542 0.11738 0.133589 0.00620407
77 0.556464 0.551682 0.129451 0.0997398 0.00619173
77 0.967626 0.267398 0.0631186 0.106398 0.00603455
77 0.630162 0.639551 0.125672 0.179248 0.00597849
77 0.527883 0.668717 0.106868 0.149317 0.00584322
77 0.702345 0.633949 0.203844 0.307035 0.00578916
58 0.218723 0.427451 0.166899 0.814725 0.00570667
58 0.0165543 0.683684 0.0321568 0.273606 0.00568041
75 0.200105 0.510715 0.0578759 0.211281 0.00542989
77 0.587435 0.562887 0.0576187 0.0647934 0.00542378
77 0.616925 0.63441 0.0652773 0.0675924 0.00532016
58 0.703076 0.30515 0.0905146 0.572394 0.00516784
77 0.549751 0.644051 0.0881468 0.157817 0.00516117
77 0.573935 0.499913 0.0291565 0.0783775 0.0051603
58 0.0550175 0.6047 0.108192 0.390306 0.00510868
45 0.95607 0.616043 0.0859104 0.179548 0.00506637
77 0.444011 0.675203 0.0750634 0.163539 0.00506139
75 0.0879555 0.585944 0.173692 0.372286 0.00503439
77 0.545492 0.502159 0.0782961 0.0807954 0.00483942
57 0.518052 0.600416 0.680072 0.782671 0.0048131
58 0.173994 0.495832 0.0925104 0.252211 0.00475639
57 0.485642 0.463533 0.118884 0.121259 0.00465605
75 0.0960385 0.664427 0.18979 0.532026 0.00460228
16 0.365711 0.498597 0.165537 0.198316 0.00458133
77 0.58367 0.489297 0.0264627 0.0713993 0.00456664
75 0.0602746 0.666723 0.0715057 0.226298 0.00454059
58 0.114856 0.535448 0.202401 0.278466 0.00447354
77 0.594796 0.563458 0.0486515 0.0811704 0.0043872
56 0.104168 0.691738 0.207282 0.587886 0.00422555
58 0.126897 0.583356 0.127013 0.367912 0.00421321
57 0.517263 0.460274 0.191365 0.142037 0.00420457
0 0.901835 0.50448 0.195595 0.99104 0.00415558
77 0.677179 0.584906 0.0285118 0.0361965 0.00406966
58 0.0208594 0.663941 0.0413117 0.42871 0.00406903
27 0.550201 0.661287 0.0549172 0.108423 0.00402734
47 0.295377 0.131742 0.0450988 0.0616378 0.00400704
60 0.510636 0.733981 0.674038 0.508263 0.00400692
75 0.0179364 0.740659 0.0352918 0.219496 0.00396642
77 0.586805 0.5 0.826389 1 0.00386068
58 0.309112 0.500049 0.293125 0.96679 0.0038563
75 0.218372 0.479853 0.0790191 0.275208 0.00385171
77 0.702362 0.664893 0.266085 0.302529 0.00383529
77 0.542307 0.665004 0.0804832 0.134905 0.00375149
77 0.446241 0.491375 0.085584 0.0759269 0.00372884
14 0.893413 0.490252 0.0583736 0.0927325 0.00362951
16 0.509605 0.638462 0.203904 0.231744 0.00362223
73 0.0959949 0.87633 0.191518 0.235066 0.00361431
58 0.934739 0.807624 0.129237 0.380038 0.0035488
57 0.0979162 0.773521 0.194057 0.435165 0.00344637
75 0.925018 0.398622 0.120275 0.181788 0.00343314
58 0.556981 0.458889 0.0519962 0.125561 0.00339195
56 0.190988 0.634919 0.0799171 0.414506 0.00338274
0 0.509605 0.638462 0.203904 0.231744 0.00325179
75 0.0129924 0.635338 0.0247829 0.176065 0.00324321
75 0.0214227 0.733667 0.0368005 0.170595 0.00323638
56 0.541086 0.514313 0.243874 0.278593 0.00322384
56 0.902953 0.354772 0.192543 0.695973 0.00321555
77 0.893944 0.481451 0.0545519 0.0766134 0.00318968
75 0.166332 0.589115 0.0449364 0.0530626 0.00317672
77 0.57511 0.488064 0.0451962 0.0971994 0.00315017
58 0.0280768 0.703984 0.0530044 0.310242 0.00314087
56 0.522551 0.56029 0.210625 0.363854 0.00312236
56 0.956087 0.61609 0.0875679 0.179997 0.00312161
59 0.096359 0.874085 0.191859 0.232644 0.0030441
77 0.696104 0.502567 0.607793 0.967716 0.00302193
75 0.0116245 0.615405 0.0218714 0.135976 0.00299636
77 0.712515 0.548334 0.0489241 0.0944921 0.00297076
40 0.0282516 0.7039 0.0543835 0.304585 0.00292629
41 0.948538 0.912385 0.0970501 0.174514 0.00289842
75 0.0550462 0.572671 0.0767169 0.104031 0.00287271
27 0.557748 0.644038 0.0793337 0.146055 0.00286806
16 0.623755 0.503031 0.0777182 0.085288 0.00284523
77 0.498331 0.564853 0.684407 0.768602 0.00280595
58 0.559594 0.443227 0.0620308 0.143342 0.00279665
75 0.7039 0.45211 0.094334 0.279532 0.00278279
58 0.0773438 0.655273 0.12243 0.239644 0.00273326
47 0.893499 0.475988 0.0518744 0.0666119 0.00272313
58 0.500372 0.493968 0.704753 0.983488 0.00271043
75 0.0388149 0.381756 0.0765145 0.134903 0.00263932
75 0.0225468 0.696327 0.0375731 0.22198 0.0026226
77 0.487634 0.464616 0.131573 0.126535 0.00261918
75 0.868266 0.923756 0.0669636 0.152489 0.00261739
75 0.773113 0.558271 0.0489392 0.109965 0.00261477
57 0.549109 0.839832 0.595683 0.301421 0.00251538
75 0.70211 0.289268 0.0697438 0.158088 0.00250071
75 0.0205577 0.655118 0.0345817 0.210554 0.00248101
77 0.676533 0.507995 0.0317118 0.0457946 0.00247419
75 0.179946 0.580995 0.085021 0.332281 0.00244078
16 0.630817 0.60777 0.0758301 0.126581 0.00243172
75 0.694078 0.383987 0.0573179 0.103096 0.00242373
77 0.571778 0.525553 0.0246911 0.0261309 0.00239497
75 0.132816 0.607242 0.0894775 0.334281 0.00236923
77 0.930286 0.338086 0.134872 0.227899 0.0023562
77 0.967608 0.240554 0.0636215 0.166039 0.00235468
75 0.706927 0.267401 0.0824051 0.294655 0.00234324
56 0.495115 0.500179 0.158957 0.201845 0.00233385
75 0.690784 0.434579 0.0712254 0.173156 0.00233325
27 0.544568 0.651569 0.0796584 0.137184 0.00232598
0 0.376456 0.564553 0.189964 0.323967 0.00230312
75 0.856064 0.47229 0.0972359 0.453066 0.00228286
39 0.0184744 0.702166 0.035275 0.308255 0.00226486
58 0.952133 0.779912 0.0957339 0.436603 0.00225276
58 0.900496 0.502058 0.197698 0.980927 0.00223622
58 0.182136 0.44559 0.108153 0.265123 0.0022206
58 0.568421 0.470533 0.0724658 0.119604 0.00214911
75 0.16366 0.595606 0.0391678 0.0565882 0.00213274
77 0.438226 0.480258 0.169292 0.144674 0.00212067
0 0.524791 0.462127 0.210611 0.172587 0.00211877
75 0.0543081 0.600105 0.0709524 0.126808 0.00210631
75 0.948962 0.880794 0.101356 0.238412 0.00210279
40 0.206645 0.524524 0.0504031 0.179694 0.00210214
57 0.513799 0.747197 0.635861 0.47137 0.00209427
58 0.91756 0.758067 0.164026 0.477685 0.00209096
58 0.706997 0.248248 0.0809692 0.293667 0.00206915
39 0.948455 0.913452 0.0978422 0.171683 0.00205955
15 0.498331 0.564853 0.684407 0.768602 0.00205362
58 0.870762 0.849354 0.13435 0.293968 0.00205001
77 0.556376 0.43456 0.0557129 0.12335 0.0020476
77 0.452486 0.557513 0.0851765 0.0955681 0.00204471
58 0.660042 0.277299 0.169665 0.546632 0.00202674
58 0.520648 0.454362 0.196065 0.162924 0.00196904
77 0.592545 0.429908 0.124478 0.133765 0.00194809
58 0.0336314 0.596929 0.0669251 0.315333 0.00193694
0 0.573209 0.451897 0.0979048 0.157754 0.001932
16 0.614625 0.600041 0.106463 0.138046 0.00192896
77 0.380761 0.524911 0.137234 0.142374 0.0019227
58 0.703762 0.272239 0.0721226 0.193179 0.0019151
56 0.50944 0.638194 0.203081 0.237148 0.00190744
15 0.702362 0.664893 0.266085 0.302529 0.00190642
58 0.213595 0.402394 0.140039 0.522285 0.00188005
77 0.49379 0.671951 0.182704 0.172526 0.00185075
16 0.662396 0.545241 0.109029 0.119845 0.0018473
0 0.564826 0.477296 0.115386 0.207883 0.00184071
16 0.565081 0.636619 0.0740475 0.14457 0.00183398
16 0.486671 0.667212 0.072315 0.162116 0.00181118
77 0.623887 0.470492 0.174901 0.205399 0.0018051
73 0.557294 0.670387 0.0433715 0.0932686 0.0017994
77 0.50799 0.625357 0.11254 0.1576 0.00179797
75 0.351911 0.113373 0.0750774 0.22403 0.00179756
75 0.166016 0.567035 0.0451283 0.100312 0.00179636
75 0.0959747 0.601554 0.0619489 0.16105 0.00179043
75 0.775673 0.46475 0.0662256 0.303991 0.00177318
77 0.566981 0.421649 0.0743538 0.0979825 0.00176269
75 0.218622 0.42359 0.0803172 0.377618 0.00175387
60 0.549109 0.839832 0.595683 0.301421 0.00174576
47 0.92255 0.378507 0.110943 0.118453 0.0017446
75 0.714488 0.3514 0.110011 0.502743 0.00174409
57 0.522551 0.56029 0.210625 0.363854 0.0017226
21 0.729352 0.704166 0.218057 0.219894 0.00171474
39 0.204496 0.51474 0.051767 0.19012 0.00170422
58 0.715271 0.347276 0.110135 0.507607 0.00167978
58 0.750585 0.310247 0.174738 0.611738 0.00165728
16 0.538567 0.659297 0.150822 0.181888 0.00163424
56 0.564277 0.542417 0.302066 0.335129 0.00163254
15 0.623755 0.501872 0.0773621 0.0809235 0.00162032
75 0.0228809 0.765661 0.0301097 0.100467 0.00161767
75 0.967388 0.271166 0.0637958 0.0998198 0.00161237
75 0.240629 0.433771 0.0361327 0.171173 0.00160468
58 0.123596 0.668404 0.0642501 0.203101 0.00160325
58 0.134136 0.657484 0.0875152 0.229499 0.00159815
13 0.0961398 0.876975 0.19228 0.235718 0.00159249
56 0.144848 0.610144 0.102538 0.356364 0.00158697
77 0.452443 0.687661 0.0935836 0.13145 0.00157657
