62 0.420026 0.707895 0.413039 0.504033 0.93518
39 0.179719 0.829658 0.0925852 0.293154 0.810482
45 0.347119 0.221379 0.079161 0.0584742 0.71434
73 0.693963 0.759618 0.060882 0.157232 0.505838
45 0.874238 0.451279 0.0824395 0.0496815 0.290433
73 0.700667 0.947215 0.125414 0.0916712 0.280934
73 0.769549 0.402178 0.0612556 0.142972 0.265951
73 0.70027 0.392894 0.0150995 0.130169 0.21763
77 0.434927 0.0818937 0.10089 0.134442 0.191172
73 0.847713 0.393463 0.0843491 0.161183 0.181695
73 0.71209 0.391448 0.0118605 0.128348 0.167373
73 0.67026 0.392205 0.0132507 0.130316 0.16292
73 0.688074 0.392035 0.0133738 0.130729 0.14496
77 0.810699 0.165575 0.0915038 0.146626 0.14361
73 0.709697 0.390715 0.0924335 0.135293 0.115901
73 0.677856 0.780501 0.0229916 0.114777 0.114869
73 0.729336 0.392191 0.0190265 0.127509 0.111921
73 0.709517 0.391656 0.0182623 0.128314 0.110427
73 0.684562 0.392199 0.0162721 0.130156 0.102596
73 0.526443 0.224656 0.136212 0.161202 0.0961705
73 0.705248 0.391192 0.0113668 0.128306 0.0946588
73 0.700958 0.389919 0.0107763 0.123904 0.090126
73 0.697281 0.392151 0.012398 0.129378 0.0854037
73 0.702906 0.39148 0.0109447 0.12655 0.0800848
73 0.715272 0.391869 0.0126416 0.12656 0.0747811
73 0.691589 0.391796 0.0101139 0.129933 0.0721889
73 0.694865 0.392548 0.00770416 0.128235 0.0664993
73 0.229548 0.256137 0.10782 0.0210838 0.062526
73 0.229094 0.274451 0.106325 0.0156382 0.0618386
73 0.708914 0.390694 0.0126736 0.127803 0.0617252
73 0.718373 0.391448 0.00893225 0.126252 0.0615479
73 0.702469 0.951477 0.236796 0.0966003 0.0542872
45 0.340089 0.278561 0.110447 0.0458956 0.0542598
73 0.72059 0.390644 0.011681 0.128408 0.0531034
77 0.777412 0.164789 0.157088 0.147459 0.0526149
73 0.682497 0.769443 0.0376627 0.139714 0.0477513
62 0.841708 0.719462 0.296783 0.499435 0.0463855
73 0.220465 0.266427 0.0912461 0.0118935 0.042134
73 0.241226 0.236219 0.110033 0.031151 0.0401242
73 0.737032 0.391488 0.0273325 0.132516 0.0380317
73 0.784312 0.863539 0.0839546 0.186457 0.0333748
73 0.624633 0.945322 0.0810938 0.0828611 0.0314719
73 0.229867 0.288339 0.109728 0.0148249 0.03121
46 0.28288 0.441659 0.212168 0.137304 0.030393
73 0.230859 0.282798 0.110948 0.0127579 0.0298586
73 0.735697 0.395748 0.15396 0.149392 0.0243683
73 0.671021 0.391699 0.0213158 0.134386 0.0242635
73 0.679967 0.391512 0.0382484 0.132391 0.0241857
73 0.231436 0.263966 0.113869 0.0454604 0.0239408
73 0.340297 0.279904 0.109517 0.0440236 0.023294
73 0.642738 0.951984 0.117453 0.0940648 0.0231219
73 0.232138 0.249573 0.113206 0.0215389 0.0216644
73 0.742036 0.392943 0.018023 0.126903 0.0187654
75 0.440658 0.21821 0.0581776 0.168037 0.0159958
65 0.2328 0.976051 0.0680191 0.0478986 0.0159569
74 0.0184072 0.330556 0.0368143 0.149098 0.0158939
75 0.243685 0.197481 0.0596053 0.0555335 0.0158208
67 0.234765 0.975397 0.0663853 0.049207 0.0157226
75 0.453937 0.204358 0.118201 0.193476 0.0156519
39 0.43977 0.21823 0.0558695 0.167629 0.0150278
73 0.745805 0.395077 0.0159025 0.126663 0.0143908
0 0.522203 0.238758 0.023605 0.0565908 0.0116438
73 0.771931 0.393976 0.229011 0.15703 0.0110825
65 0.525814 0.96522 0.0948874 0.0682324 0.0105526
77 0.24401 0.197009 0.0590385 0.0548758 0.0103884
41 0.769716 0.401907 0.0609852 0.144063 0.00990832
60 0.480454 0.937662 0.701746 0.110567 0.00936916
14 0.282888 0.44125 0.212287 0.136665 0.00929725
73 0.707906 0.866426 0.073938 0.0611041 0.00909504
77 0.283267 0.440377 0.212746 0.136281 0.00907603
0 0.524873 0.239633 0.0349065 0.0606081 0.00901833
73 0.238234 0.239706 0.100297 0.0218637 0.00899154
73 0.706985 0.391273 0.0344256 0.136414 0.00896642
73 0.72089 0.390309 0.0300207 0.1361 0.00842273
73 0.726819 0.390917 0.0442905 0.137868 0.00838375
73 0.709934 0.76841 0.0309772 0.138807 0.00810054
73 0.69333 0.392658 0.0600614 0.138738 0.00807592
75 0.347321 0.221614 0.0787623 0.0587778 0.00786242
73 0.703683 0.764038 0.0400621 0.146273 0.00782838
75 0.0183666 0.330267 0.0366188 0.149504 0.00782725
0 0.548939 0.236505 0.0256646 0.0585774 0.00759372
73 0.40581 0.266194 0.0189846 0.0703088 0.00742868
73 0.681222 0.393921 0.0170759 0.132698 0.00717264
73 0.706889 0.966017 0.236342 0.0679668 0.00705501
41 0.347321 0.221614 0.0787623 0.0587778 0.00686559
41 0.874581 0.451121 0.0823946 0.0495903 0.00640571
73 0.525462 0.965097 0.0941076 0.0665895 0.0059306
63 0.419899 0.708446 0.411713 0.50552 0.00588396
73 0.241822 0.231688 0.100683 0.0234963 0.00587416
65 0.634534 0.898521 0.0743923 0.0399653 0.00583065
73 0.691499 0.722225 0.054179 0.0814486 0.00554222
77 0.736939 0.204029 0.0781111 0.0653833 0.00530964
0 0.551036 0.233197 0.0266993 0.0723221 0.00524458
64 0.232923 0.975735 0.0674865 0.0485297 0.0051569
73 0.713285 0.791856 0.0252507 0.0920326 0.00486618
73 0.768058 0.267274 0.218784 0.0658582 0.00478393
0 0.644184 0.0994263 0.0949753 0.197822 0.00473443
65 0.707528 0.864556 0.0745425 0.0591316 0.00472355
14 0.643872 0.100011 0.0949858 0.199558 0.00470293
73 0.752982 0.390045 0.102481 0.139459 0.00467381
0 0.510342 0.23977 0.0311865 0.0607605 0.00455377
41 0.77543 0.432128 0.039929 0.0814182 0.00438496
45 0.244755 0.235568 0.108052 0.0309712 0.00431892
73 0.793384 0.394964 0.0264673 0.140748 0.00409123
74 0.0359742 0.0267359 0.0716213 0.0518368 0.00401652
0 0.537565 0.226673 0.0546395 0.0849656 0.00392646
73 0.338818 0.27225 0.105693 0.0217534 0.00362873
41 0.44129 0.258172 0.0460214 0.0862072 0.00358608
73 0.76897 0.967697 0.112885 0.0641654 0.00350511
0 0.51466 0.238941 0.041789 0.064887 0.00350091
73 0.69254 0.710746 0.051453 0.0598681 0.00345829
73 0.331927 0.271224 0.091836 0.0164924 0.00336519
77 0.846398 0.404269 0.0478555 0.122077 0.00336012
39 0.405456 0.210627 0.0224041 0.181209 0.00327507
0 0.519335 0.22967 0.0551176 0.0898643 0.00326675
0 0.626754 0.256314 0.0649075 0.0838375 0.00319907
77 0.845502 0.394161 0.0773369 0.160403 0.00316533
73 0.33568 0.25312 0.0985855 0.0196056 0.00313225
77 0.437962 0.218181 0.0547232 0.166151 0.00311434
73 0.707205 0.889978 0.0771379 0.110454 0.00303364
73 0.785538 0.967439 0.0779244 0.0651219 0.00301811
73 0.714654 0.801669 0.0226354 0.0718774 0.00301185
39 0.769849 0.401358 0.0608359 0.144353 0.00297421
73 0.633947 0.899099 0.0747309 0.0395204 0.00295335
41 0.440658 0.21821 0.0581776 0.168037 0.00291222
73 0.528768 0.227966 0.0756411 0.100362 0.00289053
73 0.686178 0.702073 0.0423006 0.0444557 0.00284553
73 0.308818 0.249814 0.0440815 0.0229706 0.00266492
0 0.643886 0.14619 0.0983752 0.291607 0.00263259
73 0.801944 0.396957 0.013604 0.142614 0.0026302
77 0.453372 0.200976 0.120008 0.182303 0.002579
73 0.772854 0.424878 0.0504694 0.0962439 0.00256214
73 0.695652 0.968428 0.116624 0.0467672 0.00254944
74 0.454891 0.0914639 0.0532792 0.0557288 0.00251076
73 0.454843 0.203788 0.118357 0.191357 0.00249374
41 0.772854 0.424878 0.0504694 0.0962439 0.00244397
73 0.686648 0.679369 0.0279598 0.0400884 0.00238729
73 0.70578 0.806226 0.074731 0.164855 0.00237253
73 0.328351 0.290415 0.0846132 0.0186932 0.00236025
73 0.696421 0.978528 0.120089 0.0372088 0.00226569
75 0.442258 0.256413 0.0419876 0.0856178 0.00216809
65 0.693316 0.947679 0.110723 0.0910405 0.00209326
45 0.337566 0.251232 0.10387 0.0247201 0.00206414
0 0.628504 0.239922 0.0654217 0.115841 0.00200021
73 0.741286 0.967466 0.168666 0.0650679 0.00197843
32 0.914207 0.800556 0.0374169 0.0543787 0.0018588
75 0.874581 0.451121 0.0823946 0.0495903 0.00185305
73 0.347127 0.285498 0.0947332 0.0309268 0.00183755
77 0.845464 0.389711 0.0374111 0.0778641 0.00181606
73 0.228613 0.230612 0.0747215 0.023029 0.00174057
15 0.643872 0.100011 0.0949858 0.199558 0.00169107
60 0.328558 0.954158 0.406489 0.0916841 0.00168502
72 0.84213 0.717864 0.294367 0.499961 0.00166613
65 0.711063 0.91783 0.064075 0.0629986 0.00164434
15 0.438838 0.219056 0.0561739 0.168535 0.00160801
68 0.84213 0.717864 0.294367 0.499961 0.00159216
45 0.342546 0.252101 0.0775905 0.0196413 0.00158811
0 0.525605 0.248839 0.0362578 0.083554 0.00156537
41 0.243685 0.197481 0.0596053 0.0555335 0.00151855
73 0.322792 0.272005 0.0783396 0.0196617 0.0014751
32 0.0187798 0.330744 0.0371289 0.151369 0.00145063
41 0.848144 0.393263 0.0843185 0.16296 0.00143033
68 0.526318 0.224384 0.136963 0.161076 0.0014255
73 0.318001 0.250557 0.0636046 0.0224325 0.00138962
0 0.527352 0.225267 0.0734428 0.0925988 0.00137442
73 0.398166 0.268075 0.0133242 0.0644913 0.00136727
15 0.62651 0.256314 0.0654953 0.0839211 0.00136074
73 0.77543 0.432128 0.039929 0.0814182 0.00135612
14 0.874381 0.450893 0.0843912 0.0492588 0.00133213
73 0.709039 0.916473 0.0682919 0.0609782 0.00132304
45 0.241822 0.231688 0.100683 0.0234963 0.00131759
73 0.694651 0.983713 0.113597 0.0283511 0.00130856
45 0.346121 0.250966 0.0585136 0.0205252 0.00130242
74 0.526318 0.224384 0.136963 0.161076 0.00129983
77 0.974836 0.0809719 0.0492306 0.158111 0.00129417
16 0.736937 0.204612 0.0773968 0.0645904 0.00126976
73 0.785859 0.401565 0.0322498 0.139421 0.0012655
0 0.64712 0.237192 0.107945 0.110096 0.00125355
41 0.52615 0.224452 0.136631 0.161461 0.00124833
41 0.455645 0.205368 0.117122 0.19241 0.00124195
39 0.439927 0.257556 0.0472681 0.0878975 0.00123689
63 0.525887 0.224096 0.137405 0.160277 0.0012199
73 0.28589 0.269943 0.222696 0.0643332 0.00121593
73 0.814732 0.394175 0.16158 0.1598 0.00121224
75 0.769716 0.401907 0.0609852 0.144063 0.00120565
63 0.841708 0.719462 0.296783 0.499435 0.00119969
73 0.331399 0.270053 0.127829 0.064387 0.00117931
14 0.644355 0.146426 0.0972624 0.292851 0.00116765
60 0.703334 0.943013 0.243752 0.097651 0.00115421
73 0.682638 0.720258 0.0376336 0.0507161 0.00114658
45 0.243807 0.196927 0.0583655 0.0544266 0.00112805
14 0.626754 0.256314 0.0649075 0.0838375 0.00112548
74 0.528768 0.227966 0.0756411 0.100362 0.00111189
74 0.441783 0.255351 0.0386582 0.0779181 0.00110561
0 0.328238 0.704242 0.0219408 0.0326645 0.00105521
68 0.419899 0.708446 0.411713 0.50552 0.00104457
73 0.669357 0.982481 0.169996 0.0346449 0.00102842
75 0.179731 0.829284 0.0926441 0.294472 0.00101119
