0 0.509818 0.588988 0.57775 0.806779 0.932495
0 0.109989 0.767737 0.218513 0.452483 0.904467
27 0.530595 0.812513 0.106425 0.368883 0.904117
0 0.804976 0.801926 0.157446 0.385548 0.896004
0 0.210275 0.745507 0.138323 0.442825 0.746063
0 0.302806 0.644814 0.0805256 0.103272 0.707352
0 0.942328 0.886228 0.114186 0.223638 0.693388
0 0.378848 0.59771 0.0805197 0.0866179 0.532646
0 0.969908 0.722287 0.0601848 0.318035 0.488988
0 0.640399 0.533446 0.0551235 0.0661928 0.437991
0 0.702301 0.600072 0.0631172 0.124148 0.392072
27 0.668606 0.77118 0.110151 0.438571 0.278632
0 0.855827 0.728487 0.11466 0.331618 0.208066
0 0.922766 0.673895 0.0772663 0.227421 0.192961
0 0.67215 0.582627 0.120406 0.164513 0.131226
0 0.920394 0.630392 0.0692764 0.139762 0.129591
26 0.900142 0.949776 0.0439293 0.0992121 0.108427
0 0.941599 0.722053 0.116273 0.321923 0.102711
0 0.833949 0.615891 0.0740326 0.108435 0.0771131
26 0.663202 0.734906 0.111424 0.357008 0.0679322
0 0.845269 0.69415 0.0958847 0.262554 0.0640725
0 0.878971 0.730303 0.140374 0.335958 0.0617732
0 0.646521 0.544572 0.0674471 0.0887263 0.0517262
0 0.817274 0.577339 0.0529608 0.0655528 0.0508257
0 0.0136802 0.695114 0.0265725 0.257123 0.0500384
0 0.689069 0.560807 0.0347536 0.0493011 0.0438546
0 0.645054 0.562966 0.0666466 0.124512 0.038497
0 0.700947 0.751896 0.189348 0.47118 0.0306547
0 0.211053 0.667685 0.138617 0.287073 0.0303675
0 0.913911 0.695548 0.0850088 0.265956 0.0276423
0 0.749697 0.627409 0.0459385 0.0514572 0.0272277
0 0.713688 0.596734 0.085675 0.130839 0.0249184
0 0.657172 0.616339 0.0960616 0.232004 0.0231136
27 0.696913 0.779848 0.161724 0.421603 0.0228688
0 0.750195 0.609835 0.0431566 0.0208202 0.0226486
24 0.663202 0.734906 0.111424 0.357008 0.0223674
74 0.849666 0.410407 0.0318218 0.0391389 0.0215659
0 0.918752 0.612647 0.0538532 0.100518 0.0214195
67 0.930373 0.7074 0.0265305 0.0278613 0.0212097
0 0.841302 0.648731 0.0789375 0.170724 0.0174829
27 0.679948 0.793069 0.0836743 0.379507 0.0166966
0 0.269357 0.658526 0.0314164 0.0741952 0.0162811
24 0.656959 0.66662 0.0993901 0.217312 0.0159183
26 0.90075 0.969108 0.0442966 0.0609319 0.0152877
0 0.288927 0.729741 0.116034 0.271648 0.0146121
0 0.013684 0.634742 0.0266759 0.132919 0.0138603
0 0.267287 0.639519 0.0327863 0.111772 0.0138013
24 0.647896 0.637901 0.0785042 0.163776 0.0134008
74 0.128845 0.370348 0.0246675 0.0265702 0.0131038
0 0.968867 0.694362 0.0622252 0.223548 0.0127243
0 0.270789 0.67288 0.0273251 0.0461173 0.0117486
0 0.981257 0.60133 0.0366903 0.0751521 0.0108722
56 0.880597 0.621916 0.035416 0.0774502 0.0108244
56 0.21503 0.855535 0.0681416 0.17901 0.010484
26 0.658424 0.683614 0.10234 0.249994 0.0103664
0 0.894657 0.813648 0.103277 0.171355 0.0103142
0 0.704021 0.618125 0.0573408 0.0911733 0.0102512
0 0.702603 0.572973 0.0638118 0.177652 0.0102007
0 0.91499 0.835485 0.0635122 0.145011 0.00949904
9 0.867827 0.507756 0.0163345 0.049048 0.00935519
0 0.974573 0.612785 0.0505287 0.0993601 0.00918707
24 0.899658 0.948491 0.04277 0.0994961 0.00900137
56 0.214622 0.825721 0.0689667 0.11531 0.00863254
0 0.740872 0.600213 0.0267317 0.0393138 0.00835615
41 0.932458 0.883788 0.0248867 0.0297086 0.00834739
24 0.562077 0.68701 0.297243 0.276236 0.00806227
0 0.881768 0.626184 0.0375088 0.0845511 0.00801852
0 0.748649 0.602251 0.0459969 0.0478274 0.0077734
0 0.642435 0.605966 0.0713171 0.210427 0.00773588
0 0.0320736 0.692103 0.0629189 0.263792 0.00700703
0 0.916534 0.806835 0.0609985 0.150174 0.0066174
0 0.73824 0.60719 0.0300526 0.0537025 0.00658315
27 0.589453 0.766878 0.26875 0.453907 0.00658211
0 0.903534 0.834331 0.0442711 0.130968 0.00649038
0 0.886962 0.625969 0.0280674 0.0784536 0.00643793
0 0.835484 0.666034 0.0815454 0.226703 0.00636059
0 0.909677 0.640871 0.0604822 0.128305 0.00625846
26 0.647896 0.637901 0.0785042 0.163776 0.00621262
0 0.883927 0.792578 0.117971 0.218691 0.00610656
27 0.647896 0.637901 0.0785042 0.163776 0.00600943
0 0.262673 0.632635 0.0409101 0.117257 0.00599036
0 0.954747 0.845367 0.089204 0.141665 0.00576225
0 0.700215 0.572131 0.0597526 0.0850273 0.00568408
0 0.751579 0.603157 0.0549276 0.0788109 0.00523287
0 0.341863 0.627659 0.156792 0.145695 0.00501698
0 0.908498 0.825723 0.0449705 0.107008 0.00498095
0 0.736494 0.620399 0.0533352 0.0810466 0.00497738
0 0.0740169 0.610346 0.119023 0.140084 0.00492144
24 0.554533 0.72699 0.331001 0.351709 0.00460178
41 0.892885 0.924674 0.024836 0.0476741 0.00454497
0 0.655107 0.657578 0.0951082 0.197854 0.0044007
26 0.938171 0.96782 0.11251 0.0623206 0.0042755
26 0.892885 0.924674 0.024836 0.0476741 0.00425604
56 0.901508 0.949291 0.0447414 0.0985207 0.00419888
0 0.914773 0.780659 0.0649879 0.108001 0.00406414
27 0.659881 0.720878 0.105991 0.328113 0.00406179
0 0.91218 0.85205 0.0508785 0.161825 0.00401437
27 0.729603 0.791786 0.11116 0.399993 0.00399709
0 0.690878 0.540369 0.0431826 0.0931797 0.00393969
27 0.639621 0.623818 0.067153 0.12835 0.00393942
0 0.96589 0.832172 0.0661568 0.11816 0.00389531
26 0.891347 0.967216 0.0334221 0.0648239 0.00386688
27 0.63289 0.611718 0.053711 0.105736 0.00383964
0 0.0569122 0.611982 0.0870378 0.114785 0.0035488
27 0.70367 0.856547 0.0370363 0.265746 0.00353071
65 0.930373 0.7074 0.0265305 0.0278613 0.00350389
39 0.901508 0.949291 0.0447414 0.0985207 0.00350115
56 0.796625 0.884479 0.0928999 0.223092 0.00337511
0 0.931367 0.631458 0.0658985 0.131354 0.00336671
0 0.273437 0.675554 0.0413498 0.0467542 0.00324005
67 0.932458 0.883788 0.0248867 0.0297086 0.00322977
56 0.240391 0.818506 0.0228493 0.103749 0.00320891
0 0.751728 0.626625 0.050662 0.085178 0.0031952
41 0.930373 0.7074 0.0265305 0.0278613 0.00304103
0 0.883197 0.748425 0.126734 0.175453 0.00301737
40 0.892885 0.924674 0.024836 0.0476741 0.00298849
74 0.0147266 0.478846 0.0257605 0.0222038 0.00297761
74 0.318983 0.451543 0.0197092 0.0289829 0.00297591
24 0.522425 0.658972 0.375451 0.245245 0.00293708
0 0.873316 0.804718 0.0910824 0.208824 0.00291356
26 0.240211 0.818166 0.0250418 0.118523 0.0028584
24 0.639621 0.623818 0.067153 0.12835 0.00283599
0 0.975715 0.595021 0.0476368 0.065051 0.00283411
0 0.095005 0.620486 0.170017 0.160427 0.00264838
0 0.905716 0.799912 0.0360357 0.0543327 0.00263524
27 0.657202 0.660706 0.0936774 0.19341 0.00262585
67 0.892885 0.924674 0.024836 0.0476741 0.00261462
26 0.562077 0.68701 0.297243 0.276236 0.00260931
0 0.971626 0.741307 0.0558475 0.233503 0.00256845
60 0.922175 0.7157 0.0485622 0.0489806 0.00254002
0 0.866826 0.75829 0.0957125 0.201844 0.00252676
0 0.787179 0.70826 0.119991 0.200582 0.00250521
0 0.917328 0.765631 0.0589405 0.113964 0.00247243
0 0.836113 0.593483 0.044207 0.0587878 0.00246593
0 0.961503 0.609503 0.0387371 0.0823849 0.00241178
0 0.979485 0.635299 0.0404018 0.139017 0.00235921
0 0.922543 0.859853 0.0601089 0.163441 0.00235036
26 0.554533 0.72699 0.331001 0.351709 0.00234565
0 0.921774 0.732549 0.0553898 0.088765 0.00231788
0 0.919719 0.677177 0.0624462 0.122149 0.00226805
0 0.0148191 0.775815 0.0281008 0.418194 0.00222823
0 0.949624 0.687519 0.0831135 0.212619 0.00222582
0 0.966897 0.622257 0.0552849 0.112381 0.00221503
0 0.745129 0.595382 0.0376579 0.0586318 0.00221017
75 0.530299 0.814195 0.106555 0.370562 0.0021947
0 0.955959 0.597885 0.0228724 0.0502191 0.00219133
0 0.0113364 0.710833 0.0216357 0.207773 0.00213724
73 0.930373 0.7074 0.0265305 0.0278613 0.00205848
0 0.918043 0.599715 0.047422 0.0787056 0.00205383
0 0.170533 0.591952 0.059779 0.132417 0.00204554
24 0.63289 0.611718 0.053711 0.105736 0.00204504
56 0.775573 0.875226 0.0520882 0.212282 0.00202382
0 0.901946 0.792332 0.08578 0.155588 0.00201192
0 0.379862 0.558325 0.079768 0.163038 0.002011
0 0.955017 0.59239 0.0314449 0.0640338 0.00199792
0 0.723974 0.790657 0.107753 0.404706 0.00193852
0 0.916052 0.673519 0.0651772 0.166048 0.00193185
26 0.214235 0.838955 0.0696898 0.145473 0.00193095
56 0.765698 0.871172 0.0749777 0.20182 0.00190762
0 0.629269 0.538789 0.0409447 0.0516846 0.00188482
60 0.921774 0.732549 0.0553898 0.088765 0.00187948
0 0.893383 0.836722 0.0607536 0.129413 0.00186175
0 0.823715 0.5697 0.057065 0.0524985 0.00186092
0 0.904415 0.80981 0.0384737 0.0839816 0.00182125
0 0.88321 0.643752 0.0344177 0.0576825 0.00178775
0 0.264135 0.59505 0.0200529 0.0308688 0.0017651
56 0.840099 0.616999 0.0646317 0.105062 0.0017432
40 0.930373 0.7074 0.0265305 0.0278613 0.00169113
56 0.248769 0.799071 0.0420379 0.170108 0.00168964
0 0.921444 0.722456 0.0530697 0.0647082 0.00166252
27 0.699042 0.819643 0.0458803 0.32604 0.0016515
27 0.931069 0.885111 0.0217709 0.028134 0.00163022
0 0.935342 0.784047 0.129317 0.420135 0.00161555
56 0.228728 0.785811 0.103529 0.188832 0.00161463
26 0.639942 0.660694 0.125827 0.215208 0.00158158
0 0.673804 0.554343 0.0221378 0.0657104 0.00158125
0 0.857169 0.685841 0.0740383 0.217417 0.00156736
0 0.938178 0.634136 0.0472813 0.122844 0.00156182
0 0.891701 0.643202 0.036005 0.0943924 0.00156105
67 0.913994 0.950002 0.0254921 0.0326836 0.00154749
0 0.893156 0.772879 0.104403 0.149723 0.00154585
26 0.63289 0.611718 0.053711 0.105736 0.00151667
56 0.817333 0.883503 0.131917 0.226936 0.00151461
0 0.0459039 0.609004 0.0649583 0.103778 0.00150239
60 0.921444 0.722456 0.0530697 0.0647082 0.00149298
56 0.938171 0.96782 0.11251 0.0623206 0.00147969
27 0.695131 0.840685 0.0464621 0.223169 0.00143486
26 0.658988 0.665118 0.0901296 0.176043 0.00143418
56 0.892885 0.924674 0.024836 0.0476741 0.00141397
56 0.971392 0.729898 0.0567406 0.301828 0.001407
0 0.926292 0.655286 0.0716831 0.138198 0.00139296
26 0.639621 0.623818 0.067153 0.12835 0.00138286
0 0.950162 0.601187 0.0348173 0.080139 0.00137323
56 0.921774 0.732549 0.0553898 0.088765 0.00134632
56 0.232096 0.851037 0.0341739 0.159825 0.00134319
56 0.904929 0.965332 0.040506 0.0661224 0.00132811
74 0.228693 0.382343 0.0177799 0.0496337 0.00132805
0 0.749878 0.694002 0.0486913 0.22013 0.00130954
0 0.254168 0.62036 0.0537333 0.137521 0.00129858
56 0.226231 0.733591 0.0984024 0.101151 0.00123155
0 0.902963 0.678041 0.0876831 0.158444 0.00121126
0 0.176026 0.637503 0.0531956 0.213109 0.00119421
0 0.738302 0.595171 0.0359312 0.0659281 0.00119382
0 0.0298885 0.620364 0.0553073 0.116539 0.00118646
0 0.935759 0.858183 0.0434341 0.0878068 0.00118446
26 0.905049 0.936882 0.0445824 0.0915713 0.00118196
27 0.573015 0.771386 0.446947 0.434869 0.00118068
40 0.900897 0.949619 0.0438805 0.0985476 0.0011805
56 0.237884 0.827964 0.0275717 0.134506 0.00116438
0 0.775573 0.875226 0.0520882 0.212282 0.00114954
0 0.750959 0.592457 0.0442298 0.0631971 0.001138
0 0.110774 0.899171 0.216554 0.198029 0.00112996
0 0.285612 0.773675 0.125832 0.350058 0.00111797
56 0.943744 0.731833 0.0153233 0.0758509 0.00111634
0 0.0113822 0.741831 0.0215715 0.146503 0.00111201
45 0.930373 0.7074 0.0265305 0.0278613 0.00108945
0 0.213963 0.577752 0.0483375 0.0960767 0.00108427
0 0.383848 0.587579 0.0716896 0.0695953 0.00108117
0 0.901681 0.656437 0.0570635 0.0965365 0.00107273
0 0.232322 0.610968 0.0961447 0.157464 0.00107118
0 0.95419 0.823651 0.0678966 0.0976644 0.0010508
0 0.944857 0.612634 0.043759 0.100618 0.00104621
45 0.892169 0.923017 0.0232395 0.0454819 0.0010424
0 0.092678 0.589213 0.0829998 0.0992737 0.00103882
0 0.899349 0.949493 0.0437906 0.0988611 0.00103348
27 0.240211 0.818166 0.0250418 0.118523 0.00103176
0 0.504228 0.600402 0.333577 0.0967585 0.00102255
60 0.944302 0.968972 0.0953711 0.0556969 0.00102222
0 0.925414 0.848121 0.0513802 0.104538 0.00101823
2 0.930373 0.7074 0.0265305 0.0278613 0.00101495
