9 0.539903 0.334095 0.103325 0.0682825 0.916384
2 0.127026 0.937025 0.252377 0.119407 0.799861
9 0.374026 0.355258 0.1296 0.105264 0.789144
9 0.867208 0.363772 0.107781 0.119079 0.133997
9 0.908005 0.294724 0.18391 0.586405 0.0139878
7 0.127026 0.937025 0.252377 0.119407 0.0106405
9 0.306914 0.738899 0.0115489 0.0489107 0.00762665
9 0.910584 0.159037 0.178024 0.313052 0.00605291
39 0.53901 0.334743 0.103686 0.0675919 0.00475949
2 0.160787 0.751574 0.321301 0.484276 0.0045346
7 0.160787 0.751574 0.321301 0.484276 0.0033479
9 0.436294 0.333931 0.317175 0.0923447 0.00333938
9 0.47016 0.352964 0.00894864 0.018746 0.00323573
9 0.220129 0.373538 0.0623743 0.0299124 0.0030112
9 0.869377 0.388915 0.11208 0.170028 0.00291607
9 0.561953 0.892062 0.00881262 0.0191909 0.00276631
9 0.559292 0.888414 0.0104299 0.0182896 0.00248417
9 0.538952 0.361648 0.103154 0.122949 0.00248203
2 0.136327 0.938279 0.270253 0.123441 0.00221923
9 0.838622 0.709564 0.300299 0.536914 0.00200003
9 0.0457452 0.383249 0.0804779 0.0332854 0.00191268
9 0.901853 0.371354 0.178617 0.137122 0.00175089
9 0.359001 0.344906 0.0937595 0.0812335 0.00166368
9 0.44627 0.388482 0.302293 0.219066 0.00163838
9 0.506588 0.333312 0.0353634 0.0582044 0.00152153
5 0.161297 0.74365 0.32226 0.476793 0.00140998
14 0.53901 0.334743 0.103686 0.0675919 0.00136861
0 0.474564 0.980624 0.0214868 0.0374172 0.00118333
0 0.471635 0.98242 0.0203031 0.0337879 0.0011797
9 0.862123 0.484644 0.273408 0.964703 0.00110039
