2 0.588314 0.686051 0.0622571 0.0797105 0.794793
2 0.910528 0.73476 0.136365 0.178218 0.596892
7 0.910819 0.734036 0.136054 0.17755 0.233523
2 0.932676 0.69267 0.0827286 0.0737802 0.0520745
2 0.931807 0.704133 0.0479191 0.0554442 0.0482364
2 0.425886 0.657483 0.0203434 0.0296262 0.040157
2 0.928414 0.706847 0.0399658 0.0454682 0.0352005
2 0.916719 0.713401 0.0365471 0.0321455 0.0307963
9 0.553163 0.515048 0.0151199 0.0469169 0.0295609
58 0.331125 0.715958 0.0297852 0.0754698 0.0293442
7 0.588001 0.685531 0.0625442 0.0791544 0.028831
9 0.707787 0.281808 0.0132222 0.0238533 0.0285623
2 0.944189 0.691596 0.0601913 0.0679346 0.0285605
2 0.931957 0.709438 0.0873432 0.107965 0.0258097
2 0.936383 0.708127 0.0347488 0.0455874 0.0254395
58 0.32004 0.717982 0.0226689 0.0730871 0.0248616
1 0.385777 0.687732 0.0219383 0.0373984 0.0204759
2 0.387401 0.687107 0.0225618 0.0343003 0.0198316
2 0.811568 0.678567 0.0227604 0.0297524 0.0192956
0 0.317981 0.718194 0.021307 0.0730981 0.0168268
2 0.922974 0.706072 0.0609673 0.0499548 0.0149279
2 0.438292 0.6595 0.029067 0.0267929 0.0127917
9 0.839002 0.463899 0.0476355 0.0585654 0.0110649
9 0.459349 0.618726 0.0101942 0.0326345 0.0110619
0 0.329449 0.719224 0.0241152 0.0734973 0.0106191
9 0.708027 0.280091 0.0139256 0.0331742 0.0101437
2 0.960166 0.690883 0.029369 0.0577946 0.00962925
7 0.931957 0.709438 0.0873432 0.107965 0.00955132
58 0.322012 0.717994 0.0375831 0.0785418 0.00920975
7 0.930754 0.694389 0.0833406 0.0760021 0.00918972
9 0.303303 0.523572 0.0266739 0.0696688 0.00907102
3 0.385777 0.687732 0.0219383 0.0373984 0.00879258
2 0.930881 0.726858 0.095335 0.144005 0.0081768
0 0.385777 0.687732 0.0219383 0.0373984 0.00815454
0 0.342412 0.724289 0.0137505 0.0565301 0.00795057
9 0.446029 0.60257 0.014292 0.0448007 0.00780177
2 0.375501 0.68661 0.0234097 0.0356422 0.00731254
9 0.597457 0.319986 0.0197637 0.0226292 0.00699043
0 0.335571 0.715869 0.0249784 0.0745359 0.00694394
9 0.0570972 0.675618 0.0122432 0.0569685 0.00690091
9 0.677036 0.597435 0.0118456 0.0281348 0.00625208
9 0.751489 0.58315 0.0139076 0.0228617 0.00613236
7 0.930881 0.726858 0.095335 0.144005 0.00565267
9 0.699468 0.543102 0.0175222 0.0358749 0.00564852
58 0.989474 0.738522 0.0192667 0.0568402 0.00537604
5 0.911418 0.725433 0.136507 0.199019 0.00537425
9 0.55784 0.339134 0.0151615 0.0150838 0.00530821
74 0.657981 0.523329 0.0370012 0.0500793 0.00529933
9 0.844607 0.446271 0.0190792 0.0256651 0.00501344
0 0.833563 0.692899 0.0150309 0.0216057 0.00489274
1 0.375216 0.690367 0.0291891 0.0390296 0.00475633
13 0.181214 0.94339 0.10971 0.108141 0.00473416
9 0.446034 0.591227 0.0155338 0.0263819 0.00471357
2 0.857837 0.763648 0.030492 0.0878649 0.00467479
58 0.327348 0.712745 0.0386859 0.0876895 0.00458765
74 0.191851 0.540615 0.0294638 0.0461379 0.00450003
9 0.839417 0.473596 0.0488972 0.03973 0.00430602
9 0.488677 0.51856 0.0137259 0.0389078 0.00407022
58 0.342412 0.724289 0.0137505 0.0565301 0.00405696
58 0.387574 0.688502 0.0209259 0.0342011 0.00405139
13 0.32781 0.770293 0.0517005 0.0277952 0.00389025
58 0.384491 0.685777 0.0246822 0.0367319 0.00381875
7 0.911679 0.687004 0.142594 0.273159 0.00381017
9 0.707946 0.297069 0.0155273 0.0608706 0.00362715
0 0.33019 0.715988 0.0371827 0.0766989 0.00360411
0 0.76649 0.66295 0.0101379 0.041736 0.00345922
0 0.842097 0.693851 0.0135609 0.024997 0.0034495
7 0.931807 0.704133 0.0479191 0.0554442 0.00340122
74 0.225043 0.428741 0.0521508 0.125254 0.00330862
2 0.69482 0.660557 0.0216412 0.015939 0.00329348
13 0.387574 0.688502 0.0209259 0.0342011 0.00320089
9 0.557785 0.320707 0.0154097 0.0520624 0.00317562
2 0.961201 0.672402 0.0279751 0.0355896 0.00313416
58 0.297411 0.71613 0.0632353 0.0889262 0.00309557
1 0.375501 0.68661 0.0234097 0.0356422 0.00306484
2 0.81061 0.667164 0.0235662 0.0464636 0.00304738
13 0.438292 0.6595 0.029067 0.0267929 0.00304669
2 0.375216 0.690367 0.0291891 0.0390296 0.00289404
2 0.988501 0.73921 0.0212208 0.0575323 0.0028443
9 0.774735 0.516225 0.0180497 0.0282817 0.0028286
9 0.321536 0.442099 0.0155375 0.0525861 0.00280926
2 0.716125 0.653987 0.0221865 0.0248812 0.00275362
2 0.811274 0.674082 0.0230019 0.0416523 0.00271496
0 0.811568 0.678567 0.0227604 0.0297524 0.00267315
58 0.287745 0.717644 0.0437339 0.0913678 0.002655
2 0.707869 0.659078 0.0246895 0.0190238 0.00265154
9 0.459644 0.608023 0.0122036 0.0458393 0.00256956
2 0.284471 0.790322 0.043301 0.0526546 0.00253451
74 0.663252 0.52559 0.0265865 0.0452461 0.00251082
9 0.929825 0.60691 0.0177097 0.0275716 0.00249344
10 0.329449 0.719224 0.0241152 0.0734973 0.00248429
0 0.375501 0.68661 0.0234097 0.0356422 0.00247148
1 0.376789 0.696966 0.0378351 0.0537748 0.00244915
9 0.721834 0.26978 0.0112026 0.040438 0.00242624
9 0.918528 0.603526 0.00835457 0.0319507 0.00235853
1 0.989474 0.738522 0.0192667 0.0568402 0.00232551
13 0.32839 0.734188 0.047671 0.0881379 0.00229016
2 0.71762 0.648831 0.0146281 0.0210506 0.00227374
9 0.530662 0.319838 0.00853882 0.0280333 0.00227213
2 0.814326 0.682333 0.0254787 0.0375988 0.00227031
2 0.32781 0.770293 0.0517005 0.0277952 0.00225484
74 0.303303 0.523572 0.0266739 0.0696688 0.00225192
9 0.552251 0.513332 0.0222286 0.0559564 0.00217864
1 0.438292 0.6595 0.029067 0.0267929 0.00216326
58 0.311314 0.727911 0.0932085 0.108832 0.00212917
9 0.84405 0.448558 0.034824 0.0348262 0.00210798
13 0.384491 0.685777 0.0246822 0.0367319 0.00208831
9 0.675826 0.591248 0.0139294 0.0336625 0.00207439
58 0.697113 0.6293 0.0204796 0.0354816 0.00203875
58 0.332182 0.754696 0.0312219 0.0326688 0.00201082
0 0.696497 0.639752 0.0182247 0.0368524 0.00200903
2 0.33935 0.771353 0.0261179 0.0226162 0.00200886
58 0.588415 0.686042 0.0613819 0.0791397 0.00200781
5 0.588356 0.685821 0.0621265 0.0797148 0.00198767
58 0.375216 0.690367 0.0291891 0.0390296 0.00196376
9 0.444699 0.565894 0.0204185 0.0361523 0.00195777
13 0.425886 0.657483 0.0203434 0.0296262 0.00195634
13 0.7262 0.658352 0.0420703 0.0287984 0.00195366
2 0.842097 0.693851 0.0135609 0.024997 0.00194916
9 0.908338 0.602087 0.0116217 0.0370718 0.00193208
9 0.446194 0.615392 0.0156577 0.0721438 0.00192091
0 0.807943 0.655757 0.0184523 0.0462192 0.00190741
2 0.436318 0.660417 0.0418266 0.0301635 0.00190172
13 0.353682 0.766279 0.142296 0.0455042 0.00189865
13 0.33935 0.771353 0.0261179 0.0226162 0.00188437
10 0.320452 0.718564 0.0246615 0.0750995 0.00187561
9 0.557324 0.51402 0.020995 0.0523945 0.00186008
2 0.505336 0.65864 0.0218838 0.0216902 0.00177237
13 0.333563 0.75895 0.0476064 0.0406361 0.00176898
2 0.960236 0.708601 0.0577457 0.103452 0.00173697
9 0.828088 0.618703 0.0111654 0.0226488 0.00167477
9 0.824599 0.265893 0.0191036 0.0401237 0.00165445
10 0.342412 0.724289 0.0137505 0.0565301 0.00159547
13 0.332182 0.754696 0.0312219 0.0326688 0.00158679
2 0.833563 0.692899 0.0150309 0.0216057 0.00157326
13 0.287852 0.78781 0.0494003 0.0457654 0.00156227
2 0.414573 0.661902 0.03719 0.0243137 0.0015443
0 0.763528 0.666442 0.0101025 0.0345548 0.0015426
0 0.677036 0.597435 0.0118456 0.0281348 0.00153804
0 0.424479 0.658616 0.0216718 0.028575 0.0015254
1 0.425886 0.657483 0.0203434 0.0296262 0.00150067
58 0.314401 0.718464 0.019932 0.0755644 0.00149962
0 0.828088 0.618703 0.0111654 0.0226488 0.00148332
7 0.944189 0.691596 0.0601913 0.0679346 0.00148019
5 0.930754 0.694389 0.0833406 0.0760021 0.00147286
2 0.45591 0.661698 0.0141699 0.0289815 0.0014587
0 0.387776 0.683959 0.0198944 0.0403096 0.00145736
9 0.551541 0.5177 0.0199486 0.0429989 0.00145376
8 0.911165 0.725856 0.135205 0.195098 0.00140056
0 0.45591 0.661698 0.0141699 0.0289815 0.00139236
9 0.115558 0.299175 0.120832 0.101924 0.00138441
13 0.812897 0.680296 0.0208607 0.0301279 0.00138074
2 0.442082 0.65121 0.0186726 0.0307567 0.00136051
0 0.384524 0.678796 0.024922 0.0494645 0.00135419
9 0.532627 0.476746 0.00897226 0.0174791 0.00133914
74 0.222451 0.446966 0.0451775 0.0854088 0.00133348
2 0.915254 0.740578 0.134388 0.126131 0.00133234
9 0.709616 0.288441 0.0170816 0.0406362 0.0013274
0 0.375216 0.690367 0.0291891 0.0390296 0.00131977
9 0.931545 0.610035 0.0195724 0.0375679 0.00131634
9 0.137476 0.299139 0.0747876 0.0993559 0.00129792
9 0.755119 0.216355 0.0136654 0.0281663 0.00129497
9 0.933578 0.608112 0.0264645 0.0319038 0.0012939
9 0.907104 0.598448 0.0137848 0.0463263 0.00129163
0 0.844285 0.689456 0.0154966 0.0347767 0.0012852
0 0.67928 0.618929 0.0122458 0.0748122 0.00128382
13 0.31062 0.770708 0.0880549 0.0411497 0.00127578
8 0.588415 0.686042 0.0613819 0.0791397 0.00127542
2 0.928315 0.682531 0.0792032 0.0510194 0.00127247
58 0.425886 0.657483 0.0203434 0.0296262 0.00125355
9 0.787729 0.516156 0.0426166 0.0269575 0.00125086
9 0.494326 0.285011 0.0170801 0.0205366 0.00124723
13 0.440217 0.666429 0.0485371 0.0442932 0.00124371
0 0.932701 0.706474 0.0298904 0.0421184 0.00124231
9 0.715501 0.279958 0.0194525 0.0317059 0.00122783
1 0.812897 0.680296 0.0208607 0.0301279 0.00122735
58 0.32839 0.734188 0.047671 0.0881379 0.00122651
9 0.491535 0.385087 0.0220835 0.0459369 0.00121656
0 0.457476 0.669245 0.014613 0.0461506 0.00121039
13 0.370363 0.758947 0.107161 0.0431357 0.00120148
9 0.663331 0.28525 0.015649 0.026356 0.00118715
2 0.984767 0.763502 0.0288342 0.128355 0.00118268
1 0.814326 0.682333 0.0254787 0.0375988 0.00117677
9 0.431825 0.496415 0.0295338 0.0679524 0.00117499
58 0.347605 0.716341 0.0281689 0.0736201 0.00117233
7 0.425886 0.657483 0.0203434 0.0296262 0.00116262
58 0.375501 0.68661 0.0234097 0.0356422 0.00115544
13 0.287807 0.7774 0.0493674 0.0274112 0.00114614
2 0.826647 0.687904 0.0316391 0.0331385 0.00114021
2 0.986819 0.741032 0.0220854 0.120425 0.00113228
7 0.936383 0.708127 0.0347488 0.0455874 0.00113189
9 0.397102 0.6001 0.0138347 0.0291322 0.0011318
0 0.792823 0.694179 0.0144985 0.0295715 0.00112614
58 0.333563 0.75895 0.0476064 0.0406361 0.00111157
13 0.375216 0.690367 0.0291891 0.0390296 0.00110921
9 0.859042 0.394684 0.0122896 0.0206966 0.00108874
13 0.45591 0.661698 0.0141699 0.0289815 0.001086
74 0.494326 0.285011 0.0170801 0.0205366 0.00107017
13 0.324819 0.718682 0.0495726 0.0819552 0.00106639
58 0.282325 0.790592 0.0381619 0.0504914 0.00106442
0 0.81061 0.667164 0.0235662 0.0464636 0.0010429
2 0.807943 0.655757 0.0184523 0.0462192 0.00104243
56 0.387574 0.688502 0.0209259 0.0342011 0.00102764
2 0.494763 0.658033 0.0148319 0.0237485 0.00102571
2 0.938002 0.710485 0.0853222 0.0577596 0.00102547
1 0.331125 0.715958 0.0297852 0.0754698 0.00102472
74 0.49099 0.383622 0.0235518 0.0493946 0.00102296
13 0.343112 0.766344 0.0670774 0.0293906 0.00101539
2 0.287807 0.7774 0.0493674 0.0274112 0.00100917
0 0.869091 0.716684 0.0188379 0.0272648 0.00100899
2 0.87469 0.670756 0.0307514 0.108506 0.00100854
13 0.744777 0.660766 0.0133423 0.0238426 0.00100827
58 0.438292 0.6595 0.029067 0.0267929 0.00100726
9 0.550886 0.509776 0.0290358 0.0597024 0.00100583
58 0.807943 0.655757 0.0184523 0.0462192 0.00100404
