56 0.365732 0.925022 0.232964 0.144117 0.919653
68 0.630854 0.504115 0.0866156 0.0678332 0.63287
72 0.745127 0.501815 0.139667 0.285612 0.559675
40 0.14511 0.447461 0.0274056 0.081455 0.416394
68 0.62243 0.504879 0.067845 0.0605268 0.400018
41 0.5004 0.610325 0.0557483 0.0933034 0.384782
56 0.124279 0.911247 0.245637 0.167539 0.312996
39 0.732388 0.624179 0.0141926 0.0767431 0.312269
40 0.121302 0.445017 0.0239127 0.0829035 0.2572
39 0.615534 0.409007 0.0137844 0.0521863 0.250137
39 0.603563 0.41385 0.013751 0.0523352 0.24277
39 0.580778 0.414611 0.0172686 0.0515014 0.213862
39 0.607539 0.29621 0.0142333 0.0374292 0.206697
72 0.795423 0.500564 0.239962 0.283782 0.198486
40 0.149581 0.444576 0.0268296 0.0767961 0.190871
39 0.65507 0.289161 0.0186443 0.0414749 0.163993
40 0.11021 0.443787 0.0324536 0.0873494 0.154521
40 0.167064 0.441378 0.0223719 0.0795119 0.150766
41 0.343173 0.566052 0.0354342 0.0471499 0.149347
39 0.631141 0.354343 0.0143023 0.0353182 0.146686
39 0.500314 0.505345 0.0165609 0.0647652 0.145625
40 0.128013 0.445325 0.0232436 0.0807296 0.133667
39 0.645233 0.350366 0.0165194 0.0418848 0.133168
69 0.630327 0.504953 0.0863597 0.0673061 0.128622
39 0.641501 0.349002 0.0231389 0.0443057 0.120525
39 0.634177 0.350111 0.0195848 0.0439086 0.114607
39 0.69291 0.617283 0.0262093 0.0645082 0.110202
39 0.589249 0.415059 0.0125933 0.051334 0.104177
39 0.706502 0.333736 0.0307248 0.0572804 0.103026
40 0.155654 0.443876 0.0211143 0.0815442 0.0990465
40 0.178442 0.43186 0.022784 0.0932186 0.0930181
39 0.529653 0.296268 0.0219688 0.0520485 0.0882157
39 0.586611 0.415774 0.0130997 0.05156 0.0864861
41 0.835374 0.302618 0.0365776 0.0355272 0.0848325
41 0.706552 0.333018 0.0336384 0.0583502 0.0843012
39 0.612814 0.413073 0.013674 0.0520065 0.0833645
41 0.120942 0.44557 0.0240291 0.083515 0.0816918
39 0.527909 0.298228 0.0157222 0.045719 0.0808971
39 0.557869 0.301536 0.0119063 0.0344965 0.0780332
39 0.567035 0.414791 0.0102448 0.0508227 0.0764957
39 0.590705 0.298755 0.0137465 0.0337333 0.0750641
40 0.135385 0.446917 0.0252487 0.0810415 0.0729589
41 0.412167 0.612568 0.0509774 0.0684533 0.0728168
39 0.543547 0.299104 0.0125582 0.0437321 0.0717376
39 0.783631 0.370745 0.0364528 0.0908653 0.0716095
71 0.646303 0.653627 0.250991 0.0298915 0.0708346
71 0.605341 0.652398 0.169855 0.027582 0.0707652
75 0.500323 0.610399 0.0551306 0.0933392 0.0699322
39 0.642419 0.290823 0.0150483 0.0404045 0.0651698
41 0.144463 0.44605 0.0262283 0.0826822 0.063886
41 0.608162 0.295679 0.0157282 0.0392274 0.0633461
60 0.688008 0.983927 0.340788 0.0321463 0.0632604
40 0.20259 0.43554 0.0234045 0.0754764 0.0621137
39 0.555218 0.418389 0.016824 0.0499365 0.0616747
40 0.108416 0.446216 0.0232533 0.0837631 0.0590855
39 0.621866 0.294057 0.0128263 0.0385135 0.0588952
56 0.688008 0.983927 0.340788 0.0321463 0.0574557
39 0.570782 0.415643 0.0109138 0.0524976 0.0568365
41 0.589216 0.298519 0.0144482 0.0358196 0.0563329
39 0.543526 0.293999 0.0146177 0.0541328 0.0553371
68 0.449001 0.506782 0.0417336 0.0772944 0.0547665
40 0.244154 0.432403 0.0252387 0.0695938 0.0539875
40 0.191686 0.434106 0.0238403 0.0838897 0.0539218
71 0.697587 0.655224 0.396128 0.0326534 0.0530928
39 0.658094 0.291769 0.0250128 0.0422301 0.0521553
39 0.569615 0.301069 0.0113909 0.0351102 0.0504955
39 0.628887 0.292211 0.0141777 0.0407901 0.0480134
40 0.232896 0.43348 0.018619 0.0709597 0.0473867
39 0.562699 0.416929 0.0151131 0.0521341 0.0466525
45 0.598571 0.126816 0.0691689 0.0596982 0.0466258
40 0.218946 0.434443 0.0245871 0.0717304 0.0447801
39 0.524259 0.300679 0.0154499 0.0439874 0.0445662
39 0.120944 0.588579 0.0162534 0.107984 0.0443712
39 0.631348 0.293194 0.010031 0.0376605 0.0438353
45 0.284295 0.59432 0.0592253 0.0257561 0.0431358
45 0.343173 0.566052 0.0354342 0.0471499 0.0430448
39 0.242884 0.433015 0.0253065 0.0726852 0.0424079
39 0.637866 0.292369 0.0126112 0.0370877 0.0421029
39 0.124141 0.592006 0.025591 0.113185 0.0419106
39 0.580289 0.299804 0.00971107 0.0356862 0.0418368
41 0.177269 0.600063 0.0889546 0.0993289 0.0411253
41 0.812581 0.30102 0.0220333 0.0444244 0.0411018
39 0.572248 0.301502 0.0127701 0.0326032 0.0410461
39 0.626535 0.29283 0.0151274 0.0386281 0.0406484
41 0.844208 0.617155 0.0334179 0.0290677 0.0403162
41 0.167328 0.441692 0.0218756 0.0769926 0.040291
71 0.504518 0.655021 0.62446 0.0494324 0.039789
68 0.234769 0.576405 0.0374895 0.0649721 0.0394326
57 0.699866 0.984289 0.346435 0.0314225 0.038975
39 0.147498 0.614492 0.0295178 0.0711987 0.0386888
45 0.500897 0.609775 0.0549837 0.0918182 0.0385095
71 0.594472 0.650629 0.144488 0.022243 0.0381841
45 0.862358 0.646174 0.0774014 0.0321279 0.0376128
41 0.410724 0.575175 0.0519054 0.137818 0.0352182
73 0.862071 0.647664 0.0743687 0.0352198 0.0349393
40 0.182718 0.436438 0.0197795 0.0802612 0.0342943
41 0.182718 0.436438 0.0197795 0.0802612 0.0335748
39 0.537275 0.296875 0.014066 0.0498779 0.0332139
39 0.784552 0.356561 0.027297 0.0941911 0.0331795
40 0.249881 0.431219 0.022458 0.0667543 0.0329371
68 0.25897 0.564403 0.088857 0.0833159 0.0328664
70 0.62243 0.504879 0.067845 0.0605268 0.0324414
41 0.147498 0.614492 0.0295178 0.0711987 0.031862
41 0.4074 0.542306 0.050972 0.0869066 0.0315283
41 0.108416 0.446216 0.0232533 0.0837631 0.0314504
41 0.805495 0.301531 0.0168892 0.0458148 0.0310697
39 0.561021 0.29874 0.0138247 0.0382554 0.0309924
71 0.660009 0.655345 0.296361 0.0379674 0.030796
39 0.534157 0.29617 0.0192148 0.0522732 0.0303937
41 0.554822 0.354358 0.0205523 0.0444332 0.0302003
40 0.171591 0.437596 0.0291278 0.119533 0.0300601
41 0.205294 0.439196 0.0156512 0.0665058 0.0297541
45 0.592962 0.131763 0.0571695 0.0525206 0.0296797
40 0.0866734 0.4131 0.0330989 0.089149 0.02953
39 0.805495 0.301531 0.0168892 0.0458148 0.0294252
39 0.126199 0.6058 0.0209225 0.0851954 0.0292335
45 0.24792 0.507857 0.0606426 0.0456711 0.0289641
41 0.178442 0.43186 0.022784 0.0932186 0.0280055
41 0.75256 0.620541 0.0290255 0.0414185 0.0272639
41 0.192276 0.443984 0.0186427 0.0632882 0.026821
41 0.795122 0.1323 0.0192471 0.050235 0.0265287
39 0.120001 0.446281 0.025632 0.0818478 0.0264925
45 0.763436 0.318122 0.0519121 0.0547957 0.0262595
41 0.807642 0.300061 0.024037 0.0455273 0.0261036
40 0.0880587 0.429335 0.032024 0.110341 0.0259151
39 0.631842 0.427672 0.0223223 0.0219149 0.0257952
68 0.240523 0.507614 0.0835634 0.0485479 0.0252934
39 0.793859 0.133715 0.0197399 0.050632 0.0252299
68 0.265694 0.563894 0.0634381 0.0792417 0.0251678
39 0.178442 0.43186 0.022784 0.0932186 0.0250356
73 0.252169 0.624457 0.0659341 0.0288526 0.024979
40 0.0833926 0.401017 0.0313522 0.0572503 0.0246822
41 0.55874 0.301886 0.0126913 0.0323615 0.0246067
39 0.821879 0.410595 0.01054 0.0500977 0.0244283
41 0.11021 0.443787 0.0324536 0.0873494 0.0242985
45 0.300958 0.636389 0.0471379 0.0299601 0.0241349
39 0.344304 0.471975 0.0154258 0.0537177 0.0241309
39 0.540076 0.417688 0.0201595 0.0502125 0.0238729
70 0.449001 0.506782 0.0417336 0.0772944 0.023048
39 0.782901 0.406799 0.040538 0.123174 0.022719
41 0.900719 0.617855 0.0467335 0.0944705 0.0227063
73 0.830475 0.442576 0.0570713 0.0159835 0.0226852
41 0.220621 0.436975 0.0175855 0.0658267 0.0226333
41 0.0818478 0.583026 0.0367067 0.0548752 0.0225732
39 0.639992 0.330475 0.0259744 0.0795188 0.022464
45 0.249146 0.506701 0.0440539 0.0437356 0.0223328
41 0.124835 0.445007 0.0245455 0.0796623 0.0221015
39 0.212731 0.435939 0.018532 0.0716525 0.0215065
41 0.247856 0.431689 0.0260417 0.0692126 0.0210926
60 0.501884 0.636276 0.927449 0.0978246 0.0210146
39 0.661045 0.319456 0.0261659 0.0961038 0.0209584
39 0.519589 0.417983 0.0231926 0.0531373 0.0205956
41 0.149581 0.444576 0.0268296 0.0767961 0.020067
41 0.20259 0.43554 0.0234045 0.0754764 0.0198865
41 0.623356 0.293526 0.0144769 0.0391967 0.0197206
41 0.886171 0.434774 0.0241253 0.0934878 0.0195827
41 0.567609 0.352821 0.0215079 0.0442551 0.0194705
41 0.895888 0.612683 0.0352039 0.0836321 0.0194559
39 0.514013 0.417708 0.0154811 0.0553232 0.0192736
40 0.101457 0.440028 0.0248293 0.0961537 0.0192709
39 0.167064 0.441378 0.0223719 0.0795119 0.0190985
45 0.291074 0.498385 0.0351645 0.0282233 0.0190636
41 0.193533 0.433079 0.0221461 0.0838415 0.0189811
41 0.544302 0.299889 0.0131617 0.0405093 0.0188663
45 0.827838 0.306046 0.0524685 0.0316179 0.0186328
39 0.144463 0.44605 0.0262283 0.0826822 0.0179237
59 0.699866 0.984289 0.346435 0.0314225 0.0175394
39 0.118891 0.588531 0.0253811 0.111239 0.0174925
41 0.169244 0.435254 0.0268082 0.0905834 0.0171401
73 0.300575 0.636141 0.0488476 0.0305153 0.0170578
39 0.638395 0.428528 0.0158999 0.0229261 0.0167555
41 0.519589 0.417983 0.0231926 0.0531373 0.0167118
40 0.0969322 0.434532 0.0261368 0.107078 0.0164192
39 0.182718 0.436438 0.0197795 0.0802612 0.0164177
39 0.249881 0.431219 0.022458 0.0667543 0.0162599
41 0.305119 0.496229 0.00847969 0.0304038 0.0156828
71 0.602953 0.658753 0.685751 0.0608526 0.015414
45 0.59579 0.119275 0.0618542 0.0442512 0.0152934
67 0.300884 0.638914 0.0485641 0.0253571 0.0152256
41 0.578665 0.361256 0.024872 0.0223686 0.0151612
41 0.762262 0.320469 0.0478485 0.0554006 0.0149019
73 0.835438 0.456396 0.0885712 0.0196607 0.0146591
39 0.331918 0.493627 0.0140633 0.0324453 0.0145195
39 0.79455 0.427458 0.0119289 0.0411962 0.0143213
68 0.260006 0.513495 0.127008 0.0607834 0.0142325
41 0.572248 0.301502 0.0127701 0.0326032 0.0141835
39 0.637865 0.342734 0.0281371 0.05708 0.0141206
39 0.220621 0.436975 0.0175855 0.0658267 0.0140496
45 0.251744 0.623656 0.0654161 0.0294493 0.0140117
41 0.637866 0.292369 0.0126112 0.0370877 0.01397
41 0.555218 0.418389 0.016824 0.0499365 0.0137481
39 0.205294 0.439196 0.0156512 0.0665058 0.0135861
73 0.233469 0.578264 0.0402876 0.065006 0.0134265
70 0.234769 0.576405 0.0374895 0.0649721 0.0133783
45 0.487379 0.438388 0.0259302 0.0133525 0.0133084
56 0.268876 0.56432 0.0564527 0.0761313 0.01328
41 0.580289 0.299804 0.00971107 0.0356862 0.0131719
41 0.822556 0.111475 0.0354351 0.0737985 0.0131053
65 0.300575 0.636141 0.0488476 0.0305153 0.0130996
75 0.343173 0.566052 0.0354342 0.0471499 0.012982
41 0.218212 0.433251 0.0296505 0.0694926 0.0129142
41 0.569615 0.301069 0.0113909 0.0351102 0.0128708
39 0.405051 0.487628 0.0134859 0.0312164 0.0127867
41 0.201017 0.511632 0.0263244 0.0319 0.0127032
60 0.45254 0.943682 0.819971 0.10632 0.0126737
39 0.795111 0.416424 0.0129124 0.0232435 0.0126124
41 0.527909 0.298228 0.0157222 0.045719 0.0125128
39 0.605564 0.417037 0.0150299 0.0514671 0.0124642
41 0.534157 0.29617 0.0192148 0.0522732 0.0124054
45 0.286257 0.457636 0.0345226 0.0192691 0.0123188
39 0.639736 0.321539 0.0298763 0.104898 0.0121774
45 0.833621 0.302913 0.0396481 0.036504 0.0121308
41 0.131888 0.445448 0.0253406 0.0833117 0.0121252
39 0.535825 0.366795 0.0198389 0.0268122 0.0120712
71 0.25897 0.564403 0.088857 0.0833159 0.0120156
41 0.561021 0.29874 0.0138247 0.0382554 0.0118684
39 0.662502 0.334348 0.025241 0.0686779 0.0118625
41 0.535825 0.366795 0.0198389 0.0268122 0.0118289
40 0.220621 0.436975 0.0175855 0.0658267 0.0116901
39 0.108808 0.448178 0.0212755 0.0791471 0.0116778
73 0.177269 0.600063 0.0889546 0.0993289 0.0116761
41 0.881899 0.435081 0.0292889 0.0978839 0.0116747
62 0.448568 0.506213 0.0394149 0.0758245 0.0116367
40 0.187198 0.435995 0.0199379 0.0797438 0.0115988
45 0.591835 0.139397 0.0535229 0.0355712 0.0115792
40 0.205294 0.439196 0.0156512 0.0665058 0.0115083
71 0.633477 0.655144 0.202499 0.0236516 0.0114195
39 0.330472 0.496481 0.019076 0.03898 0.0114084
39 0.187198 0.435995 0.0199379 0.0797438 0.0113361
39 0.520747 0.529014 0.016185 0.0201392 0.0113351
75 0.120942 0.44557 0.0240291 0.083515 0.0113238
41 0.206833 0.511483 0.0176977 0.0331998 0.0111472
41 0.631842 0.427672 0.0223223 0.0219149 0.0111109
41 0.155654 0.443876 0.0211143 0.0815442 0.0110827
41 0.096752 0.582312 0.0290096 0.0495682 0.0110142
41 0.288595 0.501179 0.0235925 0.0299494 0.0108999
62 0.62243 0.504879 0.067845 0.0605268 0.010858
39 0.121136 0.552737 0.0134564 0.0368998 0.0107504
45 0.849648 0.346835 0.094294 0.0193497 0.0106853
41 0.510125 0.417332 0.0130217 0.0536296 0.010627
40 0.0819764 0.432519 0.0302791 0.103004 0.0105818
44 0.206833 0.511483 0.0176977 0.0331998 0.0104692
41 0.411179 0.621846 0.0508285 0.0492457 0.0103861
41 0.660094 0.290067 0.0225412 0.0422408 0.0103239
39 0.508987 0.507809 0.0199609 0.0635652 0.0103237
39 0.900719 0.617855 0.0467335 0.0944705 0.0103189
70 0.630089 0.504424 0.0868462 0.0678349 0.0103174
70 0.265694 0.563894 0.0634381 0.0792417 0.0103156
39 0.191686 0.434106 0.0238403 0.0838897 0.0103063
41 0.869897 0.416245 0.0137543 0.0595538 0.0102673
63 0.27737 0.565118 0.0907526 0.0838926 0.0102648
63 0.268876 0.56432 0.0564527 0.0761313 0.0101812
39 0.782873 0.358173 0.0298317 0.0695218 0.0101791
40 0.784153 0.365958 0.0366617 0.0968093 0.0101508
75 0.14511 0.447461 0.0274056 0.081455 0.0100608
41 0.631141 0.354343 0.0143023 0.0353182 0.0100235
39 0.342984 0.566428 0.0358722 0.0494624 0.00999883
41 0.631348 0.293194 0.010031 0.0376605 0.00999817
41 0.234019 0.431922 0.0185965 0.0684049 0.00986344
41 0.638395 0.428528 0.0158999 0.0229261 0.00979766
39 0.234019 0.431922 0.0185965 0.0684049 0.00970623
41 0.524259 0.300679 0.0154499 0.0439874 0.00964919
39 0.192276 0.443984 0.0186427 0.0632882 0.00959706
41 0.826136 0.1166 0.0515999 0.0833546 0.00956622
41 0.732535 0.623584 0.0159143 0.0736387 0.00934988
41 0.636032 0.349096 0.0229969 0.0453879 0.00926822
45 0.759677 0.325165 0.0446168 0.0434096 0.00913715
41 0.654516 0.291405 0.0166305 0.0384465 0.0091182
40 0.183124 0.448734 0.02072 0.0595079 0.00900835
39 0.654838 0.341827 0.0281161 0.0534832 0.00878349
41 0.183124 0.448734 0.02072 0.0595079 0.00873545
45 0.277219 0.566062 0.0709513 0.078258 0.00871703
39 0.531946 0.41805 0.0172024 0.0511129 0.00871405
39 0.11021 0.443787 0.0324536 0.0873494 0.00859651
41 0.641501 0.349002 0.0231389 0.0443057 0.00853899
68 0.27737 0.565118 0.0907526 0.0838926 0.00851211
39 0.343161 0.488162 0.0140904 0.0299783 0.00845018
45 0.264476 0.507838 0.0268565 0.034156 0.00843582
40 0.192276 0.443984 0.0186427 0.0632882 0.0083769
39 0.37239 0.527048 0.0265203 0.0933899 0.00837108
73 0.830567 0.475171 0.094252 0.019204 0.00836146
41 0.316574 0.494199 0.018179 0.0301193 0.00834545
39 0.632693 0.413058 0.0219316 0.045868 0.00832447
39 0.762108 0.319486 0.0495274 0.0532757 0.00831401
71 0.521803 0.643542 0.772297 0.0741924 0.00826594
39 0.20259 0.43554 0.0234045 0.0754764 0.00822863
39 0.885325 0.432848 0.0269026 0.0892438 0.00821987
45 0.201017 0.511632 0.0263244 0.0319 0.00819659
71 0.641026 0.667321 0.374085 0.0533765 0.00819555
69 0.651988 0.505004 0.0429022 0.0657715 0.00816351
40 0.104936 0.430731 0.026978 0.110827 0.0080857
41 0.562699 0.416929 0.0151131 0.0521341 0.00798085
62 0.26828 0.561289 0.0595607 0.0731795 0.0079121
63 0.235533 0.577986 0.0354092 0.0661494 0.00789618
45 0.831331 0.330674 0.0779818 0.0177338 0.00788155
41 0.538742 0.418281 0.017519 0.0546205 0.00785655
39 0.236602 0.578258 0.0330321 0.0618446 0.00785631
62 0.236026 0.577905 0.034606 0.0615261 0.00780934
56 0.0552371 0.914153 0.108438 0.165473 0.00769162
71 0.662164 0.655562 0.13501 0.0185092 0.00766411
