16 0.616382 0.357247 0.544077 0.545329 0.756306
28 0.232591 0.796196 0.461169 0.388027 0.282147
24 0.233851 0.794502 0.46402 0.388022 0.180949
24 0.288812 0.814412 0.349672 0.350784 0.17881
59 0.466934 0.492848 0.930742 0.976153 0.173064
15 0.910076 0.454672 0.13322 0.315943 0.096772
26 0.233851 0.794502 0.46402 0.388022 0.0926209
16 0.556922 0.641107 0.769677 0.665196 0.0700351
26 0.288761 0.810875 0.351421 0.355828 0.0558998
16 0.910076 0.454672 0.13322 0.315943 0.0548865
24 0.561761 0.646435 0.876478 0.676629 0.0493513
57 0.466934 0.492848 0.930742 0.976153 0.0457534
13 0.466934 0.492848 0.930742 0.976153 0.0414799
0 0.580823 0.641602 0.823838 0.67061 0.0368853
0 0.56904 0.517513 0.86192 0.935389 0.031572
39 0.696372 0.591582 0.176938 0.23341 0.0303068
16 0.659917 0.411208 0.649524 0.435845 0.0300927
16 0.647239 0.533716 0.681728 0.889293 0.0285093
16 0.842599 0.455224 0.28689 0.339288 0.0269218
77 0.615953 0.353785 0.543551 0.53856 0.0195988
56 0.597311 0.517092 0.79977 0.935566 0.0195362
28 0.0932041 0.794686 0.184299 0.390108 0.0188898
0 0.980568 0.185112 0.0383148 0.211671 0.0180687
1 0.566711 0.644515 0.824964 0.681579 0.0176044
15 0.618965 0.357274 0.543374 0.544298 0.0165961
26 0.566711 0.644515 0.824964 0.681579 0.0163952
24 0.0864895 0.794555 0.171065 0.391794 0.0153902
28 0.561761 0.646435 0.876478 0.676629 0.0150584
28 0.290336 0.812014 0.349628 0.355395 0.014896
56 0.875533 0.204382 0.245165 0.387756 0.0147091
26 0.0864895 0.794555 0.171065 0.391794 0.0139505
3 0.561761 0.646435 0.876478 0.676629 0.0121583
56 0.23341 0.797697 0.460723 0.384676 0.0116828
15 0.910104 0.420387 0.111914 0.240939 0.0114149
24 0.134801 0.795716 0.267013 0.388884 0.0114081
0 0.983372 0.716469 0.0306129 0.158314 0.0109681
16 0.360845 0.487276 0.398299 0.352175 0.0107483
39 0.527276 0.68646 0.241538 0.233111 0.0102894
16 0.685402 0.326305 0.610191 0.616696 0.010032
73 0.527276 0.68646 0.241538 0.233111 0.00947499
1 0.629811 0.518416 0.733393 0.92597 0.0092265
16 0.617613 0.380442 0.741866 0.555899 0.00914717
0 0.976043 0.239685 0.0479141 0.328823 0.00834882
16 0.483447 0.569138 0.636746 0.527295 0.00833151
56 0.872273 0.466036 0.251821 0.903323 0.00821856
45 0.439809 0.534885 0.196895 0.179152 0.00814006
28 0.134801 0.795716 0.267013 0.388884 0.00772735
16 0.910104 0.420387 0.111914 0.240939 0.00764358
15 0.909826 0.373179 0.105738 0.145206 0.00759473
41 0.402251 0.474808 0.292443 0.330943 0.00726464
15 0.842599 0.455224 0.28689 0.339288 0.00717765
28 0.597311 0.517092 0.79977 0.935566 0.00715384
15 0.659917 0.411208 0.649524 0.435845 0.00708422
26 0.690434 0.591437 0.190874 0.231827 0.00687489
31 0.556922 0.641107 0.769677 0.665196 0.0068039
77 0.910076 0.454672 0.13322 0.315943 0.00669381
24 0.98131 0.185388 0.0373796 0.214094 0.00667635
36 0.519572 0.58193 0.707934 0.564306 0.00659442
1 0.670865 0.67061 0.652698 0.623284 0.00658646
39 0.556922 0.641107 0.769677 0.665196 0.00632843
26 0.134801 0.795716 0.267013 0.388884 0.00631002
16 0.909826 0.373179 0.105738 0.145206 0.00627854
65 0.401227 0.474474 0.293151 0.327143 0.00627699
39 0.401227 0.474474 0.293151 0.327143 0.00620925
15 0.981628 0.185011 0.0366688 0.213713 0.00560036
15 0.982903 0.714978 0.0319569 0.163067 0.00557637
57 0.23341 0.797697 0.460723 0.384676 0.00540963
0 0.233102 0.797264 0.458928 0.384813 0.00484583
59 0.299561 0.429282 0.597089 0.84578 0.00464755
0 0.288812 0.814412 0.349672 0.350784 0.00462011
24 0.360845 0.487276 0.398299 0.352175 0.00431907
59 0.518641 0.656047 0.962718 0.662737 0.00428465
0 0.360845 0.487276 0.398299 0.352175 0.00421506
56 0.518641 0.656047 0.962718 0.662737 0.00418308
16 0.981628 0.185011 0.0366688 0.213713 0.00414285
26 0.112899 0.5468 0.136328 0.162084 0.00412542
57 0.675325 0.453506 0.645062 0.868421 0.00412515
29 0.439809 0.534885 0.196895 0.179152 0.00405747
77 0.647239 0.533716 0.681728 0.889293 0.00397715
56 0.290299 0.815268 0.348919 0.349296 0.00389418
15 0.885545 0.450522 0.184221 0.353451 0.00384775
15 0.938986 0.173961 0.120222 0.211024 0.00378847
56 0.112715 0.546978 0.135867 0.161345 0.00378692
26 0.529355 0.68681 0.243436 0.230855 0.00370866
16 0.400545 0.540221 0.47008 0.457057 0.00358707
28 0.232241 0.706195 0.458139 0.555416 0.00357547
15 0.617613 0.380442 0.741866 0.555899 0.00346997
59 0.292626 0.291273 0.580994 0.569418 0.00342858
26 0.98131 0.185388 0.0373796 0.214094 0.00339833
16 0.982903 0.714978 0.0319569 0.163067 0.00330716
57 0.113105 0.545966 0.136542 0.161077 0.00328565
56 0.875644 0.325642 0.246374 0.587464 0.0032796
59 0.635894 0.532794 0.683518 0.895667 0.00322327
64 0.401227 0.474474 0.293151 0.327143 0.00319916
28 0.115544 0.77171 0.192112 0.33472 0.00319114
26 0.261815 0.551467 0.196242 0.245219 0.00303718
75 0.980568 0.185112 0.0383148 0.211671 0.00303265
0 0.93889 0.152376 0.103387 0.184365 0.0029625
77 0.980649 0.18331 0.0379292 0.212383 0.00294116
65 0.696372 0.591582 0.176938 0.23341 0.00291556
16 0.517783 0.503565 0.964435 0.929359 0.00290748
56 0.981628 0.185011 0.0366688 0.213713 0.00277513
20 0.617001 0.354008 0.541935 0.536938 0.00271624
0 0.940545 0.185247 0.116303 0.229379 0.00264508
3 0.597311 0.517092 0.79977 0.935566 0.00264484
26 0.597311 0.517092 0.79977 0.935566 0.00258633
0 0.93915 0.239026 0.121053 0.34937 0.00257686
16 0.416912 0.622814 0.505086 0.623609 0.00252977
39 0.980568 0.185112 0.0383148 0.211671 0.00249448
24 0.314232 0.663048 0.624275 0.640488 0.00247395
24 0.416912 0.622814 0.505086 0.623609 0.00242144
1 0.688235 0.756053 0.616587 0.463419 0.0024195
14 0.910076 0.454672 0.13322 0.315943 0.00238463
31 0.483447 0.569138 0.636746 0.527295 0.00233209
59 0.233851 0.794502 0.46402 0.388022 0.00231996
73 0.547412 0.623705 0.308038 0.365273 0.00225005
78 0.692354 0.591723 0.185455 0.232103 0.00218412
24 0.691769 0.59097 0.18684 0.231491 0.00215793
28 0.112715 0.546978 0.135867 0.161345 0.00214112
15 0.911494 0.348562 0.101391 0.0986449 0.00210693
32 0.691769 0.59097 0.18684 0.231491 0.00210416
24 0.282719 0.548414 0.236952 0.270008 0.00209764
59 0.687256 0.444648 0.619932 0.783193 0.00206599
28 0.0855618 0.916507 0.168293 0.157435 0.00206289
45 0.692354 0.591723 0.185455 0.232103 0.00204846
39 0.483447 0.569138 0.636746 0.527295 0.00204587
0 0.906256 0.455299 0.141017 0.319586 0.00204545
60 0.597311 0.517092 0.79977 0.935566 0.00200143
15 0.98149 0.23798 0.0364223 0.323053 0.00198272
3 0.233851 0.794502 0.46402 0.388022 0.00196731
16 0.260115 0.542033 0.189818 0.226276 0.00195989
73 0.693864 0.591308 0.182645 0.232521 0.00188231
26 0.289219 0.559983 0.249923 0.275014 0.00187686
26 0.360845 0.487276 0.398299 0.352175 0.00187433
15 0.954342 0.186994 0.0903322 0.223599 0.0018388
0 0.44263 0.646343 0.629181 0.666143 0.00183225
26 0.679561 0.70764 0.630346 0.551548 0.00182611
21 0.615953 0.353785 0.543551 0.53856 0.0018197
77 0.659917 0.411208 0.649524 0.435845 0.0018183
56 0.884721 0.269845 0.228711 0.43034 0.00177476
24 0.940545 0.185247 0.116303 0.229379 0.0017539
15 0.914294 0.532002 0.12672 0.144601 0.00173354
16 0.911558 0.353398 0.101025 0.108522 0.00171596
24 0.623654 0.556753 0.749179 0.859324 0.00169814
24 0.483447 0.569138 0.636746 0.527295 0.00168625
28 0.110642 0.728164 0.178248 0.248225 0.00168446
77 0.360845 0.487276 0.398299 0.352175 0.00168231
18 0.615953 0.353785 0.543551 0.53856 0.00163409
28 0.314232 0.663048 0.624275 0.640488 0.00163347
45 0.477042 0.646352 0.298917 0.415479 0.00162503
0 0.413439 0.564636 0.50494 0.508106 0.00160819
77 0.390641 0.469653 0.300713 0.331137 0.00160748
2 0.474651 0.492513 0.946132 0.974365 0.00159657
36 0.56417 0.523499 0.864814 0.92372 0.00159407
16 0.98149 0.23798 0.0364223 0.323053 0.00159156
24 0.232241 0.706195 0.458139 0.555416 0.0015859
24 0.112899 0.5468 0.136328 0.162084 0.00157276
39 0.515508 0.631365 0.258509 0.380114 0.00155491
59 0.722844 0.764575 0.552328 0.444681 0.00155199
15 0.901197 0.442803 0.0939396 0.123347 0.00154722
56 0.98149 0.23798 0.0364223 0.323053 0.00154197
24 0.679561 0.70764 0.630346 0.551548 0.00154066
65 0.597282 0.663766 0.102546 0.172177 0.00151947
57 0.219925 0.489908 0.435787 0.949667 0.00151598
26 0.911706 0.4524 0.124723 0.309299 0.00147203
16 0.954342 0.186994 0.0903322 0.223599 0.00146487
41 0.356873 0.421316 0.194991 0.217505 0.00145155
14 0.617001 0.354008 0.541935 0.536938 0.00145075
38 0.519572 0.58193 0.707934 0.564306 0.00142908
77 0.517783 0.503565 0.964435 0.929359 0.00142792
39 0.431892 0.532941 0.213548 0.188463 0.00142691
13 0.299561 0.429282 0.597089 0.84578 0.00141662
57 0.981591 0.202159 0.0364346 0.249507 0.00140432
15 0.926788 0.354968 0.14303 0.115108 0.00140226
16 0.926788 0.354968 0.14303 0.115108 0.00139692
24 0.517783 0.503565 0.964435 0.929359 0.00139245
26 0.390641 0.469653 0.300713 0.331137 0.00139189
16 0.888054 0.354533 0.217488 0.61158 0.00138178
8 0.466934 0.492848 0.930742 0.976153 0.0013777
24 0.400545 0.540221 0.47008 0.457057 0.00136214
2 0.981224 0.185121 0.0360678 0.212894 0.00135246
28 0.262924 0.546257 0.196194 0.234643 0.00135115
15 0.647239 0.533716 0.681728 0.889293 0.00135002
67 0.402251 0.474808 0.292443 0.330943 0.00134933
0 0.401227 0.474474 0.293151 0.327143 0.00134185
0 0.617001 0.354008 0.541935 0.536938 0.00132674
16 0.938009 0.197126 0.122327 0.2533 0.00132355
41 0.477042 0.646352 0.298917 0.415479 0.00131166
64 0.691769 0.59097 0.18684 0.231491 0.00130665
39 0.477042 0.646352 0.298917 0.415479 0.0012809
28 0.684846 0.741584 0.621445 0.489836 0.00127292
58 0.981224 0.185121 0.0360678 0.212894 0.00127149
2 0.233851 0.794502 0.46402 0.388022 0.00127056
45 0.483602 0.534407 0.108417 0.167764 0.00126636
0 0.691769 0.59097 0.18684 0.231491 0.00124985
16 0.932288 0.25872 0.134483 0.378713 0.00124601
41 0.696372 0.591582 0.176938 0.23341 0.00124106
0 0.261815 0.551467 0.196242 0.245219 0.0012233
56 0.50898 0.642277 0.697225 0.673536 0.00120053
14 0.912722 0.345409 0.102564 0.0924212 0.00117224
56 0.932288 0.25872 0.134483 0.378713 0.00116965
15 0.932288 0.25872 0.134483 0.378713 0.00116894
29 0.519572 0.58193 0.707934 0.564306 0.00116619
57 0.87571 0.405795 0.245729 0.723011 0.00116539
56 0.687256 0.444648 0.619932 0.783193 0.00115469
24 0.52766 0.688258 0.241915 0.238902 0.00115451
26 0.314232 0.663048 0.624275 0.640488 0.00115284
45 0.390692 0.471717 0.29936 0.323568 0.00112927
77 0.842599 0.455224 0.28689 0.339288 0.00112897
32 0.402251 0.474808 0.292443 0.330943 0.0011254
52 0.617001 0.354008 0.541935 0.536938 0.00111216
56 0.26433 0.552206 0.203007 0.245822 0.00109303
73 0.498506 0.631024 0.320617 0.388415 0.00109291
73 0.495117 0.676788 0.155311 0.151044 0.0010885
30 0.580823 0.641602 0.823838 0.67061 0.00108266
13 0.628376 0.480077 0.737262 0.924395 0.00107917
16 0.546037 0.504429 0.758404 0.778783 0.00107747
56 0.0932041 0.794686 0.184299 0.390108 0.00107411
27 0.489963 0.644312 0.655306 0.670749 0.00106737
16 0.925313 0.356697 0.146952 0.332676 0.00105885
41 0.528183 0.685918 0.24607 0.232118 0.00105846
16 0.885545 0.450522 0.184221 0.353451 0.00105
0 0.314232 0.663048 0.624275 0.640488 0.00104859
24 0.495044 0.807789 0.946874 0.359684 0.00104761
74 0.696372 0.591582 0.176938 0.23341 0.00104403
57 0.232241 0.706195 0.458139 0.555416 0.00102556
