0 0.505326 0.506301 0.985777 0.969156 0.936473
39 0.428629 0.925593 0.162429 0.1475 0.646167
54 0.634622 0.428454 0.23893 0.110301 0.517703
74 0.884737 0.60915 0.0602354 0.0275052 0.246194
48 0.633563 0.428421 0.241621 0.111434 0.161465
74 0.884648 0.610079 0.0686961 0.0370208 0.152669
55 0.634797 0.428182 0.237537 0.110721 0.126071
56 0.0258779 0.549669 0.0494507 0.247681 0.0707551
56 0.0315289 0.889201 0.0603844 0.215887 0.0633002
74 0.884125 0.606994 0.0857913 0.0410419 0.0602858
56 0.0463298 0.551967 0.087709 0.254171 0.044732
53 0.634978 0.427923 0.236436 0.110815 0.0367382
56 0.0721272 0.707851 0.141331 0.555929 0.0351513
56 0.20498 0.698566 0.409636 0.550848 0.0283217
54 0.425696 0.301936 0.0933041 0.041053 0.0225976
52 0.633298 0.428791 0.240231 0.110328 0.0217299
56 0.0633945 0.864361 0.124872 0.258238 0.019771
13 0.500234 0.312552 0.999531 0.613982 0.0186352
74 0.871703 0.607315 0.107245 0.046463 0.0150244
0 0.980011 0.108756 0.0395388 0.137518 0.013276
0 0.977361 0.178338 0.0452777 0.27887 0.0112814
56 0.0523678 0.888126 0.0997915 0.216346 0.0110844
56 0.0603208 0.565457 0.114536 0.280138 0.0104916
56 0.0465961 0.507022 0.0905956 0.162913 0.00653845
56 0.0263922 0.872777 0.0507917 0.176476 0.00566825
56 0.0765435 0.792057 0.149182 0.144271 0.00552166
74 0.899385 0.606652 0.0633676 0.0346398 0.00551814
0 0.428945 0.926064 0.162011 0.14775 0.00538683
60 0.000157068 0.494534 0.000314136 0.985842 0.00517374
56 0.869236 0.163632 0.248987 0.314111 0.00503516
54 0.426418 0.31566 0.0953918 0.0698981 0.00486821
0 0.515487 0.308209 0.969026 0.586651 0.00483012
56 0.177249 0.886783 0.354498 0.226434 0.00448531
56 0.144025 0.853072 0.283785 0.282493 0.00447509
56 0.411307 0.754465 0.822613 0.467894 0.00431347
56 0.0315337 0.57309 0.0602625 0.289116 0.00417885
13 0.199457 0.703485 0.398013 0.56736 0.00417876
13 0.0258779 0.549669 0.0494507 0.247681 0.00398797
56 0.396586 0.821289 0.793173 0.343479 0.0036996
13 0.0703194 0.704333 0.137417 0.575648 0.00359413
56 0.0225895 0.526595 0.0433407 0.192951 0.00356662
13 0.0341995 0.890365 0.065524 0.215219 0.00336319
26 0.0769263 0.78917 0.150882 0.149596 0.00329697
54 0.45913 0.33245 0.154708 0.102824 0.00325668
0 1 0.490299 0 0.970984 0.00316337
13 0.0463298 0.551967 0.087709 0.254171 0.00311795
60 1 0.490299 0 0.970984 0.00304562
56 0.359918 0.88789 0.719836 0.217114 0.002848
13 0.871994 0.176626 0.252391 0.30677 0.00284651
56 0.205632 0.763766 0.402312 0.220928 0.00279215
26 0.205632 0.763766 0.402312 0.220928 0.00266001
13 0.86823 0.249345 0.248278 0.163496 0.00239167
14 0.633563 0.428421 0.241621 0.111434 0.00218853
13 0.500665 0.462941 0.998671 0.919838 0.00215742
26 0.426211 0.925363 0.158417 0.146669 0.00211918
48 0.425754 0.304677 0.0951537 0.0470384 0.0020541
54 0.415399 0.319036 0.124898 0.0778561 0.00199771
6 0.500234 0.312552 0.999531 0.613982 0.0019953
13 0.55627 0.173463 0.886348 0.338802 0.00198546
57 0.503525 0.7007 0.978102 0.571858 0.00184187
44 0.528465 0.416653 0.0749107 0.0933787 0.00183237
49 0.425696 0.301936 0.0933041 0.041053 0.00178733
56 0.0336372 0.521408 0.0654401 0.186766 0.00172928
13 0.411307 0.754465 0.822613 0.467894 0.00168985
56 0.0181653 0.542877 0.0359304 0.237915 0.0016717
53 0.425754 0.304677 0.0951537 0.0470384 0.00159925
13 0.231656 0.304518 0.461647 0.605353 0.0015898
13 0.319706 0.266967 0.639413 0.533933 0.00157091
0 0.951136 0.182841 0.0958383 0.284658 0.00156766
52 0.425754 0.304677 0.0951537 0.0470384 0.00146091
54 0.468925 0.348492 0.15921 0.131685 0.00143287
15 0.633563 0.428421 0.241621 0.111434 0.00139305
56 0.975991 0.184559 0.0480175 0.311939 0.00137654
56 0.55627 0.173463 0.886348 0.338802 0.00137186
51 0.425754 0.304677 0.0951537 0.0470384 0.00131661
54 0.426378 0.337095 0.122383 0.111899 0.00127766
13 0.819114 0.232859 0.140299 0.143143 0.00122344
44 0.474424 0.411062 0.0224935 0.0294319 0.00121391
13 0.16443 0.836043 0.32886 0.3205 0.00119653
0 0.319952 0 0.639903 0 0.00119409
45 0.634302 0.428176 0.23982 0.110968 0.00118458
13 0.396586 0.821289 0.793173 0.343479 0.00118434
52 0.426418 0.31566 0.0953918 0.0698981 0.00112405
44 0.524855 0.401649 0.0666624 0.0636887 0.0010893
56 0.814531 0.151212 0.149016 0.302424 0.00108546
13 0.177249 0.886783 0.354498 0.226434 0.00106722
56 0.304898 0.283621 0.210863 0.247658 0.00105929
56 0.100408 0.567262 0.194328 0.267612 0.00105873
35 0.634302 0.428176 0.23982 0.110968 0.00103122
16 0.633563 0.428421 0.241621 0.111434 0.0010215
