23 0.678029 0.620353 0.515491 0.741199 0.947717
23 0.496307 0.624308 0.391394 0.74802 0.798196
23 0.375683 0.559331 0.59225 0.767738 0.349699
23 0.444247 0.605196 0.171837 0.268757 0.335662
23 0.158063 0.739713 0.18414 0.222371 0.154883
23 0.311571 0.504516 0.469764 0.681471 0.15022
23 0.453378 0.729578 0.187379 0.537757 0.142953
23 0.380444 0.363163 0.168291 0.171784 0.141551
23 0.260638 0.324937 0.355551 0.30868 0.114421
23 0.527616 0.726762 0.330381 0.543156 0.111803
23 0.58597 0.724744 0.212206 0.546924 0.0678268
23 0.420303 0.602192 0.113033 0.266737 0.0560825
23 0.178542 0.709774 0.148299 0.156768 0.0403213
23 0.134338 0.735028 0.250919 0.235476 0.0299377
23 0.409882 0.673745 0.264424 0.423892 0.0297219
23 0.160836 0.739578 0.113642 0.217878 0.0295361
23 0.405152 0.600289 0.0847564 0.247466 0.0264817
23 0.213715 0.264665 0.264882 0.192564 0.0208099
23 0.115167 0.74073 0.157756 0.221077 0.0149612
23 0.571919 0.605801 0.334453 0.709347 0.0125484
23 0.139057 0.675786 0.222407 0.354351 0.0117596
23 0.64076 0.676237 0.307648 0.629534 0.0115759
23 0.714502 0.720071 0.154736 0.550523 0.0107573
0 0.0344409 0.744976 0.0159918 0.0168795 0.00933248
23 0.569156 0.502415 0.143779 0.110415 0.00897741
23 0.168821 0.692269 0.121078 0.128128 0.00812343
23 0.221807 0.72497 0.34045 0.231953 0.00800738
23 0.248049 0.526182 0.335738 0.664776 0.00753167
23 0.366199 0.339731 0.127904 0.129345 0.00698972
0 0.0705339 0.741262 0.0148993 0.0285351 0.00605789
23 0.130628 0.706255 0.137604 0.150535 0.00587592
23 0.609056 0.364709 0.34985 0.230659 0.00537518
23 0.395146 0.607203 0.134584 0.272638 0.00527006
23 0.237566 0.69097 0.283926 0.124199 0.00490311
0 0.369107 0.731404 0.0125798 0.01776 0.00479102
23 0.146337 0.690942 0.0829618 0.12605 0.00441876
23 0.534003 0.448392 0.218745 0.229758 0.00427592
23 0.550282 0.415738 0.217969 0.290667 0.00354895
23 0.266551 0.290839 0.162043 0.146668 0.00326958
45 0.96838 0.731202 0.0627697 0.0439262 0.00305399
23 0.450644 0.656232 0.174736 0.386448 0.00303942
23 0.506735 0.602697 0.280282 0.277706 0.00298759
13 0.966617 0.731955 0.0627701 0.0444059 0.0028249
0 0.174097 0.744061 0.13117 0.207603 0.00274569
23 0.409506 0.526672 0.0985838 0.117675 0.00270852
23 0.502337 0.516438 0.27813 0.437783 0.00258821
23 0.53586 0.489929 0.228246 0.244581 0.0024254
23 0.42886 0.404756 0.251962 0.256323 0.00236893
23 0.367309 0.597139 0.193096 0.275805 0.00226426
23 0.690893 0.701102 0.142115 0.519419 0.00221455
23 0.217956 0.742169 0.231186 0.200719 0.00219846
23 0.0946948 0.704969 0.183268 0.142527 0.0020515
23 0.289749 0.6475 0.229018 0.175606 0.0020074
23 0.477801 0.663925 0.125967 0.367794 0.00198492
0 0.229174 0.72289 0.0417645 0.0241259 0.00188035
23 0.65449 0.477289 0.473059 0.43583 0.00187752
23 0.366637 0.621976 0.0905904 0.230502 0.00179854
23 0.260926 0.688685 0.405915 0.321361 0.00175166
23 0.692244 0.722951 0.0880138 0.546537 0.00164211
2 0.0344409 0.744976 0.0159918 0.0168795 0.00154772
60 0.544523 0.0029384 0.910955 0.00587681 0.00152954
0 0.0355673 0.749132 0.0194284 0.0236804 0.00151661
23 0.466066 0.621978 0.132828 0.290867 0.0015153
23 0.723829 0.783585 0.138462 0.43283 0.00150648
23 0.260027 0.419903 0.355091 0.517161 0.00143471
23 0.420438 0.599282 0.0737725 0.241322 0.00142503
23 0.35436 0.72151 0.188702 0.252901 0.00140896
23 0.182048 0.740817 0.151991 0.201524 0.00139847
0 0.228525 0.729777 0.0396851 0.0374004 0.00137553
0 0.108229 0.742415 0.165364 0.213717 0.00129998
0 0.381679 0.341851 0.146708 0.130326 0.00126043
23 0.16093 0.250026 0.158648 0.156272 0.00124359
23 0.136458 0.660118 0.0509128 0.0507692 0.00123924
8 0.96838 0.731202 0.0627697 0.0439262 0.00119662
13 0.966729 0.745656 0.0628529 0.078123 0.00118816
0 0.362059 0.735405 0.0284673 0.0229449 0.00118771
23 0.389133 0.658562 0.148701 0.168283 0.00118175
23 0.139685 0.699468 0.107789 0.129315 0.00116086
47 0.257424 0 0.514848 0 0.00116
23 0.419686 0.619872 0.1884 0.240273 0.00112677
23 0.655958 0.759234 0.0719437 0.451848 0.00108933
23 0.140408 0.663833 0.0624597 0.0621534 0.00107965
23 0.402087 0.703823 0.281619 0.291962 0.00105199
23 0.557846 0.470975 0.202794 0.193808 0.00105143
60 0 0.306423 0 0.612847 0.00103241
23 0.568187 0.400874 0.285934 0.288967 0.00102946
23 0.36094 0.650466 0.0984139 0.183073 0.00100446
17 0.583814 0.723756 0.208345 0.54146 0.00100169
