0 0.36505 0.680644 0.154869 0.3203 0.930172
0 0.123395 0.700402 0.140204 0.364613 0.905512
0 0.256801 0.739771 0.169782 0.2791 0.881666
0 0.886297 0.59233 0.071187 0.128605 0.872629
32 0.680815 0.630989 0.0120632 0.0188394 0.781662
35 0.356772 0.702223 0.0381991 0.0516801 0.526698
35 0.281212 0.774729 0.0300349 0.056821 0.495938
0 0.346139 0.578315 0.0347005 0.173033 0.377883
34 0.368691 0.602498 0.0693773 0.0846688 0.290745
34 0.364731 0.591833 0.0604331 0.0649187 0.236373
0 0.356337 0.559491 0.0535968 0.132159 0.20798
35 0.88445 0.580456 0.0308861 0.0398232 0.204621
34 0.360687 0.565806 0.0624756 0.116782 0.135589
34 0.377044 0.613502 0.095966 0.0997366 0.128246
0 0.353591 0.45897 0.00969429 0.0196318 0.100286
34 0.395727 0.605506 0.0591102 0.108143 0.0737499
0 0.354008 0.591931 0.0555513 0.195542 0.0734236
0 0.361732 0.575619 0.066407 0.158869 0.0695362
0 0.342143 0.459186 0.0106249 0.0209069 0.0633669
34 0.401962 0.626649 0.0596172 0.0837514 0.0597336
32 0.697768 0.653922 0.0250145 0.0184606 0.0562045
0 0.346838 0.544894 0.0333882 0.103417 0.0557276
34 0.40491 0.63854 0.0603366 0.0582218 0.0504418
34 0.404704 0.586779 0.0448191 0.13712 0.0367033
0 0.404811 0.585705 0.0457311 0.132707 0.036259
35 0.680815 0.630989 0.0120632 0.0188394 0.0339201
35 0.425512 0.65339 0.0206285 0.028053 0.0289291
34 0.409275 0.609153 0.0357718 0.0969885 0.0281789
35 0.425904 0.65814 0.0193884 0.0216176 0.0267939
35 0.878529 0.577949 0.0244608 0.043617 0.0233209
35 0.41552 0.64845 0.0385782 0.042962 0.023246
32 0.144855 0.461373 0.0360825 0.0285037 0.0208931
34 0.729906 0.636305 0.0512845 0.0421091 0.0191931
35 0.276806 0.693875 0.0148925 0.0245369 0.0175542
0 0.35191 0.457711 0.0116105 0.020535 0.0158751
60 0.000820421 0.496964 0.00164084 0.993928 0.0158281
0 0.341635 0.588923 0.0292226 0.156821 0.0146396
34 0.698401 0.653255 0.0277526 0.0197688 0.0132882
35 0.408962 0.646221 0.052415 0.0456393 0.0119157
32 0.680771 0.638618 0.0137743 0.0339118 0.0112258
35 0.880086 0.579084 0.0350922 0.0466206 0.0107285
34 0.361732 0.575619 0.066407 0.158869 0.0103207
0 0.359282 0.591633 0.0562179 0.0675477 0.00977191
35 0.333126 0.701911 0.0161953 0.023654 0.00870964
32 0.6982 0.658574 0.0275583 0.0217753 0.0082874
0 0.342814 0.564705 0.0269113 0.0833909 0.00815475
35 0.334621 0.641993 0.013612 0.0385051 0.00790277
60 1 0.643226 0 0.677667 0.00787628
35 0.882741 0.564174 0.033213 0.0674043 0.00755757
34 0.35191 0.457711 0.0116105 0.020535 0.00736737
35 0.697768 0.653922 0.0250145 0.0184606 0.00717115
59 1 0.643226 0 0.677667 0.00714085
35 0.144855 0.461373 0.0360825 0.0285037 0.00682139
34 0.698026 0.659058 0.0281327 0.0228556 0.00681424
60 0 0.371919 0 0.743837 0.00670162
34 0.408962 0.646221 0.052415 0.0456393 0.00648126
60 1 0.371798 0 0.743596 0.00640473
0 1 0.404035 0 0.808071 0.00540954
59 1 0.404035 0 0.808071 0.00538322
0 0.336189 0.640073 0.0169861 0.0415568 0.00495127
35 0.6982 0.658574 0.0275583 0.0217753 0.00474638
34 0.386166 0.643986 0.0994238 0.0648482 0.00466788
59 1 0.54182 0 0.91636 0.00461936
35 0.363909 0.676764 0.0556809 0.105734 0.00456265
60 0.529314 0.000671972 0.941372 0.00134394 0.00434002
34 0.680815 0.630989 0.0120632 0.0188394 0.00425962
34 0.360132 0.611912 0.0628391 0.102023 0.00405049
35 0.272464 0.69203 0.0185118 0.0289464 0.00388059
0 0.680771 0.638618 0.0137743 0.0339118 0.00382173
39 0.35191 0.457711 0.0116105 0.020535 0.00379172
60 1 0.54182 0 0.91636 0.00377825
38 0.365942 0.596278 0.0619256 0.0735636 0.00360617
29 0.144855 0.461373 0.0360825 0.0285037 0.00360018
0 0.429201 0.000595137 0.858402 0.00119027 0.00347126
57 1 0.404035 0 0.808071 0.00330362
35 0.284275 0.785774 0.0288675 0.0644047 0.00322774
0 0.390109 0.596684 0.088987 0.153774 0.00321072
35 0.301975 0.697268 0.0617329 0.0309018 0.00319093
0 0.680815 0.630989 0.0120632 0.0188394 0.00305402
34 0.334621 0.641993 0.013612 0.0385051 0.00304773
60 0.000126198 0.676583 0.000252396 0.643765 0.00302815
34 0.33713 0.658146 0.0200469 0.0736275 0.00302801
59 0 0.371919 0 0.743837 0.00300595
0 0.395727 0.605506 0.0591102 0.108143 0.00299549
32 0.425904 0.65814 0.0193884 0.0216176 0.0029228
35 0.278958 0.779271 0.0344178 0.0705777 0.00288004
35 0.33713 0.658146 0.0200469 0.0736275 0.00285956
57 1 0.54182 0 0.91636 0.00279048
0 0.360132 0.611912 0.0628391 0.102023 0.0027377
34 0.752711 0.634642 0.100963 0.0506276 0.00273389
34 0.680771 0.638618 0.0137743 0.0339118 0.00273117
35 0.858275 0.64895 0.0156105 0.0142564 0.00270969
35 0.680771 0.638618 0.0137743 0.0339118 0.00269401
38 0.360687 0.565806 0.0624756 0.116782 0.00262469
32 0.687911 0.631551 0.0225203 0.0203548 0.00256193
59 0.000820421 0.496964 0.00164084 0.993928 0.00252822
34 0.338262 0.637548 0.0211598 0.101154 0.00245681
34 0.353591 0.45897 0.00969429 0.0196318 0.00241005
34 0.871472 0.608564 0.0413176 0.0355841 0.00239268
0 0.244837 0 0.489674 0 0.00235713
0 0.342255 0.540344 0.0262226 0.0769853 0.0022952
34 0.360182 0.642166 0.0458272 0.033487 0.0022774
57 1 0.643226 0 0.677667 0.00226879
34 0.347735 0.586407 0.0383173 0.189851 0.00224456
32 0.353591 0.45897 0.00969429 0.0196318 0.00217795
34 0.144855 0.461373 0.0360825 0.0285037 0.00215364
35 0.34325 0.685944 0.0250923 0.0589864 0.0021432
32 0.35191 0.457711 0.0116105 0.020535 0.00214052
35 0.367232 0.651929 0.0619785 0.0758281 0.00212637
26 0.357435 0.70218 0.0358597 0.0512103 0.00211659
0 0.883843 0.581394 0.0297882 0.0444192 0.00206807
0 0.338262 0.637548 0.0211598 0.101154 0.00203434
34 0.702784 0.640013 0.059793 0.0393146 0.00200576
32 0.425512 0.65339 0.0206285 0.028053 0.00198665
0 1 0.54182 0 0.91636 0.0019756
35 0.360182 0.642166 0.0458272 0.033487 0.00191677
34 0.727709 0.635198 0.0794195 0.0466079 0.00188127
0 0.371127 0.616198 0.070704 0.106322 0.00187564
38 0.35191 0.457711 0.0116105 0.020535 0.00186938
34 0.341635 0.588923 0.0292226 0.156821 0.00185266
0 0 0.401979 0 0.803959 0.00181931
35 0.886013 0.591654 0.0706572 0.128635 0.00181672
0 0.576268 0.0012761 0.847463 0.0025522 0.00180566
34 0.386232 0.592767 0.096963 0.146435 0.00178909
35 0.353591 0.45897 0.00969429 0.0196318 0.00175524
0 1 0.643226 0 0.677667 0.00170639
57 0 0.371919 0 0.743837 0.00169867
44 0.35191 0.457711 0.0116105 0.020535 0.00169072
34 0.342814 0.564705 0.0269113 0.0833909 0.00165212
60 0.000322095 0.607576 0.000644189 0.784849 0.00164592
29 0.35191 0.457711 0.0116105 0.020535 0.00159886
34 0.425512 0.65339 0.0206285 0.028053 0.00157407
35 0.0719709 0.684744 0.0241666 0.0650039 0.00156444
14 0.35191 0.457711 0.0116105 0.020535 0.00155547
34 0.687911 0.631551 0.0225203 0.0203548 0.00155148
0 0.697768 0.653922 0.0250145 0.0184606 0.00152805
44 0.366507 0.596381 0.0654677 0.075359 0.00152779
34 0.496245 0.789076 0.0169515 0.0111063 0.00152248
35 0.268336 0.69762 0.0163958 0.0312166 0.00152218
0 0.409275 0.609153 0.0357718 0.0969885 0.00150576
35 0.89079 0.626973 0.0445148 0.0535486 0.00149947
59 0.529314 0.000671972 0.941372 0.00134394 0.00147176
0 0.883518 0.566798 0.035601 0.0715515 0.00146529
26 0.0946656 0.643625 0.0736282 0.161238 0.00144589
0 0.365476 0.730751 0.158214 0.220528 0.00140223
9 0.35191 0.457711 0.0116105 0.020535 0.00136653
79 0.35191 0.457711 0.0116105 0.020535 0.00132486
60 0 0.242638 0 0.485277 0.00131655
0 1 0.288131 0 0.576263 0.00129864
34 0.349049 0.557194 0.0390384 0.128761 0.00128627
34 0.367232 0.651929 0.0619785 0.0758281 0.00128618
0 0.14449 0.459671 0.0411443 0.0322502 0.00126958
34 0.34325 0.685944 0.0250923 0.0589864 0.00126746
2 0.772054 0.416426 0.0193233 0.0257588 0.00126117
60 1 0.741461 0 0.517079 0.00125992
35 0.342814 0.564705 0.0269113 0.0833909 0.00125718
34 0.342255 0.540344 0.0262226 0.0769853 0.00123999
33 0.35191 0.457711 0.0116105 0.020535 0.00123566
34 0.858275 0.64895 0.0156105 0.0142564 0.00122735
18 0.680815 0.630989 0.0120632 0.0188394 0.00120765
34 0.337939 0.693185 0.0237724 0.0278896 0.00120476
34 0.306468 0.69576 0.0651711 0.0300455 0.00120097
0 0.405671 0.622174 0.0546995 0.0912721 0.00120047
0 0.137613 0 0.275226 0 0.00115165
0 0.380283 0.580422 0.0444845 0.103759 0.00112504
26 0.0754835 0.67239 0.032223 0.0910188 0.00111917
35 0.273789 0.675969 0.0238781 0.0537145 0.00110766
35 0.346376 0.53348 0.0311559 0.0823235 0.00110316
26 0.0853268 0.671308 0.0534974 0.095443 0.00109538
0 0.6982 0.658574 0.0275583 0.0217753 0.00108936
57 0.529314 0.000671972 0.941372 0.00134394 0.00108653
35 0.27589 0.654939 0.0211049 0.090412 0.00107515
34 0.342143 0.459186 0.0106249 0.0209069 0.00106305
34 0.771207 0.63674 0.140351 0.049941 0.00106195
34 0.354008 0.591931 0.0555513 0.195542 0.00105309
2 0.906595 0.427673 0.0150892 0.0105149 0.00105226
35 0.864212 0.6258 0.0269634 0.0535699 0.00105202
25 0.35191 0.457711 0.0116105 0.020535 0.00103712
35 0.366362 0.600023 0.0679982 0.0834238 0.00103632
34 0.864212 0.6258 0.0269634 0.0535699 0.00102791
35 0.337939 0.693185 0.0237724 0.0278896 0.00102785
34 0.884678 0.579574 0.0304274 0.0404994 0.00101647
