0 0.459834 0.58654 0.572227 0.786412 0.75197
32 0.0901887 0.470333 0.0737768 0.0606577 0.648873
58 0.938432 0.362004 0.116586 0.151078 0.260041
0 0.473937 0.470174 0.540302 0.546597 0.152394
58 0.841421 0.442077 0.120247 0.104936 0.12302
58 0.930232 0.396474 0.131108 0.217374 0.10639
73 0.162901 0.0630549 0.178218 0.0319312 0.0806119
75 0.804759 0.682844 0.120433 0.103349 0.0598749
75 0.802172 0.659801 0.121474 0.146699 0.0506229
73 0.199395 0.0638058 0.0558531 0.025863 0.047689
73 0.154927 0.0644794 0.0988532 0.0300828 0.0470524
58 0.890192 0.409737 0.202309 0.248257 0.0466835
73 0.0519017 0.279491 0.0135453 0.0433595 0.0433699
73 0.0858862 0.280971 0.0150004 0.0429273 0.0397208
75 0.925645 0.515452 0.114307 0.0930358 0.038561
34 0.11663 0.517133 0.134026 0.160024 0.0368574
75 0.844035 0.466948 0.128597 0.155958 0.034079
73 0.091061 0.182746 0.0227765 0.0504188 0.0336835
75 0.841054 0.43957 0.11855 0.101892 0.0327455
73 0.0644396 0.179795 0.0270362 0.0474016 0.0326884
56 0.24114 0.450875 0.0814459 0.122234 0.0311686
67 0.744008 0.587029 0.0932287 0.027174 0.0310469
56 0.5927 0.475241 0.116685 0.144409 0.0302573
73 0.0428551 0.276934 0.0731603 0.048834 0.0297609
56 0.238263 0.540161 0.103769 0.30082 0.0294995
73 0.192482 0.0639645 0.0155928 0.0235653 0.0276072
73 0.158839 0.0651603 0.0186735 0.0267283 0.0275273
73 0.0596745 0.180992 0.0250169 0.0499352 0.0271744
56 0.193544 0.598189 0.178643 0.416333 0.0258637
58 0.925449 0.514986 0.113486 0.0976842 0.0258072
73 0.178902 0.01205 0.15392 0.0224471 0.0257119
73 0.0715506 0.181775 0.0184433 0.0483266 0.0256485
73 0.0594572 0.27762 0.0197981 0.0460513 0.0254371
73 0.173794 0.194406 0.0168882 0.032426 0.0246435
73 0.207527 0.0635753 0.0156402 0.0231107 0.0240762
56 0.225334 0.589447 0.12555 0.397656 0.0240472
73 0.197264 0.0114458 0.0588832 0.0211286 0.0238634
73 0.12488 0.064466 0.0177694 0.0291587 0.0236632
73 0.154303 0.0642156 0.0170675 0.0279159 0.0233934
58 0.84182 0.463158 0.12225 0.149099 0.0230568
40 0.797948 0.625511 0.139274 0.217689 0.0225477
73 0.189838 0.0630184 0.0134508 0.0253586 0.0221705
73 0.0898023 0.278313 0.0152168 0.0471313 0.0219534
73 0.224139 0.0636529 0.011449 0.0231659 0.0208789
73 0.10689 0.182674 0.0140812 0.0480461 0.0204694
73 0.0561114 0.276676 0.0964575 0.0517067 0.0202502
73 0.0563241 0.278827 0.014744 0.0468125 0.0199
45 0.948202 0.419068 0.0955339 0.0373692 0.0193534
73 0.208231 0.105659 0.0553597 0.00904884 0.0189201
73 0.139174 0.0643695 0.0106716 0.0286591 0.0188552
73 0.814315 0.959628 0.124279 0.0807438 0.0186991
73 0.0846295 0.179991 0.0684711 0.0543353 0.0186713
73 0.121412 0.128961 0.0879107 0.0279295 0.0186279
73 0.130121 0.184194 0.0301588 0.0492698 0.0183796
73 0.155651 0.193266 0.0191217 0.0344244 0.0182265
73 0.0258062 0.277017 0.0145248 0.0466823 0.0179705
73 0.0916946 0.182781 0.0321888 0.0539271 0.0177453
76 0.743411 0.587807 0.0941823 0.0261797 0.0175601
73 0.110397 0.0651674 0.0133081 0.0286745 0.0173911
73 0.177543 0.0648773 0.0133828 0.0253918 0.0172942
73 0.0851918 0.181789 0.04273 0.0512604 0.0172893
73 0.172145 0.0640101 0.0137351 0.0269298 0.0169585
73 0.0410982 0.276911 0.0168834 0.0470306 0.0169369
32 0.116166 0.504122 0.122237 0.126645 0.0168625
73 0.1171 0.184383 0.0176651 0.0434681 0.0167824
73 0.0948074 0.0645148 0.0154616 0.0297219 0.0166729
73 0.127063 0.183116 0.0185931 0.0487547 0.0166641
26 0.379832 0.537233 0.338898 0.397349 0.0165296
73 0.109447 0.182834 0.0155115 0.0424523 0.0154681
73 0.112547 0.125964 0.0982237 0.0341256 0.0150898
73 0.0744625 0.278572 0.0131641 0.0466111 0.0149692
73 0.0924139 0.125075 0.0196162 0.0305005 0.0149093
25 0.499715 0.426287 0.999431 0.847545 0.014843
38 0.120895 0.515189 0.135549 0.154903 0.0147158
73 0.0220283 0.27834 0.0143213 0.0459929 0.014681
73 0.11252 0.182921 0.0226248 0.0510073 0.0146371
73 0.131083 0.129346 0.0474403 0.0239324 0.0146165
58 0.848983 0.417293 0.140413 0.152963 0.014507
56 0.242006 0.509277 0.0868655 0.248356 0.0141028
73 0.190776 0.0106759 0.0121792 0.0194844 0.014075
73 0.163608 0.0514176 0.192659 0.0527634 0.0137591
73 0.194298 0.0117508 0.0179999 0.0184513 0.0136612
73 0.157151 0.278958 0.013091 0.0275911 0.0135535
75 0.8027 0.632806 0.133013 0.210269 0.013425
73 0.112071 0.120826 0.114086 0.0418919 0.0133987
27 0.60937 0.946685 0.100829 0.105199 0.0132709
73 0.188297 0.191854 0.0128938 0.0324059 0.0132354
58 0.854641 0.474043 0.157463 0.172835 0.0132312
73 0.130875 0.180453 0.186812 0.0552801 0.0129721
73 0.0767992 0.125703 0.0184462 0.0306567 0.0128796
73 0.214299 0.135072 0.035833 0.0194582 0.0128521
73 0.0712314 0.180075 0.0512277 0.0542003 0.0128447
73 0.513253 0.93793 0.0546318 0.102741 0.0128058
73 0.172628 0.0102941 0.0144781 0.0187414 0.0125922
73 0.203657 0.113064 0.0631945 0.0212043 0.0121856
73 0.17719 0.0115735 0.021517 0.018018 0.0119263
73 0.193407 0.192259 0.0259231 0.034963 0.0117852
73 0.151907 0.280985 0.0126399 0.0281089 0.0114705
73 0.199703 0.131507 0.0624719 0.0238122 0.011465
14 0.840785 0.439277 0.127417 0.0970939 0.0113712
74 0.616572 0.588181 0.0362034 0.0978903 0.0113052
73 0.188764 0.191979 0.0240937 0.0331684 0.0112685
73 0.135918 0.184929 0.148337 0.0484306 0.010913
73 0.144784 0.189612 0.0212409 0.0396167 0.0108449
73 0.0817753 0.0642017 0.0183395 0.0305101 0.0108017
73 0.138721 0.186085 0.0183044 0.0427222 0.0107429
73 0.204417 0.121098 0.0579052 0.0177699 0.0106964
73 0.14239 0.2836 0.0124355 0.0192704 0.0105404
73 0.108278 0.279806 0.052714 0.0416269 0.0102374
73 0.210649 0.0121952 0.0166573 0.0194791 0.0100558
73 0.0282831 0.278093 0.0482713 0.0502587 0.0100021
73 0.206879 0.0111003 0.0118143 0.0208742 0.00995252
45 0.842545 0.43894 0.122061 0.104117 0.00994647
73 0.0714792 0.277983 0.0158776 0.0513616 0.00988045
73 0.105667 0.271918 0.199684 0.0621193 0.00979105
58 0.954138 0.347311 0.0877527 0.119197 0.00971097
73 0.141487 0.190376 0.016768 0.0368923 0.00968778
26 0.324535 0.530256 0.227903 0.387016 0.00947678
73 0.107559 0.125041 0.0133151 0.0297131 0.00928041
58 0.928544 0.470819 0.130214 0.19512 0.00906509
73 0.136608 0.127266 0.0609971 0.0271465 0.00900075
73 0.105965 0.280479 0.0245959 0.0447321 0.00890502
73 0.156846 0.0100245 0.0117522 0.018488 0.0089004
73 0.20329 0.190756 0.0189742 0.0307722 0.00885454
75 0.730912 0.440388 0.117669 0.252483 0.00882119
73 0.0248165 0.277508 0.023086 0.0512165 0.00870478
73 0.201561 0.119876 0.0615875 0.0342196 0.00861263
73 0.137049 0.00902235 0.0453718 0.0178602 0.00860864
73 0.201734 0.135885 0.0606773 0.0197889 0.00849691
58 0.949351 0.418142 0.0969077 0.0390944 0.00837639
24 0.354642 0.450588 0.150452 0.228452 0.00826588
39 0.0924139 0.125075 0.0196162 0.0305005 0.00820035
79 0.120895 0.515189 0.135549 0.154903 0.00805587
73 0.224223 0.0111911 0.0146832 0.0211024 0.00805181
73 0.238193 0.0633627 0.0139434 0.0244591 0.00770399
73 0.179359 0.282721 0.0333883 0.0328362 0.00761393
73 0.134761 0.185284 0.0270795 0.0483114 0.00741577
73 0.188872 0.0113807 0.091474 0.0187279 0.00738421
34 0.119879 0.498229 0.132912 0.112468 0.00726122
26 0.243419 0.519869 0.0945738 0.260061 0.00725976
73 0.147756 0.279125 0.022729 0.0282243 0.00718606
73 0.610771 0.946456 0.0977912 0.107089 0.00714433
73 0.149508 0.123824 0.036507 0.0217978 0.00712422
73 0.144468 0.12025 0.177856 0.0438383 0.00710347
73 0.0649285 0.182507 0.0336454 0.0563546 0.0071004
26 0.354642 0.450588 0.150452 0.228452 0.00708663
73 0.199289 0.192016 0.0267294 0.0358751 0.00701129
73 0.0948568 0.0645102 0.019219 0.0359952 0.00692329
73 0.196008 0.127771 0.0740359 0.0281163 0.00691143
45 0.922997 0.51461 0.116669 0.0994274 0.00689694
73 0.0906915 0.12277 0.0375683 0.0428809 0.00689036
73 0.136149 0.00794335 0.0591912 0.0151569 0.00686836
45 0.834593 0.47347 0.108394 0.0364582 0.0068422
62 0.757342 0.19907 0.121795 0.111778 0.00675228
39 0.0808494 0.0632257 0.0193004 0.0298947 0.00655434
0 0.504785 0.00175326 0.99043 0.00350653 0.00648665
79 0.730075 0.442449 0.116274 0.25443 0.00630006
39 0.555124 0.677969 0.0272797 0.114124 0.00621712
73 0.0433034 0.179364 0.0222503 0.0429933 0.00620666
73 0.159425 0.279838 0.0177991 0.0323505 0.00617307
74 0.549789 0.607538 0.0289801 0.0328707 0.00604689
39 0.0938222 0.0635579 0.0170774 0.0310526 0.00596413
59 1 0.255959 0 0.511919 0.00592226
73 0.0139052 0.277391 0.0212145 0.0472456 0.00585964
43 0.729057 0.446624 0.111409 0.254386 0.00584647
45 0.834004 0.461162 0.109007 0.0564413 0.00583532
73 0.134063 0.0154833 0.0629014 0.0123922 0.00579509
75 0.938432 0.362004 0.116586 0.151078 0.00576767
75 0.948653 0.418343 0.0947533 0.0399944 0.00566551
73 0.0796585 0.127413 0.0439324 0.0403592 0.00564396
26 0.350525 0.491188 0.162206 0.303871 0.00554118
56 0.592185 0.520617 0.132687 0.238164 0.00546464
0 0.604951 0 0.790097 0 0.0054481
25 0.730075 0.442449 0.116274 0.25443 0.00544408
73 0.155846 0.130877 0.144716 0.0326391 0.00522742
56 0.613062 0.530102 0.181854 0.261129 0.00516808
73 0.114135 0.245257 0.20339 0.0368655 0.00514975
58 0.836041 0.476047 0.107777 0.041315 0.00511479
73 0.080897 0.231322 0.0760154 0.0102701 0.00509655
75 0.826306 0.551124 0.0659546 0.0644518 0.00508469
73 0.183335 0.285251 0.0281582 0.0346778 0.00507039
58 0.919585 0.542544 0.100351 0.0394753 0.00497311
24 0.424689 0.467486 0.29262 0.26378 0.00487849
73 0.795737 0.95918 0.0799614 0.0779188 0.00487229
56 0.115857 0.603834 0.142433 0.40294 0.00480205
73 0.162003 0.0654345 0.0283529 0.0331761 0.00476101
25 0.750364 0.360238 0.12602 0.447552 0.00474387
43 0.74486 0.587088 0.0910393 0.0276361 0.00468194
44 0.798908 0.625401 0.134804 0.222313 0.00467101
39 0.547648 0.662466 0.0357179 0.146554 0.00466835
73 0.197152 0 0.394303 0 0.00465202
26 0.450803 0.592469 0.581225 0.79236 0.00458276
32 0.143115 0.57207 0.0752128 0.0483343 0.00454521
73 0.168882 0.240481 0.0676788 0.0132369 0.00452518
56 0.450803 0.592469 0.581225 0.79236 0.00450468
60 0.00172218 0.479455 0.00344436 0.93804 0.00443041
73 0.116908 0.284831 0.0340223 0.0305501 0.00440887
26 0.412277 0.482243 0.280055 0.282592 0.00439852
26 0.240608 0.45115 0.0836119 0.129171 0.00434351
73 0.176115 0.0316987 0.165536 0.0279597 0.00430542
39 0.107559 0.125041 0.0133151 0.0297131 0.0042994
73 0.70499 0.948579 0.0851153 0.0999119 0.00428802
74 0.620853 0.602548 0.0424885 0.066777 0.004269
73 0.122714 0.284466 0.0198417 0.0243598 0.00417849
39 0.0756502 0.124792 0.0189534 0.0301044 0.0041784
73 0.110177 0.253242 0.201195 0.0559708 0.00416246
57 1 0.255959 0 0.511919 0.00414637
73 0.242873 0.0118427 0.0238515 0.0196856 0.00414255
73 0.143748 0.0655835 0.0172442 0.0329676 0.00413433
73 0.110139 0.0651425 0.0172917 0.0338351 0.00408155
58 0.842057 0.426646 0.117591 0.0788707 0.00405419
39 0.0888022 0.0585766 0.0263343 0.044256 0.00403079
45 0.919585 0.542544 0.100351 0.0394753 0.00391659
56 0.222477 0.647181 0.161562 0.533726 0.00389796
56 0.198983 0.513397 0.177578 0.254278 0.00387144
26 0.331385 0.466782 0.20393 0.26749 0.00379947
26 0.260362 0.514704 0.135643 0.332698 0.00378641
73 0.0925852 0.127407 0.0232795 0.0370801 0.00378487
45 0.131275 0.129737 0.0472369 0.0235038 0.00375393
73 0.133699 0.198304 0.225722 0.270123 0.00373432
32 0.144789 0.580816 0.04092 0.0208733 0.00373262
73 0.556936 0.687271 0.0306618 0.104455 0.0037114
45 0.804759 0.682844 0.120433 0.103349 0.0036962
26 0.428543 0.515182 0.384323 0.370026 0.00368637
73 0.190402 0.13677 0.0863238 0.0204644 0.00366175
34 0.190646 0.499956 0.202319 0.225684 0.0036433
58 0.94506 0.392161 0.109722 0.09627 0.00359929
14 0.796363 0.626672 0.145543 0.218194 0.00359231
34 0.682356 0.739133 0.10722 0.2508 0.00359127
73 0.042505 0.191596 0.0202889 0.0238104 0.00352994
37 0.731499 0.442338 0.115823 0.254313 0.00350407
60 1 0.255959 0 0.511919 0.00349984
9 0.797948 0.625511 0.139274 0.217689 0.00347775
58 0.795307 0.629355 0.143837 0.217998 0.00344926
73 0.203334 0.109392 0.0770264 0.0244613 0.00344676
0 0.109763 0 0.219526 0 0.00342727
73 0.129548 0.133019 0.0545988 0.0240158 0.00341418
27 0.730738 0.441523 0.119029 0.25431 0.00339723
73 0.0901108 0.232985 0.119819 0.0135834 0.00339261
40 0.802083 0.682179 0.129406 0.10547 0.00337905
0 0.451762 0 0.89711 0 0.00325683
73 0.106267 0.12102 0.0182492 0.0386466 0.0032528
60 0 0.536693 0 0.602125 0.00323361
60 0 0.682612 0 0.595744 0.0032334
73 0.125176 0.237958 0.150573 0.0138214 0.00317609
75 0.83776 0.493054 0.121317 0.0791916 0.00314718
34 0.731953 0.442267 0.122772 0.254621 0.00313434
73 0.115056 0.226939 0.212997 0.157787 0.00309786
24 0.331385 0.466782 0.20393 0.26749 0.00303942
56 0.748171 0.91562 0.503657 0.160755 0.00302887
59 0.00172218 0.479455 0.00344436 0.93804 0.00302428
58 0.748358 0.359667 0.143879 0.429775 0.00302288
39 0.516821 0.716251 0.0154783 0.0356153 0.00291541
59 0 0.536693 0 0.602125 0.00290161
38 0.142446 0.518524 0.0995869 0.151265 0.00289193
58 1 0.316888 0 0.593949 0.00284511
79 0.682134 0.740435 0.0991241 0.246776 0.00279206
73 0.135868 0.104601 0.0898979 0.0264018 0.00278768
73 0.554588 0.945719 0.0602381 0.108563 0.00278559
56 0.307327 0.494249 0.219499 0.219952 0.00277841
58 0.0520943 0.919043 0.0989745 0.132899 0.00277659
73 0.546791 0.943703 0.0420888 0.103093 0.00276181
0 0.194744 0 0.389488 0 0.0027287
24 0.350525 0.491188 0.162206 0.303871 0.00270468
73 0.157825 0.077074 0.188814 0.053854 0.00269344
41 0.884985 0.705184 0.0427349 0.0444348 0.00265148
34 0.623795 0.741492 0.0718147 0.264552 0.00261554
73 0.125021 0.0588454 0.084476 0.0456638 0.00260115
60 0.504785 0.00175326 0.99043 0.00350653 0.00259075
56 0.319192 0.46025 0.246139 0.148298 0.00257161
75 0.846027 0.504298 0.147949 0.188501 0.00256497
73 0.119121 0.191416 0.215503 0.0742251 0.00255746
73 0.172678 0.238254 0.0603784 0.012482 0.00251779
73 0.0692909 0.124784 0.0313764 0.0347489 0.00250667
38 0.189167 0.49956 0.210661 0.221462 0.00249752
56 0.819618 0.960243 0.133415 0.0790583 0.0024319
73 0.159536 0.0221348 0.165293 0.0334674 0.00240242
73 0.142356 0.106542 0.214997 0.0761695 0.00239348
76 0.120895 0.515189 0.135549 0.154903 0.00239125
73 0.167242 0.236179 0.0739153 0.0153377 0.0023801
60 0.65732 0 0.68536 0 0.00237927
43 0.682134 0.740435 0.0991241 0.246776 0.00237632
73 0.125942 0.107349 0.104609 0.0257974 0.00237095
75 0.919585 0.542544 0.100351 0.0394753 0.00236848
74 0.550005 0.614765 0.031577 0.0526451 0.00236037
73 0.174089 0.119943 0.012954 0.0157367 0.00236011
0 0.696884 0 0.606233 0 0.00234923
73 0.118361 0.27922 0.0454913 0.037542 0.00227255
73 0.151446 0.234033 0.108439 0.0132762 0.00222334
65 0.74486 0.587088 0.0910393 0.0276361 0.002213
0 1 0.255959 0 0.511919 0.00221232
73 0.115718 0.238163 0.176778 0.0194612 0.00218603
67 0.755333 0.202188 0.115872 0.113676 0.00217888
36 0.682788 0.73787 0.105984 0.250227 0.00216827
58 0.840471 0.476106 0.20948 0.507004 0.00216198
73 0.144114 0.239594 0.120974 0.0141693 0.00216195
39 0.0863521 0.122633 0.0471168 0.0432494 0.00216168
59 0 0.682612 0 0.595744 0.0021477
73 0.174144 0.185277 0.0956179 0.0543909 0.00212491
73 0.079044 0.280768 0.017874 0.0551863 0.00211456
