0 0.573441 0.6758 0.10718 0.520337 0.849938
28 0.728181 0.67548 0.124748 0.104936 0.625171
28 0.69884 0.795069 0.0944445 0.190524 0.573858
2 0.509917 0.550045 0.0646078 0.0490001 0.333973
28 0.770353 0.798134 0.0630203 0.162471 0.272282
2 0.541543 0.550466 0.128525 0.05136 0.162877
28 0.726961 0.758314 0.152486 0.26923 0.121286
28 0.779882 0.798781 0.0441329 0.158534 0.0792505
2 0.510321 0.561093 0.0653495 0.0691407 0.0647755
28 0.754181 0.80272 0.0346474 0.159252 0.0629142
0 0.0310077 0.48615 0.0321778 0.0707068 0.0537259
2 0.978553 0.557394 0.030332 0.0395155 0.0517912
28 0.728323 0.645651 0.118557 0.0533407 0.0492887
28 0.751996 0.798573 0.101407 0.168427 0.0396053
28 0.669603 0.792885 0.0428831 0.188011 0.0323314
28 0.636151 0.75409 0.0647854 0.224962 0.0317405
4 0.501093 0.217586 0.997555 0.435172 0.0206114
0 0.230337 0.523676 0.0141448 0.0562112 0.019271
28 0.739833 0.648852 0.0938006 0.0447764 0.0186215
28 0.661769 0.79515 0.0294563 0.198031 0.0182477
26 0.561728 0.606898 0.07956 0.266757 0.0178965
0 0.232062 0.518485 0.0189078 0.0671131 0.0169183
2 0.54933 0.530115 0.14412 0.10546 0.0155466
0 0.971268 0.884428 0.0533737 0.229195 0.0155107
28 0.714569 0.805327 0.0562631 0.168754 0.0151326
28 0.725591 0.799925 0.0837687 0.17427 0.0139216
28 0.731877 0.691821 0.127025 0.0709163 0.0136339
2 0.496229 0.517796 0.0563972 0.0432451 0.0121008
28 0.632807 0.770453 0.0381219 0.190922 0.0116024
4 0.500256 0.324405 0.995655 0.623074 0.0109935
0 0.105106 0.567769 0.0132823 0.0521931 0.0105022
28 0.971263 0.946852 0.0525209 0.106296 0.010431
24 0.585778 0.508277 0.0505854 0.163397 0.00980371
26 0.728248 0.675763 0.125854 0.10489 0.00954014
26 0.971354 0.946918 0.0525213 0.106164 0.00931749
24 0.584281 0.527671 0.0466373 0.122912 0.00861901
13 0.434402 0.688181 0.186499 0.120062 0.00841495
5 0.45847 0.508383 0.133324 0.0691801 0.008201
62 0.0663757 0.430071 0.131212 0.264443 0.00699267
0 0.999691 0.384749 0.00061792 0.769498 0.00695491
0 0.971502 0.947679 0.0523795 0.104642 0.00687075
0 0.237263 0.523651 0.0272368 0.0540618 0.0062933
6 0.456553 0.507128 0.139384 0.0695638 0.00614223
26 0.635014 0.651009 0.0739786 0.0735983 0.00572449
0 0.0303215 0.497489 0.0335009 0.101417 0.00560078
6 0.424951 0.507031 0.202124 0.0727702 0.00551787
2 0.496756 0.553623 0.0390901 0.0402009 0.00549451
28 0.747431 0.800712 0.0450062 0.171546 0.00547275
0 0.201759 0.537426 0.0136544 0.0389334 0.0054538
2 0.506623 0.536202 0.0610069 0.0461516 0.00524458
60 0.999657 0.309695 0.000686584 0.619389 0.0052321
6 0.3358 0.482467 0.418963 0.18516 0.00508693
4 0.493329 0.441058 0.986658 0.882116 0.00502101
9 0.339748 0.508596 0.0163195 0.0537841 0.00496483
2 0.431567 0.516649 0.0564326 0.0311531 0.00488058
28 0.747766 0.885772 0.194838 0.102366 0.00468674
24 0.971354 0.946918 0.0525213 0.106164 0.00461614
28 0.637696 0.747704 0.0834363 0.268175 0.00460523
4 0.336585 0.479864 0.418252 0.181783 0.00458166
28 0.633602 0.649891 0.0745158 0.0703877 0.00450307
6 0.459123 0.480696 0.690707 0.190093 0.0043425
2 0.977882 0.547032 0.0348934 0.064098 0.00429702
1 0.971574 0.945813 0.0523966 0.108374 0.00422773
0 0.339748 0.508596 0.0163195 0.0537841 0.0041481
28 0.803287 0.87667 0.0825558 0.080934 0.00411054
0 0.680573 0.52437 0.0155716 0.0244684 0.00404891
24 0.727894 0.675821 0.126013 0.104455 0.00401804
28 0.757762 0.696303 0.0763105 0.0622973 0.00398663
5 0.424951 0.507031 0.202124 0.0727702 0.00394681
0 0.999683 0.278056 0.000634277 0.556111 0.00382471
8 0.510331 0.550439 0.0651242 0.0504299 0.00381213
60 0 0.75669 0 0.486621 0.00379017
0 0.499751 0.515862 0.0486096 0.0422511 0.00376007
26 0.619758 0.858292 0.0516136 0.0914472 0.00374913
6 0.370301 0.50699 0.33 0.082488 0.00367522
26 0.585778 0.508277 0.0505854 0.163397 0.00365147
2 0.309109 0.513053 0.0323792 0.0337058 0.00364468
2 0.737838 0.528984 0.0232249 0.0340834 0.00362125
0 0.737838 0.528984 0.0232249 0.0340834 0.00358763
4 0.317196 0.525368 0.456562 0.268375 0.0035505
2 0.536285 0.539914 0.114876 0.0887342 0.00348723
8 0.978553 0.557394 0.030332 0.0395155 0.00347596
2 0.439335 0.512758 0.0661822 0.0428055 0.00344607
2 0.716265 0.527741 0.0662744 0.0393023 0.00331751
2 0.568132 0.569729 0.104484 0.187572 0.00323796
5 0.446308 0.506902 0.110852 0.0560166 0.00323111
2 0.961193 0.540096 0.0662218 0.0763459 0.003223
3 0.978553 0.557394 0.030332 0.0395155 0.00321671
28 0.78313 0.80769 0.0363948 0.134236 0.00318435
59 0.999691 0.384749 0.00061792 0.769498 0.00316107
4 0.459123 0.480696 0.690707 0.190093 0.00311336
4 0.514098 0.499519 0.964015 0.631973 0.00306013
2 0.296818 0.516605 0.100595 0.0422394 0.00303069
7 0.510331 0.550439 0.0651242 0.0504299 0.00299671
24 0.580593 0.541625 0.0375467 0.0913213 0.00298142
24 0.510082 0.553468 0.0646503 0.0549737 0.00292447
28 0.76865 0.748376 0.0626249 0.164966 0.00281918
60 0.999652 0.414098 0.000696777 0.828196 0.00278947
0 0.506629 0.550317 0.0584432 0.0467862 0.00278133
0 0.97823 0.558256 0.0299595 0.0380838 0.00272638
6 0.407516 0.515405 0.244567 0.08861 0.00271362
7 0.541543 0.550466 0.128525 0.05136 0.00271133
2 0.316795 0.51428 0.0541459 0.045134 0.00261605
24 0.573741 0.54428 0.0549629 0.102132 0.0025937
6 0.317196 0.525368 0.456562 0.268375 0.00257367
0 0.999558 0.698097 0.000884399 0.602518 0.00253591
28 0.755749 0.885435 0.17795 0.0765055 0.00248027
28 0.776406 0.820898 0.133221 0.199656 0.0024721
2 0.439513 0.514351 0.0951169 0.0449084 0.00246748
5 0.493256 0.51742 0.0601471 0.0408401 0.00245729
4 0.483102 0.411108 0.897036 0.398044 0.00236085
36 0.971502 0.947679 0.0523795 0.104642 0.00234717
2 0.440416 0.51895 0.028287 0.030961 0.00231278
2 0.450571 0.51984 0.0688801 0.0387899 0.00230032
7 0.510321 0.561093 0.0653495 0.0691407 0.00229293
0 0.999529 0.196412 0.000942627 0.392824 0.00229231
59 0.999683 0.278056 0.000634277 0.556111 0.00227016
0 0.46896 0.522383 0.0134489 0.0284134 0.00226307
28 0.677853 0.799936 0.041857 0.189792 0.00222853
4 0.470963 0.570546 0.845672 0.415459 0.00221318
0 0.394997 0.52497 0.0261356 0.105429 0.00221238
57 0.999691 0.384749 0.00061792 0.769498 0.00218093
0 0.401391 0.509987 0.0152265 0.036818 0.00217423
13 0.455513 0.681429 0.144533 0.092832 0.00216764
7 0.97839 0.558009 0.0314038 0.0407493 0.00214112
36 0.602198 0.450033 0.086053 0.350609 0.00210941
2 0.428814 0.510683 0.0774283 0.0444536 0.0020746
0 0.390657 0.503106 0.0114692 0.0535017 0.00204167
2 0.458883 0.513864 0.133887 0.0570291 0.00203994
36 0.603282 0.402501 0.0801153 0.256991 0.00202516
60 0.000345054 0.669973 0.000690109 0.658392 0.00201958
9 0.680573 0.52437 0.0155716 0.0244684 0.00200838
0 0.225317 0.51634 0.0486739 0.0788813 0.00200519
28 0.702404 0.684364 0.0721443 0.0638079 0.0020031
2 0.302174 0.554041 0.116855 0.0749686 0.00198799
7 0.548113 0.537264 0.143471 0.080892 0.0019511
24 0.634555 0.645642 0.0727932 0.0612807 0.00190645
57 0.999683 0.278056 0.000634277 0.556111 0.00188592
5 0.407516 0.515405 0.244567 0.08861 0.00187755
2 0.553556 0.563246 0.153036 0.0810197 0.00187039
2 0.71493 0.52093 0.0697243 0.0456501 0.00184458
4 0.293771 0.554635 0.585627 0.385892 0.00182095
26 0.510082 0.553468 0.0646503 0.0549737 0.00177443
5 0.370301 0.50699 0.33 0.082488 0.00174692
28 0.710306 0.689943 0.0905558 0.0620966 0.00174552
0 0.238239 0.531474 0.0274638 0.0420129 0.00169724
0 0.586695 0.507374 0.0533286 0.174323 0.00169402
6 0.293771 0.554635 0.585627 0.385892 0.00169095
28 0.784266 0.802246 0.095912 0.161417 0.00168142
2 0.295065 0.522477 0.116696 0.0667746 0.00167847
4 0.395135 0.470296 0.79027 0.589542 0.00167128
0 0.506623 0.536202 0.0610069 0.0461516 0.00166002
2 0.977951 0.567506 0.0311961 0.058052 0.00165325
0 0.214393 0.508183 0.0279937 0.0291696 0.00165007
25 0.62989 0.761027 0.0384827 0.199917 0.0016492
0 0.496756 0.553623 0.0390901 0.0402009 0.00163776
0 0.99944 0.637905 0.00112036 0.72419 0.00162974
0 0.393842 0.5098 0.0199249 0.0667278 0.00162736
26 0.617222 0.804088 0.0601166 0.199711 0.00161657
7 0.459542 0.505251 0.141729 0.0611851 0.0016028
26 0.569678 0.544809 0.0676925 0.106732 0.00157577
26 0.69884 0.795069 0.0944445 0.190524 0.00154823
26 0.62989 0.761027 0.0384827 0.199917 0.00153467
26 0.584281 0.527671 0.0466373 0.122912 0.00153184
10 0.633459 0.740246 0.0734171 0.250968 0.00152466
3 0.971753 0.945717 0.0525063 0.108565 0.0015156
2 0.736253 0.539737 0.0267874 0.0220144 0.00150129
36 0.394946 0.735413 0.0883779 0.0211293 0.00147828
28 0.686234 0.73935 0.179249 0.248061 0.00146654
2 0.71786 0.539449 0.0629769 0.0248117 0.00145891
36 0.725006 0.67576 0.12218 0.100191 0.00145444
3 0.509917 0.550045 0.0646078 0.0490001 0.00144714
9 0.589804 0.385253 0.0414524 0.0882615 0.00144041
0 0.103282 0.526681 0.0225366 0.140049 0.00143921
13 0.431382 0.610536 0.207529 0.272229 0.00142902
13 0.725006 0.67576 0.12218 0.100191 0.00141811
0 0.979679 0.78725 0.0361618 0.0347861 0.00140324
2 0.284943 0.512157 0.0973761 0.0465152 0.00140139
6 0.0692042 0.513276 0.13702 0.502222 0.00138777
6 0.470963 0.570546 0.845672 0.415459 0.00138456
28 0.712347 0.702006 0.102837 0.0644002 0.00137499
5 0.432434 0.511116 0.0803631 0.0457584 0.00136283
24 0.580421 0.533093 0.0628271 0.109276 0.00133917
5 0.460517 0.524037 0.165634 0.102231 0.00132015
26 0.731512 0.645131 0.110595 0.051325 0.00131509
26 0.567506 0.575704 0.0762904 0.17148 0.00131196
2 0.401391 0.509987 0.0152265 0.036818 0.0013096
13 0.439911 0.581412 0.187919 0.0296915 0.00127736
28 0.70084 0.668258 0.0679087 0.0817668 0.00124896
0 0.969928 0.833585 0.0562047 0.329656 0.00124869
6 0.239651 0.472799 0.219333 0.11206 0.00120947
7 0.493256 0.51742 0.0601471 0.0408401 0.00120318
2 0.465112 0.504391 0.158879 0.063971 0.00119343
0 0.327033 0.509213 0.0446335 0.056525 0.00119033
0 0.992196 0.515942 0.00817157 0.0356138 0.00117639
28 0.734908 0.856136 0.217359 0.171208 0.00116873
25 0.634243 0.65091 0.0744798 0.073648 0.00115392
2 0.481346 0.51069 0.0831296 0.0531071 0.00113407
28 0.779792 0.697591 0.0324595 0.0580977 0.00113004
6 0.238553 0.451922 0.216558 0.0835958 0.00112894
28 0.701154 0.69365 0.068535 0.0509594 0.00110987
2 0.0674669 0.516118 0.133885 0.481153 0.00110281
28 0.775401 0.815608 0.051137 0.126818 0.0010913
2 0.284273 0.535515 0.161804 0.114718 0.00108477
26 0.5907 0.566677 0.0703685 0.16341 0.00107884
25 0.509917 0.550045 0.0646078 0.0490001 0.0010744
6 0.348424 0.497912 0.472429 0.11126 0.00106385
13 0.971232 0.946262 0.0527292 0.107477 0.00106245
28 0.971462 0.884688 0.0534181 0.229836 0.00105965
6 0.439763 0.525302 0.186775 0.105522 0.00105146
5 0.694341 0.498669 0.115082 0.0967089 0.0010387
28 0.776758 0.722847 0.0487494 0.108295 0.00103748
26 0.586008 0.590552 0.0829505 0.240359 0.00103092
0 0.139894 0.455518 0.012605 0.0435127 0.00103071
26 0.561818 0.653168 0.0796168 0.174399 0.00100642
8 0.961193 0.540096 0.0662218 0.0763459 0.00100419
