0 0.584476 0.368226 0.468081 0.562489 0.938216
0 0.195789 0.403997 0.37347 0.69686 0.92009
0 0.911023 0.41595 0.176971 0.519578 0.909001
56 0.39544 0.648572 0.368236 0.106928 0.906002
55 0.669503 0.783612 0.615987 0.223145 0.904201
43 0.669296 0.637462 0.117928 0.131516 0.877744
60 0.528193 0.800534 0.941127 0.376667 0.841006
41 0.713605 0.118758 0.0653829 0.0495432 0.791595
41 0.244069 0.769377 0.104488 0.106359 0.726119
41 0.711753 0.169128 0.0628445 0.0433409 0.629905
41 0.859245 0.120375 0.0579511 0.040203 0.416039
41 0.853835 0.170427 0.0604264 0.0421481 0.410202
56 0.115776 0.95239 0.170401 0.094034 0.395401
41 0.452398 0.232821 0.0560223 0.0389606 0.18008
39 0.84513 0.311194 0.0723941 0.12533 0.122474
41 0.444056 0.185718 0.0470651 0.0441658 0.100222
41 0.943227 0.168174 0.0609775 0.0431967 0.0972891
41 0.361637 0.229899 0.0448776 0.0379094 0.0781916
56 0.182247 0.95295 0.294565 0.0940998 0.0387731
45 0.784173 0.657638 0.162637 0.0543928 0.0306279
0 0.405202 0.518762 0.783795 0.914868 0.021683
56 0.433167 0.288423 0.150745 0.0802131 0.0186329
0 0.199424 0.579178 0.361607 0.76403 0.0177543
43 0.681653 0.662717 0.0939064 0.0794046 0.0176276
60 0.527442 0.876958 0.939963 0.226946 0.0155397
56 0.550035 0.605557 0.202755 0.0623356 0.0125902
43 0.656838 0.623828 0.0925909 0.101296 0.0102922
60 0.538345 0.934299 0.923252 0.110474 0.00924501
76 0.66908 0.637231 0.117378 0.130548 0.00891423
56 0.519435 0.582429 0.146342 0.0149302 0.00725889
72 0.766973 0.3047 0.254471 0.135179 0.00614482
41 0.47082 0.229174 0.0941679 0.0459502 0.00575364
56 0.471001 0.953182 0.875338 0.0936356 0.00496876
41 0.454173 0.18756 0.067719 0.0494237 0.00491732
55 0.787782 0.657476 0.155878 0.054115 0.00477546
43 0.650907 0.615759 0.0760485 0.0877881 0.00439286
56 0.523468 0.588877 0.155779 0.0283283 0.0041005
57 0.433167 0.288423 0.150745 0.0802131 0.00396425
41 0.777317 0.212812 0.0260993 0.0304044 0.00379708
41 0.186475 0.758101 0.0279807 0.0603693 0.00371325
68 0.764804 0.306905 0.24592 0.141117 0.00359476
41 0.797853 0.163543 0.0485194 0.042096 0.00349337
41 0.932328 0.166767 0.0423775 0.0427877 0.00347558
72 0.433557 0.288542 0.151815 0.0817298 0.00341186
43 0.648799 0.652351 0.060154 0.0464049 0.00329858
74 0.687756 0.563903 0.0228351 0.0143547 0.00311849
41 0.493285 0.233474 0.0492143 0.0374103 0.00307935
62 0.767817 0.305163 0.253093 0.13716 0.00290731
43 0.639794 0.610468 0.0584376 0.0711376 0.00287357
60 0.868526 0.666933 0.261065 0.1044 0.00283638
41 0.763741 0.212803 0.0267007 0.0309356 0.00266427
56 0.87061 0.647743 0.253303 0.0681397 0.0026603
43 0.623106 0.647966 0.0258375 0.0603971 0.00264102
41 0.936203 0.171129 0.04838 0.0357202 0.00244844
39 0.943259 0.16751 0.0611379 0.04481 0.0024367
43 0.690925 0.667722 0.0698976 0.0697662 0.0023872
41 0.654984 0.112237 0.0311469 0.041621 0.002314
39 0.452703 0.232057 0.056548 0.0406508 0.00220838
69 0.765376 0.304978 0.240288 0.137642 0.00208026
72 0.800479 0.503338 0.115168 0.243609 0.00207838
41 0.805337 0.162029 0.0366003 0.0428602 0.0020318
60 0.780215 0.668227 0.43957 0.102755 0.00200275
56 0.522152 0.577619 0.154961 0.0257647 0.00199282
60 0.868293 0.649148 0.252298 0.0706146 0.0019075
41 0.893587 0.152202 0.0240432 0.0144774 0.00189191
56 0.9918 0.631563 0.0164 0.10036 0.00181168
41 0.892119 0.165554 0.0453236 0.0410564 0.00173616
44 0.668651 0.637542 0.117627 0.131329 0.0017322
56 0.431839 0.418679 0.154696 0.342685 0.00172502
41 0.844456 0.311809 0.0708577 0.123257 0.00170276
41 0.458195 0.20811 0.0764797 0.090876 0.0016191
43 0.553394 0.60459 0.21675 0.0631388 0.00157386
56 0.554717 0.578237 0.220723 0.0281034 0.00152674
43 0.687756 0.563903 0.0228351 0.0143547 0.00151947
41 0.793151 0.211447 0.0291865 0.0332722 0.00146517
41 0.214654 0.749428 0.0911042 0.083566 0.00145969
41 0.656847 0.098017 0.0216962 0.012438 0.00144219
56 0.833801 0.64089 0.186363 0.0535475 0.00143778
0 0.20213 0.684109 0.346734 0.558157 0.00140396
45 0.943227 0.168174 0.0609775 0.0431967 0.00137964
41 0.802859 0.151648 0.0262483 0.0162917 0.00129107
56 0.333789 0.951705 0.602532 0.0965903 0.0012472
43 0.632098 0.603113 0.0448033 0.06252 0.00124595
41 0.790884 0.157777 0.0593222 0.0538674 0.00124106
46 0.361833 0.229737 0.0445326 0.0377658 0.00123596
0 0.410737 0.410453 0.821474 0.63227 0.00123483
45 0.444056 0.185718 0.0470651 0.0441658 0.00121123
42 0.66908 0.637231 0.117378 0.130548 0.00120708
72 0.742597 0.301773 0.184185 0.12009 0.00114021
67 0.687756 0.563903 0.0228351 0.0143547 0.00113767
43 0.63801 0.635347 0.0605346 0.0855827 0.00109512
56 0.817666 0.633961 0.146651 0.0388498 0.0010899
39 0.361689 0.229508 0.044874 0.0384061 0.00108543
45 0.859533 0.120655 0.0574517 0.0407471 0.00106874
75 0.943227 0.168174 0.0609775 0.0431967 0.00101197
40 0.777317 0.212812 0.0260993 0.0304044 0.00100225
