0 0.215313 0.678239 0.425994 0.552838 0.933653
0 0.47761 0.506406 0.427013 0.979586 0.924414
0 0.726055 0.62121 0.229436 0.425037 0.902622
57 0.829352 0.63103 0.340355 0.425993 0.899729
26 0.783317 0.789848 0.138505 0.109338 0.85402
39 0.108633 0.931383 0.0646882 0.133237 0.845415
41 0.264273 0.966945 0.0951788 0.0661093 0.827362
41 0.0450676 0.965608 0.0901352 0.0679274 0.768576
65 0.291472 0.520065 0.0885717 0.034882 0.69839
58 0.300787 0.23577 0.227587 0.383092 0.579369
29 0.695388 0.567149 0.117028 0.111576 0.500811
0 0.0458199 0.78319 0.0912115 0.234729 0.4869
57 0.166501 0.657165 0.326754 0.430698 0.413264
0 0.91382 0.712843 0.170878 0.361796 0.413115
57 0.209954 0.672338 0.417856 0.482616 0.19705
57 0.828929 0.737065 0.337417 0.214482 0.130993
57 0.507831 0.630194 0.980456 0.426068 0.129165
62 0.967617 0.181185 0.06418 0.164802 0.105696
0 0.0490009 0.667679 0.0971965 0.471127 0.105624
41 0.335574 0.993833 0.0928242 0.0123341 0.0728665
58 0.388697 0.220808 0.401188 0.41176 0.0714315
0 0.124537 0.756864 0.248004 0.304154 0.0655378
26 0.83924 0.864777 0.11866 0.0506809 0.0556805
39 0.124774 0.896122 0.0448705 0.0809315 0.048659
57 0.0421858 0.484896 0.0843716 0.0990349 0.047564
0 0.953309 0.774028 0.0933823 0.30962 0.0297771
0 0.126735 0.755816 0.250869 0.213489 0.0292602
0 0.965867 0.787383 0.0681984 0.317023 0.0277834
58 0.269682 0.365329 0.163899 0.120869 0.0273772
57 0.309523 0.610388 0.139512 0.157103 0.0247169
57 0.204794 0.561731 0.409588 0.254593 0.0242404
58 0.274116 0.330574 0.173103 0.193152 0.0234964
56 0.184258 0.658585 0.364878 0.431291 0.0203705
0 0.933828 0.754616 0.13014 0.382448 0.0195702
57 0.127327 0.750318 0.247502 0.158168 0.0185914
57 0.047638 0.672195 0.095276 0.471911 0.0175683
60 0.182247 0.924157 0.362457 0.137648 0.0171559
57 0.192848 0.61407 0.385696 0.158956 0.0160965
57 0.832701 0.534918 0.333525 0.234138 0.015755
57 0.832239 0.498674 0.333054 0.162805 0.0133441
0 0.966301 0.883976 0.0670054 0.119967 0.0128286
56 0.135473 0.65593 0.266149 0.400232 0.0124371
57 0.143934 0.717796 0.281441 0.334585 0.0120856
59 0.209954 0.672338 0.417856 0.482616 0.0118655
0 0.915003 0.656933 0.169617 0.248152 0.0115058
57 0.129881 0.774341 0.242802 0.118739 0.0114283
0 0.966999 0.855834 0.0656812 0.0593086 0.011249
57 0.0423338 0.554688 0.0839111 0.237535 0.0105347
67 0.932011 0.880046 0.0614731 0.067692 0.0103699
57 0.126783 0.819797 0.250969 0.200023 0.0096567
56 0.311064 0.610599 0.143034 0.156284 0.00953043
56 0.128493 0.759625 0.249915 0.167226 0.00952384
65 0.932076 0.880276 0.0611376 0.0670912 0.00951946
0 0.914039 0.623389 0.170141 0.170727 0.00925097
26 0.695226 0.566867 0.115098 0.11171 0.00920126
62 0.969606 0.149781 0.0598584 0.10166 0.00835752
59 0.166501 0.657165 0.326754 0.430698 0.00813088
57 0.430152 0.682359 0.860303 0.510163 0.0074262
57 0.482662 0.609306 0.482235 0.162477 0.00719297
56 0.047638 0.672195 0.095276 0.471911 0.00710791
26 0.931865 0.879913 0.0612785 0.0677397 0.00698531
0 0.696033 0.567152 0.115535 0.111688 0.00594285
0 0.950347 0.891706 0.0993068 0.108215 0.00543231
65 0.274473 0.52422 0.0545746 0.0248927 0.00528839
56 0.0422958 0.484587 0.0842681 0.0987387 0.00516832
56 0.828929 0.737065 0.337417 0.214482 0.00514823
39 0.121064 0.889633 0.0492545 0.064245 0.00469345
58 0.266016 0.365226 0.123622 0.109913 0.00468838
58 0.334642 0.177139 0.150938 0.133029 0.00464508
65 0.839443 0.864753 0.11809 0.0507288 0.00456679
57 0.217828 0.763741 0.0631627 0.0736766 0.00429675
65 0.30388 0.516125 0.0635103 0.0279654 0.00412884
56 0.129719 0.776413 0.244292 0.116308 0.00378767
56 0.268765 0.590295 0.0625648 0.105875 0.00367966
59 0.828866 0.737985 0.334692 0.215673 0.00357264
57 0.14257 0.538081 0.28514 0.219681 0.00351077
56 0.192848 0.61407 0.385696 0.158956 0.00349993
57 0.235073 0.764168 0.0953423 0.0725494 0.0034799
67 0.290894 0.520224 0.0875486 0.0332163 0.00341493
56 0.829542 0.631136 0.340915 0.42592 0.00340545
56 0.143934 0.717796 0.281441 0.334585 0.00338033
58 0.311669 0.375523 0.249282 0.619307 0.00326774
57 0.408909 0.557776 0.817181 0.275409 0.00326335
56 0.157148 0.762596 0.195062 0.0842548 0.00320375
57 0.0933331 0.79186 0.0570316 0.0820034 0.00320286
59 0.0421858 0.484896 0.0843716 0.0990349 0.00310501
0 0.898631 0.654673 0.142915 0.109727 0.00308478
0 0.966711 0.791322 0.0658582 0.190505 0.0030548
57 0.12445 0.771318 0.247567 0.242966 0.00304687
56 0.217828 0.763741 0.0631627 0.0736766 0.00298685
39 0.0148383 0.891415 0.0296765 0.107922 0.00294268
39 0.0368864 0.89051 0.0737728 0.10976 0.002902
57 0.102929 0.815104 0.0759654 0.129938 0.00275436
57 0.15321 0.791214 0.204335 0.131111 0.00273681
60 0.11609 0.957309 0.232181 0.0853817 0.00273558
56 0.133564 0.795467 0.262167 0.287624 0.00268662
0 0.906144 0.674993 0.130972 0.0667604 0.00264698
41 0.304743 0.99278 0.150891 0.0144409 0.00261933
35 0.839443 0.864753 0.11809 0.0507288 0.00261119
57 0.179678 0.593715 0.354061 0.136708 0.00257123
57 0.164877 0.772364 0.175195 0.0935816 0.00249919
57 0.107429 0.829785 0.0884446 0.161083 0.00247991
35 0.695226 0.566867 0.115098 0.11171 0.00246191
73 0.917888 0.56872 0.0778196 0.0386768 0.00230896
41 0.11224 0.987318 0.0502124 0.0253647 0.00229082
73 0.906572 0.569023 0.053877 0.037108 0.00224969
39 0.291439 0.52015 0.0882011 0.0341705 0.00220236
24 0.839667 0.86475 0.117769 0.050564 0.00217766
24 0.780014 0.79011 0.143016 0.10881 0.00216755
56 0.210041 0.558724 0.418547 0.251162 0.0020082
26 0.0436915 0.892038 0.0872631 0.106809 0.00200689
78 0.839241 0.864753 0.117708 0.0503536 0.00198591
39 0.93179 0.879917 0.0613416 0.0680393 0.0019809
65 0.182916 0.980008 0.0904532 0.0380833 0.00197813
41 0.33775 0.98957 0.0983865 0.0208599 0.00195986
57 0.234857 0.718531 0.467181 0.354969 0.00194007
65 0.337053 0.992548 0.0962427 0.0149048 0.00192648
73 0.927789 0.602977 0.144422 0.100918 0.00192052
59 0.204794 0.561731 0.409588 0.254593 0.00191477
57 0.215407 0.658347 0.410109 0.213684 0.00190604
73 0.291217 0.520004 0.0885563 0.0346156 0.00182399
58 0.288 0.348586 0.14436 0.158123 0.00181568
57 0.269705 0.589849 0.0617294 0.106563 0.00179455
67 0.839248 0.865065 0.117952 0.0503132 0.00178736
73 0.934686 0.56592 0.114984 0.0461479 0.00176883
56 0.430152 0.682359 0.860303 0.510163 0.00176179
61 0.217828 0.763741 0.0631627 0.0736766 0.00168601
57 0.125065 0.507751 0.25013 0.144965 0.0016779
0 0.925669 0.716255 0.14659 0.194913 0.00167182
58 0.365983 0.116638 0.0697847 0.14095 0.00164124
57 0.881413 0.577193 0.236219 0.307719 0.00162774
58 0.448813 0.266144 0.537865 0.467407 0.00161105
56 0.232487 0.763498 0.0926877 0.0747646 0.00160939
58 0.39495 0.136445 0.272264 0.272891 0.00160742
32 0.695459 0.567162 0.117397 0.111455 0.00157261
41 0.108898 0.930319 0.0638829 0.133461 0.00157076
13 0.166501 0.657165 0.326754 0.430698 0.00156873
56 0.516383 0.609282 0.501689 0.1638 0.00149995
56 0.126783 0.819797 0.250969 0.200023 0.00149778
73 0.936216 0.582576 0.127151 0.0755493 0.00141969
57 0.174365 0.779718 0.224089 0.10535 0.00138322
59 0.829352 0.63103 0.340355 0.425993 0.00136289
58 0.0411183 0.916603 0.0819714 0.0594948 0.00134924
60 0.202553 0.953088 0.405106 0.0938241 0.00133747
41 0.334301 0.993721 0.0940807 0.012558 0.00133741
57 0.505011 0.66151 0.51155 0.260552 0.00133604
58 0.371993 0.175654 0.0735736 0.127948 0.00128895
24 0.695226 0.566867 0.115098 0.11171 0.00128704
58 0.369178 0.329693 0.388976 0.600043 0.0012795
58 0.339854 0.226627 0.261936 0.381585 0.00127751
57 0.337184 0.624601 0.0890316 0.130812 0.00127119
41 0.291217 0.520004 0.0885563 0.0346156 0.00125992
73 0.0408489 0.916529 0.0816799 0.0578075 0.00124282
0 0.134932 0.658238 0.2638 0.430554 0.00123847
41 0.265036 0.985124 0.0868525 0.0297522 0.00122732
58 0.334758 0.153204 0.153747 0.233409 0.0012241
57 0.329954 0.602924 0.0839388 0.11082 0.00118634
56 0.33676 0.627553 0.0901249 0.124048 0.00117743
45 0.0454619 0.965856 0.0905297 0.0682886 0.00117683
0 0.0425317 0.483468 0.0845466 0.0970951 0.00116035
61 0.232487 0.763498 0.0926877 0.0747646 0.00113383
57 0.16896 0.67405 0.33792 0.451167 0.00113273
57 0.183629 0.731897 0.341913 0.236429 0.00112918
39 0.0114495 0.870856 0.0217909 0.0638241 0.00112399
0 0.896072 0.589655 0.204499 0.244406 0.00109646
41 0.932076 0.880276 0.0611376 0.0670912 0.00109184
13 0.830373 0.629582 0.33903 0.427791 0.00108632
59 0.507831 0.630194 0.980456 0.426068 0.00107977
57 0.326464 0.680382 0.194683 0.300591 0.00106183
64 0.334321 0.993688 0.0919434 0.0126234 0.00105128
58 0.0403291 0.892475 0.0806583 0.107976 0.00102434
56 0.215407 0.658347 0.410109 0.213684 0.00100344
