32 0.48317 0.410443 0.103451 0.0783247 0.928458
0 0.578613 0.379441 0.466034 0.420679 0.859888
0 0.601263 0.179942 0.0834005 0.127603 0.839381
0 0.199541 0.265535 0.0660311 0.103773 0.791819
0 0.0206981 0.289479 0.0413962 0.145936 0.791591
0 0.930839 0.292514 0.0932888 0.154485 0.781123
0 0.322015 0.297743 0.0807894 0.129633 0.770115
0 0.38627 0.21112 0.106466 0.172252 0.751769
0 0.689983 0.380442 0.130481 0.364649 0.695446
32 0.0192621 0.280786 0.0370983 0.0281988 0.622997
0 0.156413 0.267247 0.0406206 0.0944812 0.511002
0 0.194882 0.339777 0.126471 0.0556279 0.35654
0 0.466942 0.209164 0.0444453 0.0409605 0.179323
0 0.387269 0.248899 0.10971 0.249578 0.121681
0 0.717019 0.381591 0.179749 0.365051 0.0939362
0 0.0207258 0.266337 0.0404829 0.0994849 0.0687471
0 0.927997 0.261304 0.0886915 0.0925971 0.0550743
0 0.769189 0.299469 0.131645 0.163523 0.0521668
0 0.355502 0.274139 0.0533065 0.0978462 0.0458072
29 0.0195395 0.281041 0.0377768 0.0273799 0.0436355
0 0.192306 0.291508 0.114159 0.144238 0.0299391
0 0.678344 0.254312 0.103792 0.111556 0.0290796
32 0.798019 0.30213 0.0398687 0.0554704 0.0267735
0 0.34628 0.268862 0.0719254 0.0889557 0.0263049
2 0.299566 0.281686 0.172843 0.119103 0.0223807
29 0.797436 0.301662 0.0434217 0.0567705 0.0185136
0 0.185579 0.229998 0.0221242 0.0213512 0.0184656
0 0.769344 0.268486 0.13198 0.101881 0.0179414
0 0.636047 0.38082 0.244195 0.368921 0.0178274
0 0.952456 0.232418 0.0392131 0.0342693 0.0177229
24 0.466885 0.20918 0.0440084 0.0409446 0.0149464
26 0.913202 0.290106 0.0566452 0.0346647 0.0136157
0 0.91262 0.289419 0.0568967 0.0377351 0.0124397
0 0.361165 0.29097 0.0876661 0.147096 0.0122952
0 0.0198467 0.247976 0.0390935 0.063745 0.0122754
0 0.773971 0.285393 0.11824 0.0865155 0.0119784
25 0.296217 0.281152 0.165887 0.11762 0.011541
0 0.947715 0.261735 0.0488424 0.0911889 0.0105638
0 0.182065 0.233037 0.0282427 0.0227851 0.00913376
0 0.298447 0.284335 0.0372601 0.0841421 0.00871083
0 0.466716 0.198896 0.0457497 0.0627005 0.00839418
0 0.145341 0.267969 0.0593819 0.0953309 0.00707844
38 0.782723 0.321266 0.0720097 0.0986321 0.00636098
24 0.19485 0.340174 0.126762 0.0555712 0.00613979
0 0.177224 0.252559 0.0412324 0.0707792 0.00612071
0 0.0151406 0.32007 0.0302812 0.0847481 0.00606725
0 0.189421 0.22838 0.0296999 0.0285403 0.0059014
25 0.769765 0.263837 0.131105 0.0941286 0.00576305
35 0.145749 0.32713 0.029495 0.0299645 0.00551564
0 0.00969326 0.229813 0.0193865 0.0278379 0.00532171
16 0.195696 0.339445 0.127005 0.0568468 0.00519502
0 0.170902 0.252113 0.0371438 0.0574678 0.00514212
0 0.184838 0.231743 0.031079 0.0340058 0.00510135
25 0.773785 0.285344 0.12253 0.084463 0.00485122
0 0.910176 0.277323 0.0539263 0.0593749 0.0048511
56 0.195824 0.339298 0.126379 0.0558875 0.00443551
0 0.198824 0.246094 0.0586377 0.0649163 0.0044094
2 0.268155 0.282174 0.108157 0.118191 0.00422481
0 0.775246 0.272025 0.118493 0.0596067 0.00402758
32 0.787874 0.319684 0.0592466 0.0919514 0.00402346
0 0.950861 0.292266 0.0548782 0.154128 0.00397637
35 0.0195395 0.281041 0.0377768 0.0273799 0.00355706
38 0.78657 0.300352 0.0642522 0.0558243 0.00345954
0 0.639716 0.384051 0.32656 0.432575 0.00344545
0 0.769582 0.325551 0.0927935 0.104927 0.00335333
38 0.770878 0.299647 0.127239 0.161104 0.00304934
0 0.796433 0.299202 0.0619723 0.0589045 0.00302953
32 0.78657 0.300352 0.0642522 0.0558243 0.00295579
24 0.913202 0.290106 0.0566452 0.0346647 0.00285295
0 0.749954 0.33081 0.0533436 0.097602 0.00262275
38 0.0195395 0.281041 0.0377768 0.0273799 0.0025174
13 0.19473 0.339651 0.125724 0.0559856 0.00248259
26 0.194276 0.340135 0.127256 0.056022 0.00245905
0 0.178418 0.26985 0.0386519 0.0894321 0.00242966
29 0.78657 0.300352 0.0642522 0.0558243 0.00241244
0 0.4747 0.203384 0.0598681 0.0526977 0.0023987
0 0.499201 0.196392 0.109986 0.0678109 0.00229347
0 0.345246 0.240987 0.0739314 0.0329777 0.00226009
0 0.787705 0.32475 0.0578813 0.100145 0.00205868
38 0.769582 0.325551 0.0927935 0.104927 0.0020577
29 0.787874 0.319684 0.0592466 0.0919514 0.0020473
0 0.182183 0.297006 0.154932 0.142618 0.00192684
0 0.264397 0.281085 0.100047 0.117811 0.00192612
32 0.798062 0.300685 0.0561457 0.0556503 0.00192124
1 0.26656 0.281623 0.103891 0.11768 0.00191855
0 0.404927 0.257414 0.152542 0.259149 0.0018819
2 0.551363 0.295562 0.685656 0.152798 0.00186083
25 0.267948 0.282339 0.110293 0.118327 0.00180817
0 0.842525 0.295004 0.283713 0.159634 0.00173488
26 0.189624 0.301116 0.0315241 0.0322175 0.00172174
0 0.184112 0.277056 0.042443 0.0784257 0.00163871
3 0.195587 0.33962 0.126851 0.0559699 0.00159284
1 0.296269 0.281493 0.166174 0.115155 0.0015555
25 0.775246 0.272025 0.118493 0.0596067 0.00155339
0 0.174296 0.269336 0.0285819 0.0789022 0.00155079
38 0.797436 0.301662 0.0434217 0.0567705 0.00154838
0 0.0191425 0.234988 0.0374274 0.0383949 0.00152054
14 0.76874 0.298396 0.132505 0.162396 0.00151825
0 0.216501 0.243757 0.0503175 0.0493363 0.00151423
0 0.78657 0.300352 0.0642522 0.0558243 0.00145996
0 0.287181 0.280804 0.147865 0.118026 0.00141332
24 0.0195395 0.281041 0.0377768 0.0273799 0.00139752
1 0.298472 0.28075 0.0368306 0.0677385 0.00136429
0 0.758922 0.334521 0.0616163 0.0962343 0.00136295
32 0.913202 0.290106 0.0566452 0.0346647 0.00134709
35 0.797436 0.301662 0.0434217 0.0567705 0.00134686
0 0.200012 0.229986 0.0424365 0.0328958 0.00133798
32 0.0218888 0.270891 0.0422354 0.0538061 0.00132561
26 0.467115 0.209118 0.0438348 0.0411392 0.00130528
17 0.19567 0.339631 0.126399 0.0561204 0.00127468
0 0.363478 0.244283 0.036419 0.0343435 0.00127199
35 0.166778 0.329985 0.0708731 0.037611 0.0012576
0 0.15714 0.241786 0.0403259 0.0529612 0.00123149
24 0.220631 0.35088 0.0450773 0.0256298 0.00122958
1 0.419676 0.312944 0.185116 0.197796 0.00119686
0 0.224009 0.24962 0.0343236 0.0310813 0.00119492
32 0.220631 0.35088 0.0450773 0.0256298 0.0011898
56 0.770878 0.299647 0.127239 0.161104 0.0011721
0 0.021974 0.272444 0.043685 0.0597849 0.00116444
0 0.218173 0.257752 0.0331538 0.0497652 0.00116077
0 0.797774 0.283947 0.0742421 0.0754582 0.00115299
29 0.913202 0.290106 0.0566452 0.0346647 0.0011203
25 0.768146 0.299274 0.133671 0.163365 0.00111127
0 0.344865 0.237098 0.0488513 0.025668 0.00107771
0 0.88098 0.269921 0.127504 0.0740697 0.00107023
39 0.797436 0.301662 0.0434217 0.0567705 0.00105512
26 0.222877 0.351215 0.0417166 0.0265257 0.00105333
34 0.787874 0.319684 0.0592466 0.0919514 0.00105175
16 0.913202 0.290106 0.0566452 0.0346647 0.00104851
0 0.139544 0.293382 0.279087 0.151506 0.00100583
