0 0.690649 0.597472 0.600664 0.78659 0.951142
0 0.287923 0.520468 0.555385 0.936643 0.870265
27 0.323874 0.531934 0.144924 0.418191 0.843922
27 0.322188 0.36847 0.140358 0.270937 0.300777
76 0.408389 0.506144 0.316923 0.515155 0.259032
27 0.405953 0.541842 0.311939 0.442973 0.229669
27 0.340923 0.484235 0.178108 0.505724 0.123545
0 0.033697 0.732679 0.0673941 0.517592 0.120531
0 0.609139 0.656417 0.204855 0.458864 0.0190031
27 0.40686 0.455235 0.310628 0.299991 0.0159966
27 0.208728 0.474157 0.203617 0.119644 0.0146493
27 0.452896 0.873137 0.115956 0.245862 0.0138437
76 0.457466 0.543228 0.221412 0.102614 0.00668743
27 0.269825 0.518192 0.329831 0.385655 0.00611109
43 0.407777 0.507753 0.319092 0.529975 0.00541568
43 0.208584 0.472187 0.204049 0.123962 0.0046494
73 0.648832 0.475486 0.098221 0.119055 0.0045583
27 0.459543 0.613945 0.208506 0.305978 0.00409552
27 0.363867 0.526326 0.410625 0.530672 0.0038884
0 0.51706 0.795126 0.101265 0.12151 0.0033147
25 0.124662 0.274885 0.247173 0.542703 0.00322172
0 0.0250356 0.859435 0.0498669 0.260731 0.00308904
27 0.309801 0.443747 0.168636 0.41849 0.00303981
76 0.323653 0.533238 0.142839 0.417119 0.00260934
26 0.842581 0.452946 0.112429 0.0957261 0.00249395
27 0.253987 0.512175 0.294745 0.19892 0.00247627
27 0.22949 0.44713 0.248158 0.174311 0.00243273
27 0.21006 0.515812 0.206677 0.205727 0.00240648
25 0.211955 0.268956 0.419752 0.537114 0.00236022
27 0.455919 0.543276 0.218007 0.118422 0.0022839
0 0.0101743 0.550365 0.0202042 0.158429 0.0020842
76 0.45629 0.578255 0.221753 0.1933 0.00206822
26 0.405834 0.480887 0.310024 0.500174 0.00205767
67 0.473311 0.81798 0.0208176 0.0383344 0.00205255
76 0.468701 0.520995 0.454421 0.581981 0.0019632
27 0.380972 0.865603 0.0382878 0.268794 0.00183737
43 0.323441 0.53467 0.143545 0.415388 0.00183049
27 0.446764 0.535139 0.195907 0.0907429 0.00182185
76 0.454421 0.618961 0.223317 0.282442 0.00177711
27 0.434195 0.529087 0.261198 0.132135 0.0016796
56 0.918397 0.443975 0.135916 0.306801 0.00166327
26 0.349131 0.475968 0.193392 0.488877 0.00165254
25 0.408389 0.506144 0.316923 0.515155 0.00158861
27 0.0228519 0.92324 0.04505 0.150486 0.00158796
26 0.608868 0.672935 0.200944 0.429285 0.00149402
76 0.208337 0.473587 0.203536 0.120547 0.00145105
76 0.408334 0.593105 0.0628562 0.0575946 0.00143594
27 0.416859 0.664492 0.0833694 0.195131 0.00141159
27 0.583018 0.600177 0.0894739 0.0936992 0.00139666
0 0.49551 0.792673 0.144911 0.128134 0.00138092
73 0.648435 0.530815 0.0995825 0.229358 0.00135925
15 0.409506 0.524387 0.319682 0.506082 0.00128192
0 0.409545 0.506958 0.318571 0.529182 0.00125033
56 0.972276 0.856535 0.051852 0.276475 0.00121942
0 0.657567 0.796239 0.109156 0.182083 0.00121805
27 0.0244233 0.863567 0.0479359 0.272867 0.00120598
43 0.457466 0.543228 0.221412 0.102614 0.00120229
27 0.429857 0.845733 0.163375 0.297356 0.00118822
27 0.254876 0.46017 0.303035 0.277819 0.00115955
76 0.408082 0.46955 0.311879 0.267481 0.00113612
76 0.520313 0.503463 0.362628 0.197734 0.00108606
76 0.434195 0.529087 0.261198 0.132135 0.0010733
76 0.487516 0.568845 0.292179 0.171609 0.00106037
76 0.421228 0.594446 0.0371733 0.0585951 0.00100705
26 0.452532 0.876767 0.116673 0.241329 0.00100052
