20 0.180282 0.679603 0.356444 0.480518 0.952737
20 0.516669 0.665579 0.320185 0.426473 0.951061
20 0.567162 0.783925 0.126673 0.187976 0.898039
20 0.873752 0.642414 0.250719 0.452777 0.881835
20 0.768754 0.737754 0.218228 0.264425 0.757335
20 0.77598 0.582822 0.0573618 0.0678436 0.188708
20 0.807193 0.705553 0.139931 0.314503 0.0529176
20 0.732129 0.736807 0.14585 0.256917 0.0518212
20 0.805289 0.58354 0.11834 0.0799942 0.0325867
20 0.816382 0.633434 0.14988 0.177579 0.0197137
20 0.824052 0.733193 0.143608 0.267778 0.0169539
20 0.82205 0.605937 0.15587 0.125165 0.0110093
20 0.788055 0.63069 0.0871254 0.170639 0.0054121
20 0.878162 0.557656 0.240238 0.282933 0.00455162
20 0.769221 0.70019 0.105111 0.308213 0.00197762
20 0.788909 0.786145 0.0976243 0.164133 0.00187069
20 0.799026 0.616896 0.0997638 0.148283 0.0018062
20 0.378982 0.677086 0.723353 0.498501 0.00147751
