0 0.329487 0.576576 0.581329 0.824599 0.951848
68 0.894841 0.86119 0.209251 0.259768 0.911421
44 0.628333 0.843555 0.0573143 0.0924021 0.546796
44 0.642119 0.861299 0.0366521 0.0564645 0.513242
44 0.645192 0.785971 0.0389987 0.0593126 0.496337
43 0.737982 0.82592 0.0289585 0.0764948 0.470343
43 0.751179 0.825575 0.0255465 0.0817631 0.444696
74 0.0232932 0.0411945 0.0465863 0.0809587 0.373771
43 0.710617 0.808193 0.0216707 0.0789538 0.367752
44 0.662476 0.846207 0.0259821 0.0563793 0.344131
43 0.724782 0.802204 0.0247351 0.0978821 0.332319
68 0.45771 0.909821 0.217333 0.175037 0.316494
42 0.685037 0.804073 0.0304203 0.0719826 0.286101
44 0.626354 0.918699 0.0347035 0.0630136 0.280818
43 0.751429 0.896952 0.026415 0.0741353 0.269365
43 0.738906 0.79335 0.0218597 0.0679437 0.221784
42 0.587043 0.966712 0.0246143 0.0655406 0.214662
43 0.737949 0.803703 0.0227139 0.0958907 0.181848
43 0.652968 0.663191 0.023661 0.181842 0.181343
44 0.527588 0.671511 0.0288731 0.17147 0.177474
69 0.457707 0.911412 0.215884 0.174165 0.176144
44 0.671868 0.39465 0.0268873 0.22606 0.163748
43 0.560415 0.938144 0.0366878 0.121667 0.159691
43 0.744101 0.859581 0.0384893 0.147998 0.155062
69 0.0252408 0.91848 0.0498454 0.155809 0.132589
43 0.718219 0.823175 0.0209968 0.0810535 0.128298
44 0.64262 0.392374 0.0259218 0.267525 0.127689
43 0.736093 0.86081 0.0369295 0.148104 0.120109
43 0.685105 0.802369 0.030928 0.0750073 0.11767
44 0.621559 0.740682 0.0194424 0.058287 0.116399
44 0.684608 0.802893 0.0314711 0.0758786 0.111125
69 0.430415 0.923499 0.161468 0.149329 0.10817
42 0.56969 0.795831 0.0532749 0.145222 0.0998092
68 0.0372438 0.621026 0.0727829 0.254364 0.0940394
43 0.563441 0.975702 0.0202507 0.0485961 0.091502
44 0.626486 0.671389 0.0233698 0.183605 0.0819786
44 0.680289 0.917142 0.0201895 0.148565 0.0817646
42 0.568183 0.835327 0.0490772 0.0644477 0.0814855
43 0.564884 0.977584 0.0154399 0.0437423 0.0797105
44 0.642673 0.868555 0.0398529 0.0764675 0.0786024
43 0.62761 0.666789 0.0209122 0.174237 0.0768488
43 0.711704 0.851401 0.0236284 0.16301 0.0641071
45 0.448643 0.195337 0.146656 0.240414 0.0635831
44 0.652866 0.664898 0.0243168 0.180038 0.0634535
44 0.603806 0.904895 0.0131547 0.084053 0.0634158
44 0.588873 0.756017 0.0143127 0.0579096 0.0611126
44 0.654697 0.886592 0.030434 0.0360984 0.0606074
42 0.568889 0.857194 0.0505903 0.111462 0.0523557
44 0.660015 0.887356 0.0316998 0.0376634 0.0515825
43 0.681049 0.915633 0.0180321 0.156319 0.0487717
43 0.734873 0.791864 0.0292851 0.0844425 0.0483044
42 0.57922 0.883236 0.0321528 0.0584903 0.0471936
42 0.752456 0.824117 0.0232968 0.0812724 0.04601
42 0.683367 0.790684 0.0355204 0.0947929 0.0454738
69 0.0265419 0.873162 0.0527502 0.247796 0.0454069
43 0.629439 0.983383 0.0171268 0.0319009 0.0422057
51 0.588873 0.756017 0.0143127 0.0579096 0.0409016
44 0.657191 0.930998 0.0415703 0.0693351 0.0408137
42 0.653287 0.666645 0.0240038 0.175313 0.0376029
45 0.62841 0.842438 0.057818 0.0899321 0.036982
42 0.561164 0.937787 0.038783 0.121565 0.0355424
44 0.522501 0.669739 0.0198631 0.176357 0.0353458
44 0.583297 0.900623 0.0373343 0.101187 0.0352857
43 0.585208 0.964848 0.021287 0.065467 0.0347477
74 0.0416645 0.0659552 0.0821692 0.129806 0.0343738
44 0.748552 0.898134 0.0315161 0.0776347 0.0337338
43 0.623168 0.650908 0.0155443 0.150961 0.0323449
43 0.734443 0.889848 0.0305405 0.0987131 0.0309859
43 0.715909 0.923342 0.0224209 0.151858 0.0299215
44 0.6266 0.741504 0.0265096 0.0564725 0.0293753
42 0.680289 0.917142 0.0201895 0.148565 0.0291065
44 0.956349 0.638732 0.0114967 0.107456 0.0288979
42 0.563441 0.975702 0.0202507 0.0485961 0.0278163
42 0.710402 0.809348 0.0199915 0.0771127 0.0264885
68 0.426871 0.921276 0.154974 0.148675 0.0263015
44 0.629439 0.983383 0.0171268 0.0319009 0.0260134
44 0.67949 0.92351 0.015032 0.14389 0.0259089
43 0.956349 0.638732 0.0114967 0.107456 0.0257838
44 0.714533 0.922601 0.0283186 0.151569 0.0254163
44 0.637668 0.394182 0.0201751 0.262855 0.0251108
44 0.710402 0.809348 0.0199915 0.0771127 0.0242341
44 0.651 0.856478 0.0251565 0.0603216 0.0241527
44 0.632539 0.978478 0.0232046 0.0424776 0.0239088
44 0.668392 0.377465 0.0235609 0.206392 0.0237659
44 0.527696 0.738618 0.0284042 0.0373914 0.0237151
44 0.587043 0.966712 0.0246143 0.0655406 0.0236058
44 0.612743 0.907593 0.0228436 0.0708565 0.02238
44 0.678546 0.67768 0.0190598 0.1617 0.0210707
44 0.63413 0.386261 0.016655 0.265199 0.0203588
69 0.494062 0.885271 0.290478 0.223879 0.0202847
44 0.752456 0.824117 0.0232968 0.0812724 0.0194233
44 0.684064 0.909871 0.0289053 0.15935 0.0192816
43 0.657596 0.933267 0.0395941 0.0671072 0.0189893
43 0.747363 0.829728 0.0342432 0.100523 0.0189442
43 0.668392 0.377465 0.0235609 0.206392 0.0187306
42 0.582028 0.900048 0.0383251 0.0965645 0.0184295
44 0.630575 0.925274 0.0357937 0.0686844 0.0183719
44 0.560757 0.767552 0.0231094 0.0911342 0.0181797
44 0.586884 0.760178 0.0196295 0.0581581 0.0177551
44 0.631371 0.73852 0.0174732 0.0499185 0.0175215
42 0.709404 0.81367 0.0238732 0.0928816 0.0175056
44 0.654933 0.394286 0.0488469 0.258075 0.0173284
43 0.678968 0.676739 0.0211256 0.163638 0.0169368
42 0.738046 0.82515 0.0287144 0.0766629 0.0165008
43 0.74286 0.922637 0.0407871 0.123473 0.0162206
44 0.736334 0.8978 0.0300198 0.0837284 0.0161814
41 0.653955 0.980647 0.0424387 0.0360776 0.01618
45 0.641679 0.861561 0.036466 0.0572325 0.0159369
44 0.74286 0.922637 0.0407871 0.123473 0.0158706
41 0.616835 0.975937 0.036109 0.0462516 0.0154546
42 0.695572 0.839159 0.0500054 0.154325 0.0154456
43 0.664841 0.361156 0.0152021 0.172088 0.0153675
43 0.567363 0.930505 0.0465866 0.115459 0.0153395
42 0.674556 0.810125 0.0201179 0.0566845 0.0151939
44 0.707924 0.922407 0.04177 0.151497 0.0148412
42 0.737949 0.803703 0.0227139 0.0958907 0.0147276
44 0.605801 0.91018 0.0154361 0.0779649 0.0147077
44 0.605259 0.889532 0.0209208 0.101576 0.0146253
44 0.690898 0.97271 0.0153327 0.0517351 0.0145609
43 0.707181 0.847906 0.0293396 0.162422 0.0141547
44 0.57232 0.272425 0.0333065 0.185027 0.0140866
44 0.586187 0.910498 0.0296578 0.108101 0.0138479
43 0.721892 0.868972 0.0285592 0.138634 0.0137175
44 0.568466 0.794992 0.0478093 0.146932 0.0131955
42 0.653108 0.705228 0.0234465 0.0972817 0.0131333
42 0.629575 0.982379 0.0175738 0.0340235 0.0129883
44 0.674556 0.810125 0.0201179 0.0566845 0.0129368
42 0.586187 0.910498 0.0296578 0.108101 0.0121364
44 0.568897 0.648048 0.0160078 0.100666 0.0120824
44 0.688662 0.918471 0.0177454 0.15783 0.0120816
43 0.709435 0.924218 0.0372404 0.15037 0.0119902
44 0.601704 0.906485 0.0125441 0.0911492 0.0119744
42 0.677929 0.686112 0.0215348 0.177346 0.0119613
42 0.559289 0.782354 0.0283628 0.120432 0.0118365
44 0.57762 0.790849 0.0663383 0.137205 0.0118005
44 0.723651 0.799806 0.0262035 0.101697 0.0112908
44 0.709404 0.81367 0.0238732 0.0928816 0.0112702
69 0.0234311 0.969948 0.0461619 0.0550477 0.0111603
44 0.698942 0.919355 0.0283169 0.15012 0.0108721
44 0.618925 0.898181 0.030855 0.0955783 0.0107425
44 0.738906 0.79335 0.0218597 0.0679437 0.0106392
44 0.653836 0.971653 0.0449583 0.0547593 0.0106341
43 0.639499 0.393419 0.0211606 0.260524 0.0105243
43 0.695572 0.839159 0.0500054 0.154325 0.0103579
44 0.445683 0.386209 0.0597701 0.147018 0.0103219
44 0.729101 0.922345 0.0372726 0.139009 0.0102893
42 0.595693 0.870577 0.0232862 0.123166 0.0102749
42 0.662584 0.847019 0.0255669 0.0582467 0.0102535
42 0.736093 0.86081 0.0369295 0.148104 0.0101902
44 0.695405 0.914432 0.0191605 0.145438 0.0100551
42 0.625439 0.916852 0.0355202 0.0610969 0.0100346
44 0.662361 0.389854 0.0225456 0.247147 0.00996086
43 0.590323 0.756589 0.0134935 0.0579521 0.00984612
51 0.586884 0.760178 0.0196295 0.0581581 0.00984243
44 0.737982 0.82592 0.0289585 0.0764948 0.00975052
43 0.655853 0.940561 0.0416742 0.103612 0.00974831
44 0.651268 0.951 0.0517775 0.0980009 0.00968567
68 0.504944 0.866249 0.308467 0.264579 0.00959787
44 0.581723 0.885613 0.0370392 0.0636024 0.00949007
42 0.707181 0.847906 0.0293396 0.162422 0.00947529
44 0.707181 0.847906 0.0293396 0.162422 0.00937581
44 0.590225 0.76814 0.0218455 0.0752746 0.00937337
43 0.639243 0.358052 0.017984 0.188934 0.00936493
42 0.956725 0.636796 0.0125153 0.105605 0.00932363
44 0.706172 0.811471 0.0270249 0.0795816 0.00930291
43 0.588856 0.966646 0.0247792 0.0646201 0.00928497
44 0.697297 0.89609 0.0157565 0.110223 0.00927144
42 0.601704 0.906485 0.0125441 0.0911492 0.0091697
42 0.751429 0.896952 0.026415 0.0741353 0.00914249
44 0.559289 0.782354 0.0283628 0.120432 0.00908974
44 0.655853 0.940561 0.0416742 0.103612 0.00905323
44 0.653108 0.705228 0.0234465 0.0972817 0.00904122
44 0.734549 0.861727 0.0325283 0.150449 0.00902018
42 0.656956 0.935486 0.0399361 0.0632236 0.00890285
42 0.670845 0.389263 0.0282173 0.235924 0.00864807
43 0.651268 0.951 0.0517775 0.0980009 0.00864351
43 0.729101 0.922345 0.0372726 0.139009 0.00861537
44 0.697557 0.855838 0.0330547 0.158807 0.00851336
42 0.564884 0.977584 0.0154399 0.0437423 0.00849634
42 0.59349 0.889798 0.0215387 0.102504 0.00847158
42 0.572793 0.844611 0.0547855 0.0856352 0.00830343
44 0.62252 0.971914 0.0373022 0.0561726 0.00826177
44 0.695572 0.839159 0.0500054 0.154325 0.00820655
45 0.442688 0.642965 0.123923 0.233178 0.00798529
42 0.715486 0.920994 0.0278284 0.153095 0.00783226
44 0.683367 0.790684 0.0355204 0.0947929 0.00775006
44 0.732551 0.859256 0.0457708 0.15083 0.00771579
42 0.723005 0.807079 0.0251207 0.0913628 0.00764784
42 0.626377 0.673896 0.0270598 0.186126 0.00758696
44 0.665489 0.361168 0.0168571 0.17235 0.00746915
42 0.718219 0.823175 0.0209968 0.0810535 0.00741899
43 0.71666 0.955108 0.0238895 0.0880653 0.00730994
42 0.709425 0.921527 0.0378441 0.152783 0.00716546
69 0.894994 0.861207 0.208883 0.260218 0.00710076
42 0.617145 0.972401 0.0370897 0.052769 0.007063
42 0.641346 0.393738 0.0244476 0.263314 0.00706112
42 0.697557 0.855838 0.0330547 0.158807 0.00697577
43 0.586187 0.910498 0.0296578 0.108101 0.00696319
44 0.737949 0.803703 0.0227139 0.0958907 0.00688404
44 0.718381 0.91441 0.0256781 0.149812 0.00683317
44 0.653042 0.719715 0.0237896 0.0680781 0.00681254
43 0.684064 0.909871 0.0289053 0.15935 0.00669405
42 0.738906 0.79335 0.0218597 0.0679437 0.00659862
42 0.595855 0.971971 0.0134462 0.0510694 0.00658551
42 0.698942 0.919355 0.0283169 0.15012 0.00658289
42 0.695405 0.914432 0.0191605 0.145438 0.00647897
43 0.698942 0.919355 0.0283169 0.15012 0.00646973
43 0.662584 0.847019 0.0255669 0.0582467 0.00638786
44 0.709301 0.959736 0.035739 0.0792199 0.00633788
42 0.651268 0.951 0.0517775 0.0980009 0.00625458
43 0.688662 0.918471 0.0177454 0.15783 0.00625101
43 0.632539 0.978478 0.0232046 0.0424776 0.0062055
42 0.605801 0.91018 0.0154361 0.0779649 0.00620475
43 0.679165 0.633849 0.0164148 0.0792519 0.00616831
44 0.521666 0.650124 0.0155707 0.136926 0.00611013
44 0.718219 0.823175 0.0209968 0.0810535 0.00608861
44 0.576995 0.798041 0.0431293 0.137567 0.00607231
44 0.575384 0.662961 0.0330846 0.130956 0.00602761
43 0.706172 0.811471 0.0270249 0.0795816 0.00602677
44 0.563441 0.975702 0.0202507 0.0485961 0.00595593
42 0.526571 0.670337 0.028701 0.176466 0.00590357
44 0.591686 0.712774 0.0188077 0.0445777 0.00588819
43 0.644948 0.784362 0.0397599 0.0573139 0.00588176
44 0.621687 0.67247 0.0222544 0.189266 0.00587037
45 0.662512 0.846732 0.0251961 0.0580996 0.00584272
44 0.638794 0.355287 0.0171286 0.183713 0.00576767
44 0.682333 0.849807 0.02628 0.0623967 0.00575796
42 0.688662 0.918471 0.0177454 0.15783 0.005696
44 0.561912 0.936429 0.0390593 0.120011 0.00563338
43 0.695405 0.914432 0.0191605 0.145438 0.00560144
42 0.567363 0.930505 0.0465866 0.115459 0.00550592
42 0.632539 0.978478 0.0232046 0.0424776 0.00549862
44 0.711704 0.851401 0.0236284 0.16301 0.00541267
43 0.647872 0.652066 0.0128262 0.162735 0.00535783
44 0.721892 0.868972 0.0285592 0.138634 0.00532314
44 0.71666 0.955108 0.0238895 0.0880653 0.0052655
45 0.594889 0.2137 0.04708 0.195343 0.00525036
44 0.621556 0.749248 0.0215675 0.0696001 0.00518608
42 0.653042 0.719715 0.0237896 0.0680781 0.00515452
43 0.691083 0.971747 0.0161913 0.0498684 0.00514317
41 0.568319 0.835124 0.049159 0.0648411 0.00513959
43 0.616638 0.976792 0.0355841 0.0441484 0.00513208
43 0.520664 0.645522 0.0143203 0.130198 0.00504741
42 0.697297 0.89609 0.0157565 0.110223 0.00504115
43 0.62252 0.971914 0.0373022 0.0561726 0.0050377
42 0.662096 0.889696 0.03077 0.0401494 0.00495329
43 0.575691 0.88554 0.0286194 0.0516 0.00489414
44 0.652159 0.98103 0.0459414 0.0368331 0.00484535
42 0.566873 0.893677 0.0352763 0.0407855 0.00481358
43 0.671518 0.391209 0.0278782 0.234603 0.00475129
43 0.65663 0.361284 0.02203 0.197024 0.00469041
44 0.595855 0.971971 0.0134462 0.0510694 0.00468507
43 0.674556 0.810125 0.0201179 0.0566845 0.0046187
42 0.711704 0.851401 0.0236284 0.16301 0.00457907
44 0.734873 0.791864 0.0292851 0.0844425 0.00457606
44 0.640252 0.980374 0.0366326 0.0386047 0.00457036
43 0.605801 0.91018 0.0154361 0.0779649 0.00454408
43 0.64703 0.620421 0.00996094 0.102867 0.00447065
43 0.640252 0.980374 0.0366326 0.0386047 0.00446823
44 0.616638 0.976792 0.0355841 0.0441484 0.00444052
42 0.655853 0.940561 0.0416742 0.103612 0.0044212
45 0.644821 0.785984 0.0389118 0.0579119 0.00440788
42 0.628338 0.843717 0.0580954 0.0930382 0.0044027
44 0.59349 0.889798 0.0215387 0.102504 0.0043771
43 0.683367 0.790684 0.0355204 0.0947929 0.00433913
44 0.612458 0.846393 0.0274504 0.0903575 0.00433367
42 0.721892 0.868972 0.0285592 0.138634 0.0042983
43 0.697297 0.89609 0.0157565 0.110223 0.0042626
44 0.679519 0.636002 0.0177949 0.0764315 0.00424081
72 0.459485 0.910196 0.220893 0.173527 0.00422391
44 0.525774 0.656966 0.020607 0.137321 0.00421876
43 0.583297 0.900623 0.0373343 0.101187 0.00420561
72 0.901883 0.398813 0.194421 0.665408 0.00411093
42 0.573144 0.902616 0.02796 0.0604774 0.00408009
42 0.725539 0.79903 0.0226168 0.0992274 0.00405911
42 0.736334 0.8978 0.0300198 0.0837284 0.00403896
42 0.744101 0.859581 0.0384893 0.147998 0.0040077
45 0.568346 0.797354 0.0511166 0.142112 0.00399014
44 0.708734 0.870625 0.0224906 0.123071 0.00397596
69 0.409564 0.927053 0.115962 0.138508 0.00397062
43 0.708734 0.870625 0.0224906 0.123071 0.00393268
69 0.0245075 0.893854 0.0483907 0.108435 0.00384176
44 0.444841 0.365665 0.0514669 0.113059 0.00381234
43 0.718828 0.797059 0.0389793 0.10016 0.00380051
43 0.563863 0.765849 0.0190605 0.0873415 0.00379789
43 0.569592 0.644183 0.0135307 0.0921674 0.00378609
44 0.579267 0.714482 0.0437593 0.0558293 0.00376678
41 0.662584 0.847019 0.0255669 0.0582467 0.00376216
43 0.697557 0.855838 0.0330547 0.158807 0.00374201
51 0.590225 0.76814 0.0218455 0.0752746 0.00373077
43 0.651 0.856478 0.0251565 0.0603216 0.00372088
45 0.568319 0.835124 0.049159 0.0648411 0.00366679
42 0.67949 0.92351 0.015032 0.14389 0.0036276
45 0.616638 0.976792 0.0355841 0.0441484 0.00362092
42 0.640252 0.980374 0.0366326 0.0386047 0.00361434
42 0.559124 0.768071 0.0259941 0.0906874 0.00347155
43 0.603803 0.903651 0.0131319 0.0844009 0.00344157
43 0.526571 0.670337 0.028701 0.176466 0.00340429
43 0.709301 0.959736 0.035739 0.0792199 0.00340426
43 0.601704 0.906485 0.0125441 0.0911492 0.00339976
