45 0.499862 0.509427 0.994145 0.95226 0.950472
51 0.62816 0.837992 0.13914 0.205736 0.845345
44 0.268859 0.0818941 0.531838 0.15901 0.839583
51 0.852052 0.667693 0.0947956 0.175159 0.75441
51 0.420903 0.191086 0.110805 0.139719 0.628148
51 0.760469 0.692763 0.125991 0.177918 0.587159
51 0.372836 0.49791 0.130637 0.176365 0.584582
51 0.636337 0.155641 0.0975266 0.11069 0.320014
51 0.671042 0.570911 0.0963584 0.145553 0.286792
51 0.787156 0.535031 0.116731 0.176741 0.284774
51 0.258581 0.536203 0.10181 0.176831 0.259452
60 0.475922 0.500997 0.948033 0.959646 0.240738
50 0.523688 0.301988 0.1824 0.203826 0.190846
42 0.268571 0.0812681 0.532125 0.159612 0.186233
44 0.83623 0.101759 0.325979 0.202747 0.172447
44 0.0787959 0.30764 0.15712 0.304673 0.108997
51 0.393218 0.368248 0.0656134 0.104095 0.0974948
50 0.484498 0.239645 0.0589405 0.0794228 0.0881704
50 0.568089 0.316569 0.0956779 0.168838 0.0849244
50 0.523509 0.260856 0.187037 0.28525 0.0761871
50 0.500457 0.534729 0.137436 0.180811 0.0729649
44 0.835801 0.153134 0.328268 0.302866 0.0686243
50 0.690551 0.391559 0.091091 0.115586 0.0686237
42 0.835897 0.101457 0.32705 0.201803 0.0601789
42 0.0782324 0.307615 0.156134 0.301331 0.0569834
51 0.897816 0.439765 0.0269218 0.0783087 0.0533414
50 0.779066 0.369326 0.0643435 0.106959 0.0523189
45 0.835955 0.102015 0.326885 0.202677 0.0458144
50 0.481488 0.267668 0.108105 0.136599 0.0450193
50 0.870308 0.487742 0.0716648 0.0924833 0.0442914
51 0.414198 0.763239 0.0804058 0.118918 0.0420601
50 0.707545 0.391705 0.058134 0.114646 0.0414513
50 0.66689 0.474547 0.0476748 0.0507712 0.0408628
51 0.827162 0.43644 0.105898 0.0560081 0.0393851
50 0.478065 0.168852 0.0480227 0.0839642 0.0375725
44 0.271131 0.229151 0.542262 0.45149 0.0374465
50 0.527378 0.317375 0.0952721 0.173676 0.0372922
50 0.483648 0.203244 0.061095 0.152852 0.0323767
42 0.835801 0.153134 0.328268 0.302866 0.0294161
45 0.835675 0.153529 0.328406 0.302396 0.0287131
60 0.505108 0.145842 0.985715 0.291684 0.0250143
50 0.513557 0.269474 0.121411 0.138131 0.0241648
60 0.451508 0.286084 0.899832 0.554924 0.0231182
50 0.589514 0.338111 0.052412 0.124399 0.0230846
60 0.122945 0.570751 0.245195 0.833417 0.0211405
50 0.591614 0.306343 0.0458067 0.0596038 0.0202982
50 0.531984 0.518878 0.078693 0.111535 0.0201168
50 0.594797 0.339586 0.171164 0.185131 0.0199568
50 0.56613 0.319944 0.230946 0.216721 0.0186255
50 0.557181 0.603974 0.251643 0.310634 0.0182252
44 0.085481 0.23599 0.170962 0.451646 0.017388
50 0.663266 0.378855 0.0390678 0.0614494 0.0171757
50 0.644802 0.674979 0.086833 0.0955279 0.0169963
45 0.268859 0.0818941 0.531838 0.15901 0.0165079
50 0.618311 0.621864 0.13215 0.194491 0.0160294
50 0.483157 0.29052 0.114007 0.107992 0.0159751
51 0.497811 0.876353 0.106085 0.126048 0.0156398
50 0.457464 0.492258 0.056093 0.0969148 0.0155262
50 0.587573 0.359537 0.0518853 0.082932 0.0152354
50 0.568419 0.351149 0.0897082 0.102859 0.0151707
50 0.519846 0.253807 0.139421 0.262242 0.0150655
50 0.473541 0.287871 0.0943353 0.0876282 0.0149991
60 0.126456 0.825045 0.252702 0.33055 0.0149987
44 0.150423 0.236391 0.300847 0.445984 0.0139
50 0.484982 0.173477 0.0584076 0.0959592 0.0136781
50 0.609909 0.35858 0.170728 0.161365 0.013217
51 0.814618 0.601682 0.173571 0.309245 0.0129715
50 0.474576 0.536638 0.0900311 0.185869 0.0122899
50 0.668609 0.390252 0.133974 0.115359 0.0122784
50 0.523593 0.290352 0.102501 0.134091 0.0122564
51 0.516948 0.796626 0.116497 0.0662541 0.0122462
50 0.631147 0.345197 0.210654 0.207941 0.0122254
50 0.36628 0.359673 0.039245 0.0753244 0.0122023
50 0.713297 0.48726 0.050956 0.091189 0.011876
45 0.138462 0.125641 0.276924 0.250089 0.011745
50 0.612736 0.339143 0.103043 0.128964 0.0113066
50 0.690086 0.372752 0.0917135 0.0795441 0.0112944
44 0.082568 0.56933 0.164672 0.82782 0.011258
44 0.139436 0.134438 0.278871 0.268876 0.0106383
42 0.271131 0.229151 0.542262 0.45149 0.0105159
50 0.549266 0.317195 0.0527308 0.166549 0.0104574
50 0.39337 0.368396 0.06456 0.102601 0.0104194
50 0.475742 0.156193 0.0440508 0.0605845 0.0102169
50 0.55653 0.24037 0.0559229 0.0689466 0.0101543
50 0.515273 0.204789 0.126651 0.161067 0.00993559
51 0.638112 0.316917 0.0514345 0.10491 0.00962207
50 0.449127 0.275293 0.0465528 0.0615019 0.00944901
50 0.459698 0.524088 0.0612988 0.159929 0.00924742
50 0.497895 0.26813 0.0846315 0.128831 0.00921217
50 0.669287 0.208483 0.0374582 0.0342591 0.00919384
45 0.143689 0.039963 0.277204 0.0766555 0.00895327
50 0.542124 0.299807 0.0641747 0.141928 0.00889966
50 0.517435 0.241981 0.127481 0.090049 0.00873584
50 0.458021 0.416109 0.031019 0.0583073 0.00850308
50 0.543664 0.70387 0.0949066 0.152644 0.00827867
50 0.596843 0.628964 0.174783 0.221694 0.00821221
43 0.835747 0.10257 0.327083 0.20338 0.00816244
50 0.456674 0.282018 0.0615129 0.0749433 0.00790459
45 0.109878 0.57048 0.219382 0.830729 0.00780496
50 0.484412 0.311924 0.117085 0.146707 0.00756761
51 0.841415 0.468579 0.133957 0.125439 0.00737146
50 0.508628 0.306763 0.0718908 0.0833719 0.00734922
50 0.520026 0.33007 0.0997274 0.136303 0.00732586
51 0.742417 0.556665 0.0353773 0.102478 0.00730035
50 0.508406 0.300961 0.0639438 0.0647873 0.00726798
51 0.801817 0.677479 0.209496 0.209755 0.00719768
51 0.478292 0.714315 0.03955 0.0800466 0.00719139
50 0.549933 0.289795 0.0482941 0.119057 0.00700599
50 0.489833 0.585698 0.0701021 0.08244 0.00692788
60 0.502386 0.096837 0.986303 0.165803 0.00688002
50 0.618901 0.359604 0.117087 0.158487 0.00681937
43 0.269224 0.0818621 0.531289 0.15852 0.00677678
51 0.323888 0.369784 0.0522345 0.115248 0.00655967
50 0.581189 0.632706 0.200689 0.283863 0.00645638
51 0.60255 0.49813 0.0799416 0.116014 0.00623631
50 0.57 0.272813 0.0939333 0.130563 0.00610784
44 0.0451178 0.128487 0.0902357 0.248964 0.0060423
51 0.895559 0.58307 0.0569092 0.091728 0.00593302
50 0.558175 0.271073 0.0649937 0.126237 0.00564545
50 0.70882 0.360333 0.0544067 0.0522896 0.00557318
50 0.642855 0.395634 0.0767424 0.0935968 0.00555325
42 0.085481 0.23599 0.170962 0.451646 0.00543714
50 0.777793 0.384266 0.0576963 0.0720791 0.00543445
51 0.232486 0.71474 0.161234 0.18313 0.0054321
50 0.481121 0.230109 0.0923629 0.21241 0.00534746
50 0.535075 0.162106 0.0952889 0.117123 0.00522393
50 0.689883 0.486434 0.0938899 0.0817431 0.00516802
44 0.0608544 0.190398 0.121709 0.119745 0.005099
50 0.571402 0.345967 0.295215 0.275703 0.00486991
50 0.624374 0.419049 0.0293781 0.0461645 0.00477144
51 0.322348 0.340669 0.129292 0.174679 0.00471568
50 0.700478 0.415069 0.0385876 0.0647524 0.00464001
50 0.636588 0.317642 0.0520136 0.106398 0.00461605
60 0.899102 0.877455 0.201796 0.222706 0.00460237
50 0.456634 0.457309 0.0539187 0.145762 0.00459534
51 0.838381 0.437319 0.134273 0.0662699 0.00444958
50 0.49641 0.295181 0.137675 0.187044 0.00444934
44 0.0774213 0.131441 0.154012 0.24652 0.00440142
44 0.045457 0.199169 0.0909139 0.105058 0.00428095
51 0.737856 0.554449 0.024411 0.104086 0.00421274
50 0.646297 0.378386 0.0721906 0.0643705 0.00417638
50 0.622454 0.381671 0.114039 0.0925908 0.00415877
50 0.45257 0.375746 0.0578812 0.13693 0.0041284
50 0.495082 0.317777 0.0984064 0.121481 0.00410259
51 0.322599 0.523649 0.239692 0.237567 0.00397032
60 0.138462 0.125641 0.276924 0.250089 0.00393364
50 0.518434 0.165688 0.126519 0.121817 0.00385383
50 0.464128 0.3912 0.0422915 0.103656 0.00352645
44 0.10752 0.498289 0.214965 0.964719 0.0035198
42 0.139436 0.134438 0.278871 0.268876 0.00349703
43 0.835801 0.153134 0.328268 0.302866 0.00341535
60 0.838319 0.153795 0.323363 0.30759 0.00341058
60 0.492767 0.819487 0.977745 0.338435 0.00340667
51 0.319417 0.314887 0.117894 0.123302 0.00336853
50 0.811797 0.369946 0.131764 0.109947 0.00336826
51 0.47151 0.8667 0.052704 0.104145 0.00335905
51 0.78287 0.612581 0.175003 0.334295 0.00334519
50 0.692254 0.466861 0.0929247 0.133544 0.00334233
69 0.471178 0.485544 0.93828 0.961149 0.00330266
50 0.603103 0.599304 0.129724 0.153566 0.00326431
50 0.522102 0.541817 0.101749 0.158785 0.00322622
51 0.333455 0.352289 0.0277502 0.0807406 0.00321403
50 0.632692 0.405694 0.0636375 0.0744003 0.003162
51 0.195326 0.556699 0.0353499 0.099508 0.00309727
44 0.0790473 0.419357 0.157621 0.527302 0.00307825
42 0.121197 0.241193 0.242394 0.433398 0.00306258
50 0.555996 0.228129 0.0556605 0.0548289 0.00306237
50 0.471777 0.256164 0.0900019 0.10949 0.00304663
50 0.580964 0.673168 0.175625 0.21133 0.00300989
51 0.715011 0.625086 0.239645 0.324984 0.00300393
51 0.508769 0.852822 0.127043 0.174456 0.00299323
51 0.568669 0.415693 0.0763519 0.0375009 0.00297713
51 0.382154 0.313128 0.0364733 0.0472482 0.00292715
51 0.87606 0.572253 0.0969067 0.115847 0.00291792
50 0.537662 0.186816 0.103593 0.156563 0.00289816
51 0.687995 0.767489 0.278321 0.329561 0.0028713
50 0.740653 0.377711 0.142916 0.126116 0.00286776
44 0.270679 0.147423 0.541358 0.294846 0.00282937
40 0.268859 0.0818941 0.531838 0.15901 0.00279793
50 0.609196 0.576223 0.116693 0.105033 0.00276965
50 0.848045 0.399449 0.0597097 0.0342201 0.00275221
51 0.67076 0.210012 0.0363241 0.0330398 0.00271469
50 0.684191 0.40511 0.105989 0.140417 0.00265384
45 0.451508 0.286084 0.899832 0.554924 0.00264099
51 0.718383 0.804122 0.127632 0.14064 0.00262463
51 0.317676 0.32902 0.0971019 0.151345 0.00258368
51 0.382272 0.448526 0.151127 0.271439 0.00256994
50 0.466 0.382734 0.0540478 0.112306 0.0025278
50 0.548694 0.519336 0.0631905 0.110509 0.00246066
51 0.345496 0.285634 0.0462257 0.0620846 0.00245261
51 0.293177 0.336792 0.0626834 0.0518006 0.00244734
50 0.59968 0.357334 0.233411 0.198516 0.00242645
41 0.143689 0.039963 0.277204 0.0766555 0.00241777
50 0.567557 0.522826 0.094662 0.118979 0.00237256
44 0.192828 0.495236 0.385136 0.970641 0.00235891
51 0.305745 0.339478 0.0684084 0.056442 0.00231594
50 0.782584 0.389509 0.0487659 0.0599983 0.0023025
60 0.8381 0.489512 0.323784 0.979023 0.00228858
51 0.2865 0.386995 0.0517057 0.0789958 0.00221789
44 0.945648 0.13113 0.108499 0.0859633 0.00220677
50 0.557317 0.19299 0.0655928 0.138303 0.00218016
50 0.673506 0.369246 0.0594652 0.0767422 0.00216648
44 0.898436 0.0778082 0.202262 0.151295 0.0021652
51 0.373569 0.320211 0.0568194 0.0718682 0.00213858
50 0.429997 0.380347 0.0410645 0.113913 0.00212669
53 0.502506 0.508774 0.990045 0.947487 0.00211751
51 0.347009 0.335017 0.111335 0.1686 0.0020768
50 0.695899 0.364785 0.0798668 0.0633104 0.00207245
43 0.0782101 0.309821 0.155676 0.306964 0.00206983
51 0.484466 0.202699 0.0662193 0.15643 0.00204992
50 0.594324 0.28997 0.0452555 0.0724096 0.00201452
51 0.402692 0.269046 0.049743 0.0306394 0.00201342
45 0.37531 0.2316 0.750312 0.442758 0.00201038
50 0.427092 0.371135 0.0330854 0.0890606 0.00200877
50 0.654869 0.405197 0.166123 0.144293 0.00196832
50 0.544397 0.366934 0.0441021 0.0716479 0.0019677
50 0.368882 0.346765 0.0398131 0.0601365 0.00194195
42 0.082568 0.56933 0.164672 0.82782 0.00193778
45 0.07761 0.531603 0.154965 0.758168 0.0019331
50 0.507214 0.514902 0.119782 0.121352 0.00191966
45 0.233401 0.222231 0.466802 0.433795 0.00191742
50 0.494083 0.495832 0.150134 0.260861 0.00191393
50 0.559561 0.407351 0.272919 0.4323 0.0019137
50 0.556741 0.169024 0.0616104 0.102372 0.00191289
51 0.386832 0.306974 0.0887385 0.0915518 0.00187686
60 0.501981 0.201976 0.983093 0.344656 0.00187314
50 0.622721 0.650909 0.108356 0.134993 0.00186634
50 0.445153 0.350141 0.0387997 0.0755316 0.00184873
60 0.938283 0.0742799 0.122825 0.147682 0.00184572
50 0.372628 0.336929 0.0557433 0.107678 0.0018416
51 0.711954 0.816927 0.0857927 0.11668 0.00183934
50 0.285198 0.388529 0.0521845 0.0805953 0.00179094
50 0.840679 0.469719 0.133087 0.130672 0.00178728
51 0.420212 0.276395 0.14923 0.314081 0.00177556
51 0.765519 0.427707 0.031859 0.0364483 0.00176916
50 0.636159 0.155676 0.0965113 0.112012 0.00175467
60 0.629106 0.105117 0.73834 0.210233 0.00175321
45 0.226527 0.036965 0.112258 0.0737497 0.00174525
44 0.0502424 0.158068 0.100485 0.187529 0.00173679
50 0.476171 0.579975 0.0634634 0.0978991 0.00172088
50 0.444329 0.359717 0.0439695 0.0973068 0.00171393
60 0.631363 0.487418 0.736518 0.974836 0.00171366
44 0.079021 0.168935 0.158042 0.16268 0.00170422
51 0.332142 0.345843 0.0540236 0.156257 0.00167924
60 0.72378 0.134256 0.548678 0.268512 0.00167042
44 0.146567 0.391883 0.293133 0.783767 0.00165883
50 0.231899 0.71414 0.163562 0.182211 0.00162825
69 0.451508 0.286084 0.899832 0.554924 0.00162825
56 0.138462 0.125641 0.276924 0.250089 0.00160563
50 0.472796 0.147236 0.046426 0.053746 0.00159904
51 0.399388 0.28884 0.239182 0.343541 0.00157622
50 0.439727 0.384276 0.0599447 0.12552 0.00155324
50 0.732821 0.40023 0.171582 0.170211 0.00155294
50 0.552506 0.549292 0.0393065 0.0530557 0.00153443
51 0.346728 0.312351 0.0562362 0.119188 0.00152478
51 0.252353 0.716495 0.118404 0.17216 0.00146151
50 0.582942 0.603293 0.146102 0.172997 0.00146016
51 0.581862 0.148016 0.0266586 0.0777486 0.00145519
50 0.669947 0.213623 0.0412457 0.0442147 0.00144428
50 0.420393 0.191801 0.112428 0.139965 0.00144067
51 0.326104 0.566172 0.253393 0.341915 0.00143898
51 0.849322 0.700355 0.0743115 0.106083 0.00142711
50 0.578665 0.558534 0.0763098 0.0759861 0.00142032
44 0.216511 0.0375947 0.133017 0.074848 0.00141397
50 0.268571 0.0812681 0.532125 0.159612 0.00141123
50 0.596633 0.299783 0.0505289 0.0735117 0.00140986
60 0.73848 0.0893754 0.515942 0.178751 0.00140318
50 0.614023 0.392004 0.256308 0.188404 0.00139889
51 0.41707 0.370993 0.108148 0.115681 0.00139138
76 0.836049 0.102435 0.326292 0.204069 0.00137523
50 0.579726 0.57304 0.123749 0.109128 0.00135529
50 0.561834 0.225234 0.063811 0.0747134 0.00135088
50 0.627818 0.689451 0.107543 0.142453 0.00134739
76 0.268859 0.0818941 0.531838 0.15901 0.00134075
40 0.109878 0.57048 0.219382 0.830729 0.00133485
42 0.0790473 0.419357 0.157621 0.527302 0.00131738
50 0.553923 0.154584 0.0713919 0.10574 0.00131589
50 0.459552 0.537699 0.0803703 0.191147 0.0013158
50 0.502161 0.593061 0.0936233 0.101152 0.00130939
50 0.597034 0.378149 0.109422 0.122004 0.00130779
51 0.891421 0.441199 0.0386654 0.079682 0.00130209
51 0.32452 0.468461 0.235992 0.308196 0.00127724
50 0.463582 0.340482 0.0627586 0.107025 0.00124538
50 0.653696 0.360722 0.0756348 0.0955177 0.00123778
51 0.857391 0.440283 0.108079 0.0821323 0.00121522
50 0.457703 0.313675 0.0633043 0.131725 0.00121388
50 0.639042 0.740852 0.0459526 0.0499248 0.00119898
50 0.480234 0.321962 0.0686527 0.140323 0.00119895
51 0.597851 0.182451 0.177481 0.176945 0.00119817
43 0.271131 0.229151 0.542262 0.45149 0.00118652
60 0.192828 0.495236 0.385136 0.970641 0.00117785
45 0.182564 0.0376913 0.196303 0.0753827 0.00117743
50 0.380478 0.707733 0.0844613 0.103546 0.0011664
50 0.523122 0.361226 0.061916 0.0695259 0.00114912
42 0.10752 0.498289 0.214965 0.964719 0.00114891
43 0.139436 0.134438 0.278871 0.268876 0.00113553
50 0.732765 0.432805 0.186017 0.202247 0.00113544
50 0.669787 0.394965 0.0728967 0.100533 0.00113288
50 0.422698 0.375256 0.101406 0.129792 0.0011315
50 0.477666 0.590829 0.0443699 0.0821238 0.00112984
