0 0.814284 0.735802 0.208831 0.509119 0.926671
0 0.232685 0.425515 0.065746 0.320262 0.840089
38 0.251904 0.268971 0.0590863 0.0373887 0.209655
2 0.903034 0.439192 0.0558865 0.0235654 0.162459
38 0.243074 0.271325 0.0782761 0.042185 0.147301
38 0.309604 0.247557 0.179856 0.104435 0.142502
2 0.544495 0.433076 0.0617514 0.0382069 0.136374
38 0.288137 0.273031 0.134227 0.0508083 0.115601
38 0.259315 0.274449 0.0990049 0.0486946 0.111829
38 0.270314 0.268731 0.0963077 0.039713 0.0705487
2 0.903364 0.444568 0.0562088 0.0344086 0.0503541
2 0.689355 0.437528 0.0281715 0.0292818 0.0425095
38 0.251791 0.276758 0.0610283 0.0526056 0.0310854
32 0.380175 0.248203 0.0418897 0.101192 0.0294723
2 0.676685 0.435755 0.0545611 0.0349649 0.027836
38 0.242734 0.277558 0.0826529 0.0589246 0.0227588
2 0.675809 0.442704 0.0555034 0.0437096 0.0207919
2 0.964102 0.457613 0.0710146 0.0538871 0.0202186
2 0.777573 0.434952 0.105218 0.0745213 0.0173422
32 0.339988 0.248268 0.0838307 0.103112 0.0153514
2 0.708839 0.439777 0.0748155 0.0397266 0.0136195
2 0.831989 0.437649 0.0225094 0.0259378 0.0129215
2 0.698869 0.442925 0.0942749 0.0487772 0.0116416
2 0.902704 0.434679 0.0555065 0.0229861 0.00977847
32 0.339625 0.27852 0.0315258 0.0374859 0.00960904
38 0.380139 0.248006 0.0423364 0.102285 0.00943366
2 0.923909 0.455291 0.099406 0.0573186 0.00919309
33 0.349069 0.248291 0.103223 0.103128 0.00892109
2 0.658914 0.422077 0.0326433 0.0214554 0.00884143
2 0.54468 0.44114 0.062261 0.0502347 0.00836596
2 0.675438 0.429782 0.0571067 0.049468 0.00826481
32 0.389191 0.228851 0.0231995 0.0618362 0.00772491
2 0.736471 0.441851 0.0261864 0.0451202 0.00732923
2 0.985274 0.46768 0.0287376 0.0353289 0.00710604
2 0.766283 0.443082 0.090757 0.066752 0.00658599
38 0.312297 0.275713 0.089127 0.0487225 0.00548622
33 0.311808 0.249056 0.177888 0.103982 0.00537929
32 0.0190148 0.759124 0.0121749 0.0104858 0.00530893
32 0.337495 0.234427 0.079109 0.0752178 0.00511545
2 0.667399 0.436482 0.0603345 0.0587624 0.00492632
2 0.948967 0.458176 0.0433205 0.0515629 0.00483286
77 0.349302 0.248426 0.103405 0.103418 0.00482109
38 0.236258 0.284046 0.0581562 0.0533885 0.00456333
2 0.827155 0.436933 0.0216303 0.0257451 0.00442532
38 0.247169 0.285773 0.0710248 0.0700818 0.00438085
38 0.760116 0.530357 0.0228245 0.0176872 0.0042949
38 0.346522 0.248166 0.107702 0.102593 0.00405148
2 0.945216 0.454674 0.0649942 0.0580898 0.00402114
75 0.349478 0.248688 0.103045 0.103785 0.00397387
2 0.880061 0.4436 0.103757 0.0362372 0.00391713
2 0.554823 0.435709 0.0855272 0.0492727 0.00378886
26 0.349069 0.248291 0.103223 0.103128 0.00378487
2 0.697541 0.429341 0.0985922 0.0624989 0.00377533
2 0.782317 0.4347 0.103929 0.056351 0.00364032
38 0.364461 0.248647 0.0735592 0.103051 0.00352955
56 0.349302 0.248426 0.103405 0.103418 0.00351316
2 0.836932 0.43569 0.0296684 0.0286406 0.00346461
2 0.663084 0.449311 0.0281178 0.0322845 0.00316337
2 0.766527 0.428237 0.0837189 0.0753262 0.00312129
0 0.267369 0.419915 0.134974 0.324805 0.00307697
2 0.790357 0.426706 0.0953741 0.0507595 0.00306416
2 0.657928 0.418569 0.0339502 0.0304766 0.00290841
2 0.79245 0.420789 0.106685 0.065157 0.00286689
2 0.827164 0.434141 0.0342739 0.0308671 0.00285745
38 0.258492 0.520625 0.0106631 0.0262716 0.00284126
2 0.912416 0.437046 0.0775414 0.0324187 0.00257656
2 0.984891 0.344814 0.0291912 0.0665521 0.00235903
38 0.280887 0.263058 0.114992 0.057481 0.00231314
38 0.291756 0.255972 0.136825 0.0771046 0.00229257
7 0.748879 0.363904 0.204907 0.101422 0.00228265
2 0.163642 0.460104 0.0832102 0.122711 0.0021182
7 0.746524 0.39248 0.205873 0.145252 0.00209007
7 0.544611 0.434426 0.061874 0.0422819 0.00207499
2 0.739953 0.423978 0.19036 0.0883489 0.00205997
29 0.380175 0.248203 0.0418897 0.101192 0.00197849
2 0.849801 0.439007 0.0512045 0.0268258 0.00196448
2 0.985772 0.331115 0.0282511 0.039562 0.00188962
2 0.543011 0.44717 0.0553365 0.0384487 0.00187194
77 0.311808 0.249056 0.177888 0.103982 0.00185043
2 0.918755 0.455629 0.158015 0.0645168 0.00183979
2 0.879481 0.453519 0.109324 0.0545719 0.00180429
2 0.9047 0.45488 0.062533 0.0561952 0.00179633
7 0.675758 0.442449 0.0549345 0.0472027 0.00174367
7 0.676685 0.435755 0.0545611 0.0349649 0.00171384
38 0.277724 0.290629 0.145434 0.0826941 0.00162297
2 0.85724 0.355371 0.0221489 0.0233984 0.00162202
34 0.379881 0.247843 0.0427744 0.101038 0.0016093
38 0.257461 0.515426 0.0132577 0.0320424 0.00160587
7 0.688202 0.437541 0.0303804 0.0304502 0.0015713
38 0.761827 0.53342 0.0259329 0.0227739 0.00156632
2 0.774814 0.444907 0.0609951 0.059325 0.00150898
2 0.152902 0.438476 0.0584145 0.0811775 0.00148985
2 0.715852 0.431493 0.0895083 0.0674323 0.00147009
2 0.645624 0.437864 0.0857188 0.0633125 0.00145376
35 0.339988 0.248268 0.0838307 0.103112 0.00142694
2 0.865791 0.382377 0.125601 0.0791433 0.0014174
56 0.311808 0.249056 0.177888 0.103982 0.00141522
2 0.163949 0.441672 0.0800901 0.08859 0.00140116
5 0.747019 0.370184 0.204796 0.108668 0.00140062
2 0.748879 0.363904 0.204907 0.101422 0.00138417
7 0.776022 0.434828 0.106823 0.0747406 0.00138104
38 0.772052 0.515573 0.0473141 0.0507062 0.00137946
56 0.337495 0.234427 0.079109 0.0752178 0.00137234
1 0.311198 0.24812 0.177187 0.10324 0.00132918
29 0.252926 0.268143 0.057121 0.0357517 0.00131944
7 0.903034 0.439192 0.0558865 0.0235654 0.00125003
34 0.242571 0.277019 0.0776772 0.0544836 0.00123954
7 0.790486 0.383516 0.288991 0.135784 0.00121197
32 0.364461 0.248647 0.0735592 0.103051 0.00120348
35 0.37896 0.248398 0.0443717 0.101923 0.0011847
2 0.986107 0.325999 0.0271481 0.0288006 0.00115266
2 0.746524 0.39248 0.205873 0.145252 0.00114325
2 0.736643 0.37965 0.189737 0.0827872 0.00113067
2 0.876946 0.376 0.104976 0.0625607 0.0011166
38 0.242436 0.499141 0.0131198 0.105776 0.00108215
2 0.854148 0.430593 0.0639263 0.0387349 0.00106913
0 0.776721 0.401053 0.0456844 0.0332921 0.00106061
0 0.301239 0.367915 0.0555797 0.289063 0.00105417
2 0.735968 0.449988 0.0337393 0.0589597 0.00104925
55 0.349397 0.248367 0.102933 0.103141 0.00100961
38 0.339395 0.277824 0.0327555 0.0401662 0.0010016
