53 0.446611 0.511973 0.888717 0.943537 0.954473
40 0.797823 0.0726329 0.154764 0.145226 0.913651
41 0.93873 0.199958 0.122 0.397656 0.714884
60 0.497101 0.497374 0.994203 0.981133 0.663995
39 0.938871 0.199724 0.121874 0.397305 0.316265
41 0.365086 0.0120623 0.106265 0.0241247 0.297055
41 0.153858 0.0323452 0.110077 0.0629056 0.174442
39 0.686088 0.0267589 0.0980849 0.0524242 0.101552
39 0.923595 0.0629573 0.0814312 0.124762 0.0872039
41 0.686149 0.0264521 0.0982996 0.0513499 0.0610237
40 0.365378 0.0123315 0.107043 0.0246631 0.060435
60 0.858201 0.677251 0.283598 0.621332 0.0153383
41 0.924421 0.0632549 0.0820526 0.124254 0.0150622
41 0.157668 0.0572587 0.118759 0.113091 0.0110066
40 0.938797 0.199309 0.122289 0.398051 0.00834161
41 0.194789 0.0637727 0.190416 0.126621 0.00685582
60 0.443303 0.226462 0.881845 0.448719 0.00556391
39 0.154311 0.0328092 0.109251 0.0637167 0.00407207
60 0.856046 0.509542 0.287852 0.95641 0.0028806
40 0.15417 0.033992 0.10838 0.0656511 0.00258541
41 0.797913 0.0724465 0.154317 0.144893 0.00249121
60 0.265537 0.232814 0.527878 0.45865 0.00245634
75 0.938797 0.199309 0.122289 0.398051 0.00228482
45 0.469947 0.495784 0.938792 0.983761 0.0021646
45 0.924337 0.0628176 0.0821529 0.125221 0.00157273
69 0.46703 0.498739 0.931319 0.989022 0.00155655
