42 0.784238 0.635708 0.259872 0.716011 0.956569
55 0.487611 0.34826 0.557611 0.690589 0.946224
60 0.481161 0.492406 0.958921 0.984798 0.46536
60 0.1796 0.49052 0.357424 0.978883 0.0925567
60 0.84889 0.142805 0.301726 0.280582 0.0525721
60 0.525322 0.147477 0.941686 0.291789 0.0150685
44 0.78366 0.637313 0.257785 0.711748 0.00250754
28 0.488972 0.348029 0.560005 0.689518 0.00236756
43 0.784344 0.637281 0.259202 0.714588 0.0019449
22 0.78366 0.637313 0.257785 0.711748 0.00135976
60 0.25778 0.47369 0.513285 0.94738 0.00115752
48 0.488972 0.348029 0.560005 0.689518 0.00113875
60 0.179346 0.246577 0.356179 0.493153 0.00105798
60 0.660463 0.141617 0.676842 0.280944 0.00103027
