59 0.512186 0.458565 0.97389 0.859225 0.700514
59 0.495589 0.252011 0.942943 0.439766 0.345452
60 0.21782 0.702122 0.365887 0.553596 0.155284
59 0.167358 0.957598 0.329928 0.0810518 0.0851398
59 0.521916 0.197714 0.947698 0.30418 0.0372477
56 0.24186 0.827059 0.31178 0.31017 0.0338745
59 0.485318 0.123393 0.882381 0.217979 0.0296807
56 0.159313 0.953858 0.316819 0.0792966 0.0295347
59 0.892176 0.502545 0.215479 0.744123 0.0280889
57 0.159313 0.953858 0.316819 0.0792966 0.0250648
59 0.505817 0.0803937 0.873701 0.135263 0.0169234
56 0.216485 0.703533 0.367175 0.549774 0.0155964
26 0.124157 0.100627 0.07667 0.0773937 0.0152851
24 0.124366 0.100781 0.0749228 0.0779761 0.0102552
60 0.167358 0.957598 0.329928 0.0810518 0.0100954
56 0.838837 0.959847 0.321783 0.0802979 0.00887862
57 0.842578 0.958489 0.313656 0.0754285 0.00876728
56 0.14834 0.830327 0.125919 0.259131 0.00836092
14 0.126765 0.175869 0.0573696 0.055114 0.00819165
56 0.974217 0.740436 0.0514988 0.237694 0.00736099
26 0.131526 0.48425 0.0995061 0.169096 0.00735003
59 0.938502 0.236052 0.122725 0.194387 0.00722641
59 0.551384 0.213711 0.608525 0.0602859 0.00721869
73 0.974336 0.802374 0.051328 0.114024 0.00595883
76 0.961384 0.211953 0.0760815 0.05268 0.00533891
76 0.0950987 0.441447 0.0257046 0.0817962 0.00493643
56 0.202195 0.942316 0.390779 0.0990171 0.00476837
76 0.108426 0.450544 0.0388369 0.0855404 0.00469309
59 0.630018 0.207661 0.478492 0.0557823 0.00463587
59 0.369222 0.170649 0.598212 0.0825141 0.00451043
59 0.835818 0.469082 0.327144 0.797854 0.00448048
76 0.097424 0.447802 0.032055 0.0949824 0.00445557
0 0.167358 0.957598 0.329928 0.0810518 0.00435895
56 0.808824 0.966624 0.25207 0.0667455 0.00400513
76 0.103242 0.445413 0.0419029 0.0905159 0.00377217
28 0.124366 0.100781 0.0749228 0.0779761 0.00366151
59 0.752462 0.452369 0.493622 0.827128 0.00339049
59 0.872393 0.227924 0.255214 0.213604 0.00331256
56 0.235524 0.773293 0.299765 0.1718 0.00318292
56 0.235649 0.916523 0.323817 0.146005 0.00312331
39 0.126275 0.517436 0.0568714 0.100309 0.00287774
59 0.546207 0.23933 0.653914 0.112999 0.00280011
2 0.854452 0.22202 0.0197762 0.0168388 0.00270316
60 0.236876 0.547895 0.419584 0.232814 0.00269753
44 0.127126 0.175173 0.0567647 0.0532409 0.00260448
59 0.63807 0.18323 0.4975 0.0979928 0.00256827
26 0.00627103 0.311821 0.0109712 0.132439 0.00249436
73 0.985302 0.672706 0.0293954 0.0989609 0.00242594
59 0.122598 0.95288 0.243114 0.0781425 0.00241208
71 0.943357 0.264062 0.112915 0.0413633 0.00233376
56 0.198806 0.875696 0.229969 0.190961 0.00233233
59 0.623795 0.195609 0.535705 0.0724489 0.0022665
56 0.14685 0.783146 0.122882 0.165394 0.00226271
56 0.2565 0.795396 0.342393 0.192604 0.00224644
56 0.974275 0.803479 0.0512199 0.113815 0.00222638
59 0.327568 0.177925 0.506538 0.107587 0.00219631
58 0.416219 0.578456 0.0272251 0.0567843 0.00216007
71 0.943467 0.242396 0.113066 0.0819812 0.00212362
59 0.499256 0.632977 0.947491 0.678005 0.0020988
59 0.838684 0.958116 0.322632 0.0786858 0.00202805
67 0.155409 0.456432 0.0535861 0.0628653 0.0020085
59 0.5639 0.180525 0.62722 0.116538 0.00200799
60 0.235389 0.824219 0.317642 0.308772 0.00192988
59 0.255627 0.0849527 0.346527 0.108155 0.00191325
76 0.155409 0.456432 0.0535861 0.0628653 0.00184792
76 0.123008 0.467072 0.0826135 0.135093 0.00181723
43 0.127126 0.175173 0.0567647 0.0532409 0.00180075
76 0.115355 0.457475 0.0278495 0.0640696 0.00175089
56 0.172956 0.781734 0.17509 0.161072 0.00172904
59 0.376022 0.147785 0.635805 0.123708 0.00171411
59 0.37923 0.258139 0.59142 0.125478 0.00166517
59 0.308304 0.122029 0.447081 0.178712 0.00161034
56 0.151041 0.893061 0.12779 0.157762 0.0015676
43 0.0950987 0.441447 0.0257046 0.0817962 0.00149477
77 0.854859 0.0708084 0.0513895 0.0541917 0.00148717
24 0.154105 0.0794411 0.139306 0.11949 0.00147936
59 0.400143 0.207305 0.591284 0.0845491 0.00147617
59 0.936785 0.374413 0.12591 0.548493 0.0013583
60 0.24004 0.773493 0.309586 0.172618 0.001358
73 0.246593 0.7746 0.291192 0.177294 0.00130096
59 0.387024 0.362824 0.580974 0.159133 0.00129217
11 0.00619572 0.316154 0.0108029 0.121367 0.0011861
73 0.315281 0.773453 0.140749 0.163479 0.00116652
76 0.106669 0.473899 0.0379514 0.0553301 0.00116464
60 0.838684 0.958116 0.322632 0.0786858 0.00115785
0 0.460469 0.0734175 0.778527 0.131314 0.00114661
59 0.404338 0.293088 0.759419 0.395658 0.00112626
59 0.628513 0.168458 0.54388 0.104723 0.0011048
24 0.213945 0.0828641 0.259813 0.114855 0.00110304
76 0.952012 0.209681 0.0566835 0.0399321 0.00109327
73 0.00619572 0.316154 0.0108029 0.121367 0.00108686
75 0.125021 0.516261 0.0578658 0.101856 0.00108036
76 0.12979 0.454001 0.0222686 0.0614798 0.00106478
60 0.893938 0.502694 0.212124 0.750718 0.00106341
59 0.599324 0.25271 0.571031 0.12419 0.00100783
