5 0.500584 0.543175 0.71642 0.536502 0.94027
0 0.453557 0.657197 0.0735374 0.332575 0.857149
0 0.230012 0.646982 0.0767436 0.242596 0.841262
5 0.0753637 0.544708 0.150012 0.382767 0.518884
7 0.0750905 0.54575 0.149523 0.38279 0.490283
26 0.199391 0.68972 0.023309 0.0476283 0.451777
0 0.359116 0.462442 0.0288949 0.0361567 0.265762
5 0.0758685 0.466214 0.149333 0.220426 0.126927
5 0.12119 0.512555 0.0574235 0.184169 0.112082
0 0.535963 0.48688 0.0257874 0.0355564 0.111381
5 0.0551205 0.430061 0.109151 0.150958 0.108008
0 0.53267 0.599152 0.0490591 0.261719 0.0864025
26 0.199512 0.679356 0.0258868 0.0661194 0.0855691
7 0.0748815 0.617225 0.149037 0.24142 0.0734567
26 0.257186 0.619372 0.0294866 0.116572 0.0439236
24 0.255801 0.615478 0.0296762 0.113187 0.0330392
0 0.559644 0.487475 0.0161297 0.0320229 0.0323848
0 0.264022 0.645142 0.0336087 0.193786 0.0322658
2 0.122732 0.51617 0.0553534 0.180427 0.0310043
0 0.252921 0.470711 0.0177533 0.0391062 0.0296905
7 0.12207 0.513821 0.0562867 0.183506 0.0296862
2 0.0749274 0.54456 0.149415 0.384879 0.0287538
0 0.613885 0.429961 0.0259418 0.0420247 0.0276301
24 0.254967 0.597317 0.0296938 0.0766856 0.0240776
2 0.122579 0.523048 0.0508036 0.119188 0.0233413
26 0.261781 0.629109 0.0407397 0.14101 0.021808
0 0.407669 0.455595 0.0309509 0.0399401 0.0209891
26 0.260587 0.708952 0.0240788 0.0529156 0.0176724
26 0.210568 0.683488 0.0466786 0.0834606 0.0175402
26 0.254967 0.597317 0.0296938 0.0766856 0.0166137
0 0.249584 0.475861 0.0184821 0.0319098 0.0160369
0 0.477725 0.530875 0.0580854 0.266573 0.0153805
1 0.229088 0.719563 0.0447303 0.0956211 0.0150956
24 0.259483 0.626994 0.0371464 0.136898 0.0145993
24 0.199391 0.68972 0.023309 0.0476283 0.0144167
0 0.531389 0.487541 0.0347964 0.0384434 0.0141439
0 0.487605 0.512196 0.0418563 0.201939 0.0126611
5 0.116905 0.485082 0.0656434 0.185391 0.0124899
0 0.267178 0.671413 0.0382016 0.134797 0.0124298
7 0.0753626 0.490808 0.147761 0.234414 0.011569
24 0.250718 0.585038 0.0323644 0.0568721 0.0114703
0 0.479664 0.502977 0.0581215 0.188031 0.0113105
26 0.259513 0.629369 0.0274856 0.146513 0.0107005
0 0.261927 0.699336 0.0268841 0.0764259 0.00999767
0 0.479944 0.459577 0.0498171 0.129991 0.0099586
0 0.462913 0.445721 0.0267868 0.055438 0.00984272
0 0.542859 0.610619 0.0688736 0.293475 0.00900418
24 0.260574 0.709555 0.0244926 0.0567729 0.00868139
0 0.475192 0.471451 0.0638823 0.130768 0.00819364
1 0.260834 0.709426 0.0247477 0.056476 0.00803879
2 0.0748815 0.617225 0.149037 0.24142 0.00766596
0 0.465054 0.465822 0.0398672 0.099448 0.00717714
0 0.48704 0.481561 0.0376748 0.127309 0.00671566
0 0.460455 0.455119 0.0330343 0.076575 0.00646371
0 0.260888 0.709822 0.0246994 0.0571999 0.0059166
26 0.266742 0.649885 0.0375267 0.128266 0.00589013
2 0.116613 0.502971 0.0644283 0.124969 0.00551724
0 0.610308 0.429239 0.0418436 0.048307 0.00538287
0 0.603021 0.429942 0.0456157 0.0450551 0.0053134
0 0.483741 0.554746 0.056075 0.296634 0.00522688
28 0.199391 0.68972 0.023309 0.0476283 0.00511971
2 0.126749 0.581201 0.0450599 0.0637847 0.0050467
5 0.123186 0.459121 0.031077 0.0760263 0.00502658
0 0.532818 0.532379 0.0432577 0.126026 0.00499666
0 0.535377 0.490706 0.0308493 0.0446331 0.00490078
2 0.0753626 0.490808 0.147761 0.234414 0.00489485
26 0.250718 0.585038 0.0323644 0.0568721 0.0048916
2 0.123974 0.550907 0.0536857 0.122305 0.00477901
7 0.500584 0.543175 0.71642 0.536502 0.00454351
0 0.359048 0.444348 0.031101 0.0655668 0.00445214
16 0.260834 0.709426 0.0247477 0.056476 0.00444421
0 0.487167 0.462711 0.0356912 0.0980443 0.00440985
1 0.2216 0.71036 0.0433621 0.101527 0.00421327
2 0.148173 0.583795 0.0225756 0.0603101 0.0040153
0 0.531063 0.503506 0.0378368 0.0695758 0.00393969
1 0.232286 0.70887 0.0525783 0.116742 0.00389916
56 0.319392 0.468405 0.0223469 0.0315052 0.00384149
0 0.259483 0.626994 0.0371464 0.136898 0.00375694
7 0.122579 0.523048 0.0508036 0.119188 0.00345346
39 0.199189 0.688928 0.0226512 0.047511 0.00342596
36 0.199081 0.687112 0.0228781 0.0511424 0.00341931
26 0.203279 0.63698 0.0313297 0.148642 0.00335187
26 0.251217 0.640969 0.0335219 0.1735 0.00332734
0 0.338745 0.46703 0.0181046 0.0420319 0.00324249
0 0.319392 0.468405 0.0223469 0.0315052 0.0032123
26 0.261927 0.699336 0.0268841 0.0764259 0.00318244
2 0.15165 0.586682 0.0199861 0.0555611 0.00318101
0 0.572918 0.328166 0.0201584 0.029132 0.00314614
5 0.0744808 0.617277 0.148172 0.24085 0.00310925
24 0.228738 0.580243 0.0271547 0.0457476 0.00308594
24 0.233715 0.594956 0.033318 0.0705058 0.00302765
24 0.199512 0.679356 0.0258868 0.0661194 0.00298592
0 0.357194 0.458483 0.0346598 0.0466785 0.00283608
26 0.2216 0.71036 0.0433621 0.101527 0.00278988
2 0.107527 0.543654 0.0834953 0.180894 0.0027898
56 0.281721 0.477467 0.0213317 0.0241689 0.00273821
26 0.193639 0.68475 0.0340347 0.057648 0.002489
28 0.260587 0.708952 0.0240788 0.0529156 0.00242558
35 0.199189 0.688928 0.0226512 0.047511 0.00241664
0 0.494933 0.593332 0.0449406 0.197522 0.00237086
0 0.41032 0.438937 0.0316324 0.068389 0.00236601
2 0.126563 0.567143 0.054413 0.0944049 0.00228193
46 0.199189 0.688928 0.0226512 0.047511 0.00225919
0 0.515222 0.567945 0.0788107 0.307189 0.00222036
0 0.469489 0.429115 0.0465111 0.0856726 0.00214767
26 0.228208 0.59837 0.0403989 0.0752927 0.00213024
2 0.121846 0.57513 0.0383861 0.0525408 0.00206083
24 0.261927 0.699336 0.0268841 0.0764259 0.00199145
0 0.625578 0.429218 0.0500472 0.0470659 0.00186604
0 0.370061 0.459926 0.0410691 0.0415188 0.00185946
24 0.266742 0.649885 0.0375267 0.128266 0.00183016
0 0.326797 0.466532 0.0180199 0.0331312 0.00181937
0 0.557223 0.490901 0.0238458 0.0434897 0.00181678
7 0.063236 0.435849 0.123996 0.162674 0.00180045
24 0.232689 0.598278 0.0457011 0.0749669 0.00179082
24 0.251217 0.640969 0.0335219 0.1735 0.00173613
1 0.236683 0.72756 0.0296441 0.0792764 0.00167453
0 0.222095 0.481262 0.017899 0.0274194 0.00165442
0 0.455985 0.467017 0.03936 0.101219 0.00163296
5 0.102832 0.459851 0.0276486 0.0747789 0.00158614
6 0.0754471 0.544896 0.149714 0.382441 0.00155792
5 0.109029 0.460437 0.0438967 0.0790504 0.00154939
26 0.233715 0.594956 0.033318 0.0705058 0.00154704
0 0.542408 0.528984 0.0639999 0.123195 0.00153193
0 0.245533 0.654786 0.0466392 0.22188 0.00152496
26 0.226886 0.599199 0.0575549 0.111473 0.00150353
0 0.257186 0.619372 0.0294866 0.116572 0.00146389
56 0.359324 0.462782 0.0290369 0.0361418 0.00146008
28 0.266742 0.649885 0.0375267 0.128266 0.00141019
2 0.121627 0.538237 0.0488708 0.0498248 0.00140652
7 0.116905 0.485082 0.0656434 0.185391 0.00134608
26 0.228738 0.580243 0.0271547 0.0457476 0.00130221
28 0.261927 0.699336 0.0268841 0.0764259 0.00128511
24 0.225036 0.584038 0.0359946 0.0487977 0.0012452
26 0.481494 0.639381 0.0149821 0.0513941 0.0012407
0 0.195911 0.478217 0.0152804 0.0358153 0.00121117
2 0.119389 0.517878 0.058861 0.0827115 0.00120804
24 0.210568 0.683488 0.0466786 0.0834606 0.00119314
3 0.260888 0.709822 0.0246994 0.0571999 0.00119227
0 0.268155 0.656466 0.0378414 0.0841297 0.00116688
26 0.225036 0.584038 0.0359946 0.0487977 0.00116175
5 0.076566 0.520447 0.145373 0.191401 0.00114396
26 0.212843 0.617072 0.0390028 0.144312 0.00112331
0 0.543266 0.567761 0.0780689 0.20756 0.00110784
7 0.107527 0.543654 0.0834953 0.180894 0.00110155
1 0.232092 0.669313 0.077324 0.145208 0.00109467
0 0.0103047 0.395901 0.0198374 0.0249185 0.00108123
0 0.129991 0.472575 0.0231276 0.0536954 0.00105807
0 0.454701 0.59116 0.0716126 0.202179 0.00105789
0 0.359519 0.497741 0.035317 0.11856 0.0010497
0 0.376873 0.461076 0.0373476 0.0482348 0.00104925
5 0.133222 0.450307 0.0144016 0.0394296 0.00102094
7 0.116613 0.502971 0.0644283 0.124969 0.00100905
