0 0.825208 0.691614 0.347443 0.601648 0.939387
0 0.502449 0.615992 0.22538 0.746927 0.922942
0 0.304895 0.599539 0.22185 0.787877 0.922116
56 0.0918625 0.707846 0.182358 0.571142 0.80543
56 0.82185 0.705058 0.355902 0.567153 0.677167
26 0.116829 0.827154 0.133255 0.342875 0.428441
57 0.81751 0.700783 0.357998 0.581875 0.167272
56 0.732084 0.70414 0.184512 0.570399 0.105094
26 0.0932303 0.709138 0.184545 0.573388 0.083309
65 0.805448 0.690039 0.0400767 0.0523631 0.0822054
56 0.727155 0.844152 0.179481 0.306976 0.0642637
57 0.092164 0.708125 0.182702 0.573649 0.0594827
65 0.812053 0.689828 0.0438297 0.0563288 0.0537762
56 0.93802 0.741304 0.0916111 0.297473 0.0479459
56 0.866765 0.512757 0.0705883 0.172266 0.0424332
26 0.104219 0.880262 0.109615 0.234078 0.0392871
26 0.500227 0.628944 0.107836 0.116052 0.0365875
67 0.470439 0.360864 0.0205332 0.060605 0.0358605
65 0.8256 0.692784 0.0808456 0.0589492 0.0352306
57 0.816634 0.836299 0.354229 0.315067 0.0329725
56 0.817839 0.834729 0.360244 0.316287 0.0320332
57 0.722873 0.704988 0.1664 0.573152 0.031531
57 0.727638 0.844858 0.179751 0.305038 0.030349
65 0.47122 0.361856 0.0169081 0.060976 0.030169
56 0.834216 0.526637 0.134863 0.200292 0.0294235
56 0.949776 0.816696 0.0882354 0.238622 0.0293323
26 0.153659 0.84776 0.0350896 0.118899 0.0291132
67 0.479936 0.359432 0.0127327 0.0438056 0.0271776
26 0.769349 0.783088 0.0823979 0.166453 0.0271759
56 0.805941 0.512545 0.192401 0.173738 0.0268123
26 0.949193 0.841151 0.0980265 0.285857 0.0239067
26 0.932828 0.965974 0.109571 0.0679525 0.0235269
67 0.474327 0.356846 0.0223593 0.0504254 0.0233629
26 0.84332 0.784721 0.231981 0.168005 0.0210835
26 0.14912 0.835743 0.0431399 0.152694 0.0208433
56 0.802504 0.56419 0.208519 0.278067 0.0202239
56 0.124373 0.826535 0.118941 0.34063 0.0201855
0 0.953972 0.941417 0.0909258 0.109442 0.0197102
26 0.518364 0.622968 0.148654 0.129853 0.0196857
56 0.700668 0.65196 0.103434 0.458797 0.0195109
56 0.725095 0.535692 0.141234 0.224256 0.0192308
67 0.537764 0.599519 0.0322014 0.0281151 0.0191098
26 0.155801 0.869994 0.0406182 0.15491 0.0186681
26 0.157866 0.886305 0.0530008 0.212971 0.0184911
67 0.268935 0.343592 0.0281808 0.0712575 0.0181201
56 0.711754 0.592842 0.116661 0.339105 0.0175432
26 0.971808 0.852493 0.0403038 0.152426 0.0172362
65 0.466541 0.363406 0.0254401 0.0677368 0.0169584
56 0.766527 0.515732 0.277521 0.17586 0.0162145
26 0.78317 0.790768 0.11476 0.159474 0.0161311
56 0.765731 0.535682 0.222385 0.225287 0.0144143
59 0.82185 0.705058 0.355902 0.567153 0.0140497
65 0.479936 0.359432 0.0127327 0.0438056 0.0138081
26 0.932258 0.948853 0.110574 0.101544 0.0127696
56 0.702819 0.532204 0.0979343 0.217041 0.0124044
26 0.149403 0.878237 0.067956 0.2351 0.0120571
26 0.0982162 0.849456 0.078862 0.171196 0.0119387
26 0.558873 0.62925 0.0862526 0.142621 0.0116242
65 0.26928 0.345474 0.0270301 0.0668426 0.0106271
56 0.643603 0.671418 0.519499 0.57507 0.0101315
28 0.0932303 0.709138 0.184545 0.573388 0.00993159
56 0.883844 0.632522 0.117406 0.413396 0.00986835
65 0.475473 0.453148 0.0209279 0.0206902 0.00974992
65 0.537764 0.599519 0.0322014 0.0281151 0.0088104
26 0.118817 0.809262 0.0949429 0.31064 0.00871405
24 0.117844 0.821279 0.132396 0.350484 0.00865293
67 0.464252 0.363563 0.0224594 0.0674211 0.0083462
26 0.858107 0.796024 0.26125 0.232928 0.00824308
13 0.819203 0.705163 0.361594 0.56783 0.0080308
56 0.748946 0.623499 0.19278 0.401059 0.00794587
56 0.943594 0.78371 0.0783426 0.175508 0.00768048
67 0.272212 0.354391 0.023593 0.0486181 0.00670299
65 0.474327 0.356846 0.0223593 0.0504254 0.00648299
26 0.156904 0.895852 0.0425322 0.174283 0.0062848
65 0.846133 0.707903 0.0412269 0.0245547 0.00626019
67 0.808816 0.689354 0.0449352 0.0554713 0.00619537
26 0.510425 0.550124 0.141213 0.275978 0.00609279
28 0.117104 0.824128 0.133221 0.34516 0.00593477
26 0.659852 0.792319 0.0340601 0.139822 0.00551569
56 0.854694 0.748038 0.266454 0.34473 0.00549912
13 0.092787 0.7081 0.183995 0.570103 0.0053733
26 0.80953 0.79081 0.166232 0.158592 0.00528392
0 0.948542 0.846453 0.100416 0.297858 0.00483939
65 0.259543 0.362265 0.047027 0.10637 0.00476497
56 0.861221 0.848911 0.277558 0.294622 0.00463626
26 0.863755 0.844847 0.27249 0.293717 0.00451908
26 0.774764 0.802707 0.0934405 0.133452 0.00449097
65 0.272212 0.354391 0.023593 0.0486181 0.00428587
65 0.471386 0.399465 0.0275323 0.145278 0.00415918
39 0.538013 0.597642 0.0312039 0.0291919 0.00412476
59 0.727638 0.844858 0.179751 0.305038 0.0040122
65 0.475841 0.3903 0.0303066 0.162229 0.00396115
56 0.946965 0.846027 0.103673 0.297755 0.0039345
67 0.238699 0.298444 0.0460224 0.0816226 0.00388402
65 0.26297 0.34487 0.0396656 0.0707146 0.00368088
57 0.480383 0.709559 0.804724 0.545626 0.00357586
65 0.50131 0.363481 0.0385089 0.0357338 0.0035634
26 0.968562 0.849169 0.0361035 0.122514 0.00355345
65 0.475178 0.36715 0.0306534 0.064282 0.00342059
26 0.551764 0.60578 0.0638028 0.0783514 0.00331634
56 0.937534 0.944821 0.118401 0.110358 0.00331151
65 0.476653 0.451081 0.0254373 0.0245377 0.00328794
79 0.269119 0.344389 0.0270316 0.0695689 0.00324497
26 0.167272 0.8197 0.116052 0.328713 0.0031158
59 0.817908 0.838351 0.357672 0.313736 0.00301301
79 0.479936 0.359432 0.0127327 0.0438056 0.00300944
65 0.840405 0.693452 0.0565739 0.0476003 0.00288174
67 0.249799 0.320851 0.0709392 0.129269 0.0028677
57 0.0369225 0.896348 0.0731811 0.199935 0.00285715
65 0.258573 0.37107 0.0482409 0.147936 0.00279355
57 0.865263 0.510906 0.0736965 0.170052 0.00272244
65 0.558646 0.544338 0.0373154 0.0438771 0.00266176
56 0.954342 0.806764 0.0603584 0.171661 0.00252977
57 0.155416 0.786728 0.145229 0.285624 0.00252959
57 0.834216 0.526637 0.134863 0.200292 0.00251862
56 0.0365163 0.899627 0.0730325 0.188211 0.00250325
74 0.684532 0.0465634 0.128566 0.0911282 0.00246623
65 0.565556 0.547389 0.0349863 0.0460256 0.00243244
26 0.925441 0.974966 0.0917873 0.0500681 0.00242171
24 0.0932303 0.709138 0.184545 0.573388 0.00239921
56 0.955047 0.94181 0.0899067 0.10691 0.00239441
57 0.725095 0.535692 0.141234 0.224256 0.00238097
39 0.538442 0.588477 0.0327076 0.0513707 0.0023666
26 0.117461 0.761516 0.0907055 0.216891 0.00233886
57 0.805941 0.512545 0.192401 0.173738 0.00232396
39 0.383667 0.668628 0.0176574 0.0789441 0.00226295
73 0.624656 0.656701 0.0660985 0.0609545 0.00224206
65 0.490855 0.367728 0.0573656 0.0420032 0.00223601
26 0.656375 0.820933 0.0260618 0.0795174 0.00223568
56 0.749258 0.693494 0.202431 0.369761 0.00220868
56 0.893269 0.936223 0.212002 0.122069 0.00213528
24 0.953114 0.823626 0.09048 0.247267 0.00203276
26 0.511529 0.634462 0.217854 0.164191 0.00202358
58 0.91866 0.660265 0.0334774 0.133282 0.00201592
56 0.856337 0.803919 0.262844 0.287441 0.00198987
13 0.817839 0.834729 0.360244 0.316287 0.00197718
56 0.0983343 0.882493 0.10089 0.228737 0.00197428
57 0.765731 0.535682 0.222385 0.225287 0.00196776
26 0.748768 0.77682 0.0411051 0.157354 0.00194985
59 0.732084 0.70414 0.184512 0.570399 0.00192848
79 0.237003 0.294576 0.041989 0.0724428 0.00192347
79 0.470434 0.360234 0.0176131 0.0580114 0.00190711
56 0.121014 0.773929 0.094084 0.242328 0.00189489
56 0.552095 0.700126 0.618943 0.553981 0.00188231
26 0.847814 0.755904 0.24263 0.234056 0.00186971
57 0.947684 0.939892 0.102439 0.117422 0.00184962
57 0.643603 0.671418 0.519499 0.57507 0.00183281
39 0.152933 0.839287 0.0362647 0.136191 0.00182071
26 0.557073 0.58739 0.0727846 0.118944 0.00179991
56 0.686937 0.65637 0.0934313 0.514523 0.00178665
57 0.711754 0.592842 0.116661 0.339105 0.00176835
26 0.97244 0.854165 0.0521658 0.173497 0.00175214
65 0.555325 0.533257 0.0329536 0.0303398 0.00174269
26 0.548903 0.605783 0.0569763 0.0585244 0.00171921
24 0.104219 0.880262 0.109615 0.234078 0.00171536
26 0.126757 0.874508 0.105229 0.238992 0.001706
57 0.766527 0.515732 0.277521 0.17586 0.00170076
67 0.26297 0.34487 0.0396656 0.0707146 0.00168371
65 0.804665 0.683006 0.0338175 0.0581586 0.00167802
65 0.450998 0.365512 0.024189 0.0703346 0.00167772
58 0.920363 0.646079 0.0296593 0.103589 0.0016461
65 0.819113 0.697558 0.0958269 0.0728007 0.0016247
57 0.0574763 0.894875 0.114193 0.203641 0.00160488
73 0.823563 0.691989 0.0709911 0.0595128 0.00160095
41 0.538013 0.597642 0.0312039 0.0291919 0.00155705
26 0.385512 0.638484 0.0236614 0.144203 0.00152236
58 0.97543 0.85231 0.0473401 0.153316 0.00149167
26 0.718865 0.973632 0.1575 0.0526779 0.00148249
57 0.702563 0.532826 0.0958443 0.217584 0.00147167
56 0.151673 0.79963 0.153003 0.310936 0.00144881
28 0.934884 0.971963 0.114632 0.0559823 0.00141066
65 0.793255 0.693264 0.067746 0.0565556 0.00139514
56 0.660479 0.781065 0.0356932 0.166396 0.00138131
26 0.760768 0.683497 0.153619 0.396217 0.00137028
65 0.489679 0.415454 0.0675273 0.0979734 0.00136042
58 0.936755 0.734868 0.0909779 0.287458 0.00134909
26 0.496516 0.538285 0.214491 0.35075 0.00133818
79 0.474327 0.356846 0.0223593 0.0504254 0.00132909
67 0.233631 0.293431 0.0360319 0.0689776 0.00131649
56 0.0545292 0.716394 0.107578 0.566906 0.00128651
66 0.624656 0.656701 0.0660985 0.0609545 0.00127292
56 0.0442103 0.616047 0.0869375 0.388585 0.00125238
26 0.5156 0.580905 0.179217 0.248708 0.00124106
65 0.562869 0.537328 0.0333304 0.038667 0.001228
56 0.0574763 0.894875 0.114193 0.203641 0.00122035
65 0.491436 0.426785 0.0598142 0.0754664 0.00121203
67 0.469917 0.352885 0.0260314 0.0719249 0.00120643
57 0.802504 0.56419 0.208519 0.278067 0.00120255
26 0.573054 0.633888 0.0635569 0.129411 0.00119591
24 0.932828 0.965974 0.109571 0.0679525 0.00119346
13 0.727638 0.844858 0.179751 0.305038 0.0011825
26 0.383667 0.668628 0.0176574 0.0789441 0.00117788
65 0.449392 0.375096 0.0239689 0.0559502 0.00116831
56 0.932828 0.965974 0.109571 0.0679525 0.00116438
25 0.116829 0.827154 0.133255 0.342875 0.00116417
26 0.0953854 0.760064 0.0666628 0.143968 0.00115997
57 0.21475 0.704156 0.429499 0.554445 0.00114807
56 0.0815269 0.621428 0.162978 0.399478 0.00111774
28 0.82185 0.705058 0.355902 0.567153 0.00111264
65 0.489658 0.35949 0.0351347 0.04803 0.00111175
39 0.97543 0.85231 0.0473401 0.153316 0.00110969
39 0.546723 0.597472 0.0509114 0.0620168 0.00110263
65 0.821931 0.70581 0.0900646 0.0537379 0.00110218
65 0.542527 0.529882 0.0459982 0.162468 0.00109777
65 0.538442 0.588477 0.0327076 0.0513707 0.00108626
73 0.807003 0.689456 0.042236 0.0554962 0.00107992
67 0.26265 0.324318 0.0345698 0.050541 0.00107428
59 0.62288 0.802099 0.0740137 0.395803 0.00106922
24 0.769349 0.783088 0.0823979 0.166453 0.00105134
73 0.616943 0.589799 0.0772085 0.0449027 0.00103605
26 0.812489 0.718961 0.184333 0.311607 0.00103542
39 0.969057 0.851779 0.034779 0.127087 0.00100812
65 0.81433 0.697403 0.0635633 0.0698158 0.00100309
39 0.155801 0.869994 0.0406182 0.15491 0.00100225
