32 0.48237 0.409883 0.100992 0.0758711 0.934859
0 0.579457 0.385328 0.468006 0.43917 0.903392
0 0.384888 0.210332 0.108275 0.172642 0.800192
0 0.601313 0.181866 0.0813677 0.130281 0.796668
0 0.930493 0.293489 0.094205 0.153537 0.7631
0 0.195408 0.339405 0.128154 0.0575877 0.760143
0 0.0199907 0.288794 0.0399339 0.146489 0.752954
0 0.198827 0.265979 0.0633596 0.101382 0.688652
0 0.325462 0.29609 0.0929159 0.13418 0.631514
0 0.159498 0.266531 0.0436989 0.0912732 0.566002
0 0.677143 0.384727 0.155476 0.364993 0.459513
32 0.788812 0.30161 0.0575935 0.0580045 0.283907
0 0 0.491434 0 0.982868 0.209858
0 0.467217 0.209344 0.0453476 0.0404694 0.122261
0 0.929371 0.31991 0.0974757 0.101071 0.10493
32 0.0193509 0.279488 0.038429 0.0292572 0.096956
0 0.951257 0.234401 0.0392993 0.0363568 0.0916706
0 0.299151 0.280565 0.0399132 0.0898397 0.0733068
0 0.686396 0.389153 0.240065 0.364904 0.0647394
0 0.679787 0.251515 0.10322 0.111028 0.0547698
0 0.773816 0.323022 0.098809 0.17259 0.0454402
0 0.952462 0.259369 0.0417491 0.0860551 0.0440466
60 1 0.490429 0 0.980858 0.0368679
32 0.784845 0.32663 0.06591 0.105551 0.0359785
0 0.358472 0.277938 0.0460892 0.095029 0.0358234
60 0 0.48788 0 0.97576 0.0331996
0 0.690189 0.351705 0.128456 0.308693 0.032535
0 1 0.500769 0 0.998463 0.031543
29 0.788727 0.302042 0.0564023 0.0573016 0.0298667
29 0.0193509 0.279488 0.038429 0.0292572 0.020909
0 0.347516 0.275615 0.0716696 0.101066 0.0199656
0 0.388894 0.266089 0.115689 0.282889 0.0187728
32 0.912337 0.289807 0.0572004 0.0376685 0.0181825
32 0.775499 0.282822 0.119063 0.0753536 0.016857
35 0.91139 0.289878 0.0549314 0.0373645 0.0167107
0 0.68258 0.315182 0.116182 0.236661 0.016236
0 0.217162 0.273992 0.0320983 0.0659325 0.0149416
0 0.166999 0.25442 0.0325747 0.0675358 0.0149196
25 0.801064 0.254977 0.197831 0.0789144 0.014754
32 0.0202868 0.270979 0.0399094 0.0490824 0.0144869
32 0.781601 0.298834 0.0855062 0.0641063 0.0143773
35 0.144218 0.32543 0.0255989 0.0228542 0.0132597
0 0.020512 0.257946 0.0400784 0.0824585 0.0131239
0 0.483825 0.199825 0.0785685 0.0601427 0.0123311
35 0.149959 0.327695 0.0374055 0.029288 0.0121536
0 0.363717 0.280794 0.0320792 0.0874079 0.0118166
16 0.951346 0.234438 0.0402761 0.0362613 0.0118015
0 0.939509 0.325171 0.0758001 0.0872947 0.0112349
25 0.774763 0.273074 0.121307 0.0562425 0.0110697
29 0.775499 0.282822 0.119063 0.0753536 0.0102134
0 0.855065 0.270001 0.0853025 0.0628928 0.0100486
0 0.0169529 0.318254 0.0329222 0.0871869 0.0100467
0 0.544242 0.183272 0.208487 0.133373 0.00899014
2 0.663395 0.385476 0.64156 0.346651 0.00755844
0 0.676195 0.433056 0.141317 0.264083 0.00750408
25 0 0.501626 0 0.996748 0.00714067
0 0.993671 0.245943 0.0112501 0.0431597 0.00709772
0 0.357571 0.266164 0.0524991 0.0824664 0.00704303
0 0.505035 0.199624 0.121858 0.0640182 0.00701937
0 0.645783 0.421401 0.217284 0.288594 0.00667635
0 0.96069 0.268505 0.0753566 0.100157 0.00660107
29 0.911407 0.290015 0.0566912 0.0359553 0.00657955
0 0.334532 0.273215 0.0949647 0.0940542 0.00634101
0 0.0169033 0.249168 0.0333359 0.0670957 0.00632405
0 0.715642 0.325472 0.177426 0.168254 0.00629723
29 0.775759 0.323761 0.116111 0.159054 0.00608531
32 0.777487 0.325743 0.108566 0.164606 0.00606978
4 0 0.501626 0 0.996748 0.00573307
0 0.77376 0.315808 0.120309 0.141505 0.0056594
0 0.31366 0.303064 0.0678919 0.118507 0.00559676
24 0.0202868 0.270979 0.0399094 0.0490824 0.00538716
32 0.443317 0.439041 0.0339579 0.0235078 0.00514641
0 0.0208583 0.268342 0.0403436 0.0552748 0.00497523
32 0.775488 0.271354 0.120693 0.0528547 0.00493783
0 0.209827 0.245561 0.0312312 0.0569602 0.00455204
0 0.186626 0.254052 0.0344907 0.0736898 0.00451869
0 0.216103 0.255872 0.0427446 0.0820582 0.00449532
0 0.219288 0.266563 0.0287078 0.0574164 0.00432622
13 0.98817 0.244377 0.0219571 0.0430226 0.00428417
0 0.208753 0.27737 0.0480989 0.076354 0.00423554
0 0.469851 0.198714 0.0493429 0.0643337 0.00419495
0 0.223268 0.262669 0.0306927 0.0694525 0.00392905
2 0 0.466545 0 0.93309 0.00392881
37 0.4123 0.312405 0.171534 0.184038 0.00392333
0 0.32169 0.272736 0.0767189 0.0859266 0.00389546
26 0.912473 0.289218 0.056601 0.0398859 0.00388682
0 0.0152756 0.327013 0.0284491 0.0688102 0.00379884
0 0.929824 0.261858 0.0895782 0.0954277 0.00374418
35 0.0193509 0.279488 0.038429 0.0292572 0.00373882
32 0.769439 0.315859 0.0949581 0.0848965 0.00364536
32 0.767532 0.333728 0.0987822 0.110031 0.00359163
29 0.781601 0.298834 0.0855062 0.0641063 0.00352851
0 0.666687 0.244156 0.0787257 0.0943666 0.00343692
0 0.190639 0.288555 0.119343 0.137121 0.00336012
60 0.512223 0 0.917695 0 0.0033451
0 0.686628 0.263678 0.0893103 0.0939147 0.0033372
0 0.486098 0.237312 0.0870023 0.111173 0.00332168
56 0 0.5 0 1 0.00325233
62 0 0.499679 0 0.999357 0.00323963
2 0.0846039 0.277932 0.149489 0.107771 0.00317261
24 0.912473 0.289218 0.056601 0.0398859 0.00316784
29 0.800898 0.248914 0.197557 0.0653919 0.00313321
0 0.262558 0.281328 0.109138 0.120048 0.00300002
0 0.843245 0.27206 0.0616809 0.0603765 0.00299695
32 0.79325 0.292118 0.0728779 0.0730502 0.00294268
0 0.571461 0.218691 0.145116 0.206923 0.00290552
25 1 0.500102 0 0.999795 0.00289986
0 0.623164 0.183478 0.12591 0.132618 0.00287327
35 0.152075 0.332695 0.0414808 0.0317405 0.0028595
6 0 0.502781 0 0.994438 0.0028486
0 0.29058 0.282166 0.0564634 0.111392 0.00284609
36 0.774484 0.337901 0.0992345 0.139487 0.00274846
34 0.774931 0.336557 0.102275 0.135686 0.0026271
72 0 0.48788 0 0.97576 0.00258052
32 0.488874 0.435678 0.0372353 0.0239019 0.0025726
13 0.993671 0.245943 0.0112501 0.0431597 0.00245351
35 0.788233 0.301099 0.0566322 0.0562472 0.00244483
0 0.12634 0.232619 0.0548957 0.0534493 0.00237066
25 0.802211 0.285102 0.203601 0.139151 0.00236464
0 0.98817 0.244377 0.0219571 0.0430226 0.00234452
0 0.629694 0.399694 0.223453 0.380668 0.00233084
38 0.775499 0.282822 0.119063 0.0753536 0.00232804
29 0.784845 0.32663 0.06591 0.105551 0.00232449
32 0.143448 0.32536 0.0238125 0.0230362 0.0022904
4 1 0.499388 0 0.998776 0.00226575
0 0.830601 0.300503 0.251352 0.167886 0.00222871
38 0.777487 0.325743 0.108566 0.164606 0.00219095
26 0.0202868 0.270979 0.0399094 0.0490824 0.00211659
13 0.968663 0.242495 0.061515 0.0429435 0.00209665
16 0.932311 0.293511 0.0943553 0.153485 0.00207171
24 0.340486 0.275312 0.0850271 0.0981132 0.00205556
0 0.13917 0.264183 0.0689043 0.0911146 0.00205466
14 0.929371 0.31991 0.0974757 0.101071 0.00204992
32 0.494819 0.391791 0.0668709 0.0398117 0.00203866
24 0.467234 0.209517 0.0455841 0.0407698 0.00202721
32 0.510075 0.375683 0.0460557 0.0281622 0.00193566
0 0.771252 0.29138 0.102589 0.0929848 0.00191745
56 0.775499 0.282822 0.119063 0.0753536 0.00191078
26 0.219396 0.269358 0.0254795 0.0470159 0.00191033
29 0.0202868 0.270979 0.0399094 0.0490824 0.00189984
56 1 0.500769 0 0.998463 0.00186145
57 0 0.491434 0 0.982868 0.00181854
49 0.787867 0.301656 0.0590535 0.0563247 0.00176787
36 0.841386 0.264848 0.278491 0.100677 0.00174278
13 0.626749 0.271511 0.662792 0.283784 0.00173193
24 0.0193509 0.279488 0.038429 0.0292572 0.0017134
0 0.180442 0.233787 0.0261035 0.0376074 0.00170594
36 0.799392 0.246439 0.196675 0.0606483 0.00170362
0 0.777516 0.271888 0.113728 0.0551515 0.00170073
26 0.0199418 0.276406 0.0387351 0.0353044 0.00169295
2 0.96069 0.268505 0.0753566 0.100157 0.00168946
0 0.531484 0.220324 0.178555 0.0984059 0.00168231
0 0.176533 0.267993 0.0219758 0.0931873 0.00166774
13 0.969099 0.240169 0.0574837 0.0312004 0.00161061
0 0.698299 0.321805 0.095297 0.195768 0.00158057
13 0.402328 0.220263 0.800354 0.201637 0.00157648
0 0.127781 0.244614 0.0523094 0.0818435 0.00155726
0 0.709792 0.409504 0.194121 0.310129 0.00151235
35 0.784845 0.32663 0.06591 0.105551 0.00151208
0 0.194443 0.230312 0.0460199 0.0333213 0.00149861
57 1 0.500769 0 0.998463 0.00149181
2 1 0.500102 0 0.999795 0.00148892
0 0.461641 0.242756 0.0698784 0.112825 0.00148663
32 0.45498 0.436408 0.0499001 0.0284405 0.00147471
0 0.892557 0.264813 0.0200345 0.0297655 0.00147107
0 0.293897 0.279201 0.164556 0.118487 0.00146887
0 0.238991 0.277902 0.14407 0.106575 0.00146821
0 0.703175 0.372884 0.0643677 0.0983323 0.00143293
0 0.889812 0.261141 0.0159152 0.031208 0.00142771
32 0.467458 0.404714 0.0695557 0.0642276 0.00142467
0 0.766602 0.345377 0.0868467 0.1278 0.00142369
45 0 0.497654 0 0.995309 0.00141963
24 0.160432 0.26559 0.0445063 0.0928519 0.00139526
25 0.773866 0.289663 0.112227 0.0891545 0.00139487
32 0.510775 0.370672 0.0434256 0.022035 0.00138822
56 0.777487 0.325743 0.108566 0.164606 0.0013606
25 0.4123 0.312405 0.171534 0.184038 0.00135106
32 0.466979 0.209221 0.0457116 0.0403648 0.00134683
0 0.130852 0.239871 0.0531565 0.0479547 0.00134018
37 0.587657 0.32081 0.529612 0.188841 0.00133339
2 0.753269 0.366362 0.467526 0.307207 0.0013212
0 0.321542 0.333434 0.0802279 0.0583442 0.0013195
33 0.930565 0.29386 0.0951848 0.152906 0.00131759
0 0.760865 0.387328 0.392959 0.349537 0.00131643
25 0.660877 0.363103 0.665062 0.300669 0.00127187
37 0.0847027 0.278842 0.152095 0.107729 0.00126997
37 0.372234 0.311953 0.185739 0.18007 0.00126249
2 0.777487 0.325743 0.108566 0.164606 0.00126091
36 0.778492 0.328914 0.0783086 0.110509 0.00123733
71 0 0.499679 0 0.999357 0.00122291
29 0.776134 0.271985 0.114146 0.0530791 0.00121465
0 0.66849 0.228724 0.0816996 0.0655413 0.0012027
29 0.802211 0.285102 0.203601 0.139151 0.00119752
29 0.801418 0.262428 0.202036 0.0943816 0.00119731
35 0.930109 0.319175 0.0956891 0.0992798 0.00119355
25 0.77376 0.315808 0.120309 0.141505 0.00119126
60 0.405959 0 0.811917 0 0.00118461
32 0.464172 0.435222 0.0591173 0.0294394 0.00117871
60 0.623736 0 0.752529 0 0.00117254
13 0.514743 0.140763 0.18519 0.0298625 0.00116012
35 0.775759 0.323761 0.116111 0.159054 0.00115204
37 0 0.497654 0 0.995309 0.00115013
36 0.801418 0.262428 0.202036 0.0943816 0.00114033
14 0.951432 0.234301 0.0396634 0.0361001 0.00113106
61 0 0.491434 0 0.982868 0.00111827
0 0.431792 0.265459 0.145455 0.219156 0.00111279
2 0.4369 0.361582 0.039399 0.0218081 0.00110957
0 0.27392 0.270403 0.171309 0.109361 0.00110155
58 0 0.466545 0 0.93309 0.00108817
0 0.550992 0.248217 0.211611 0.173906 0.00107506
62 1 0.499388 0 0.998776 0.00106749
0 0.91072 0.287421 0.0530746 0.0413535 0.00106651
0 0.702015 0.323604 0.065716 0.176993 0.00105044
0 0.0857536 0.278271 0.15088 0.10454 0.00104967
43 0 0.5 0 1 0.00104117
0 0.634115 0.378638 0.329424 0.342518 0.00103983
0 0.723039 0.326465 0.103376 0.171188 0.00103858
0 0.682451 0.293018 0.0970545 0.148452 0.0010297
13 0.533482 0.179291 0.21667 0.11187 0.00102398
0 0.153228 0.287858 0.0429105 0.106479 0.00101653
0 0.991196 0.543417 0.0167066 0.0282408 0.00101605
47 0 0.501626 0 0.996748 0.00100803
0 0.204334 0.227463 0.0340945 0.0277383 0.00100225
