71 0.291051 0.614116 0.215402 0.0482446 0.724323
45 0.291436 0.614249 0.215611 0.0482759 0.265437
71 0.291611 0.580334 0.218272 0.118153 0.059382
41 0.111381 0.887715 0.0502081 0.0480907 0.0460268
73 0.455568 0.614142 0.11954 0.027313 0.0337603
41 0.160959 0.880313 0.0501134 0.0477093 0.0211512
71 0.293611 0.601246 0.208048 0.0223574 0.0172986
72 0.592875 0.46073 0.30587 0.915762 0.0100611
73 0.456317 0.624216 0.118375 0.0179283 0.00871727
45 0.273362 0.860229 0.161539 0.0628065 0.00839433
72 0.600448 0.618174 0.289913 0.599065 0.00434816
73 0.106476 0.648694 0.1612 0.0277712 0.00401145
71 0.264148 0.654336 0.527074 0.128489 0.00360453
73 0.452289 0.626612 0.10855 0.0137134 0.00297001
39 0.412979 0.333866 0.0489421 0.0641679 0.00274515
75 0.412984 0.333959 0.0495727 0.0644771 0.00258738
73 0.105164 0.642975 0.159725 0.0357978 0.0025326
61 0.291051 0.614116 0.215402 0.0482446 0.0024955
72 0.863657 0.461316 0.272686 0.907195 0.0024094
45 0.160887 0.880408 0.0499636 0.0476772 0.00239775
75 0.374319 0.292673 0.0488064 0.0692843 0.00202408
72 0.650707 0.753382 0.183972 0.319667 0.00193685
73 0.105598 0.654894 0.168766 0.0342933 0.00158796
39 0.111381 0.887715 0.0502081 0.0480907 0.00156686
71 0.368435 0.637631 0.451571 0.0977327 0.00154352
39 0.161059 0.880648 0.0498941 0.0480449 0.00153965
39 0.374826 0.292614 0.0493057 0.0695414 0.0014784
53 0.639239 0.51983 0.0608509 0.0692506 0.0014728
61 0.291862 0.578997 0.215886 0.119232 0.00122637
73 0.112866 0.629392 0.115665 0.027454 0.00120592
71 0.291783 0.602302 0.216124 0.0724092 0.00116265
72 0.60862 0.750493 0.262233 0.320833 0.00110987
32 0.233831 0.310814 0.0450661 0.0370596 0.00106487
55 0.291436 0.614249 0.215611 0.0482759 0.00104344
73 0.449431 0.618527 0.107975 0.0186929 0.00103825
41 0.0197767 0.610622 0.0393439 0.0732961 0.00101489
