65 0.890388 0.56742 0.218698 0.313368 0.931413
15 0.57666 0.482835 0.534701 0.781019 0.919987
0 0.545379 0.49665 0.748609 0.982569 0.836528
0 0.878622 0.31824 0.241722 0.631305 0.701568
0 0.106742 0.520349 0.212702 0.389776 0.610972
57 0.564487 0.502557 0.866719 0.994886 0.463004
0 0.109793 0.647032 0.219127 0.645228 0.424482
0 0.600767 0.629321 0.788346 0.723692 0.326317
57 0.712564 0.502599 0.572479 0.994802 0.30622
0 0.0844524 0.868008 0.168905 0.197614 0.228386
0 0.602684 0.761101 0.782179 0.457615 0.185862
57 0.387927 0.576854 0.771176 0.824922 0.118742
67 0.27496 0.964543 0.128337 0.0708482 0.106008
57 0.13523 0.734919 0.263754 0.523126 0.0873075
57 0.479422 0.711666 0.947255 0.555901 0.0816008
0 0.875716 0.494889 0.247639 0.973649 0.0702596
0 0.87253 0.772228 0.254037 0.435525 0.0605932
65 0.273956 0.963759 0.127833 0.0716007 0.0446272
0 0.314838 0.77935 0.209663 0.431823 0.0420853
57 0.679845 0.269031 0.441629 0.53339 0.0326194
65 0.650067 0.753609 0.0454536 0.170917 0.0287312
64 0.275102 0.969514 0.129459 0.0608607 0.01882
57 0.120962 0.651125 0.240719 0.653358 0.0181169
57 0.31499 0.726887 0.622524 0.522502 0.0154133
16 0.57666 0.482835 0.534701 0.781019 0.0115206
0 0.722964 0.501889 0.54954 0.996223 0.00867465
74 0.276501 0.965152 0.127786 0.0672662 0.0071997
0 0.946663 0.0867328 0.105263 0.171106 0.00707209
59 0.564487 0.502557 0.866719 0.994886 0.00665301
57 0.878324 0.48284 0.242644 0.955294 0.00653857
57 0.214452 0.727656 0.421789 0.520632 0.00633946
39 0.650291 0.751267 0.0465188 0.166596 0.00532499
56 0.564808 0.503476 0.870383 0.993048 0.00530425
65 0.280503 0.971808 0.118021 0.0558599 0.00530031
0 0.811535 0.494419 0.373619 0.978934 0.00524727
57 0.729093 0.37021 0.538185 0.734594 0.0049459
59 0.729223 0.961036 0.301315 0.0709459 0.00466657
57 0.811535 0.494419 0.373619 0.978934 0.00406623
57 0.878147 0.318236 0.242921 0.630806 0.00349131
0 0.135279 0.718488 0.26898 0.525273 0.0033628
56 0.134256 0.732693 0.26447 0.525593 0.00334826
56 0.712564 0.502599 0.572479 0.994802 0.0033223
73 0.716863 0.961518 0.277353 0.0741384 0.00303394
59 0.878324 0.48284 0.242644 0.955294 0.00302774
65 0.264138 0.639166 0.0208665 0.049953 0.0029732
66 0.274993 0.964424 0.128166 0.0706788 0.00295958
67 0.157935 0.827529 0.01762 0.020208 0.00279826
65 0.644402 0.755571 0.0347986 0.157419 0.00274307
0 0.727337 0.771676 0.543526 0.436034 0.00271887
57 0.714731 0.275869 0.305943 0.544906 0.00270504
65 0.231673 0.964167 0.0410176 0.0696058 0.00269011
57 0.131941 0.655127 0.263521 0.372916 0.00267991
59 0.135279 0.718488 0.26898 0.525273 0.00267941
59 0.722964 0.501889 0.54954 0.996223 0.00261697
74 0.231673 0.964167 0.0410176 0.0696058 0.00255635
65 0.264786 0.649818 0.0194865 0.0332291 0.0025295
0 0.447355 0.771864 0.468666 0.435464 0.00223231
57 0.546291 0.28405 0.761897 0.563433 0.00221017
39 0.273987 0.964105 0.126364 0.0707012 0.00215465
57 0.10631 0.522446 0.211994 0.394082 0.00201619
41 0.273956 0.963759 0.127833 0.0716007 0.00200322
79 0.649987 0.750287 0.0456349 0.160814 0.00198916
67 0.890199 0.5674 0.217944 0.314125 0.0019218
59 0.879233 0.317294 0.240458 0.630561 0.00186595
74 0.233861 0.953533 0.0355674 0.0478196 0.001854
67 0.650284 0.752882 0.0460114 0.168529 0.00178716
65 0.157935 0.827529 0.01762 0.020208 0.00178522
56 0.679317 0.352728 0.438244 0.700985 0.00175676
60 0.54723 0.498669 0.899482 0.991552 0.00174275
0 0.0850174 0.818407 0.16906 0.298991 0.00170386
0 0.394147 0.727915 0.781415 0.524799 0.00155532
56 0.387927 0.576854 0.771176 0.824922 0.00154963
65 0.305172 0.641885 0.103132 0.0571354 0.00144979
0 0.235638 0.737602 0.464296 0.504496 0.0012542
67 0.231673 0.964167 0.0410176 0.0696058 0.00124961
56 0.479422 0.711666 0.947255 0.555901 0.00115743
26 0.730037 0.961528 0.302594 0.0709641 0.00107729
59 0.437089 0.725997 0.866965 0.527776 0.00106457
