0 0.307521 0.575921 0.537187 0.824263 0.939718
68 0.894215 0.860904 0.210229 0.258927 0.894981
68 0.456145 0.90983 0.211989 0.170619 0.753769
44 0.627128 0.843684 0.0578856 0.0924611 0.594028
44 0.645451 0.78713 0.0383411 0.0601877 0.537592
68 0.0361892 0.631814 0.0717338 0.251206 0.43129
44 0.64228 0.86327 0.0361562 0.059034 0.424462
43 0.751423 0.823662 0.0240969 0.0799279 0.411593
43 0.73751 0.811111 0.0247315 0.102023 0.390142
43 0.562608 0.938635 0.0396729 0.119177 0.317656
43 0.716877 0.812545 0.0203697 0.0898632 0.284396
44 0.672239 0.395179 0.027729 0.239742 0.284338
43 0.721189 0.812287 0.0243425 0.0949621 0.269626
74 0.022416 0.0370148 0.0445408 0.073537 0.254913
43 0.710922 0.809649 0.0233256 0.0796822 0.250161
44 0.641921 0.39547 0.0258807 0.263583 0.249289
44 0.653254 0.664265 0.0245842 0.183554 0.241415
74 0.0414987 0.066326 0.0821893 0.130777 0.233173
42 0.569244 0.858794 0.0484411 0.106905 0.230583
44 0.527769 0.670457 0.0307726 0.175046 0.220362
43 0.736945 0.827007 0.0245379 0.0759643 0.209123
43 0.731249 0.808115 0.0342612 0.109192 0.206425
43 0.744376 0.82611 0.0229049 0.0770568 0.202218
44 0.642981 0.873766 0.0384001 0.0822687 0.166303
42 0.683506 0.801414 0.0325764 0.0735575 0.146154
44 0.625288 0.919881 0.0327824 0.0628199 0.138425
42 0.568992 0.8381 0.046435 0.0648428 0.137638
69 0.456204 0.911877 0.211808 0.168743 0.123295
43 0.751338 0.893413 0.0263294 0.0680073 0.115819
69 0.0248392 0.91928 0.0496784 0.155121 0.110625
51 0.589877 0.758583 0.0140169 0.0615323 0.109972
44 0.591615 0.780064 0.0516333 0.0605843 0.108345
51 0.599237 0.779165 0.0357067 0.0588982 0.106077
44 0.690398 0.974495 0.0159334 0.0492655 0.0962946
44 0.75106 0.896112 0.0282745 0.0755038 0.0872455
43 0.710988 0.813927 0.028178 0.0948748 0.0820932
44 0.663424 0.85143 0.0257228 0.0630443 0.08156
44 0.605869 0.90214 0.0160538 0.0894528 0.079881
69 0.0259417 0.874514 0.0516219 0.244684 0.0786973
44 0.627238 0.670175 0.027158 0.189355 0.0779006
76 0.571462 0.643049 0.0179436 0.0895697 0.0728607
44 0.676901 0.707881 0.0264785 0.239233 0.069536
44 0.684391 0.803186 0.0328464 0.0723863 0.0603742
43 0.725939 0.792826 0.0191236 0.0853689 0.0590773
43 0.742969 0.897647 0.0342989 0.0770582 0.058241
44 0.678493 0.682894 0.0211527 0.178622 0.0566554
44 0.650558 0.653583 0.0178642 0.174468 0.0532306
42 0.676607 0.800012 0.0263981 0.0711098 0.0524592
44 0.62183 0.742437 0.0192599 0.0586794 0.0486103
44 0.590746 0.755454 0.014488 0.0581158 0.0479896
51 0.58685 0.761284 0.02051 0.0667925 0.047158
43 0.685183 0.802608 0.0303095 0.0729553 0.0457081
44 0.751897 0.825269 0.024119 0.0770428 0.0434617
42 0.687557 0.796256 0.0284112 0.0805347 0.0421806
44 0.58685 0.761284 0.02051 0.0667925 0.0417054
69 0.024728 0.896286 0.049456 0.113608 0.0396342
43 0.720744 0.799769 0.0296226 0.100514 0.0389527
41 0.654951 0.980851 0.0421439 0.0356871 0.0380429
44 0.626223 0.742007 0.0269056 0.0593009 0.0373655
42 0.679847 0.723103 0.034037 0.233004 0.0367601
44 0.639463 0.387357 0.0161968 0.244038 0.0363003
44 0.708184 0.960555 0.0373638 0.0777658 0.0345445
43 0.586158 0.95892 0.0257925 0.0770918 0.0345125
42 0.653268 0.677009 0.0248742 0.152544 0.0339433
42 0.671137 0.393395 0.0266096 0.238136 0.033659
43 0.665441 0.374441 0.0133331 0.191888 0.0305259
42 0.751397 0.893891 0.0269896 0.0709103 0.0297716
44 0.956113 0.637505 0.0120277 0.101062 0.0296078
44 0.633651 0.974854 0.0279613 0.0502921 0.0293823
44 0.565944 0.756936 0.0146126 0.0669507 0.0292424
43 0.638935 0.367515 0.0185598 0.207393 0.0288481
43 0.736103 0.78269 0.0272583 0.0665086 0.0285426
43 0.744603 0.913665 0.0388296 0.111246 0.0285099
44 0.571368 0.644415 0.0182944 0.0919255 0.0281301
42 0.595389 0.881667 0.0195435 0.0790538 0.028069
43 0.709756 0.962743 0.0360348 0.0733225 0.0280393
44 0.629746 0.98275 0.0173454 0.0340276 0.0279893
42 0.956601 0.638791 0.0125601 0.102793 0.0264156
44 0.655221 0.980594 0.0431917 0.0369334 0.0263235
42 0.752468 0.824351 0.0239159 0.0813028 0.026274
43 0.624288 0.655203 0.0188364 0.160182 0.0261305
44 0.668852 0.362566 0.0194042 0.168822 0.0259646
45 0.445561 0.639835 0.117908 0.230205 0.0253609
42 0.58059 0.813432 0.073358 0.148903 0.0250527
44 0.59574 0.898924 0.0195003 0.102305 0.0246127
71 0.0262616 0.800798 0.0525233 0.0989097 0.0245117
43 0.653268 0.677009 0.0248742 0.152544 0.0242018
44 0.563114 0.939462 0.040172 0.118663 0.0236665
43 0.742693 0.963811 0.0365998 0.0716058 0.0232375
44 0.633463 0.741683 0.0126781 0.0564319 0.0231121
42 0.596953 0.868007 0.0214052 0.0781319 0.0230891
44 0.631731 0.978502 0.0215049 0.0428282 0.0224948
44 0.632085 0.381884 0.0154362 0.257714 0.0224646
42 0.559912 0.775042 0.029089 0.101807 0.0223171
43 0.736547 0.900626 0.0345736 0.0845341 0.0216598
44 0.607929 0.893056 0.0231984 0.0950602 0.0210506
44 0.710988 0.813927 0.028178 0.0948748 0.0210022
44 0.658858 0.935183 0.0369383 0.0577721 0.0209419
44 0.649867 0.871268 0.0507504 0.0829421 0.0209292
43 0.669044 0.395945 0.0237154 0.239328 0.0206204
44 0.586645 0.965048 0.0252035 0.0694466 0.020541
44 0.624288 0.655203 0.0188364 0.160182 0.0205151
43 0.716453 0.960963 0.025935 0.0760312 0.0203271
44 0.589187 0.975273 0.0236094 0.0475036 0.0201749
42 0.62816 0.842085 0.0595022 0.091445 0.0201728
44 0.52193 0.654726 0.0178861 0.147403 0.0201465
44 0.68153 0.974714 0.0129147 0.0463008 0.0200973
42 0.588088 0.966107 0.0264924 0.0659589 0.0200265
42 0.56745 0.892 0.0390785 0.0508654 0.01999
44 0.665826 0.362202 0.0133284 0.169394 0.0197088
44 0.68523 0.973898 0.0182217 0.0464896 0.0190701
68 0.467022 0.864397 0.237078 0.260747 0.0189329
43 0.565023 0.959718 0.0338558 0.0782442 0.0188621
44 0.655019 0.944609 0.0452361 0.0782539 0.0188423
43 0.625515 0.673727 0.0246264 0.190572 0.0180325
43 0.742027 0.832954 0.0309736 0.0921522 0.0178642
42 0.62527 0.676036 0.0256314 0.197395 0.017433
42 0.742969 0.897647 0.0342989 0.0770582 0.0173728
44 0.682819 0.825874 0.0286657 0.120937 0.0173262
68 0.026419 0.873808 0.0518498 0.244923 0.0172141
43 0.720667 0.926584 0.0257719 0.13888 0.0172108
44 0.72148 0.816255 0.0241264 0.0946454 0.0171117
43 0.736734 0.925467 0.0456792 0.135508 0.0168243
43 0.640126 0.393965 0.0248785 0.263331 0.0167403
51 0.565909 0.756106 0.0136585 0.0665726 0.0166568
42 0.563114 0.939462 0.040172 0.118663 0.0166198
44 0.685386 0.906408 0.0277266 0.120831 0.0164841
42 0.564541 0.756166 0.0162079 0.0662199 0.0158564
42 0.710922 0.809649 0.0233256 0.0796822 0.0158354
44 0.678146 0.67547 0.0263545 0.210325 0.0157996
44 0.615918 0.9767 0.035795 0.0450525 0.0156328
42 0.716747 0.817005 0.0197528 0.0906251 0.0154611
42 0.640126 0.393965 0.0248785 0.263331 0.0152341
42 0.65928 0.935789 0.0366299 0.0578953 0.014901
44 0.601222 0.899842 0.0125639 0.0845746 0.0147163
44 0.595389 0.881667 0.0195435 0.0790538 0.0146191
44 0.682123 0.89287 0.022142 0.113817 0.0146096
43 0.565909 0.756106 0.0136585 0.0665726 0.0144938
45 0.594902 0.214278 0.0461227 0.193105 0.0144714
44 0.637015 0.369165 0.0213606 0.21034 0.0144634
42 0.662963 0.849672 0.0263293 0.0597556 0.0144486
42 0.57043 0.766901 0.0455421 0.084999 0.0140198
44 0.649657 0.951547 0.0567528 0.096503 0.0139357
69 0.0358928 0.63405 0.0714542 0.244398 0.0138921
44 0.742969 0.897647 0.0342989 0.0770582 0.0137952
43 0.577133 0.925701 0.0399511 0.103612 0.0136267
42 0.573377 0.889021 0.0380516 0.0653165 0.0135508
42 0.571368 0.644415 0.0182944 0.0919255 0.0135445
42 0.583856 0.926467 0.0308132 0.109631 0.0134397
42 0.567447 0.793753 0.0477756 0.137819 0.0132699
42 0.684437 0.917313 0.0257278 0.141892 0.0131579
42 0.606286 0.90459 0.0176606 0.0856073 0.0130109
44 0.681634 0.918469 0.0195942 0.14331 0.0126182
44 0.638171 0.97774 0.0288576 0.0426757 0.0125276
42 0.718068 0.897209 0.0234738 0.0906904 0.0124688
44 0.599239 0.778791 0.0367231 0.0591815 0.0123155
44 0.574616 0.916853 0.0372959 0.0895805 0.0123063
42 0.682819 0.825874 0.0286657 0.120937 0.0120211
44 0.737906 0.825151 0.0266468 0.0797885 0.0119128
44 0.570253 0.275554 0.0300013 0.18396 0.0118608
44 0.650961 0.893502 0.0526037 0.122658 0.0117617
43 0.645684 0.787632 0.0387806 0.059277 0.01158
42 0.677476 0.679895 0.0240658 0.169183 0.011571
42 0.710988 0.813927 0.028178 0.0948748 0.011507
42 0.596651 0.83104 0.0335884 0.109625 0.0114572
44 0.692453 0.900463 0.0228611 0.103586 0.011256
76 0.678493 0.682894 0.0211527 0.178622 0.0111883
44 0.578049 0.69055 0.0392172 0.121509 0.0111836
43 0.719737 0.901679 0.0223514 0.0918846 0.0110012
44 0.652369 0.828781 0.0415728 0.103657 0.0108675
43 0.709709 0.846018 0.0299512 0.155331 0.0108579
76 0.653136 0.671519 0.024145 0.164853 0.0108326
44 0.665686 0.401498 0.0398303 0.257988 0.0107628
42 0.607929 0.893056 0.0231984 0.0950602 0.010711
43 0.694258 0.844556 0.0515011 0.165152 0.0106023
42 0.574616 0.916853 0.0372959 0.0895805 0.0105884
43 0.590746 0.755454 0.014488 0.0581158 0.0105664
43 0.681203 0.910622 0.0199898 0.126872 0.0104726
42 0.645574 0.786769 0.0384264 0.0595517 0.0104708
51 0.590186 0.776163 0.0411575 0.0625676 0.0103746
42 0.681203 0.910622 0.0199898 0.126872 0.0100689
44 0.629965 0.926075 0.0352299 0.0669686 0.0099614
42 0.736945 0.827007 0.0245379 0.0759643 0.0099389
42 0.676901 0.707881 0.0264785 0.239233 0.0099355
45 0.59601 0.185856 0.0442461 0.134889 0.0098162
44 0.685284 0.977161 0.0257414 0.0444319 0.00980026
44 0.560614 0.767942 0.0241142 0.0904915 0.00979432
44 0.683822 0.85864 0.0263635 0.0777396 0.00968796
45 0.44921 0.206188 0.148642 0.231078 0.00954145
43 0.719705 0.872582 0.024724 0.141447 0.00952622
42 0.527794 0.671797 0.0310228 0.172945 0.00948578
44 0.624234 0.91488 0.0423094 0.0707296 0.00946534
69 0.894111 0.860589 0.210406 0.258534 0.00946146
44 0.718068 0.897209 0.0234738 0.0906904 0.00938067
44 0.748155 0.911656 0.0338661 0.110286 0.00937936
42 0.580352 0.829148 0.0260585 0.0561026 0.00929046
43 0.719172 0.84976 0.0273224 0.158122 0.00925854
43 0.572913 0.912817 0.0350775 0.0752718 0.00921956
44 0.57043 0.766901 0.0455421 0.084999 0.00920925
42 0.739011 0.811209 0.0218815 0.101536 0.00914848
44 0.661945 0.870811 0.0254949 0.0643662 0.00913227
42 0.744376 0.82611 0.0229049 0.0770568 0.00912404
44 0.710922 0.809649 0.0233256 0.0796822 0.00902528
42 0.692453 0.900463 0.0228611 0.103586 0.00900131
44 0.529823 0.736064 0.0236208 0.0425564 0.00899562
69 0.29837 0.892872 0.553757 0.199734 0.00897363
43 0.56724 0.867829 0.0431204 0.0903466 0.00885168
43 0.684437 0.917313 0.0257278 0.141892 0.00880069
45 0.627348 0.843002 0.0580235 0.0897833 0.00877497
42 0.62183 0.742437 0.0192599 0.0586794 0.00863633
44 0.736931 0.896792 0.0319714 0.078424 0.00857186
44 0.720667 0.926584 0.0257719 0.13888 0.00841504
45 0.654951 0.980851 0.0421439 0.0356871 0.00838497
43 0.692827 0.899832 0.0213063 0.10283 0.00831401
43 0.650558 0.653583 0.0178642 0.174468 0.00825077
44 0.716747 0.817005 0.0197528 0.0906251 0.00822923
43 0.565115 0.977359 0.0230471 0.0437615 0.00818551
43 0.690428 0.974577 0.0155457 0.0494425 0.00811392
42 0.625575 0.919809 0.0333689 0.0626192 0.00798053
42 0.72148 0.816255 0.0241264 0.0946454 0.00791174
44 0.59661 0.791381 0.0436357 0.084329 0.00790995
42 0.666284 0.365703 0.0148384 0.172544 0.00779861
43 0.678146 0.67547 0.0263545 0.210325 0.00776765
44 0.61266 0.883448 0.0175908 0.0600171 0.0077363
43 0.56745 0.892 0.0390785 0.0508654 0.00771883
42 0.589685 0.776795 0.054857 0.0671118 0.00767556
43 0.679397 0.669394 0.0195684 0.146061 0.00762856
42 0.708183 0.96064 0.0348402 0.0777975 0.0075708
43 0.682819 0.825874 0.0286657 0.120937 0.00756377
68 0.297183 0.899749 0.55081 0.189147 0.00752684
42 0.642768 0.866867 0.0378927 0.0724129 0.00742865
43 0.678996 0.712315 0.0302588 0.246767 0.00742534
43 0.744938 0.97197 0.0318768 0.0553729 0.0073815
44 0.709709 0.846018 0.0299512 0.155331 0.00722328
43 0.654553 0.980987 0.0461647 0.0380258 0.00720423
42 0.694258 0.844556 0.0515011 0.165152 0.00713062
42 0.571377 0.663926 0.0215658 0.132659 0.00702643
44 0.705124 0.814027 0.0233505 0.0721753 0.00701919
43 0.62131 0.742373 0.0183597 0.0589362 0.00701818
42 0.565023 0.959718 0.0338558 0.0782442 0.00691321
44 0.744376 0.82611 0.0229049 0.0770568 0.00686154
42 0.589187 0.975273 0.0236094 0.0475036 0.00685763
44 0.694258 0.844556 0.0515011 0.165152 0.00682136
41 0.616198 0.97537 0.0363756 0.0480737 0.00680482
44 0.697393 0.953434 0.0258214 0.0677692 0.00679839
42 0.561582 0.762963 0.0216684 0.0801852 0.00674894
44 0.592034 0.730823 0.0196321 0.0779641 0.00672188
44 0.676607 0.800012 0.0263981 0.0711098 0.00671023
44 0.639607 0.817313 0.0344724 0.0368088 0.00662664
42 0.59661 0.791381 0.0436357 0.084329 0.00661314
43 0.678485 0.648128 0.0200005 0.152306 0.00656787
44 0.569308 0.859082 0.0496492 0.114979 0.00656027
42 0.624288 0.655203 0.0188364 0.160182 0.00653616
62 0.0360592 0.63265 0.071742 0.250878 0.00641713
44 0.571377 0.663926 0.0215658 0.132659 0.00640637
44 0.594779 0.908683 0.0160833 0.0856722 0.00637484
43 0.701791 0.88834 0.0141481 0.0735727 0.00637266
44 0.716453 0.960963 0.025935 0.0760312 0.00634378
42 0.579203 0.711573 0.0424041 0.0504535 0.00632808
42 0.682123 0.89287 0.022142 0.113817 0.00616643
44 0.741629 0.960895 0.0377081 0.0777548 0.00603539
76 0.62527 0.676036 0.0256314 0.197395 0.00595349
43 0.559749 0.924292 0.0395348 0.0907297 0.00588021
42 0.59574 0.898924 0.0195003 0.102305 0.00587159
43 0.705124 0.814027 0.0233505 0.0721753 0.00586423
42 0.58685 0.761284 0.02051 0.0667925 0.00586188
44 0.565023 0.959718 0.0338558 0.0782442 0.00581148
44 0.739011 0.811209 0.0218815 0.101536 0.0057115
42 0.748155 0.911656 0.0338661 0.110286 0.00569025
44 0.627919 0.654664 0.0197245 0.156744 0.00567266
44 0.573377 0.889021 0.0380516 0.0653165 0.00567102
42 0.615775 0.97541 0.037444 0.0486737 0.00560221
44 0.581023 0.725466 0.0394378 0.0769882 0.00551489
42 0.590186 0.776163 0.0411575 0.0625676 0.00537431
43 0.682123 0.89287 0.022142 0.113817 0.00537336
44 0.56745 0.892 0.0390785 0.0508654 0.00527954
44 0.591735 0.713278 0.0201261 0.0440035 0.00519326
44 0.62597 0.383253 0.0205661 0.273181 0.00515848
43 0.560614 0.767942 0.0241142 0.0904915 0.00511685
44 0.719705 0.872582 0.024724 0.141447 0.00504565
44 0.675565 0.649341 0.0206114 0.163752 0.00500232
44 0.579203 0.711573 0.0424041 0.0504535 0.0049887
43 0.708373 0.891919 0.0176903 0.0832901 0.0049856
42 0.717645 0.925262 0.0238445 0.14468 0.00493625
44 0.524944 0.659727 0.0222256 0.156581 0.00493056
44 0.708324 0.924013 0.0374877 0.149929 0.00485522
43 0.633463 0.741683 0.0126781 0.0564319 0.00482568
44 0.565115 0.977359 0.0230471 0.0437615 0.00481439
42 0.55299 0.835848 0.0222398 0.055634 0.00478861
44 0.661078 0.37019 0.0167682 0.197981 0.00476941
42 0.633463 0.741683 0.0126781 0.0564319 0.00475803
42 0.624234 0.91488 0.0423094 0.0707296 0.00463751
44 0.680825 0.794548 0.0384111 0.0804882 0.00463021
68 0.035428 0.748303 0.0708474 0.492271 0.00458145
42 0.65584 0.951775 0.0434296 0.0923097 0.00457197
42 0.709709 0.846018 0.0299512 0.155331 0.00455087
44 0.708373 0.891919 0.0176903 0.0832901 0.00452113
42 0.633651 0.974854 0.0279613 0.0502921 0.00440693
43 0.955787 0.639955 0.0113451 0.108796 0.00439796
42 0.565115 0.977359 0.0230471 0.0437615 0.00437754
