0 0.587304 0.388729 0.48361 0.434593 0.909663
32 0.482276 0.409013 0.104134 0.0759611 0.779176
0 0.604323 0.180176 0.0814931 0.131848 0.715254
0 0.0202548 0.299874 0.0384312 0.123294 0.59357
0 0.201245 0.265216 0.0670771 0.101629 0.542256
0 0.158314 0.266499 0.0374415 0.0880907 0.449401
0 0.376563 0.211066 0.118382 0.18415 0.394365
0 0.327848 0.292847 0.069761 0.134872 0.351604
0 0.370335 0.257348 0.129107 0.277039 0.347898
0 0.940861 0.296449 0.11632 0.147688 0.291034
0 0.952269 0.232219 0.0401967 0.0376188 0.207341
33 0.847569 0.291158 0.303642 0.157389 0.165576
0 0.336062 0.258959 0.0954762 0.204101 0.158157
0 0.194504 0.340153 0.126154 0.0569327 0.148251
0 0.689266 0.312517 0.128711 0.231923 0.132856
32 0.482134 0.391939 0.0969297 0.0418769 0.122663
0 0.400318 0.267838 0.161573 0.286874 0.120061
0 0.69136 0.391043 0.274723 0.374494 0.119469
0 0.776681 0.332601 0.101546 0.158468 0.111011
0 0.586553 0.312798 0.49828 0.290224 0.0996518
0 0.76024 0.321108 0.132401 0.182877 0.0759529
0 0.467389 0.207281 0.0464157 0.0379948 0.0732527
32 0.437527 0.364109 0.0407399 0.0279018 0.0602451
0 0.211215 0.269057 0.0458577 0.0869473 0.0581522
0 0.328532 0.312819 0.0634761 0.0942999 0.0573015
0 0.301612 0.279784 0.0419345 0.0943588 0.0536996
0 0.176242 0.267187 0.0364964 0.0922066 0.0524637
0 0.691698 0.382621 0.13417 0.359635 0.0493585
0 0.190233 0.265351 0.0419254 0.0845634 0.0456383
0 0.955372 0.262152 0.0471527 0.100573 0.0336434
0 0.29625 0.291073 0.133705 0.136104 0.0311805
0 0.717201 0.380712 0.155374 0.357713 0.0303531
0 0.0204515 0.268448 0.0388497 0.0505406 0.0298657
0 0.31389 0.298114 0.0625243 0.120963 0.0294689
0 0.599284 0.186854 0.0748515 0.102881 0.0290546
33 0.763467 0.310995 0.147341 0.186512 0.0288531
24 0.467841 0.20717 0.0456736 0.0385358 0.0281744
0 0.269686 0.278782 0.181016 0.130274 0.0271581
0 0.332863 0.246502 0.190494 0.237707 0.0265274
0 0.966398 0.264278 0.0672036 0.104977 0.0264475
32 0.787613 0.302604 0.0578491 0.0563289 0.0262119
0 0.751616 0.373645 0.0481227 0.0788227 0.021273
16 0.193123 0.339388 0.123805 0.0582998 0.0202457
0 0.191723 0.299947 0.122981 0.138633 0.0198041
0 0.650118 0.381915 0.198406 0.36389 0.0195169
0 0.944722 0.263757 0.104525 0.102979 0.0188158
0 0.192036 0.26875 0.0528389 0.0959689 0.0187801
25 0.745733 0.248346 0.104446 0.063039 0.018003
0 0.166088 0.264303 0.0378468 0.0841621 0.0172767
29 0.746924 0.250211 0.108053 0.0649646 0.0168963
0 0.890606 0.292408 0.213141 0.156521 0.0168245
33 0.746924 0.250211 0.108053 0.0649646 0.0159446
10 0.19469 0.340175 0.12661 0.0575708 0.015761
35 0.789977 0.268595 0.0929255 0.0467051 0.0154929
36 0.19192 0.339003 0.120924 0.0551012 0.0153984
25 0.759579 0.257351 0.132742 0.0813293 0.0148847
0 0.744135 0.392939 0.148454 0.31252 0.0146936
0 0.678425 0.254822 0.109038 0.111681 0.014564
0 0.337445 0.280008 0.0897807 0.11853 0.0143795
32 0.785212 0.314944 0.0635222 0.0839102 0.014235
35 0.78566 0.3035 0.0613122 0.0584126 0.0141015
29 0.912365 0.289534 0.0580084 0.0388198 0.0139267
0 0.84625 0.2919 0.305681 0.157984 0.0137971
0 0.514262 0.198918 0.139053 0.0583732 0.0135556
25 0.784386 0.257848 0.182993 0.0862222 0.0133842
33 0.759579 0.257351 0.132742 0.0813293 0.0131112
33 0.784386 0.257848 0.182993 0.0862222 0.0130987
0 0.206154 0.249088 0.0501049 0.0705535 0.0129282
29 0.78566 0.3035 0.0613122 0.0584126 0.0123733
35 0.785212 0.314944 0.0635222 0.0839102 0.0123626
35 0.152565 0.326905 0.0416216 0.0314384 0.011976
0 0.347506 0.266307 0.0691896 0.0897788 0.0118499
0 0.465183 0.218417 0.045075 0.0638378 0.0116276
0 0.543285 0.198832 0.202784 0.0659823 0.0114597
24 0.19469 0.340175 0.12661 0.0575708 0.0112418
0 0.259731 0.294879 0.0930276 0.137275 0.0111809
33 0.708146 0.296275 0.258785 0.167014 0.0109771
0 0.583673 0.183304 0.0475004 0.0913689 0.0107974
2 0.844774 0.229776 0.103449 0.0286973 0.0107619
0 0.28852 0.276228 0.158323 0.110755 0.0102598
16 0.952495 0.231824 0.0398821 0.0370102 0.00974292
0 0.75542 0.350488 0.0555796 0.124735 0.00966018
35 0.912606 0.289616 0.0586688 0.0388724 0.00943893
35 0.80936 0.267248 0.0541766 0.042921 0.00924957
0 0.391357 0.2029 0.0854061 0.167039 0.00920743
0 0.785043 0.323131 0.0608863 0.105904 0.00894412
32 0.0202225 0.269869 0.0391301 0.0478734 0.00876763
33 0.940494 0.292695 0.11661 0.154062 0.00853825
28 0.19192 0.339003 0.120924 0.0551012 0.00811315
34 0.369953 0.33818 0.0830263 0.142029 0.00787723
0 0.24761 0.267482 0.103944 0.093759 0.00779265
26 0.195782 0.338684 0.114763 0.0515313 0.00730079
32 0.789881 0.299047 0.0742723 0.0681821 0.00728866
0 0.198696 0.229658 0.0469207 0.0360882 0.00711298
13 0.193579 0.338819 0.123657 0.0580864 0.00709817
33 0.890606 0.292408 0.213141 0.156521 0.00703728
0 0.530833 0.216598 0.179522 0.0956543 0.00703564
0 0.212331 0.244142 0.0538017 0.0661271 0.00702935
0 0.667189 0.242997 0.0851388 0.0905674 0.0070028
0 0.951343 0.225894 0.0430539 0.0483394 0.00687942
29 0.789892 0.269875 0.0946368 0.0494802 0.00673348
32 0.912365 0.289534 0.0580084 0.0388198 0.00666389
35 0.158454 0.330935 0.053582 0.0420998 0.00664905
0 0.779997 0.341999 0.0575507 0.119532 0.00654483
0 0.475006 0.214414 0.0656935 0.0582361 0.00652361
0 0.724778 0.322122 0.134793 0.200733 0.00646001
0 0.327285 0.324902 0.058215 0.0707888 0.00632954
35 0.191075 0.335547 0.118633 0.0497864 0.00630009
0 0.305333 0.268331 0.0462664 0.0826282 0.00624615
35 0.79341 0.278884 0.0877907 0.0671339 0.00608471
0 0.724889 0.377912 0.0516195 0.0875309 0.00596949
29 0.59826 0.235369 0.0575208 0.031339 0.00595954
0 0.54363 0.181108 0.202703 0.128361 0.00594679
35 0.797541 0.288329 0.0740036 0.0890777 0.0059211
0 0.266472 0.272704 0.0974879 0.0974844 0.00590944
0 0.0148492 0.320802 0.0276166 0.0814382 0.00585395
38 0.847569 0.291158 0.303642 0.157389 0.00582013
1 0.289186 0.287555 0.152199 0.132219 0.0057708
0 0.620194 0.147812 0.0461398 0.0666276 0.00569522
29 0.785212 0.314944 0.0635222 0.0839102 0.00557065
32 0.459769 0.401622 0.0585612 0.0586598 0.00555155
0 0.717525 0.386048 0.0357493 0.0702116 0.00542298
33 0.0832942 0.268832 0.158633 0.0867324 0.00541979
0 0.317949 0.273226 0.0680368 0.0941817 0.0052855
0 0.961357 0.238433 0.0572131 0.0507957 0.00524858
0 0.936044 0.321546 0.0778916 0.0957215 0.00519249
1 0.301166 0.275396 0.0409677 0.0813532 0.00509727
0 0.345936 0.313289 0.102572 0.180968 0.00509009
0 0.766816 0.355645 0.0661983 0.111446 0.0047822
24 0.0202926 0.269662 0.0389818 0.0486985 0.0047082
0 0.469408 0.200146 0.0517034 0.0521611 0.00466835
35 0.817084 0.272176 0.0389399 0.0361388 0.00462955
33 0.698838 0.392509 0.257527 0.377936 0.00448838
2 0.289541 0.286004 0.154192 0.129834 0.00437003
0 0.265428 0.298014 0.264392 0.152755 0.0043171
3 0.194094 0.339903 0.129947 0.0575849 0.00420421
33 0.747683 0.24254 0.097149 0.0516103 0.0041697
26 0.152743 0.328042 0.0416105 0.0350607 0.00409776
4 0.844981 0.291565 0.308596 0.159239 0.00398889
0 0.437792 0.281504 0.107578 0.200831 0.00396049
29 0.747683 0.24254 0.097149 0.0516103 0.00395122
36 0.84927 0.291631 0.301197 0.156785 0.00394982
24 0.208193 0.340814 0.096022 0.0514852 0.0038918
24 0.215278 0.34761 0.0846275 0.0364736 0.00388578
2 0.843411 0.23576 0.105954 0.0430969 0.00386944
26 0.348623 0.24471 0.0610526 0.0436047 0.00380534
14 0.437527 0.364109 0.0407399 0.0279018 0.00368893
25 0.763467 0.310995 0.147341 0.186512 0.0036552
0 0.827841 0.38631 0.344318 0.352232 0.00363296
0 0.717222 0.305321 0.088604 0.08202 0.00359702
32 0.437788 0.370197 0.0418976 0.041309 0.00358945
0 0.461778 0.20581 0.059613 0.0590976 0.00357127
0 0.738284 0.370188 0.077064 0.101974 0.00350115
0 0.195024 0.242324 0.0580376 0.0644749 0.00349078
29 0.437041 0.363294 0.0409279 0.0262033 0.00345647
37 0.847569 0.291158 0.303642 0.157389 0.00344688
36 0.15553 0.266933 0.0360013 0.0949005 0.00344464
10 0.0204237 0.305698 0.0408475 0.123304 0.00342274
3 0.281821 0.294749 0.1793 0.143073 0.00342205
26 0.321291 0.333236 0.0488655 0.0523249 0.00339815
27 0.37907 0.185896 0.0342971 0.0480361 0.00327116
26 0.467841 0.20717 0.0456736 0.0385358 0.00326526
25 0.84927 0.291631 0.301197 0.156785 0.00319928
0 0.50127 0.277088 0.283845 0.199143 0.00314462
25 0.0832942 0.268832 0.158633 0.0867324 0.00311247
0 0.701524 0.388835 0.596952 0.353706 0.00311047
32 0.441841 0.441369 0.0360168 0.0280239 0.00305933
0 0.5751 0.18425 0.0320389 0.0876381 0.00303951
32 0.510292 0.388146 0.0443342 0.0414873 0.00300455
32 0.514217 0.415176 0.0414639 0.0370539 0.00293839
26 0.0204515 0.268448 0.0388497 0.0505406 0.00291172
33 0.765598 0.273649 0.141042 0.0667893 0.00288153
32 0.789892 0.269875 0.0946368 0.0494802 0.00287533
0 0.621747 0.137425 0.0418568 0.0431543 0.00279933
26 0.336602 0.253343 0.0880941 0.0607419 0.00277749
29 0.764691 0.260193 0.141291 0.074115 0.00276423
0 0.338768 0.305836 0.0500455 0.0752437 0.00267354
0 0.786993 0.29014 0.0999889 0.0905323 0.00266516
0 0.488061 0.268087 0.327021 0.288954 0.00265211
35 0.441841 0.441369 0.0360168 0.0280239 0.00263563
32 0.241297 0.703488 0.0539976 0.0163858 0.00262699
36 0.208193 0.340814 0.096022 0.0514852 0.00258467
32 0.79341 0.278884 0.0877907 0.0671339 0.00256833
32 0.437747 0.438896 0.0313418 0.0273139 0.00255492
13 0.315825 0.307176 0.296278 0.171329 0.0025177
28 0.208193 0.340814 0.096022 0.0514852 0.00247806
0 0.991424 0.242205 0.0154231 0.047519 0.00247562
3 0.845287 0.291172 0.307082 0.160008 0.00246501
25 0.765598 0.273649 0.141042 0.0667893 0.00245285
0 0.359515 0.260909 0.0427396 0.0745324 0.0024457
0 0.326051 0.258011 0.0774295 0.0743629 0.00244233
19 0.19469 0.340175 0.12661 0.0575708 0.00243962
0 0.132141 0.298552 0.253141 0.139904 0.00241557
0 0.210492 0.301444 0.0330467 0.0318694 0.00239357
0 0.315825 0.307176 0.296278 0.171329 0.00238982
26 0.327285 0.324902 0.058215 0.0707888 0.00237858
24 0.321291 0.333236 0.0488655 0.0523249 0.00237772
26 0.215278 0.34761 0.0846275 0.0364736 0.0023275
0 0.77083 0.274711 0.130732 0.0600923 0.00231257
33 0.775983 0.328416 0.115254 0.165502 0.0022797
0 0.708146 0.296275 0.258785 0.167014 0.00227129
26 0.912365 0.289534 0.0580084 0.0388198 0.00225434
1 0.322946 0.287649 0.0887478 0.137383 0.0022454
0 0.936964 0.231299 0.0719299 0.0385249 0.00223887
38 0.77083 0.274711 0.130732 0.0600923 0.00223833
34 0.361313 0.357672 0.0579103 0.102446 0.00223276
37 0.377702 0.309835 0.0931777 0.20294 0.00222406
29 0.195782 0.338684 0.114763 0.0515313 0.00220305
0 0.40954 0.309215 0.154738 0.20488 0.00216874
32 0.19469 0.340175 0.12661 0.0575708 0.0021401
38 0.325229 0.240872 0.0702744 0.0408152 0.00212029
29 0.77083 0.274711 0.130732 0.0600923 0.00211468
0 0.336602 0.253343 0.0880941 0.0607419 0.00211185
3 0.259731 0.294879 0.0930276 0.137275 0.00211146
56 0.467841 0.20717 0.0456736 0.0385358 0.00210106
0 0.163047 0.252246 0.0477971 0.0753533 0.00209984
33 0.912606 0.289616 0.0586688 0.0388724 0.00209272
0 0.084755 0.268647 0.154393 0.0871025 0.00206858
20 0.467749 0.207544 0.0464854 0.0375008 0.00206363
0 0.313921 0.24435 0.0498611 0.0336597 0.00205794
25 0.289541 0.286004 0.154192 0.129834 0.00205156
24 0.152743 0.328042 0.0416105 0.0350607 0.00205076
14 0.847569 0.291158 0.303642 0.157389 0.00203037
32 0.150294 0.32605 0.0364429 0.0286834 0.0020023
0 0.619644 0.178464 0.0511389 0.131834 0.0019767
20 0.19469 0.340175 0.12661 0.0575708 0.0019761
36 0.213923 0.351235 0.0857868 0.0314215 0.00196943
38 0.912606 0.289616 0.0586688 0.0388724 0.00195992
26 0.33905 0.235255 0.0497122 0.0232791 0.00195163
0 0.327737 0.310062 0.0853879 0.165434 0.00194547
32 0.469833 0.433994 0.0872805 0.0347612 0.00194371
26 0.326051 0.258011 0.0774295 0.0743629 0.00192755
0 0.704431 0.363197 0.0633179 0.118142 0.00192007
34 0.377702 0.309835 0.0931777 0.20294 0.00190127
32 0.153841 0.328612 0.0431194 0.0366154 0.00189981
38 0.789892 0.269875 0.0946368 0.0494802 0.00188866
13 0.281821 0.294749 0.1793 0.143073 0.0018869
2 0.322946 0.287649 0.0887478 0.137383 0.00187799
26 0.352129 0.2652 0.0611398 0.0845052 0.0018706
13 0.844581 0.229539 0.102251 0.0294478 0.00184745
38 0.844044 0.229898 0.103687 0.0304158 0.00182831
35 0.844522 0.228897 0.100597 0.0244889 0.00182077
35 0.750794 0.375282 0.049118 0.0732433 0.0018146
33 0.289541 0.286004 0.154192 0.129834 0.00180987
12 0.0202225 0.269869 0.0391301 0.0478734 0.00180963
32 0.246371 0.491283 0.0185474 0.0163412 0.00180602
35 0.33905 0.235255 0.0497122 0.0232791 0.00180501
0 0.664142 0.24653 0.105245 0.113217 0.00179389
0 0.437527 0.364109 0.0407399 0.0279018 0.00178459
0 0.0122762 0.243093 0.0226031 0.0569954 0.00178158
36 0.17936 0.271652 0.0322898 0.088192 0.00177401
32 0.797541 0.288329 0.0740036 0.0890777 0.00177383
0 0.717652 0.399478 0.0339269 0.0432919 0.00176045
24 0.158454 0.330935 0.053582 0.0420998 0.0017595
2 0.795625 0.258864 0.204927 0.0913721 0.00175488
29 0.240907 0.70274 0.0541974 0.0164774 0.00174713
0 0.751597 0.383666 0.0461365 0.0546412 0.00172633
13 0.843411 0.23576 0.105954 0.0430969 0.0016959
1 0.300919 0.291516 0.0414981 0.118678 0.00168657
33 0.768796 0.38019 0.462408 0.33706 0.00167465
25 0.266594 0.239987 0.0639907 0.0323615 0.00167263
0 0.272987 0.181142 0.0397673 0.0190868 0.0016658
26 0.329453 0.302834 0.062585 0.117422 0.00165504
24 0.189592 0.33294 0.116256 0.0456532 0.00164196
34 0.36939 0.331546 0.0599194 0.1294 0.00163805
35 0.437747 0.438896 0.0313418 0.0273139 0.00162503
35 0.437527 0.364109 0.0407399 0.0279018 0.00161517
26 0.350717 0.321518 0.0257 0.046115 0.00160369
24 0.327285 0.324902 0.058215 0.0707888 0.00159925
0 0.760093 0.288737 0.15609 0.0917376 0.00159132
0 0.392638 0.291245 0.126066 0.233129 0.00158423
0 0.451041 0.47151 0.209105 0.120278 0.00158194
37 0.795115 0.251805 0.205026 0.0761257 0.00157803
38 0.313921 0.24435 0.0498611 0.0336597 0.00154275
0 0.248244 0.2893 0.0924132 0.117737 0.00153828
8 0.281821 0.294749 0.1793 0.143073 0.00153562
0 0.464658 0.288902 0.270308 0.2257 0.00152969
1 0.317949 0.273226 0.0680368 0.0941817 0.00151259
24 0.952269 0.232219 0.0401967 0.0376188 0.00150815
26 0.158454 0.330935 0.053582 0.0420998 0.00149733
35 0.952421 0.231898 0.0388163 0.0373966 0.00148579
0 0.6887 0.261451 0.0852923 0.0962564 0.00148565
0 0.578142 0.194533 0.0260305 0.0718221 0.00148082
17 0.845287 0.291172 0.307082 0.160008 0.00146633
14 0.194374 0.340039 0.126272 0.0573895 0.00145945
29 0.0812766 0.245738 0.114531 0.0427881 0.00145435
29 0.79341 0.278884 0.0877907 0.0671339 0.00145429
0 0.20843 0.280953 0.0604445 0.0752528 0.00145411
0 0.573654 0.186957 0.0457923 0.0907747 0.00143552
32 0.80936 0.267248 0.0541766 0.042921 0.00143403
25 0.377702 0.309835 0.0931777 0.20294 0.00143227
0 0.691358 0.273242 0.0807276 0.0712181 0.00142533
2 0.0202225 0.269869 0.0391301 0.0478734 0.00142238
0 0.656106 0.237232 0.0659955 0.0761633 0.00141731
35 0.379338 0.482664 0.0640472 0.0566796 0.00141174
29 0.481113 0.410921 0.105089 0.0799192 0.0013983
24 0.322946 0.287649 0.0887478 0.137383 0.00139645
38 0.312332 0.247577 0.0577245 0.0469253 0.00139272
0 0.374504 0.315137 0.0872589 0.189086 0.00139186
25 0.79548 0.242541 0.205177 0.0729769 0.00138921
