72 0.129994 0.388242 0.231827 0.442204 0.91548
69 0.499093 0.44594 0.190631 0.307799 0.736198
74 0.547469 0.095076 0.104612 0.120262 0.733104
45 0.28233 0.336726 0.0699241 0.0338264 0.551885
75 0.366906 0.137801 0.048033 0.0843905 0.470993
58 0.904355 0.129662 0.0879723 0.0996298 0.467014
75 0.687866 0.144092 0.029948 0.069272 0.288752
0 0.310521 0.832089 0.110505 0.302055 0.255794
69 0.497119 0.491932 0.179956 0.208142 0.19459
75 0.848918 0.138954 0.0505161 0.0838709 0.17774
74 0.54701 0.095345 0.0771853 0.0851246 0.171346
75 0.93525 0.158692 0.0192884 0.0439423 0.136178
75 0.290394 0.128261 0.0904954 0.103434 0.117076
69 0.538354 0.814282 0.0679588 0.218302 0.114861
58 0.888143 0.129193 0.129215 0.1013 0.10554
75 0.311031 0.832249 0.110809 0.301079 0.101471
58 0.848639 0.139089 0.0505096 0.0847745 0.10068
62 0.770177 0.120069 0.122877 0.103739 0.0979821
71 0.862227 0.359802 0.195129 0.0397368 0.0919662
39 0.847119 0.139278 0.0475431 0.0845297 0.078261
39 0.36749 0.137609 0.0480114 0.0848374 0.0759136
71 0.876118 0.397869 0.208291 0.109544 0.0712211
45 0.176082 0.847423 0.0327981 0.0136487 0.0707706
71 0.869267 0.365574 0.186436 0.0335573 0.0698517
39 0.162343 0.753942 0.0386942 0.0904611 0.0683465
45 0.284299 0.341571 0.0725496 0.0287117 0.0649795
45 0.29085 0.137278 0.0893826 0.0858363 0.0471281
74 0.413511 0.151779 0.0452513 0.0574729 0.043875
72 0.538839 0.815944 0.0680761 0.217547 0.0429502
45 0.547753 0.336453 0.0727506 0.0591094 0.0428886
45 0.649635 0.276779 0.0669952 0.0702733 0.041153
58 0.906296 0.1156 0.0805012 0.0694005 0.0394416
74 0.649767 0.276841 0.0672079 0.0713016 0.0367396
73 0.87178 0.830088 0.247984 0.29897 0.0305477
75 0.902854 0.1552 0.0471668 0.0384839 0.0274402
56 0.311031 0.832249 0.110809 0.301079 0.0264001
45 0.0533561 0.847587 0.0301527 0.0133114 0.0262484
39 0.847953 0.563016 0.0243446 0.0562454 0.0249157
74 0.770094 0.120424 0.122205 0.103288 0.0228772
39 0.819557 0.565281 0.02551 0.0507188 0.0221588
63 0.871333 0.830507 0.24874 0.299492 0.021659
39 0.825328 0.564077 0.0269215 0.0538939 0.0196374
45 0.54594 0.296218 0.0435993 0.0273016 0.0192449
58 0.08568 0.753516 0.0526774 0.0718609 0.0180318
39 0.687702 0.14417 0.0292231 0.0706457 0.0176061
45 0.714134 0.260659 0.0530171 0.0579475 0.016736
39 0.868406 0.565383 0.0227592 0.0487465 0.0158927
45 0.684073 0.410231 0.0428875 0.018856 0.0158027
74 0.693958 0.894072 0.0234365 0.0265193 0.0156145
39 0.88611 0.564603 0.0201515 0.0507787 0.0152247
39 0.850686 0.566986 0.0216679 0.047967 0.0151375
39 0.828986 0.560568 0.0225704 0.0587459 0.0147116
69 0.501531 0.335824 0.184759 0.0769933 0.0146721
71 0.502228 0.335608 0.183329 0.0794786 0.0143564
45 0.546001 0.323719 0.0670559 0.0846479 0.0142741
39 0.87063 0.55959 0.0213858 0.0602548 0.0134051
75 0.413519 0.151628 0.0451111 0.0571326 0.0129384
75 0.846668 0.154339 0.0423183 0.0550339 0.0127844
57 0.311031 0.832249 0.110809 0.301079 0.0127491
58 0.934035 0.130964 0.0266125 0.0988454 0.0125178
39 0.894469 0.561941 0.0188896 0.0470168 0.0119233
41 0.598594 0.290721 0.0234551 0.0319041 0.0119098
39 0.863239 0.310388 0.0207649 0.0657434 0.0117715
41 0.890946 0.509005 0.0188301 0.0260178 0.0109375
16 0.310521 0.832089 0.110505 0.302055 0.0107617
64 0.176082 0.847423 0.0327981 0.0136487 0.0107384
74 0.288592 0.0861918 0.038037 0.0242309 0.0103906
74 0.542007 0.080591 0.0371795 0.0430059 0.00985888
58 0.311031 0.832249 0.110809 0.301079 0.00958669
39 0.903598 0.559578 0.0190035 0.0395721 0.00916311
58 0.872968 0.137283 0.0300596 0.0863265 0.00900909
75 0.162222 0.753373 0.0391087 0.0924655 0.00891507
19 0.311031 0.832249 0.110809 0.301079 0.00887406
65 0.176082 0.847423 0.0327981 0.0136487 0.00872618
41 0.93525 0.158692 0.0192884 0.0439423 0.00841767
40 0.366906 0.137801 0.048033 0.0843905 0.00840589
58 0.907145 0.108151 0.0724979 0.0521862 0.00814432
14 0.900506 0.819702 0.0346535 0.0265279 0.0081389
69 0.594682 0.796064 0.177258 0.250271 0.0079127
26 0.310172 0.831529 0.111167 0.303889 0.00771251
68 0.499462 0.446836 0.189717 0.304412 0.00763494
74 0.430847 0.90657 0.136398 0.15413 0.00746143
59 0.311031 0.832249 0.110809 0.301079 0.0074338
72 0.871333 0.830507 0.24874 0.299492 0.00732285
27 0.310172 0.831529 0.111167 0.303889 0.00728455
45 0.902863 0.157322 0.046534 0.042767 0.00721523
58 0.882205 0.130721 0.0375193 0.0738459 0.00712329
41 0.883497 0.509656 0.0294518 0.0262972 0.00710493
74 0.0894803 0.775986 0.0270616 0.0294527 0.00710303
71 0.851543 0.356901 0.170653 0.0277505 0.00680277
67 0.176082 0.847423 0.0327981 0.0136487 0.00679097
45 0.543196 0.300004 0.049941 0.0363157 0.00670546
45 0.288592 0.0861918 0.038037 0.0242309 0.00666851
41 0.913803 0.212533 0.0214073 0.0319681 0.00654879
77 0.310911 0.83238 0.111589 0.304535 0.00642854
41 0.546031 0.296683 0.0426366 0.0267076 0.00638571
45 0.639035 0.747907 0.0358183 0.0198176 0.00632319
74 0.714211 0.260827 0.0537188 0.0583326 0.00620922
75 0.875227 0.155457 0.0196701 0.050179 0.00617272
68 0.87178 0.830088 0.247984 0.29897 0.00614122
71 0.746729 0.362774 0.450452 0.0432722 0.00606981
75 0.55158 0.325933 0.0750039 0.0867184 0.00591251
74 0.639035 0.747907 0.0358183 0.0198176 0.0058153
41 0.60984 0.327684 0.0302588 0.0315389 0.00578776
41 0.366906 0.137801 0.048033 0.0843905 0.0057424
68 0.74944 0.830566 0.492336 0.303863 0.00568134
58 0.0806306 0.733595 0.0396455 0.0321187 0.0056676
74 0.176082 0.847423 0.0327981 0.0136487 0.00550383
75 0.248935 0.21595 0.0302164 0.0509079 0.00549081
72 0.499462 0.446836 0.189717 0.304412 0.00541544
45 0.601288 0.292027 0.0243192 0.031445 0.00536168
41 0.848918 0.138954 0.0505161 0.0838709 0.00534919
20 0.310521 0.832089 0.110505 0.302055 0.00528917
41 0.867056 0.568004 0.0218765 0.0443483 0.00528356
68 0.538354 0.814282 0.0679588 0.218302 0.00515011
45 0.413511 0.151779 0.0452513 0.0574729 0.005092
39 0.801627 0.555885 0.0262753 0.0587704 0.00493202
39 0.93525 0.158692 0.0192884 0.0439423 0.00485772
74 0.0772051 0.747198 0.0884776 0.10776 0.00485739
15 0.310911 0.83238 0.111589 0.304535 0.00482681
41 0.902863 0.157322 0.046534 0.042767 0.00477725
41 0.873476 0.509859 0.0194647 0.0251369 0.00474584
41 0.885226 0.56884 0.0192223 0.0441317 0.00468928
39 0.804547 0.559853 0.02066 0.0517178 0.00465986
39 0.896356 0.568698 0.0203663 0.0404132 0.00464973
71 0.875529 0.41201 0.184138 0.0718599 0.00464746
41 0.818531 0.56806 0.0268148 0.0489997 0.00463185
32 0.693958 0.894072 0.0234365 0.0265193 0.00461152
12 0.427072 0.84364 0.145551 0.280519 0.00460756
71 0.320998 0.358818 0.198476 0.0407697 0.00453693
68 0.497119 0.491932 0.179956 0.208142 0.00450236
0 0.77112 0.125399 0.101444 0.0897591 0.00445774
39 0.804639 0.496575 0.0191883 0.0486611 0.00443721
45 0.286291 0.35172 0.0786633 0.0155795 0.00431591
41 0.905934 0.508425 0.0176722 0.0268244 0.00429267
55 0.28233 0.336726 0.0699241 0.0338264 0.00427529
39 0.821252 0.498227 0.0194908 0.0463335 0.00424916
71 0.876938 0.370388 0.207118 0.0337527 0.00424549
41 0.896356 0.568698 0.0203663 0.0404132 0.0041675
45 0.287005 0.33111 0.0827487 0.0323368 0.00416222
39 0.920074 0.560763 0.0222395 0.0424143 0.00396955
45 0.608063 0.328235 0.0332958 0.0305722 0.00394121
41 0.881903 0.512628 0.0252399 0.0227441 0.00391462
71 0.860724 0.351244 0.180737 0.0197305 0.00389487
45 0.547504 0.09473 0.105356 0.121075 0.00388384
41 0.822739 0.565923 0.0315054 0.054417 0.00380617
45 0.693667 0.329291 0.0295218 0.0259923 0.0037263
45 0.283809 0.348099 0.0720759 0.0175383 0.00371239
69 0.623528 0.831307 0.237069 0.296504 0.00356191
41 0.0546884 0.849009 0.0273926 0.0129003 0.00356063
41 0.848217 0.566342 0.0219475 0.0519316 0.00353134
41 0.90958 0.212933 0.0273977 0.0327583 0.00348732
72 0.74944 0.830566 0.492336 0.303863 0.00345585
71 0.287349 0.340699 0.0867281 0.0312584 0.0034374
72 0.41645 0.832097 0.167626 0.301446 0.00342512
39 0.310172 0.831529 0.111167 0.303889 0.00342447
41 0.693667 0.329291 0.0295218 0.0259923 0.00337437
47 0.28233 0.336726 0.0699241 0.0338264 0.0033679
74 0.290514 0.127265 0.0896098 0.104788 0.00334167
39 0.821841 0.509447 0.018362 0.0252223 0.00330094
39 0.906506 0.565912 0.0339493 0.0475614 0.00329641
74 0.0859023 0.778441 0.0380364 0.0369334 0.00327265
45 0.890946 0.509005 0.0188301 0.0260178 0.00323054
72 0.594682 0.796064 0.177258 0.250271 0.00321418
39 0.919771 0.553183 0.0200468 0.0440915 0.00320852
32 0.75426 0.52402 0.0193343 0.0214901 0.00319675
73 0.90472 0.156026 0.0451508 0.040638 0.0030939
58 0.290457 0.126855 0.0911696 0.105336 0.0030441
75 0.251755 0.158555 0.0189272 0.0410271 0.00304255
41 0.703557 0.328841 0.0154327 0.0279927 0.0030317
68 0.770094 0.120424 0.122205 0.103288 0.00302595
72 0.495288 0.490037 0.172141 0.206966 0.00296119
69 0.527219 0.820331 0.0462456 0.185814 0.002958
62 0.871365 0.831058 0.247941 0.299739 0.00294089
41 0.55158 0.325933 0.0750039 0.0867184 0.00288442
75 0.28233 0.336726 0.0699241 0.0338264 0.00287318
71 0.272951 0.36087 0.140897 0.0254428 0.00283992
41 0.687578 0.329397 0.0307992 0.0263503 0.00283933
74 0.54594 0.296218 0.0435993 0.0273016 0.00281835
39 0.659882 0.220011 0.0223956 0.0496981 0.0027872
17 0.311031 0.832249 0.110809 0.301079 0.00274754
41 0.833243 0.509057 0.0183144 0.0263591 0.00273433
41 0.288592 0.0861918 0.038037 0.0242309 0.0027301
45 0.543898 0.307016 0.0530708 0.0477411 0.00272894
68 0.501531 0.335824 0.184759 0.0769933 0.0027276
74 0.0546884 0.849009 0.0273926 0.0129003 0.00272647
39 0.831302 0.498245 0.0209373 0.0457257 0.00267026
24 0.311031 0.832249 0.110809 0.301079 0.00265741
71 0.87144 0.47318 0.215239 0.267432 0.0026474
70 0.551954 0.326172 0.0770905 0.0864856 0.00264162
41 0.85197 0.567208 0.0192329 0.0493069 0.00263992
71 0.358303 0.359031 0.122365 0.0396587 0.00262448
71 0.477911 0.324837 0.11585 0.0466655 0.00260809
11 0.431919 0.90545 0.134778 0.156434 0.00260195
39 0.840428 0.497959 0.0211376 0.0429905 0.00260031
60 0.554566 0.662623 0.822084 0.144528 0.00259688
75 0.714341 0.261052 0.0521231 0.0579395 0.00259146
39 0.793158 0.557255 0.027071 0.0583138 0.00254363
64 0.0533561 0.847587 0.0301527 0.0133114 0.00251982
39 0.890291 0.501073 0.0204159 0.0401931 0.00251296
72 0.873848 0.471515 0.214116 0.257367 0.0024586
14 0.310521 0.832089 0.110505 0.302055 0.00245854
41 0.176082 0.847423 0.0327981 0.0136487 0.00245494
58 0.902854 0.1552 0.0471668 0.0384839 0.00243685
75 0.544968 0.33671 0.0666689 0.0568172 0.00241485
39 0.810344 0.566801 0.0268486 0.0509558 0.00241414
41 0.840023 0.508475 0.0210361 0.0268258 0.00240842
39 0.833243 0.509057 0.0183144 0.0263591 0.00240135
75 0.649461 0.277237 0.0679638 0.072482 0.00239196
41 0.311031 0.832249 0.110809 0.301079 0.00234148
74 0.692344 0.212651 0.0339266 0.0346052 0.00233191
75 0.861859 0.311136 0.0201336 0.0660179 0.00232729
58 0.687702 0.14417 0.0292231 0.0706457 0.00228658
70 0.413511 0.151779 0.0452513 0.0574729 0.0022811
74 0.537568 0.0846012 0.0366073 0.0462102 0.00227252
26 0.547458 0.339181 0.0707289 0.051951 0.0022715
41 0.649344 0.277479 0.0675545 0.0728254 0.00226641
58 0.854061 0.114024 0.0504086 0.034223 0.00225556
39 0.846813 0.542912 0.0240227 0.0359375 0.00223589
39 0.875227 0.155457 0.0196701 0.050179 0.00222701
73 0.683448 0.409741 0.0430103 0.0207918 0.00220135
45 0.687578 0.329397 0.0307992 0.0263503 0.00215524
60 0.314942 0.436678 0.212645 0.233611 0.00211766
45 0.75426 0.52402 0.0193343 0.0214901 0.00210407
66 0.317568 0.359173 0.203682 0.0407593 0.00209653
39 0.882355 0.494213 0.026836 0.0454786 0.00207448
47 0.291599 0.136242 0.0889568 0.0871147 0.00206581
66 0.688076 0.360954 0.206381 0.0397587 0.0020411
64 0.68451 0.410214 0.0435461 0.0186758 0.00202298
74 0.366563 0.13946 0.0485452 0.0812321 0.00199977
60 0.515375 0.716385 0.892176 0.259406 0.00197294
39 0.905872 0.497748 0.0184399 0.0446587 0.0019508
41 0.846668 0.154339 0.0423183 0.0550339 0.00194743
41 0.856558 0.509373 0.0169661 0.0237328 0.00193691
35 0.310172 0.831529 0.111167 0.303889 0.00191525
41 0.687702 0.14417 0.0292231 0.0706457 0.00191507
74 0.770848 0.125816 0.0995483 0.0878006 0.00191104
41 0.872573 0.489377 0.0199671 0.033178 0.00188839
74 0.903681 0.157055 0.0468967 0.0432772 0.00188613
71 0.547753 0.336453 0.0727506 0.0591094 0.00187969
41 0.890291 0.501073 0.0204159 0.0401931 0.00187624
73 0.688076 0.360954 0.206381 0.0397587 0.00186473
41 0.291599 0.136242 0.0889568 0.0871147 0.00186017
45 0.881903 0.512628 0.0252399 0.0227441 0.00185466
45 0.883497 0.509656 0.0294518 0.0262972 0.00185102
39 0.883497 0.509656 0.0294518 0.0262972 0.00183976
41 0.28272 0.339486 0.069263 0.0263027 0.00183725
39 0.870025 0.537593 0.0170479 0.0240632 0.00182939
39 0.804906 0.48767 0.018158 0.0334986 0.00182763
39 0.840023 0.508475 0.0210361 0.0268258 0.00182357
39 0.795208 0.569026 0.0270679 0.0421119 0.00181895
45 0.913803 0.212533 0.0214073 0.0319681 0.00181535
71 0.499347 0.355323 0.15189 0.0256676 0.00180933
39 0.803266 0.546596 0.0225908 0.0434864 0.00180811
45 0.86082 0.358919 0.184222 0.0329616 0.00178877
45 0.281131 0.322045 0.0700475 0.0265682 0.00178227
39 0.852149 0.539183 0.0202156 0.0285295 0.00177693
39 0.890946 0.509005 0.0188301 0.0260178 0.00175712
68 0.624823 0.830838 0.238024 0.298914 0.00174841
40 0.687702 0.14417 0.0292231 0.0706457 0.00174651
73 0.87523 0.156004 0.018174 0.0493443 0.00174546
41 0.868768 0.48444 0.0197041 0.0275199 0.00174415
73 0.387333 0.357323 0.068014 0.0354413 0.00173262
60 0.59021 0.805069 0.806165 0.35004 0.00170442
58 0.935523 0.158583 0.0194485 0.0430435 0.00169933
39 0.942277 0.560458 0.020583 0.066592 0.00169846
45 0.528987 0.32752 0.125176 0.0850246 0.00169802
41 0.846229 0.558217 0.0288872 0.0653097 0.00167692
39 0.819436 0.547261 0.0188772 0.0444837 0.00167212
74 0.56152 0.0982181 0.045803 0.0610986 0.0016672
39 0.933161 0.56104 0.0186794 0.0636423 0.00166672
75 0.400871 0.150327 0.0223413 0.0582946 0.00164849
41 0.885811 0.559057 0.019385 0.0574094 0.00163937
71 0.283097 0.337034 0.0703981 0.0334835 0.00163653
41 0.851672 0.559994 0.0229588 0.0599715 0.00162914
69 0.129298 0.389622 0.231136 0.442388 0.00162596
58 0.28233 0.336726 0.0699241 0.0338264 0.00162324
73 0.431415 0.905148 0.135905 0.156296 0.00161704
41 0.894469 0.561941 0.0188896 0.0470168 0.00160423
63 0.502228 0.335608 0.183329 0.0794786 0.00159037
60 0.874345 0.469578 0.213165 0.259913 0.001587
69 0.313849 0.359723 0.211754 0.0452268 0.00157401
72 0.49178 0.830855 0.407118 0.302265 0.00156969
39 0.905934 0.508425 0.0176722 0.0268244 0.00156224
39 0.873476 0.509859 0.0194647 0.0251369 0.00155804
39 0.872573 0.489377 0.0199671 0.033178 0.00155684
75 0.394271 0.148209 0.0203667 0.0622557 0.00154629
60 0.619831 0.452834 0.715774 0.298276 0.00154501
65 0.0533561 0.847587 0.0301527 0.0133114 0.00153664
70 0.528987 0.32752 0.125176 0.0850246 0.00153092
60 0.566266 0.639355 0.837079 0.0868631 0.00152856
41 0.870665 0.512412 0.026634 0.0230666 0.00152761
41 0.87063 0.55959 0.0213858 0.0602548 0.00152329
39 0.831083 0.539072 0.0159977 0.0291597 0.00151354
41 0.905872 0.497748 0.0184399 0.0446587 0.00150779
39 0.883633 0.537283 0.0189779 0.0239184 0.00150776
70 0.291599 0.136242 0.0889568 0.0871147 0.00150138
41 0.882355 0.494213 0.026836 0.0454786 0.00150031
75 0.254589 0.138694 0.025285 0.0820141 0.00149426
69 0.874345 0.469578 0.213165 0.259913 0.00148642
