45 0.500429 0.813813 0.204532 0.190737 0.770794
72 0.68359 0.543103 0.12944 0.272431 0.552821
69 0.14521 0.646523 0.203509 0.31385 0.319914
68 0.146528 0.541682 0.201746 0.105998 0.254964
69 0.145456 0.541701 0.202089 0.107553 0.199212
72 0.667157 0.538448 0.0910261 0.263084 0.149167
68 0.952758 0.687807 0.09324 0.148241 0.131499
68 0.0905828 0.544344 0.0903883 0.101933 0.119769
69 0.953242 0.687826 0.0932426 0.148107 0.118202
39 0.470232 0.281111 0.0299967 0.0671858 0.10248
60 0.557525 0.873848 0.505992 0.237715 0.096552
74 0.770641 0.415289 0.0324425 0.0761463 0.0942402
69 0.439598 0.538178 0.0800573 0.0722968 0.0898709
39 0.4764 0.280485 0.0157364 0.0635504 0.0769199
69 0.19061 0.539735 0.0998266 0.0886921 0.0715066
60 0.505205 0.78852 0.614387 0.407919 0.067825
69 0.439783 0.554635 0.0802612 0.107958 0.058256
39 0.330155 0.498602 0.0182354 0.0562034 0.0560311
39 0.342445 0.496974 0.0100015 0.0614368 0.0473821
69 0.83013 0.805995 0.337639 0.347691 0.0472051
69 0.0910229 0.544352 0.0916528 0.101026 0.0443593
68 0.116885 0.44231 0.101729 0.103092 0.0437517
39 0.675342 0.679553 0.0159274 0.0791036 0.0434099
68 0.193373 0.535129 0.103711 0.0960702 0.0434007
72 0.279453 0.471174 0.0866018 0.153488 0.0427083
45 0.273685 0.354865 0.0485633 0.0320665 0.042604
62 0.323627 0.145073 0.0658646 0.10159 0.0420019
69 0.0998842 0.689608 0.10012 0.142294 0.0412948
69 0.435558 0.578757 0.088171 0.156218 0.0394208
68 0.324278 0.143983 0.0653908 0.100764 0.0386401
39 0.33672 0.49771 0.0167904 0.0596951 0.035104
39 0.254275 0.547405 0.0145814 0.0593588 0.0346437
45 0.509855 0.613289 0.0511299 0.0309367 0.0342376
72 0.532946 0.53452 0.0265987 0.145017 0.0332689
39 0.353161 0.480257 0.0121617 0.0662864 0.0296423
45 0.589386 0.170178 0.0931248 0.0341286 0.0295646
45 0.491172 0.688109 0.084075 0.0627013 0.0275144
43 0.330155 0.498602 0.0182354 0.0562034 0.0269741
43 0.342445 0.496974 0.0100015 0.0614368 0.0268688
69 0.519621 0.631909 0.205051 0.145045 0.026765
43 0.394483 0.850549 0.0523184 0.0280845 0.0254783
39 0.25491 0.513648 0.0147356 0.0893609 0.0248083
41 0.853843 0.240087 0.0259106 0.0580359 0.023615
41 0.797637 0.684469 0.0369522 0.0558589 0.0234533
69 0.419654 0.528436 0.118943 0.0834778 0.0227699
69 0.550248 0.641327 0.139277 0.119797 0.0224685
45 0.303707 0.603575 0.0673413 0.1054 0.0223306
39 0.281383 0.506204 0.0180404 0.0830294 0.0214873
45 0.606814 0.187684 0.125961 0.026484 0.0214031
72 0.538754 0.534494 0.0422647 0.147944 0.0212599
69 0.532669 0.536722 0.027072 0.14297 0.0207717
39 0.36011 0.513796 0.0141326 0.0715043 0.0195376
45 0.516408 0.2594 0.0754959 0.0797412 0.0191923
45 0.598227 0.174371 0.110911 0.0387011 0.0188347
69 0.438711 0.528534 0.0779728 0.0469809 0.0187168
41 0.773479 0.200043 0.0417413 0.0928531 0.0185034
39 0.2781 0.495145 0.0138769 0.0626853 0.0180435
39 0.357309 0.494937 0.0138622 0.0760265 0.0179972
69 0.14157 0.690793 0.183466 0.160909 0.0178508
43 0.352397 0.474609 0.0116414 0.0531146 0.0176993
72 0.727527 0.538991 0.0419966 0.263893 0.0172954
39 0.989561 0.583543 0.019787 0.080155 0.0172445
39 0.372001 0.48928 0.010643 0.0392218 0.017022
45 0.39089 0.492937 0.0461458 0.0512536 0.0163651
70 0.953067 0.688283 0.0917694 0.148219 0.016351
39 0.255262 0.483821 0.0128411 0.0320615 0.0159846
45 0.504985 0.613114 0.0672745 0.033656 0.0159374
41 0.221623 0.465453 0.0193227 0.0382879 0.0154001
69 0.550582 0.588138 0.140665 0.235981 0.0150265
43 0.357309 0.494937 0.0138622 0.0760265 0.0148876
72 0.566121 0.513461 0.0591101 0.194854 0.0144763
39 0.994692 0.590077 0.00957623 0.0600509 0.0144037
69 0.450422 0.607144 0.077804 0.135044 0.0144023
62 0.091105 0.544604 0.0919646 0.100155 0.0140657
72 0.582778 0.521082 0.0797276 0.215791 0.0140184
39 0.221623 0.465453 0.0193227 0.0382879 0.013854
72 0.534528 0.509894 0.036451 0.198987 0.0136541
39 0.360762 0.494562 0.011871 0.046452 0.0135456
69 0.853367 0.832305 0.292958 0.28096 0.0134531
39 0.345062 0.503632 0.0112115 0.0676453 0.0133727
45 0.769299 0.689769 0.0247303 0.0229901 0.0133573
69 0.0978724 0.630242 0.107241 0.279779 0.0133548
41 0.304105 0.609499 0.0636023 0.0928706 0.0129743
39 0.356525 0.51577 0.0134288 0.0844461 0.0126961
45 0.797215 0.681885 0.0312702 0.0558963 0.0126416
44 0.394483 0.850549 0.0523184 0.0280845 0.0124226
45 0.611403 0.212609 0.146805 0.0617424 0.0124037
39 0.281872 0.533583 0.0195142 0.0362254 0.012357
45 0.757665 0.659077 0.0490995 0.0317526 0.0119038
39 0.53411 0.437956 0.0126635 0.0588881 0.0117976
72 0.649125 0.542285 0.202235 0.264964 0.0115669
45 0.393891 0.849124 0.0500872 0.0281365 0.011493
45 0.56277 0.221975 0.0219017 0.0375455 0.0114279
39 0.270072 0.531892 0.0155492 0.0386182 0.0113678
39 0.58217 0.46098 0.0176648 0.0750191 0.0112733
69 0.219412 0.774274 0.122023 0.40301 0.0110846
39 0.324838 0.500494 0.0148785 0.0506931 0.0110291
45 0.677957 0.358496 0.0419628 0.0265576 0.0109965
45 0.767996 0.686784 0.0284277 0.0265171 0.0109284
39 0.254858 0.522804 0.0174546 0.10566 0.0104571
45 0.583757 0.254953 0.0680473 0.0364301 0.0103194
69 0.516425 0.576483 0.208358 0.247306 0.0100516
69 0.534528 0.509894 0.036451 0.198987 0.00987574
69 0.685679 0.539682 0.124016 0.268092 0.00963685
39 0.272351 0.541941 0.0212028 0.0640475 0.00955468
41 0.393416 0.49442 0.0397785 0.0533662 0.00942138
45 0.477473 0.343755 0.0669844 0.0301173 0.00930402
45 0.474648 0.58164 0.0620623 0.0445013 0.00926957
73 0.766985 0.112365 0.0619264 0.0908325 0.00925305
69 0.48865 0.514344 0.102546 0.204985 0.0091553
41 0.986666 0.587296 0.0244694 0.0768008 0.00908235
43 0.328667 0.479184 0.0139976 0.0982412 0.00906774
44 0.393782 0.844543 0.0546515 0.0371394 0.00900161
39 0.271603 0.511687 0.0165048 0.0938742 0.00899136
41 0.769299 0.689769 0.0247303 0.0229901 0.00893286
45 0.448207 0.651323 0.0661139 0.0627456 0.00887632
39 0.594941 0.459277 0.0102608 0.0711646 0.00876328
43 0.53429 0.438306 0.0146783 0.0600176 0.00870425
43 0.371228 0.489872 0.00971394 0.0409679 0.00865662
69 0.538754 0.534494 0.0422647 0.147944 0.00850761
45 0.986899 0.335782 0.0255163 0.0479878 0.00843129
45 0.611726 0.223463 0.13631 0.0421824 0.0081574
45 0.365632 0.283209 0.06848 0.0418217 0.00808713
68 0.699612 0.139094 0.105513 0.158466 0.00801638
45 0.368003 0.312926 0.0640444 0.0378101 0.00794902
45 0.757629 0.669895 0.0526861 0.0514045 0.00792551
69 0.549826 0.663211 0.129666 0.0792745 0.00788748
41 0.994692 0.590077 0.00957623 0.0600509 0.00788349
39 0.581878 0.473821 0.0185158 0.048549 0.00784647
45 0.585913 0.158507 0.0823953 0.0258174 0.00783241
69 0.580809 0.509786 0.0731006 0.191154 0.00775912
71 0.438711 0.528534 0.0779728 0.0469809 0.0077517
41 0.468258 0.293016 0.0306776 0.0382776 0.00763306
69 0.258783 0.886325 0.0885266 0.217251 0.00755236
73 0.986666 0.587296 0.0244694 0.0768008 0.00751784
39 0.277957 0.535662 0.027529 0.0370133 0.00750634
45 0.28636 0.349728 0.077098 0.0427684 0.00745544
71 0.43883 0.520288 0.0749625 0.0345127 0.00743663
45 0.58564 0.164446 0.0859604 0.0341109 0.00743368
43 0.336149 0.497914 0.0162108 0.0615178 0.0074276
39 0.372808 0.583734 0.0408081 0.144057 0.00738388
45 0.454075 0.718779 0.0444235 0.0316438 0.00736958
45 0.470154 0.601022 0.0641615 0.0844342 0.00735089
26 0.203405 0.814842 0.0914682 0.210205 0.00735065
69 0.440569 0.521101 0.0786528 0.0455894 0.00731841
45 0.599522 0.219227 0.110277 0.0521648 0.00723758
39 0.581201 0.450916 0.0119696 0.0621602 0.00719953
39 0.604801 0.354775 0.0162224 0.0561436 0.00718844
39 0.366258 0.56479 0.0323138 0.154326 0.0070819
39 0.27181 0.491048 0.0154954 0.0580795 0.00705722
69 0.523058 0.508706 0.0514954 0.201162 0.00704092
60 0.321856 0.808816 0.279969 0.348516 0.00696236
0 0.532946 0.53452 0.0265987 0.145017 0.0069254
44 0.330155 0.498602 0.0182354 0.0562034 0.00684559
62 0.145754 0.541271 0.200623 0.104912 0.00677994
72 0.520281 0.510078 0.057102 0.197667 0.0067758
68 0.480861 0.459423 0.0685179 0.0864681 0.00677368
70 0.392278 0.494561 0.0417967 0.0525213 0.00674227
45 0.515552 0.623355 0.0715263 0.0541535 0.0066804
39 0.369512 0.509225 0.0140267 0.0781016 0.00659707
41 0.378579 0.48922 0.0229593 0.0425679 0.00654125
69 0.382078 0.574136 0.0656054 0.16776 0.00652292
69 0.466721 0.611053 0.0998849 0.112377 0.0064137
72 0.658507 0.532177 0.0660158 0.242284 0.00637719
45 0.458751 0.579841 0.0338375 0.0393935 0.00633484
69 0.463387 0.570747 0.100785 0.139294 0.00632173
69 0.450999 0.630369 0.0735647 0.106851 0.00631732
45 0.378579 0.48922 0.0229593 0.0425679 0.00629112
69 0.508052 0.610505 0.187459 0.115319 0.00627884
71 0.448704 0.651209 0.0691634 0.0625367 0.00627843
72 0.146528 0.541682 0.201746 0.105998 0.00625172
69 0.493751 0.628774 0.156603 0.127681 0.00608218
41 0.986899 0.335782 0.0255163 0.0479878 0.00602934
71 0.474648 0.58164 0.0620623 0.0445013 0.00599536
69 0.478513 0.528036 0.064275 0.130757 0.00598404
0 0.534665 0.447267 0.0189692 0.0727003 0.00597373
69 0.620564 0.771689 0.40971 0.398755 0.00586474
68 0.279421 0.47418 0.088601 0.158881 0.00582188
69 0.667157 0.538448 0.0910261 0.263084 0.0058144
45 0.302584 0.570359 0.0731717 0.0431114 0.00581098
39 0.468258 0.293016 0.0306776 0.0382776 0.00580171
73 0.477473 0.343755 0.0669844 0.0301173 0.00575081
69 0.899462 0.846883 0.199813 0.25595 0.00571126
56 0.440455 0.539344 0.0793277 0.0745838 0.00569493
39 0.256901 0.550086 0.0171668 0.0617516 0.0055939
71 0.66346 0.772902 0.316901 0.190933 0.00557762
43 0.328772 0.464549 0.0124494 0.0675583 0.00555864
41 0.400125 0.489756 0.026647 0.0451636 0.00552449
69 0.176053 0.677 0.100616 0.20646 0.00536209
45 0.519973 0.247622 0.0670812 0.0493567 0.00534025
45 0.613378 0.182586 0.140017 0.037642 0.00530553
72 0.541073 0.540564 0.152405 0.249236 0.00529927
69 0.342187 0.916698 0.0868746 0.161207 0.00529012
39 0.534665 0.447267 0.0189692 0.0727003 0.00519493
60 0.440433 0.535094 0.0783022 0.0674523 0.00519082
73 0.981202 0.393248 0.0370625 0.0279222 0.00511789
45 0.533489 0.372143 0.0351736 0.0345711 0.00504142
44 0.581878 0.473821 0.0185158 0.048549 0.00502729
69 0.566121 0.513461 0.0591101 0.194854 0.00493479
43 0.393782 0.844543 0.0546515 0.0371394 0.00493133
45 0.231214 0.620091 0.0921471 0.0859867 0.00492278
68 0.188226 0.547875 0.0984924 0.0705381 0.00491303
68 0.438972 0.535625 0.0804209 0.0633379 0.00488764
43 0.356525 0.51577 0.0134288 0.0844461 0.0048869
43 0.345274 0.483063 0.0121123 0.0932862 0.00488678
45 0.459091 0.645783 0.0879805 0.0878583 0.00485805
68 0.0898113 0.526285 0.0918358 0.0674397 0.00479871
44 0.352397 0.474609 0.0116414 0.0531146 0.00479412
41 0.77576 0.685851 0.0399208 0.0383487 0.0047518
72 0.498004 0.509015 0.100159 0.199849 0.00474581
60 0.650775 0.811654 0.34217 0.356667 0.0047116
71 0.504985 0.613114 0.0672745 0.033656 0.00459668
45 0.563284 0.218832 0.0286238 0.0538948 0.00458035
45 0.78534 0.68199 0.0642618 0.0470275 0.00457785
71 0.440455 0.539344 0.0793277 0.0745838 0.00456363
39 0.853843 0.240087 0.0259106 0.0580359 0.00455442
45 0.772476 0.670089 0.080158 0.0537395 0.00453889
41 0.715886 0.347521 0.0216007 0.0409194 0.0044519
45 0.549317 0.603332 0.0277123 0.0264672 0.0044497
70 0.303581 0.602722 0.0680586 0.106436 0.00439838
41 0.562949 0.224079 0.0220707 0.0398298 0.00437155
69 0.513948 0.520954 0.0782619 0.184545 0.0043233
69 0.14528 0.510064 0.200052 0.167155 0.00431925
43 0.360762 0.494562 0.011871 0.046452 0.00431505
0 0.581878 0.473821 0.0185158 0.048549 0.00429127
69 0.40316 0.499894 0.167732 0.148935 0.00424618
69 0.389175 0.509939 0.047264 0.0834504 0.00424245
70 0.378579 0.48922 0.0229593 0.0425679 0.00422892
69 0.21728 0.686044 0.114035 0.195982 0.0041621
69 0.462732 0.62789 0.0981048 0.115512 0.00416026
69 0.109076 0.494037 0.125134 0.200955 0.00412887
73 0.979486 0.381323 0.0400646 0.0213707 0.00410181
69 0.239135 0.839214 0.105574 0.303442 0.00408721
60 0.220453 0.750142 0.120108 0.329147 0.00404647
45 0.373976 0.311204 0.0880694 0.0411674 0.00404459
74 0.323336 0.144966 0.0652279 0.101985 0.0040369
69 0.279421 0.47418 0.088601 0.158881 0.00397816
45 0.534149 0.623739 0.100234 0.053525 0.00395653
45 0.243243 0.604906 0.0650051 0.0447701 0.00392005
45 0.26854 0.36061 0.0746207 0.0468544 0.00388896
60 0.567961 0.813025 0.50531 0.356051 0.0038878
71 0.470154 0.601022 0.0641615 0.0844342 0.00388676
44 0.342445 0.496974 0.0100015 0.0614368 0.00384817
42 0.394483 0.850549 0.0523184 0.0280845 0.00383392
43 0.36011 0.513796 0.0141326 0.0715043 0.00379196
39 0.367178 0.530448 0.0131052 0.0515747 0.00378814
44 0.53411 0.437956 0.0126635 0.0588881 0.00377929
56 0.392278 0.494561 0.0417967 0.0525213 0.00368902
41 0.81604 0.684445 0.0109154 0.0528177 0.00366518
69 0.730866 0.712101 0.242533 0.146861 0.00365514
45 0.467766 0.619387 0.0481066 0.0489632 0.0036259
73 0.978153 0.383628 0.0424644 0.030427 0.00361362
41 0.468898 0.281584 0.0327097 0.0669053 0.00359896
45 0.77576 0.685851 0.0399208 0.0383487 0.00357696
45 0.612289 0.195017 0.143879 0.0592179 0.00357571
41 0.81962 0.194224 0.0630173 0.120907 0.00356093
45 0.511095 0.60821 0.0558228 0.0246781 0.00355586
69 0.323478 0.143945 0.0654774 0.100842 0.00354457
69 0.117506 0.4443 0.100845 0.104124 0.0034968
41 0.675342 0.679553 0.0159274 0.0791036 0.00346109
72 0.557482 0.529886 0.040518 0.140539 0.00344986
45 0.487592 0.633237 0.127393 0.0780272 0.00344229
69 0.541073 0.540564 0.152405 0.249236 0.00343257
68 0.771041 0.414398 0.0321075 0.0799794 0.00339013
39 0.592734 0.461262 0.0116523 0.0738102 0.00335059
39 0.984619 0.582341 0.0295317 0.081401 0.00328985
0 0.330155 0.498602 0.0182354 0.0562034 0.00326693
71 0.459653 0.620304 0.0592505 0.0482884 0.00324678
45 0.557388 0.622132 0.047826 0.0296075 0.00320444
43 0.345062 0.503632 0.0112115 0.0676453 0.00320023
0 0.342445 0.496974 0.0100015 0.0614368 0.00319049
73 0.994692 0.590077 0.00957623 0.0600509 0.00318247
72 0.0910229 0.544352 0.0916528 0.101026 0.00316072
69 0.304863 0.916088 0.153938 0.162635 0.00314072
13 0.56052 0.875885 0.507649 0.232576 0.00311452
71 0.509633 0.616195 0.0517427 0.0339593 0.00309882
44 0.58217 0.46098 0.0176648 0.0750191 0.00307035
39 0.268099 0.561207 0.011197 0.0449861 0.00303701
60 0.219868 0.681778 0.11362 0.207169 0.00303313
43 0.538697 0.440185 0.0149931 0.05748 0.00302118
0 0.22525 0.779552 0.131184 0.397235 0.00301218
45 0.481521 0.691007 0.0609126 0.0618302 0.00301197
45 0.983441 0.36323 0.0318935 0.0228559 0.00300425
45 0.188014 0.475987 0.0423007 0.0250917 0.00295839
74 0.235045 0.141406 0.0388942 0.0700245 0.00293732
69 0.568737 0.513709 0.104457 0.20241 0.00291309
69 0.775598 0.674228 0.0884203 0.0588253 0.00290242
74 0.221623 0.465453 0.0193227 0.0382879 0.00289443
70 0.77051 0.414776 0.0328623 0.0754991 0.00289348
45 0.229531 0.644087 0.0917437 0.0383355 0.00286776
39 0.685037 0.48215 0.0141294 0.0375702 0.0028567
71 0.641276 0.793985 0.361235 0.382822 0.00284371
69 0.197952 0.684772 0.0739501 0.187603 0.00283453
60 0.227916 0.794281 0.130899 0.389428 0.00282371
39 0.689411 0.481063 0.0127954 0.0407247 0.00280604
71 0.953231 0.688082 0.0934061 0.148642 0.00279081
39 0.355763 0.562618 0.0140334 0.149153 0.00276732
69 0.494099 0.528997 0.107829 0.140018 0.00276601
0 0.538775 0.514668 0.0457981 0.189095 0.00275436
45 0.45345 0.575943 0.041868 0.047379 0.00273931
