2 0.588455 0.68643 0.0622449 0.0801953 0.815633
2 0.91069 0.73612 0.136744 0.176015 0.54749
7 0.910938 0.735342 0.135795 0.174861 0.273599
2 0.932527 0.692357 0.0833294 0.0728217 0.0593429
9 0.707942 0.281845 0.0134581 0.0245564 0.0554853
2 0.931687 0.704224 0.0461636 0.0535684 0.0490452
9 0.55319 0.515251 0.0148591 0.0465292 0.0358718
2 0.426038 0.657464 0.0204056 0.0299787 0.0342434
2 0.930483 0.706697 0.0357828 0.0442066 0.0315839
2 0.932305 0.705927 0.086845 0.0998621 0.0311004
2 0.94437 0.691285 0.0601906 0.0677147 0.0307099
58 0.330618 0.716375 0.0305725 0.0762682 0.0303304
2 0.916882 0.713289 0.0360651 0.0312263 0.0253898
58 0.319583 0.718237 0.0212071 0.0727142 0.0245043
2 0.936492 0.708078 0.0334965 0.0444485 0.023304
1 0.385986 0.688091 0.0217537 0.0369587 0.0213005
2 0.811642 0.678459 0.0226528 0.0296579 0.0207906
2 0.387544 0.687189 0.0224483 0.0344115 0.0198812
7 0.587764 0.686548 0.0627893 0.0797561 0.0179691
0 0.318242 0.718223 0.0213988 0.073247 0.0168185
58 0.329643 0.719503 0.0224251 0.071847 0.0163375
9 0.459462 0.621188 0.010241 0.0287011 0.0150834
7 0.932305 0.705927 0.086845 0.0998621 0.0137019
2 0.922828 0.705617 0.0609756 0.05011 0.0136854
2 0.438662 0.659631 0.0321579 0.0274667 0.0125768
9 0.677287 0.598084 0.0117212 0.0282749 0.011795
2 0.958842 0.682044 0.0324093 0.0557495 0.0117687
2 0.961181 0.690659 0.0272732 0.0556431 0.011208
3 0.385986 0.688091 0.0217537 0.0369587 0.0109925
58 0.321863 0.718398 0.0373099 0.077933 0.0108818
7 0.911314 0.696022 0.139642 0.255499 0.0108578
0 0.329643 0.719503 0.0224251 0.071847 0.0107006
9 0.838671 0.46419 0.0473911 0.0582075 0.0104739
7 0.932527 0.692357 0.0833294 0.0728217 0.00931454
9 0.751406 0.582841 0.0143045 0.0233214 0.00925472
9 0.699571 0.543225 0.0175192 0.0355944 0.00885132
9 0.30348 0.523801 0.0263016 0.0693459 0.00878531
9 0.557776 0.338809 0.0149845 0.0158244 0.00850025
9 0.488856 0.51845 0.0134192 0.0388373 0.00749573
9 0.708054 0.296921 0.0156881 0.0602128 0.00746617
9 0.446171 0.60218 0.0141617 0.0432077 0.00730357
0 0.342803 0.725868 0.0127682 0.0533623 0.00725687
2 0.375745 0.686809 0.0236162 0.0355169 0.00709635
2 0.857427 0.764105 0.0295425 0.0866009 0.00677809
0 0.385986 0.688091 0.0217537 0.0369587 0.00650078
58 0.336447 0.716089 0.0230891 0.0739949 0.00631639
0 0.336447 0.716089 0.0230891 0.0739949 0.00615078
0 0.833889 0.692919 0.0149015 0.0218883 0.00595543
13 0.181283 0.94348 0.109201 0.107826 0.00583744
5 0.911338 0.726519 0.13748 0.196749 0.00561956
2 0.716366 0.653657 0.0202576 0.0240511 0.00560334
0 0.766372 0.662635 0.0104959 0.0428138 0.00557342
9 0.557687 0.321057 0.0153553 0.0512144 0.00556508
9 0.446243 0.589676 0.0155612 0.0228989 0.00552079
9 0.0572786 0.675637 0.0123943 0.0569751 0.00546902
58 0.298676 0.716266 0.065758 0.088562 0.00537729
1 0.375684 0.690961 0.0301689 0.039373 0.00521263
9 0.126638 0.299143 0.0973415 0.099432 0.00517121
9 0.530624 0.319745 0.00842228 0.0283716 0.00509807
2 0.69574 0.660972 0.021296 0.0154881 0.00505459
2 0.709053 0.659443 0.024012 0.0180816 0.00488296
9 0.844708 0.446565 0.019092 0.0259033 0.00482288
0 0.330618 0.716375 0.0305725 0.0762682 0.00478876
0 0.842542 0.69393 0.0129284 0.0252726 0.00478736
58 0.989659 0.738411 0.0189829 0.0560197 0.00468817
9 0.722178 0.269523 0.0115248 0.0389121 0.00451127
58 0.28848 0.717858 0.0451573 0.0906608 0.00447574
10 0.329643 0.719503 0.0224251 0.071847 0.00436133
9 0.597608 0.319662 0.0195127 0.0227512 0.00403649
2 0.810712 0.666541 0.0237938 0.0469227 0.00391734
74 0.225204 0.428641 0.0526896 0.126042 0.00385824
9 0.774362 0.516007 0.0168758 0.0272407 0.0038521
2 0.96128 0.673311 0.0283558 0.0376327 0.00382912
58 0.342803 0.725868 0.0127682 0.0533623 0.00377309
2 0.98492 0.762366 0.028376 0.123938 0.00373635
9 0.93007 0.606758 0.0181084 0.0284058 0.00368759
2 0.988592 0.739284 0.0211491 0.0573773 0.0036675
74 0.657898 0.523091 0.0367762 0.049478 0.00363296
2 0.717847 0.649022 0.0148285 0.0211002 0.00360599
7 0.931687 0.704224 0.0461636 0.0535684 0.00358304
9 0.494394 0.285003 0.0170099 0.0205361 0.0035502
9 0.676057 0.591954 0.0137865 0.0347173 0.00353056
58 0.38775 0.688741 0.0204964 0.0341234 0.00335971
1 0.989659 0.738411 0.0189829 0.0560197 0.00329748
58 0.384524 0.685871 0.0248937 0.0364496 0.00319707
0 0.763957 0.666796 0.00992184 0.0345628 0.00319356
2 0.811311 0.673435 0.0230053 0.041503 0.00317711
9 0.321545 0.44189 0.0159086 0.0529665 0.00316459
9 0.918745 0.603313 0.0077961 0.0317516 0.00315502
1 0.375745 0.686809 0.0236162 0.0355169 0.00312176
9 0.709505 0.287868 0.0161903 0.0402645 0.00298744
13 0.327824 0.770074 0.0525651 0.028346 0.00286815
10 0.320011 0.718737 0.0224639 0.0745721 0.00283742
1 0.377134 0.697493 0.0384089 0.0519479 0.00283039
13 0.438662 0.659631 0.0321579 0.0274667 0.00282049
2 0.375684 0.690961 0.0301689 0.039373 0.00279903
9 0.444881 0.565735 0.0202835 0.0358258 0.00269574
9 0.839319 0.47467 0.0478397 0.0361648 0.00265265
9 0.459943 0.608959 0.0128394 0.0461743 0.00264931
2 0.284074 0.79046 0.0420964 0.0533733 0.0026232
13 0.38775 0.688741 0.0204964 0.0341234 0.00260323
10 0.342803 0.725868 0.0127682 0.0533623 0.00259414
9 0.755264 0.216466 0.0141777 0.0282462 0.00256574
74 0.191988 0.540955 0.0290635 0.0453115 0.00246921
9 0.825219 0.267403 0.0183096 0.0381368 0.00240734
1 0.438662 0.659631 0.0321579 0.0274667 0.0023984
0 0.811642 0.678459 0.0226528 0.0296579 0.00237554
0 0.69692 0.639795 0.0176388 0.0358386 0.00237012
2 0.814806 0.683056 0.0250195 0.0364033 0.00231409
2 0.327824 0.770074 0.0525651 0.028346 0.00221604
9 0.84434 0.447558 0.0343918 0.0338236 0.00216976
0 0.375745 0.686809 0.0236162 0.0355169 0.00213024
58 0.310901 0.72628 0.0924308 0.103803 0.00211936
0 0.679342 0.620104 0.0119349 0.072437 0.00211674
9 0.908577 0.602744 0.011656 0.0357223 0.00210246
74 0.30348 0.523801 0.0263016 0.0693459 0.00209692
58 0.332188 0.749776 0.0333301 0.0430751 0.00206232
9 0.716191 0.280605 0.0179716 0.0312253 0.00205487
9 0.491798 0.384765 0.0218881 0.0463818 0.00201246
13 0.328606 0.733101 0.0477057 0.0886428 0.00201216
9 0.55218 0.513578 0.0217457 0.0549349 0.00193867
2 0.961562 0.709139 0.0578362 0.102673 0.00191778
2 0.842542 0.69393 0.0129284 0.0252726 0.00191098
13 0.353693 0.76711 0.132867 0.043704 0.00191006
9 0.431875 0.496273 0.0293629 0.0676391 0.00189
2 0.339485 0.771218 0.0264085 0.0232651 0.00188681
0 0.677287 0.598084 0.0117212 0.0282749 0.00183672
58 0.375684 0.690961 0.0301689 0.039373 0.00183192
2 0.986185 0.74959 0.0233299 0.137193 0.0018293
0 0.808469 0.656423 0.0196985 0.0466317 0.00181738
9 0.93381 0.60822 0.026326 0.0323612 0.00181606
58 0.314118 0.718826 0.0189954 0.0750691 0.00180608
9 0.551373 0.518119 0.0195675 0.0426999 0.00180444
74 0.22296 0.448272 0.0465095 0.0838467 0.0017961
9 0.397381 0.59986 0.0139761 0.0291689 0.00176609
2 0.440862 0.652673 0.0221712 0.0313332 0.00176242
2 0.505762 0.658408 0.0219355 0.0218786 0.00173652
13 0.426038 0.657464 0.0204056 0.0299787 0.00170121
13 0.384524 0.685871 0.0248937 0.0364496 0.00169948
9 0.828252 0.618716 0.0111658 0.0225834 0.00169587
74 0.666116 0.526502 0.020598 0.0424343 0.00169542
9 0.663305 0.285653 0.0157207 0.027832 0.00168997
9 0.661512 0.329428 0.012142 0.0209714 0.00167352
7 0.94437 0.691285 0.0601906 0.0677147 0.00165409
9 0.532626 0.477041 0.00888929 0.0177757 0.00163987
2 0.911314 0.696022 0.139642 0.255499 0.00163355
9 0.787124 0.51601 0.041667 0.0262166 0.00161639
58 0.697193 0.630069 0.0200985 0.0359407 0.001616
58 0.987296 0.754673 0.0235008 0.0931908 0.00161317
2 0.456341 0.661464 0.0138933 0.0292866 0.00161216
1 0.814806 0.683056 0.0250195 0.0364033 0.00160903
9 0.719475 0.347777 0.0152508 0.0394917 0.00159222
9 0.446204 0.615941 0.0158758 0.0720538 0.00155813
0 0.387709 0.683971 0.0198681 0.0402981 0.00155392
2 0.833889 0.692919 0.0149015 0.0218883 0.00154492
9 0.716011 0.54254 0.0117403 0.0363063 0.00154486
9 0.85919 0.394597 0.0125225 0.0209266 0.00153726
0 0.384657 0.679195 0.0247801 0.0489935 0.00153354
1 0.426038 0.657464 0.0204056 0.0299787 0.00153226
0 0.933587 0.705584 0.028112 0.0401846 0.00152913
11 0.431875 0.496273 0.0293629 0.0676391 0.00149849
13 0.332188 0.749776 0.0333301 0.0430751 0.00148544
2 0.415754 0.662304 0.032728 0.0239278 0.00148487
9 0.49411 0.434763 0.00797615 0.0201988 0.00148028
9 0.581184 0.25343 0.0129585 0.0169911 0.00147963
0 0.828252 0.618716 0.0111658 0.0225834 0.00147048
5 0.930667 0.694235 0.0833597 0.07547 0.00145859
2 0.808469 0.656423 0.0196985 0.0466317 0.00144982
13 0.334636 0.758159 0.0455056 0.0410482 0.00144726
13 0.339485 0.771218 0.0264085 0.0232651 0.00143629
0 0.328028 0.717227 0.0436274 0.0791873 0.00143126
9 0.931631 0.610853 0.019672 0.0395937 0.00141886
9 0.649308 0.327252 0.0233501 0.0284798 0.00140995
0 0.680876 0.634284 0.0111936 0.045068 0.00140786
9 0.907237 0.597898 0.0143272 0.0466977 0.00140151
9 0.676326 0.318026 0.0185533 0.0212618 0.00139341
13 0.288162 0.788459 0.0495128 0.0483115 0.00137067
0 0.844278 0.690264 0.0159166 0.0332163 0.0013645
1 0.812895 0.68013 0.0209511 0.0302073 0.00133726
0 0.456341 0.661464 0.0138933 0.0292866 0.00129962
2 0.928048 0.678525 0.0792646 0.0428801 0.0012942
58 0.328606 0.733101 0.0477057 0.0886428 0.00127092
13 0.311075 0.771335 0.0847481 0.0407904 0.00126672
58 0.348637 0.71711 0.0264672 0.0718725 0.00126272
0 0.792924 0.694529 0.0145393 0.0289733 0.00124037
2 0.725634 0.658093 0.0384363 0.0274208 0.00122783
9 0.557784 0.51389 0.0198559 0.0520456 0.00122681
58 0.334636 0.758159 0.0455056 0.0410482 0.00122622
0 0.869155 0.718095 0.0169804 0.0244549 0.00122276
2 0.826859 0.688266 0.0323313 0.0320376 0.00121826
13 0.325569 0.718673 0.0484399 0.0810031 0.00120786
13 0.811642 0.678459 0.0226528 0.0296579 0.00120604
1 0.330618 0.716375 0.0305725 0.0762682 0.00119975
2 0.93007 0.606758 0.0181084 0.0284058 0.00119567
8 0.911046 0.726626 0.135093 0.193649 0.00118852
74 0.491208 0.383191 0.0234158 0.0493979 0.00117153
9 0.52938 0.533155 0.0099802 0.0170871 0.00115493
13 0.440316 0.666606 0.0482816 0.0432668 0.00113806
11 0.677287 0.598084 0.0117212 0.0282749 0.0011324
1 0.987296 0.754673 0.0235008 0.0931908 0.00112963
9 0.52983 0.313688 0.0116586 0.0366014 0.00112683
7 0.426038 0.657464 0.0204056 0.0299787 0.00112498
2 0.987296 0.754673 0.0235008 0.0931908 0.00112066
13 0.725634 0.658093 0.0384363 0.0274208 0.00111341
0 0.424796 0.658531 0.0212315 0.0289181 0.00110617
1 0.833889 0.692919 0.0149015 0.0218883 0.00110322
0 0.717847 0.649022 0.0148285 0.0211002 0.00109279
74 0.494394 0.285003 0.0170099 0.0205361 0.0010803
7 0.936492 0.708078 0.0334965 0.0444485 0.00107032
0 0.457263 0.669328 0.0155525 0.0463596 0.00106427
9 0.228053 0.422608 0.0578517 0.141193 0.00104171
2 0.493612 0.657915 0.0131971 0.0239161 0.00103068
0 0.375684 0.690961 0.0301689 0.039373 0.00102839
0 0.41238 0.666315 0.0093092 0.0163117 0.00102291
13 0.456341 0.661464 0.0138933 0.0292866 0.0010227
1 0.842542 0.69393 0.0129284 0.0252726 0.00102115
58 0.426038 0.657464 0.0204056 0.0299787 0.00102064
2 0.875167 0.670406 0.0306715 0.106756 0.00101843
13 0.288082 0.777399 0.0497115 0.0286619 0.00101426
2 0.325095 0.717523 0.0492821 0.080605 0.00100729
13 0.375684 0.690961 0.0301689 0.039373 0.0010047
