0 0.324915 0.576809 0.571385 0.829949 0.915987
68 0.895021 0.860868 0.209196 0.259858 0.844411
68 0.432812 0.922336 0.16289 0.149405 0.399095
69 0.43208 0.922661 0.163881 0.151412 0.325229
43 0.754235 0.889178 0.0247297 0.0660979 0.25253
43 0.738291 0.815384 0.0276428 0.0883486 0.244535
39 0.956291 0.638018 0.0120865 0.096306 0.190335
43 0.749834 0.892216 0.0303262 0.0731609 0.183494
43 0.729123 0.794508 0.0196312 0.0837754 0.182856
43 0.754827 0.818467 0.0252594 0.081059 0.178028
43 0.744765 0.884333 0.0367044 0.0875487 0.172705
74 0.0417192 0.0660153 0.0826048 0.132031 0.16588
43 0.714967 0.808703 0.0241172 0.0882471 0.15973
43 0.728313 0.808372 0.0250534 0.106573 0.147453
43 0.680263 0.799305 0.0319536 0.0822202 0.139158
43 0.686865 0.799085 0.0270971 0.0815284 0.133632
43 0.733461 0.814831 0.0309586 0.0970202 0.125059
44 0.640705 0.3982 0.025001 0.258811 0.102049
43 0.711861 0.849117 0.0268387 0.17127 0.101281
43 0.741046 0.789335 0.0188068 0.0697267 0.0994177
43 0.712121 0.814439 0.0200438 0.0853323 0.0991117
42 0.641364 0.398095 0.0270121 0.260863 0.0981852
44 0.57161 0.263529 0.0324053 0.197531 0.0972236
44 0.65402 0.721918 0.0229784 0.0795348 0.0963881
45 0.630616 0.831058 0.0586798 0.0677859 0.090782
68 0.0383643 0.610671 0.0708878 0.231382 0.0892042
43 0.715556 0.854853 0.0247232 0.156793 0.0859773
43 0.732702 0.895282 0.0326765 0.075228 0.0856414
43 0.730541 0.7686 0.0143173 0.0370997 0.0845375
40 0.441651 0.366033 0.0450705 0.11474 0.0770474
74 0.0228552 0.037579 0.0442216 0.075158 0.0766425
44 0.669178 0.391223 0.0266577 0.247019 0.0751326
45 0.62967 0.844359 0.0601935 0.0928226 0.07103
43 0.742163 0.841836 0.0365738 0.117561 0.0705116
40 0.57657 0.746047 0.0432718 0.127561 0.0690019
44 0.738291 0.815384 0.0276428 0.0883486 0.0644464
43 0.736792 0.897261 0.0461185 0.0822319 0.0641645
43 0.72845 0.923296 0.0651781 0.150178 0.0616021
43 0.63921 0.392551 0.0188268 0.255501 0.0608228
43 0.751538 0.801409 0.0260621 0.0808058 0.0601786
44 0.680453 0.787394 0.0350266 0.0999155 0.0594057
44 0.678168 0.700924 0.0231453 0.189453 0.0557096
43 0.682566 0.809717 0.0317589 0.0780247 0.0529776
44 0.679781 0.721679 0.0275352 0.229607 0.0528656
43 0.731834 0.950512 0.0587839 0.0979024 0.0526737
44 0.646262 0.786565 0.0394397 0.0591775 0.0523885
67 0.577616 0.739324 0.040171 0.105579 0.0511869
43 0.685745 0.849166 0.0357397 0.175435 0.0509026
42 0.668138 0.395883 0.0392115 0.249435 0.0505185
43 0.719563 0.793953 0.0314665 0.090062 0.049077
79 0.956454 0.636699 0.0120117 0.095079 0.04838
43 0.622525 0.652598 0.0147416 0.159142 0.0474263
44 0.672215 0.707075 0.0336878 0.187981 0.0471094
44 0.677575 0.80292 0.029703 0.0734509 0.0461559
43 0.955843 0.636714 0.0111588 0.0950396 0.0461003
69 0.894624 0.861131 0.209541 0.263182 0.0460048
43 0.737602 0.854411 0.0428129 0.145961 0.046003
42 0.669178 0.391223 0.0266577 0.247019 0.0458717
44 0.587595 0.281993 0.0641424 0.293232 0.0455978
43 0.562802 0.936548 0.0409719 0.120887 0.0444885
44 0.668138 0.395883 0.0392115 0.249435 0.0444241
69 0.471966 0.916486 0.243726 0.163804 0.0436374
44 0.679314 0.744662 0.0378582 0.197845 0.0429723
43 0.71972 0.895754 0.0272253 0.0910589 0.0428113
44 0.669288 0.728554 0.0352154 0.206628 0.0427212
44 0.573412 0.642362 0.0170343 0.0910269 0.0425556
43 0.667436 0.388746 0.0221731 0.243627 0.0418635
44 0.603828 0.893595 0.0294105 0.111133 0.0414442
44 0.665247 0.707259 0.0268408 0.247309 0.0407455
43 0.678324 0.829319 0.026647 0.109388 0.0400061
44 0.442403 0.361999 0.0440095 0.106621 0.0399837
44 0.619404 0.868457 0.0573178 0.137496 0.039288
43 0.694708 0.862879 0.0203826 0.171151 0.0386481
43 0.721628 0.920837 0.0421144 0.157388 0.0380665
44 0.678029 0.677662 0.0177706 0.171049 0.0378857
44 0.955843 0.636714 0.0111588 0.0950396 0.0370279
69 0.410729 0.921394 0.116542 0.133373 0.0367809
68 0.484042 0.907302 0.267091 0.173353 0.0360969
43 0.646734 0.65116 0.0110641 0.161636 0.0359333
43 0.681388 0.843284 0.0207525 0.134508 0.0350196
44 0.526311 0.693643 0.0306784 0.200963 0.0348434
43 0.748045 0.923083 0.0323257 0.112615 0.0347435
43 0.677857 0.631524 0.0122708 0.075413 0.0346435
43 0.734665 0.910125 0.0533735 0.131579 0.0345376
44 0.623155 0.660492 0.0167052 0.171411 0.0341646
43 0.588116 0.955918 0.0260699 0.0808464 0.0341405
69 0.0373274 0.674644 0.0743572 0.374765 0.0339655
43 0.646212 0.631866 0.0102799 0.126099 0.0338386
43 0.705033 0.865783 0.0291674 0.152523 0.0338015
43 0.678666 0.789305 0.0379819 0.0996134 0.0333555
45 0.631944 0.821924 0.0569295 0.0473673 0.0333218
43 0.65581 0.642478 0.0136389 0.13563 0.0329672
45 0.632563 0.863506 0.0747915 0.134261 0.0326703
44 0.682566 0.809717 0.0317589 0.0780247 0.0326566
44 0.714253 0.808633 0.0242729 0.0901353 0.0319442
43 0.584768 0.9356 0.0321475 0.124579 0.0316089
43 0.741558 0.769288 0.016102 0.0381591 0.0316031
44 0.628628 0.745037 0.021155 0.0574891 0.0315962
44 0.654181 0.728215 0.0292691 0.076587 0.0312941
44 0.626426 0.653995 0.0195751 0.156997 0.0311281
43 0.621283 0.622006 0.0135103 0.0982775 0.0311179
44 0.63297 0.674971 0.0200186 0.175432 0.0309316
44 0.582326 0.241035 0.0534103 0.241102 0.0309269
42 0.677575 0.80292 0.029703 0.0734509 0.0308835
44 0.595537 0.217073 0.0460504 0.201721 0.0300745
44 0.668338 0.823253 0.0207561 0.0735847 0.029318
44 0.594082 0.859839 0.0205786 0.115035 0.0289843
45 0.662276 0.841769 0.0248322 0.0523815 0.0289517
44 0.589081 0.956631 0.0256138 0.0811776 0.0289148
44 0.681349 0.688716 0.0221245 0.18188 0.0288196
40 0.457731 0.26183 0.129019 0.358626 0.0284805
44 0.665098 0.845001 0.0216756 0.0559359 0.028287
44 0.671811 0.743682 0.0489146 0.177861 0.0276983
41 0.642699 0.862685 0.0363794 0.0591528 0.0273918
43 0.672906 0.622241 0.0116138 0.0981402 0.0272594
44 0.59598 0.840009 0.0252102 0.119216 0.0266949
42 0.571397 0.260933 0.0331274 0.206162 0.0266946
45 0.643203 0.862398 0.0356764 0.0574677 0.0266858
43 0.705248 0.920918 0.0375549 0.156769 0.0266166
44 0.527221 0.678091 0.0271226 0.159059 0.0265609
44 0.630362 0.759491 0.0215487 0.0854974 0.0263657
44 0.622078 0.667649 0.0249985 0.183809 0.0255057
45 0.448235 0.208068 0.146491 0.249246 0.025209
43 0.750768 0.841289 0.0326883 0.127445 0.0250624
43 0.75272 0.907978 0.0235752 0.0997097 0.0249801
45 0.644605 0.86466 0.0422369 0.0707056 0.0248177
68 0.0373274 0.674644 0.0743572 0.374765 0.0234137
44 0.641993 0.795197 0.0467398 0.0775274 0.0231429
44 0.658713 0.928871 0.0444349 0.0736563 0.0229376
44 0.631142 0.924527 0.031025 0.0766642 0.0226854
43 0.623598 0.681092 0.0239946 0.18314 0.0221131
43 0.760136 0.81812 0.0206451 0.0740203 0.0221061
44 0.609992 0.893613 0.0252157 0.113777 0.021913
44 0.581455 0.770899 0.0374678 0.0886897 0.0217921
43 0.653179 0.683556 0.0216178 0.148793 0.0217363
44 0.604926 0.903669 0.0170708 0.0969191 0.0216532
44 0.576884 0.733395 0.0405852 0.147568 0.0216201
43 0.695764 0.895373 0.0185219 0.0987226 0.0214878
44 0.671254 0.670106 0.0166813 0.162002 0.0214795
41 0.658166 0.943755 0.0447838 0.0871601 0.0210699
44 0.57907 0.222547 0.0350813 0.205301 0.0210375
44 0.637629 0.674205 0.0152225 0.164887 0.020846
43 0.65653 0.662296 0.0218764 0.178546 0.0208372
44 0.651018 0.686884 0.0202695 0.139738 0.0207486
44 0.576278 0.701611 0.037614 0.213239 0.020741
44 0.589924 0.931685 0.0251898 0.13429 0.0207168
44 0.681388 0.843284 0.0207525 0.134508 0.0203953
42 0.729123 0.794508 0.0196312 0.0837754 0.0203629
44 0.58297 0.790475 0.0571729 0.129276 0.0203186
44 0.664056 0.667978 0.0193511 0.167788 0.0202028
44 0.6837 0.857211 0.0304622 0.172118 0.0201804
44 0.593592 0.778535 0.0461169 0.0673797 0.019874
43 0.683157 0.879749 0.0184639 0.143318 0.019794
43 0.641364 0.398095 0.0270121 0.260863 0.0197621
43 0.677365 0.620088 0.0148195 0.0980838 0.0197339
44 0.628486 0.679631 0.0263113 0.18521 0.0197138
43 0.652997 0.635589 0.0134016 0.123571 0.0196435
41 0.62967 0.844359 0.0601935 0.0928226 0.0196238
44 0.677859 0.931921 0.0187311 0.107507 0.0193701
44 0.637614 0.387176 0.0160801 0.243242 0.0192842
44 0.685539 0.794297 0.0282337 0.0837116 0.0192659
43 0.703142 0.900489 0.0326391 0.129685 0.0192285
42 0.714967 0.808703 0.0241172 0.0882471 0.0191845
45 0.56309 0.465822 0.130768 0.245663 0.0190363
43 0.705833 0.955382 0.0360061 0.0861416 0.0190041
44 0.589474 0.802188 0.0534954 0.125588 0.0187187
42 0.679885 0.793595 0.035709 0.092524 0.0186168
42 0.63921 0.392551 0.0188268 0.255501 0.0185082
43 0.677091 0.936568 0.0180435 0.112908 0.0183135
43 0.658697 0.935428 0.0448214 0.0790611 0.0182918
43 0.695667 0.909902 0.0228506 0.150826 0.0182905
44 0.523317 0.664772 0.0174572 0.150098 0.0182046
44 0.670143 0.686024 0.0245513 0.192835 0.0181404
41 0.577616 0.739324 0.040171 0.105579 0.0179741
43 0.628486 0.679631 0.0263113 0.18521 0.0178489
42 0.738291 0.815384 0.0276428 0.0883486 0.0178457
44 0.66026 0.888128 0.0373201 0.0406507 0.0177497
43 0.626426 0.653995 0.0195751 0.156997 0.0175939
44 0.678324 0.829319 0.026647 0.109388 0.0175878
69 0.0268032 0.864292 0.053191 0.260822 0.0175272
44 0.595751 0.884865 0.0191794 0.0916725 0.0174164
44 0.750814 0.898516 0.0304499 0.0850576 0.0173766
43 0.589924 0.931685 0.0251898 0.13429 0.017119
41 0.615599 0.970763 0.0321308 0.0575587 0.016846
44 0.624191 0.917615 0.0256573 0.0680549 0.0168119
41 0.442421 0.366993 0.045351 0.115423 0.01651
69 0.0261049 0.918034 0.0507218 0.152994 0.0163869
43 0.663659 0.375317 0.0161112 0.212489 0.016356
44 0.573084 0.847149 0.0445212 0.0906708 0.0163409
44 0.626784 0.840823 0.0603809 0.0891909 0.0161227
45 0.637058 0.849856 0.0813956 0.102821 0.0160408
42 0.728313 0.808372 0.0250534 0.106573 0.0160175
43 0.653862 0.72216 0.022804 0.0756739 0.0159902
44 0.568035 0.789321 0.0422552 0.145187 0.015883
44 0.573801 0.77242 0.031632 0.0989956 0.0158636
40 0.573801 0.77242 0.031632 0.0989956 0.0156836
45 0.649849 0.850023 0.047505 0.0608951 0.0156744
44 0.679043 0.632172 0.0137905 0.0772489 0.0155882
44 0.663659 0.375317 0.0161112 0.212489 0.0154887
43 0.735338 0.902578 0.0627026 0.0956994 0.0154306
44 0.65653 0.662296 0.0218764 0.178546 0.0153642
44 0.578649 0.875181 0.035498 0.0833592 0.015354
44 0.695667 0.909902 0.0228506 0.150826 0.0151723
68 0.471923 0.919355 0.18882 0.155703 0.0151231
39 0.577144 0.744591 0.0406563 0.119051 0.0150859
44 0.681701 0.65599 0.0200228 0.132989 0.0150507
44 0.736792 0.897261 0.0461185 0.0822319 0.0150126
41 0.65853 0.925443 0.0440982 0.0772648 0.0146505
44 0.63956 0.662598 0.014967 0.171918 0.0146448
44 0.683615 0.670522 0.0256884 0.164585 0.014613
72 0.0373274 0.674644 0.0743572 0.374765 0.0145456
43 0.573412 0.642362 0.0170343 0.0910269 0.0145349
44 0.711861 0.849117 0.0268387 0.17127 0.0144534
44 0.562802 0.936548 0.0409719 0.120887 0.0143571
44 0.623716 0.743126 0.0223566 0.0564745 0.0142002
43 0.680975 0.915767 0.0183507 0.0901859 0.0138269
44 0.584768 0.9356 0.0321475 0.124579 0.0136824
69 0.0386188 0.615858 0.0719513 0.220135 0.013649
43 0.690759 0.972412 0.0145603 0.0531257 0.0136455
43 0.678168 0.694798 0.0190042 0.201698 0.0136049
43 0.687342 0.877788 0.025182 0.167624 0.0135964
43 0.57714 0.898399 0.0282929 0.0682816 0.0135887
44 0.732702 0.895282 0.0326765 0.075228 0.0135652
44 0.573118 0.654322 0.0260249 0.111446 0.0133911
44 0.622072 0.637846 0.0138057 0.128217 0.0133898
40 0.579669 0.762739 0.0510142 0.0956305 0.0133765
42 0.686865 0.799085 0.0270971 0.0815284 0.0133468
43 0.605372 0.896805 0.018461 0.097786 0.0133204
44 0.688653 0.802084 0.0227313 0.0787078 0.0132727
43 0.644753 0.661983 0.0139003 0.175769 0.0129381
43 0.679314 0.744662 0.0378582 0.197845 0.0128625
43 0.734828 0.96071 0.0518098 0.0770893 0.0128292
43 0.595751 0.884865 0.0191794 0.0916725 0.0127734
44 0.683157 0.879749 0.0184639 0.143318 0.0126521
40 0.531864 0.704316 0.0423478 0.220987 0.0126075
41 0.630616 0.831058 0.0586798 0.0677859 0.0125494
44 0.572186 0.813612 0.0430561 0.104489 0.0124708
43 0.668338 0.823253 0.0207561 0.0735847 0.0123466
44 0.673746 0.663293 0.0163526 0.162224 0.0123153
43 0.671254 0.670106 0.0166813 0.162002 0.0123006
44 0.644611 0.654511 0.0125631 0.16809 0.0122008
44 0.70526 0.913976 0.0365952 0.170814 0.0120911
44 0.721628 0.920837 0.0421144 0.157388 0.0120842
44 0.607989 0.927792 0.0222218 0.139929 0.0120546
44 0.622066 0.697928 0.0204073 0.139739 0.012053
44 0.680975 0.915767 0.0183507 0.0901859 0.0119873
44 0.655453 0.64847 0.0168149 0.149176 0.0119071
43 0.603828 0.893595 0.0294105 0.111133 0.0119064
41 0.649849 0.850023 0.047505 0.0608951 0.0118641
42 0.682566 0.809717 0.0317589 0.0780247 0.0116474
43 0.571634 0.974131 0.0203801 0.0491896 0.011643
43 0.594257 0.868464 0.0203396 0.106259 0.0115218
49 0.642699 0.862685 0.0363794 0.0591528 0.0115067
44 0.754349 0.890031 0.0251374 0.0680252 0.0114596
42 0.679781 0.721679 0.0275352 0.229607 0.0113953
44 0.675127 0.403096 0.0364541 0.230872 0.0112831
44 0.621283 0.622006 0.0135103 0.0982775 0.0112729
42 0.755331 0.818683 0.0206367 0.0804708 0.0111718
71 0.0199807 0.971892 0.0374755 0.0497369 0.0111624
43 0.576343 0.887757 0.0281645 0.0594242 0.0109708
43 0.670143 0.686024 0.0245513 0.192835 0.0108089
44 0.630074 0.822774 0.0568308 0.0502812 0.010748
42 0.568035 0.789321 0.0422552 0.145187 0.0107271
44 0.687342 0.877788 0.025182 0.167624 0.0105444
43 0.681645 0.945243 0.0255949 0.103338 0.0105069
68 0.044462 0.624868 0.0563707 0.2075 0.0104673
42 0.573412 0.642362 0.0170343 0.0910269 0.0102773
44 0.729123 0.794508 0.0196312 0.0837754 0.0102404
44 0.576343 0.887757 0.0281645 0.0594242 0.0101909
44 0.664228 0.370594 0.0182602 0.157073 0.0100833
44 0.66065 0.373688 0.0165527 0.206749 0.0100767
43 0.633578 0.35932 0.0135157 0.189888 0.0100604
43 0.573118 0.654322 0.0260249 0.111446 0.00993741
44 0.658166 0.943755 0.0447838 0.0871601 0.00991336
72 0.0389318 0.618541 0.0713058 0.215936 0.00985295
44 0.631219 0.939073 0.0309341 0.111246 0.00974753
44 0.655745 0.917955 0.0516127 0.101621 0.00972918
44 0.444938 0.33347 0.0546288 0.193836 0.00958428
40 0.568035 0.789321 0.0422552 0.145187 0.00949538
40 0.447504 0.382587 0.0562412 0.112565 0.00943413
44 0.579452 0.861154 0.0617941 0.12378 0.00933808
43 0.670403 0.395481 0.0318628 0.245972 0.0092572
40 0.444938 0.33347 0.0546288 0.193836 0.00921986
44 0.559876 0.256245 0.0594486 0.219796 0.0091469
44 0.640993 0.890939 0.0405869 0.119767 0.00913358
44 0.447504 0.382587 0.0562412 0.112565 0.00907981
43 0.523317 0.664772 0.0174572 0.150098 0.00899044
44 0.59612 0.23565 0.0394639 0.155798 0.00896767
43 0.636767 0.368836 0.0185128 0.205928 0.00895864
68 0.506134 0.920938 0.121683 0.155487 0.00895691
41 0.656145 0.978794 0.0460843 0.0395968 0.00894862
43 0.681701 0.65599 0.0200228 0.132989 0.00894251
43 0.678512 0.66877 0.0144697 0.152975 0.00893223
40 0.435969 0.255352 0.0842853 0.347679 0.00883576
44 0.715556 0.854853 0.0247232 0.156793 0.00883391
43 0.679242 0.722574 0.0322041 0.211129 0.00882003
44 0.521627 0.629777 0.0130621 0.0899064 0.00880796
44 0.531864 0.704316 0.0423478 0.220987 0.00872314
42 0.730541 0.7686 0.0143173 0.0370997 0.00867575
44 0.623758 0.755484 0.0223616 0.0762951 0.00863698
