53 0.500038 0.526057 0.983766 0.883144 0.95449
0 0.180459 0.20498 0.359913 0.407234 0.854223
56 0.852913 0.0945896 0.224386 0.186815 0.698632
41 0.0302935 0.579923 0.060587 0.38937 0.509195
41 0.0309903 0.636059 0.0615179 0.276093 0.196312
56 0.774086 0.0672762 0.0665294 0.132641 0.18132
40 0.939569 0.801395 0.119102 0.293296 0.171636
56 0.923037 0.0938406 0.0866924 0.181271 0.155246
41 0.0308942 0.685454 0.0613119 0.179031 0.111032
41 0.852611 0.878038 0.222223 0.229332 0.0905588
60 0.512594 0.520007 0.965943 0.930606 0.0847369
56 0.957582 0.251311 0.0837002 0.235734 0.084304
40 0.866193 0.555186 0.266765 0.846568 0.0774054
41 0.867211 0.826769 0.254533 0.334546 0.0764359
60 0.501217 0.847826 0.991412 0.279411 0.0718609
60 0.370595 0.85591 0.739296 0.264386 0.0457378
60 0.109041 0.857 0.216361 0.265398 0.0419024
60 0.1746 0.857772 0.348322 0.263696 0.0354255
56 0.372084 0.0538916 0.0906445 0.105701 0.0333926
42 0.965123 0.893077 0.0684454 0.11251 0.0327557
41 0.0124317 0.527611 0.0241777 0.300542 0.0304114
41 0.940421 0.802271 0.117269 0.290248 0.0281728
53 0.417134 0.700655 0.517389 0.535232 0.0272367
56 0.895388 0.541094 0.209189 0.818532 0.0243071
56 0.822511 0.0883781 0.163127 0.175438 0.0238941
0 0.947222 0.0874713 0.105111 0.173008 0.023208
41 0.935719 0.721805 0.100779 0.1286 0.0218514
60 0.647153 0.550263 0.702106 0.86936 0.0186672
56 0.957409 0.201687 0.083884 0.12555 0.0166984
40 0.935102 0.724093 0.104362 0.135717 0.0152211
56 0.386225 0.0524755 0.0602595 0.103182 0.0150421
60 0.692165 0.809568 0.61264 0.360407 0.0147583
56 0.617893 0.0378248 0.0652222 0.0746985 0.0144434
56 0.936877 0.495532 0.125857 0.728808 0.0141588
53 0.346995 0.670912 0.671427 0.588543 0.0140389
41 0.0117536 0.517482 0.023225 0.221749 0.0137157
56 0.554568 0.0590795 0.285396 0.115918 0.0116387
0 0.181192 0.369005 0.36201 0.733826 0.0114541
42 0.96324 0.869135 0.0725504 0.164168 0.0113257
40 0.868742 0.825463 0.255533 0.337681 0.0110116
56 0.657966 0.0560098 0.145745 0.110987 0.0104612
0 0.845534 0.095594 0.104892 0.188058 0.00966531
39 0.869747 0.825311 0.257065 0.339132 0.00861785
0 0.554955 0.0589596 0.286998 0.115938 0.00811112
0 0.962475 0.072533 0.074226 0.143019 0.00804898
56 0.957713 0.353947 0.0836304 0.441123 0.00741756
56 0.87717 0.157067 0.245661 0.308557 0.00733081
60 0.835576 0.806948 0.327383 0.364889 0.00732845
0 0.295527 0.0747661 0.131655 0.146384 0.0070135
42 0.940092 0.966122 0.1133 0.0677027 0.00699183
41 0.815616 0.879063 0.329963 0.230904 0.00686517
60 0.956313 0.477277 0.0872021 0.688099 0.00663102
41 0.00927598 0.449923 0.0180013 0.136581 0.00647971
56 0.956313 0.477277 0.0872021 0.688099 0.00647593
56 0.683065 0.0568115 0.0919626 0.112942 0.00646779
0 0.977901 0.0838631 0.0436787 0.164921 0.00645655
60 0.54532 0.940164 0.408645 0.104975 0.00570574
60 0.781314 0.559296 0.433752 0.85567 0.00563255
39 0.0309594 0.582906 0.0616259 0.382544 0.00542361
60 0.555523 0.0592559 0.286696 0.116321 0.00535268
40 0.0310227 0.64123 0.0618663 0.265961 0.00515938
42 0.946726 0.953744 0.104729 0.0925112 0.00510195
60 0.113941 0.679485 0.227287 0.60996 0.00480807
40 0.781314 0.559296 0.433752 0.85567 0.00463939
56 0.845534 0.095594 0.104892 0.188058 0.00462148
60 0.86049 0.557658 0.278331 0.853426 0.00460735
40 0.0312315 0.691032 0.062317 0.166708 0.00451517
0 0.952202 0.0618603 0.0951445 0.122367 0.00449884
56 0.93671 0.17894 0.125419 0.35736 0.00428128
39 0.846287 0.88256 0.202911 0.221625 0.00406277
60 0.956928 0.248711 0.0844614 0.230682 0.00404024
56 0.938557 0.0950818 0.120974 0.188921 0.0040265
60 0.107486 0.767737 0.214597 0.44459 0.00398791
43 0.953367 0.474605 0.093124 0.688661 0.00391799
42 0.337766 0.959961 0.108062 0.0560589 0.00387001
41 0.96039 0.858102 0.0789515 0.187893 0.00385061
41 0.965546 0.894038 0.0677471 0.108638 0.00382584
53 0.41102 0.781699 0.526847 0.37042 0.00379229
0 0.950611 0.156716 0.097739 0.312072 0.00364771
40 0.948702 0.717422 0.0761196 0.12345 0.00346419
63 0.868684 0.553814 0.262131 0.836444 0.00342983
41 0.0118058 0.551211 0.0233949 0.142123 0.00329977
60 0.509224 0.694132 0.973551 0.58509 0.00319868
60 0.958623 0.201254 0.0815924 0.127271 0.00308445
0 0.886553 0.0821423 0.225214 0.162825 0.00296861
40 0.96039 0.858102 0.0789515 0.187893 0.00282773
60 0.493469 0.240979 0.961167 0.326437 0.00277734
42 0.974546 0.847122 0.0504311 0.111444 0.00276253
40 0.0124317 0.527611 0.0241777 0.300542 0.00276041
41 0.946181 0.95959 0.104885 0.0801867 0.00275174
43 0.965123 0.893077 0.0684454 0.11251 0.00274786
40 0.0309594 0.582906 0.0616259 0.382544 0.00270799
41 0.700163 0.956905 0.103954 0.0846502 0.00268894
39 0.0310227 0.64123 0.0618663 0.265961 0.00261432
41 0.950962 0.482989 0.0970493 0.695888 0.00255263
0 0.981867 0.069827 0.0354839 0.137686 0.0025489
40 0.852611 0.878038 0.222223 0.229332 0.00247303
56 0.910678 0.0921454 0.0557049 0.165805 0.00237855
41 0.86049 0.557658 0.278331 0.853426 0.00235599
44 0.965123 0.893077 0.0684454 0.11251 0.0022203
56 0.874721 0.094393 0.15819 0.180452 0.00217992
0 0.108711 0.204171 0.215398 0.404091 0.00203148
60 0.468786 0.0637503 0.458475 0.126297 0.00201911
60 0.976963 0.693937 0.0449717 0.232325 0.00196025
60 0.494638 0.353338 0.965813 0.526037 0.00188345
41 0.554919 0.0588399 0.285095 0.116659 0.00184885
42 0.916779 0.779105 0.0700802 0.0218044 0.0018394
44 0.338461 0.960794 0.111964 0.0542605 0.00182635
41 0.849626 0.892642 0.200302 0.172091 0.00181192
43 0.338461 0.960794 0.111964 0.0542605 0.00181049
53 0.75891 0.668722 0.425939 0.459463 0.00173271
44 0.867321 0.556159 0.264395 0.842644 0.00169563
40 0.965223 0.892634 0.0686554 0.112378 0.00167742
43 0.867532 0.826426 0.255801 0.335343 0.00162217
0 0.17941 0.0822471 0.354522 0.161467 0.00159523
42 0.953367 0.474605 0.093124 0.688661 0.00157976
40 0.939696 0.794649 0.119486 0.200795 0.0015586
56 0.879418 0.226849 0.240529 0.439889 0.00153074
41 0.975155 0.473359 0.0483835 0.664791 0.0015268
41 0.951043 0.94605 0.0969843 0.106696 0.00151461
40 0.93727 0.882308 0.122838 0.218518 0.00150293
56 0.904689 0.0924409 0.0978056 0.177965 0.00148097
56 0.322102 0.0715252 0.191161 0.140823 0.00144523
60 0.380074 0.053285 0.0736936 0.104249 0.00142202
41 0.93727 0.882308 0.122838 0.218518 0.00140914
60 0.177627 0.543661 0.350664 0.856708 0.00138274
60 0.867211 0.826769 0.254533 0.334546 0.0013665
39 0.815616 0.879063 0.329963 0.230904 0.00136638
53 0.23987 0.529048 0.460987 0.657502 0.00135529
56 0.926282 0.409748 0.146307 0.585353 0.00132668
40 0.950962 0.482989 0.0970493 0.695888 0.00132281
0 0.0779151 0.0883282 0.155361 0.173517 0.00131059
40 0.931369 0.619249 0.135486 0.738256 0.00130105
41 0.0132973 0.45234 0.0260493 0.138359 0.00129256
0 0.491435 0.519931 0.975408 0.938681 0.0012148
41 0.948702 0.717422 0.0761196 0.12345 0.00120887
0 0.955124 0.465908 0.0897531 0.673036 0.00119954
60 0.936877 0.495532 0.125857 0.728808 0.00118923
39 0.940343 0.80147 0.118274 0.296054 0.00117216
41 0.948503 0.917938 0.102994 0.163238 0.00116506
56 0.958189 0.092726 0.0825073 0.185452 0.00115675
56 0.931198 0.118192 0.0674341 0.132648 0.00115004
0 0.618465 0.0366965 0.0647498 0.0733197 0.00112623
39 0.86049 0.557658 0.278331 0.853426 0.00110883
40 0.00903178 0.451164 0.0174419 0.142999 0.00107422
40 0.830328 0.793961 0.337971 0.392968 0.00106496
56 0.950611 0.156716 0.097739 0.312072 0.00106227
57 0.554568 0.0590795 0.285396 0.115918 0.00105432
0 0.518207 0.0663429 0.371244 0.131145 0.00104758
0 0.919943 0.0962313 0.0930418 0.181661 0.00104716
56 0.458669 0.0773881 0.474067 0.153806 0.00103819
63 0.799553 0.559003 0.397294 0.852904 0.00103182
42 0.868107 0.557727 0.262845 0.838826 0.00101233
40 0.944459 0.824245 0.110259 0.142407 0.00100455
