0 0.521262 0.599285 0.566514 0.777809 0.947394
40 0.554236 0.388656 0.382339 0.624963 0.937216
44 0.554805 0.388179 0.382698 0.621877 0.0289744
40 0.687938 0.620995 0.122872 0.164248 0.0163068
0 0.731574 0.542476 0.156571 0.18734 0.00980851
40 0.47477 0.25677 0.225636 0.356159 0.00589663
41 0.554805 0.388179 0.382698 0.621877 0.00418949
45 0.47539 0.255421 0.224121 0.354857 0.00388882
75 0.554805 0.388179 0.382698 0.621877 0.0029875
38 0.554805 0.388179 0.382698 0.621877 0.00294337
0 0.718988 0.575947 0.18157 0.254022 0.00276867
41 0.687938 0.620995 0.122872 0.164248 0.00198272
40 0.507087 0.310426 0.291312 0.465504 0.00189874
