7 0.5529 0.708146 0.316669 0.260727 0.87834
0 0.274595 0.858095 0.109412 0.280883 0.844638
0 0.392472 0.764908 0.0456222 0.167234 0.792288
0 0.478209 0.784033 0.0464321 0.161261 0.762774
0 0.510358 0.776084 0.0330185 0.162134 0.740815
7 0.904822 0.759803 0.188593 0.466548 0.667341
24 0.323148 0.81574 0.0637023 0.108534 0.660219
7 0.879861 0.699003 0.155607 0.123535 0.652579
0 0.423968 0.761871 0.028397 0.136509 0.615377
0 0.314406 0.733197 0.0368073 0.0854777 0.530746
7 0.19207 0.689965 0.202063 0.124868 0.50205
0 0.137796 0.732927 0.0317914 0.10735 0.500689
0 0.86406 0.728612 0.0213001 0.0903175 0.497797
0 0.355308 0.758143 0.0333869 0.138697 0.49563
0 0.22732 0.719316 0.0228665 0.0788904 0.451304
0 0.743777 0.712403 0.017767 0.0615729 0.440129
3 0.211767 0.931524 0.105546 0.134707 0.389389
5 0.191544 0.689661 0.20281 0.124824 0.300563
9 0.099065 0.442404 0.0371317 0.0494455 0.276939
26 0.490022 0.762295 0.0228591 0.036027 0.264013
0 0.923425 0.721044 0.0234825 0.0867343 0.260153
0 0.904559 0.724147 0.0223286 0.0835996 0.25175
0 0.343995 0.742322 0.0248776 0.091162 0.231781
9 0.152642 0.442905 0.0276815 0.0487029 0.228373
0 0.203737 0.716255 0.0200676 0.079808 0.216277
0 0.831625 0.725845 0.0192846 0.0894384 0.215665
0 0.0470452 0.859923 0.0270192 0.276764 0.21558
0 0.361448 0.758039 0.0228311 0.137916 0.20247
2 0.905256 0.759515 0.18819 0.468577 0.198148
0 0.758614 0.70859 0.0126117 0.0481599 0.117798
0 0.825386 0.726745 0.0280262 0.089662 0.113431
16 0.414766 0.824534 0.0236481 0.0431633 0.111513
26 0.491228 0.749124 0.0260105 0.0638809 0.103487
0 0.286303 0.711838 0.0233173 0.0609174 0.0990763
0 0.819398 0.708892 0.0175491 0.0494896 0.0931774
2 0.05582 0.703772 0.0337259 0.0554296 0.0920543
0 0.284485 0.702468 0.0210096 0.0394997 0.08806
0 0.419485 0.762194 0.0242918 0.145992 0.0880462
0 0.418985 0.658268 0.019287 0.0504682 0.0727941
9 0.152314 0.419349 0.0275567 0.0968515 0.0723755
0 0.137878 0.712955 0.0306307 0.068132 0.070131
0 0.379845 0.695805 0.019452 0.0451408 0.0670362
0 0.847703 0.726736 0.0190619 0.0832129 0.0644121
0 0.293413 0.704554 0.0180389 0.0464575 0.0636245
5 0.905465 0.760437 0.187718 0.465925 0.0629699
26 0.358017 0.756564 0.0213198 0.0965485 0.062355
9 0.123484 0.442346 0.0867356 0.0505458 0.0595817
0 0.327349 0.701597 0.0210041 0.0459435 0.0571467
5 0.880224 0.699575 0.155646 0.125858 0.0550054
3 0.240713 0.928468 0.163564 0.138742 0.0531657
26 0.314405 0.925294 0.024015 0.0621117 0.0505883
0 0.811708 0.709238 0.0290737 0.0499953 0.0481862
0 0.818504 0.718784 0.0283323 0.0686495 0.0445697
0 0.295586 0.70964 0.0177094 0.0548517 0.0414257
26 0.335357 0.743009 0.0199854 0.0691378 0.0411001
0 0.852155 0.728721 0.0255722 0.0876966 0.0381953
26 0.312823 0.902724 0.0307353 0.10955 0.0378584
0 0.363081 0.71093 0.0212966 0.0596069 0.0378529
5 0.553384 0.707319 0.316839 0.261374 0.0377281
0 0.330207 0.737442 0.0198987 0.0814682 0.0351784
0 0.805808 0.710364 0.0193708 0.0473373 0.0329858
0 0.414777 0.763572 0.0178408 0.144647 0.0317138
3 0.245421 0.900174 0.17202 0.193519 0.0312078
0 0.425691 0.767118 0.0403286 0.140332 0.0310763
26 0.345533 0.740747 0.0233823 0.0872116 0.0308097
26 0.847463 0.742308 0.0175333 0.052273 0.0304548
0 0.363979 0.696587 0.01886 0.0315389 0.0299904
9 0.152208 0.3906 0.0217274 0.0363078 0.0282957
7 0.758584 0.682374 0.039521 0.033375 0.0278952
0 0.689075 0.692037 0.024841 0.0459239 0.0270788
0 0.692973 0.694806 0.027559 0.0427649 0.0266231
26 0.292903 0.896024 0.0672399 0.14521 0.0265244
0 0.433675 0.762761 0.0297146 0.135481 0.0250838
0 0.362274 0.726319 0.0198183 0.0754181 0.024634
9 0.106209 0.445385 0.0458364 0.0499067 0.0243657
1 0.213506 0.931412 0.109644 0.136106 0.0235361
26 0.442949 0.77504 0.0224087 0.0606579 0.0234931
1 0.241535 0.92999 0.16722 0.138869 0.0230958
26 0.532481 0.764584 0.0254758 0.0690969 0.0230561
7 0.0767952 0.673692 0.151948 0.641763 0.0222397
16 0.421824 0.821438 0.0325518 0.0298861 0.0213813
0 0.335357 0.743009 0.0199854 0.0691378 0.0207449
13 0.797807 0.748947 0.0717961 0.0467272 0.0204774
26 0.306362 0.8928 0.0445979 0.130826 0.0201041
2 0.0846014 0.673501 0.0171072 0.0242425 0.0196922
0 0.699973 0.696514 0.0166805 0.0392769 0.019654
9 0.122319 0.420991 0.0881427 0.0952471 0.0196464
16 0.420086 0.822978 0.0347291 0.0456991 0.0181581
26 0.223442 0.927724 0.0714923 0.0771357 0.0177663
24 0.335357 0.743009 0.0199854 0.0691378 0.0175798
0 0.346034 0.736151 0.0238208 0.0734955 0.0172139
2 0.0508472 0.753496 0.0226915 0.0937627 0.0154864
7 0.875357 0.676096 0.146491 0.0785843 0.0152693
7 0.759059 0.688714 0.0377872 0.046478 0.0149675
0 0.304325 0.703472 0.0205671 0.0416692 0.0149374
0 0.847463 0.742308 0.0175333 0.052273 0.0148868
0 0.0181427 0.665076 0.00857661 0.017447 0.0147586
0 0.416095 0.677044 0.0202024 0.0583928 0.0143991
0 0.319055 0.690924 0.0128843 0.040977 0.0143647
9 0.0911461 0.444782 0.054655 0.0563539 0.0129051
5 0.758584 0.682374 0.039521 0.033375 0.0126824
0 0.310696 0.729793 0.031349 0.0725655 0.0125606
7 0.233334 0.683686 0.117949 0.106198 0.0123661
0 0.442949 0.77504 0.0224087 0.0606579 0.0120625
24 0.346034 0.736151 0.0238208 0.0734955 0.0118493
2 0.759059 0.688714 0.0377872 0.046478 0.0114824
1 0.414766 0.824534 0.0236481 0.0431633 0.0113755
2 0.758584 0.682374 0.039521 0.033375 0.0112779
26 0.323148 0.81574 0.0637023 0.108534 0.0109897
0 0.339794 0.739661 0.0286935 0.0938395 0.0109781
26 0.414766 0.824534 0.0236481 0.0431633 0.0103499
24 0.490753 0.762595 0.0215292 0.0351418 0.0102301
0 0.314356 0.696504 0.0290545 0.0470187 0.0101982
0 0.0509714 0.753583 0.0228423 0.0937902 0.0100507
7 0.0218412 0.719172 0.0427852 0.558209 0.010047
7 0.770737 0.684517 0.0159931 0.0356274 0.00999027
9 0.103552 0.64379 0.0147054 0.025678 0.0097377
2 0.770737 0.684517 0.0159931 0.0356274 0.0095644
7 0.757335 0.695769 0.0432631 0.0587358 0.00940633
26 0.330207 0.737442 0.0198987 0.0814682 0.00925213
24 0.330207 0.737442 0.0198987 0.0814682 0.0089722
26 0.26981 0.899585 0.0480783 0.153054 0.0087707
26 0.456085 0.770814 0.0149472 0.0522882 0.00862661
24 0.847463 0.742308 0.0175333 0.052273 0.00859496
2 0.553384 0.707319 0.316839 0.261374 0.00850409
0 0.358017 0.756564 0.0213198 0.0965485 0.00845784
0 0.232507 0.719735 0.0337576 0.0810992 0.00843826
24 0.358017 0.756564 0.0213198 0.0965485 0.00834772
0 0.310313 0.692261 0.0190164 0.0430092 0.00824887
2 0.879587 0.698952 0.158593 0.122592 0.00810796
26 0.265077 0.90002 0.0315704 0.146662 0.00768492
26 0.341013 0.740963 0.0276455 0.0856529 0.00748757
56 0.414656 0.824708 0.0238689 0.0433784 0.00726941
0 0.496912 0.718346 0.018625 0.0396717 0.00720713
2 0.0635342 0.702377 0.0496348 0.0527709 0.0065403
0 0.735949 0.698439 0.0123995 0.0303964 0.00648469
26 0.361448 0.758039 0.0228311 0.137916 0.00643155
2 0.085989 0.677981 0.0145775 0.0272209 0.00634599
0 0.492582 0.763135 0.0237806 0.112387 0.00629175
26 0.291207 0.875462 0.0766412 0.181621 0.00628796
26 0.258908 0.913637 0.0221542 0.113467 0.00605962
5 0.0218412 0.719172 0.0427852 0.558209 0.00603044
26 0.222999 0.941435 0.0839436 0.114781 0.00594315
26 0.256152 0.912217 0.0290126 0.126252 0.00581834
36 0.414766 0.824534 0.0236481 0.0431633 0.00565577
0 0.416303 0.662061 0.0250139 0.0599419 0.00552759
2 0.757335 0.695769 0.0432631 0.0587358 0.00540569
0 0.448577 0.770726 0.0297874 0.0734525 0.00529316
26 0.472158 0.749981 0.0292998 0.0742971 0.00507978
0 0.410251 0.69312 0.0207712 0.0352632 0.00498652
0 0.415055 0.676045 0.0259916 0.0683885 0.00489178
7 0.175767 0.694368 0.116359 0.112075 0.00488904
24 0.44289 0.772038 0.0214261 0.067437 0.00481379
3 0.245656 0.852657 0.195708 0.288824 0.00465214
26 0.260175 0.876522 0.0185889 0.0350493 0.00460708
0 0.292911 0.717357 0.0214873 0.0671761 0.00454614
7 0.251234 0.688478 0.0849443 0.11191 0.00441065
26 0.448577 0.770726 0.0297874 0.0734525 0.00439376
24 0.343995 0.742322 0.0248776 0.091162 0.00438172
5 0.770028 0.683097 0.0169449 0.0338631 0.00432679
26 0.847703 0.726736 0.0190619 0.0832129 0.00427976
26 0.513417 0.735313 0.0257988 0.0469507 0.00420392
24 0.225144 0.930596 0.0688145 0.0765883 0.00412312
0 0.751822 0.712054 0.0225632 0.0647602 0.00409064
26 0.243818 0.917446 0.0541345 0.115147 0.00403509
24 0.0508388 0.764439 0.0229014 0.0744555 0.00400817
9 0.695476 0.639231 0.00869942 0.0220567 0.00391969
7 0.0556879 0.703453 0.0333856 0.0560079 0.0038875
2 0.114996 0.699087 0.0556888 0.059793 0.00386935
2 0.0873964 0.675195 0.0218665 0.0282527 0.00371438
26 0.0508388 0.764439 0.0229014 0.0744555 0.00365019
5 0.15262 0.686716 0.126941 0.119063 0.00364614
1 0.421824 0.821438 0.0325518 0.0298861 0.00357932
5 0.759059 0.688714 0.0377872 0.046478 0.00356129
1 0.0509714 0.753583 0.0228423 0.0937902 0.00353298
0 0.81617 0.728517 0.0397543 0.0847827 0.00351685
26 0.444409 0.765872 0.0239914 0.0611219 0.00351554
26 0.245595 0.947116 0.0377852 0.0971642 0.00350681
0 0.761569 0.705638 0.0202941 0.0581698 0.00346962
26 0.286674 0.836735 0.0814295 0.168493 0.0033778
2 0.0532627 0.697399 0.0378532 0.0478338 0.00337613
26 0.261428 0.879782 0.0178241 0.0663386 0.00334579
26 0.245329 0.935353 0.0414682 0.127517 0.00322592
0 0.0183346 0.66868 0.0086392 0.0195473 0.00321588
26 0.496997 0.737873 0.0165314 0.0664291 0.00307527
26 0.356183 0.760293 0.0321896 0.134307 0.00301406
2 0.0995023 0.704874 0.0241098 0.0445147 0.00298569
24 0.414766 0.824534 0.0236481 0.0431633 0.00295043
1 0.420086 0.822978 0.0347291 0.0456991 0.00290915
5 0.175767 0.694368 0.116359 0.112075 0.00288185
2 0.0573422 0.68223 0.0331899 0.0194224 0.00287658
24 0.532481 0.764584 0.0254758 0.0690969 0.00286493
26 0.476389 0.748574 0.037108 0.08723 0.00280851
10 0.138425 0.732065 0.0309584 0.107934 0.00280726
0 0.792456 0.690869 0.00933914 0.0153158 0.00274783
0 0.924648 0.696762 0.0236214 0.0513056 0.0027222
2 0.692183 0.694146 0.0305195 0.0440348 0.00272134
2 0.173025 0.718453 0.0560714 0.0609735 0.00268567
0 0.235242 0.713771 0.0254572 0.0665642 0.00265625
0 0.766421 0.69713 0.019391 0.052596 0.00265601
3 0.218523 0.860543 0.124314 0.277714 0.00264668
1 0.206174 0.976106 0.0877207 0.0472054 0.00263947
0 0.496997 0.737873 0.0165314 0.0664291 0.00259069
0 0.085989 0.677981 0.0145775 0.0272209 0.00258771
0 0.346114 0.759698 0.0314639 0.132779 0.00256744
24 0.312955 0.900616 0.0321727 0.110601 0.00255886
26 0.510492 0.767721 0.0310539 0.132082 0.0025512
2 0.159602 0.737672 0.0126987 0.0351784 0.0025236
24 0.292903 0.896024 0.0672399 0.14521 0.00252226
29 0.881172 0.589465 0.0409679 0.035089 0.00249207
0 0.477958 0.656212 0.0178293 0.0488487 0.0024603
7 0.146489 0.687415 0.118985 0.118631 0.00242582
9 0.302184 0.630634 0.0119861 0.0392362 0.00240567
0 0.414766 0.824534 0.0236481 0.0431633 0.00239915
3 0.207972 0.95211 0.0972747 0.0957793 0.00237703
2 0.19103 0.689034 0.202541 0.123693 0.00235182
0 0.5443 0.66916 0.0138205 0.0295834 0.00234827
0 0.543812 0.677216 0.0151457 0.0447625 0.00234786
0 0.441793 0.775393 0.0261518 0.090183 0.00233963
24 0.489571 0.755261 0.0242393 0.0584936 0.00232661
5 0.757335 0.695769 0.0432631 0.0587358 0.00231886
0 0.444409 0.765872 0.0239914 0.0611219 0.00231141
2 0.152541 0.718603 0.0289183 0.0532633 0.00230321
2 0.047987 0.848948 0.0260022 0.293896 0.00230035
24 0.312239 0.803726 0.0750885 0.1272 0.00228527
56 0.420086 0.822978 0.0347291 0.0456991 0.00227576
2 0.157065 0.728661 0.0161616 0.0405645 0.00227231
2 0.118473 0.704655 0.0646385 0.078772 0.0022648
0 0.334186 0.65998 0.00987358 0.0235243 0.0022538
26 0.298986 0.838518 0.0702511 0.160214 0.00224215
24 0.456085 0.770814 0.0149472 0.0522882 0.00224167
2 0.102408 0.725251 0.013116 0.0208995 0.0022217
0 0.474963 0.768876 0.0648146 0.13795 0.00216749
26 0.483697 0.742068 0.0314774 0.0669304 0.00215644
0 0.617136 0.75051 0.0183146 0.0264373 0.00215492
26 0.510932 0.739749 0.0270721 0.0503187 0.00214997
3 0.193501 0.927077 0.163425 0.136829 0.00214845
0 0.294243 0.701093 0.0255913 0.0577709 0.00213006
24 0.222999 0.941435 0.0839436 0.114781 0.00212008
2 0.0986836 0.693586 0.0236938 0.0559319 0.00210896
26 0.492582 0.763135 0.0237806 0.112387 0.0020946
0 0.198123 0.718105 0.0392497 0.0765055 0.00207978
2 0.103593 0.694478 0.0330291 0.0591499 0.00207177
0 0.503663 0.719775 0.0245234 0.0515091 0.0020656
0 0.539697 0.730941 0.0215689 0.155828 0.0020512
1 0.207972 0.95211 0.0972747 0.0957793 0.00204971
0 0.241127 0.709797 0.0176632 0.0434814 0.00204825
9 0.0535947 0.588212 0.00938158 0.0240112 0.00203341
0 0.542169 0.687176 0.0176657 0.063649 0.00203165
2 0.0583751 0.735464 0.0365804 0.103359 0.00200874
26 0.458934 0.761273 0.0198483 0.0776601 0.00192678
0 0.159602 0.737672 0.0126987 0.0351784 0.00191885
9 0.30428 0.641276 0.0129143 0.0573479 0.00188971
26 0.469251 0.736951 0.0262247 0.0650046 0.00185701
36 0.421824 0.821438 0.0325518 0.0298861 0.00183848
28 0.323148 0.81574 0.0637023 0.108534 0.00179818
13 0.81617 0.728517 0.0397543 0.0847827 0.00179082
0 0.511357 0.73322 0.0314993 0.0769567 0.00178239
2 0.0391166 0.702942 0.0699227 0.0668345 0.00176731
26 0.15776 0.739511 0.0148686 0.0317856 0.0017623
3 0.0508472 0.753496 0.0226915 0.0937627 0.00173935
1 0.442949 0.77504 0.0224087 0.0606579 0.00172883
0 0.288487 0.699661 0.0296505 0.0583773 0.00172812
0 0.476578 0.655988 0.0249094 0.0470891 0.00172621
26 0.261265 0.864849 0.0237045 0.0889687 0.00172102
0 0.532831 0.732725 0.0296606 0.165078 0.00171629
0 0.448373 0.752461 0.0337252 0.0974787 0.00170872
9 0.715338 0.642055 0.00942612 0.0264887 0.00169733
0 0.36969 0.695724 0.0264964 0.0465636 0.00169659
26 0.256498 0.867448 0.0271891 0.0590881 0.00166491
0 0.736606 0.706994 0.0143762 0.0475723 0.00166446
0 0.499068 0.776123 0.0314245 0.151898 0.00165772
2 0.0204775 0.719134 0.0399951 0.557813 0.00165609
2 0.464928 0.750631 0.10551 0.10338 0.00165322
56 0.421824 0.821438 0.0325518 0.0298861 0.00165179
2 0.444409 0.765872 0.0239914 0.0611219 0.00164852
24 0.847703 0.726736 0.0190619 0.0832129 0.00161287
26 0.421824 0.821438 0.0325518 0.0298861 0.00160903
24 0.307951 0.886636 0.0420298 0.143229 0.00160867
0 0.485206 0.312343 0.0356365 0.0511743 0.00160393
9 0.104473 0.655135 0.016372 0.0346385 0.00159559
0 0.828956 0.690038 0.0173618 0.0464269 0.00159231
9 0.101207 0.648027 0.0197534 0.0353385 0.00157648
2 0.0969118 0.701332 0.020538 0.0436554 0.0015606
7 0.114996 0.699087 0.0556888 0.059793 0.00155094
5 0.0603684 0.673826 0.111218 0.646768 0.00154474
0 0.377929 0.729808 0.0240391 0.0984695 0.00154173
36 0.420086 0.822978 0.0347291 0.0456991 0.00153407
2 0.162668 0.71503 0.0741487 0.0686247 0.00152847
2 0.699249 0.696113 0.0179457 0.0402667 0.00152093
0 0.497968 0.709617 0.0224566 0.0611804 0.00151923
0 0.458444 0.749853 0.0567498 0.114756 0.00151002
9 0.0849797 0.448226 0.0709597 0.05976 0.00149688
24 0.448577 0.770726 0.0297874 0.0734525 0.00149196
1 0.847376 0.733666 0.0203667 0.0706006 0.00145847
26 0.305093 0.820594 0.0835952 0.127988 0.00141641
24 0.305093 0.820594 0.0835952 0.127988 0.00140932
0 0.853213 0.687037 0.0194838 0.0346631 0.00140396
24 0.327467 0.70689 0.0201766 0.0522324 0.00140196
7 0.827146 0.716899 0.0505329 0.0778247 0.00138026
