17 0.598339 0.637015 0.33589 0.370869 0.920683
17 0.350214 0.64689 0.280511 0.320266 0.909643
0 0.61922 0.598872 0.168785 0.134927 0.778503
58 0.620165 0.901358 0.188882 0.0953861 0.7402
0 0.390164 0.580506 0.140973 0.118488 0.73266
0 0.756444 0.688416 0.0371448 0.0621805 0.638627
0 0.328711 0.707471 0.0315701 0.0574543 0.485434
0 0.510445 0.691039 0.021539 0.0478592 0.45104
0 0.93428 0.697935 0.020738 0.0521539 0.299018
0 0.412144 0.574799 0.0948548 0.104663 0.286158
0 0.963611 0.699973 0.0463921 0.044813 0.234697
0 0.321271 0.70682 0.0473707 0.0588749 0.0801149
0 0.745376 0.664949 0.0168101 0.01612 0.0572817
0 0.815664 0.6936 0.0174615 0.0316098 0.0377967
0 0.0313143 0.701001 0.0292407 0.0487699 0.036279
0 0.391833 0.621306 0.144211 0.199194 0.0335392
0 0.514824 0.691628 0.0303664 0.047926 0.0329229
0 0.952434 0.68138 0.0191939 0.0207384 0.0319811
0 0.643804 0.580968 0.115662 0.0918146 0.0280766
0 0.30408 0.693272 0.0342379 0.0322825 0.0253253
0 0.597157 0.602773 0.0923287 0.134893 0.0246176
0 0.609607 0.568971 0.0416901 0.047465 0.0224001
0 0.467701 0.699971 0.0530784 0.0590999 0.0202735
0 0.881251 0.699302 0.039637 0.0466465 0.0130518
0 0.524867 0.695182 0.0152604 0.0383442 0.0115021
0 0.24396 0.675271 0.0325985 0.0967381 0.0110322
56 0.0354672 0.715925 0.0435505 0.0700369 0.0101252
0 0.887711 0.702828 0.0298057 0.0393013 0.0100779
0 0.583422 0.608504 0.102414 0.125039 0.00931621
56 0.0353357 0.733696 0.0435804 0.0343593 0.00903007
56 0.0323302 0.724783 0.0380234 0.0537816 0.00897035
13 0.822423 0.716033 0.0769641 0.0122911 0.00866607
2 0.303523 0.693123 0.0334272 0.0291085 0.00844926
56 0.0386164 0.728274 0.0515429 0.0461637 0.00685135
0 0.588368 0.588615 0.0911978 0.139532 0.00583461
0 0.246633 0.657106 0.0255799 0.0595883 0.00544044
0 0.609865 0.597791 0.0877096 0.122336 0.00534391
13 0.821366 0.711037 0.0773194 0.0220266 0.00531965
0 0.979552 0.695991 0.0249056 0.0399019 0.0051024
0 0.877931 0.704167 0.0384607 0.0373884 0.00485098
2 0.0307271 0.701712 0.0306188 0.04915 0.0047648
0 0.237542 0.664317 0.0435246 0.078134 0.00439849
26 0.3837 0.604554 0.0860352 0.0378719 0.0036816
56 0.0432813 0.721821 0.0617467 0.0614803 0.00346833
0 0.580444 0.623421 0.0965456 0.0853962 0.00317869
0 0.930174 0.697774 0.0291667 0.0532194 0.00317231
56 0.302943 0.693655 0.0354396 0.030274 0.00296208
0 0.736284 0.689013 0.0224849 0.0582267 0.00283086
32 0.745376 0.664949 0.0168101 0.01612 0.00282815
56 0.0308818 0.703262 0.0300855 0.0473981 0.00280553
56 0.127293 0.673568 0.0533 0.0556921 0.00273678
2 0.0252121 0.696966 0.0415245 0.0590016 0.00254959
0 0.823798 0.697483 0.0414964 0.0396507 0.0025402
17 0.466719 0.700701 0.0551854 0.0587177 0.00253743
25 0.303523 0.693123 0.0334272 0.0291085 0.00242996
0 0.24807 0.680813 0.0260048 0.106997 0.00236538
0 0.0252121 0.696966 0.0415245 0.0590016 0.00235596
17 0.163894 0.67177 0.126226 0.0614094 0.00229296
0 0.312345 0.706208 0.0488274 0.0597086 0.00227475
0 0.606741 0.559763 0.0414778 0.0707534 0.00222316
13 0.821735 0.701951 0.0829804 0.0394911 0.0022034
13 0.302943 0.693655 0.0354396 0.030274 0.00214252
0 0.230446 0.624701 0.0367391 0.0734614 0.00214204
0 0.423958 0.56812 0.0716723 0.0919254 0.00213587
0 0.243956 0.674643 0.0476736 0.0970591 0.0021331
0 0.232826 0.649631 0.0432634 0.0474826 0.00205159
0 0.492469 0.696549 0.0205244 0.0379687 0.00202873
17 0.540975 0.554947 0.147859 0.203553 0.00196269
0 0.458878 0.702737 0.0384458 0.0498779 0.00191611
2 0.14565 0.646502 0.0441276 0.0113851 0.00184295
0 0.460738 0.727583 0.0698192 0.115266 0.00181386
2 0.138888 0.649782 0.0582903 0.0174919 0.00180176
0 0.238533 0.645975 0.0347855 0.0414348 0.00176999
0 0.74766 0.66437 0.0230195 0.018322 0.00164318
0 0.23016 0.644683 0.0377982 0.0368921 0.00163889
0 0.252954 0.668482 0.0439928 0.0854524 0.00162736
56 0.0517963 0.727736 0.0553821 0.0491801 0.00161752
0 0.21714 0.647654 0.0295633 0.0298604 0.00157103
0 0.652982 0.572898 0.100072 0.0764689 0.00156102
0 0.370602 0.710871 0.0412543 0.0497276 0.00153267
0 0.808361 0.695454 0.0327808 0.0389312 0.00153166
0 0.302977 0.685652 0.0514339 0.0423814 0.00152698
2 0.0259931 0.682213 0.0392695 0.0353102 0.00152668
18 0.127154 0.673129 0.0527525 0.0549325 0.00151962
0 0.954672 0.678747 0.0202414 0.0227461 0.00149751
26 0.386006 0.581402 0.130134 0.0896614 0.00147629
0 0.43588 0.687548 0.119998 0.0953461 0.00139758
0 0.235671 0.625258 0.049498 0.0781716 0.00136751
0 0.41537 0.697406 0.154042 0.139019 0.00136384
1 0.350746 0.645865 0.279338 0.31941 0.00132409
0 0.355672 0.70726 0.0639857 0.0546334 0.00126293
0 0.381704 0.594588 0.126654 0.106579 0.00124162
0 0.0374311 0.715041 0.0470996 0.0721603 0.00120035
0 0.8259 0.697993 0.0632822 0.0424614 0.00119948
0 0.344638 0.610322 0.0510225 0.0546806 0.00119451
0 0.59867 0.637484 0.335835 0.37013 0.00118971
2 0.821366 0.711037 0.0773194 0.0220266 0.00118417
0 0.22972 0.617809 0.0286499 0.0617567 0.0011777
2 0.296255 0.693655 0.0483167 0.0314446 0.00117105
0 0.362282 0.707496 0.0273436 0.046213 0.00114748
0 0.485537 0.700332 0.0200742 0.0494719 0.00113517
0 0.935067 0.677909 0.0215358 0.0204291 0.00112063
2 0.823288 0.715047 0.0775355 0.0144258 0.00111303
0 0.564682 0.626627 0.0659436 0.0752599 0.00108296
0 0.803713 0.697473 0.0436608 0.0454592 0.00108182
0 0.213984 0.651994 0.0311552 0.0307966 0.00106049
0 0.256384 0.686038 0.0462876 0.121384 0.00102729
56 0.821366 0.711037 0.0773194 0.0220266 0.00100675
0 0.797858 0.695717 0.0343074 0.0445484 0.00100589
17 0.128583 0.673342 0.0558586 0.0575276 0.00100034
