54 0.831756 0.317298 0.192179 0.214732 0.923298
54 0.849416 0.789229 0.208419 0.304019 0.914916
54 0.632055 0.818606 0.261447 0.2545 0.914468
54 0.84165 0.529066 0.191328 0.242336 0.910876
54 0.678841 0.4549 0.147217 0.489193 0.903208
54 0.380711 0.559467 0.232032 0.219539 0.892152
54 0.390154 0.406982 0.217599 0.215248 0.885809
54 0.551481 0.510985 0.141703 0.398363 0.881687
54 0.186407 0.431939 0.184324 0.184088 0.858012
54 0.40829 0.665541 0.225455 0.208178 0.849435
54 0.176348 0.304032 0.196571 0.174638 0.834672
54 0.152652 0.551328 0.189559 0.159431 0.806623
54 0.378501 0.183958 0.195951 0.187049 0.800074
54 0.390955 0.841748 0.256234 0.190586 0.794783
54 0.179312 0.794882 0.251937 0.252373 0.790698
54 0.17809 0.647832 0.235905 0.158483 0.709195
54 0.197166 0.204756 0.168987 0.145575 0.650554
54 0.385969 0.311664 0.233236 0.154103 0.621288
54 0.400881 0.293882 0.20808 0.121489 0.243296
54 0.523119 0.271781 0.098691 0.123687 0.166319
60 0.511265 0.520842 0.977469 0.958317 0.151207
54 0.685845 0.600604 0.131248 0.196374 0.070952
55 0.84952 0.78938 0.20741 0.305304 0.0219983
60 0.516717 0.0785767 0.963145 0.0784113 0.0211412
48 0.678525 0.456116 0.147781 0.487159 0.0145408
55 0.552009 0.514564 0.140555 0.391577 0.0116158
54 0.184268 0.255003 0.150667 0.0795361 0.0109728
45 0.510168 0.517307 0.974449 0.957338 0.0107681
60 0.482234 0.0966934 0.951624 0.177881 0.0107247
55 0.678525 0.456116 0.147781 0.487159 0.00835481
54 0.391785 0.275193 0.188281 0.0836782 0.0082292
48 0.631832 0.818248 0.262307 0.255742 0.00820154
60 0.505169 0.0801047 0.989661 0.118743 0.00759456
60 0.550863 0.0642113 0.890118 0.105159 0.00752136
55 0.631832 0.818248 0.262307 0.255742 0.00704578
60 0.512822 0.353563 0.974356 0.6249 0.00639915
48 0.552768 0.513709 0.142674 0.393465 0.00637072
60 0.0259314 0.312077 0.0505438 0.290698 0.00568143
60 0.512959 0.151127 0.974083 0.227782 0.00551119
60 0.513034 0.205605 0.973933 0.328861 0.00462577
48 0.84952 0.78938 0.20741 0.305304 0.00448048
52 0.678525 0.456116 0.147781 0.487159 0.00442046
54 0.108857 0.863887 0.11212 0.107393 0.00373667
54 0.542582 0.551456 0.123571 0.311855 0.0033226
54 0.547356 0.381792 0.126222 0.129124 0.00331855
54 0.411192 0.529934 0.169596 0.152128 0.00320342
52 0.552768 0.513709 0.142674 0.393465 0.00318381
60 0.0272282 0.365195 0.05328 0.398531 0.00315237
54 0.510168 0.517307 0.974449 0.957338 0.00271064
52 0.390955 0.841748 0.256234 0.190586 0.00268528
54 0.186025 0.363882 0.145263 0.0581468 0.00255191
55 0.523025 0.271152 0.0978505 0.124264 0.00234914
48 0.178192 0.793173 0.243459 0.254495 0.00200748
55 0.176698 0.796745 0.248646 0.251865 0.00198975
55 0.842147 0.528626 0.19123 0.243038 0.00193965
53 0.678525 0.456116 0.147781 0.487159 0.00187436
60 0.191985 0.955787 0.383191 0.0867278 0.00185743
60 0.302343 0.498781 0.599967 0.950005 0.00182173
53 0.552156 0.514709 0.141013 0.393852 0.00178644
52 0.178192 0.793173 0.243459 0.254495 0.0017603
54 0.789907 0.154353 0.066391 0.100505 0.00164652
48 0.178012 0.649586 0.238113 0.161786 0.0016087
55 0.379219 0.184482 0.194472 0.187449 0.00152186
73 0.0239317 0.0290952 0.0464741 0.0580344 0.00150293
54 0.675214 0.337679 0.142787 0.26063 0.00148755
18 0.381161 0.558414 0.230077 0.216316 0.00147808
55 0.831705 0.317025 0.191637 0.213304 0.0013566
54 0.195748 0.177555 0.173112 0.0923087 0.00130057
55 0.390955 0.841748 0.256234 0.190586 0.00128394
54 0.17073 0.740066 0.226773 0.144116 0.00126547
54 0.287777 0.264373 0.0446075 0.0943738 0.0012534
60 0.349329 0.0927955 0.698658 0.17875 0.00121018
55 0.381161 0.558414 0.230077 0.216316 0.00116682
54 0.537878 0.379365 0.100451 0.0886255 0.00113568
41 0.952115 0.0546324 0.0955284 0.107756 0.00111985
54 0.180957 0.605784 0.181714 0.0774353 0.00111738
54 0.718655 0.56746 0.499854 0.768566 0.00110671
69 0.511265 0.520842 0.977469 0.958317 0.00105911
56 0.951426 0.0552126 0.0962444 0.107464 0.00102317
52 0.631832 0.818248 0.262307 0.255742 0.00100151
55 0.408077 0.667461 0.224248 0.211542 0.0010004
