20 0.631519 0.600572 0.72523 0.755848 0.92118
20 0.336332 0.484845 0.669375 0.954589 0.849047
0 0.0804228 0.839327 0.160309 0.276668 0.0100273
20 0.978971 0.647156 0.0417069 0.371207 0.00948098
13 0.842198 0.233385 0.204656 0.043977 0.0091452
19 0.342979 0.489451 0.683032 0.959656 0.00880042
24 0.0808716 0.842213 0.161743 0.279517 0.00488502
7 0.868058 0.329065 0.260616 0.241736 0.00477019
17 0.336586 0.485367 0.673172 0.954278 0.00475347
7 0.854477 0.234848 0.22828 0.0495725 0.00412008
20 0.080776 0.839152 0.161552 0.277175 0.00338057
20 0.436776 0.596011 0.870889 0.761346 0.0033465
20 0.250527 0.763288 0.156257 0.362316 0.00331438
20 0.223908 0.661248 0.447816 0.59119 0.00291461
21 0.336586 0.485367 0.673172 0.954278 0.00275964
20 0.91006 0.632308 0.179881 0.33863 0.00267032
20 0.726204 0.624546 0.536265 0.723857 0.00224549
20 0.332734 0.317775 0.665468 0.618283 0.00220439
18 0.342979 0.489451 0.683032 0.959656 0.00214204
20 0.358176 0.775441 0.405383 0.376129 0.00194997
13 0.86624 0.234338 0.25207 0.0533022 0.00191677
20 0.315734 0.683756 0.504657 0.56069 0.00172049
0 0.0326403 0.926717 0.0633924 0.0922047 0.00166264
20 0.316227 0.757241 0.28351 0.359921 0.0016135
16 0.342979 0.489451 0.683032 0.959656 0.00160429
13 0.821061 0.232599 0.149822 0.0392186 0.00153285
2 0.854477 0.234848 0.22828 0.0495725 0.00152761
39 0.033389 0.926684 0.0603678 0.0871807 0.00151521
5 0.854477 0.234848 0.22828 0.0495725 0.00148067
20 1 0.564082 0 0.257691 0.00147024
13 0.844193 0.242306 0.20948 0.0635281 0.00140679
0 0.342979 0.489451 0.683032 0.959656 0.00131989
20 0.167701 0.713663 0.333557 0.479637 0.00122952
20 0.980118 0.542818 0.039716 0.161206 0.00110322
7 0.86606 0.241973 0.251555 0.0697172 0.00104579
20 0.998571 0.640144 0.00285729 0.357954 0.00100788
