14 0.819693 0.56045 0.211621 0.350488 0.931013
14 0.134869 0.178325 0.170061 0.288022 0.924502
14 0.523171 0.408895 0.155884 0.299211 0.917165
14 0.291635 0.378817 0.15711 0.338574 0.915469
14 0.488189 0.69716 0.17811 0.305787 0.901564
14 0.291311 0.60979 0.191396 0.281512 0.788436
14 0.267379 0.81028 0.157418 0.355146 0.78071
14 0.854765 0.811136 0.159794 0.284499 0.723099
14 0.294244 0.787225 0.101718 0.276343 0.152599
14 0.340065 0.611346 0.0993074 0.267656 0.0600989
14 0.235576 0.81376 0.0940961 0.347669 0.0445338
47 0.854618 0.8095 0.160892 0.283699 0.0422428
14 0.511268 0.881389 0.0996204 0.219846 0.0270442
14 0.586005 0.759347 0.0311201 0.0686918 0.0221081
14 0.585924 0.797966 0.0346352 0.152021 0.0174246
14 0.499228 0.627789 0.143198 0.16842 0.0117829
47 0.294091 0.60525 0.19365 0.268307 0.0105442
47 0.57516 0.540805 0.0494611 0.0398891 0.00907338
14 0.48803 0.759439 0.187703 0.429062 0.00757894
14 0.588637 0.820283 0.0446566 0.193948 0.00706732
47 0.226095 0.576081 0.0583452 0.10846 0.0064275
47 0.23544 0.574109 0.0802053 0.113526 0.00470525
14 0.589457 0.825678 0.0617339 0.207138 0.00428572
14 0.399088 0.82584 0.0572055 0.125959 0.00364223
14 0.409876 0.838418 0.0787606 0.150912 0.00330746
47 0.571933 0.536521 0.0623026 0.0479785 0.00324535
14 0.422549 0.871717 0.105498 0.219193 0.00312307
14 0.574024 0.824869 0.0824215 0.202733 0.00310308
47 0.261562 0.573543 0.128968 0.11934 0.00308269
47 0.235762 0.780298 0.092408 0.284495 0.00274077
47 0.21902 0.582671 0.0452903 0.0937036 0.00263578
14 0.42533 0.403647 0.426985 0.373534 0.00228453
47 0.246658 0.566279 0.0988694 0.128176 0.00209585
14 0.390469 0.808912 0.0386178 0.0895543 0.00200438
14 0.405613 0.737143 0.361133 0.42582 0.00193521
47 0.266427 0.554851 0.139524 0.147999 0.00192639
47 0.134712 0.177421 0.169996 0.286214 0.00185195
14 0.806705 0.769691 0.256509 0.389426 0.00164425
14 0.810339 0.280952 0.0888378 0.21239 0.0015083
14 0.278966 0.679259 0.179378 0.402325 0.00146809
14 0.222458 0.252541 0.351199 0.443405 0.00146803
14 0.334578 0.733919 0.297842 0.511451 0.00146049
21 0.29143 0.610286 0.19194 0.277464 0.00142619
14 0.41431 0.609324 0.245275 0.271344 0.00134829
14 0.467878 0.877073 0.192812 0.238939 0.00131837
47 0.278673 0.587591 0.0929897 0.166651 0.00124553
14 0.829249 0.229392 0.050964 0.108489 0.00120348
21 0.267817 0.810195 0.156299 0.354642 0.00117338
14 0.53199 0.627884 0.076797 0.166815 0.00114861
47 0.900663 0.70718 0.0459128 0.0602594 0.00114411
14 0.588523 0.833986 0.0952754 0.223732 0.00113976
47 0.89461 0.722322 0.0286631 0.0294965 0.00113612
14 0.388193 0.783818 0.0265279 0.0440404 0.00111976
14 0.835938 0.218824 0.0374894 0.0881399 0.0011144
47 0.868278 0.651969 0.0995473 0.126997 0.00111294
14 0.369576 0.612682 0.142487 0.269295 0.00111255
21 0.488189 0.69716 0.17811 0.305787 0.00110856
14 0.834238 0.6769 0.194432 0.555259 0.00108624
14 0.808683 0.77326 0.254906 0.263875 0.00107467
14 0.59406 0.765337 0.0487777 0.0943923 0.00107199
14 0.510011 0.902082 0.0834771 0.171353 0.00100484
14 0.236673 0.741643 0.0933441 0.217706 0.00100419
