0 0.218036 0.708479 0.288577 0.583043 0.267173
16 0.223527 0.709574 0.296651 0.580853 0.266763
14 0.0534918 0.443428 0.104875 0.271045 0.168253
15 0.221892 0.711831 0.291723 0.576338 0.146935
15 0.0525456 0.446546 0.102414 0.2688 0.0651799
16 0.0543486 0.44103 0.103024 0.2686 0.0473471
79 0.210921 0.335096 0.259744 0.168529 0.0358477
46 0.570953 0.116622 0.255482 0.183409 0.0343744
77 0.0565841 0.446451 0.107144 0.270708 0.032879
79 0.412416 0.405731 0.266391 0.137564 0.0271012
14 0.210921 0.335096 0.259744 0.168529 0.0167022
45 0.574376 0.12207 0.26626 0.207806 0.0155355
14 0.222666 0.70724 0.286933 0.583089 0.0154169
14 0.175672 0.423413 0.341024 0.323764 0.0104518
21 0.221892 0.711831 0.291723 0.576338 0.0097636
79 0.192178 0.368431 0.307763 0.219243 0.00957033
33 0.210921 0.335096 0.259744 0.168529 0.00933534
23 0.0531644 0.445365 0.102016 0.274398 0.00860867
42 0.209457 0.336551 0.256109 0.168058 0.00792331
46 0.577926 0.149681 0.272285 0.263382 0.00788161
44 0.175363 0.423432 0.350726 0.322524 0.00768796
79 0.176679 0.422978 0.351916 0.317426 0.00764158
2 0.4062 0.493013 0.807029 0.981997 0.00762516
14 0.556125 0.959173 0.0451175 0.0816547 0.00644898
69 0.457914 0.491847 0.910893 0.983693 0.00634977
53 0.0537074 0.441854 0.100003 0.271443 0.0062373
48 0.0565841 0.446451 0.107144 0.270708 0.00612977
76 0.209348 0.332322 0.261307 0.16353 0.0061115
46 0.510831 0.260718 0.204228 0.0941875 0.0059453
21 0.0538617 0.439639 0.0990853 0.252743 0.00591943
18 0.221892 0.711831 0.291723 0.576338 0.00577012
44 0.209457 0.336551 0.256109 0.168058 0.00572199
0 0.0525456 0.446546 0.102414 0.2688 0.00558266
8 0.457914 0.491847 0.910893 0.983693 0.00555298
44 0.192178 0.368431 0.307763 0.219243 0.00535473
7 0.457914 0.491847 0.910893 0.983693 0.0053049
44 0.41759 0.412012 0.280784 0.141373 0.00516665
39 0.210067 0.0421554 0.0895406 0.0554495 0.00493324
8 0.209933 0.0438188 0.0913087 0.052589 0.00476098
45 0.211625 0.0422371 0.0920533 0.055939 0.00459817
60 0.4062 0.493013 0.807029 0.981997 0.00451854
79 0.376743 0.412109 0.200677 0.122546 0.00451726
38 0.210921 0.335096 0.259744 0.168529 0.00440997
25 0.209348 0.332322 0.261307 0.16353 0.00417119
14 0.20978 0.041141 0.0903697 0.0532076 0.00413895
10 0.857322 0.341161 0.138172 0.420799 0.00397101
46 0.0543486 0.44103 0.103024 0.2686 0.00368696
46 0.530717 0.192352 0.37082 0.364289 0.00350311
46 0.210067 0.0421554 0.0895406 0.0554495 0.00348556
74 0.556417 0.959314 0.0445726 0.081372 0.00344184
39 0.858148 0.350571 0.146886 0.463953 0.00334671
42 0.175363 0.423432 0.350726 0.322524 0.00308645
53 0.222666 0.70724 0.286933 0.583089 0.00281161
77 0.222176 0.711972 0.297806 0.576055 0.00254965
76 0.176679 0.422978 0.351916 0.317426 0.00250527
76 0.41759 0.412012 0.280784 0.141373 0.00243756
76 0.192178 0.368431 0.307763 0.219243 0.00241193
61 0.504668 0.236079 0.415444 0.457171 0.0023962
46 0.499408 0.248234 0.442789 0.478915 0.00236598
4 0.425548 0.491898 0.847867 0.975661 0.00233793
76 0.493774 0.252082 0.446349 0.45869 0.00225645
79 0.279389 0.415511 0.538312 0.192611 0.00223252
34 0.210964 0.340146 0.256804 0.167344 0.00222811
46 0.579428 0.121339 0.0795392 0.14136 0.00220087
42 0.41759 0.412012 0.280784 0.141373 0.00219864
61 0.577926 0.149681 0.272285 0.263382 0.0021897
39 0.556211 0.957753 0.0432874 0.0788756 0.00218281
41 0.580274 0.122243 0.267375 0.211375 0.00215879
79 0.493774 0.252082 0.446349 0.45869 0.00215006
79 0.27101 0.43568 0.530783 0.319082 0.00210491
46 0.588803 0.129862 0.0608421 0.127297 0.00207528
74 0.574376 0.12207 0.26626 0.207806 0.00201362
61 0.859172 0.361782 0.141103 0.479461 0.00196701
54 0.0559773 0.443925 0.102283 0.274909 0.00192708
75 0.857214 0.365975 0.145142 0.485989 0.00189275
20 0.221892 0.711831 0.291723 0.576338 0.00187758
17 0.0531644 0.445365 0.102016 0.274398 0.00184339
42 0.192178 0.368431 0.307763 0.219243 0.00184137
25 0.415076 0.406572 0.268391 0.127133 0.00182465
74 0.211625 0.0422371 0.0920533 0.055939 0.00178605
18 0.0564933 0.444994 0.105079 0.274399 0.00178033
46 0.175672 0.423413 0.341024 0.323764 0.0017584
71 0.630021 0.849993 0.572651 0.293469 0.00175267
0 1 0.790708 0 0.418584 0.00174651
55 0.0565841 0.446451 0.107144 0.270708 0.00174597
44 0.279389 0.415511 0.538312 0.192611 0.00173643
29 0.209348 0.332322 0.261307 0.16353 0.00171855
15 0.17744 0.415209 0.35488 0.330593 0.00170219
6 0.457914 0.491847 0.910893 0.983693 0.00169614
46 0.85932 0.337601 0.141548 0.41706 0.00169408
44 0.555375 0.956451 0.0455606 0.0821147 0.0016706
14 0.192178 0.368431 0.307763 0.219243 0.00163558
37 0.209348 0.332322 0.261307 0.16353 0.00157768
46 0.596869 0.134739 0.0498878 0.115215 0.00154215
61 0.545939 0.172379 0.328392 0.313188 0.0015288
4 0.201558 0.356141 0.268141 0.192671 0.00151956
39 0.574376 0.12207 0.26626 0.207806 0.00147969
14 0.227143 0.538719 0.130104 0.241601 0.00140345
46 0.413445 0.408143 0.263441 0.136736 0.00139636
43 0.216707 0.335105 0.249245 0.160902 0.00134245
38 0.413445 0.408143 0.263441 0.136736 0.00132701
71 0.673261 0.74789 0.653478 0.50422 0.00128323
4 0.493774 0.252082 0.446349 0.45869 0.00126982
14 0.122604 0.438998 0.244927 0.284149 0.00124294
41 0.85932 0.337601 0.141548 0.41706 0.00121722
53 0.525214 0.50795 0.91794 0.9841 0.00118756
46 0.606189 0.125173 0.118597 0.131893 0.0011653
42 0.272136 0.416673 0.52924 0.283277 0.00113174
0 0.556125 0.959173 0.0451175 0.0816547 0.00110173
14 0.413445 0.408143 0.263441 0.136736 0.00109509
14 0.562809 0.118099 0.232361 0.183742 0.00109103
79 0.45265 0.345545 0.361234 0.246606 0.00108951
60 1 0.790708 0 0.418584 0.00108188
59 0.458886 0.492386 0.912045 0.984771 0.00107872
44 0.27101 0.43568 0.530783 0.319082 0.00106892
71 0.4062 0.493013 0.807029 0.981997 0.00106826
79 0.556125 0.959173 0.0451175 0.0816547 0.0010573
23 0.217127 0.708951 0.292802 0.582097 0.00102955
76 0.272136 0.416673 0.52924 0.283277 0.00102556
13 0.458886 0.492386 0.912045 0.984771 0.00100589
