2 0.590159 0.68508 0.0611423 0.0776787 0.795124
8 0.9104 0.723598 0.137059 0.203828 0.164616
5 0.590054 0.687758 0.0571722 0.0787694 0.124191
74 0.223512 0.426498 0.0508701 0.122984 0.0757073
7 0.590159 0.68508 0.0611423 0.0776787 0.0604726
2 0.910734 0.732156 0.137954 0.178979 0.0519822
5 0.897137 0.664658 0.16055 0.312757 0.0424232
2 0.385579 0.68646 0.0231939 0.03319 0.0375293
2 0.38101 0.685266 0.0294844 0.0336888 0.032325
2 0.857236 0.76295 0.0279362 0.0873851 0.0304356
74 0.222469 0.451948 0.0478591 0.0731073 0.0263686
2 0.431745 0.657726 0.0349951 0.0291149 0.0242463
2 0.810785 0.679372 0.0227703 0.0264452 0.0215224
25 0.384287 0.517481 0.12121 0.106869 0.0195036
7 0.897137 0.664658 0.16055 0.312757 0.0181651
2 0.422403 0.65835 0.0205196 0.0263638 0.0179927
2 0.909104 0.766645 0.131425 0.096196 0.0161911
2 0.923732 0.706629 0.0466732 0.0415262 0.0161254
2 0.933198 0.704645 0.0277664 0.0389289 0.015692
2 0.375095 0.686706 0.0245666 0.0325099 0.0152855
2 0.91642 0.712292 0.0376093 0.0324767 0.0152706
8 0.881357 0.665328 0.190732 0.300711 0.0148425
7 0.910734 0.732156 0.137954 0.178979 0.0143496
2 0.439765 0.660785 0.0412817 0.027073 0.0134751
74 0.0404287 0.317367 0.0326177 0.139713 0.0114867
0 0.315802 0.717622 0.0145934 0.0681524 0.0102051
3 0.386995 0.689324 0.0203682 0.0341134 0.00963429
74 0.234502 0.417333 0.0336513 0.127041 0.00947869
74 0.191187 0.539986 0.0308203 0.0467918 0.00904077
8 0.327825 0.77062 0.0478282 0.0258277 0.00894699
9 0.302686 0.522201 0.0258426 0.0717084 0.00800887
0 0.38101 0.685266 0.0294844 0.0336888 0.00785524
5 0.90963 0.731357 0.134577 0.182288 0.00777495
8 0.387834 0.515337 0.122633 0.100524 0.00738657
8 0.588063 0.685327 0.0622484 0.0796473 0.00727665
8 0.984567 0.673813 0.0269882 0.302502 0.00699583
2 0.327825 0.77062 0.0478282 0.0258277 0.00692734
2 0.373673 0.691138 0.0262562 0.0375645 0.00649953
0 0.386995 0.689324 0.0203682 0.0341134 0.00640804
74 0.596826 0.320016 0.0197792 0.0220195 0.00637591
3 0.381896 0.688606 0.0266015 0.0354493 0.00635174
5 0.859857 0.663408 0.23955 0.311623 0.006118
2 0.862 0.767282 0.0376829 0.0905193 0.00602722
2 0.284649 0.779264 0.0425513 0.024228 0.00573379
74 0.302686 0.522201 0.0258426 0.0717084 0.00546151
8 0.345349 0.768406 0.167159 0.0421996 0.00493234
1 0.386995 0.689324 0.0203682 0.0341134 0.00486264
8 0.815879 0.472676 0.331763 0.701464 0.00481096
8 0.357225 0.764764 0.126919 0.0322667 0.00469819
0 0.33012 0.716828 0.0181819 0.0685598 0.00450829
8 0.874583 0.490936 0.206589 0.666548 0.00430408
2 0.289025 0.774567 0.0468954 0.0226473 0.00426084
74 0.215306 0.423557 0.0738193 0.140933 0.00418457
74 0.321303 0.439263 0.0156419 0.0515275 0.00403911
0 0.34321 0.721101 0.0176182 0.0619182 0.00389257
0 0.375095 0.686706 0.0245666 0.0325099 0.00373772
8 0.356888 0.754806 0.132706 0.0462688 0.00367734
2 0.446618 0.661292 0.0334893 0.0278851 0.00355497
62 0.387237 0.515311 0.121036 0.102874 0.00351116
8 0.521029 0.5568 0.0773411 0.0331733 0.00348717
2 0.899817 0.663307 0.16631 0.314649 0.00337359
1 0.381896 0.688606 0.0266015 0.0354493 0.00333959
58 0.386995 0.689324 0.0203682 0.0341134 0.00332105
0 0.923732 0.706629 0.0466732 0.0415262 0.00325671
74 0.843009 0.445762 0.0162727 0.0244789 0.0031361
62 0.521814 0.556104 0.0834986 0.033399 0.00305107
2 0.984057 0.759086 0.0280754 0.122686 0.00298443
8 0.345897 0.734805 0.16546 0.095258 0.00291181
0 0.338693 0.71442 0.020705 0.0724008 0.00290245
0 0.936372 0.706912 0.0293463 0.0415525 0.00284353
2 0.810111 0.664407 0.0231985 0.0419969 0.00282025
7 0.385579 0.68646 0.0231939 0.03319 0.00276905
74 0.657302 0.521782 0.0359886 0.0475237 0.00271085
0 0.810785 0.679372 0.0227703 0.0264452 0.00270036
2 0.635543 0.66328 0.0275667 0.0200072 0.00268993
8 0.985941 0.763613 0.0247784 0.109755 0.00264692
7 0.859857 0.663408 0.23955 0.311623 0.00264657
0 0.842505 0.694899 0.0150845 0.0224438 0.00262451
74 0.952743 0.210403 0.01367 0.0203617 0.00260034
0 0.766953 0.659693 0.0111172 0.0366617 0.00243846
74 0.148998 0.614196 0.206388 0.221854 0.00235155
74 0.278502 0.17341 0.0368059 0.0970233 0.00224426
5 0.985209 0.671938 0.0268242 0.304081 0.00218514
0 0.832954 0.693024 0.0186411 0.0215683 0.00215587
2 0.439537 0.676753 0.0511661 0.0603848 0.00214493
12 0.302489 0.523868 0.0293145 0.0679083 0.00213
0 0.657565 0.209479 0.0206031 0.0453721 0.00208682
2 0.357225 0.764764 0.126919 0.0322667 0.00208613
74 0.206578 0.0740178 0.0253569 0.0813491 0.00207105
4 0.383713 0.516628 0.120603 0.10567 0.00206482
8 0.879851 0.675512 0.0389254 0.118881 0.00204021
0 0.676813 0.587239 0.0132666 0.0357207 0.00201282
13 0.590159 0.68508 0.0611423 0.0776787 0.00200003
0 0.677686 0.604736 0.0119471 0.0635926 0.00196415
6 0.899817 0.663307 0.16631 0.314649 0.00194535
39 0.321025 0.439385 0.0157235 0.0560064 0.00192076
8 0.37249 0.761474 0.100947 0.0369476 0.0019024
6 0.387059 0.515835 0.122064 0.109864 0.0018979
7 0.38101 0.685266 0.0294844 0.0336888 0.00189346
74 0.303926 0.512703 0.0278109 0.0479863 0.00187314
74 0.0430147 0.269369 0.0276751 0.0427546 0.00184187
2 0.812696 0.686662 0.0332165 0.0370613 0.00180888
2 0.929085 0.694205 0.0805323 0.0736687 0.00180271
74 0.0758069 0.526236 0.0313395 0.0335816 0.001782
2 0.955884 0.689433 0.0343212 0.0611135 0.001753
8 0.289025 0.774567 0.0468954 0.0226473 0.00174287
0 0.808264 0.651077 0.0195763 0.0290327 0.00173306
8 0.920907 0.707445 0.0492672 0.043177 0.00170937
74 0.491613 0.381197 0.0235481 0.0448242 0.00170335
7 0.386337 0.519076 0.126596 0.099613 0.00169757
7 0.531942 0.506306 0.0870825 0.0797967 0.00161305
74 0.199873 0.331921 0.0319531 0.032259 0.00160587
7 0.810785 0.679372 0.0227703 0.0264452 0.00160483
74 0.494083 0.283823 0.0172123 0.0191537 0.00156924
0 0.397479 0.599896 0.0149328 0.0276972 0.00155851
2 0.523065 0.554872 0.0893717 0.0303209 0.00153911
74 0.521029 0.5568 0.0773411 0.0331733 0.00152868
2 0.945832 0.691915 0.0555151 0.0720272 0.00151685
13 0.327659 0.77033 0.0525412 0.0256974 0.00150508
62 0.531942 0.506306 0.0870825 0.0797967 0.00145686
0 0.666871 0.494977 0.0131785 0.0225686 0.0014357
58 0.381896 0.688606 0.0266015 0.0354493 0.00142893
11 0.303362 0.523135 0.0287859 0.0695325 0.00142735
8 0.32524 0.777197 0.119311 0.0346021 0.00140411
8 0.38101 0.685266 0.0294844 0.0336888 0.00139973
2 0.692177 0.661424 0.0287724 0.0197612 0.00138599
74 0.306563 0.35518 0.0106113 0.066036 0.00137013
7 0.422403 0.65835 0.0205196 0.0263638 0.00136793
8 0.86993 0.716473 0.168612 0.204308 0.00135514
2 0.535278 0.476835 0.0599348 0.0230138 0.00135064
13 0.386995 0.689324 0.0203682 0.0341134 0.0013423
0 0.818093 0.180685 0.0158457 0.0282864 0.00132734
8 0.518686 0.55269 0.0968206 0.0322806 0.00131777
25 0.521029 0.5568 0.0773411 0.0331733 0.0012767
7 0.431745 0.657726 0.0349951 0.0291149 0.00127354
9 0.553973 0.514252 0.0145242 0.0423778 0.00127348
2 0.788949 0.516556 0.0492435 0.0303298 0.00126377
0 0.828328 0.618599 0.0117346 0.0255546 0.00126207
8 0.652199 0.563758 0.0457476 0.0256932 0.00124863
8 0.506794 0.436316 0.0393341 0.0248067 0.00124773
0 0.331056 0.70053 0.0235299 0.0461357 0.00123739
60 0.345349 0.768406 0.167159 0.0421996 0.00122207
14 0.658339 0.211471 0.0183837 0.042608 0.00121823
8 0.439765 0.660785 0.0412817 0.027073 0.0012145
8 0.431745 0.657726 0.0349951 0.0291149 0.00120938
8 0.385579 0.68646 0.0231939 0.03319 0.00120074
58 0.228299 0.818684 0.0283957 0.0671482 0.00119594
8 0.595787 0.528504 0.0537998 0.0491071 0.00119027
0 0.446618 0.661292 0.0334893 0.0278851 0.00117704
74 0.986102 0.6843 0.0249844 0.316652 0.00117558
74 0.0144847 0.306306 0.0266694 0.220984 0.00117341
8 0.63654 0.663718 0.0256334 0.0189408 0.00115955
2 0.986668 0.761444 0.0231182 0.104852 0.00115603
2 0.356888 0.754806 0.132706 0.0462688 0.00115266
25 0.294908 0.119747 0.0584949 0.228234 0.00114948
8 0.502212 0.556922 0.124074 0.0376613 0.00114855
25 0.0837698 0.786259 0.0310831 0.143362 0.00114313
6 0.90963 0.731357 0.134577 0.182288 0.00112978
25 0.912399 0.72095 0.135012 0.208596 0.00112939
58 0.373673 0.691138 0.0262562 0.0375645 0.00110975
0 0.792389 0.695968 0.0151207 0.0240175 0.00110561
25 0.87107 0.559259 0.174256 0.105856 0.00108692
2 0.426993 0.654603 0.0271505 0.0294947 0.0010846
6 0.522236 0.553917 0.0861238 0.0323702 0.00108457
74 0.304466 0.358876 0.0131619 0.0685773 0.00107104
58 0.595209 0.517045 0.0538487 0.0365512 0.00106546
8 0.373673 0.691138 0.0262562 0.0375645 0.00105906
0 0.91642 0.712292 0.0376093 0.0324767 0.00105783
58 0.988982 0.762002 0.018684 0.100545 0.00104716
2 0.272785 0.790418 0.0195612 0.0444828 0.00104445
24 0.857094 0.763143 0.0275812 0.0887097 0.00103396
8 0.321248 0.726212 0.111353 0.10047 0.00102985
8 0.309337 0.720174 0.0858375 0.0892611 0.00102615
8 0.608936 0.57605 0.0491558 0.028965 0.00102395
2 0.832954 0.693024 0.0186411 0.0215683 0.0010148
