41 0.526474 0.553916 0.742212 0.829015 0.940958
79 0.537601 0.263011 0.19559 0.333028 0.836285
79 0.413641 0.339808 0.160412 0.177075 0.786652
79 0.247805 0.274019 0.197598 0.277316 0.535892
79 0.262446 0.315882 0.225155 0.358799 0.0968495
79 0.453338 0.468798 0.240575 0.438309 0.0462768
79 0.537485 0.186506 0.19392 0.182688 0.044279
39 0.523822 0.550355 0.748451 0.817848 0.0202671
41 0.47329 0.811927 0.464588 0.289681 0.0115751
75 0.528864 0.553778 0.744062 0.837213 0.0114511
79 0.407059 0.460031 0.213991 0.422457 0.0103493
40 0.52751 0.553161 0.737316 0.828863 0.00886476
79 0.387101 0.383553 0.219285 0.264419 0.00805643
79 0.472032 0.429029 0.281814 0.565254 0.00722349
79 0.436981 0.410429 0.206556 0.319203 0.0041272
79 0.383565 0.153026 0.177999 0.0618068 0.00390199
79 0.243551 0.234576 0.189306 0.196952 0.00326025
41 0.635978 0.899523 0.717673 0.186175 0.00298882
79 0.542693 0.321458 0.13946 0.233363 0.00269461
79 0.539942 0.452253 0.154126 0.554123 0.00246462
79 0.266422 0.385035 0.238602 0.500507 0.002422
33 0.413641 0.339808 0.160412 0.177075 0.0023199
41 0.475831 0.773864 0.456232 0.206425 0.00218615
79 0.846071 0.899133 0.306194 0.185804 0.00179842
39 0.271347 0.329009 0.250832 0.388687 0.00138688
79 0.489893 0.601377 0.149423 0.18754 0.00114575
14 0.414784 0.339264 0.163192 0.176049 0.00103781
76 0.537219 0.262619 0.197643 0.33585 0.00102437
79 0.333317 0.380467 0.11799 0.20576 0.00100246
