5 0.542955 0.51141 0.647145 0.553147 0.955887
1 0.199711 0.63234 0.0419515 0.126347 0.575015
0 0.898151 0.602198 0.0234707 0.0830524 0.516466
0 0.0238645 0.516173 0.0318823 0.0614598 0.263404
0 0.895156 0.608441 0.0283508 0.0939662 0.209192
1 0.191906 0.628975 0.0588316 0.133161 0.204141
0 0.00563295 0.54126 0.010386 0.0379379 0.160131
0 0.872125 0.582066 0.0147573 0.0814951 0.156536
56 0.89245 0.642224 0.0215076 0.0583776 0.151084
0 0.0690612 0.514777 0.0356735 0.0556155 0.150552
0 0.912827 0.561177 0.0149311 0.0313933 0.146475
56 0.903588 0.640949 0.0215908 0.0530062 0.138041
0 0.914377 0.557425 0.0191784 0.0386786 0.135095
0 0.871599 0.593508 0.014328 0.057498 0.126454
0 0.954858 0.558089 0.0142273 0.0386681 0.100612
0 0.0198223 0.52383 0.0375565 0.0760447 0.0962022
0 0.942118 0.556082 0.0158249 0.0346827 0.0945448
56 0.886386 0.645331 0.0243557 0.0523771 0.0870354
0 0.873686 0.566344 0.0130646 0.0531599 0.0867555
56 0.901538 0.643087 0.0291416 0.0557299 0.0821344
0 0.93686 0.559018 0.0118542 0.029632 0.0785168
1 0.0277133 0.685259 0.028223 0.0473854 0.075769
0 0.00609751 0.527057 0.0107858 0.0698516 0.0584532
0 0.0204629 0.571613 0.0397882 0.171495 0.055261
56 0.985793 0.61354 0.0270962 0.0463944 0.0549152
0 0.910171 0.568077 0.0129765 0.0237207 0.0523555
1 0.204612 0.602186 0.0401378 0.0851845 0.0408137
0 0.877347 0.604713 0.0152924 0.0363228 0.0387976
1 0.0275089 0.676281 0.0293906 0.0631012 0.0385091
0 0.867835 0.585068 0.0200762 0.0835516 0.0381915
13 0.985767 0.617371 0.0266113 0.0384136 0.0349837
1 0.171123 0.633222 0.100363 0.126743 0.034593
1 0.89245 0.642224 0.0215076 0.0583776 0.0316459
0 0.0328219 0.513403 0.0358925 0.0564961 0.0306386
1 0.903588 0.640949 0.0215908 0.0530062 0.0297856
0 0.00624586 0.549235 0.0114738 0.0629478 0.0290515
9 0.0841431 0.39915 0.011604 0.0311 0.0285321
0 0.939144 0.558051 0.0180443 0.0312675 0.0270655
0 0.90304 0.602815 0.0304626 0.0890931 0.0265626
0 0.556441 0.560085 0.0470804 0.0574968 0.0227311
56 0.908385 0.643304 0.0307308 0.0516383 0.0221939
1 0.985953 0.614597 0.0269283 0.0446364 0.0211834
0 0.0136434 0.575353 0.026787 0.163519 0.0210708
1 0.0275884 0.654373 0.0320112 0.106057 0.0206504
1 0.0117351 0.617698 0.0225102 0.0809998 0.0201593
0 0.875637 0.56174 0.0135876 0.045065 0.0195251
1 0.877347 0.604713 0.0152924 0.0363228 0.018386
0 0.413331 0.473453 0.0374495 0.0829418 0.0167573
0 0.951188 0.553804 0.0153757 0.0422044 0.0165474
0 0.00503628 0.524041 0.0100726 0.0612124 0.0140392
1 0.901538 0.643087 0.0291416 0.0557299 0.0137882
56 0.876997 0.643811 0.0373713 0.0548655 0.0136712
0 0.895123 0.59479 0.0228909 0.0981746 0.0125623
0 0.564328 0.561655 0.0323237 0.0549713 0.0123938
0 0.88894 0.625815 0.0288836 0.0751049 0.0122146
0 0.954572 0.583796 0.017045 0.0921487 0.0110462
0 0.8781 0.592038 0.0205141 0.0723127 0.00986132
0 0.329436 0.498349 0.0489065 0.0732888 0.00975657
0 0.864914 0.594858 0.0227959 0.107364 0.00914538
13 0.876997 0.643811 0.0373713 0.0548655 0.0083434
0 0.0443403 0.515305 0.0601264 0.057219 0.00779802
26 0.877347 0.604713 0.0152924 0.0363228 0.00749817
74 0.952868 0.471043 0.0192478 0.0302797 0.00747761
1 0.013169 0.604386 0.0254335 0.107541 0.007422
56 0.88894 0.625815 0.0288836 0.0751049 0.00718686
1 0.196298 0.604831 0.0447608 0.0915359 0.00710452
1 0.88894 0.625815 0.0288836 0.0751049 0.00702626
56 0.994853 0.615798 0.0102942 0.0458577 0.00693241
0 0.91337 0.590023 0.0183601 0.0838529 0.00688553
56 0.877347 0.604713 0.0152924 0.0363228 0.00675565
13 0.886386 0.645331 0.0243557 0.0523771 0.00666174
1 0.188921 0.600254 0.0440661 0.083807 0.00662917
56 0.929824 0.622262 0.0127707 0.013294 0.00657508
1 0.0234171 0.633285 0.0424775 0.149712 0.00649554
0 0.0402608 0.517832 0.0237949 0.045796 0.00623155
60 0.886386 0.645331 0.0243557 0.0523771 0.00604352
9 0.0872706 0.398329 0.0186126 0.0323957 0.00592211
0 0.190624 0.577962 0.0148465 0.0454581 0.00581327
56 0.013169 0.604386 0.0254335 0.107541 0.00577939
60 0.89245 0.642224 0.0215076 0.0583776 0.00541961
56 0.911138 0.633771 0.0245396 0.0436518 0.00511268
0 0.407999 0.478348 0.0453436 0.0931071 0.00477919
9 0.204159 0.416431 0.0122515 0.0433335 0.00459081
0 0.855165 0.631261 0.00819283 0.0356485 0.00434735
1 0.209024 0.61766 0.0300386 0.0886396 0.00433174
56 0.934092 0.600551 0.037254 0.0577244 0.00423974
0 0.994853 0.615798 0.0102942 0.0458577 0.00411496
0 0.561032 0.553601 0.0397105 0.0668965 0.00406215
0 0.351963 0.459945 0.0553808 0.0642412 0.00402927
0 0.990421 0.597279 0.0186493 0.0755823 0.00402191
60 0.88894 0.625815 0.0288836 0.0751049 0.00399944
0 0.202694 0.568316 0.0183339 0.0350989 0.00394869
1 0.908385 0.643304 0.0307308 0.0516383 0.00390005
1 0.871599 0.593508 0.014328 0.057498 0.00388813
0 0.33814 0.503519 0.0631903 0.0831311 0.00386825
0 0.333442 0.492201 0.0406799 0.0593226 0.00377917
1 0.190624 0.577962 0.0148465 0.0454581 0.00374815
1 0.171608 0.576809 0.0201551 0.0304503 0.00368109
60 0.985886 0.616624 0.0275284 0.039656 0.00349474
0 0.863504 0.601954 0.0162334 0.101324 0.00348684
56 0.942626 0.606486 0.0235882 0.045601 0.00347939
3 0.877347 0.604713 0.0152924 0.0363228 0.00345412
0 0.992655 0.57397 0.013961 0.0330214 0.00344265
13 0.903588 0.640949 0.0215908 0.0530062 0.00336567
56 0.953768 0.605431 0.0161152 0.0479348 0.00329316
0 0.20752 0.553768 0.0125608 0.0322033 0.00317392
56 0.985668 0.600255 0.0281609 0.0710609 0.00309321
60 0.934209 0.599455 0.0400751 0.062163 0.00307849
13 0.89245 0.642224 0.0215076 0.0583776 0.00306654
56 0.0117351 0.617698 0.0225102 0.0809998 0.00297764
0 0.386319 0.477826 0.0492909 0.087 0.00297081
1 0.18106 0.574174 0.0310034 0.0524224 0.00294545
1 0.0528628 0.677146 0.0791335 0.0666994 0.00290096
1 0.202694 0.568316 0.0183339 0.0350989 0.00289956
0 0.917198 0.594287 0.0204836 0.0705458 0.00280747
13 0.868106 0.644177 0.0340889 0.0602865 0.00270706
0 0.355769 0.473156 0.0641687 0.0885795 0.00263089
56 0.868106 0.644177 0.0340889 0.0602865 0.00252461
0 0.358826 0.498633 0.0516788 0.0731143 0.00251949
1 0.886386 0.645331 0.0243557 0.0523771 0.00247431
1 0.214216 0.605171 0.0409377 0.0803294 0.0024702
0 0.087549 0.523071 0.0248889 0.0498883 0.00245368
13 0.908385 0.643304 0.0307308 0.0516383 0.00244743
0 0.074542 0.520275 0.0489695 0.0578622 0.00241044
0 0.0121365 0.602659 0.0238001 0.109994 0.00238073
3 0.0275245 0.684716 0.0280733 0.0481513 0.00237828
0 0.946492 0.586999 0.0292078 0.0863351 0.0023264
0 0.346629 0.454464 0.0490991 0.0589705 0.00230932
13 0.88894 0.625815 0.0288836 0.0751049 0.00228116
60 0.876997 0.643811 0.0373713 0.0548655 0.00215811
13 0.98135 0.614629 0.0356609 0.0447228 0.00215179
13 0.877347 0.604713 0.0152924 0.0363228 0.00214568
56 0.895156 0.608441 0.0283508 0.0939662 0.00208232
0 0.353624 0.507306 0.058023 0.0724236 0.00202268
56 0.944603 0.597926 0.0257889 0.0629797 0.00201342
0 0.1197 0.529973 0.0166332 0.0519446 0.00201133
60 0.903588 0.640949 0.0215908 0.0530062 0.00194147
13 0.994853 0.615798 0.0102942 0.0458577 0.00185317
56 0.954666 0.596701 0.0168922 0.065974 0.00184199
13 0.901538 0.643087 0.0291416 0.0557299 0.0017646
0 0.422877 0.474822 0.0576113 0.0882587 0.00174549
13 0.929824 0.622262 0.0127707 0.013294 0.00172728
9 0.0847882 0.395072 0.0162065 0.0397858 0.00169975
0 0.734986 0.536528 0.0278347 0.0726703 0.00168478
0 0.73192 0.530319 0.0333547 0.0582321 0.00165242
1 0.20752 0.553768 0.0125608 0.0322033 0.00164503
24 0.877347 0.604713 0.0152924 0.0363228 0.001625
58 0.992655 0.57397 0.013961 0.0330214 0.00162441
0 0.379899 0.504255 0.0411526 0.0569207 0.0016239
0 0.737031 0.547725 0.0219593 0.0649987 0.00162265
60 0.902373 0.643963 0.030365 0.0554175 0.00161365
1 0.203025 0.588044 0.0340736 0.101101 0.00160265
0 0.399527 0.481089 0.0545754 0.0875027 0.00157449
0 0.39812 0.476606 0.0405399 0.0740344 0.00157139
56 0.917198 0.594287 0.0204836 0.0705458 0.00154868
13 0.0127119 0.609773 0.0241727 0.0976655 0.00151494
0 0.117199 0.538264 0.0117176 0.0358852 0.00148621
1 0.190498 0.581134 0.0525157 0.0878892 0.00148496
58 0.877347 0.604713 0.0152924 0.0363228 0.00147641
0 0.732058 0.519718 0.0348156 0.0494613 0.00145426
0 0.582198 0.639395 0.0109525 0.027714 0.00144321
0 0.780238 0.545838 0.0123447 0.0264228 0.00142953
0 0.365695 0.510782 0.0522058 0.0621101 0.00142571
2 0.877347 0.604713 0.0152924 0.0363228 0.00140727
3 0.0275884 0.654373 0.0320112 0.106057 0.00140524
2 0.160413 0.55866 0.0688642 0.0662351 0.00139976
13 0.934092 0.600551 0.037254 0.0577244 0.00139737
56 0.856645 0.635814 0.0107183 0.043017 0.00138199
56 0.872306 0.594624 0.0162029 0.0667303 0.00138187
16 0.877347 0.604713 0.0152924 0.0363228 0.00135005
1 0.175329 0.574542 0.0264486 0.0334012 0.00133955
0 0.318016 0.501451 0.0486654 0.073354 0.00132331
13 0.856645 0.635814 0.0107183 0.043017 0.00131935
0 0.641097 0.530009 0.0276567 0.0836269 0.00130671
0 0.955436 0.541287 0.0126026 0.0448885 0.00129795
0 0.317042 0.485779 0.0495192 0.0758291 0.00129303
0 0.202316 0.60035 0.0387372 0.0813032 0.00127393
0 0.55279 0.568073 0.0540388 0.0739695 0.00124988
0 0.356958 0.505095 0.039192 0.0550882 0.00122666
0 0.389988 0.484547 0.039378 0.0854482 0.00122225
1 0.18888 0.565514 0.0190024 0.0529933 0.00120923
1 0.994853 0.615798 0.0102942 0.0458577 0.00120634
56 0.915774 0.637017 0.047287 0.051597 0.00120604
0 0.341329 0.489564 0.0508546 0.0673141 0.00120434
0 0.829752 0.56596 0.0122475 0.0372568 0.00120166
0 0.68294 0.529073 0.0202547 0.0672033 0.00119436
3 0.0234171 0.633285 0.0424775 0.149712 0.00117707
9 0.18095 0.470357 0.0113315 0.0313251 0.00112844
0 0.568657 0.559084 0.0288432 0.0570913 0.00112715
0 0.18888 0.565514 0.0190024 0.0529933 0.00112233
0 0.379054 0.485486 0.049991 0.0846954 0.00110915
0 0.36723 0.507309 0.0421143 0.0498452 0.00109121
3 0.0117351 0.617698 0.0225102 0.0809998 0.00105393
1 0.911138 0.633771 0.0245396 0.0436518 0.00104803
0 0.378803 0.516531 0.0313414 0.0435784 0.00104153
0 0.18106 0.574174 0.0310034 0.0524224 0.00103778
13 0.911138 0.633771 0.0245396 0.0436518 0.00103748
60 0.877347 0.604713 0.0152924 0.0363228 0.00102922
0 0.216134 0.547984 0.0113609 0.0474178 0.00102687
1 0.0596013 0.628176 0.0985116 0.167403 0.00102523
0 0.944603 0.597926 0.0257889 0.0629797 0.00102216
0 0.207441 0.593503 0.0337933 0.089056 0.00101584
3 0.871599 0.593508 0.014328 0.057498 0.00100225
