14 0.180955 0.426854 0.0588723 0.046958 0.79487
14 0.387341 0.288201 0.0574028 0.0346182 0.790246
14 0.494344 0.314414 0.0551447 0.0432312 0.787395
14 0.712577 0.381654 0.0347675 0.0373264 0.736561
14 0.0185928 0.407208 0.0371857 0.0363641 0.681237
14 0.718551 0.467233 0.0346155 0.0341875 0.676244
14 0.262794 0.3976 0.0462297 0.0289052 0.660484
14 0.950371 0.383221 0.0322596 0.0269885 0.4619
0 0.388228 0.673218 0.0213396 0.0636149 0.207296
8 0.547109 0.659029 0.0127773 0.0195999 0.149902
0 0.723438 0.68022 0.0190481 0.0418559 0.129115
0 0.719404 0.679775 0.0265842 0.0430197 0.12582
0 0.547109 0.659029 0.0127773 0.0195999 0.102745
14 0.547109 0.659029 0.0127773 0.0195999 0.10083
0 0.797541 0.685174 0.0241997 0.0329531 0.0791382
8 0.852004 0.68505 0.0630608 0.0455399 0.0564634
8 0.511381 0.71077 0.189181 0.0343885 0.0348908
8 0.509365 0.69491 0.19271 0.0645432 0.0322137
8 0.800286 0.686838 0.030612 0.0349871 0.0317076
8 0.842895 0.683115 0.0420185 0.0411507 0.0299279
8 0.833495 0.685474 0.0977852 0.044428 0.0278666
0 0.282747 0.63971 0.00830231 0.0143247 0.027862
8 0.716512 0.680784 0.0341559 0.0450417 0.0274934
8 0.00652397 0.767034 0.0120043 0.0274551 0.0267966
8 0.51079 0.704911 0.193725 0.0494741 0.0258617
8 0.894314 0.620671 0.0464531 0.0207369 0.0226071
8 0.83572 0.682274 0.0279125 0.0401085 0.019263
14 0.66534 0.545817 0.0385757 0.0298103 0.0188625
5 0.299264 0.630793 0.0712438 0.0262739 0.0167791
14 0.789062 0.61241 0.0246502 0.0260143 0.0167445
8 0.546923 0.653781 0.0137545 0.0310338 0.0154735
2 0.842895 0.683115 0.0420185 0.0411507 0.0152247
2 0.852004 0.68505 0.0630608 0.0455399 0.0143439
14 0.706285 0.467647 0.0586435 0.0334863 0.0139786
8 0.387732 0.706638 0.0268367 0.0202736 0.013319
0 0.0300496 0.704386 0.00988619 0.0207292 0.0129852
0 0.4158 0.716251 0.0138379 0.0263237 0.0125236
8 0.515077 0.705984 0.191951 0.021736 0.0112031
2 0.387231 0.705974 0.0258843 0.021718 0.0111175
8 0.893674 0.619831 0.0575874 0.0258232 0.0104075
7 0.895406 0.620194 0.0533884 0.0245827 0.0101557
7 0.844523 0.683466 0.0466423 0.041311 0.0100242
14 0.963985 0.381717 0.0626665 0.0302741 0.00922433
8 0.725472 0.624565 0.0178215 0.0110219 0.00867987
4 0.49399 0.314345 0.0550989 0.0436617 0.00848728
0 0.291693 0.639521 0.0116632 0.0143801 0.00841117
8 0.294917 0.708584 0.103558 0.0220164 0.0082767
0 0.414766 0.714861 0.0119402 0.0206263 0.00802159
8 0.294754 0.714268 0.124751 0.0305021 0.00754347
8 0.278543 0.686172 0.259769 0.0701324 0.00733227
8 0.575679 0.695013 0.057177 0.0504167 0.00699764
0 0.716753 0.680312 0.0343584 0.0508818 0.00694934
14 0.702859 0.38221 0.0581442 0.0391041 0.00688031
8 0.5191 0.715288 0.209492 0.0325544 0.0068284
0 0.417469 0.711801 0.0193869 0.0265116 0.00664082
7 0.298631 0.631821 0.0723707 0.0293805 0.0066317
8 0.885003 0.620341 0.0778538 0.0205076 0.00654075
8 0.654997 0.626136 0.0560641 0.189085 0.00635403
8 0.299264 0.630793 0.0712438 0.0262739 0.00593513
7 0.716208 0.681935 0.0330425 0.0431436 0.00586557
33 0.71865 0.466908 0.0344702 0.0340265 0.00573546
0 0.83572 0.682274 0.0279125 0.0401085 0.00559324
0 0.387732 0.706638 0.0268367 0.0202736 0.00548041
8 0.818226 0.68425 0.0673771 0.0447437 0.00532788
2 0.83572 0.682274 0.0279125 0.0401085 0.00521642
8 0.494259 0.315355 0.0556504 0.0429952 0.00513044
8 0.794814 0.610864 0.0180176 0.0311769 0.00506601
8 0.805627 0.690867 0.0425991 0.0442792 0.00472629
8 0.544541 0.657327 0.0207602 0.0233526 0.00471142
8 0.382851 0.700288 0.0489329 0.0342206 0.00456625
8 0.708403 0.624749 0.0152923 0.0120979 0.00454104
0 0.270314 0.640293 0.0106061 0.0127379 0.0045203
2 0.800286 0.686838 0.030612 0.0349871 0.00449672
8 0.272507 0.700898 0.215415 0.0474879 0.00448763
0 0.812206 0.690594 0.0265846 0.0308379 0.00448471
8 0.472619 0.687946 0.0216581 0.0309949 0.00432333
0 0.841743 0.682474 0.0397404 0.0403371 0.00429708
8 0.763825 0.61897 0.0782431 0.0395144 0.0040125
8 0.796659 0.684542 0.023192 0.0339183 0.0040032
8 0.723438 0.68022 0.0190481 0.0418559 0.00397679
8 0.787937 0.612333 0.0271537 0.0257531 0.00393772
8 0.316978 0.705919 0.0926835 0.018364 0.00392774
14 0.713902 0.459224 0.0381786 0.0579306 0.00388795
8 0.913271 0.619684 0.0188801 0.0248675 0.00387639
8 0.269306 0.703801 0.130186 0.0287601 0.00382525
8 0.812206 0.690594 0.0265846 0.0308379 0.00377327
4 0.788278 0.613542 0.0267004 0.0277308 0.00376627
5 0.895406 0.620194 0.0533884 0.0245827 0.00362873
8 0.988303 0.624366 0.023394 0.013662 0.0035423
8 0.265375 0.70875 0.154992 0.0224065 0.00354084
8 0.311881 0.717282 0.0898254 0.0244881 0.00348699
14 0.546923 0.653781 0.0137545 0.0310338 0.00346902
8 0.383038 0.693701 0.0408314 0.0556786 0.00342423
33 0.387341 0.288201 0.0574028 0.0346182 0.00340411
8 0.834937 0.695043 0.10294 0.0627157 0.00337899
6 0.299264 0.630793 0.0712438 0.0262739 0.00336099
8 0.694443 0.622024 0.165355 0.200546 0.00335228
33 0.494449 0.314493 0.054845 0.0431515 0.00327155
8 0.288573 0.698581 0.271697 0.0549587 0.00322196
8 0.264276 0.714049 0.156253 0.0299904 0.00321519
0 0.659252 0.68166 0.0103968 0.0367256 0.00317258
8 0.486485 0.694169 0.121317 0.044434 0.00303933
0 0.546923 0.653781 0.0137545 0.0310338 0.00297338
14 0.797541 0.685174 0.0241997 0.0329531 0.00294471
8 0.451348 0.707295 0.0582489 0.0172371 0.00291905
8 0.262876 0.397316 0.0468246 0.0294832 0.00288808
3 0.716493 0.680193 0.0332623 0.0440482 0.00286928
8 0.860394 0.620751 0.0271711 0.0160044 0.00281215
14 0.251255 0.396107 0.069209 0.0331042 0.00280958
2 0.716208 0.681935 0.0330425 0.0431436 0.00277823
8 0.731675 0.703008 0.0608965 0.0196593 0.00276917
8 0.455303 0.704278 0.0702754 0.0307571 0.00276226
8 0.368724 0.719277 0.0225012 0.0205812 0.0026837
0 0.410965 0.717547 0.0159597 0.0231537 0.00263101
14 0.725472 0.624565 0.0178215 0.0110219 0.00261983
8 0.497192 0.62317 0.032547 0.0453893 0.00261059
8 0.38323 0.714458 0.0616997 0.0283131 0.00258467
8 0.306401 0.702735 0.36822 0.0549909 0.002561
8 0.54582 0.629308 0.0122164 0.018271 0.00256085
8 0.730828 0.621746 0.144061 0.0475054 0.00250143
7 0.85315 0.686788 0.0664991 0.0480275 0.0025014
8 0.678079 0.602033 0.0934108 0.141514 0.00248122
39 0.548328 0.657925 0.0102789 0.0223353 0.00247657
4 0.262794 0.3976 0.0462297 0.0289052 0.00245267
8 0.728485 0.696372 0.0589424 0.0314003 0.00244415
8 0.366098 0.680924 0.072775 0.0749006 0.00244099
14 0.263273 0.39091 0.0477317 0.0401286 0.00243351
8 0.519152 0.717462 0.176474 0.0268847 0.00237486
4 0.181111 0.426473 0.059294 0.0471615 0.00236535
33 0.263081 0.39718 0.0463367 0.0298208 0.00235805
2 0.708403 0.624749 0.0152923 0.0120979 0.00234714
2 0.270314 0.640293 0.0106061 0.0127379 0.00225732
8 0.810294 0.696016 0.0411367 0.0345996 0.00224972
8 0.53132 0.64401 0.0201132 0.0154203 0.00224504
2 0.300274 0.63178 0.0699345 0.0287872 0.0022428
4 0.769905 0.617023 0.0649289 0.0373576 0.00221461
0 0.66487 0.679009 0.0143339 0.0680688 0.00221339
8 0.00819334 0.759278 0.0149276 0.0430856 0.00221318
8 0.367074 0.715503 0.0519825 0.0218636 0.00217634
0 0.799107 0.691254 0.0292681 0.0451083 0.00216505
8 0.500275 0.636541 0.0425808 0.0208478 0.0021264
8 0.491597 0.620139 0.016657 0.0408502 0.00212523
4 0.950411 0.382949 0.0328123 0.0263089 0.00211138
8 0.206141 0.751863 0.409906 0.0709277 0.00209492
8 0.0163994 0.704998 0.0301638 0.0248348 0.00208268
0 0.0056072 0.697623 0.00932609 0.0269533 0.00206569
13 0.299606 0.629649 0.070659 0.0235138 0.00206417
6 0.895406 0.620194 0.0533884 0.0245827 0.00202811
8 0.343587 0.705026 0.041255 0.0154694 0.00200674
33 0.712577 0.381654 0.0347675 0.0373264 0.00200099
2 0.725472 0.624565 0.0178215 0.0110219 0.00199029
8 0.753852 0.70313 0.0334958 0.0196145 0.00197926
9 0.286585 0.687543 0.0191854 0.0209106 0.00197661
14 0.443488 0.237802 0.0324978 0.0180131 0.00197273
7 0.387732 0.706638 0.0268367 0.0202736 0.00196615
14 0.708403 0.624749 0.0152923 0.0120979 0.00195014
33 0.950411 0.382949 0.0328123 0.0263089 0.00194272
8 0.455517 0.693205 0.0591216 0.0412313 0.00193503
8 0.724025 0.622683 0.179798 0.0355853 0.00192425
2 0.894314 0.620671 0.0464531 0.0207369 0.00191367
4 0.708403 0.624749 0.0152923 0.0120979 0.00189441
14 0.250332 0.410807 0.0734345 0.0554784 0.00188121
8 0.286813 0.687396 0.0193189 0.0210209 0.00188097
8 0.539393 0.658361 0.0261385 0.0175463 0.00188008
2 0.282747 0.63971 0.00830231 0.0143247 0.00184667
8 0.306842 0.692309 0.134499 0.0449694 0.00181052
8 0.72581 0.680498 0.0529368 0.0453827 0.00179455
2 0.833232 0.684403 0.098867 0.0451811 0.00178242
8 0.293052 0.664366 0.289155 0.0862673 0.00175089
4 0.725329 0.624608 0.0198254 0.0123339 0.0017395
8 0.388927 0.676024 0.0234808 0.0677813 0.00162157
8 0.0550454 0.700159 0.0616172 0.0326019 0.00161773
13 0.387231 0.705974 0.0258843 0.021718 0.00161374
8 0.753022 0.622323 0.105732 0.0465542 0.00160578
19 0.716208 0.681935 0.0330425 0.0431436 0.00157717
8 0.343998 0.716787 0.139324 0.0276901 0.00156772
8 0.18057 0.426362 0.0589126 0.0469327 0.00155649
4 0.896094 0.618898 0.0542587 0.0253236 0.0015319
2 0.00639745 0.766293 0.0117422 0.0285254 0.00153142
0 0.913366 0.618755 0.0184313 0.0249519 0.00150767
8 0.00647381 0.700974 0.0115385 0.0271937 0.00150678
9 0.584576 0.690154 0.0229006 0.0397865 0.00150234
8 0.700499 0.71389 0.161759 0.0306684 0.00149789
8 0.687792 0.705032 0.0308319 0.0175096 0.00148851
8 0.0601382 0.700869 0.0435443 0.029753 0.00148341
0 0.371397 0.6895 0.0165259 0.0255445 0.00148234
8 0.436624 0.707557 0.039255 0.0177982 0.00148207
2 0.291693 0.639521 0.0116632 0.0143801 0.00147837
8 0.873168 0.702542 0.0256247 0.018823 0.001472
8 0.480423 0.715331 0.126246 0.0275136 0.00146055
2 0.0163994 0.704998 0.0301638 0.0248348 0.00145417
2 0.286585 0.687543 0.0191854 0.0209106 0.00145361
14 0.431946 0.340833 0.199588 0.152873 0.00144181
3 0.723438 0.68022 0.0190481 0.0418559 0.00143737
8 0.496587 0.668804 0.241589 0.0984067 0.00141704
8 0.478516 0.691264 0.29507 0.0669497 0.00141266
8 0.371397 0.6895 0.0165259 0.0255445 0.00140277
13 0.511046 0.705425 0.173183 0.0199137 0.0013929
7 0.472456 0.687898 0.0214338 0.0305794 0.00137749
8 0.860496 0.687624 0.0526939 0.0462641 0.00137186
0 0.383038 0.693701 0.0408314 0.0556786 0.00137147
8 0.0300496 0.704386 0.00988619 0.0207292 0.00134367
0 0.381115 0.681563 0.0361066 0.0498678 0.00133231
8 0.584754 0.690068 0.0228153 0.0395166 0.00132683
2 0.913271 0.619684 0.0188801 0.0248675 0.00132445
8 0.677054 0.632148 0.0815932 0.0314982 0.00131783
33 0.181111 0.426473 0.059294 0.0471615 0.00130817
8 0.348784 0.707068 0.0521437 0.0169449 0.00130054
2 0.0300496 0.704386 0.00988619 0.0207292 0.00129759
14 0.70615 0.475111 0.0590496 0.0499455 0.00129104
2 0.812206 0.690594 0.0265846 0.0308379 0.00129053
14 0.72008 0.381945 0.0490492 0.0398002 0.00128251
8 0.837599 0.687503 0.0706322 0.0512431 0.0012809
2 0.259749 0.642302 0.0140122 0.00871582 0.00127113
8 0.00818894 0.768865 0.0147716 0.0367294 0.0012711
4 0.753884 0.620618 0.0990736 0.045796 0.00123239
8 0.691802 0.699414 0.162295 0.0590828 0.00122839
7 0.286813 0.687396 0.0193189 0.0210209 0.00120026
4 0.730828 0.621746 0.144061 0.0475054 0.0011895
2 0.472456 0.687898 0.0214338 0.0305794 0.001178
8 0.5156 0.695036 0.169388 0.0381755 0.00117689
8 0.764593 0.703892 0.045525 0.0224436 0.00117582
14 0.794814 0.610864 0.0180176 0.0311769 0.0011695
14 0.703979 0.487243 0.0581253 0.0539708 0.00116941
2 0.548328 0.657925 0.0102789 0.0223353 0.00116649
8 0.445355 0.692444 0.0822542 0.0436465 0.00116146
0 0.0296992 0.700869 0.0102733 0.0278984 0.00115767
8 0.0445438 0.705418 0.0113683 0.020314 0.00115752
8 0.4934 0.628666 0.0330084 0.0363627 0.00115204
14 0.4158 0.716251 0.0138379 0.0263237 0.00114635
8 0.607866 0.702755 0.391871 0.0584019 0.00114223
8 0.255242 0.693481 0.276243 0.0572439 0.00113681
33 0.83572 0.682274 0.0279125 0.0401085 0.00113425
0 0.148007 0.687043 0.0205774 0.0575779 0.00112757
33 0.0185928 0.407208 0.0371857 0.0363641 0.00112355
8 0.25141 0.692014 0.180733 0.0429731 0.00112289
14 0.666201 0.571131 0.0406355 0.0792926 0.00112173
7 0.83572 0.682274 0.0279125 0.0401085 0.00111833
8 0.770928 0.684828 0.15832 0.0501806 0.00111747
14 0.215635 0.408981 0.140083 0.0513406 0.00110963
25 0.83572 0.682274 0.0279125 0.0401085 0.0011009
8 0.59104 0.712153 0.411713 0.0421832 0.00109929
39 0.388732 0.675496 0.0234474 0.0672759 0.0010969
9 0.472582 0.68769 0.021607 0.0296092 0.00109532
8 0.593649 0.641615 0.016368 0.0133461 0.00109333
0 0.789062 0.61241 0.0246502 0.0260143 0.00109175
6 0.267545 0.693316 0.233108 0.0583672 0.00108778
9 0.282747 0.63971 0.00830231 0.0143247 0.00108477
8 0.00663358 0.753553 0.0130501 0.0561546 0.00108325
8 0.632204 0.684839 0.0185873 0.0364403 0.00107872
7 0.883929 0.619907 0.0766434 0.0272536 0.00107798
8 0.717378 0.669233 0.0357127 0.0675242 0.00107607
7 0.833495 0.685474 0.0977852 0.044428 0.00106665
14 0.0317138 0.606109 0.0105767 0.0127373 0.00105551
8 0.530417 0.695799 0.156326 0.0470107 0.00104892
0 0.0445438 0.705418 0.0113683 0.020314 0.00104707
8 0.0932154 0.632817 0.183365 0.0747785 0.00104415
8 0.230593 0.707284 0.112856 0.021111 0.00103956
8 0.535363 0.633444 0.0319792 0.0274733 0.00103462
8 0.068372 0.699882 0.034645 0.0316966 0.00103286
8 0.756228 0.699098 0.0589867 0.0209568 0.00102216
4 0.852004 0.68505 0.0630608 0.0455399 0.00101697
4 0.0186315 0.407315 0.0368741 0.0362786 0.00100714
14 0.0188733 0.418268 0.0370888 0.0600638 0.00100693
8 0.765769 0.697205 0.0550838 0.0212692 0.00100237
