0 0.216851 0.677465 0.42903 0.549636 0.951179
0 0.473781 0.494425 0.429686 0.959112 0.894154
0 0.725341 0.617593 0.235006 0.414497 0.890918
39 0.108849 0.925561 0.0637219 0.128567 0.854536
41 0.263686 0.967291 0.0951359 0.065418 0.84924
41 0.0451386 0.966277 0.0902772 0.0671936 0.81932
26 0.782185 0.789975 0.140073 0.110488 0.812146
65 0.290169 0.520018 0.0888456 0.036141 0.707703
57 0.831075 0.629574 0.336504 0.418685 0.678332
58 0.295586 0.221416 0.221148 0.40106 0.497562
0 0.046137 0.668374 0.0914548 0.468211 0.380847
0 0.0493404 0.784281 0.0976096 0.241283 0.304895
65 0.28678 0.52422 0.0826004 0.0264987 0.202899
58 0.376387 0.212809 0.388882 0.423339 0.19917
0 0.907173 0.674143 0.185655 0.492981 0.154604
58 0.293785 0.29314 0.216007 0.257214 0.152477
41 0.333467 0.994072 0.0920586 0.0118567 0.130055
57 0.0649467 0.678237 0.129712 0.487438 0.111931
39 0.0148938 0.891017 0.029188 0.108531 0.100254
39 0.0242878 0.891154 0.0483314 0.108352 0.0753665
0 0.682807 0.655423 0.150773 0.310753 0.0697954
0 0.687163 0.564448 0.134232 0.113086 0.0694152
57 0.889664 0.65584 0.220402 0.470155 0.0677172
39 0.120372 0.901874 0.039806 0.0865238 0.0665534
57 0.0408751 0.554269 0.0817502 0.236615 0.0633761
0 0.932418 0.687478 0.134679 0.481615 0.0581928
57 0.176014 0.681673 0.351384 0.49387 0.0563945
65 0.304431 0.517564 0.0616441 0.0320233 0.0474726
24 0.782414 0.790329 0.139925 0.109501 0.037771
0 0.692219 0.547007 0.124859 0.15324 0.037071
41 0.0307527 0.921052 0.0590935 0.0392673 0.0364789
57 0.532236 0.621422 0.935528 0.408162 0.032313
0 0.912869 0.75746 0.174262 0.278018 0.0300693
57 0.124371 0.556425 0.247684 0.241986 0.0265558
39 0.0114925 0.872915 0.0228424 0.0736519 0.0231484
41 0.340541 0.991717 0.0947299 0.0165655 0.0222554
58 0.276496 0.317038 0.18147 0.207791 0.0206943
41 0.277369 0.960946 0.0872548 0.0664116 0.0206928
0 0.912595 0.609902 0.173929 0.382868 0.0196942
0 0.738361 0.533315 0.208852 0.247127 0.0192246
39 0.0346682 0.894351 0.0693363 0.105299 0.0183731
57 0.0412567 0.622814 0.0822631 0.373497 0.0180152
0 0.960395 0.750515 0.0784225 0.293688 0.0157611
67 0.932358 0.880393 0.0608925 0.0668243 0.0154956
0 0.0417208 0.743488 0.083242 0.329582 0.0154491
29 0.695113 0.565595 0.118764 0.11641 0.0140832
45 0.336667 0.993568 0.100835 0.0128632 0.0129851
57 0.886974 0.575469 0.22463 0.300278 0.0124109
0 0.953134 0.761284 0.0937327 0.352473 0.0122669
58 0.450936 0.2189 0.461471 0.406492 0.0114611
57 0.332504 0.71798 0.663639 0.48573 0.0112414
57 0.310583 0.604506 0.135798 0.147166 0.00985664
0 0.966713 0.854588 0.0654124 0.065765 0.00929469
57 0.0408931 0.480621 0.0810372 0.0909388 0.00908047
67 0.932299 0.896622 0.0601079 0.033901 0.00888723
0 0.826426 0.649622 0.346457 0.454829 0.00878561
58 0.311717 0.265989 0.245857 0.320302 0.00850698
57 0.912595 0.609902 0.173929 0.382868 0.00847018
65 0.342273 0.532808 0.0137385 0.0246981 0.00840357
57 0.319178 0.671452 0.164165 0.275369 0.00825334
0 0.912365 0.672786 0.175228 0.330163 0.00819334
62 0.967817 0.180218 0.0642212 0.165718 0.00786754
56 0.832639 0.633643 0.333333 0.415246 0.00786161
56 0.050124 0.674727 0.100248 0.485775 0.00763661
57 0.208952 0.680664 0.417904 0.305661 0.00729242
41 0.0512158 0.921102 0.0203867 0.0278873 0.00725675
57 0.21575 0.724813 0.427021 0.480534 0.00712708
57 0.186823 0.609575 0.373646 0.210377 0.00691321
57 0.128976 0.480368 0.256391 0.0917152 0.00690785
57 0.30932 0.693917 0.221389 0.331513 0.00685951
0 0.134219 0.779414 0.267161 0.250978 0.00644729
57 0.837368 0.734175 0.323434 0.228063 0.00616649
39 0.107136 0.907356 0.0564136 0.0522663 0.00616008
57 0.133457 0.734545 0.261921 0.407281 0.00612321
60 0.190978 0.93238 0.381955 0.127482 0.00609246
26 0.840169 0.865332 0.118827 0.0528231 0.00570875
58 0.264131 0.36085 0.154133 0.122121 0.00545239
0 0.966798 0.886064 0.0658699 0.125689 0.00530595
41 0.283163 0.946838 0.0758825 0.0387239 0.00528681
57 0.215646 0.726753 0.405222 0.19769 0.00527272
65 0.340541 0.991717 0.0947299 0.0165655 0.00500771
58 0.292465 0.357296 0.215311 0.478628 0.00492269
41 0.0474248 0.92004 0.0301395 0.0302471 0.00489521
56 0.145863 0.68873 0.289483 0.505533 0.00479001
56 0.216727 0.679101 0.427813 0.551169 0.00470886
57 0.292501 0.589647 0.165944 0.172522 0.00465283
0 0.913258 0.715679 0.173419 0.196556 0.00458848
56 0.694272 0.452932 0.0675232 0.0745386 0.00452706
39 0.123787 0.895933 0.0316386 0.0782154 0.00447673
0 0.982566 0.749693 0.0344162 0.212891 0.00438178
56 0.30932 0.693917 0.221389 0.331513 0.00435641
0 0.649543 0.52164 0.212997 0.212578 0.00431412
67 0.981725 0.924215 0.0356537 0.0420967 0.00420636
57 0.846458 0.581556 0.307083 0.254588 0.00416362
0 0.95139 0.882011 0.0972209 0.128735 0.00414917
28 0.782414 0.790329 0.139925 0.109501 0.00405374
39 0.0295523 0.920526 0.0570195 0.041354 0.00394806
57 0.232688 0.617322 0.306518 0.172326 0.00387996
57 0.306771 0.74443 0.247053 0.231097 0.0037066
0 0.876797 0.867277 0.196322 0.0943802 0.00361165
39 0.205042 0.906802 0.092937 0.0877831 0.00359064
56 0.306771 0.74443 0.247053 0.231097 0.0035609
57 0.786952 0.581384 0.235096 0.233706 0.0035584
0 0.966319 0.838418 0.0671738 0.0987865 0.00353232
41 0.303292 0.963882 0.183238 0.0714954 0.00348476
59 0.832639 0.633643 0.333333 0.415246 0.00346923
67 0.839416 0.865171 0.119943 0.0511192 0.00345224
41 0.108994 0.926167 0.0639305 0.130006 0.00341365
45 0.262217 0.967524 0.0921263 0.0644474 0.00339165
39 0.0922893 0.909884 0.0316244 0.0505074 0.00337869
65 0.309139 0.531962 0.0593678 0.0439833 0.00334415
56 0.208952 0.680664 0.417904 0.305661 0.00333676
57 0.694745 0.462301 0.0664909 0.0940496 0.00333089
56 0.223887 0.72485 0.398423 0.195244 0.00331786
57 0.243461 0.762679 0.395769 0.269977 0.00326958
41 0.112367 0.976859 0.0542397 0.0442875 0.00319403
39 0.932555 0.880191 0.0616483 0.0678743 0.00312439
0 0.889812 0.760747 0.218841 0.333244 0.00308183
0 0.912303 0.861203 0.1732 0.123179 0.00307798
56 0.0408751 0.554269 0.0817502 0.236615 0.00306687
56 0.0412567 0.622814 0.0822631 0.373497 0.00300843
57 0.46852 0.658808 0.454596 0.234499 0.00298488
0 0.981667 0.924199 0.0358739 0.0429104 0.00295559
67 0.340541 0.991717 0.0947299 0.0165655 0.00287598
41 0.0247803 0.895847 0.0486602 0.097937 0.00277349
57 0.151175 0.804186 0.30235 0.23339 0.00275895
57 0.479831 0.61868 0.471702 0.162829 0.00273958
57 0.653094 0.468679 0.605446 0.109772 0.00273725
56 0.319178 0.671452 0.164165 0.275369 0.00270352
0 0.786721 0.554295 0.227122 0.255254 0.00267282
58 0.326645 0.284183 0.0785797 0.112739 0.0026373
0 0.911406 0.593626 0.176626 0.250929 0.00262457
0 0.978513 0.884015 0.0426445 0.123656 0.00260174
57 0.181039 0.824105 0.294611 0.198168 0.00258836
0 0.0392284 0.749076 0.0774152 0.172915 0.00257337
67 0.946116 0.879043 0.088456 0.0706936 0.00255263
26 0.88173 0.862473 0.204775 0.0924137 0.0025048
65 0.981875 0.924248 0.0358556 0.0421509 0.00248328
57 0.599692 0.49711 0.631656 0.167083 0.00243285
58 0.334012 0.157074 0.145555 0.314148 0.00240773
65 0.773948 0.582111 0.0211559 0.0247509 0.00236404
24 0.840169 0.865332 0.118827 0.0528231 0.00232816
58 0.335374 0.251236 0.18405 0.298638 0.00232467
56 0.172725 0.733761 0.335007 0.387846 0.00227588
57 0.911837 0.741127 0.176055 0.244376 0.00226745
67 0.290936 0.520008 0.0866269 0.0356651 0.00224489
41 0.339961 0.98755 0.0949721 0.0248995 0.00223446
57 0.776342 0.45465 0.246078 0.0796059 0.00219989
57 0.166946 0.84871 0.204253 0.2075 0.00218031
0 0.0108626 0.870718 0.0216995 0.0693514 0.00211647
65 0.343192 0.52164 0.0166689 0.0407346 0.0020656
65 0.411667 0.807849 0.0243957 0.0217651 0.00206435
0 0.939664 0.754305 0.119671 0.283073 0.00206336
67 0.330795 0.993986 0.0873433 0.0120276 0.00201768
39 0.111198 0.910314 0.0573902 0.100822 0.00197065
39 0.126045 0.904692 0.0391358 0.0942417 0.00196326
57 0.79171 0.466193 0.264646 0.102293 0.00195584
0 0.960074 0.87432 0.0792098 0.10304 0.00195271
29 0.689447 0.585007 0.113529 0.0741198 0.00193909
57 0.75324 0.521395 0.223676 0.21222 0.00192416
57 0.147183 0.83112 0.287909 0.167099 0.00186545
57 0.849467 0.688338 0.297431 0.428198 0.00184682
56 0.312048 0.610421 0.142799 0.154436 0.00184673
56 0.891408 0.657874 0.217184 0.472928 0.00184664
65 0.273617 0.522764 0.122702 0.0449036 0.00181201
58 0.370935 0.136464 0.178752 0.268289 0.0017716
0 0.916609 0.669548 0.16608 0.0803106 0.00175092
40 0.0295523 0.920526 0.0570195 0.041354 0.00173643
64 0.981761 0.924378 0.0358053 0.0425879 0.00170118
65 0.338026 0.536963 0.0167572 0.0338804 0.00169903
56 0.193271 0.641621 0.386542 0.227138 0.0016959
64 0.330795 0.993986 0.0873433 0.0120276 0.00164416
45 0.0446319 0.966365 0.0888436 0.0672694 0.0016391
56 0.166946 0.84871 0.204253 0.2075 0.00163504
57 0.817783 0.516424 0.359674 0.19164 0.00161612
32 0.692648 0.565503 0.122864 0.114752 0.00161096
39 0.773948 0.582111 0.0211559 0.0247509 0.00160176
65 0.347222 0.98778 0.082808 0.0244406 0.00155491
0 0.145863 0.68873 0.289483 0.505533 0.00154743
57 0.598802 0.520864 0.453183 0.213063 0.00150555
56 0.18701 0.588368 0.374021 0.181126 0.00150442
57 0.886335 0.686761 0.225851 0.290268 0.00147736
41 0.111344 0.983672 0.0547038 0.0311085 0.00147513
57 0.911406 0.593626 0.176626 0.250929 0.00147188
40 0.336667 0.993568 0.100835 0.0128632 0.0014447
67 0.773948 0.582111 0.0211559 0.0247509 0.00143939
56 0.886974 0.575469 0.22463 0.300278 0.00143835
56 0.151175 0.804186 0.30235 0.23339 0.00138518
41 0.0363732 0.91433 0.0613522 0.0453798 0.00137281
41 0.981611 0.924373 0.0359286 0.0423126 0.00136045
56 0.697865 0.464052 0.069442 0.0957483 0.00135934
56 0.786952 0.581384 0.235096 0.233706 0.00135252
56 0.124371 0.556425 0.247684 0.241986 0.00135207
40 0.0512158 0.921102 0.0203867 0.0278873 0.00132489
40 0.0259528 0.898325 0.0511812 0.0944286 0.00131688
65 0.272477 0.522633 0.105158 0.0335135 0.00129592
41 0.266795 0.956241 0.100856 0.0522604 0.00126767
56 0.912595 0.609902 0.173929 0.382868 0.00126469
56 0.0408931 0.480621 0.0810372 0.0909388 0.00125864
73 0.287374 0.523003 0.0841792 0.0292297 0.00123048
0 0.597513 0.213434 0.769975 0.426869 0.00122094
65 0.2856 0.526204 0.0974068 0.0441204 0.00121823
0 0.692358 0.496734 0.042828 0.0313345 0.0012114
59 0.0408751 0.554269 0.0817502 0.236615 0.00120917
59 0.513122 0.625774 0.972507 0.422968 0.00119695
39 0.0512158 0.921102 0.0203867 0.0278873 0.00118488
56 0.147183 0.83112 0.287909 0.167099 0.00117961
41 0.0451532 0.987273 0.0852434 0.0247454 0.00117764
57 0.183109 0.579503 0.366219 0.17011 0.0011743
0 0.914291 0.657768 0.171419 0.0869467 0.00116566
59 0.912595 0.609902 0.173929 0.382868 0.0011512
58 0.373213 0.321789 0.382475 0.20441 0.00114429
57 0.896615 0.517879 0.20485 0.185867 0.00113282
65 0.334385 0.994023 0.0922998 0.0119535 0.00111955
57 0.939664 0.754305 0.119671 0.283073 0.0011054
56 0.46852 0.658808 0.454596 0.234499 0.00110403
39 0.105936 0.89723 0.0603679 0.0710674 0.00110361
0 0.981503 0.739133 0.0368462 0.155425 0.00108391
39 0.692552 0.564274 0.122654 0.114346 0.00107574
0 0.829335 0.614225 0.34133 0.310364 0.00106436
0 0.946116 0.879043 0.088456 0.0706936 0.00106141
16 0.68874 0.565605 0.130913 0.112619 0.00106084
39 0.209638 0.888775 0.0705213 0.0501688 0.00104016
57 0.870617 0.532996 0.258767 0.217884 0.00103769
58 0.36604 0.116816 0.0772619 0.230966 0.0010196
39 0.0996645 0.895787 0.0462834 0.0533463 0.0010187
41 0.773948 0.582111 0.0211559 0.0247509 0.00101706
41 0.205042 0.906802 0.092937 0.0877831 0.00100756
57 0.307405 0.564259 0.136584 0.223178 0.0010049
