0 0.51896 0.616932 0.670309 0.743526 0.95597
0 0.0652377 0.603188 0.129236 0.483831 0.905856
0 0.905673 0.66803 0.180858 0.650247 0.865084
0 0.186564 0.648543 0.124823 0.375535 0.855252
0 0.818953 0.539191 0.149344 0.360206 0.551941
0 0.800101 0.401529 0.0650148 0.0924201 0.442309
0 0.70656 0.456468 0.0657343 0.19899 0.426607
0 0.195401 0.455968 0.0796199 0.136108 0.403703
0 0.756679 0.518196 0.101839 0.158458 0.357751
67 0.471707 0.519826 0.0361996 0.0480961 0.353398
67 0.535557 0.497983 0.165018 0.115328 0.339149
0 0.282814 0.52607 0.0903308 0.169218 0.289303
0 0.123834 0.451724 0.0733582 0.153142 0.18962
0 0.28268 0.560247 0.0941141 0.23193 0.170472
0 0.248946 0.449999 0.0589524 0.153825 0.159847
0 0.761595 0.557934 0.114477 0.240178 0.149107
0 0.961961 0.689446 0.0757463 0.606392 0.147695
0 0.98323 0.388719 0.0325766 0.0570078 0.139204
67 0.97533 0.506211 0.047263 0.0746739 0.132419
0 0.664644 0.459318 0.0715328 0.186102 0.124707
0 0.0208591 0.445515 0.040815 0.121079 0.122171
0 0.743388 0.412476 0.058238 0.113925 0.10752
0 0.205793 0.461429 0.0592669 0.143008 0.0911888
0 0.852838 0.41605 0.0813635 0.115501 0.0880304
0 0.271834 0.517983 0.104658 0.293457 0.0829023
0 0.248171 0.50048 0.0590857 0.252094 0.0770704
0 0.98043 0.474249 0.038776 0.131357 0.0770243
0 0.686898 0.4593 0.0963841 0.198269 0.0764785
0 0.123297 0.530664 0.0720572 0.315756 0.0714407
0 0.756066 0.40823 0.0342926 0.0984717 0.0655439
0 0.297473 0.626091 0.102164 0.136313 0.0606577
0 0.0181854 0.431616 0.0351016 0.0927148 0.0602651
0 0.757405 0.395874 0.0330963 0.0724615 0.0578984
0 0.973424 0.692555 0.0531528 0.570771 0.0570735
0 0.196878 0.437778 0.0757864 0.098189 0.0542727
0 0.0194096 0.523511 0.0388191 0.273404 0.0434191
0 0.0165442 0.415067 0.0321456 0.0592024 0.0427024
0 0.845304 0.427996 0.0974968 0.137024 0.0423293
0 0.741555 0.441276 0.0524427 0.175356 0.0412513
0 0.9762 0.614851 0.047601 0.412223 0.0398667
0 0.0205712 0.581792 0.0411423 0.395147 0.0395413
0 0.981802 0.454434 0.0359524 0.0884806 0.0366584
0 0.984856 0.378024 0.0294561 0.0772623 0.0359624
0 0.918745 0.401357 0.0828325 0.115369 0.0347706
0 0.291143 0.588727 0.0985562 0.211923 0.0345009
67 0.596885 0.508184 0.0327248 0.0989301 0.0314009
0 0.11961 0.427278 0.065391 0.10545 0.0305462
0 0.981018 0.421739 0.0376026 0.121866 0.0298773
67 0.602347 0.502756 0.0439804 0.113537 0.0279745
0 0.271619 0.479827 0.0979477 0.216624 0.0276656
0 0.706026 0.420465 0.0655048 0.1234 0.0272252
0 0.113602 0.456296 0.0574325 0.126074 0.0259847
0 0.978767 0.39667 0.04147 0.0737666 0.0259476
0 0.218869 0.394589 0.0324088 0.0724311 0.0252687
0 0.832442 0.468171 0.123915 0.216415 0.0247714
26 0.343282 0.752127 0.0909414 0.149068 0.0247316
0 0.745883 0.389835 0.0540891 0.0994898 0.0237468
0 0.12709 0.466444 0.0596193 0.148167 0.0233046
0 0.677344 0.463735 0.0560831 0.17376 0.0228494
0 0.799255 0.425774 0.0683435 0.141528 0.0227114
0 0.217762 0.387162 0.0290518 0.0558954 0.0214306
0 0.862059 0.660796 0.237262 0.638665 0.0198786
67 0.599755 0.51869 0.0426529 0.0753873 0.0197375
41 0.975613 0.504872 0.0470627 0.0735168 0.0188284
0 0.969074 0.422973 0.0618526 0.128468 0.0183095
0 0.183617 0.456892 0.0630769 0.131567 0.0176954
26 0.345616 0.809526 0.0936179 0.262836 0.0157372
0 0.115881 0.415119 0.056181 0.0790816 0.0156604
0 0.719537 0.449249 0.0853832 0.188139 0.0150152
0 0.660999 0.405097 0.0597269 0.0781665 0.0148941
0 0.983899 0.749701 0.0322026 0.499607 0.0146214
0 0.110999 0.421342 0.0480079 0.0561267 0.0145081
67 0.5787 0.491265 0.0452295 0.120843 0.0141753
0 0.142168 0.442436 0.0481294 0.125283 0.013439
0 0.254139 0.432731 0.0634753 0.117227 0.0127642
0 0.24816 0.422708 0.0583731 0.0978182 0.0118012
0 0.144341 0.422273 0.042155 0.0880773 0.0116194
0 0.978581 0.676869 0.0428389 0.504563 0.0112747
0 0.745333 0.525464 0.0742664 0.14989 0.0112072
67 0.593353 0.513716 0.0329435 0.0810939 0.0106802
0 0.171408 0.457058 0.0458222 0.125082 0.0100837
0 0.198237 0.432159 0.0596166 0.0870435 0.00946757
0 0.0161618 0.382191 0.0307763 0.0613136 0.00942418
0 0.0185364 0.390945 0.0347744 0.0799573 0.00932685
0 0.977104 0.442799 0.0457916 0.0903152 0.00932658
0 0.0170557 0.651826 0.0326275 0.136468 0.00931266
0 0.272183 0.545367 0.132195 0.296891 0.00856838
0 0.2191 0.401781 0.039448 0.0839512 0.00840744
67 0.52983 0.445716 0.0655031 0.08725 0.00818563
24 0.297473 0.626091 0.102164 0.136313 0.007884
67 0.592293 0.498669 0.0299427 0.11078 0.00780952
0 0.20942 0.397708 0.0443287 0.0762114 0.00749552
0 0.0234782 0.698386 0.0451568 0.228414 0.00740451
0 0.106967 0.44762 0.0482134 0.105719 0.00680545
0 0.773288 0.374561 0.0229918 0.0470612 0.00673282
0 0.0145161 0.369241 0.0260065 0.0375381 0.0066472
0 0.102189 0.417705 0.0317597 0.0442386 0.00645319
24 0.0651795 0.500849 0.110407 0.12555 0.00645319
0 0.185128 0.431775 0.0598754 0.0855334 0.00639254
9 0.274582 0.219216 0.0273419 0.0789206 0.00625584
26 0.366826 0.829127 0.136559 0.301326 0.00600436
26 0.297249 0.626766 0.102898 0.134597 0.00583935
26 0.342678 0.733606 0.0875152 0.103841 0.00580692
67 0.572925 0.475033 0.0385906 0.0847042 0.00576922
11 0.447919 0.213696 0.0403852 0.064931 0.00554198
67 0.594747 0.502735 0.0232284 0.0880677 0.0054996
0 0.290658 0.521909 0.0761508 0.12179 0.00549531
0 0.137709 0.461117 0.0465739 0.131921 0.00542134
0 0.760745 0.474154 0.104242 0.234217 0.00538999
0 0.172006 0.431619 0.0361547 0.0852206 0.00537753
0 0.017406 0.686312 0.0334739 0.173992 0.00537515
0 0.714949 0.455907 0.0483186 0.17258 0.0051969
0 0.0665537 0.357797 0.0364849 0.0622486 0.00512376
0 0.275432 0.688428 0.146216 0.255689 0.00507763
67 0.471432 0.511844 0.0397597 0.0641267 0.00499418
0 0.210568 0.517914 0.100057 0.253282 0.0049651
0 0.656387 0.463322 0.0709986 0.148832 0.00492656
0 0.918792 0.450298 0.0961672 0.210937 0.00491011
0 0.909475 0.418624 0.103207 0.150498 0.00482044
0 0.649102 0.398082 0.0346221 0.0619162 0.00468487
0 0.23617 0.438687 0.0375276 0.0957046 0.00464794
0 0.124914 0.413793 0.0516049 0.0777542 0.00464702
39 0.974977 0.506147 0.0466164 0.0734741 0.00463605
0 0.689948 0.460908 0.0664198 0.18181 0.00449556
0 0.97581 0.493087 0.0478161 0.0913879 0.00449395
25 0.698792 0.348655 0.0599058 0.0442818 0.00445575
67 0.515487 0.498438 0.124058 0.0948322 0.00432742
9 0.574217 0.249271 0.0442801 0.0374893 0.00421816
65 0.97533 0.506211 0.047263 0.0746739 0.00420043
0 0.227701 0.554349 0.0576481 0.23796 0.00410849
0 0.132556 0.509611 0.0407584 0.163957 0.00401673
0 0.287296 0.620237 0.0837131 0.101312 0.00400949
67 0.553641 0.460801 0.0168509 0.047117 0.00399852
0 0.200485 0.409862 0.033615 0.0499863 0.00395629
0 0.30238 0.56342 0.119137 0.263268 0.00394598
9 0.824114 0.322285 0.0240162 0.0554071 0.00385135
0 0.145594 0.411375 0.0369911 0.069001 0.00374401
0 0.167084 0.417255 0.0275593 0.0740794 0.00371751
0 0.11302 0.399684 0.0448625 0.0484785 0.00365341
0 0.0684034 0.447558 0.133927 0.168929 0.0036422
39 0.9762 0.614851 0.047601 0.412223 0.00360826
26 0.798417 0.58293 0.0553301 0.202507 0.00358751
0 0.233149 0.433445 0.0668824 0.140814 0.00355262
0 0.17661 0.4711 0.0549845 0.10236 0.00354445
0 0.0199212 0.374 0.036188 0.045177 0.00350949
67 0.524361 0.47631 0.073911 0.048381 0.00346699
0 0.959992 0.425532 0.0490532 0.115947 0.00341377
0 0.784467 0.578357 0.096789 0.278549 0.00339898
0 0.100979 0.40701 0.031626 0.0485604 0.00328881
26 0.01238 0.520926 0.0237804 0.174064 0.00320384
67 0.548342 0.444145 0.100246 0.0854244 0.00319633
67 0.527478 0.457758 0.0684691 0.06715 0.00315824
0 0.257556 0.413152 0.0479483 0.0869757 0.0031378
24 0.0570401 0.52198 0.11055 0.16019 0.00311854
0 0.135618 0.539651 0.0454026 0.258537 0.00307322
0 0.140453 0.492309 0.0328406 0.0946053 0.00302258
0 0.181843 0.480146 0.0685614 0.0953529 0.00302228
26 0.799198 0.582253 0.0774018 0.215856 0.00300443
0 0.193387 0.486169 0.0807546 0.0916506 0.00297806
0 0.153558 0.459257 0.0473097 0.12716 0.00291616
0 0.253162 0.404318 0.0473634 0.0670012 0.0028829
0 0.771126 0.493704 0.082891 0.112994 0.00284702
0 0.132567 0.571603 0.100622 0.39466 0.00283507
24 0.343282 0.752127 0.0909414 0.149068 0.00281736
24 0.0973945 0.509022 0.0502983 0.143478 0.00279325
0 0.140174 0.513222 0.0333435 0.107932 0.00278994
67 0.477466 0.520025 0.0469103 0.0548456 0.00277022
0 0.251354 0.482745 0.0438425 0.193926 0.00274885
0 0.0170927 0.710194 0.0335091 0.249531 0.00270861
26 0.359058 0.790504 0.115869 0.225473 0.00270456
0 0.966423 0.413177 0.0486801 0.1059 0.00267798
0 0.948974 0.768476 0.0759647 0.450961 0.00265092
0 0.150428 0.416628 0.0394407 0.0780426 0.00262105
67 0.4591 0.5208 0.0642273 0.0506431 0.00257626
0 0.0540534 0.432796 0.101198 0.139494 0.00256586
0 0.217745 0.539848 0.0490293 0.173718 0.00253308
0 0.900689 0.443036 0.124488 0.200283 0.00252071
67 0.607816 0.515534 0.0362496 0.090516 0.00251818
0 0.903335 0.491596 0.161357 0.295243 0.00250578
0 0.120367 0.396542 0.0312443 0.0434349 0.00249785
0 0.958608 0.736185 0.0675192 0.457398 0.00247881
67 0.604213 0.485004 0.0379485 0.0909906 0.00245249
24 0.792348 0.593882 0.0557442 0.153561 0.00243625
26 0.814463 0.581948 0.0701427 0.2291 0.00242501
26 0.287296 0.620237 0.0837131 0.101312 0.00234616
0 0.203689 0.387005 0.0481894 0.0577775 0.00234249
0 0.228231 0.411185 0.0356567 0.0746943 0.00233835
67 0.976234 0.535451 0.0321407 0.0344954 0.0023019
0 0.258482 0.396781 0.0424808 0.0628504 0.00229585
67 0.519947 0.493589 0.0897512 0.0844455 0.00229141
0 0.781959 0.393939 0.0303532 0.0706211 0.00223815
0 0.776379 0.385154 0.0260513 0.0659054 0.00222698
67 0.970026 0.521016 0.046559 0.0496053 0.00222287
0 0.768629 0.421295 0.0697863 0.130326 0.00222224
26 0.788008 0.586122 0.068565 0.189189 0.00220373
0 0.211871 0.461482 0.0459831 0.128959 0.00220287
67 0.487733 0.519623 0.0712149 0.0641627 0.00218791
0 0.773757 0.367645 0.0222335 0.0359019 0.00218293
0 0.946836 0.42778 0.0503159 0.126697 0.0021686
24 0.798417 0.58293 0.0553301 0.202507 0.00215381
0 0.202134 0.41552 0.0396272 0.0585994 0.00214732
0 0.28959 0.486606 0.0951167 0.236752 0.00213429
0 0.773719 0.472683 0.0774224 0.0723083 0.00211105
0 0.109836 0.47349 0.0528532 0.128836 0.00210276
67 0.498665 0.510383 0.0774124 0.0843327 0.00209755
24 0.791391 0.569462 0.0922779 0.30002 0.00208265
0 0.748662 0.429259 0.0464458 0.114665 0.00206107
0 0.211751 0.488834 0.0400775 0.0760814 0.00205848
9 0.33297 0.294849 0.0665816 0.0729884 0.00202364
67 0.485933 0.506553 0.0672244 0.0737145 0.00201976
0 0.26732 0.387422 0.0316586 0.0461354 0.00198865
0 0.211545 0.423137 0.0453783 0.079984 0.00197315
24 0.382241 0.835693 0.174335 0.317653 0.00196812
67 0.46843 0.524344 0.0455711 0.0622849 0.00194192
0 0.736879 0.371108 0.0424716 0.0561094 0.00193995
67 0.539107 0.465663 0.0445379 0.0427545 0.00192013
67 0.551798 0.465677 0.0186386 0.0453274 0.0019128
67 0.977572 0.473863 0.0443436 0.131029 0.00189242
0 0.733686 0.408211 0.0542393 0.113447 0.00189227
0 0.119961 0.497034 0.0684218 0.156688 0.00188944
0 0.228766 0.459811 0.0381531 0.133481 0.00186256
24 0.788008 0.586122 0.068565 0.189189 0.00185668
67 0.59386 0.486837 0.0361652 0.0880291 0.0018031
24 0.813482 0.543408 0.134433 0.350354 0.00179866
26 0.300676 0.822097 0.180381 0.336842 0.00179544
0 0.73412 0.450537 0.0593531 0.170074 0.00178763
26 0.117462 0.502858 0.0441553 0.179935 0.00178304
24 0.345616 0.809526 0.0936179 0.262836 0.00177667
26 0.102635 0.510934 0.0400538 0.146924 0.00174949
9 0.328222 0.233872 0.0278447 0.0559678 0.00174695
24 0.787449 0.547498 0.0757225 0.216541 0.00174123
9 0.330679 0.303423 0.0518237 0.053616 0.0017153
26 0.0169668 0.655804 0.0326925 0.118282 0.00171226
0 0.985527 0.642724 0.0273281 0.289985 0.0016827
0 0.776586 0.461842 0.0717659 0.0487177 0.0016745
67 0.501482 0.517722 0.0527081 0.0690723 0.0016053
0 0.665808 0.444816 0.0642135 0.119527 0.00160199
24 0.107222 0.511675 0.0322177 0.150595 0.00159103
26 0.827267 0.609781 0.0731884 0.205038 0.00158349
67 0.604325 0.46954 0.0390215 0.0779947 0.00155416
24 0.28709 0.524779 0.0785942 0.126162 0.00154513
26 0.0262697 0.526222 0.0512228 0.187317 0.00153697
25 0.741004 0.347958 0.0384901 0.0296097 0.00152317
0 0.171482 0.404245 0.0287579 0.0598899 0.00150421
0 0.646258 0.386562 0.0331377 0.070028 0.00148749
2 0.297751 0.625729 0.102276 0.136464 0.0014855
24 0.0611795 0.486264 0.0967197 0.0902873 0.00147572
26 0.792348 0.593882 0.0557442 0.153561 0.00147
26 0.352305 0.767367 0.0825932 0.175614 0.00144729
0 0.646109 0.464008 0.0553104 0.136333 0.00142843
0 0.954737 0.441254 0.0272919 0.0762066 0.00142035
26 0.109797 0.512315 0.0304801 0.158349 0.00141761
0 0.146894 0.514202 0.0409739 0.100392 0.00141039
0 0.122787 0.400915 0.0364122 0.0532575 0.00140768
0 0.976435 0.809976 0.046841 0.371646 0.00140131
67 0.5422 0.48208 0.165961 0.155791 0.00139922
0 0.142265 0.533075 0.0333971 0.125108 0.00136825
0 0.169623 0.47949 0.0483801 0.0901866 0.00136283
0 0.176293 0.405043 0.0284921 0.0580458 0.00135452
24 0.773139 0.573306 0.11171 0.27692 0.00135446
67 0.9762 0.614851 0.047601 0.412223 0.00135219
0 0.192249 0.527071 0.0950086 0.144354 0.0013496
0 0.154566 0.471396 0.0321261 0.103534 0.00133154
24 0.802216 0.586309 0.037553 0.11949 0.00132868
24 0.799198 0.582253 0.0774018 0.215856 0.00132319
0 0.179773 0.41618 0.0398172 0.0666256 0.00131983
67 0.546227 0.454488 0.085297 0.0637347 0.0013175
67 0.528277 0.469489 0.0654287 0.0440314 0.00128832
0 0.928799 0.539663 0.134775 0.365238 0.00127235
0 0.150159 0.501254 0.0343898 0.0735826 0.00126913
0 0.940063 0.410624 0.0441158 0.105979 0.00126058
24 0.0262697 0.526222 0.0512228 0.187317 0.00125441
26 0.367462 0.788101 0.0839968 0.204598 0.0012528
27 0.391925 0.830789 0.140558 0.309082 0.00123844
27 0.915769 0.536748 0.0290873 0.0572519 0.001237
26 0.813015 0.611504 0.0562878 0.185023 0.00120986
0 0.968848 0.395893 0.0527344 0.0943909 0.00118726
67 0.592887 0.47352 0.0597614 0.0871165 0.00116241
0 0.769306 0.539176 0.0731449 0.198834 0.00116014
24 0.776361 0.5531 0.0787858 0.187435 0.00115824
26 0.802216 0.586309 0.037553 0.11949 0.00113162
0 0.670541 0.366873 0.0303362 0.054527 0.00109532
0 0.155974 0.407475 0.0329836 0.0634243 0.00109497
0 0.951 0.446422 0.0342018 0.0775088 0.00109276
0 0.677494 0.368502 0.04324 0.0631199 0.0010874
0 0.672087 0.357481 0.0216883 0.0357955 0.00107998
24 0.812686 0.572352 0.0666281 0.240517 0.00106812
26 0.112399 0.54891 0.0321794 0.246631 0.00105637
26 0.120846 0.506158 0.0608754 0.169139 0.00104994
26 0.117197 0.51081 0.032796 0.155512 0.00104451
11 0.572668 0.248492 0.0413967 0.0362012 0.00101921
0 0.153006 0.490985 0.0344512 0.0820879 0.00101015
0 0.301218 0.519718 0.0521363 0.113291 0.00100777
