0 0.314842 0.575118 0.551948 0.823691 0.94092
68 0.894501 0.86068 0.209698 0.268705 0.875935
44 0.645355 0.785962 0.04097 0.0589731 0.601094
44 0.628866 0.843303 0.0596667 0.0937617 0.473051
44 0.642424 0.866254 0.0386047 0.0658323 0.436204
43 0.716177 0.807413 0.0289135 0.0998509 0.425688
44 0.956948 0.638561 0.0117737 0.102303 0.391482
43 0.749246 0.823068 0.0277065 0.0779486 0.381765
43 0.744058 0.824459 0.0349094 0.079047 0.323783
43 0.719718 0.85283 0.0275334 0.178096 0.304983
44 0.647274 0.86442 0.04761 0.0773851 0.302384
43 0.750554 0.89424 0.0265827 0.0691713 0.29722
43 0.561071 0.937601 0.0412107 0.121411 0.296687
43 0.735029 0.814405 0.0276691 0.0955073 0.295151
44 0.641855 0.395373 0.0229206 0.260122 0.272721
69 0.46548 0.905334 0.228977 0.178207 0.260207
43 0.727697 0.805879 0.025403 0.107605 0.23833
43 0.711858 0.809564 0.0253839 0.0913358 0.227066
43 0.709959 0.853124 0.0338272 0.185599 0.197379
74 0.0235829 0.0361074 0.0456824 0.0713739 0.192273
43 0.684821 0.802 0.0322527 0.0820327 0.179873
43 0.737504 0.825476 0.0281584 0.0777399 0.179444
42 0.682273 0.803062 0.0342604 0.0797193 0.167146
42 0.956997 0.638981 0.0119509 0.103433 0.160284
43 0.743648 0.930503 0.0397325 0.138842 0.141991
43 0.59002 0.964669 0.0248119 0.0696454 0.139287
43 0.725584 0.795386 0.0192446 0.0870833 0.139049
43 0.742244 0.8717 0.0435672 0.123476 0.129562
43 0.739394 0.796783 0.0207455 0.0855427 0.123986
43 0.73302 0.862502 0.040943 0.152925 0.123224
43 0.742895 0.960127 0.0367954 0.0779909 0.116795
43 0.746436 0.903896 0.0356211 0.0857517 0.116294
44 0.681839 0.802012 0.0357653 0.0802522 0.115205
44 0.670349 0.397763 0.030048 0.257284 0.110991
44 0.632117 0.927021 0.025028 0.073129 0.106781
43 0.956182 0.637158 0.0118181 0.102914 0.105863
74 0.0415304 0.0653346 0.0821394 0.129883 0.0977384
44 0.654173 0.66475 0.0255713 0.180529 0.0973443
44 0.571266 0.274015 0.0374376 0.180735 0.0972567
43 0.733952 0.887189 0.0347733 0.0987229 0.0930504
43 0.585992 0.957617 0.0277182 0.0817571 0.0922218
68 0.461948 0.907113 0.222023 0.181429 0.0897602
44 0.657522 0.94299 0.0457685 0.110943 0.0872514
43 0.712523 0.923957 0.0401691 0.152085 0.0838877
43 0.739315 0.847082 0.0355437 0.124741 0.0828884
44 0.59002 0.964669 0.0248119 0.0696454 0.0803593
44 0.622513 0.846707 0.0443643 0.0941817 0.0784699
44 0.623349 0.742655 0.020307 0.0575148 0.0781701
44 0.664328 0.851678 0.0257339 0.0663376 0.0780714
44 0.677899 0.924003 0.0219124 0.144072 0.0760075
44 0.627745 0.745559 0.0202548 0.0522364 0.0755627
44 0.661788 0.860783 0.0304049 0.0833177 0.0737416
44 0.637765 0.401615 0.0216845 0.245573 0.0735648
43 0.73976 0.910677 0.0392887 0.114918 0.0716521
44 0.694395 0.913753 0.024098 0.135921 0.071161
43 0.581701 0.926262 0.0331126 0.141062 0.0674466
44 0.522598 0.652825 0.0167913 0.140819 0.0665907
44 0.624661 0.925594 0.0337096 0.072165 0.062589
44 0.67929 0.675784 0.0211391 0.16347 0.0621012
44 0.697491 0.923075 0.0302298 0.152535 0.0619748
44 0.581243 0.77507 0.0734884 0.077561 0.0616123
43 0.596719 0.904087 0.0207548 0.0933306 0.0579683
43 0.680252 0.902776 0.0214699 0.11729 0.0579629
43 0.703584 0.858449 0.0302729 0.172671 0.0577277
44 0.707619 0.92192 0.0461338 0.156161 0.0569871
44 0.594465 0.891252 0.0194902 0.0771842 0.055752
43 0.717071 0.870504 0.0233988 0.16378 0.05513
43 0.712287 0.947658 0.0350574 0.104032 0.0536157
43 0.693551 0.903404 0.0220137 0.111596 0.0535882
44 0.649257 0.65243 0.0137338 0.162741 0.0535748
44 0.571416 0.640442 0.0153131 0.0861153 0.0529672
44 0.690637 0.920584 0.0215092 0.152968 0.0525567
69 0.02529 0.915416 0.0503903 0.159413 0.0504777
44 0.63385 0.946313 0.0262781 0.104629 0.0501014
43 0.993329 0.662172 0.00854073 0.0504894 0.0498641
44 0.63054 0.743225 0.0187665 0.0563282 0.0477936
43 0.653588 0.658797 0.0247847 0.182077 0.04603
44 0.609869 0.896701 0.0217241 0.0799689 0.0454004
43 0.685542 0.856025 0.0410524 0.195813 0.0453194
43 0.73781 0.923984 0.0458548 0.131304 0.0450345
41 0.0408881 0.668316 0.0184861 0.0549458 0.0448236
69 0.437867 0.918224 0.176802 0.158061 0.0441503
43 0.709286 0.901572 0.0399602 0.194696 0.043906
44 0.603884 0.905572 0.0144625 0.0921436 0.0437881
44 0.65338 0.717111 0.0236826 0.075219 0.0433659
44 0.651173 0.403005 0.0397261 0.250611 0.0431026
44 0.655838 0.851736 0.0389482 0.0664703 0.0428682
44 0.620704 0.65576 0.0206428 0.16153 0.0426691
43 0.682427 0.89335 0.0185782 0.0999907 0.0418533
44 0.607504 0.893722 0.0220911 0.0951139 0.0416783
44 0.594791 0.779663 0.045318 0.0636231 0.0411075
44 0.686408 0.910417 0.0202717 0.131466 0.0409079
44 0.634028 0.400316 0.0192988 0.24608 0.0403871
43 0.621827 0.653506 0.0179907 0.153414 0.0402882
44 0.589601 0.890671 0.0136193 0.0733208 0.0398729
44 0.664984 0.398812 0.0242073 0.261088 0.0387619
42 0.676252 0.802387 0.0264732 0.0800025 0.0385217
44 0.690329 0.974035 0.0179562 0.0507347 0.0383847
44 0.63449 0.973815 0.0273855 0.05204 0.0376808
44 0.636575 0.927352 0.0241634 0.071753 0.0374945
44 0.620224 0.916793 0.0253325 0.0571475 0.0368264
44 0.561954 0.937154 0.0416761 0.12225 0.0363174
44 0.656446 0.98007 0.0410652 0.0365056 0.0362641
44 0.523102 0.668585 0.0212723 0.160398 0.0361193
44 0.619557 0.975663 0.0408356 0.0486736 0.0361072
44 0.993329 0.662172 0.00854073 0.0504894 0.0357652
44 0.57625 0.767593 0.0567536 0.0898693 0.0342552
44 0.639123 0.847832 0.0765415 0.103731 0.0335535
42 0.571416 0.640442 0.0153131 0.0861153 0.0331295
42 0.714915 0.806057 0.0283871 0.0962637 0.0318762
44 0.578967 0.881464 0.0255799 0.0526901 0.031647
43 0.63385 0.946313 0.0262781 0.104629 0.0313241
43 0.678641 0.828322 0.028717 0.130057 0.0312324
43 0.677899 0.924003 0.0219124 0.144072 0.0309485
44 0.682069 0.930116 0.0233872 0.132993 0.0308596
68 0.0269558 0.795112 0.0527537 0.105419 0.0300323
44 0.572268 0.859361 0.0602574 0.0958458 0.0299482
44 0.651105 0.89797 0.0492718 0.0556509 0.0297355
68 0.0371543 0.614348 0.0723011 0.224345 0.0297118
44 0.635642 0.371474 0.0190756 0.217349 0.0296226
44 0.640891 0.917329 0.0322264 0.0793574 0.0290999
43 0.603884 0.905572 0.0144625 0.0921436 0.0290923
44 0.658688 0.40493 0.0568869 0.254432 0.0289454
44 0.630561 0.66016 0.0164251 0.164087 0.028356
43 0.575026 0.905347 0.0255569 0.0857135 0.0283106
44 0.655429 0.697873 0.0236614 0.118085 0.0279728
42 0.567704 0.83393 0.0430206 0.0606123 0.0279521
43 0.621955 0.637437 0.0144669 0.126875 0.0277848
44 0.594673 0.777562 0.0297104 0.0625047 0.027756
44 0.562823 0.767524 0.0253391 0.0882347 0.0273852
44 0.683956 0.870753 0.0237986 0.108654 0.0270629
44 0.658187 0.9336 0.0389152 0.0780873 0.0268145
44 0.648305 0.658568 0.0191431 0.179552 0.0261515
42 0.587012 0.960943 0.0240417 0.0743274 0.0259324
43 0.690637 0.920584 0.0215092 0.152968 0.0258576
43 0.67929 0.675784 0.0211391 0.16347 0.0258442
43 0.705116 0.92195 0.0421049 0.152588 0.0257336
43 0.578596 0.892628 0.0283927 0.0772302 0.0249096
44 0.665606 0.38626 0.014918 0.219964 0.0245596
44 0.580799 0.807111 0.0743921 0.125276 0.0243086
45 0.62822 0.84224 0.0591885 0.090733 0.0242542
44 0.653072 0.658445 0.0172108 0.175298 0.0242285
44 0.590038 0.754749 0.0185757 0.0576388 0.0234235
43 0.649257 0.65243 0.0137338 0.162741 0.0232148
43 0.636807 0.38499 0.0194195 0.244801 0.0231612
44 0.574009 0.648096 0.0212353 0.100643 0.0229155
43 0.565385 0.95415 0.0287635 0.0902468 0.0227284
43 0.56727 0.834389 0.0465565 0.0640658 0.022626
44 0.714915 0.806057 0.0283871 0.0962637 0.0224894
43 0.588553 0.937176 0.0265337 0.123413 0.0224232
44 0.679419 0.908145 0.0214154 0.116046 0.0223132
44 0.643912 0.657988 0.0127086 0.168469 0.0223019
44 0.596719 0.904087 0.0207548 0.0933306 0.022055
42 0.993329 0.662172 0.00854073 0.0504894 0.0219461
43 0.594465 0.891252 0.0194902 0.0771842 0.0216301
44 0.611896 0.88109 0.0206602 0.062446 0.0212367
43 0.634086 0.977441 0.0261576 0.0431809 0.0212147
43 0.573057 0.88312 0.0364355 0.0579319 0.0207548
44 0.638921 0.364844 0.0175708 0.204721 0.0202002
44 0.644117 0.415046 0.0198471 0.224802 0.0200412
44 0.667393 0.846731 0.0231262 0.0596821 0.0199399
44 0.527692 0.670006 0.0317642 0.170406 0.0195692
44 0.643145 0.977036 0.0406441 0.0437789 0.0195362
44 0.601028 0.919181 0.0203129 0.0855468 0.0194541
43 0.678872 0.626328 0.0166516 0.107511 0.0193179
42 0.741768 0.823662 0.0345489 0.08106 0.0192221
44 0.64711 0.403873 0.027908 0.244251 0.0189107
42 0.652509 0.66582 0.0235446 0.17252 0.0187661
44 0.632962 0.978975 0.0230835 0.040163 0.0186074
43 0.601028 0.919181 0.0203129 0.0855468 0.0185937
44 0.679951 0.635886 0.0169817 0.075593 0.0185503
44 0.591541 0.736021 0.020977 0.0910303 0.0182782
43 0.676252 0.802387 0.0264732 0.0800025 0.0182403
44 0.619914 0.961154 0.0373895 0.0721864 0.0180793
44 0.447534 0.264232 0.150351 0.36359 0.0180718
44 0.670771 0.934344 0.0266034 0.0938518 0.0177165
44 0.63951 0.652823 0.0138938 0.155272 0.0176078
43 0.647485 0.639028 0.0122046 0.14227 0.01747
44 0.580721 0.729054 0.0400845 0.0828407 0.0174508
44 0.574986 0.883875 0.0260111 0.0589991 0.0171265
43 0.653072 0.658445 0.0172108 0.175298 0.0169131
43 0.664984 0.398812 0.0242073 0.261088 0.0168975
41 0.0434451 0.651945 0.025233 0.107072 0.0168842
44 0.661353 0.658403 0.0180212 0.177531 0.0168397
68 0.0401381 0.623795 0.0536481 0.200535 0.0168127
43 0.589601 0.890671 0.0136193 0.0733208 0.0167632
43 0.632117 0.927021 0.025028 0.073129 0.0167306
44 0.578596 0.892628 0.0283927 0.0772302 0.016703
43 0.653764 0.685895 0.0238892 0.13571 0.0166851
42 0.561954 0.937154 0.0416761 0.12225 0.0164498
44 0.661019 0.885936 0.0273338 0.0371838 0.0163574
51 0.589062 0.756061 0.0175592 0.0619883 0.0161594
69 0.52594 0.906151 0.351149 0.187698 0.0161144
44 0.739421 0.927609 0.0444632 0.140305 0.0160147
42 0.748206 0.8213 0.0335447 0.0771917 0.015653
42 0.640816 0.39497 0.0230742 0.260227 0.015586
44 0.682427 0.89335 0.0185782 0.0999907 0.0155231
43 0.578916 0.883198 0.0250637 0.057028 0.0154415
42 0.711098 0.809792 0.0230319 0.0907972 0.0154171
43 0.711878 0.966192 0.0336308 0.0676159 0.0153873
44 0.570483 0.652163 0.0196919 0.110812 0.0152218
44 0.600554 0.776864 0.032973 0.0564837 0.0150988
44 0.626926 0.653415 0.0191201 0.153121 0.0150923
42 0.580397 0.803984 0.0743544 0.116926 0.0148794
43 0.562823 0.767524 0.0253391 0.0882347 0.0147427
43 0.648305 0.658568 0.0191431 0.179552 0.0147204
44 0.73976 0.910677 0.0392887 0.114918 0.0146667
44 0.746436 0.903896 0.0356211 0.0857517 0.0145956
42 0.649257 0.65243 0.0137338 0.162741 0.0145567
44 0.571057 0.668865 0.023934 0.144623 0.0145239
43 0.716357 0.903477 0.0236374 0.13892 0.014447
44 0.678641 0.828322 0.028717 0.130057 0.0143533
43 0.623349 0.742655 0.020307 0.0575148 0.0143271
44 0.750554 0.89424 0.0265827 0.0691713 0.0143253
69 0.41521 0.923525 0.129899 0.148434 0.0142578
43 0.621026 0.67361 0.0207874 0.185064 0.014127
43 0.653778 0.948445 0.0500299 0.0982663 0.0141248
44 0.597803 0.862128 0.0241725 0.122344 0.0141071
44 0.676252 0.802387 0.0264732 0.0800025 0.0140367
44 0.585992 0.957617 0.0277182 0.0817571 0.0139282
69 0.895178 0.861503 0.209045 0.268135 0.0139143
42 0.713639 0.842623 0.02917 0.169309 0.0139016
43 0.661353 0.658403 0.0180212 0.177531 0.0138433
42 0.672626 0.401436 0.0273623 0.237307 0.0137172
42 0.575744 0.643486 0.0153986 0.0873354 0.0137024
43 0.686408 0.910417 0.0202717 0.131466 0.0135824
44 0.588553 0.937176 0.0265337 0.123413 0.0135578
44 0.575744 0.643486 0.0153986 0.0873354 0.0135338
43 0.680215 0.636551 0.0169918 0.0781942 0.0134116
43 0.687385 0.793523 0.0261842 0.0742135 0.0134037
69 0.466235 0.845006 0.233847 0.295191 0.0133964
44 0.674938 0.668419 0.0194083 0.156975 0.0132642
43 0.697491 0.923075 0.0302298 0.152535 0.0132598
43 0.565594 0.926948 0.0481317 0.139544 0.0131659
44 0.583762 0.770303 0.0217667 0.0549521 0.0130691
43 0.630561 0.66016 0.0164251 0.164087 0.01294
44 0.62129 0.777205 0.0217053 0.0553051 0.0129011
73 0.0372154 0.623019 0.0690864 0.203494 0.0126801
43 0.624661 0.925594 0.0337096 0.072165 0.0126724
42 0.590674 0.963516 0.0230225 0.0713477 0.0125835
44 0.621315 0.748684 0.0276312 0.0754272 0.0123642
43 0.580397 0.803984 0.0743544 0.116926 0.0122275
44 0.670216 0.916582 0.0284503 0.0971731 0.0122021
44 0.582426 0.257689 0.0536906 0.228808 0.0121304
43 0.676365 0.705819 0.0238544 0.23191 0.0120922
43 0.63054 0.743225 0.0187665 0.0563282 0.0120482
45 0.645355 0.785962 0.04097 0.0589731 0.0118754
42 0.667393 0.846731 0.0231262 0.0596821 0.0118458
43 0.656446 0.98007 0.0410652 0.0365056 0.0117465
42 0.737299 0.805489 0.0267349 0.108438 0.0117449
43 0.645009 0.785608 0.0410107 0.0586303 0.0117034
44 0.612626 0.977513 0.0453509 0.0436794 0.0116604
44 0.646201 0.745326 0.0399675 0.0351528 0.0116061
44 0.648928 0.979885 0.0462815 0.0387179 0.011553
44 0.653551 0.748175 0.0280549 0.0245316 0.0113752
40 0.956997 0.638981 0.0119509 0.103433 0.0113542
43 0.643912 0.657988 0.0127086 0.168469 0.0113198
44 0.572491 0.265906 0.0268476 0.180775 0.011227
72 0.0378775 0.623902 0.0695544 0.202519 0.0111406
41 0.0381045 0.678648 0.0217595 0.0808863 0.0111146
42 0.571266 0.274015 0.0374376 0.180735 0.0110953
44 0.56727 0.834389 0.0465565 0.0640658 0.0110556
43 0.597803 0.862128 0.0241725 0.122344 0.0109856
43 0.643145 0.977036 0.0406441 0.0437789 0.0108654
43 0.568191 0.852096 0.0507927 0.0987935 0.0107987
44 0.635522 0.667221 0.0180587 0.186838 0.0107958
42 0.647472 0.786372 0.0331532 0.0648188 0.0106541
44 0.595438 0.907014 0.0261889 0.106715 0.0104907
44 0.565385 0.95415 0.0287635 0.0902468 0.010402
44 0.748206 0.8213 0.0335447 0.0771917 0.0103934
43 0.690329 0.974035 0.0179562 0.0507347 0.0103581
44 0.990954 0.661298 0.0103954 0.0537189 0.0102413
42 0.562823 0.767524 0.0253391 0.0882347 0.0101516
42 0.636807 0.38499 0.0194195 0.244801 0.0101441
44 0.607177 0.818549 0.0257953 0.0494139 0.0100971
44 0.741768 0.823662 0.0345489 0.08106 0.00992808
44 0.571301 0.252237 0.0182154 0.151289 0.00976452
42 0.739315 0.847082 0.0355437 0.124741 0.00972208
68 0.025111 0.895305 0.0493573 0.116736 0.0097172
44 0.709959 0.853124 0.0338272 0.185599 0.00964358
51 0.597939 0.779518 0.0415394 0.0623919 0.00949374
44 0.693587 0.424045 0.0140528 0.271195 0.00944978
44 0.737299 0.805489 0.0267349 0.108438 0.00940546
44 0.528767 0.738835 0.0306961 0.0422936 0.00931421
43 0.667393 0.846731 0.0231262 0.0596821 0.00928122
42 0.657986 0.406297 0.050799 0.245532 0.00924143
43 0.682069 0.930116 0.0233872 0.132993 0.00923172
44 0.622619 0.648815 0.0157236 0.147878 0.00922909
43 0.594791 0.779663 0.045318 0.0636231 0.00921461
43 0.728223 0.960449 0.0652274 0.0791024 0.00918975
43 0.619557 0.975663 0.0408356 0.0486736 0.00913852
44 0.70788 0.962806 0.0416649 0.0743876 0.00907987
42 0.687385 0.793523 0.0261842 0.0742135 0.00905731
44 0.676365 0.705819 0.0238544 0.23191 0.00894937
42 0.664984 0.398812 0.0242073 0.261088 0.00893953
44 0.66039 0.38834 0.0162378 0.241904 0.00886196
43 0.581243 0.77507 0.0734884 0.077561 0.00872177
43 0.626926 0.653415 0.0191201 0.153121 0.00866172
71 0.0203139 0.970895 0.0400207 0.0514256 0.00865766
43 0.63951 0.652823 0.0138938 0.155272 0.0086247
