5 0.498204 0.544442 0.718511 0.540197 0.950838
0 0.453136 0.655478 0.07209 0.331306 0.899955
0 0.231704 0.647388 0.0771192 0.238137 0.863111
7 0.0747359 0.544049 0.147947 0.386323 0.605361
5 0.0745447 0.545169 0.14792 0.383218 0.554962
26 0.199683 0.6878 0.0248012 0.0496571 0.456227
5 0.118296 0.511028 0.0583832 0.193609 0.159276
0 0.359187 0.461497 0.0285211 0.0373889 0.116402
7 0.0747081 0.615222 0.148819 0.242469 0.103756
2 0.0749147 0.615007 0.14856 0.241254 0.0974616
26 0.256154 0.600509 0.0252634 0.0777554 0.0943323
2 0.0746916 0.543969 0.14847 0.384532 0.0727321
5 0.0504142 0.426567 0.0999811 0.144792 0.0649542
7 0.119255 0.51352 0.0557486 0.189902 0.0582447
0 0.252534 0.471283 0.0173306 0.0392527 0.0579173
2 0.121617 0.518112 0.06038 0.189709 0.0497554
0 0.531754 0.578075 0.0421434 0.219196 0.046673
26 0.262622 0.630921 0.0368861 0.13846 0.0396903
0 0.261913 0.634178 0.0342149 0.161293 0.0380027
24 0.257037 0.600587 0.0290221 0.0792079 0.0350343
2 0.122964 0.582219 0.0400501 0.0659389 0.0319405
5 0.0743599 0.482832 0.146624 0.258927 0.0303892
28 0.267894 0.67057 0.0369123 0.0871844 0.0298873
28 0.26095 0.708389 0.0253627 0.0548134 0.0232299
26 0.261036 0.708989 0.0245733 0.0564775 0.0222938
28 0.239595 0.707798 0.0694135 0.0569252 0.0205449
0 0.535806 0.486989 0.0286228 0.0346865 0.0205293
0 0.0365816 0.396206 0.0200676 0.0219703 0.0163969
28 0.267592 0.649906 0.0373368 0.099323 0.0160712
26 0.267592 0.649906 0.0373368 0.099323 0.0144974
0 0.412613 0.455915 0.0232534 0.0370921 0.0144945
24 0.237862 0.598855 0.0584711 0.0788063 0.0143733
28 0.262201 0.700117 0.0303263 0.0734879 0.0128149
28 0.199683 0.6878 0.0248012 0.0496571 0.0126686
24 0.235876 0.587233 0.0646125 0.0621171 0.0122963
26 0.262201 0.700117 0.0303263 0.0734879 0.0122014
24 0.199683 0.6878 0.0248012 0.0496571 0.0120688
2 0.121437 0.500892 0.0508413 0.153636 0.0115518
24 0.262622 0.630921 0.0368861 0.13846 0.010817
0 0.460916 0.440276 0.0313654 0.0513515 0.010592
0 0.613834 0.428683 0.0254056 0.0432365 0.0103908
0 0.266531 0.657961 0.0368542 0.14822 0.00993425
26 0.20032 0.682854 0.0205644 0.0423058 0.00988039
0 0.267998 0.681182 0.0380591 0.108991 0.00969374
0 0.266467 0.630868 0.0412079 0.139629 0.00967818
0 0.26275 0.470702 0.0395412 0.0401943 0.00914323
0 0.408812 0.453843 0.0313082 0.0421502 0.00892684
0 0.531884 0.489302 0.0374825 0.0400288 0.00858587
36 0.213349 0.82667 0.0280756 0.0592909 0.00785971
0 0.26095 0.708389 0.0253627 0.0548134 0.00782833
0 0.36159 0.446149 0.0307575 0.0679394 0.00772223
2 0.128094 0.546401 0.060126 0.137662 0.00749272
0 0.464826 0.437573 0.0425728 0.0576561 0.0072979
28 0.266531 0.657961 0.0368542 0.14822 0.00672573
26 0.268818 0.66345 0.0361902 0.0710094 0.00668594
24 0.260827 0.706632 0.0237905 0.0503423 0.00629473
5 0.109833 0.499803 0.0747233 0.153358 0.0061655
2 0.111609 0.507498 0.0718667 0.160171 0.00613669
0 0.0559173 0.396713 0.0268873 0.0217656 0.00581768
5 0.121437 0.500892 0.0508413 0.153636 0.00579658
7 0.126848 0.533827 0.0566543 0.165949 0.00578693
7 0.49771 0.54534 0.720555 0.542743 0.00551757
0 0.531941 0.526886 0.0407324 0.114802 0.00549752
26 0.211288 0.687031 0.0465146 0.059764 0.00536817
26 0.255255 0.624971 0.039685 0.134671 0.00533542
0 0.398388 0.455984 0.0169462 0.0393379 0.00527701
24 0.20032 0.682854 0.0205644 0.0423058 0.00507554
0 0.359726 0.463678 0.0316062 0.0489328 0.00457916
2 0.132926 0.559737 0.0596788 0.10891 0.00432569
31 0.213349 0.82667 0.0280756 0.0592909 0.00394672
7 0.111609 0.507498 0.0718667 0.160171 0.00391635
7 0.0744293 0.481154 0.145651 0.247397 0.00370932
7 0.122243 0.504724 0.0490403 0.148408 0.00360909
0 0.47847 0.486307 0.0581617 0.18016 0.00353512
28 0.264832 0.63547 0.037688 0.147735 0.00351924
0 0.0368691 0.398433 0.024587 0.0269019 0.00343212
24 0.268818 0.66345 0.0361902 0.0710094 0.00337091
24 0.267592 0.649906 0.0373368 0.099323 0.00314087
36 0.215325 0.894168 0.0357005 0.194188 0.00309995
0 0.476528 0.454874 0.055996 0.101377 0.00293463
0 0.486656 0.494708 0.0407637 0.185095 0.00291955
7 0.0493383 0.426972 0.0982449 0.145908 0.00287935
0 0.487162 0.45592 0.0355134 0.095603 0.00281176
24 0.262201 0.700117 0.0303263 0.0734879 0.00272369
0 0.461942 0.452752 0.0343157 0.0829449 0.00267503
5 0.121654 0.453349 0.0255244 0.0775038 0.00266227
0 0.486294 0.53081 0.0456545 0.247902 0.00264904
24 0.255255 0.624971 0.039685 0.134671 0.00258991
0 0.462239 0.429614 0.0358217 0.0723802 0.00258344
0 0.28194 0.476977 0.023168 0.0269242 0.00249225
5 0.101243 0.460491 0.0278373 0.0647933 0.00247914
24 0.234187 0.610398 0.062722 0.111105 0.00247678
0 0.262201 0.700117 0.0303263 0.0734879 0.00247005
0 0.610809 0.424452 0.0327826 0.0504332 0.00242689
0 0.475759 0.43877 0.0522022 0.0685425 0.00237453
2 0.0744293 0.481154 0.145651 0.247397 0.00233597
0 0.478678 0.519834 0.0627135 0.223477 0.00230557
0 0.601597 0.427586 0.0477085 0.0488911 0.00223571
0 0.258674 0.467811 0.0177536 0.0496812 0.00220242
0 0.532717 0.506418 0.0389456 0.0742612 0.00220063
26 0.203932 0.658622 0.0297628 0.112107 0.0021641
5 0.119582 0.462256 0.0439912 0.0863153 0.0021458
0 0.314591 0.459703 0.0268577 0.0453287 0.00213155
0 0.525486 0.587684 0.0570498 0.241226 0.00203323
0 0.0590957 0.401788 0.0264829 0.0230923 0.00201783
24 0.250707 0.591695 0.0377613 0.0735034 0.00197327
6 0.0743637 0.543844 0.147918 0.382428 0.00195414
0 0.372203 0.458159 0.0559628 0.0434376 0.00191191
0 0.0467919 0.435741 0.0929309 0.121662 0.00188917
0 0.40153 0.456959 0.0235088 0.0410828 0.00183526
0 0.352145 0.458552 0.043934 0.0472312 0.00181079
10 0.260773 0.709388 0.02453 0.0547713 0.00175986
0 0.267592 0.649906 0.0373368 0.099323 0.00172955
24 0.239595 0.707798 0.0694135 0.0569252 0.00172848
5 0.107543 0.459603 0.0333704 0.0722855 0.00172234
0 0.344671 0.45967 0.0425608 0.0442432 0.00170395
6 0.499317 0.546508 0.718865 0.540435 0.00161174
0 0.233629 0.710551 0.0805225 0.0636434 0.00160125
0 0.268818 0.66345 0.0361902 0.0710094 0.00159746
0 0.269068 0.632518 0.05361 0.154863 0.0015938
0 0.594254 0.422717 0.0385996 0.0584805 0.00154147
39 0.200054 0.688222 0.0247531 0.0485628 0.00152293
5 0.074621 0.61486 0.148725 0.242275 0.00150269
0 0.409607 0.442719 0.0334297 0.0673141 0.00139773
5 0.0582118 0.460638 0.116424 0.080633 0.00137055
2 0.0493383 0.426972 0.0982449 0.145908 0.00137055
56 0.251635 0.471548 0.0192267 0.0393049 0.00135431
28 0.237981 0.674555 0.0964544 0.152666 0.00133827
0 0.414767 0.44308 0.0246475 0.0630078 0.00124735
0 0.0392033 0.39446 0.0753855 0.027416 0.00123191
28 0.228398 0.703033 0.0785547 0.0955335 0.0012103
24 0.23446 0.581398 0.0578494 0.0464694 0.00119671
0 0.27986 0.468326 0.0258571 0.0397471 0.00117859
26 0.239595 0.707798 0.0694135 0.0569252 0.00115889
56 0.360168 0.460244 0.0294554 0.040719 0.00114092
0 0.0516 0.395214 0.0522513 0.026782 0.0011346
0 0.252659 0.464538 0.0179869 0.0552451 0.00112206
0 0.328961 0.463577 0.0185887 0.0384493 0.00111759
0 0.21372 0.827111 0.0289334 0.0600937 0.00111258
0 0.20032 0.682854 0.0205644 0.0423058 0.00107878
7 0.0643884 0.432629 0.127814 0.159602 0.00107723
2 0.49771 0.54534 0.720555 0.542743 0.00107118
24 0.22969 0.609717 0.0513511 0.08442 0.00106117
8 0.0743637 0.543844 0.147918 0.382428 0.00105458
0 0.0422478 0.410141 0.0784737 0.0560864 0.00103191
26 0.266531 0.657961 0.0368542 0.14822 0.0010125
