0 0.664782 0.490607 0.668853 0.979701 0.96885
0 0.197083 0.564885 0.39239 0.598094 0.933077
0 0.586381 0.0976571 0.11721 0.194598 0.879159
0 0.49388 0.146474 0.197981 0.289778 0.868828
0 0.101033 0.176884 0.201726 0.348657 0.831986
0 0.274397 0.0907672 0.141773 0.175556 0.756143
0 0.374889 0.0897468 0.113708 0.178361 0.72503
53 0.47272 0.897852 0.528163 0.188047 0.719392
0 0.228574 0.0544717 0.0420155 0.108666 0.636797
56 0.321811 0.366199 0.0935826 0.153958 0.629783
41 0.269761 0.187294 0.0294558 0.0486093 0.597888
41 0.302983 0.184605 0.029918 0.0366866 0.57398
41 0.342479 0.184205 0.0272242 0.0321733 0.538344
42 0.537489 0.928389 0.153541 0.132985 0.510639
56 0.423287 0.334888 0.0971286 0.109704 0.498905
56 0.439587 0.406473 0.134118 0.254348 0.471399
56 0.0341175 0.464982 0.0676352 0.358908 0.461704
43 0.106255 0.930953 0.0959305 0.13694 0.460152
41 0.37002 0.182276 0.0267359 0.0396269 0.42095
0 0.661134 0.0833824 0.0541225 0.165623 0.411987
43 0.536981 0.928044 0.153503 0.133174 0.369699
0 0.630547 0.0274605 0.0438704 0.0539771 0.358188
41 0.637242 0.17668 0.0254164 0.0370168 0.331217
41 0.230373 0.115537 0.013784 0.0413514 0.310176
0 0.363505 0.0516501 0.0539638 0.101694 0.272678
41 0.211734 0.196339 0.0341114 0.0369406 0.255066
60 0.30751 0.229046 0.192638 0.0908261 0.229655
60 0.444371 0.900974 0.886374 0.173422 0.22089
60 0.140398 0.909206 0.278199 0.163817 0.220694
60 0.293632 0.216175 0.218051 0.116841 0.210216
0 0.312553 0.0412743 0.061376 0.0825485 0.207592
53 0.383634 0.900086 0.350697 0.187135 0.202721
0 0.648307 0.0832053 0.0781313 0.165854 0.186407
0 0.955138 0.143072 0.089333 0.278274 0.156434
42 0.623596 0.876819 0.261154 0.216351 0.149942
0 0.302709 0.0410106 0.0478207 0.0820212 0.146096
41 0.664071 0.179102 0.0337788 0.0279605 0.142355
43 0.439255 0.870843 0.0309922 0.233138 0.1423
42 0.439255 0.870843 0.0309922 0.233138 0.137703
60 0.843482 0.957138 0.266823 0.0812496 0.132495
53 0.333301 0.902749 0.249656 0.178734 0.127318
56 0.664313 0.179193 0.0333891 0.0293506 0.107121
39 0.637559 0.176504 0.0247606 0.0369855 0.106362
60 0.230681 0.214588 0.0786748 0.0733843 0.104048
53 0.600131 0.930868 0.282255 0.128843 0.102584
60 0.299952 0.260701 0.208478 0.156955 0.0983627
60 0.279084 0.205415 0.175339 0.0880443 0.0951378
43 0.632789 0.869542 0.244091 0.202809 0.0933549
56 0.329226 0.460397 0.105771 0.338218 0.0867206
41 0.161896 0.213801 0.0177686 0.044838 0.0854529
0 0.386739 0.0732851 0.0889955 0.145516 0.0847894
60 0.536958 0.885914 0.890348 0.209802 0.0846881
56 0.488715 0.498195 0.0422293 0.0747302 0.0799591
60 0.234618 0.211773 0.106058 0.0788279 0.0793043
42 0.643702 0.849798 0.222455 0.162728 0.0725738
0 0.188387 0.0699143 0.0666823 0.128333 0.0668626
60 0.291009 0.265555 0.230256 0.206296 0.0625364
0 0.326845 0.0415646 0.0444942 0.0823943 0.0570615
60 0.212474 0.211559 0.151855 0.0790151 0.0568314
56 0.291444 0.364828 0.156503 0.160122 0.0562876
60 0.28647 0.195949 0.242807 0.177607 0.0549954
41 0.362085 0.182773 0.0419361 0.0375386 0.0541422
0 0.23231 0.0259607 0.0332559 0.0509948 0.0539238
43 0.539335 0.899708 0.151759 0.079646 0.0470398
0 0.195922 0.103427 0.0547107 0.0738269 0.0455237
41 0.273958 0.174082 0.026294 0.0559611 0.0429075
42 0.492208 0.940722 0.0632931 0.109526 0.0426121
44 0.643702 0.849798 0.222455 0.162728 0.0378254
40 0.636889 0.17648 0.0259325 0.0371665 0.0347709
0 0.0371806 0.0782463 0.0732758 0.154494 0.0346169
53 0.585654 0.89149 0.779185 0.200175 0.0345613
44 0.106056 0.930954 0.0958561 0.136247 0.0328609
42 0.672398 0.838539 0.165313 0.140778 0.0328399
42 0.43609 0.846047 0.0242752 0.174065 0.0320272
60 0.228038 0.198211 0.0726778 0.0429457 0.0310311
60 0.424779 0.862067 0.847014 0.253424 0.0288728
0 0.10107 0.336131 0.201417 0.666858 0.0273879
42 0.104272 0.931526 0.0982386 0.135715 0.0270143
41 0.369848 0.190132 0.0290431 0.0515919 0.0269403
60 0.291793 0.235942 0.127595 0.0754183 0.0266184
0 0.0230301 0.0779736 0.0455074 0.1535 0.0259748
0 0.337263 0.0422595 0.0623515 0.0838372 0.0257584
60 0.228414 0.229657 0.0716424 0.0444885 0.0255497
43 0.43609 0.846047 0.0242752 0.174065 0.0244918
0 0.259169 0.0736928 0.0898137 0.143062 0.0224365
60 0.683705 0.951226 0.56223 0.0887792 0.0224171
60 0.225407 0.201936 0.160456 0.104445 0.0223078
0 0.630774 0.045464 0.047917 0.0909279 0.0214942
43 0.202022 0.120019 0.034351 0.0289435 0.0214471
0 0.299981 0.041917 0.0890205 0.0832808 0.0210758
0 0.631706 0.0748035 0.047824 0.149363 0.0204079
0 0.667747 0.0325943 0.0427793 0.0637619 0.020125
56 0.402789 0.456337 0.204329 0.35438 0.0201063
67 0.200991 0.11905 0.0357716 0.0294666 0.0200429
0 0.196124 0.120482 0.0619019 0.116088 0.019792
56 0.637242 0.17668 0.0254164 0.0370168 0.0194387
43 0.444423 0.906211 0.0276125 0.172888 0.019359
44 0.623596 0.876819 0.261154 0.216351 0.0189568
41 0.30276 0.174946 0.0321173 0.0529225 0.0184614
0 0.197679 0.0769083 0.061968 0.142821 0.0174961
44 0.439105 0.863895 0.031311 0.246721 0.017296
40 0.37002 0.182276 0.0267359 0.0396269 0.0172616
0 0.275985 0.0414991 0.0751497 0.0821155 0.0168777
43 0.643232 0.844218 0.222936 0.151589 0.0165652
45 0.211261 0.196362 0.0342029 0.0367812 0.0161053
60 0.664677 0.17907 0.0334087 0.0280868 0.0158777
60 0.561193 0.928055 0.840404 0.125478 0.0156917
0 0.362428 0.0676092 0.0494924 0.0837492 0.0148146
60 0.159241 0.218714 0.25337 0.0989769 0.0147345
42 0.689161 0.817347 0.126979 0.0953306 0.0146541
0 0.647125 0.0312092 0.0788683 0.0622033 0.0143603
56 0.26753 0.362724 0.0666203 0.139421 0.0142074
41 0.176014 0.233002 0.0433257 0.0846347 0.013922
56 0.0348914 0.4215 0.0677811 0.25107 0.0139101
56 0.199192 0.354611 0.342851 0.173456 0.0138923
41 0.282931 0.147625 0.0207218 0.0407573 0.0138047
56 0.636646 0.143161 0.0208927 0.103274 0.0136087
40 0.230324 0.11561 0.0143505 0.0417703 0.0128645
43 0.0779218 0.930288 0.152638 0.138743 0.0127818
41 0.370184 0.170018 0.0280747 0.0497026 0.0126448
56 0.661502 0.109374 0.0514112 0.111786 0.0121602
42 0.0779218 0.930288 0.152638 0.138743 0.0118534
56 0.575669 0.14087 0.0421261 0.104392 0.011557
44 0.536493 0.928042 0.154627 0.131904 0.0110531
56 0.260679 0.427604 0.224132 0.279108 0.0109595
44 0.689161 0.817347 0.126979 0.0953306 0.0104586
56 0.101041 0.489091 0.201002 0.422393 0.0104418
60 0.274218 0.241614 0.27259 0.17271 0.0102489
60 0.365046 0.230469 0.074735 0.0826619 0.00995928
42 0.200991 0.11905 0.0357716 0.0294666 0.00990394
44 0.434902 0.837752 0.0211027 0.161596 0.00974163
41 0.0306208 0.972738 0.0604136 0.0534869 0.00951794
42 0.00510682 0.90047 0.00982914 0.0886391 0.0093877
60 0.254141 0.146469 0.114554 0.0667191 0.00936046
0 0.256365 0.0483849 0.0855329 0.0961006 0.00934184
0 0.648432 0.0434516 0.0802122 0.0869033 0.00923547
44 0.672398 0.838539 0.165313 0.140778 0.00914848
0 0.956526 0.242241 0.0863514 0.0809367 0.00897512
0 0.362475 0.0336516 0.0474734 0.0663222 0.00897405
56 0.636799 0.131288 0.0185432 0.079065 0.00869232
56 0.955656 0.245554 0.0873316 0.075296 0.00853592
40 0.342164 0.183443 0.0254882 0.031348 0.00811112
44 0.436684 0.857899 0.025661 0.197503 0.00801736
40 0.269149 0.18708 0.0296437 0.0495268 0.00797868
0 0.35526 0.0387366 0.0371846 0.0759482 0.00772595
45 0.195256 0.200028 0.0829139 0.0425479 0.00759131
42 0.433895 0.828214 0.0188715 0.140295 0.00754035
41 0.178341 0.210257 0.0480056 0.039632 0.0075115
43 0.556336 0.893127 0.113053 0.0834162 0.00749794
60 0.242217 0.172622 0.100029 0.084032 0.00737396
56 0.422041 0.531904 0.198309 0.52322 0.00735173
53 0.38362 0.896504 0.763665 0.186564 0.00728714
0 0.37721 0.0285858 0.0273527 0.0559045 0.00706568
41 0.276143 0.148739 0.0365142 0.0433005 0.00704867
60 0.22226 0.193419 0.0576519 0.0428129 0.00698861
60 0.308264 0.273405 0.191253 0.116384 0.0068703
53 0.4843 0.901107 0.135129 0.197786 0.00664359
45 0.223022 0.195876 0.0618168 0.038777 0.00657454
41 0.235648 0.113156 0.0240172 0.0452555 0.00650385
0 0.360237 0.0870532 0.0553607 0.121264 0.0063675
0 0.308555 0.0455748 0.0419688 0.0723961 0.0063571
42 0.581976 0.887017 0.0627086 0.0501417 0.00630793
0 0.391156 0.0935884 0.0752167 0.15088 0.00621533
60 0.329627 0.331511 0.188322 0.149079 0.00619113
42 0.505064 0.934435 0.0856315 0.107231 0.0061579
55 0.47141 0.899192 0.527556 0.1876 0.00612509
0 0.823394 0.143566 0.351255 0.279222 0.00608838
56 0.238943 0.34414 0.280116 0.175374 0.00608149
40 0.302832 0.184814 0.0297344 0.0367006 0.00600547
0 0.442054 0.408057 0.132516 0.260107 0.00598034
43 0.201701 0.116572 0.040171 0.0349595 0.0059461
0 0.287014 0.0776475 0.107739 0.152541 0.00580683
0 0.242389 0.0307535 0.0597615 0.0615071 0.00572005
42 0.720951 0.797529 0.067853 0.0594404 0.00569165
56 0.328762 0.531222 0.122882 0.243003 0.0056684
56 0.354528 0.638586 0.0620121 0.104528 0.00561839
0 0.350222 0.127229 0.0728023 0.120585 0.00559443
60 0.423287 0.334888 0.0971286 0.109704 0.00555351
60 0.205924 0.224539 0.106428 0.0690488 0.00551262
44 0.0779218 0.930288 0.152638 0.138743 0.0054903
45 0.471303 0.898888 0.525056 0.187354 0.00548053
41 0.255683 0.20033 0.0580825 0.0837322 0.00543615
40 0.282931 0.147625 0.0207218 0.0407573 0.00541103
44 0.202022 0.120019 0.034351 0.0289435 0.00539961
43 0.580866 0.886008 0.0647173 0.0516627 0.00539881
41 0.0301411 0.926816 0.0596488 0.146082 0.0053373
56 0.156972 0.47412 0.310903 0.409684 0.00524035
40 0.664677 0.17907 0.0334087 0.0280868 0.00519502
60 0.195256 0.200028 0.0829139 0.0425479 0.00517651
26 0.197881 0.103076 0.048481 0.0611332 0.00502071
0 0.380658 0.0549067 0.0849112 0.109813 0.00499099
0 0.117061 0.0734223 0.222706 0.14522 0.00493765
56 0.596094 0.144294 0.0777711 0.10351 0.00492629
56 0.654157 0.597061 0.42828 0.40122 0.00490707
56 0.34645 0.325606 0.134053 0.121522 0.00490201
0 0.325205 0.0992333 0.208421 0.197614 0.00481716
60 0.229465 0.137701 0.0642012 0.0818102 0.00480789
56 0.236581 0.154388 0.0731259 0.0514242 0.00478241
56 0.32837 0.333452 0.0802435 0.0865325 0.00472343
56 0.355142 0.608561 0.056762 0.0399094 0.00471649
43 0.667468 0.835648 0.174635 0.134379 0.00466621
41 0.391335 0.130442 0.0384249 0.0664106 0.00465411
42 0.444764 0.904529 0.0262289 0.167571 0.00464085
43 0.443894 0.825376 0.0521004 0.318722 0.00455987
56 0.0405281 0.503221 0.0797511 0.430573 0.00453192
42 0.0095895 0.925486 0.0187304 0.148547 0.00450161
41 0.215662 0.113112 0.022832 0.0361653 0.00448501
60 0.319028 0.258875 0.214313 0.096637 0.00434765
56 0.623211 0.173713 0.0565156 0.044425 0.00418851
42 0.443894 0.825376 0.0521004 0.318722 0.00416866
41 0.196291 0.195774 0.0732032 0.0406751 0.00409821
0 0.178533 0.0809069 0.0904591 0.148374 0.00409749
0 0.188342 0.0949508 0.0672994 0.0761347 0.004076
39 0.230373 0.115537 0.013784 0.0413514 0.00402534
60 0.236581 0.154388 0.0731259 0.0514242 0.00402001
41 0.372247 0.176867 0.0411892 0.0367304 0.00394458
45 0.342479 0.184205 0.0272242 0.0321733 0.00391844
43 0.542734 0.918763 0.153514 0.0856911 0.00390062
0 0.0348355 0.505141 0.0694699 0.42997 0.00384682
56 0.329627 0.331511 0.188322 0.149079 0.00374883
45 0.585654 0.89149 0.779185 0.200175 0.0037483
60 0.955705 0.245927 0.0873215 0.0740927 0.0037472
56 0.397945 0.409456 0.192973 0.260228 0.00365752
39 0.369957 0.18369 0.0278663 0.039014 0.00365251
48 0.47141 0.899192 0.527556 0.1876 0.00365147
40 0.362085 0.182773 0.0419361 0.0375386 0.00362283
45 0.369957 0.18369 0.0278663 0.039014 0.00358078
42 0.0302466 0.972231 0.0599404 0.0548669 0.00356081
56 0.624645 0.135841 0.0425913 0.107654 0.0035564
39 0.664313 0.179193 0.0333891 0.0293506 0.00352105
41 0.39029 0.176673 0.0183275 0.0281015 0.00349799
0 0.381621 0.0328874 0.0624611 0.0645469 0.00344709
41 0.215585 0.194795 0.0437809 0.0433296 0.00343958
56 0.344691 0.546667 0.0997159 0.327577 0.00342435
56 0.585404 0.140936 0.0610739 0.112109 0.00337753
56 0.661078 0.172946 0.0398621 0.0404962 0.00337261
43 0.680073 0.819957 0.146793 0.10023 0.00335929
0 0.385725 0.11142 0.0689055 0.108118 0.00331116
56 0.351088 0.583323 0.0650668 0.0976166 0.0032956
43 0.433895 0.828214 0.0188715 0.140295 0.00327268
39 0.304519 0.0412841 0.0479589 0.0799241 0.00316957
60 0.21399 0.118781 0.0432005 0.0362343 0.00315824
39 0.370184 0.170018 0.0280747 0.0497026 0.00312811
43 0.601739 0.929703 0.287428 0.129697 0.00312036
56 0.041137 0.441306 0.0600957 0.182317 0.00311723
60 0.287372 0.151491 0.256612 0.280574 0.00311169
42 0.0246999 0.923656 0.0491338 0.152688 0.00307769
56 0.651778 0.174427 0.0593434 0.0394623 0.00303546
42 0.430282 0.865208 0.0515919 0.246846 0.00300837
43 0.464419 0.739948 0.0317993 0.109874 0.00299379
45 0.664677 0.17907 0.0334087 0.0280868 0.00296676
40 0.213692 0.194819 0.0357991 0.0358544 0.00295189
0 0.661502 0.109374 0.0514112 0.111786 0.00293443
0 0.40871 0.0520896 0.0442871 0.102544 0.00287399
42 0.539335 0.899708 0.151759 0.079646 0.00287059
41 0.0220758 0.974129 0.0433415 0.0511862 0.00284919
56 0.578135 0.507903 0.45264 0.574204 0.00283703
60 0.694843 0.922916 0.539653 0.142586 0.00282279
0 0.932043 0.143361 0.134921 0.272253 0.00282171
0 0.289083 0.113548 0.116424 0.0952565 0.00281113
0 0.22677 0.069604 0.0391396 0.0883851 0.00280291
56 0.437549 0.543962 0.239218 0.636877 0.00271469
60 0.213692 0.194819 0.0357991 0.0358544 0.00269854
53 0.423645 0.857995 0.816406 0.26393 0.00265503
56 0.360861 0.655915 0.0510199 0.116073 0.00264144
56 0.659852 0.151225 0.0374607 0.0310963 0.00261396
39 0.282931 0.147625 0.0207218 0.0407573 0.00261307
56 0.608708 0.142981 0.0698233 0.107919 0.00260276
40 0.372486 0.165833 0.0313102 0.0418788 0.00257698
40 0.0302783 0.972446 0.059852 0.0547305 0.00257388
43 0.49437 0.936821 0.0661394 0.107732 0.00257325
56 0.323957 0.592317 0.138831 0.321235 0.00254753
26 0.201701 0.116572 0.040171 0.0349595 0.00250572
56 0.248927 0.323976 0.0758982 0.0804043 0.0024749
60 0.471413 0.917729 0.558402 0.162357 0.00246587
56 0.176014 0.233002 0.0433257 0.0846347 0.00246072
60 0.675668 0.179498 0.059484 0.0290584 0.00242883
39 0.269149 0.18708 0.0296437 0.0495268 0.00242758
56 0.619065 0.542114 0.571385 0.289539 0.00242361
0 0.100649 0.47306 0.199891 0.418397 0.00241786
76 0.438867 0.870331 0.029343 0.228814 0.00240529
41 0.223022 0.195876 0.0618168 0.038777 0.0023942
60 0.296815 0.219431 0.121867 0.10526 0.00239149
60 0.313627 0.29651 0.184802 0.081566 0.00236979
0 0.397657 0.0614429 0.0685782 0.120317 0.00236365
56 0.467316 0.44218 0.0865246 0.336865 0.00232238
26 0.322097 0.369951 0.094592 0.161131 0.00230902
56 0.338072 0.312395 0.133123 0.094541 0.00230789
41 0.287789 0.148894 0.0230867 0.0378948 0.00230327
60 0.341392 0.286212 0.340742 0.242837 0.00230283
40 0.369848 0.190132 0.0290431 0.0515919 0.00227812
41 0.0800784 0.925941 0.158726 0.147787 0.00227186
56 0.196284 0.565095 0.39117 0.597088 0.00225678
60 0.637242 0.17668 0.0254164 0.0370168 0.00222901
42 0.437172 0.820956 0.0258873 0.134391 0.00222245
56 0.41535 0.695875 0.126123 0.195701 0.00222188
39 0.636646 0.143161 0.0208927 0.103274 0.00222141
56 0.610671 0.17035 0.0517705 0.0526729 0.00222033
56 0.598915 0.571895 0.383141 0.435334 0.00218302
60 0.191032 0.246014 0.340895 0.145219 0.00217849
