0 0.497947 0.560078 0.991936 0.868464 0.965214
27 0.367373 0.634149 0.115752 0.394878 0.882943
27 0.984619 0.783626 0.0306018 0.429527 0.0222386
40 0.816679 0.438462 0.212106 0.115178 0.00836
39 0.817225 0.438309 0.211877 0.114896 0.00738686
0 0.984915 0.789372 0.0298817 0.402781 0.00366825
27 0.984117 0.872549 0.0298221 0.254901 0.00246477
41 0.817194 0.438494 0.21431 0.114464 0.00192791
26 0.984872 0.796632 0.0297045 0.403338 0.00182062
27 0.984371 0.817654 0.0296912 0.280337 0.00170639
78 0.817225 0.438309 0.211877 0.114896 0.00127068
