0 0.589069 0.740266 0.271839 0.427806 0.918622
38 0.68779 0.708351 0.18343 0.0649689 0.710256
0 0.937761 0.381802 0.122371 0.129327 0.647433
56 0.181319 0.460569 0.089934 0.0333623 0.523393
56 0.311539 0.421187 0.0931656 0.0372095 0.420857
56 0.0856926 0.461642 0.0896944 0.0327242 0.417688
56 0.278909 0.459934 0.0924724 0.0335705 0.40988
56 0.123297 0.518271 0.112676 0.067605 0.398674
56 0.216623 0.42215 0.0908305 0.0385321 0.390695
56 0.123893 0.423992 0.0875457 0.0380947 0.365267
56 0.634259 0.503408 0.10342 0.0426945 0.353406
56 0.525737 0.515875 0.106502 0.0665537 0.35186
56 0.738545 0.515641 0.117065 0.0685999 0.326807
56 0.25277 0.383575 0.0874583 0.0381309 0.319422
56 0.343459 0.381966 0.0881168 0.0372156 0.307856
56 0.435125 0.383069 0.0892176 0.0410978 0.27919
56 0.162642 0.385734 0.0859391 0.0372693 0.26891
56 0.67485 0.456925 0.0989784 0.0333099 0.261333
56 0.887987 0.4555 0.100824 0.0336221 0.205834
56 0.0390664 0.424236 0.0769797 0.0370214 0.20471
56 0.511716 0.43822 0.112461 0.075923 0.200804
56 0.0398448 0.505759 0.076445 0.0404283 0.193192
56 0.407888 0.421322 0.0933048 0.038975 0.190217
56 0.857424 0.502816 0.110464 0.0454909 0.185291
56 0.797685 0.419378 0.102564 0.0452864 0.16526
56 0.0177456 0.462054 0.0354912 0.0320633 0.143517
56 0.856279 0.51424 0.113145 0.0677332 0.142404
38 0.499309 0.661055 0.0662731 0.102007 0.140996
56 0.52783 0.381694 0.0920006 0.0408451 0.12994
56 0.780364 0.456528 0.0999249 0.0328812 0.129375
56 0.0738814 0.386031 0.0862589 0.0354992 0.116394
56 0.514544 0.418003 0.118668 0.112638 0.110882
56 0.0730495 0.395524 0.0870723 0.0549102 0.099447
56 0.527764 0.503846 0.102918 0.0430605 0.0938389
38 0.546256 0.671409 0.0353473 0.0444983 0.0924312
56 0.952922 0.513596 0.0941561 0.0683261 0.0907276
56 0.907687 0.374964 0.0957508 0.0404907 0.0817808
56 0.406201 0.435747 0.0976526 0.0676919 0.0794097
56 0.744239 0.502411 0.106856 0.0426968 0.0731513
0 0.914988 0.39313 0.168233 0.15007 0.0720025
56 0.972968 0.455386 0.0539199 0.032312 0.0690354
38 0.55005 0.673778 0.1436 0.118427 0.0689093
56 0.255944 0.497648 0.137833 0.11055 0.0675885
56 0.957615 0.501928 0.0845299 0.0439091 0.0669633
56 0.372099 0.526883 0.110409 0.0514252 0.0630981
38 0.558634 0.684429 0.120963 0.0986907 0.0620565
56 0.0388349 0.518706 0.0776698 0.067092 0.06093
38 0.654283 0.70775 0.24017 0.067695 0.0564082
56 0.128919 0.507043 0.101015 0.0451877 0.0558244
56 0.216219 0.438828 0.0963568 0.0715914 0.0541355
56 0.429462 0.389626 0.101474 0.0543619 0.0540821
38 0.602876 0.704493 0.160389 0.0670605 0.0513155
38 0.620682 0.718053 0.128809 0.0399936 0.0450062
56 0.63139 0.515926 0.106953 0.0685181 0.0397281
56 0.385953 0.466664 0.113033 0.055905 0.0365557
38 0.567687 0.686869 0.106512 0.0806421 0.0356694
56 0.524499 0.404167 0.0991042 0.0852768 0.0328471
56 0.0144685 0.388533 0.0288171 0.0379371 0.0276509
56 0.0392716 0.44164 0.0785433 0.0725581 0.02754
38 0.529732 0.667047 0.114377 0.116495 0.0270132
56 0.77583 0.479717 0.110393 0.0788439 0.0267769
56 0.376586 0.496805 0.121664 0.110586 0.0252775
56 0.887239 0.47129 0.104215 0.0680687 0.0252451
38 0.620673 0.742089 0.134621 0.0872584 0.0241132
56 0.159486 0.400461 0.0964318 0.0668645 0.0235313
38 0.606826 0.728385 0.177234 0.106547 0.0226605
56 0.391559 0.459008 0.106478 0.0434799 0.0225563
56 0.308633 0.432119 0.0990563 0.0588507 0.0193993
38 0.628942 0.713794 0.147006 0.0522759 0.0188812
56 0.511244 0.427544 0.098775 0.0572687 0.0175374
38 0.592598 0.690155 0.178023 0.0810976 0.0174953
56 0.256067 0.52636 0.119286 0.0544338 0.017072
56 0.251927 0.513446 0.14044 0.0815756 0.017001
38 0.566529 0.70458 0.109347 0.0467988 0.0165872
38 0.615299 0.721766 0.146101 0.0525407 0.0165349
56 0.389834 0.460331 0.122185 0.112059 0.0165001
56 0.39433 0.450678 0.110567 0.0569902 0.0160073
56 0.668977 0.481005 0.112286 0.0813631 0.0133874
38 0.552034 0.686818 0.0474182 0.0781534 0.0128593
56 0.373473 0.513875 0.11126 0.0735007 0.0124407
38 0.532336 0.658193 0.063839 0.0808702 0.0120869
38 0.704009 0.697706 0.153779 0.0436701 0.0117547
0 0.896575 0.395122 0.123422 0.0814614 0.0115205
38 0.657352 0.814367 0.0636557 0.0640013 0.0106556
56 0.274754 0.47751 0.100291 0.0717032 0.0100116
38 0.539677 0.658444 0.0534142 0.0716063 0.00997809
0 0.908531 0.374926 0.0951803 0.0390261 0.00948572
56 0.373372 0.491944 0.100294 0.0293832 0.00902611
56 0.872453 0.481693 0.129999 0.086198 0.00899729
38 0.630415 0.723253 0.117345 0.0460842 0.00864822
56 0.180432 0.490588 0.0914311 0.0943514 0.00858521
56 0.964839 0.469364 0.0669326 0.0591707 0.00834098
0 0.908051 0.415157 0.15803 0.112771 0.0081386
56 0.24519 0.395139 0.104934 0.0616421 0.00762329
56 0.848709 0.535955 0.101964 0.0260139 0.00751886
38 0.489869 0.67225 0.0563016 0.0791681 0.00742617
38 0.585506 0.712226 0.10444 0.0392511 0.00740641
38 0.533606 0.675964 0.0662673 0.0718771 0.007269
56 0.258921 0.460538 0.137126 0.0347851 0.00725618
56 0.0735634 0.484411 0.108349 0.0823021 0.00666004
38 0.639605 0.744848 0.0996939 0.0784223 0.00627136
56 0.375746 0.501582 0.110098 0.0527029 0.00606367
56 0.0339771 0.456314 0.0679542 0.0423805 0.00600567
56 0.789324 0.43515 0.113219 0.076692 0.0058623
56 0.286198 0.451476 0.104519 0.0501255 0.00567532
56 0.372863 0.488201 0.0887885 0.0264817 0.0055263
56 0.964315 0.481009 0.071371 0.0828192 0.00548768
56 0.199848 0.450523 0.103841 0.05276 0.00541198
56 0.342863 0.399885 0.0886661 0.0738482 0.00537041
56 0.0305145 0.485446 0.0605491 0.0788614 0.00529999
38 0.586772 0.71313 0.0660835 0.0276951 0.00516596
38 0.625719 0.697231 0.178014 0.0824259 0.0051114
56 0.899101 0.392346 0.115849 0.075435 0.00487939
56 0.954701 0.48994 0.0905971 0.105277 0.00482073
38 0.664329 0.715968 0.164123 0.0495277 0.00459191
38 0.727293 0.696836 0.102098 0.0425032 0.00456056
56 0.298017 0.440368 0.122859 0.0719282 0.00431308
56 0.424139 0.401518 0.111301 0.0771946 0.00418776
56 0.0261719 0.459821 0.0523196 0.0381068 0.00407577
56 0.52018 0.536526 0.0955752 0.0272854 0.00406122
56 0.50391 0.464446 0.0977668 0.023719 0.00403538
56 0.965261 0.44772 0.0691047 0.047863 0.00378427
38 0.71329 0.707978 0.128989 0.0641924 0.00366765
38 0.676093 0.694848 0.0700712 0.0263416 0.00360021
38 0.519518 0.658506 0.0735903 0.0877699 0.00358585
56 0.503147 0.499563 0.129968 0.0431294 0.00354007
56 0.0354447 0.53129 0.0708893 0.0411833 0.00346395
38 0.69125 0.718522 0.162541 0.0442921 0.00339374
38 0.61778 0.760278 0.142953 0.103683 0.00319251
56 0.257574 0.440026 0.18449 0.0758368 0.00319046
38 0.645058 0.728191 0.206914 0.107647 0.00312102
0 0.489973 0.584098 0.979947 0.601572 0.00309402
0 0.0389466 0.505658 0.0771891 0.0413927 0.00303191
0 0.495003 0.477406 0.985786 0.271766 0.00287884
38 0.509811 0.644955 0.0453182 0.0690355 0.00284395
0 0.944027 0.364394 0.111031 0.096288 0.00274965
56 0.0311963 0.539456 0.0614719 0.0258509 0.00271261
56 0.900184 0.405623 0.133846 0.100572 0.00265995
56 0.161421 0.439812 0.179957 0.0776801 0.00264549
56 0.47962 0.499271 0.0830185 0.0425322 0.00258422
56 0.504824 0.447325 0.104835 0.0577587 0.00242034
56 0.0149251 0.3939 0.0298503 0.0516946 0.00240594
56 0.521163 0.530369 0.10435 0.0394806 0.00238958
38 0.652505 0.751964 0.0736293 0.0603895 0.0023852
38 0.622944 0.705828 0.215654 0.0746571 0.00234658
56 0.115211 0.442451 0.0961045 0.0683115 0.00215346
38 0.549691 0.699251 0.0863061 0.0500099 0.00215116
56 0.116175 0.539084 0.0973665 0.0270535 0.00211325
56 0.380459 0.400522 0.194729 0.0746678 0.00207186
56 0.735374 0.536016 0.1078 0.0280993 0.00204718
38 0.658212 0.706935 0.112905 0.0507669 0.00204712
38 0.663182 0.756335 0.0541154 0.0495329 0.00194967
56 0.626214 0.536793 0.103765 0.027214 0.00191936
56 0.495965 0.492089 0.11564 0.0515278 0.00189623
56 0.508813 0.461826 0.135369 0.125897 0.00189149
56 0.359431 0.490951 0.165463 0.112621 0.00186554
38 0.551171 0.673264 0.0454272 0.052552 0.00183651
56 0.742548 0.499771 0.119684 0.0938361 0.00177014
56 0.344763 0.403979 0.15736 0.0721941 0.00176871
38 0.74626 0.696458 0.0649156 0.039006 0.00172397
56 0.95256 0.535355 0.0915682 0.0258003 0.00170332
38 0.676545 0.697403 0.160194 0.0520494 0.00169098
56 0.914965 0.408182 0.166942 0.126583 0.00165966
38 0.471556 0.662556 0.121952 0.105329 0.00165901
0 0.49448 0.435906 0.949924 0.131541 0.0016453
0 0.483373 0.454277 0.966747 0.186637 0.00162885
56 0.0612199 0.407884 0.121904 0.0686453 0.0015443
56 0.0174959 0.469706 0.0349918 0.0478732 0.00152177
56 0.749925 0.488285 0.109432 0.0666222 0.00152147
56 0.302568 0.454728 0.0997969 0.0421362 0.00149104
0 0.50894 0.401417 0.959362 0.229061 0.00146577
56 0.293608 0.400248 0.188157 0.0700218 0.00140736
56 0.599344 0.538032 0.0474263 0.0245848 0.00138476
56 0.263384 0.492709 0.115576 0.0363392 0.00135303
38 0.517705 0.644249 0.0437451 0.0620619 0.00131369
56 0.806454 0.482005 0.205287 0.0852089 0.00130147
56 0.0936169 0.405146 0.125643 0.0724625 0.00128898
0 0.979427 0.361641 0.0402569 0.0899212 0.00126284
56 0.6754 0.468379 0.0999441 0.057325 0.00120294
38 0.589722 0.686393 0.124074 0.085768 0.00119212
0 0.972968 0.455386 0.0539199 0.032312 0.00118804
56 0.629058 0.529621 0.108837 0.0413507 0.00117895
56 0.349173 0.482852 0.151744 0.0394373 0.00117755
38 0.490499 0.679436 0.0404046 0.0648403 0.00117436
56 0.412271 0.459165 0.120617 0.116241 0.00115916
0 0.965261 0.44772 0.0691047 0.047863 0.00115371
0 0.00697029 0.504047 0.0139406 0.0361963 0.00114945
56 0.849446 0.541863 0.108874 0.0386307 0.00107637
56 0.018138 0.385991 0.0354817 0.0434943 0.00106955
56 0.545835 0.393347 0.240881 0.160151 0.00106591
56 0.141005 0.415589 0.116631 0.0502346 0.00105917
0 0.454158 0.604648 0.69354 0.533295 0.00104976
56 0.337836 0.416127 0.604513 0.121099 0.00102758
38 0.53096 0.636457 0.0325383 0.031344 0.00100717
