1 0.127814 0.378565 0.254881 0.745095 0.949399
16 0.32868 0.768803 0.457321 0.240865 0.924853
0 0.746172 0.297573 0.0508028 0.104204 0.677695
0 0.52024 0.292326 0.0281618 0.130092 0.608221
0 0.476199 0.289689 0.0363695 0.143661 0.496165
0 0.568644 0.283373 0.0284739 0.127516 0.287782
0 0.444783 0.296048 0.0266805 0.122595 0.267787
2 0.389068 0.309001 0.0307741 0.0487653 0.146681
0 0.448037 0.289468 0.0249914 0.110982 0.095879
0 0.758425 0.295516 0.0283827 0.0982723 0.088681
0 0.444899 0.279497 0.0296828 0.115838 0.077555
0 0.737661 0.300508 0.0354493 0.0980841 0.0678727
0 0.562159 0.28335 0.0327048 0.128979 0.0662435
0 0.431958 0.271595 0.024931 0.145806 0.0634569
2 0.399749 0.307927 0.0523981 0.0528248 0.0526058
0 0.442677 0.274837 0.0357653 0.157199 0.0494231
13 0.751431 0.298223 0.0439172 0.102249 0.0431231
1 0.569303 0.314423 0.0183372 0.0649355 0.0423732
0 0.492432 0.28707 0.0196335 0.115943 0.0417323
0 0.434757 0.29638 0.0281713 0.11662 0.0332823
0 0.482657 0.288804 0.0265091 0.138845 0.0328967
0 0.575348 0.278328 0.0257675 0.128884 0.0319479
0 0.56828 0.278943 0.0393467 0.135949 0.0282025
0 0.554963 0.273149 0.0195854 0.10341 0.0227807
1 0.556394 0.30521 0.0235558 0.0816496 0.022474
1 0.562669 0.309404 0.0275406 0.0739321 0.0209789
0 0.553402 0.288028 0.0282587 0.11735 0.0193338
1 0.437287 0.301282 0.0316238 0.11282 0.0190779
0 0.426764 0.270295 0.0285242 0.137524 0.0185251
0 0.544873 0.290149 0.0216 0.0859227 0.0185151
0 0.450583 0.277018 0.0213799 0.0971826 0.0183421
0 0.491305 0.298453 0.0195326 0.0888308 0.0179962
1 0.547043 0.301166 0.0231459 0.0892175 0.0178869
0 0.569375 0.308495 0.018181 0.0769017 0.0170019
0 0.494395 0.275755 0.0197464 0.115388 0.0165606
0 0.576426 0.255419 0.0226289 0.0835238 0.0152974
0 0.430613 0.24055 0.0191341 0.0838751 0.0133571
0 0.592764 0.284381 0.0266556 0.102149 0.0120614
0 0.489975 0.31174 0.0204346 0.093057 0.0118831
0 0.579878 0.279258 0.0419098 0.132719 0.0117588
9 0.799584 0.0522658 0.0348879 0.0704073 0.0111539
0 0.735236 0.315153 0.0301539 0.0688371 0.0107209
0 0.493389 0.243287 0.0178645 0.0604772 0.00980231
0 0.757897 0.273955 0.0263849 0.0617103 0.00976196
0 0.571746 0.294441 0.0290602 0.104966 0.00971788
0 0.555546 0.255076 0.0193169 0.0701987 0.00953373
13 0.761234 0.329095 0.0256872 0.038312 0.00947908
1 0.350453 0.331252 0.0219338 0.104256 0.0089564
0 0.539269 0.268224 0.0227407 0.0900465 0.00823835
1 0.491305 0.298453 0.0195326 0.0888308 0.00806636
1 0.575501 0.307877 0.0357779 0.0792597 0.00762728
0 0.538658 0.244379 0.0240135 0.0805361 0.00718027
13 0.760179 0.301604 0.0274128 0.0934127 0.00710404
1 0.571746 0.294441 0.0290602 0.104966 0.00677705
1 0.0777916 0.183136 0.155059 0.347534 0.00647536
1 0.444507 0.298583 0.0258079 0.118108 0.00640106
0 0.50312 0.289675 0.0166709 0.0815737 0.00637585
0 0.552334 0.280595 0.0219208 0.123037 0.00633755
56 0.751431 0.298223 0.0439172 0.102249 0.00631401
15 0.329613 0.767985 0.460132 0.239123 0.00622496
1 0.489975 0.31174 0.0204346 0.093057 0.00619918
0 0.539535 0.283253 0.0190109 0.0965166 0.00583807
1 0.347126 0.319207 0.0159334 0.0846489 0.00542849
0 0.595739 0.271116 0.0246427 0.120176 0.00539976
0 0.547043 0.301166 0.0231459 0.0892175 0.00534949
0 0.593317 0.255581 0.0228244 0.0651921 0.00496122
1 0.565182 0.282102 0.0326279 0.128555 0.00494832
13 0.742717 0.304516 0.0435471 0.0900176 0.00493279
1 0.523544 0.293653 0.0333431 0.128093 0.00469762
0 0.472843 0.269047 0.0296989 0.100036 0.00438511
0 0.483325 0.252952 0.0219765 0.0691025 0.00432622
1 0.127087 0.513622 0.251632 0.440177 0.00426605
0 0.449867 0.228754 0.0221919 0.0608772 0.00367606
0 0.519674 0.261962 0.0260199 0.0748388 0.00344193
2 0.599778 0.299761 0.030234 0.0511574 0.00328231
11 0.455976 0.183546 0.0349949 0.0346737 0.00313488
0 0.389101 0.284687 0.0258136 0.0943057 0.00306654
0 0.508819 0.254114 0.0153387 0.0519642 0.00295976
1 0.588316 0.311496 0.025629 0.0718304 0.00294861
0 0.427786 0.237685 0.02714 0.0829977 0.00289762
1 0.0680067 0.244038 0.135802 0.319766 0.00287661
0 0.541032 0.227328 0.0270639 0.0735417 0.00284457
0 0.389276 0.259109 0.0200912 0.0496329 0.00281766
1 0.539732 0.293237 0.0228003 0.119414 0.00263584
0 0.446482 0.262492 0.0503569 0.181826 0.00248149
2 0.597134 0.297095 0.0310141 0.0636283 0.00246379
2 0.411147 0.30473 0.0337946 0.0625403 0.00245723
0 0.503506 0.236917 0.0212085 0.0551945 0.00245008
56 0.760179 0.301604 0.0274128 0.0934127 0.00239134
26 0.493277 0.283303 0.0209015 0.124465 0.00235385
1 0.479222 0.290249 0.0324047 0.140345 0.00235024
2 0.372735 0.300041 0.0693 0.0763054 0.00231335
2 0.419139 0.30327 0.0209624 0.0624563 0.00229061
0 0.411147 0.30473 0.0337946 0.0625403 0.00221094
2 0.376079 0.309702 0.058112 0.0541592 0.00198501
3 0.127814 0.378565 0.254881 0.745095 0.0019784
1 0.594289 0.308721 0.0291439 0.0713176 0.00195688
1 0.544873 0.290149 0.0216 0.0859227 0.00195643
56 0.761234 0.329095 0.0256872 0.038312 0.00190517
1 0.345169 0.309605 0.0213343 0.110496 0.00187927
0 0.515235 0.280925 0.0250435 0.108015 0.00186166
10 0.569303 0.314423 0.0183372 0.0649355 0.00185195
0 0.347485 0.309864 0.0210152 0.103817 0.0018042
0 0.537704 0.224331 0.0211065 0.0598759 0.00179976
0 0.752182 0.278251 0.034997 0.0702047 0.0017122
0 0.556394 0.30521 0.0235558 0.0816496 0.00170028
0 0.499875 0.249267 0.0175323 0.0586916 0.00162598
0 0.419139 0.30327 0.0209624 0.0624563 0.00158867
5 0.127814 0.378565 0.254881 0.745095 0.00151238
25 0.455781 0.183883 0.0354389 0.0352035 0.00149739
1 0.502178 0.28543 0.0188476 0.0925415 0.00149614
1 0.492432 0.28707 0.0196335 0.115943 0.00142476
1 0.0771779 0.066729 0.150825 0.128315 0.00141108
0 0.406068 0.249216 0.0222929 0.0585391 0.00139147
1 0.576902 0.295129 0.0501051 0.104201 0.0013881
56 0.742717 0.304516 0.0435471 0.0900176 0.00136417
0 0.445773 0.225166 0.0281082 0.0570809 0.00135034
2 0.402274 0.313101 0.0600507 0.0665871 0.00131369
24 0.493277 0.283303 0.0209015 0.124465 0.00125548
2 0.440782 0.298557 0.0340818 0.118177 0.00124043
0 0.539732 0.293237 0.0228003 0.119414 0.00123903
9 0.791087 0.0512563 0.0322945 0.0733672 0.00122035
7 0.399749 0.307927 0.0523981 0.0528248 0.00117528
1 0.356502 0.331046 0.0335683 0.109646 0.00117359
0 0.344298 0.280649 0.0194171 0.0555518 0.00116372
7 0.389068 0.309001 0.0307741 0.0487653 0.00113535
0 0.40472 0.274481 0.022452 0.083646 0.00111878
36 0.734823 0.318703 0.0285803 0.061754 0.0011113
25 0.4554 0.197324 0.036772 0.0620233 0.00105843
26 0.600734 0.30159 0.0275688 0.0451348 0.00100234
0 0.562669 0.309404 0.0275406 0.0739321 0.0010016
