17 0.347859 0.645616 0.276171 0.323126 0.90589
17 0.594301 0.637582 0.34241 0.368568 0.891838
58 0.620816 0.903387 0.187873 0.0932079 0.822818
0 0.390668 0.581702 0.139535 0.119549 0.797909
0 0.328795 0.707585 0.0300735 0.057236 0.718187
0 0.627376 0.596327 0.153023 0.128882 0.713253
0 0.755111 0.68854 0.0379064 0.0623445 0.479918
0 0.510733 0.691122 0.0215787 0.0483564 0.222527
0 0.963832 0.699955 0.046127 0.0448227 0.181315
0 0.934258 0.697764 0.0207375 0.0531616 0.173134
0 0.953044 0.680256 0.0197448 0.0202916 0.0539731
0 0.407553 0.575944 0.10532 0.107648 0.0444076
0 0.882721 0.69919 0.0335681 0.0468235 0.0363757
17 0.486393 0.637793 0.564123 0.361837 0.0293915
0 0.641401 0.585002 0.124005 0.102756 0.0278867
18 0.125432 0.67347 0.0487376 0.0524078 0.0246522
0 0.814951 0.693526 0.0167331 0.0342806 0.0241613
18 0.125253 0.662331 0.0477196 0.0295303 0.0175891
56 0.0328114 0.716555 0.0439633 0.0694954 0.0154138
0 0.745794 0.665332 0.0172415 0.0162742 0.0140207
0 0.814701 0.686092 0.0150219 0.0179662 0.0137914
0 0.515311 0.691873 0.0311283 0.048142 0.01358
0 0.876063 0.698066 0.0289754 0.0464869 0.0127343
0 0.607713 0.567475 0.0351609 0.046637 0.0117695
58 0.15696 0.69056 0.20645 0.125711 0.0114539
0 0.611538 0.565466 0.051949 0.0532604 0.0102876
0 0.419905 0.571345 0.0794261 0.0982195 0.00898865
17 0.126438 0.673995 0.0503113 0.0528261 0.00891724
0 0.300752 0.691652 0.0361336 0.0305679 0.00837356
17 0.52354 0.562873 0.176938 0.216586 0.00744486
0 0.811254 0.693346 0.0221053 0.0371262 0.00671369
56 0.0322037 0.73268 0.0396454 0.037334 0.00666177
18 0.146845 0.673097 0.0911011 0.0534742 0.0059171
17 0.160234 0.673588 0.118465 0.0542928 0.0057604
0 0.655001 0.576858 0.0971587 0.0839579 0.00562602
17 0.140953 0.673659 0.0791516 0.0531263 0.00538599
16 0.161189 0.673549 0.119569 0.0546046 0.0050334
16 0.446175 0.745317 0.0761675 0.0786026 0.00445089
16 0.448443 0.731249 0.0758134 0.106934 0.00419867
13 0.821392 0.716404 0.0776421 0.0114904 0.00418606
18 0.168053 0.668632 0.0422537 0.0405049 0.00416303
0 0.0307612 0.676281 0.0320636 0.0917107 0.00399154
0 0.537932 0.560758 0.14549 0.214002 0.00385702
2 0.303017 0.692631 0.0330855 0.0303101 0.00377202
0 0.807569 0.694982 0.0307126 0.0410275 0.00359789
0 0.923675 0.697884 0.0417807 0.0523503 0.00343695
0 0.226147 0.645135 0.0302636 0.0365872 0.00339466
0 0.88254 0.692103 0.0384905 0.0605444 0.00334203
17 0.304271 0.558682 0.186954 0.145946 0.00331694
0 0.598375 0.597354 0.0864317 0.11745 0.0032391
0 0.742191 0.689133 0.0299151 0.0591021 0.00310686
0 0.979009 0.691379 0.0244181 0.0356164 0.00294459
17 0.328883 0.707716 0.0292799 0.057537 0.00271997
0 0.463957 0.701025 0.0508203 0.0568221 0.00263482
0 0.0290096 0.700008 0.0259688 0.0374973 0.00260136
56 0.0288169 0.703712 0.026645 0.0461664 0.00259161
17 0.419124 0.738933 0.126358 0.131354 0.00257915
0 0.424291 0.555674 0.0695143 0.0637714 0.00256911
56 0.04022 0.720995 0.0582829 0.0610878 0.00244057
56 0.348536 0.643728 0.278007 0.318005 0.00236174
18 0.147195 0.646284 0.0427492 0.0113688 0.00235581
32 0.746122 0.66552 0.0200235 0.0169387 0.00226793
0 0.888865 0.70271 0.0364821 0.0390749 0.00223786
17 0.449098 0.728629 0.078535 0.113149 0.00213668
0 0.0305355 0.650283 0.0296439 0.037667 0.00213462
0 0.231003 0.626525 0.036979 0.0732857 0.00211453
17 0.169772 0.672416 0.0471249 0.0487662 0.0020923
19 0.126438 0.673995 0.0503113 0.0528261 0.00207794
17 0.182201 0.673261 0.0715615 0.0519296 0.00197485
0 0.217544 0.646973 0.0294823 0.0320621 0.00195727
0 0.224173 0.651401 0.0192361 0.0233325 0.00188708
0 0.247379 0.667372 0.0247756 0.0812256 0.00181931
56 0.963505 0.702033 0.0460177 0.0413502 0.00177622
0 0.244919 0.644551 0.0193736 0.034314 0.00177619
0 0.585915 0.599556 0.113413 0.1328 0.00175256
0 0.556716 0.627269 0.0462637 0.0720978 0.00173572
0 0.241381 0.640028 0.0255952 0.0323478 0.00173497
18 0.182201 0.673261 0.0715615 0.0519296 0.0017328
0 0.745695 0.664351 0.0212136 0.0190418 0.00165066
0 0.029948 0.68955 0.0305652 0.066781 0.00164163
17 0.337292 0.56851 0.115704 0.155755 0.00160304
17 0.396616 0.716997 0.180666 0.177242 0.00155267
17 0.172729 0.666472 0.0465948 0.0374537 0.00151736
2 0.824238 0.714628 0.0827184 0.015264 0.00148645
0 0.22218 0.641908 0.0310444 0.0427675 0.00145113
58 0.824238 0.714628 0.0827184 0.015264 0.0014112
18 0.170026 0.673664 0.0544397 0.0527703 0.00136566
56 0.302285 0.692764 0.0326452 0.0298908 0.00133336
16 0.126381 0.674288 0.0496656 0.0534506 0.00128406
18 0.108771 0.668314 0.0839125 0.0633566 0.00128144
16 0.4197 0.738575 0.131938 0.135224 0.00121972
0 0.7488 0.666874 0.0257049 0.0237963 0.00120798
9 0.746122 0.66552 0.0200235 0.0169387 0.00118735
0 0.827274 0.68895 0.0407121 0.0487005 0.00118026
58 0.156975 0.727298 0.20323 0.0520175 0.00116098
0 0.934627 0.679237 0.0217348 0.0254932 0.00115216
11 0.746122 0.66552 0.0200235 0.0169387 0.00109151
0 0.233106 0.613451 0.0353431 0.0553392 0.00108844
0 0.232139 0.612471 0.0221524 0.0443763 0.00107783
17 0.125253 0.662331 0.0477196 0.0295303 0.00106478
17 0.182733 0.665237 0.0660723 0.0376686 0.00102934
19 0.140953 0.673659 0.0791516 0.0531263 0.00102681
0 0.449098 0.728629 0.078535 0.113149 0.00102001
0 0.703407 0.698239 0.0255139 0.0366204 0.00101462
0 0.240577 0.620099 0.0595427 0.0690283 0.00101054
