34 0.181402 0.953887 0.00263758 0.0491268 0.0036799
34 0.816509 0.903759 0.00357517 0.0515286 0.00365171
34 0.181371 0.966687 0.00267082 0.0495796 0.00363454
34 0.801097 0.966768 0.00353649 0.0494419 0.00362247
34 0.69249 0.965509 0.00363396 0.0519495 0.00362024
34 0.801161 0.841355 0.00353034 0.050404 0.00361693
34 0.801212 0.829195 0.00345251 0.050341 0.00360668
34 0.754531 0.89087 0.00347001 0.0499748 0.00360397
34 0.800826 0.929877 0.00429541 0.0492979 0.00360322
34 0.785657 0.816221 0.00335433 0.0501553 0.00360236
34 0.832474 0.779339 0.00293513 0.0532366 0.00360075
34 0.785517 0.828502 0.00354891 0.0504402 0.00359967
34 0.801329 0.80387 0.00320198 0.0498779 0.00359723
34 0.816728 0.790375 0.00325592 0.0515551 0.0035969
34 0.941044 0.706316 0.00374798 0.0608078 0.00359648
34 0.739004 0.903675 0.00347664 0.0498434 0.00359613
34 0.785593 0.841174 0.00341182 0.0503265 0.00359562
34 0.769888 0.929459 0.00358641 0.0487911 0.00359172
34 0.754626 0.841203 0.00329472 0.050597 0.00359136
34 0.785688 0.853904 0.00320789 0.0503492 0.0035913
34 0.801287 0.816589 0.00333115 0.0497917 0.00359106
34 0.801124 0.86709 0.00353377 0.0513138 0.00358975
34 0.816425 0.878351 0.0036575 0.051355 0.00358742
34 0.754678 0.82887 0.00320103 0.0506542 0.00358698
34 0.708274 0.914973 0.00297121 0.0507908 0.00358632
34 0.181264 0.878599 0.00294092 0.048838 0.00358614
34 0.785648 0.878934 0.00328028 0.0510803 0.00358599
34 0.801206 0.85422 0.00339597 0.0504765 0.00358579
34 0.754459 0.879387 0.00360107 0.0518745 0.00358501
34 0.816687 0.816212 0.0031264 0.0517155 0.0035845
34 0.723556 0.8912 0.00341773 0.0515652 0.00358441
34 0.181345 0.941678 0.00268425 0.0501804 0.00358185
34 0.785476 0.915991 0.00342447 0.0499285 0.0035806
34 0.801146 0.878675 0.00348444 0.050407 0.00358039
34 0.801032 0.916927 0.00393582 0.0500448 0.00358003
34 0.134803 0.974083 0.00264533 0.0518335 0.00357988
34 0.615141 0.891735 0.00317134 0.0503422 0.00357977
34 0.754484 0.916705 0.00347262 0.0517666 0.00357869
34 0.754672 0.853678 0.0032131 0.0501778 0.0035781
34 0.816611 0.828484 0.00324172 0.0508999 0.00357577
34 0.61521 0.903781 0.00310759 0.0495403 0.00357464
34 0.78564 0.866126 0.00331849 0.0501318 0.00357363
34 0.18132 0.928959 0.00275474 0.0499582 0.00357297
34 0.739429 0.71636 0.00292082 0.0494553 0.00357276
34 0.599698 0.903732 0.00329637 0.0504696 0.0035722
34 0.785781 0.803192 0.00323628 0.0509373 0.00357202
34 0.646171 0.816883 0.00323522 0.050531 0.00357184
34 0.816421 0.915775 0.00372338 0.0514069 0.00357062
34 0.181344 0.89145 0.00273688 0.0505787 0.00356969
34 0.801374 0.791863 0.00315609 0.0500025 0.0035691
34 0.78555 0.927491 0.00356074 0.0523277 0.00356898
34 0.785358 0.964988 0.00382392 0.0525427 0.00356886
34 0.723792 0.965644 0.0030844 0.0504898 0.0035685
34 0.676794 0.953278 0.00393913 0.0503134 0.00356746
34 0.801096 0.891528 0.00360084 0.0518726 0.00356737
34 0.630898 0.903625 0.00274717 0.0499935 0.00356665
34 0.676888 0.965418 0.00374775 0.0511303 0.00356546
34 0.646186 0.753281 0.00331128 0.0496298 0.0035646
34 0.61515 0.916711 0.0032351 0.0500011 0.00356442
34 0.754526 0.904149 0.00343831 0.0528751 0.00356424
34 0.646126 0.791703 0.00329282 0.0510862 0.00356385
34 0.646199 0.804051 0.00315585 0.0503626 0.00356367
34 0.754608 0.940067 0.00341229 0.0497169 0.00356323
34 0.816621 0.966211 0.00327011 0.0514666 0.0035609
34 0.801599 0.779218 0.00259553 0.048304 0.00356084
34 0.708132 0.966251 0.00328667 0.050214 0.00356036
34 0.769957 0.965222 0.00360652 0.0515423 0.00356019
34 0.661784 0.804052 0.00300231 0.048398 0.00355956
34 0.181324 0.916161 0.00280218 0.0490334 0.0035592
34 0.754587 0.97475 0.00332878 0.0505003 0.00355831
34 0.64628 0.829074 0.00300551 0.0497925 0.00355741
34 0.676807 0.917424 0.003849 0.0500154 0.003557
34 0.770002 0.841399 0.00354714 0.0509413 0.00355694
34 0.692771 0.89171 0.00301367 0.0498365 0.0035567
34 0.553337 0.31805 0.00306252 0.0459819 0.00355595
34 0.769925 0.891588 0.00364673 0.0505901 0.00355428
34 0.181332 0.904099 0.00283636 0.0505196 0.00355417
34 0.754806 0.816194 0.00300811 0.050597 0.00355279
34 0.212412 0.904229 0.00272074 0.0495777 0.0035525
34 0.227975 0.916364 0.00253609 0.0493401 0.00355214
34 0.181372 0.866917 0.00271618 0.0495884 0.00355205
34 0.615236 0.803657 0.00313692 0.0497345 0.00355157
34 0.181439 0.854091 0.00262037 0.0488844 0.00355065
34 0.661703 0.840929 0.00326585 0.051021 0.00354987
34 0.769986 0.878411 0.00355542 0.0494623 0.00354961
34 0.630655 0.790802 0.00321546 0.0508435 0.00354913
34 0.770072 0.853818 0.00343406 0.0500793 0.00354901
34 0.692747 0.90399 0.00295985 0.0496723 0.00354898
34 0.739207 0.891227 0.00305152 0.049596 0.00354886
34 0.134694 0.76725 0.00323418 0.0494585 0.00354853
34 0.646201 0.903822 0.00306974 0.0493179 0.0035482
34 0.770106 0.976388 0.00322138 0.0472244 0.00354788
34 0.754751 0.965717 0.00320742 0.0512203 0.00354722
34 0.661554 0.953342 0.00345274 0.0505219 0.00354657
34 0.800968 0.904223 0.00384888 0.0492647 0.00354624
34 0.63065 0.803579 0.00321002 0.0507992 0.00354597
34 0.692379 0.976267 0.00373119 0.0474661 0.00354573
34 0.196907 0.904503 0.0027894 0.0496874 0.00354558
34 0.134601 0.78001 0.0033719 0.0490612 0.00354552
34 0.630832 0.916165 0.00285694 0.0495586 0.0035446
34 0.801083 0.97649 0.00350337 0.0470194 0.00354415
34 0.754882 0.803369 0.00283423 0.0507929 0.00354314
34 0.817058 0.777285 0.00255685 0.0490902 0.00354221
34 0.692899 0.941382 0.00270258 0.0490559 0.0035421
34 0.739071 0.941373 0.00334865 0.0490006 0.00354186
34 0.584233 0.903811 0.00310357 0.0503078 0.00354081
34 0.599682 0.878645 0.00314852 0.0502785 0.00354034
34 0.676978 0.891554 0.0040146 0.0518314 0.00354004
34 0.553284 0.342527 0.00319559 0.0471202 0.00353965
34 0.553288 0.355898 0.00315041 0.0460378 0.00353959
34 0.723542 0.974945 0.00345558 0.0501106 0.00353914
34 0.677172 0.94112 0.00334818 0.0491617 0.00353876
34 0.196907 0.916793 0.00279496 0.0494713 0.00353873
34 0.816369 0.890851 0.00382984 0.0497232 0.00353861
34 0.661512 0.96572 0.00350278 0.051255 0.00353861
34 0.599656 0.866322 0.00320364 0.0507824 0.00353757
34 0.630588 0.778424 0.00335055 0.0506731 0.00353718
34 0.786011 0.778509 0.00300515 0.0496897 0.0035367
34 0.599693 0.891583 0.00324906 0.0507736 0.00353619
34 0.81661 0.841032 0.00324882 0.0506662 0.00353596
34 0.181491 0.842302 0.00248908 0.0501614 0.00353545
34 0.816557 0.952892 0.0033664 0.0505747 0.00353542
34 0.817035 0.741204 0.0026477 0.0497021 0.00353521
34 0.615133 0.928963 0.00323936 0.0493956 0.00353485
34 0.661599 0.940802 0.00334865 0.0511745 0.00353479
34 0.785572 0.976358 0.00333257 0.0472847 0.00353405
34 0.662036 0.743541 0.00271039 0.0472586 0.00353375
34 0.615338 0.791385 0.0029815 0.0505149 0.0035336
34 0.64614 0.740529 0.00339443 0.0504311 0.00353274
34 0.599691 0.916467 0.00328454 0.0506626 0.00353265
34 0.630665 0.766183 0.00323309 0.0501629 0.00353256
34 0.816482 0.865578 0.00359445 0.0509892 0.00353238
34 0.212462 0.915926 0.00270672 0.0491283 0.00353217
34 0.770042 0.866723 0.00346907 0.0512302 0.00353089
34 0.770073 0.828953 0.00345393 0.0506458 0.00353053
34 0.739026 0.974466 0.00349048 0.0510677 0.00353047
34 0.676792 0.90427 0.00402371 0.0509518 0.00353011
34 0.801319 0.942043 0.00320269 0.0491234 0.00353011
34 0.165852 0.791442 0.0029466 0.050045 0.00352907
34 0.816714 0.803531 0.00318234 0.0503817 0.00352812
34 0.646368 0.841479 0.00294317 0.0498762 0.00352764
34 0.630753 0.816376 0.00301651 0.0503038 0.0035271
34 0.661741 0.828722 0.00326077 0.0507236 0.00352675
34 0.646209 0.941618 0.00306217 0.0495419 0.00352657
34 0.754559 0.866045 0.00342956 0.0500578 0.00352633
34 0.646206 0.765953 0.0031426 0.0498825 0.00352597
34 0.615296 0.778761 0.00301698 0.0501287 0.00352556
34 0.801664 0.766793 0.00251261 0.0507031 0.00352514
34 0.661712 0.81622 0.0032642 0.0491493 0.00352496
34 0.677045 0.878508 0.00378631 0.0501793 0.0035249
34 0.676785 0.929144 0.00377614 0.0500713 0.00352421
34 0.677335 0.817181 0.00304371 0.0523037 0.00352371
34 0.414007 0.841723 0.00247985 0.0493954 0.00352356
34 0.661815 0.729357 0.00292164 0.048722 0.00352335
34 0.723762 0.940575 0.00295701 0.0495537 0.00352311
34 0.646122 0.929183 0.00308263 0.0500721 0.00352284
34 0.13473 0.792413 0.00297777 0.0492979 0.00352263
34 0.58428 0.891479 0.00298315 0.0504484 0.00352159
34 0.661574 0.891065 0.00333683 0.0515646 0.00352147
34 0.708205 0.929188 0.00306311 0.0522392 0.00352117
34 0.801024 0.952511 0.0037397 0.0531635 0.00352111
34 0.770221 0.941406 0.00307305 0.0487787 0.00352001
34 0.181292 0.97673 0.00288557 0.0465399 0.00351962
34 0.646091 0.91708 0.0032584 0.0517834 0.00351921
34 0.816579 0.8535 0.00336876 0.0501909 0.003519
34 0.785837 0.791394 0.00308724 0.0499477 0.00351879
34 0.243363 0.942168 0.00275675 0.049931 0.00351864
34 0.708399 0.8909 0.00273132 0.0516457 0.00351849
34 0.630879 0.865948 0.00272068 0.0495121 0.00351757
34 0.630682 0.966145 0.00315798 0.0502983 0.00351748
34 0.661428 0.976229 0.00361302 0.0475422 0.00351748
34 0.630617 0.753709 0.00322398 0.0496627 0.0035173
34 0.832566 0.891835 0.00270566 0.0482475 0.0035173
34 0.677643 0.691206 0.00238475 0.0490153 0.00351724
34 0.630731 0.841089 0.00299924 0.0502602 0.00351715
34 0.66161 0.853699 0.00328123 0.0518614 0.00351673
34 0.150622 0.753698 0.00234971 0.0485724 0.00351638
34 0.243297 0.929153 0.0028418 0.0494862 0.00351608
34 0.615273 0.866383 0.00291881 0.0492218 0.00351596
34 0.196901 0.854267 0.00270477 0.0482809 0.00351593
34 0.630756 0.828816 0.00302361 0.0502827 0.0035159
34 0.58428 0.866038 0.00294885 0.0497381 0.00351578
34 0.165992 0.779002 0.00266284 0.0493614 0.00351569
34 0.615233 0.879094 0.00298505 0.0494234 0.00351545
34 0.630893 0.878299 0.0026846 0.0498123 0.00351512
34 0.181517 0.829115 0.00242556 0.0483683 0.00351501
34 0.84796 0.728146 0.00282642 0.0502516 0.00351468
34 0.630779 0.853855 0.0029453 0.0505337 0.00351462
34 0.630882 0.891335 0.00272127 0.0507816 0.00351462
34 0.584254 0.916519 0.00297298 0.0501938 0.00351441
34 0.630857 0.928537 0.00290721 0.0497583 0.00351429
34 0.615174 0.841475 0.00309943 0.0500523 0.00351417
34 0.692695 0.953595 0.00327366 0.0500313 0.00351417
34 0.723377 0.903854 0.00375532 0.0502476 0.00351381
34 0.863489 0.782339 0.00273499 0.0482254 0.0035136
34 0.212377 0.929101 0.0027577 0.0488926 0.00351354
34 0.212435 0.891744 0.00263013 0.0493118 0.00351351
34 0.785675 0.953453 0.00324716 0.0508644 0.00351334
34 0.584329 0.82891 0.00282938 0.0499178 0.00351322
34 0.878864 0.72982 0.00300078 0.0547068 0.00351292
34 0.196924 0.953202 0.00264971 0.0485277 0.00351262
34 0.739175 0.96633 0.00333115 0.0500225 0.00351259
34 0.599651 0.853976 0.00319867 0.0510206 0.00351232
34 0.677323 0.804266 0.00297239 0.0513727 0.00351211
34 0.413937 0.903917 0.00268933 0.0493765 0.00351185
34 0.382814 0.91678 0.00285192 0.0506981 0.00351185
34 0.6617 0.691445 0.00325734 0.0493511 0.00351158
34 0.584252 0.878641 0.00302242 0.0498814 0.00351143
34 0.847874 0.755159 0.00289882 0.0522541 0.00351131
34 0.646244 0.953897 0.00292874 0.0489491 0.00351119
34 0.630682 0.97629 0.00306169 0.0474195 0.00351116
34 0.847748 0.767379 0.00310002 0.0569647 0.00351065
34 0.615301 0.966261 0.00288095 0.0503458 0.0035105
34 0.134815 0.753323 0.0029547 0.0488523 0.00351006
34 0.615268 0.941295 0.00292519 0.0500561 0.00351006
34 0.22795 0.904589 0.00256277 0.0497494 0.00350961
34 0.816671 0.939733 0.00318258 0.0526005 0.00350958
34 0.646112 0.77919 0.00337539 0.0503775 0.00350952
34 0.661763 0.716654 0.00318767 0.0468206 0.00350946
34 0.677531 0.679473 0.00259482 0.0510044 0.00350884
34 0.615226 0.853873 0.00297535 0.0497328 0.00350884
34 0.196883 0.891576 0.00270867 0.0496864 0.00350884
34 0.832475 0.866301 0.00286238 0.0493282 0.00350866
34 0.196809 0.976719 0.00281572 0.0465625 0.0035086
34 0.81649 0.975692 0.00348161 0.0486152 0.00350857
34 0.785695 0.890624 0.0030572 0.0493488 0.00350764
34 0.63071 0.74134 0.00305199 0.0506695 0.00350761
34 0.150584 0.779132 0.00239601 0.0491676 0.00350758
34 0.878819 0.744149 0.00287681 0.0586273 0.00350702
34 0.568785 0.854163 0.00294956 0.0501398 0.00350681
34 0.661623 0.928638 0.00338272 0.0517717 0.00350621
34 0.553288 0.327321 0.00316094 0.052461 0.00350514
34 0.770176 0.81623 0.00327035 0.0503384 0.00350505
34 0.630924 0.940746 0.00270424 0.0494648 0.00350493
34 0.584301 0.841359 0.00287315 0.0502438 0.00350463
34 0.754908 0.791517 0.00279437 0.0506247 0.00350386
34 0.723627 0.92963 0.00310581 0.0531151 0.00350374
34 0.599845 0.94081 0.00294187 0.0502209 0.0035035
34 0.103246 0.964773 0.00415767 0.0513306 0.00350294
34 0.708 0.975472 0.00345251 0.0490557 0.00350294
34 0.413972 0.891303 0.00258796 0.0515129 0.00350285
34 0.61521 0.816651 0.00307447 0.0505508 0.00350279
34 0.599667 0.828706 0.00316342 0.0503025 0.00350258
34 0.599672 0.841004 0.00314591 0.0498262 0.00350258
34 0.599889 0.953507 0.00286463 0.0498268 0.00350219
34 0.150599 0.766722 0.0023089 0.0493601 0.00350213
34 0.615169 0.828864 0.00315041 0.049958 0.00350171
34 0.630877 0.953291 0.00283127 0.0499638 0.00350094
34 0.770367 0.803643 0.00299924 0.0508362 0.00350064
34 0.661793 0.792342 0.00284582 0.0477898 0.00350061
34 0.119377 0.829541 0.0026264 0.046623 0.00350022
34 0.274471 0.87897 0.00255579 0.0508654 0.00350016
34 0.770045 0.903658 0.00326798 0.0507725 0.00349984
34 0.568769 0.841565 0.00300184 0.049781 0.00349981
34 0.398467 0.879204 0.00264225 0.0475512 0.00349954
34 0.739149 0.916506 0.00318802 0.0515816 0.00349939
34 0.103243 0.975797 0.00413217 0.0484051 0.00349933
34 0.196936 0.966537 0.00264557 0.0495247 0.00349915
34 0.677301 0.79068 0.00295547 0.053105 0.00349882
34 0.259038 0.866509 0.00244673 0.0512716 0.00349826
34 0.785619 0.904271 0.0032959 0.051409 0.0034982
34 0.770114 0.916226 0.00329613 0.0497803 0.0034979
34 0.708083 0.904611 0.00334002 0.0501451 0.00349781
34 0.785968 0.766075 0.0028269 0.0505447 0.00349766
34 0.724026 0.666421 0.00244448 0.0484528 0.00349724
34 0.584289 0.854024 0.00287729 0.0503481 0.00349709
34 0.692707 0.678868 0.00312368 0.0510782 0.00349692
34 0.0575722 0.866716 0.00264935 0.0495518 0.00349632
34 0.398514 0.929572 0.0025177 0.0494133 0.00349632
34 0.64625 0.891804 0.00299829 0.0504395 0.00349626
34 0.507014 0.741696 0.0026568 0.0492579 0.00349611
34 0.196931 0.841462 0.00265172 0.0505892 0.00349525
34 0.599828 0.966374 0.00300906 0.0503231 0.00349525
34 0.165545 0.976436 0.00328614 0.0471279 0.00349513
34 0.925603 0.719791 0.00245371 0.0540117 0.00349489
34 0.568807 0.891932 0.00293276 0.050325 0.00349489
34 0.754856 0.703444 0.00295311 0.0492928 0.0034948
34 0.212481 0.953641 0.00247476 0.0483215 0.00349435
34 0.118648 0.803433 0.00417352 0.0517389 0.00349426
34 0.553273 0.866198 0.00296127 0.0512342 0.00349423
34 0.243489 0.953772 0.00256632 0.0490906 0.0034942
34 0.956557 0.720304 0.00271819 0.0483665 0.00349393
34 0.568799 0.916729 0.00289775 0.0505812 0.00349379
34 0.599687 0.816181 0.0031646 0.0505156 0.00349364
34 0.0575719 0.879076 0.00257034 0.0486254 0.00349292
34 0.739447 0.678255 0.00274374 0.0527235 0.00349289
34 0.522532 0.730088 0.00245323 0.0481976 0.00349283
34 0.227937 0.928645 0.0026471 0.0487141 0.00349253
34 0.0576053 0.854551 0.00251279 0.0499825 0.00349227
34 0.646206 0.965863 0.00304348 0.0488159 0.00349212
34 0.537958 0.341261 0.00258843 0.0510087 0.00349182
34 0.599689 0.928704 0.00323344 0.0502842 0.0034917
34 0.754485 0.67844 0.00388259 0.0524197 0.00349146
34 0.692884 0.930601 0.00267443 0.0509365 0.0034914
34 0.770448 0.791524 0.00284807 0.050041 0.00349134
34 0.507081 0.753798 0.00249913 0.0494213 0.00349125
34 0.259014 0.916379 0.00251622 0.0493038 0.00349119
34 0.754982 0.777999 0.00259056 0.0512003 0.0034911
34 0.615363 0.954353 0.00276054 0.0503944 0.0034911
34 0.119047 0.816315 0.00342329 0.0495666 0.00349081
