34 0.730573 0.82689 0.00234833 0.071132 0.00335774
34 0.730373 0.788392 0.00255432 0.0727009 0.00335231
34 0.142918 0.966508 0.00229144 0.0669835 0.00335002
34 0.743401 0.786652 0.00167542 0.0737481 0.00333744
34 0.743426 0.808812 0.00152826 0.0747775 0.00333121
34 0.743347 0.771371 0.00175247 0.0719915 0.00332862
34 0.71766 0.80416 0.00293064 0.0837417 0.00332034
34 0.755998 0.789915 0.00144138 0.0710059 0.00330165
34 0.730258 0.807885 0.00287809 0.073462 0.00329289
34 0.718231 0.785706 0.00184269 0.0751572 0.00329173
34 0.13036 0.965807 0.00240533 0.0683856 0.00329119
34 0.705784 0.807495 0.00158749 0.0742655 0.00328958
34 0.168031 0.957043 0.00206704 0.0859131 0.00328335
34 0.905869 0.82681 0.00168839 0.0802151 0.00327572
34 0.155653 0.967855 0.00197265 0.0642898 0.00326627
34 0.118216 0.980022 0.00165286 0.0399568 0.00323913
34 0.743457 0.957169 0.00163975 0.0761249 0.00323862
34 0.743473 0.827103 0.0015007 0.0702638 0.00323814
34 0.856044 0.486921 0.00250893 0.074618 0.00323004
34 0.117875 0.961676 0.0024348 0.076649 0.0032194
34 0.743473 0.845399 0.00145788 0.0738643 0.00321639
34 0.743444 0.939215 0.00159388 0.0731402 0.00321189
34 0.930855 0.922152 0.00160313 0.0842089 0.00321156
34 0.743473 0.863925 0.00153027 0.0709585 0.00320888
34 0.730944 0.9201 0.00152178 0.0712712 0.00320804
34 0.130743 0.981484 0.00157661 0.0370329 0.00320357
34 0.717867 0.841984 0.00269508 0.0808618 0.00320274
34 0.70571 0.822843 0.00180264 0.0802208 0.00320017
34 0.730544 0.769493 0.00236883 0.076404 0.00320014
34 0.730969 0.969954 0.00156097 0.060092 0.00319964
34 0.580783 0.919699 0.00163536 0.0730334 0.00319403
34 0.755969 0.90132 0.00159159 0.0722413 0.00317678
34 0.105694 0.980445 0.00171862 0.0391101 0.00317308
34 0.918428 0.887246 0.00148506 0.0760193 0.00317302
34 0.142839 0.952672 0.00248816 0.0946564 0.00317231
34 0.143159 0.978983 0.00172424 0.0420337 0.00317088
34 0.918242 0.937316 0.00196266 0.079436 0.00316796
34 0.717378 0.821436 0.00362577 0.0809111 0.00316653
34 0.756037 0.772993 0.00136366 0.0728522 0.00316423
34 0.630911 0.901054 0.00157442 0.0777859 0.00316393
34 0.755983 0.828256 0.00154915 0.073087 0.00316194
34 0.743453 0.883138 0.00154266 0.075201 0.00316083
34 0.605883 0.917866 0.00147629 0.076408 0.00315768
34 0.105472 0.964137 0.00232997 0.0717262 0.00314468
34 0.746117 0.0198148 0.0078105 0.0396296 0.00314322
34 0.930846 0.806188 0.00152588 0.0819367 0.00314215
34 0.730787 0.863779 0.00183105 0.0697606 0.00314108
34 0.167889 0.966785 0.00225019 0.0664297 0.00314012
34 0.730981 0.958172 0.00152111 0.0747426 0.00313947
34 0.568346 0.917641 0.00163918 0.0799314 0.00313935
34 0.593384 0.917182 0.00149298 0.0769479 0.00313851
34 0.905785 0.916799 0.00170879 0.0752148 0.00313842
34 0.755975 0.808915 0.0014864 0.0719741 0.00313812
34 0.730987 0.939656 0.00156488 0.0729932 0.00313777
34 0.718281 0.9552 0.00174809 0.0832841 0.00313774
34 0.355816 0.679449 0.00163298 0.0767276 0.0031364
34 0.768473 0.808371 0.00154819 0.0732892 0.00313339
34 0.768445 0.939088 0.00155296 0.0737422 0.00313315
34 0.605878 0.900219 0.00159883 0.0740908 0.0031321
34 0.730679 0.846448 0.00209808 0.0725689 0.00313079
34 0.930909 0.944772 0.00143204 0.0781898 0.00312582
34 0.833401 0.0239574 0.00726032 0.0479147 0.00312549
34 0.0931568 0.978008 0.00179074 0.0439834 0.00312328
34 0.733546 0.0224105 0.00761938 0.0448209 0.00311926
34 0.155666 0.980149 0.00189652 0.0397013 0.00311917
34 0.693392 0.829575 0.00176411 0.0752694 0.0031127
34 0.168242 0.934395 0.00177045 0.0916318 0.00311124
34 0.893383 0.807488 0.00173302 0.0720795 0.0031108
34 0.155635 0.958134 0.00201721 0.0837326 0.00310731
34 0.593354 0.938641 0.00155592 0.0788725 0.00310531
34 0.71839 0.96743 0.00169096 0.0651403 0.00310263
34 0.5433 0.896161 0.0017889 0.0811713 0.00310066
34 0.555933 0.92068 0.00147953 0.0772479 0.00309858
34 0.618465 0.899916 0.0015522 0.0729886 0.00309667
34 0.183393 0.0212226 0.00727215 0.0424452 0.00309262
34 0.755972 0.86417 0.00153065 0.0712077 0.00309229
34 0.855896 0.95718 0.00157223 0.0798512 0.0030919
34 0.708364 0.0209097 0.00723953 0.0418194 0.00309014
34 0.580728 0.941535 0.00178909 0.0742102 0.00308979
34 0.755968 0.938919 0.00155849 0.073566 0.00308961
34 0.695922 0.0213637 0.00733309 0.0427274 0.00308686
34 0.756021 0.752121 0.0013298 0.0703667 0.00308678
34 0.683404 0.0214974 0.00729408 0.0429948 0.00308651
34 0.20838 0.0212846 0.00728731 0.0425692 0.00308299
34 0.343453 0.693812 0.00161915 0.0764058 0.00308213
34 0.73092 0.982611 0.00147495 0.0347789 0.00308007
34 0.918341 0.957545 0.00161095 0.0740998 0.00307998
34 0.358377 0.0214256 0.00724201 0.0428511 0.00307962
34 0.64589 0.0213976 0.007269 0.0427953 0.00307959
34 0.0959202 0.0222826 0.00735009 0.0445652 0.00307953
34 0.470886 0.021322 0.00726233 0.0426439 0.00307855
34 0.670889 0.0212751 0.00725632 0.0425501 0.00307834
34 0.918363 0.902877 0.0015007 0.0797314 0.00307819
34 0.495882 0.0213062 0.00725899 0.0426125 0.00307813
34 0.658386 0.0214032 0.00725842 0.0428065 0.00307783
34 0.383385 0.0213354 0.00725212 0.0426707 0.00307742
34 0.420881 0.0214253 0.00725765 0.0428507 0.00307742
34 0.508384 0.0213396 0.00726089 0.0426792 0.00307739
34 0.408382 0.0213195 0.00726147 0.0426389 0.00307724
34 0.445882 0.0213286 0.00726185 0.0426572 0.00307715
34 0.620889 0.0215181 0.00727615 0.0430361 0.00307709
34 0.570884 0.0211737 0.00726452 0.0423475 0.00307697
34 0.0333414 0.0218326 0.00720949 0.0436653 0.00307682
34 0.558385 0.0214649 0.007267 0.0429299 0.0030767
34 0.595877 0.0213588 0.0072567 0.0427176 0.00307661
34 0.520885 0.0213537 0.00726528 0.0427073 0.00307643
34 0.220893 0.0213674 0.00728998 0.0427348 0.00307631
34 0.545881 0.0212902 0.00726023 0.0425803 0.00307626
34 0.395881 0.0213791 0.00726652 0.0427582 0.00307617
34 0.458378 0.0214269 0.00725088 0.0428538 0.00307608
34 0.533383 0.0213993 0.00726356 0.0427985 0.00307563
34 0.295882 0.0209246 0.00726271 0.0418491 0.00307557
34 0.333376 0.0213935 0.00726976 0.042787 0.00307533
34 0.343445 0.985999 0.00159512 0.0280012 0.00307533
34 0.258387 0.0214561 0.00726547 0.0429121 0.00307515
34 0.433389 0.0213615 0.00727139 0.042723 0.00307515
34 0.270881 0.0214076 0.00725822 0.0428153 0.00307497
34 0.483387 0.0213678 0.00727053 0.0427356 0.00307488
34 0.63339 0.0214532 0.00727673 0.0429065 0.00307482
34 0.60839 0.0213318 0.00726614 0.0426636 0.0030748
34 0.320892 0.0214765 0.00728045 0.0429531 0.00307441
34 0.755954 0.957814 0.00151873 0.0753896 0.00307435
34 0.308387 0.0217291 0.00727177 0.0434582 0.00307426
34 0.145908 0.0228376 0.00733376 0.0456752 0.00307414
34 0.283385 0.0213282 0.00726614 0.0426565 0.00307411
34 0.233383 0.0214991 0.00727563 0.0429981 0.00307351
34 0.583383 0.021373 0.00726194 0.042746 0.00307345
34 0.768478 0.769987 0.00147018 0.0749397 0.00307319
34 0.805862 0.619155 0.00134525 0.071852 0.00307286
34 0.245887 0.0214102 0.00726647 0.0428203 0.00307262
34 0.37087 0.021309 0.00723023 0.0426181 0.00307259
34 0.345885 0.0213751 0.00727015 0.0427503 0.00307253
34 0.693345 0.808549 0.00197506 0.0807017 0.00307226
34 0.958353 0.0211422 0.00731697 0.0422845 0.00307092
34 0.868456 0.886079 0.00133858 0.0623541 0.00307089
34 0.343505 0.718258 0.00136757 0.0690825 0.0030708
34 0.118432 0.322958 0.00149584 0.0762073 0.00306982
34 0.855867 0.981841 0.00160255 0.0363181 0.00306886
34 0.755919 0.919682 0.00150137 0.0720489 0.00306875
34 0.783233 0.023484 0.00721836 0.046968 0.00306827
34 0.133426 0.0222685 0.00727644 0.044537 0.00306815
34 0.75597 0.846637 0.00152311 0.0712143 0.00306803
34 0.080705 0.978607 0.00171871 0.0427854 0.00306785
34 0.181049 0.95857 0.00162811 0.0828598 0.0030677
34 0.768474 0.884064 0.00152035 0.0759349 0.00306755
34 0.195872 0.0208276 0.00725679 0.0416552 0.00306743
34 0.480968 0.865764 0.00144291 0.0760775 0.00306717
34 0.555912 0.899243 0.00144062 0.0816381 0.00306687
34 0.0583672 0.0211754 0.00726728 0.0423508 0.00306359
34 0.108367 0.0236069 0.0072824 0.0472137 0.00306308
34 0.720828 0.0215431 0.00716038 0.0430861 0.0030621
34 0.918364 0.806077 0.00158558 0.0719295 0.00306171
34 0.0931888 0.963442 0.0018971 0.0731155 0.00306153
34 0.793375 0.898332 0.00150795 0.0736146 0.00306034
34 0.0833647 0.0213503 0.00725305 0.0427007 0.00306028
34 0.883357 0.0212459 0.00725327 0.0424918 0.00305986
34 0.868525 0.47509 0.00141945 0.0711062 0.00305876
34 0.743452 0.920872 0.0015707 0.0741501 0.00305864
34 0.8185 0.920125 0.00160313 0.0737594 0.00305846
34 0.908349 0.0208578 0.00731068 0.0417156 0.00305736
34 0.805914 0.901473 0.00169907 0.0744566 0.00305736
34 0.0458764 0.0211943 0.00725951 0.0423885 0.00305647
34 0.905813 0.957681 0.00146866 0.077162 0.00305548
34 0.630828 0.878119 0.00180578 0.0805716 0.00305513
34 0.805957 0.919278 0.00163765 0.0715375 0.0030551
34 0.120841 0.0216897 0.00716305 0.0433795 0.00305361
34 0.0708779 0.0215778 0.00728009 0.0431557 0.00305304
34 0.768441 0.920525 0.00151234 0.0745222 0.00305215
34 0.843266 0.968881 0.00187187 0.0622385 0.00305209
34 0.668232 0.86224 0.00174294 0.0788531 0.003052
34 0.905816 0.901101 0.00185585 0.0718812 0.00304917
34 0.5933 0.900054 0.00174904 0.0752276 0.00304884
34 0.0309638 0.660001 0.0016256 0.0887968 0.0030475
34 0.808427 0.0208877 0.00759506 0.0417754 0.00304726
34 0.170915 0.0213146 0.00727544 0.0426291 0.00304723
34 0.920857 0.0205397 0.00725403 0.0410794 0.00304711
34 0.855809 0.940174 0.00169907 0.0785949 0.0030458
34 0.905777 0.805201 0.00184784 0.0831455 0.00304478
34 0.905742 0.939093 0.00161266 0.0793239 0.00304443
34 0.780893 0.956738 0.00153732 0.0765665 0.0030441
34 0.0682103 0.979362 0.00166891 0.041277 0.0030441
34 0.830684 0.954681 0.0017437 0.0840526 0.00304314
34 0.880868 0.825374 0.00147934 0.0792345 0.00304124
34 0.855767 0.901156 0.00185623 0.0801056 0.00304085
34 0.543342 0.921654 0.00170441 0.0736904 0.0030407
34 0.87085 0.0209323 0.00729561 0.0418646 0.00304011
34 0.858345 0.0212016 0.00726471 0.0424031 0.0030399
34 0.930897 0.826131 0.00143814 0.0753131 0.00303951
34 0.918415 0.866002 0.00148315 0.0759945 0.00303942
34 0.580768 0.900427 0.00171671 0.0820565 0.00303802
34 0.845869 0.020967 0.0072567 0.0419339 0.00303745
34 0.895828 0.0211419 0.00721989 0.0422839 0.00303727
34 0.93331 0.0210767 0.00716972 0.0421534 0.00303629
34 0.705732 0.983148 0.00177155 0.0337036 0.0030359
34 0.780826 0.639044 0.0015274 0.073368 0.00303534
34 0.668392 0.886637 0.00141611 0.0777029 0.00303444
34 0.780886 0.919241 0.00152435 0.0755334 0.00303316
34 0.158377 0.0203921 0.00730462 0.0407841 0.00303191
34 0.768465 0.968492 0.00162373 0.0630152 0.00303116
34 0.918421 0.787651 0.00141945 0.077886 0.00302827
34 0.945831 0.0212963 0.00725632 0.0425927 0.0030266
34 0.755984 0.883291 0.00153112 0.0732941 0.00302625
34 0.90582 0.397137 0.00148983 0.0737339 0.00302616
34 0.855953 0.468204 0.00287895 0.0822844 0.00302571
34 0.758247 0.0200041 0.0070694 0.0400081 0.00302458
34 0.181003 0.982608 0.0016901 0.0347837 0.00302443
34 0.755968 0.969117 0.00158577 0.0617656 0.00302437
34 0.768441 0.981417 0.00148859 0.0371669 0.00302428
34 0.81845 0.901915 0.00147629 0.0692795 0.0030216
34 0.768456 0.826881 0.00151825 0.0742173 0.00301859
34 0.705919 0.790194 0.00159073 0.0784204 0.00301668
34 0.983 0.0206138 0.00653305 0.0412277 0.00301516
34 0.0807645 0.964899 0.00164418 0.070202 0.00301462
34 0.655822 0.940543 0.00173006 0.0767561 0.00301331
34 0.568303 0.940315 0.00169182 0.0772017 0.00301245
34 0.76848 0.84412 0.00152874 0.0746714 0.00301033
34 0.681012 0.902652 0.00167179 0.078221 0.00300932
34 0.868467 0.971595 0.00136948 0.0568102 0.00300872
34 0.780946 0.90113 0.00155392 0.0725986 0.00300804
34 0.743215 0.751334 0.00199413 0.0729528 0.00300747
34 0.855987 0.431776 0.0021307 0.0792132 0.00300738
34 0.768468 0.752356 0.00139618 0.0743749 0.00300696
34 0.880858 0.950908 0.00155849 0.0842171 0.0030067
34 0.868458 0.960599 0.00133934 0.0694127 0.00300458
34 0.75592 0.981897 0.00151873 0.0362057 0.00300252
34 0.693486 0.866007 0.00145245 0.0677169 0.00300214
34 0.880899 0.979322 0.00149403 0.0413553 0.00300181
34 0.820961 0.021438 0.00732784 0.042876 0.00300041
34 0.905875 0.98176 0.00142403 0.0364791 0.0030002
34 0.89332 0.969374 0.00154343 0.0612526 0.00299948
34 0.880846 0.934368 0.00154343 0.0843918 0.00299916
34 0.593375 0.957651 0.00143728 0.074905 0.00299883
34 0.743453 0.980282 0.0015522 0.039436 0.00299844
34 0.730899 0.902709 0.00167961 0.0721556 0.00299644
34 0.568361 0.8988 0.00147285 0.0809654 0.00299627
34 0.818425 0.885103 0.00155697 0.073864 0.00299621
34 0.855822 0.921029 0.00170479 0.0772037 0.00299433
34 0.86843 0.942949 0.0012907 0.0671321 0.00299355
34 0.655909 0.902957 0.00148106 0.0790497 0.00299335
34 0.605877 0.940223 0.00148144 0.083378 0.00299242
34 0.86833 0.414371 0.00153694 0.0787693 0.00299236
34 0.66848 0.92274 0.00155087 0.0680568 0.0029918
34 0.0807891 0.301689 0.00174801 0.0696396 0.00299129
34 0.76847 0.223692 0.0015378 0.0757226 0.00299054
34 0.655918 0.882881 0.00151463 0.0734677 0.00299034
34 0.606106 0.407068 0.00186567 0.0853343 0.00298977
34 0.918285 0.9178 0.00172768 0.0734774 0.00298905
34 0.643451 0.903354 0.00139008 0.0733512 0.00298902
34 0.355888 0.69491 0.00145869 0.0684441 0.00298882
34 0.768476 0.787807 0.00156002 0.0737448 0.00298873
34 0.743462 0.967575 0.00155315 0.0648503 0.0029881
34 0.718358 0.938129 0.00167789 0.0766043 0.00298777
34 0.793416 0.883636 0.00154915 0.0752308 0.00298667
34 0.818431 0.618221 0.0014164 0.0744368 0.0029861
34 0.880926 0.802962 0.00154209 0.078382 0.00298563
34 0.843283 0.956016 0.0019146 0.0749467 0.00298503
34 0.780931 0.968741 0.00153389 0.0625179 0.00298351
34 0.0307131 0.957548 0.00210515 0.0736445 0.00298238
34 0.793424 0.939847 0.00140896 0.0714713 0.00298145
34 0.843139 0.935616 0.00228958 0.0775146 0.00298032
34 0.71832 0.879451 0.00179348 0.0760934 0.00297996
34 0.868441 0.922949 0.00129833 0.0657346 0.00297993
34 0.805963 0.937029 0.00166588 0.0762209 0.00297815
34 0.843326 0.3917 0.0015255 0.0769165 0.00297651
34 0.868356 0.396693 0.00162582 0.0779354 0.00297433
34 0.780942 0.981108 0.00147018 0.0377842 0.00297248
34 0.630883 0.91888 0.00151777 0.0726677 0.00297204
34 0.805942 0.80794 0.00150299 0.0725078 0.0029718
34 0.643365 0.883688 0.00151443 0.0733044 0.00297159
34 0.618367 0.941124 0.00151558 0.0782508 0.00297147
34 0.693402 0.884669 0.00155067 0.0722906 0.00297087
34 0.743447 0.899797 0.00154781 0.0706425 0.00297055
34 0.718434 0.980446 0.00146704 0.0391083 0.00296921
34 0.830831 0.97935 0.00149803 0.0412994 0.00296915
34 0.780908 0.620245 0.00140877 0.0739428 0.00296831
34 0.780972 0.863274 0.00158615 0.0734992 0.00296772
34 0.805917 0.880624 0.00154457 0.0741887 0.00296766
34 0.630989 0.844715 0.0014225 0.0730817 0.00296739
34 0.868471 0.867347 0.00142174 0.0661827 0.00296658
34 0.770799 0.0180557 0.00731239 0.0361113 0.00296623
34 0.843411 0.789433 0.00161514 0.0773795 0.002965
34 0.618372 0.922238 0.00153284 0.0749873 0.00296429
34 0.843327 0.981505 0.00149536 0.0369895 0.0029633
34 0.930869 0.377522 0.0017662 0.0779476 0.00296208
34 0.830685 0.966326 0.00174065 0.0673489 0.00296181
34 0.0684598 0.265933 0.00142717 0.0816832 0.00296161
34 0.843407 0.882637 0.00160904 0.077423 0.0029597
34 0.970829 0.0214221 0.00726395 0.0428443 0.00295913
34 0.355972 0.966868 0.00131435 0.0662633 0.00295863
34 0.818447 0.939528 0.00153732 0.0746251 0.00295851
34 0.793401 0.981691 0.00140705 0.0366184 0.00295693
34 0.893059 0.917324 0.0021431 0.0744434 0.00295573
34 0.805897 0.641086 0.00135765 0.0700535 0.00295508
34 0.918383 0.966883 0.00156403 0.0662336 0.00295451
34 0.830865 0.9161 0.00157986 0.0788977 0.00295421
34 0.85587 0.967125 0.00164566 0.0657509 0.00295326
34 0.0681712 0.968342 0.00183859 0.0633155 0.00295293
34 0.943444 0.960075 0.00138493 0.0749658 0.00295275
34 0.805847 0.45142 0.00144196 0.0800446 0.00295246
34 0.943473 0.790394 0.00140762 0.0714361 0.00295132
