31 0.644158 0.50014 0.238086 0.853798 0.967497
31 0.557365 0.469728 0.231181 0.853538 0.967178
31 0.447769 0.458348 0.130645 0.678914 0.942916
31 0.394691 0.445659 0.131774 0.680916 0.911762
31 0.493884 0.472972 0.145533 0.722459 0.876569
0 0.970909 0.478018 0.0203209 0.0447606 0.282197
30 0.642227 0.501823 0.242037 0.859314 0.11962
30 0.49337 0.476168 0.150255 0.720605 0.0725894
0 0.925904 0.471913 0.0143894 0.0422326 0.050135
30 0.394139 0.447628 0.13104 0.685603 0.0479316
31 0.385286 0.32798 0.0353949 0.080377 0.0422149
30 0.447448 0.454711 0.137736 0.684355 0.0398615
31 0.347994 0.580587 0.0402069 0.0857669 0.0271105
31 0.487349 0.556224 0.140776 0.550004 0.0223174
0 0.104393 0.402775 0.00799954 0.0190435 0.021398
0 0.0558423 0.403705 0.00745376 0.0175048 0.0206288
0 0.0182341 0.403439 0.0114109 0.0207055 0.0134989
0 0.0160623 0.403776 0.00936319 0.0200458 0.0124117
0 0.78805 0.391689 0.0101042 0.0374177 0.0101673
31 0.474839 0.608958 0.116 0.461511 0.0073114
36 0.394139 0.447628 0.13104 0.685603 0.00728026
0 0.185438 0.405002 0.00656462 0.0230041 0.00641677
30 0.558576 0.468522 0.229339 0.85386 0.0061751
0 0.282443 0.389553 0.0214912 0.0377581 0.00545135
36 0.558576 0.468522 0.229339 0.85386 0.0047752
36 0.642227 0.501823 0.242037 0.859314 0.00464794
30 0.385334 0.328037 0.0353136 0.080861 0.00390923
0 0.182283 0.404819 0.0110618 0.0230607 0.00363317
31 0.525163 0.238378 0.0807556 0.258609 0.00341326
30 0.269209 0.638728 0.121373 0.0925353 0.00296503
0 0.78648 0.387775 0.0138069 0.0298998 0.00291222
31 0.308379 0.602664 0.124674 0.133168 0.00259537
30 0.286418 0.609061 0.159789 0.15236 0.00244245
30 0.79171 0.884534 0.146924 0.161723 0.00240603
37 0.642227 0.501823 0.242037 0.859314 0.00213107
31 0.421776 0.692282 0.0583438 0.171859 0.00212133
13 0.26871 0.39159 0.0515782 0.0406012 0.00210896
31 0.410657 0.689131 0.0599048 0.217046 0.00201881
30 0.284742 0.6341 0.0869491 0.0844285 0.00199857
37 0.394139 0.447628 0.13104 0.685603 0.00190178
13 0.108089 0.267975 0.0422466 0.0380095 0.00172251
31 0.284742 0.6341 0.0869491 0.0844285 0.00169572
21 0.557368 0.46705 0.232009 0.851829 0.00165761
0 0.912963 0.472432 0.0176907 0.0469596 0.00160605
31 0.585299 0.318373 0.17603 0.547387 0.00160113
31 0.50052 0.378803 0.129239 0.531638 0.00156614
31 0.479475 0.489527 0.0730345 0.386523 0.0015586
36 0.491527 0.476267 0.148204 0.732701 0.00155851
37 0.557368 0.46705 0.232009 0.851829 0.00154778
77 0.558576 0.468522 0.229339 0.85386 0.00150117
31 0.454148 0.640471 0.0820253 0.32284 0.0014759
31 0.446462 0.465379 0.0805596 0.37625 0.00145379
31 0.433179 0.701509 0.0547077 0.206898 0.0014281
3 0.642227 0.501823 0.242037 0.859314 0.00140136
65 0.557368 0.46705 0.232009 0.851829 0.00138223
36 0.451532 0.457165 0.122291 0.673539 0.00135934
3 0.556102 0.471713 0.227719 0.842918 0.00135446
30 0.525506 0.235579 0.0792069 0.255114 0.00132674
31 0.451569 0.673842 0.0688419 0.254165 0.0013085
30 0.308379 0.602664 0.124674 0.133168 0.00130135
31 0.422352 0.650734 0.0774078 0.257586 0.00128937
31 0.527159 0.651418 0.168756 0.473689 0.00125423
31 0.464421 0.665936 0.0968014 0.3391 0.0012536
31 0.431883 0.670402 0.0499667 0.121235 0.00124899
31 0.455674 0.355785 0.117694 0.474218 0.00124288
43 0.557368 0.46705 0.232009 0.851829 0.00119656
31 0.429917 0.649072 0.0463497 0.0760504 0.00117508
31 0.269209 0.638728 0.121373 0.0925353 0.0011721
31 0.596731 0.538955 0.139464 0.602594 0.00116476
63 0.558576 0.468522 0.229339 0.85386 0.00113982
24 0.347779 0.580438 0.0405429 0.0860425 0.00111377
31 0.601263 0.528385 0.0659636 0.224298 0.001046
30 0.864665 0.854607 0.0971706 0.0606848 0.00104088
31 0.4416 0.679155 0.0542055 0.308447 0.00102243
24 0.385844 0.328451 0.0349707 0.0807073 0.00101647
11 0.557368 0.46705 0.232009 0.851829 0.00100991
