2 0.58888 0.686625 0.0637966 0.0815215 0.838516
7 0.911837 0.736649 0.137165 0.17437 0.655354
2 0.91196 0.736122 0.136748 0.175081 0.226949
15 0.222035 0.451228 0.0482228 0.0753221 0.0507428
7 0.588997 0.685989 0.0641151 0.0807324 0.0395171
5 0.911856 0.73773 0.136889 0.171625 0.0343598
1 0.437783 0.658495 0.0473867 0.0331078 0.0291973
1 0.380857 0.68678 0.0313472 0.0331271 0.0274711
1 0.455618 0.662067 0.0130707 0.0263232 0.0253064
3 0.380857 0.68678 0.0313472 0.0331271 0.0133005
9 0.553779 0.514963 0.0170339 0.0472121 0.0128259
2 0.429526 0.657243 0.0321186 0.0338353 0.0101271
7 0.912868 0.675129 0.135419 0.299312 0.010048
3 0.437521 0.657453 0.0464653 0.035473 0.00784788
0 0.924185 0.718123 0.0313793 0.0235956 0.00656918
56 0.380964 0.686479 0.0302367 0.0330244 0.00644773
1 0.437763 0.675264 0.049588 0.0647416 0.00627172
1 0.429526 0.657243 0.0321186 0.0338353 0.00494671
13 0.286713 0.704114 0.0400676 0.0570657 0.0047628
0 0.906801 0.717995 0.0173201 0.0244358 0.0047043
0 0.933808 0.706956 0.0256828 0.0338674 0.00390953
15 0.223521 0.435354 0.0500777 0.109451 0.00381613
9 0.533118 0.47806 0.00985088 0.0130399 0.00347179
58 0.342385 0.710632 0.0450339 0.0915946 0.0033882
2 0.437521 0.657453 0.0464653 0.035473 0.00332579
58 0.327678 0.713669 0.0349513 0.0733941 0.00332397
13 0.380857 0.68678 0.0313472 0.0331271 0.00295198
2 0.815128 0.680582 0.0213726 0.0276191 0.00293183
58 0.334242 0.715226 0.0575174 0.0861756 0.00278479
1 0.455179 0.670733 0.0150713 0.0448973 0.00274307
58 0.380054 0.686382 0.0312284 0.0331758 0.00272188
16 0.222035 0.451228 0.0482228 0.0753221 0.00241715
3 0.455618 0.662067 0.0130707 0.0263232 0.00198621
0 0.937791 0.709724 0.029871 0.0365153 0.00195959
13 0.334128 0.715198 0.0582021 0.0867643 0.00193202
0 0.768191 0.664509 0.0122793 0.0487952 0.00193113
0 0.93936 0.705748 0.0240297 0.0354684 0.00185454
58 0.3187 0.719067 0.024745 0.0742666 0.00185251
13 0.288028 0.716091 0.0441883 0.0810853 0.00184667
58 0.331929 0.691033 0.0268353 0.0528334 0.00177339
58 0.352445 0.691631 0.0258804 0.0380771 0.00176424
56 0.352899 0.704376 0.0231827 0.0569174 0.00174534
9 0.528106 0.533587 0.00795727 0.0137678 0.00170091
3 0.429526 0.657243 0.0321186 0.0338353 0.00168079
1 0.416852 0.691199 0.00899105 0.0382063 0.00167084
0 0.380964 0.686479 0.0302367 0.0330244 0.00165302
58 0.246913 0.184891 0.125686 0.336859 0.00165257
58 0.352899 0.704376 0.0231827 0.0569174 0.00164962
0 0.659559 0.518721 0.0361331 0.0598235 0.00161237
32 0.533118 0.47806 0.00985088 0.0130399 0.00154415
8 0.911856 0.73773 0.136889 0.171625 0.001537
56 0.748675 0.667607 0.0190075 0.0287643 0.00152421
58 0.72098 0.647883 0.0167797 0.0222761 0.001517
2 0.455618 0.662067 0.0130707 0.0263232 0.00137097
0 0.910003 0.706789 0.0315151 0.0401528 0.00135294
56 0.744231 0.67211 0.0279356 0.0328226 0.00135231
56 0.752697 0.672167 0.0153681 0.036267 0.00133625
2 0.382701 0.686856 0.0288065 0.0331485 0.00129536
1 0.405054 0.68512 0.0373273 0.0433644 0.00128573
58 0.986784 0.585644 0.0258968 0.119238 0.00125378
2 0.931286 0.607073 0.0206728 0.0262293 0.00124171
2 0.65998 0.663104 0.021982 0.0192369 0.00123331
56 0.81427 0.679602 0.0188297 0.0280462 0.00120914
0 0.3187 0.719067 0.024745 0.0742666 0.00118643
0 0.631996 0.709883 0.693138 0.195247 0.00113913
58 0.31545 0.720077 0.0164817 0.0729515 0.00111941
0 0.920574 0.708912 0.0475567 0.0416071 0.0011141
1 0.813668 0.679038 0.0198256 0.0284038 0.00109676
58 0.351688 0.715384 0.02356 0.0764815 0.00108132
13 0.815128 0.680582 0.0213726 0.0276191 0.00104451
0 0.488833 0.511541 0.0116099 0.0533 0.001041
13 0.311273 0.717059 0.0923458 0.086268 0.00101763
56 0.352445 0.691631 0.0258804 0.0380771 0.00100905
13 0.220692 0.828079 0.0429986 0.0708437 0.00100735
0 0.619396 0.665392 0.00915222 0.0212249 0.00100526
