42 0.784229 0.635693 0.259911 0.715966 0.956445
55 0.487629 0.348256 0.557704 0.690685 0.946214
60 0.481139 0.492439 0.958969 0.984877 0.464976
60 0.179618 0.490509 0.357505 0.978894 0.0925872
60 0.848894 0.142811 0.301739 0.2806 0.052586
60 0.525318 0.147485 0.9418 0.291825 0.0151237
44 0.783654 0.63729 0.257809 0.711718 0.00251529
28 0.489 0.348035 0.560028 0.689603 0.00236124
43 0.784347 0.637263 0.259233 0.714563 0.00193164
22 0.783654 0.63729 0.257809 0.711718 0.00136247
60 0.257786 0.473693 0.513358 0.947387 0.00115469
48 0.489 0.348035 0.560028 0.689603 0.00113782
60 0.179358 0.246537 0.356234 0.493074 0.0010474
60 0.66042 0.141628 0.676967 0.280989 0.00103259
