2 0.588884 0.686629 0.0637932 0.0814988 0.838078
7 0.911832 0.736469 0.137152 0.174735 0.659238
2 0.911959 0.735966 0.136756 0.175375 0.228169
15 0.222033 0.451238 0.0482174 0.0752968 0.0507137
7 0.589004 0.685995 0.0641031 0.0807354 0.0398035
1 0.437779 0.658481 0.0473797 0.0331365 0.0299349
1 0.380859 0.686775 0.0313479 0.0331169 0.0280155
5 0.911854 0.73769 0.136885 0.171746 0.0278827
1 0.455614 0.662064 0.0130796 0.0263297 0.0257784
3 0.380859 0.686775 0.0313479 0.0331169 0.0135142
9 0.553777 0.514959 0.0170389 0.0472156 0.0128072
2 0.429493 0.657246 0.032058 0.0338404 0.0102637
7 0.912852 0.674859 0.135434 0.29992 0.00989693
3 0.43752 0.657452 0.0464474 0.0354634 0.00798619
0 0.924198 0.718151 0.0313484 0.0235637 0.00663385
1 0.437763 0.67525 0.0495838 0.0647384 0.00639245
56 0.380969 0.686472 0.0302218 0.0330167 0.00635928
1 0.429493 0.657246 0.032058 0.0338404 0.00508338
13 0.286709 0.704114 0.0400494 0.0570104 0.00475347
0 0.906782 0.717999 0.017297 0.0244306 0.00471574
0 0.933799 0.706963 0.0256619 0.0338519 0.00394371
15 0.223519 0.435147 0.0500796 0.109898 0.00384724
9 0.533119 0.478059 0.0098547 0.0130382 0.00355148
58 0.3425 0.710363 0.0448366 0.0921515 0.00342056
2 0.43752 0.657452 0.0464474 0.0354634 0.00333348
58 0.327758 0.713303 0.0346618 0.0726244 0.00322962
2 0.815132 0.680585 0.0213688 0.0276193 0.00292289
13 0.380859 0.686775 0.0313479 0.0331169 0.00292218
1 0.455176 0.670707 0.0150734 0.0448312 0.0027954
58 0.33426 0.715171 0.057527 0.086317 0.00278497
58 0.380043 0.686378 0.0312074 0.0331632 0.00270769
16 0.222033 0.451238 0.0482174 0.0752968 0.00247827
3 0.455614 0.662064 0.0130796 0.0263297 0.00201723
0 0.937786 0.709778 0.0298689 0.0364762 0.00197804
0 0.768181 0.66448 0.0122651 0.0487332 0.0019609
13 0.33414 0.715123 0.0582074 0.0869155 0.00188258
0 0.939377 0.705734 0.0239735 0.0354331 0.00187516
58 0.318703 0.719071 0.0247671 0.074246 0.00185278
13 0.288026 0.716088 0.044192 0.0810404 0.00182864
58 0.331973 0.690786 0.0267876 0.0532641 0.0017885
58 0.352428 0.691591 0.0258984 0.0381078 0.00177673
56 0.352899 0.704232 0.0231809 0.0566546 0.00173116
3 0.429493 0.657246 0.032058 0.0338404 0.00171971
1 0.416851 0.691165 0.00899906 0.0382628 0.00171939
9 0.528104 0.533587 0.00796823 0.0137664 0.0017074
58 0.352899 0.704232 0.0231809 0.0566546 0.00164953
0 0.380969 0.686472 0.0302218 0.0330167 0.00164109
58 0.246843 0.184873 0.125772 0.336744 0.00163874
0 0.659559 0.51873 0.0361167 0.0597896 0.00162154
58 0.720975 0.647883 0.016786 0.0222791 0.00154907
56 0.748669 0.667552 0.0189972 0.0286519 0.00154269
32 0.533119 0.478059 0.0098547 0.0130382 0.00153846
8 0.911959 0.735966 0.136756 0.175375 0.00138977
2 0.455614 0.662064 0.0130796 0.0263297 0.00137377
56 0.744253 0.672105 0.0278509 0.0328198 0.00137016
0 0.909995 0.70677 0.0315052 0.040235 0.00136402
1 0.405057 0.685094 0.0372376 0.0433841 0.00133976
56 0.752699 0.672171 0.015353 0.0362466 0.00133458
2 0.382723 0.686853 0.0287745 0.0331411 0.00128257
2 0.931279 0.607069 0.0206551 0.0262148 0.00126293
2 0.65996 0.663106 0.0219299 0.0192387 0.00126216
58 0.986792 0.585688 0.0258915 0.119362 0.00123799
56 0.814272 0.679605 0.0188118 0.0280419 0.0012196
0 0.318703 0.719071 0.0247671 0.074246 0.00116259
0 0.632314 0.710096 0.692563 0.195278 0.00114214
0 0.920558 0.708907 0.0475475 0.0416191 0.00112936
58 0.31546 0.720076 0.0165188 0.0729406 0.00112316
1 0.813654 0.679039 0.0197754 0.0284109 0.00110632
58 0.351683 0.715367 0.0235786 0.0765202 0.00108328
13 0.815132 0.680585 0.0213688 0.0276193 0.00105339
0 0.488839 0.511549 0.0115971 0.0533041 0.00105336
0 0.619408 0.665391 0.00914001 0.0211653 0.00102362
0 0.766797 0.666317 0.0166513 0.055258 0.00101703
13 0.220696 0.828028 0.0429907 0.0709283 0.00101388
