52 0.761829 0.662129 0.387284 0.49384 0.820241
52 0.291639 0.48126 0.332213 0.779931 0.782126
52 0.762658 0.392319 0.361232 0.500819 0.727456
48 0.291337 0.487515 0.334716 0.780823 0.363522
48 0.76272 0.390624 0.361403 0.500431 0.35847
45 0.270415 0.478963 0.511187 0.94717 0.333054
45 0.758965 0.506977 0.457837 0.912195 0.247031
48 0.761009 0.662626 0.387414 0.495149 0.152051
60 0.499415 0.500449 0.989831 0.999102 0.091544
42 0.990107 0.526056 0.0190542 0.248225 0.01468
44 0.990171 0.617735 0.0190739 0.0645838 0.0140291
53 0.291337 0.487515 0.334716 0.780823 0.0139877
42 0.989401 0.432904 0.0206852 0.0613585 0.0127007
45 0.762828 0.387532 0.367518 0.502732 0.0123755
43 0.990171 0.617735 0.0190739 0.0645838 0.0110517
44 0.989401 0.432904 0.0206852 0.0613585 0.0104618
44 0.989865 0.526431 0.0192764 0.247281 0.0100066
45 0.508754 0.505878 0.958974 0.936907 0.0092161
51 0.868864 0.533922 0.0146194 0.072485 0.00862989
53 0.762419 0.662581 0.388788 0.494336 0.00656104
53 0.762658 0.392319 0.361232 0.500819 0.00461626
60 0.540975 0.0694196 0.909236 0.136997 0.00450975
42 0.990171 0.617735 0.0190739 0.0645838 0.00438738
43 0.989069 0.43281 0.0213692 0.061061 0.00386041
52 0.750767 0.499456 0.44816 0.905729 0.00290087
60 0.750767 0.499456 0.44816 0.905729 0.00289205
46 0.762658 0.392319 0.361232 0.500819 0.00210285
43 0.989774 0.527382 0.0193705 0.250176 0.00192693
60 0.0464019 0.4697 0.0909553 0.878567 0.00185511
46 0.291337 0.487515 0.334716 0.780823 0.00181219
60 0.747441 0.0507493 0.505119 0.0999628 0.00174031
45 0.0459984 0.458787 0.0908419 0.859389 0.00159359
60 0.274628 0.486484 0.502292 0.963204 0.00152957
52 0.868864 0.533922 0.0146194 0.072485 0.00147447
46 0.762419 0.662581 0.388788 0.494336 0.00142044
5 0.761009 0.662626 0.387414 0.495149 0.00138792
48 0.750767 0.499456 0.44816 0.905729 0.00136417
41 0.989401 0.432904 0.0206852 0.0613585 0.00133178
51 0.762419 0.662581 0.388788 0.494336 0.00120148
54 0.762419 0.662581 0.388788 0.494336 0.00119346
