0 0.812299 0.74035 0.209537 0.512433 0.942331
0 0.230949 0.429568 0.0680671 0.32047 0.812333
35 0.349423 0.244984 0.104946 0.106534 0.509768
2 0.9026 0.437866 0.0529816 0.0275595 0.170869
2 0.911004 0.439425 0.0698669 0.028883 0.0673758
32 0.348914 0.244701 0.104243 0.107309 0.0551382
2 0.659889 0.418058 0.0394293 0.0623172 0.054875
2 0.671481 0.428937 0.0619846 0.0754505 0.0513112
2 0.87194 0.453663 0.120568 0.0566944 0.0474616
2 0.665538 0.421694 0.0509029 0.0706908 0.0458315
2 0.962197 0.455647 0.0726276 0.0586194 0.0410212
2 0.675763 0.435529 0.0596824 0.0418298 0.0408034
2 0.92042 0.454414 0.106658 0.0601503 0.0401834
2 0.891081 0.448685 0.0806572 0.0469566 0.0335835
2 0.689945 0.43828 0.0304598 0.0333903 0.0305097
38 0.350104 0.245174 0.105457 0.108561 0.0263376
0 0.348986 0.410775 0.0281131 0.227876 0.0252023
35 0.372796 0.246795 0.0588643 0.103049 0.0247803
2 0.909955 0.449666 0.0706261 0.0493567 0.0207976
29 0.348472 0.244325 0.103496 0.109254 0.0202719
2 0.763005 0.430337 0.0950718 0.101413 0.0195946
0 0.772253 0.431637 0.0729731 0.0991819 0.0195059
2 0.831639 0.436835 0.0200844 0.0234502 0.0175877
2 0.662696 0.430399 0.0428041 0.0726331 0.0170664
2 0.982983 0.340228 0.0340332 0.0578757 0.0158549
2 0.832862 0.434494 0.0243999 0.0261017 0.0154493
2 0.941667 0.454956 0.06441 0.057065 0.0130252
2 0.820595 0.351099 0.057415 0.0358435 0.0109496
34 0.350104 0.245174 0.105457 0.108561 0.0108271
35 0.382366 0.244449 0.0423914 0.0979159 0.0107325
7 0.903826 0.439234 0.0562487 0.028974 0.0106466
2 0.801931 0.350046 0.0959641 0.042923 0.0106154
2 0.82637 0.437016 0.0351566 0.0281307 0.0100796
2 0.807751 0.359055 0.0877317 0.0646757 0.00999522
2 0.860197 0.416145 0.271141 0.136884 0.00970757
7 0.671802 0.422541 0.0654024 0.0939637 0.00881439
2 0.778309 0.396437 0.047407 0.0340598 0.00872704
14 0.350197 0.244878 0.106517 0.108355 0.00859872
18 0.348472 0.244325 0.103496 0.109254 0.0084202
2 0.904186 0.452406 0.18276 0.0650501 0.00819248
33 0.470257 0.706969 0.181962 0.115217 0.00794891
0 0.774986 0.419089 0.0625228 0.0788727 0.00767702
7 0.87194 0.453663 0.120568 0.0566944 0.00759003
2 0.664658 0.400558 0.0497097 0.123138 0.00745037
7 0.859358 0.410227 0.278327 0.146931 0.00717738
2 0.879467 0.443812 0.115463 0.0450193 0.00706464
2 0.681156 0.428015 0.0519653 0.0617264 0.00678837
2 0.825746 0.42988 0.03564 0.0376235 0.00674886
0 0.832862 0.434494 0.0243999 0.0261017 0.00673491
2 0.832049 0.450384 0.215693 0.0710725 0.00600222
0 0.734101 0.446234 0.0296268 0.0614445 0.0058679
2 0.981919 0.46691 0.0239429 0.0328346 0.00579461
2 0.787642 0.43083 0.128138 0.101768 0.00575587
54 0.349922 0.244601 0.106542 0.108906 0.00566471
2 0.547719 0.441568 0.0695992 0.0562158 0.00562161
2 0.908223 0.426039 0.0672054 0.0573736 0.00560531
35 0.387827 0.229814 0.0294536 0.0632571 0.00548178
35 0.387924 0.221024 0.0277132 0.0453339 0.00536764
7 0.672734 0.404367 0.0668463 0.126088 0.00513387
34 0.351295 0.407006 0.0283599 0.224787 0.00503114
0 0.353505 0.389537 0.0456451 0.26611 0.00503045
7 0.891081 0.448685 0.0806572 0.0469566 0.00492722
7 0.846367 0.42388 0.24644 0.114526 0.00484997
0 0.831639 0.436835 0.0200844 0.0234502 0.0047701
2 0.834356 0.431516 0.220332 0.106635 0.00473785
7 0.904186 0.452406 0.18276 0.0650501 0.00467318
7 0.665538 0.421694 0.0509029 0.0706908 0.00461757
7 0.909955 0.449666 0.0706261 0.0493567 0.00460574
35 0.339044 0.241434 0.0730278 0.094651 0.00452909
0 0.981919 0.46691 0.0239429 0.0328346 0.00450835
7 0.962197 0.455647 0.0726276 0.0586194 0.00449118
7 0.763005 0.430337 0.0950718 0.101413 0.00443295
7 0.856731 0.402 0.226942 0.115256 0.00434074
2 0.875283 0.419974 0.117373 0.0540933 0.00422305
0 0.778095 0.401272 0.0529797 0.0291068 0.00421298
2 0.864214 0.426226 0.0808394 0.0416012 0.00408977
7 0.730013 0.402477 0.182547 0.136623 0.00396952
33 0.350104 0.245174 0.105457 0.108561 0.00394517
27 0.349746 0.244712 0.105194 0.110378 0.00391358
2 0.922609 0.422743 0.0947823 0.0611649 0.00391147
2 0.781573 0.383385 0.0555798 0.0560942 0.00391114
25 0.983423 0.340103 0.0331541 0.0575708 0.00389934
2 0.742086 0.401567 0.186441 0.150143 0.00386989
2 0.791999 0.359581 0.0331495 0.0293117 0.00383529
2 0.802797 0.384245 0.0790252 0.0381737 0.00381693
2 0.558878 0.439719 0.0963438 0.0614854 0.00379893
7 0.659306 0.415463 0.0381042 0.0484865 0.0037854
2 0.675532 0.445572 0.0622049 0.0506692 0.00377804
0 0.317114 0.430113 0.033052 0.140435 0.00374675
34 0.488009 0.704926 0.1484 0.112701 0.0037401
2 0.810247 0.382682 0.115474 0.0590136 0.00373405
7 0.891675 0.415303 0.198721 0.111328 0.00367627
2 0.828468 0.353047 0.0571125 0.0332183 0.00357336
2 0.946744 0.457218 0.0396574 0.0541847 0.00356835
2 0.860694 0.418178 0.0733561 0.0560207 0.00344917
52 0.349746 0.244712 0.105194 0.110378 0.00343436
7 0.936156 0.454422 0.125088 0.0610868 0.00338531
0 0.598637 0.417377 0.0319508 0.109185 0.00331363
7 0.832049 0.450384 0.215693 0.0710725 0.00331244
2 0.673687 0.398113 0.0681665 0.133932 0.00328308
36 0.348472 0.244325 0.103496 0.109254 0.0032739
5 0.859358 0.410227 0.278327 0.146931 0.00303492
2 0.726171 0.418256 0.172525 0.117581 0.00302178
2 0.780517 0.406866 0.139763 0.144599 0.00296938
2 0.832352 0.42184 0.0305542 0.0539323 0.00296733
34 0.359415 0.352662 0.0824245 0.32872 0.00290942
2 0.5441 0.441615 0.0581908 0.037588 0.00289443
2 0.774986 0.419089 0.0625228 0.0788727 0.00288987
0 0.857983 0.352552 0.0207253 0.0267288 0.0028702
2 0.801559 0.37337 0.104813 0.0964917 0.00274578
77 0.348472 0.244325 0.103496 0.109254 0.00273025
0 0.354523 0.355405 0.0939786 0.33193 0.00270423
7 0.6606 0.428521 0.0399175 0.0739216 0.00268611
2 0.861859 0.436982 0.0833183 0.0329724 0.00268185
0 0.330357 0.408957 0.0711217 0.224862 0.00267988
2 0.693751 0.446179 0.0381523 0.0608829 0.00262165
32 0.387924 0.221024 0.0277132 0.0453339 0.00259334
2 0.772798 0.405058 0.0666452 0.0544652 0.00257015
0 0.781751 0.394699 0.0471169 0.0361212 0.00255987
2 0.863813 0.398064 0.244288 0.132182 0.00248888
0 0.716868 0.916344 0.0169275 0.162424 0.00243443
2 0.82288 0.400929 0.160635 0.143666 0.00240165
0 0.29945 0.396209 0.126064 0.251548 0.00238267
2 0.945738 0.447755 0.0739555 0.0728765 0.00235397
7 0.787642 0.43083 0.128138 0.101768 0.0023143
2 0.556024 0.429384 0.020249 0.0311115 0.00231242
2 0.982916 0.465786 0.0325691 0.0374706 0.00225827
7 0.82288 0.400929 0.160635 0.143666 0.00221404
0 0.307605 0.428118 0.0307337 0.145356 0.00219074
50 0.349746 0.244712 0.105194 0.110378 0.00218678
0 0.793309 0.434462 0.101113 0.0946384 0.00214106
16 0.350197 0.244878 0.106517 0.108355 0.00213629
0 0.349746 0.244712 0.105194 0.110378 0.00211307
34 0.232591 0.389013 0.0697403 0.251065 0.00207305
2 0.891675 0.415303 0.198721 0.111328 0.00205418
2 0.959649 0.436441 0.0803888 0.0984681 0.00201607
34 0.906179 0.89812 0.0200138 0.199824 0.001959
25 0.350595 0.405112 0.025713 0.209989 0.00192976
34 0.383106 0.244059 0.0398961 0.0939653 0.00191683
7 0.659867 0.411029 0.0400295 0.0731592 0.001901
2 0.856906 0.389618 0.28471 0.187683 0.00187236
7 0.788293 0.404253 0.139721 0.152551 0.00187126
0 0.832352 0.42184 0.0305542 0.0539323 0.0018709
2 0.840543 0.387309 0.084424 0.0457092 0.00186348
65 0.348472 0.244325 0.103496 0.109254 0.00185174
7 0.820212 0.392417 0.350626 0.180281 0.00181365
2 0.857873 0.406159 0.0747324 0.080201 0.00180724
2 0.918087 0.378908 0.111862 0.02612 0.0018042
2 0.845181 0.382378 0.201442 0.113726 0.00178492
2 0.556545 0.43221 0.0781828 0.0475179 0.00177416
7 0.903552 0.43495 0.184631 0.0957452 0.00177324
34 0.717588 0.916782 0.0162215 0.160659 0.00176921
2 0.734376 0.443358 0.0316853 0.0701004 0.00175324
2 0.896892 0.402819 0.166558 0.0879448 0.00174993
2 0.791367 0.443663 0.111725 0.0772457 0.00173298
46 0.350197 0.244878 0.106517 0.108355 0.00173122
7 0.921066 0.452806 0.0914841 0.0571298 0.00168282
0 0.296731 0.43016 0.0498711 0.153949 0.00167602
2 0.797555 0.390722 0.0861597 0.0451249 0.0016728
2 0.564501 0.419882 0.107085 0.103135 0.00162587
2 0.886543 0.393009 0.197514 0.0659093 0.0016138
2 0.788123 0.367948 0.0290152 0.0438836 0.00158986
7 0.674032 0.432858 0.0645954 0.0686609 0.00157163
2 0.544775 0.450826 0.0605934 0.0443504 0.00154921
2 0.892682 0.377781 0.167124 0.0355385 0.00148475
0 0.945738 0.447755 0.0739555 0.0728765 0.00147757
7 0.845181 0.382378 0.201442 0.113726 0.00145912
32 0.242925 0.291217 0.0232594 0.0394726 0.00142884
34 0.253499 0.269043 0.0559466 0.0289789 0.0014087
0 0.667497 0.348105 0.0260226 0.0286537 0.00140381
0 0.71329 0.440368 0.0640293 0.079417 0.00135139
2 0.97841 0.395519 0.0430712 0.173529 0.00135061
2 0.661654 0.388968 0.0410424 0.105713 0.00134766
7 0.922609 0.422743 0.0947823 0.0611649 0.00134739
24 0.229088 0.307778 0.059644 0.0785617 0.00133845
2 0.927095 0.395943 0.0984184 0.0573498 0.00129646
7 0.675763 0.435529 0.0596824 0.0418298 0.00128755
2 0.916905 0.426227 0.092001 0.0824492 0.00128385
7 0.957827 0.395829 0.0827492 0.174445 0.00128344
2 0.966381 0.395188 0.0671169 0.174845 0.00128275
0 0.825746 0.42988 0.03564 0.0376235 0.00124535
2 0.78326 0.432958 0.423444 0.106399 0.00124177
2 0.778095 0.401272 0.0529797 0.0291068 0.00121096
2 0.944434 0.431126 0.0833313 0.117723 0.00120851
7 0.908223 0.426039 0.0672054 0.0573736 0.0011991
2 0.544414 0.4341 0.060384 0.0438564 0.00119498
29 0.254487 0.266946 0.0572516 0.0271969 0.00119138
0 0.946744 0.457218 0.0396574 0.0541847 0.00118703
39 0.348472 0.244325 0.103496 0.109254 0.00118703
34 0.295535 0.297758 0.19273 0.0945208 0.00118423
7 0.807751 0.359055 0.0877317 0.0646757 0.00118232
29 0.229577 0.297751 0.0575296 0.062144 0.00116414
7 0.933409 0.432456 0.130162 0.102512 0.00115603
0 0.815712 0.649517 0.202396 0.292521 0.00115165
0 0.304196 0.354521 0.201122 0.322024 0.00113925
7 0.734486 0.43043 0.157053 0.102294 0.00113839
29 0.386669 0.220153 0.0311865 0.0464923 0.00113681
0 0.371848 0.354865 0.0687148 0.296661 0.00113219
0 0.772798 0.405058 0.0666452 0.0544652 0.00111616
67 0.349746 0.244712 0.105194 0.110378 0.00107801
0 0.82637 0.437016 0.0351566 0.0281307 0.00107774
7 0.896892 0.402819 0.166558 0.0879448 0.00107512
7 0.689945 0.43828 0.0304598 0.0333903 0.00106508
26 0.350197 0.244878 0.106517 0.108355 0.00106159
2 0.689672 0.447798 0.0349587 0.0497002 0.00105843
34 0.387827 0.229814 0.0294536 0.0632571 0.0010578
7 0.726006 0.37056 0.175286 0.195109 0.00105119
34 0.231018 0.31389 0.067168 0.0998917 0.00104991
7 0.613303 0.407796 0.190133 0.123785 0.00104991
2 0.903552 0.43495 0.184631 0.0957452 0.00104502
34 0.306683 0.248299 0.195434 0.108621 0.00103197
29 0.229682 0.299944 0.0463054 0.0495321 0.00102586
7 0.801559 0.37337 0.104813 0.0964917 0.00102547
0 0.699558 0.438011 0.0549899 0.0892403 0.00102219
2 0.933409 0.432456 0.130162 0.102512 0.00101086
38 0.666568 0.0781017 0.0798634 0.156138 0.001008
34 0.354465 0.36207 0.018134 0.138332 0.00100595
0 0.962677 0.458107 0.0738632 0.0534091 0.0010047
5 0.665538 0.421694 0.0509029 0.0706908 0.00100255
