4 0.473072 0.537385 0.466817 0.200699 0.833908
6 0.329572 0.887009 0.155087 0.195033 0.0464688
7 0.716131 0.930519 0.0226952 0.0394632 0.0271118
2 0.716131 0.930519 0.0226952 0.0394632 0.023074
2 0.292834 0.681929 0.0464262 0.0233858 0.0225013
0 0.653792 0.618917 0.00931473 0.0229871 0.0197076
7 0.522607 0.884019 0.100288 0.201159 0.0169377
2 0.0290146 0.448299 0.0197368 0.0276946 0.0168058
7 0.29326 0.682812 0.0434818 0.022153 0.01592
2 0.119211 0.968831 0.0342843 0.0331455 0.0153519
2 0.0860433 0.450368 0.0199245 0.0207807 0.0149416
2 0.0427184 0.452531 0.0342294 0.0240483 0.014637
2 0.308875 0.875299 0.0226185 0.0308029 0.0128062
4 0.512123 0.583254 0.390784 0.120914 0.0122636
7 0.713352 0.918617 0.0304733 0.06305 0.0107307
2 0.120124 0.97468 0.0347228 0.0292449 0.0104632
2 0.694469 0.826816 0.0167438 0.0330934 0.0103211
2 0.0935725 0.452266 0.0303194 0.0210936 0.00915155
58 0.944598 0.967687 0.0642357 0.0482643 0.00889164
2 0.0189753 0.482309 0.0367391 0.0320662 0.00872341
2 0.0534231 0.454343 0.0350584 0.0207083 0.00865272
2 0.347657 0.784877 0.0199858 0.0221703 0.0083771
6 0.315014 0.897196 0.120514 0.17205 0.00815231
7 0.707355 0.914202 0.0422298 0.0822533 0.00768942
7 0.715423 0.805741 0.0458744 0.0782046 0.00744471
7 0.663745 0.960229 0.0941393 0.0419452 0.00722164
2 0.0682109 0.453692 0.0430144 0.0197475 0.00700411
7 0.642347 0.955423 0.0488729 0.0320163 0.00580424
0 0.408557 0.791813 0.0182911 0.0280825 0.00545937
6 0.233141 0.879479 0.338782 0.215075 0.00531381
7 0.988426 0.866923 0.0231471 0.112627 0.00521505
4 0.33052 0.886714 0.157511 0.197369 0.00470611
7 0.347657 0.784877 0.0199858 0.0221703 0.0046359
7 0.508702 0.616182 0.0873863 0.0444109 0.00454301
2 0.0208272 0.451841 0.0307979 0.0286755 0.00418818
6 0.523144 0.883975 0.0991591 0.199952 0.00408506
4 0.488761 0.617862 0.133904 0.0541679 0.0037843
2 0.266268 0.938104 0.0157144 0.0244701 0.0037818
2 0.097593 0.454535 0.0263981 0.0263458 0.00370422
2 0.293828 0.874758 0.0616429 0.0534743 0.00367966
7 0.651537 0.955498 0.070204 0.0337437 0.0035311
4 0.637461 0.561795 0.126994 0.055389 0.00350872
2 0.0240612 0.44857 0.0430022 0.0325541 0.00348499
0 0.411169 0.78942 0.0141335 0.0257548 0.00342402
5 0.523144 0.883975 0.0991591 0.199952 0.00341463
4 0.236612 0.868163 0.333097 0.239004 0.00337136
0 0.614864 0.56099 0.0247722 0.0317764 0.00326943
4 0.472893 0.570615 0.523017 0.12201 0.00324088
4 0.454651 0.56348 0.436846 0.150762 0.00317422
2 0.718176 0.831026 0.0469665 0.0438198 0.00313684
2 0.990806 0.889717 0.0183876 0.0274067 0.0030593
5 0.325823 0.889182 0.14135 0.181752 0.00305107
4 0.544643 0.616822 0.210769 0.0557364 0.00303257
7 0.700373 0.918333 0.0277523 0.0629159 0.00295734
2 0.2743 0.871541 0.0214149 0.0350866 0.00272891
0 0.382492 0.982412 0.0115473 0.0315398 0.00267175
2 0.989892 0.902598 0.020215 0.0344719 0.00260699
2 0.0395983 0.445629 0.0385528 0.0277411 0.00258711
0 0.151531 0.939054 0.0152718 0.0266435 0.00254658
4 0.600731 0.582157 0.210107 0.105693 0.00252825
2 0.116211 0.965879 0.0406197 0.0446085 0.00245091
2 0.694299 0.820283 0.01521 0.0313383 0.00242427
6 0.280369 0.900098 0.188307 0.172887 0.00241464
7 0.119211 0.968831 0.0342843 0.0331455 0.00241256
2 0.382492 0.982412 0.0115473 0.0315398 0.00230598
4 0.547464 0.574593 0.315866 0.0944156 0.00227937
2 0.291199 0.886727 0.061034 0.0716602 0.00223577
2 0.30907 0.87276 0.0279834 0.0394319 0.00222185
7 0.308875 0.875299 0.0226185 0.0308029 0.00221694
9 0.694299 0.820283 0.01521 0.0313383 0.00221384
2 0.27215 0.902004 0.0287315 0.103791 0.00218761
4 0.464666 0.451727 0.155477 0.085128 0.00214797
2 0.715423 0.805741 0.0458744 0.0782046 0.00212336
2 0.681938 0.824249 0.0343719 0.0403964 0.00209555
7 0.990806 0.889717 0.0183876 0.0274067 0.00205794
9 0.347657 0.784877 0.0199858 0.0221703 0.00201684
7 0.718176 0.831026 0.0469665 0.0438198 0.00201353
4 0.637644 0.569163 0.129684 0.0778496 0.00200808
0 0.409283 0.787158 0.0170045 0.0334694 0.00196433
4 0.52653 0.616656 0.397769 0.059977 0.00193089
2 0.903996 0.476582 0.0241917 0.0208529 0.00192752
2 0.713352 0.918617 0.0304733 0.06305 0.00191155
2 0.27044 0.915902 0.0279916 0.0732369 0.00188905
7 0.724629 0.934733 0.0448032 0.0629756 0.00186932
4 0.538937 0.871496 0.759402 0.243508 0.00185981
2 0.272452 0.880619 0.0231139 0.0436885 0.00183186
2 0.777335 0.715919 0.0197289 0.026516 0.00182283
4 0.647048 0.86839 0.347392 0.24298 0.00182256
6 0.323344 0.854038 0.0931724 0.0564601 0.00180104
0 0.556092 0.963102 0.0164779 0.0276652 0.00179976
2 0.371733 0.984084 0.0311952 0.0269356 0.0017876
9 0.653792 0.618917 0.00931473 0.0229871 0.00177976
4 0.530129 0.837926 0.888586 0.310549 0.00176781
2 0.556478 0.97882 0.0346598 0.0167901 0.00175738
2 0.057031 0.470621 0.0557066 0.0398877 0.00175169
6 0.303214 0.908636 0.0842648 0.114352 0.00174612
7 0.116211 0.965879 0.0406197 0.0446085 0.00174522
0 0.390577 0.983562 0.0151078 0.0290655 0.00173953
7 0.709145 0.894698 0.0441802 0.112451 0.00172922
7 0.515572 0.616101 0.0581306 0.040954 0.00172099
6 0.315554 0.917471 0.112894 0.128431 0.00170001
2 0.305558 0.861737 0.0673735 0.0655601 0.00169399
2 0.551481 0.792797 0.0291694 0.0249038 0.0016813
4 0.656969 0.458182 0.0635621 0.0881037 0.00167596
2 0.0842545 0.445276 0.0222461 0.0243897 0.00167421
7 0.726482 0.943568 0.052774 0.0873587 0.0016636
2 0.556092 0.963102 0.0164779 0.0276652 0.0016588
7 0.293828 0.874758 0.0616429 0.0534743 0.00162393
4 0.578343 0.44479 0.253049 0.118204 0.00161749
7 0.305558 0.861737 0.0673735 0.0655601 0.00159615
0 0.746378 0.921104 0.012339 0.0417817 0.00157502
0 0.694299 0.820283 0.01521 0.0313383 0.00157192
2 0.787775 0.490303 0.0265375 0.0238689 0.00155249
4 0.512034 0.54779 0.53021 0.107042 0.00154778
2 0.988426 0.866923 0.0231471 0.112627 0.00149876
7 0.479553 0.616781 0.141599 0.047937 0.00148562
4 0.5018 0.559164 0.422955 0.124655 0.00147888
7 0.69597 0.939851 0.0155033 0.0207505 0.00147116
2 0.777941 0.714369 0.0250494 0.0314236 0.00144675
7 0.671379 0.963962 0.115037 0.057288 0.00144604
6 0.431632 0.825101 0.795315 0.321736 0.00144371
2 0.0546889 0.443123 0.0325652 0.0226946 0.0014362
4 0.633847 0.448374 0.140492 0.112766 0.00143418
2 0.69597 0.939851 0.0155033 0.0207505 0.00141081
7 0.679977 0.895357 0.0910218 0.107655 0.00139883
5 0.663745 0.960229 0.0941393 0.0419452 0.00139526
4 0.619237 0.40332 0.747927 0.616308 0.00138918
7 0.723464 0.894194 0.0471012 0.108643 0.00137648
7 0.30907 0.87276 0.0279834 0.0394319 0.00136748
2 0.151531 0.939054 0.0152718 0.0266435 0.00135535
4 0.514108 0.603357 0.393999 0.0941073 0.00135162
4 0.645601 0.558802 0.104 0.0430506 0.00134099
2 0.271745 0.872185 0.0241829 0.0411239 0.00133264
2 0.551324 0.963445 0.0259068 0.0363828 0.00132507
8 0.715768 0.932835 0.0230421 0.0379485 0.00132287
2 0.545568 0.981136 0.0209968 0.0205118 0.00131962
4 0.865893 0.589994 0.0361816 0.0170111 0.00131357
2 0.00823949 0.454326 0.0127309 0.0227227 0.0013116
2 0.523085 0.984483 0.0395447 0.0239821 0.00130942
4 0.618917 0.443783 0.188758 0.118579 0.00130859
7 0.733013 0.896492 0.0464973 0.110564 0.00130206
7 0.325823 0.889182 0.14135 0.181752 0.00129527
7 0.695347 0.911599 0.0188257 0.074265 0.00127912
7 0.713581 0.794195 0.0311037 0.0538923 0.00127333
7 0.27215 0.902004 0.0287315 0.103791 0.00127143
2 0.637985 0.954019 0.0440916 0.0300689 0.00126526
7 0.724004 0.948138 0.0675993 0.0726136 0.00125638
5 0.280369 0.900098 0.188307 0.172887 0.00124705
2 0.092886 0.44622 0.0342403 0.026119 0.0012385
6 0.31432 0.861095 0.0788783 0.0639552 0.00123817
2 0.682769 0.821055 0.0268805 0.0394042 0.00123405
5 0.285802 0.899729 0.0551045 0.107749 0.00123119
7 0.128959 0.951524 0.0565531 0.0731063 0.00123039
7 0.118585 0.952959 0.0378555 0.0686126 0.00122067
5 0.303214 0.908636 0.0842648 0.114352 0.00121167
7 0.670719 0.492297 0.0377811 0.0247707 0.00120622
4 0.648677 0.217075 0.202058 0.0866118 0.00119796
0 0.00823949 0.454326 0.0127309 0.0227227 0.00119638
4 0.674308 0.214079 0.153644 0.0749232 0.00118771
7 0.238718 0.77615 0.0382646 0.0309787 0.00117445
7 0.14779 0.880395 0.0271568 0.0625457 0.00117439
2 0.296952 0.864421 0.0639651 0.073727 0.00117153
8 0.120124 0.97468 0.0347228 0.0292449 0.00116599
4 0.513449 0.45448 0.491219 0.101717 0.00114828
7 0.291199 0.886727 0.061034 0.0716602 0.00113693
7 0.474501 0.886274 0.198805 0.208724 0.00113571
4 0.592612 0.231191 0.143144 0.0802705 0.00113237
7 0.303214 0.908636 0.0842648 0.114352 0.0011228
0 0.150532 0.946648 0.0197869 0.0428154 0.00111109
6 0.538937 0.871496 0.759402 0.243508 0.00111094
7 0.120124 0.97468 0.0347228 0.0292449 0.00110897
2 0.670719 0.492297 0.0377811 0.0247707 0.00110474
4 0.466445 0.426231 0.300063 0.13593 0.00110418
0 0.391323 0.895084 0.0205391 0.0384111 0.00109759
0 0.12948 0.890852 0.0166704 0.03875 0.00108874
2 0.390577 0.983562 0.0151078 0.0290655 0.00108856
7 0.286666 0.901962 0.0610532 0.108718 0.00108346
7 0.296952 0.864421 0.0639651 0.073727 0.00107166
58 0.953402 0.970416 0.0856552 0.0534847 0.0010598
62 0.219614 0.25945 0.437528 0.5189 0.00105393
50 0.943865 0.966349 0.0583038 0.0450019 0.00104415
6 0.663745 0.960229 0.0941393 0.0419452 0.00103629
0 0.60794 0.561253 0.0255667 0.0303016 0.00101739
0 0.347657 0.784877 0.0199858 0.0221703 0.00100517
2 0.12948 0.890852 0.0166704 0.03875 0.00100434
7 0.028525 0.445509 0.0172422 0.0267373 0.00100237
