20 0.362864 0.669685 0.104182 0.196567 0.749828
20 0.0431968 0.690592 0.0837055 0.134493 0.549677
20 0.558545 0.721367 0.0634059 0.106404 0.47653
20 0.247934 0.696047 0.0754877 0.152403 0.442305
20 0.65165 0.689139 0.107182 0.176336 0.433045
22 0.787592 0.691523 0.114012 0.180297 0.376168
20 0.167556 0.712009 0.0565348 0.105254 0.228873
20 0.159415 0.726041 0.0402421 0.0654558 0.142724
22 0.651453 0.688963 0.107313 0.175917 0.104737
22 0.684352 0.692754 0.0466513 0.1481 0.0779513
20 0.787627 0.692869 0.114295 0.179459 0.0746966
20 0.270549 0.689972 0.0973341 0.149581 0.0696985
19 0.558373 0.721459 0.0651134 0.102164 0.0511699
20 0.155957 0.733437 0.0345697 0.05608 0.0450642
22 0.836531 0.714703 0.0241343 0.0995365 0.0441895
22 0.557596 0.720686 0.0636129 0.105143 0.0424119
20 0.410342 0.700856 0.0316622 0.134588 0.041147
22 0.412224 0.701727 0.0363873 0.133109 0.0409541
22 0.297803 0.694408 0.0482073 0.139199 0.0366337
22 0.697416 0.689335 0.0231394 0.148077 0.0341408
20 0.169916 0.700111 0.0657855 0.116949 0.028154
22 0.24854 0.69619 0.0752208 0.150499 0.0212241
22 0.822615 0.6847 0.0515095 0.181603 0.0184268
22 0.717169 0.68871 0.0558567 0.13829 0.0180871
22 0.0435835 0.692435 0.0836077 0.139895 0.0179703
22 0.479441 0.698717 0.0403662 0.0829118 0.0174723
22 0.837489 0.676957 0.0277889 0.173478 0.0161676
20 0.299514 0.681418 0.0491027 0.150696 0.0157116
20 0.153615 0.708051 0.0863991 0.111577 0.0155191
22 0.896804 0.693976 0.0281143 0.0670149 0.0134109
20 0.0861998 0.648982 0.0307855 0.0740489 0.0131394
22 0.287352 0.694955 0.0340056 0.138912 0.0129502
22 0.896195 0.682817 0.0350885 0.0906377 0.012387
22 0.90197 0.693553 0.0324507 0.0724335 0.0122176
19 0.247573 0.693438 0.0747751 0.14695 0.0120278
20 0.386274 0.672097 0.0705277 0.192806 0.0118495
20 0.634333 0.691222 0.0740538 0.167142 0.0102302
22 0.843925 0.714676 0.0364601 0.103369 0.00995588
22 0.42698 0.697135 0.0608059 0.125963 0.00985679
22 0.303076 0.678583 0.038995 0.103925 0.00971794
22 0.888953 0.692153 0.0487228 0.0811708 0.00966272
19 0.0434517 0.689608 0.0803873 0.136233 0.00948659
20 0.1546 0.689841 0.0888521 0.0980741 0.0091083
19 0.159415 0.726041 0.0402421 0.0654558 0.00895688
20 0.6821 0.69118 0.0479572 0.164195 0.00895157
22 0.488964 0.704586 0.0241787 0.0640461 0.00892469
19 0.787743 0.692232 0.11444 0.170965 0.00833252
20 0.940352 0.545348 0.0401077 0.11511 0.00826335
22 0.82538 0.631835 0.05399 0.089103 0.00690696
22 0.0897413 0.653743 0.0261915 0.0789586 0.00689626
20 0.945058 0.553484 0.0296078 0.115865 0.00682408
22 0.474503 0.706686 0.0344992 0.0612527 0.00665578
22 0.681144 0.710651 0.0509777 0.121332 0.00626916
22 0.289566 0.717851 0.0240503 0.0949402 0.00619042
22 0.0859227 0.640491 0.0332154 0.0764704 0.00589472
22 0.36323 0.670911 0.104306 0.196474 0.00588724
18 0.65165 0.689139 0.107182 0.176336 0.00586298
20 0.309219 0.689909 0.0648424 0.157981 0.00576255
22 0.713889 0.660982 0.0438587 0.0792859 0.00566995
22 0.167756 0.709601 0.0558846 0.109302 0.00545961
22 0.918793 0.702087 0.0264278 0.079014 0.00543693
18 0.787743 0.692232 0.11444 0.170965 0.0054135
20 0.303076 0.678583 0.038995 0.103925 0.00537094
22 0.456974 0.702801 0.0796247 0.0929821 0.00509071
17 0.558373 0.721459 0.0651134 0.102164 0.00471294
22 0.942508 0.553087 0.0404831 0.12584 0.0046953
20 0.18149 0.699355 0.0321459 0.109634 0.00442922
2 0.0687973 0.477377 0.0685573 0.0542658 0.00424129
19 0.299925 0.693777 0.0444878 0.138981 0.00423023
22 0.264748 0.693722 0.109029 0.150395 0.00421342
22 0.904204 0.685291 0.0501259 0.101414 0.00412166
19 0.155957 0.733437 0.0345697 0.05608 0.00412059
19 0.362864 0.672606 0.104119 0.197679 0.00402492
22 0.109772 0.67976 0.0566414 0.060192 0.00398335
18 0.24854 0.69619 0.0752208 0.150499 0.00398284
22 0.45541 0.709087 0.0637503 0.0664995 0.00384718
19 0.64612 0.689164 0.0982548 0.173479 0.00373814
25 0.277693 0.518677 0.0596025 0.0599506 0.00372216
0 0.410342 0.700856 0.0316622 0.134588 0.00370485
20 0.683785 0.710452 0.0454575 0.110129 0.00353384
18 0.558373 0.721459 0.0651134 0.102164 0.00352278
23 0.684352 0.692754 0.0466513 0.1481 0.00349098
20 0.287352 0.694955 0.0340056 0.138912 0.00346601
22 0.8435 0.624157 0.0237852 0.0698245 0.00326335
22 0.499332 0.698318 0.0320558 0.0771189 0.00318336
22 0.284119 0.722706 0.0243249 0.0882399 0.00310668
22 0.885424 0.695037 0.0697502 0.101179 0.00309283
22 0.124793 0.683651 0.0296722 0.051211 0.00308877
18 0.0435835 0.692435 0.0836077 0.139895 0.00306755
20 0.293867 0.691766 0.0450546 0.141776 0.00302771
22 0.502399 0.708851 0.0177232 0.052807 0.00299004
22 0.443814 0.69619 0.0905008 0.105537 0.0029383
22 0.869274 0.704387 0.0852161 0.0954501 0.00289744
20 0.104648 0.662074 0.0656907 0.077858 0.00288314
18 0.362864 0.672606 0.104119 0.197679 0.00282624
22 0.736966 0.713834 0.0225529 0.11538 0.00279054
19 0.303076 0.678583 0.038995 0.103925 0.00278822
19 0.167749 0.707674 0.0592329 0.10266 0.00265217
20 0.126206 0.682877 0.0265031 0.0492738 0.00263956
20 0.364388 0.605276 0.086913 0.0690405 0.0026333
22 0.698855 0.704029 0.0192341 0.125343 0.00257221
25 0.520554 0.544045 0.0345993 0.0540656 0.00250769
20 0.1398 0.694172 0.0672093 0.0712955 0.002498
20 0.215249 0.657298 0.0223742 0.0900303 0.00246581
2 0.787743 0.692232 0.11444 0.170965 0.00245726
22 0.77623 0.711336 0.0905846 0.138528 0.00241879
2 0.0871986 0.46707 0.0273946 0.0480772 0.0024178
19 0.0886739 0.646237 0.0287028 0.0736601 0.00230035
22 0.92673 0.700379 0.0295742 0.0797346 0.00220314
20 0.289566 0.717851 0.0240503 0.0949402 0.0021126
17 0.36323 0.670911 0.104306 0.196474 0.00209725
22 0.816519 0.710865 0.0560921 0.132965 0.00205705
22 0.205183 0.664655 0.0434506 0.106681 0.00205073
22 0.984628 0.524876 0.0266129 0.0753985 0.00200346
19 0.4116 0.703622 0.0319925 0.125962 0.00197753
18 0.410342 0.700856 0.0316622 0.134588 0.00191107
19 0.287352 0.694955 0.0340056 0.138912 0.00189254
17 0.78432 0.69245 0.109953 0.175877 0.00188476
20 0.32954 0.672331 0.0610455 0.188535 0.00187036
22 0.814634 0.627396 0.0325378 0.0654349 0.00186965
22 0.213726 0.661614 0.0257638 0.0996339 0.00178331
19 0.289566 0.717851 0.0240503 0.0949402 0.00177503
20 0.205183 0.664655 0.0434506 0.106681 0.0017643
20 0.0897413 0.653743 0.0261915 0.0789586 0.00175744
23 0.698659 0.688051 0.022369 0.148122 0.00174975
2 0.0849312 0.494662 0.0624659 0.0759792 0.00172642
19 0.684543 0.704506 0.0441641 0.126913 0.0017215
22 0.914465 0.704932 0.0326195 0.0880614 0.00171322
22 0.975372 0.533528 0.0430321 0.101455 0.00170317
20 0.341403 0.683853 0.0664465 0.166277 0.0016802
23 0.411403 0.701836 0.0345844 0.13168 0.00167736
13 0.787743 0.692232 0.11444 0.170965 0.00165638
2 0.0692646 0.481299 0.0804208 0.0671908 0.00164494
50 0.488964 0.704586 0.0241787 0.0640461 0.0016104
2 0.557596 0.720686 0.0636129 0.105143 0.00160724
22 0.844562 0.66603 0.0384743 0.159373 0.00159308
20 0.312597 0.695759 0.0280141 0.135968 0.00158048
20 0.0840677 0.632962 0.0363754 0.0780064 0.00157985
22 0.720243 0.677458 0.0484827 0.0990482 0.00156501
19 0.688394 0.68966 0.0390316 0.153473 0.00154909
22 0.18149 0.699355 0.0321459 0.109634 0.00149062
22 0.122606 0.688568 0.0372733 0.0596225 0.00148404
23 0.787743 0.692232 0.11444 0.170965 0.00146189
22 0.590059 0.692887 0.0326876 0.097674 0.00145778
20 0.384977 0.663242 0.0522579 0.173682 0.00142878
17 0.247573 0.693438 0.0747751 0.14695 0.00138867
22 0.902872 0.707031 0.0410187 0.0858494 0.00137064
22 0.0111178 0.708665 0.0205001 0.0986092 0.00135601
60 0.500431 0 0.999138 0 0.00134686
20 0.353193 0.622845 0.0891915 0.115516 0.00134552
59 0.489225 0 0.978451 0 0.001322
20 0.380973 0.619379 0.0569197 0.090949 0.00130254
22 0.0123903 0.722238 0.0219271 0.0732658 0.00127852
18 0.159415 0.726041 0.0402421 0.0654558 0.00125349
20 0.69717 0.68745 0.0237159 0.149866 0.00122723
19 0.69717 0.68745 0.0237159 0.149866 0.0012252
22 0.894483 0.704898 0.0533106 0.0916357 0.00117841
50 0.502399 0.708851 0.0177232 0.052807 0.00114906
14 0.0887273 0.649897 0.0283197 0.0728785 0.00113842
18 0.297803 0.694408 0.0482073 0.139199 0.00113311
20 0.588867 0.710541 0.0301449 0.105353 0.00107673
0 0.0872956 0.643282 0.0317652 0.0788461 0.00107315
20 0.44565 0.694279 0.0968079 0.111173 0.00107038
0 0.303085 0.681724 0.0372948 0.110987 0.00106317
22 0.910549 0.678951 0.055015 0.115522 0.00104988
14 0.757245 0.521474 0.0134975 0.0556611 0.00104588
20 0.361204 0.527042 0.0434867 0.0766355 0.001012
21 0.159415 0.726041 0.0402421 0.0654558 0.00101134
20 0.367245 0.526874 0.0319012 0.069831 0.00100279
