9 0.540361 0.333549 0.102875 0.0649978 0.884968
9 0.374026 0.355975 0.129064 0.10533 0.78212
2 0.12653 0.936952 0.252049 0.122976 0.719059
9 0.868236 0.362223 0.107765 0.119434 0.135867
9 0.819024 0.637779 0.21886 0.38011 0.00629503
9 0.717514 0.667117 0.0445242 0.18817 0.00521725
9 0.82617 0.510765 0.192225 0.133878 0.00496539
9 0.452307 0.350244 0.288433 0.108759 0.00403646
9 0.841085 0.713248 0.301562 0.535705 0.00391039
9 0.827629 0.579844 0.197498 0.272058 0.00265086
9 0.450629 0.382737 0.287917 0.183133 0.00253358
9 0.572051 0.332663 0.0384583 0.065094 0.00209725
9 0.162308 0.741373 0.32062 0.469862 0.00203466
0 0.471828 0.979658 0.0211232 0.0384339 0.00158185
9 0.738962 0.689494 0.08715 0.240552 0.00145867
62 0.540008 0.333078 0.103361 0.0668802 0.00145534
9 0.413868 0.353516 0.0483384 0.102687 0.00145456
9 0.504183 0.336497 0.029815 0.0596866 0.00132909
9 0.512745 0.329865 0.0474576 0.0518889 0.00122914
9 0.348576 0.699151 0.0343656 0.061622 0.00117606
0 0.597159 0.841402 0.0127065 0.0487732 0.00111979
0 0.478205 0.976576 0.0156614 0.0445528 0.00102073
