0 0.629446 0.533708 0.550787 0.909298 0.95306
27 0.658324 0.771282 0.148974 0.435822 0.888155
55 0.769399 0.821646 0.27397 0.337203 0.878821
40 0.448398 0.0804726 0.196233 0.156506 0.31242
27 0.65775 0.647276 0.148845 0.18704 0.0305087
67 0.827855 0.321195 0.0343748 0.0700454 0.0175571
60 0.474263 0.449106 0.933677 0.898212 0.015314
42 0.402697 0.780861 0.0612186 0.202356 0.0141471
40 0.4475 0.370128 0.198123 0.740256 0.0138678
27 0.64936 0.8408 0.0628958 0.299989 0.0121396
55 0.771703 0.757132 0.239008 0.198879 0.0113931
41 0.779258 0.624121 0.0548759 0.0879188 0.011275
42 0.834011 0.381675 0.0483675 0.19512 0.00926861
43 0.401799 0.776539 0.0622554 0.198276 0.0067704
42 0.415126 0.780961 0.0404301 0.194815 0.00621367
42 0.828122 0.319811 0.0326712 0.0680088 0.00618339
42 0.399636 0.747047 0.0611053 0.137161 0.00594383
67 0.827918 0.363046 0.0375763 0.155905 0.00534305
44 0.403332 0.780234 0.060705 0.203008 0.00528294
60 0.744285 0.816504 0.475045 0.344318 0.00507745
75 0.198628 0.314139 0.361502 0.619664 0.0037297
61 0.19846 0.312368 0.358627 0.616267 0.00288117
43 0.415126 0.780961 0.0404301 0.194815 0.00284621
40 0.447601 0.204954 0.197416 0.405629 0.0027414
44 0.415126 0.780961 0.0404301 0.194815 0.00253147
45 0.198628 0.314139 0.361502 0.619664 0.00250739
75 0.448026 0.0754046 0.196482 0.148067 0.00243458
60 0.315938 0.491087 0.622237 0.982175 0.00235462
42 0.410477 0.786979 0.0535109 0.174696 0.0023118
44 0.198628 0.314139 0.361502 0.619664 0.0022707
41 0.402267 0.775871 0.0637981 0.196173 0.00223252
65 0.402267 0.775871 0.0637981 0.196173 0.00206107
42 0.831823 0.396055 0.0400156 0.159814 0.00204775
41 0.448458 0.0748113 0.19659 0.146625 0.00202313
60 0.646038 0.817029 0.697213 0.349602 0.00193778
27 0.654898 0.799773 0.0606661 0.207092 0.00191194
42 0.826707 0.377528 0.0386452 0.186074 0.00158316
45 0.447545 0.0778872 0.197177 0.152627 0.00153843
64 0.198628 0.314139 0.361502 0.619664 0.00151479
67 0.403332 0.780234 0.060705 0.203008 0.00145471
55 0.768942 0.919648 0.275392 0.147864 0.00134805
27 0.652732 0.805096 0.0762713 0.37398 0.00133881
60 0.19586 0.491905 0.381828 0.980969 0.00124297
55 0.779258 0.624121 0.0548759 0.0879188 0.00118554
71 0.198628 0.314139 0.361502 0.619664 0.00113955
44 0.399636 0.747047 0.0611053 0.137161 0.00111422
0 0.845569 0.573173 0.119494 0.563425 0.00103986
65 0.415126 0.780961 0.0404301 0.194815 0.00100872
