4 0.501334 0.493795 0.996237 0.98355 0.973422
2 0.151605 0.483132 0.125067 0.0798176 0.841223
4 0.830294 0.274593 0.338445 0.126824 0.478494
7 0.831559 0.44641 0.0529535 0.0425894 0.454513
7 0.772421 0.440411 0.0475784 0.0530506 0.437065
2 0.831747 0.446666 0.0532629 0.0423973 0.253557
2 0.77233 0.440802 0.0476217 0.052257 0.118348
2 0.164725 0.432006 0.0346876 0.0193054 0.0882193
2 0.14074 0.453129 0.0792817 0.029195 0.0569825
2 0.76688 0.448552 0.0376861 0.0362913 0.0535364
2 0.164588 0.437734 0.0366928 0.0242703 0.0430075
2 0.856606 0.413885 0.0157454 0.0153229 0.0354425
7 0.856606 0.413885 0.0157454 0.0153229 0.0339867
0 0.473466 0.291622 0.0585628 0.0759665 0.0296026
0 0.586221 0.331523 0.051899 0.0297651 0.0247332
7 0.686023 0.406378 0.0228933 0.0202153 0.0230654
2 0.686015 0.406087 0.0233068 0.0202612 0.0187232
7 0.76688 0.448552 0.0376861 0.0362913 0.0178617
7 0.0684676 0.399776 0.136707 0.0716497 0.0169789
0 0.0716714 0.46107 0.0111438 0.0287582 0.0167781
5 0.772123 0.440122 0.0481287 0.053536 0.0150171
0 0.502732 0.285523 0.0650505 0.0828481 0.0121084
2 0.727266 0.411155 0.0218769 0.0149409 0.0112369
2 0.773264 0.424547 0.0425692 0.0238394 0.0104222
2 0.711849 0.407404 0.0217107 0.0193503 0.0103642
7 0.711938 0.407629 0.0202232 0.0185002 0.00969076
5 0.831389 0.446645 0.0528919 0.042658 0.00967836
2 0.66947 0.408618 0.0267536 0.0169238 0.00913021
2 0.716742 0.408376 0.0282263 0.0184185 0.00849655
2 0.142901 0.446171 0.0810738 0.0432171 0.00820929
7 0.853124 0.395298 0.0809689 0.048585 0.00793818
0 0.490525 0.28558 0.0934236 0.0847976 0.00750279
0 0.0688372 0.47124 0.018102 0.0565861 0.00745904
2 0.159525 0.447359 0.0468546 0.0335716 0.0065628
2 0.989948 0.403748 0.0175938 0.0140276 0.0064331
2 0.76303 0.405268 0.0320848 0.024688 0.00576985
2 0.127689 0.470776 0.0751261 0.0619706 0.00564268
7 0.165237 0.431555 0.0356656 0.0195328 0.00520986
7 0.773264 0.424547 0.0425692 0.0238394 0.00494578
7 0.76755 0.401982 0.0421941 0.0322335 0.00487131
2 0.789018 0.410722 0.037665 0.0186586 0.00453901
7 0.716742 0.408376 0.0282263 0.0184185 0.00442833
2 0.992048 0.402846 0.0145798 0.0152032 0.00441086
7 0.989948 0.403748 0.0175938 0.0140276 0.00393283
2 0.882162 0.446091 0.0291389 0.0150855 0.00385064
7 0.772785 0.401102 0.0566248 0.0361416 0.00369716
0 0.466178 0.300261 0.0721392 0.0603167 0.00362679
7 0.76303 0.405268 0.0320848 0.024688 0.00356567
2 0.961791 0.404644 0.020215 0.0131524 0.00356326
7 0.727266 0.411155 0.0218769 0.0149409 0.00342366
7 0.796957 0.409461 0.0266516 0.0200464 0.00341728
25 0.164725 0.432006 0.0346876 0.0193054 0.00324255
7 0.789018 0.410722 0.037665 0.0186586 0.00307649
2 0.786445 0.408112 0.0291493 0.0212354 0.00297225
2 0.76572 0.409955 0.0353329 0.0194358 0.00296971
2 0.796957 0.409461 0.0266516 0.0200464 0.00292981
7 0.992048 0.402846 0.0145798 0.0152032 0.00285611
10 0.0716714 0.46107 0.0111438 0.0287582 0.00277981
7 0.786445 0.408112 0.0291493 0.0212354 0.00273722
0 0.521072 0.284439 0.156781 0.106295 0.00273234
7 0.151605 0.483132 0.125067 0.0798176 0.00256485
2 0.745783 0.411488 0.0416635 0.0137097 0.00255376
7 0.137053 0.455412 0.0811894 0.0330679 0.002395
7 0.757835 0.399184 0.0649083 0.0374577 0.00238755
7 0.846336 0.415935 0.0329147 0.0179875 0.00237647
7 0.709375 0.405987 0.0319622 0.0211993 0.00231957
2 0.76755 0.401982 0.0421941 0.0322335 0.00200281
5 0.76688 0.448552 0.0376861 0.0362913 0.00199521
0 0.508936 0.28069 0.0455267 0.084615 0.00198588
7 0.745783 0.411488 0.0416635 0.0137097 0.00196397
7 0.961791 0.404644 0.020215 0.0131524 0.00191912
7 0.66947 0.408618 0.0267536 0.0169238 0.00178355
0 0.509371 0.285077 0.0926491 0.0893089 0.00174662
2 0.846336 0.415935 0.0329147 0.0179875 0.00172323
5 0.686023 0.406378 0.0228933 0.0202153 0.00170103
7 0.196035 0.447055 0.101883 0.0522018 0.00164866
4 0.76755 0.401982 0.0421941 0.0322335 0.00163046
7 0.741152 0.409905 0.0386447 0.0187477 0.0016064
4 0.76688 0.448552 0.0376861 0.0362913 0.00154024
0 0.623684 0.24527 0.0155305 0.0268995 0.00152382
26 0.0612084 0.460309 0.0174869 0.0300271 0.00148395
0 0.592962 0.341413 0.0682016 0.0552087 0.00140539
2 0.709375 0.405987 0.0319622 0.0211993 0.00137514
2 0.0639983 0.46026 0.0229276 0.031361 0.00135604
7 0.76572 0.409955 0.0353329 0.0194358 0.00134873
4 0.772785 0.401102 0.0566248 0.0361416 0.00134304
0 0.0639983 0.46026 0.0229276 0.031361 0.00132319
7 0.164588 0.437734 0.0366928 0.0242703 0.00132263
26 0.0716714 0.46107 0.0111438 0.0287582 0.00126055
0 0.584577 0.322316 0.0585689 0.0500186 0.00121489
9 0.0716714 0.46107 0.0111438 0.0287582 0.00120598
2 0.904085 0.402542 0.0196922 0.0146456 0.00118643
24 0.0720676 0.460698 0.0105368 0.0289875 0.00116917
2 0.192283 0.446772 0.103784 0.0510695 0.00115713
12 0.0716714 0.46107 0.0111438 0.0287582 0.00114477
4 0.757835 0.399184 0.0649083 0.0374577 0.00110793
4 0.633833 0.182928 0.724313 0.360223 0.00110212
7 0.904085 0.402542 0.0196922 0.0146456 0.00107223
7 0.882062 0.447033 0.0293549 0.0143145 0.00103423
