0 0.49765 0.516196 0.339029 0.842163 0.915669
28 0.837102 0.766031 0.323955 0.346519 0.862123
0 0.312679 0.66505 0.295095 0.542627 0.851289
56 0.837288 0.765349 0.322322 0.346593 0.0252352
62 0.836549 0.76583 0.324389 0.34629 0.0154464
56 0.529093 0.933521 0.937719 0.117138 0.0102745
59 0.56945 0.963185 0.856621 0.060877 0.00808713
69 0.837288 0.765349 0.322322 0.346593 0.00802681
59 0.530738 0.933455 0.931004 0.118904 0.0066402
57 0.837288 0.765349 0.322322 0.346593 0.00592187
13 0.528464 0.934253 0.93554 0.117902 0.0042471
57 0.529093 0.933521 0.937719 0.117138 0.00400484
0 0.200365 0.829257 0.0690886 0.208449 0.00243738
63 0.837288 0.765349 0.322322 0.346593 0.00221735
26 0.837288 0.765349 0.322322 0.346593 0.00217584
61 0.837288 0.765349 0.322322 0.346593 0.00185582
71 0.56945 0.963185 0.856621 0.060877 0.00171375
0 0.191088 0.762174 0.0460612 0.073896 0.00167149
28 0.530738 0.933455 0.931004 0.118904 0.00137097
37 0.56945 0.963185 0.856621 0.060877 0.00135234
59 0.837288 0.765349 0.322322 0.346593 0.00130904
57 0.56945 0.963185 0.856621 0.060877 0.00121114
37 0.528464 0.934253 0.93554 0.117902 0.001138
71 0.529725 0.934302 0.935022 0.117767 0.00107074
