0 0.518129 0.575354 0.237793 0.62776 0.920213
13 0.50905 0.676354 0.881423 0.416787 0.913014
26 0.53138 0.598499 0.0817652 0.0356172 0.0580133
73 0.510297 0.513018 0.0348907 0.0350356 0.0424869
26 0.520814 0.601646 0.105125 0.0403112 0.0330463
26 0.526266 0.553641 0.0901293 0.117532 0.0288875
13 0.248714 0.670675 0.358247 0.396026 0.0223223
13 0.372625 0.669482 0.606769 0.397164 0.0209607
67 0.510066 0.513636 0.0329483 0.0332085 0.0191429
73 0.499088 0.514709 0.0484905 0.0401403 0.0167629
73 0.517981 0.52747 0.0718853 0.0639982 0.0130368
11 0.0891374 0.0164582 0.0736524 0.0319675 0.011956
26 0.518103 0.608242 0.110645 0.0556547 0.00831133
26 0.506108 0.567948 0.141216 0.151253 0.00502223
13 0.567004 0.644539 0.706459 0.497759 0.00467652
73 0.513361 0.513921 0.0470434 0.0380142 0.00455657
73 0.52335 0.557376 0.100133 0.128104 0.00394356
11 0.143003 0.127443 0.0413692 0.0446437 0.00317425
67 0.504024 0.513605 0.0475073 0.0366033 0.00246429
67 0.696576 0.681786 0.0295406 0.0291337 0.00228968
9 0.214287 0.151075 0.0218594 0.0850201 0.00207502
41 0.696382 0.681779 0.0296888 0.0305626 0.00196272
67 0.510333 0.520572 0.0327755 0.0486718 0.00191861
13 0.659976 0.686219 0.577612 0.403002 0.00185996
24 0.526266 0.553641 0.0901293 0.117532 0.00148332
73 0.510764 0.520856 0.0324909 0.0488053 0.00147057
24 0.532715 0.597406 0.0811663 0.0369441 0.00144804
13 0.78743 0.68586 0.3238 0.399774 0.0012885
73 0.497317 0.558382 0.170513 0.13084 0.00119853
39 0.50867 0.51273 0.0371695 0.0341872 0.0010747
58 0.958735 0.797384 0.0726368 0.0858045 0.00105774
9 0.210822 0.145999 0.0265223 0.0735164 0.00103372
67 0.513361 0.513921 0.0470434 0.0380142 0.0010083
