0 0.497936 0.560101 0.992037 0.868445 0.965253
27 0.36739 0.634131 0.115722 0.394902 0.883248
27 0.984606 0.78357 0.0306153 0.42964 0.0222873
40 0.816601 0.438452 0.212299 0.115182 0.00835216
39 0.817143 0.438289 0.212084 0.114905 0.00730523
0 0.984904 0.789353 0.0299034 0.402715 0.00366315
27 0.984114 0.872618 0.0298315 0.254764 0.00248447
41 0.817143 0.438482 0.214455 0.114481 0.0019176
26 0.984873 0.796622 0.0297061 0.403299 0.00183246
27 0.984368 0.817686 0.0296934 0.280139 0.00172359
78 0.817143 0.438289 0.212084 0.114905 0.00124633
