16 0.614227 0.351545 0.545388 0.530151 0.89123
39 0.692022 0.589935 0.186548 0.23082 0.0821127
77 0.615155 0.351133 0.542119 0.530895 0.0337347
0 0.233092 0.710946 0.45955 0.555337 0.0212703
28 0.113064 0.543865 0.133511 0.158867 0.0188228
67 0.91187 0.347885 0.10114 0.0951242 0.0176274
24 0.232395 0.711458 0.462483 0.554347 0.0163431
32 0.691564 0.589613 0.186567 0.229975 0.0155738
26 0.232395 0.711458 0.462483 0.554347 0.0147869
56 0.0897479 0.790614 0.178008 0.405625 0.0140255
56 0.232395 0.711458 0.462483 0.554347 0.0128927
39 0.639398 0.586671 0.289191 0.236648 0.0125207
56 0.113221 0.544112 0.134469 0.159397 0.0122366
0 0.983303 0.717001 0.0328947 0.165935 0.010966
39 0.589974 0.59026 0.392015 0.253098 0.0101801
24 0.113218 0.543954 0.134121 0.159069 0.00891536
35 0.231751 0.708892 0.461128 0.55562 0.00858858
41 0.692022 0.589935 0.186548 0.23082 0.00807247
28 0.232401 0.711868 0.462248 0.554199 0.00789803
78 0.531818 0.6874 0.236892 0.229104 0.00735328
77 0.233092 0.710946 0.45955 0.555337 0.00624195
15 0.614846 0.351088 0.544607 0.526564 0.00568736
65 0.92533 0.343015 0.0723438 0.0825712 0.00406867
32 0.256443 0.377953 0.0840417 0.119535 0.00404423
55 0.232479 0.709748 0.460013 0.554318 0.00400132
56 0.263245 0.544033 0.193737 0.225543 0.0039376
32 0.493296 0.685959 0.168553 0.209494 0.00388452
26 0.112961 0.544007 0.134046 0.158789 0.00384423
29 0.39883 0.468409 0.279938 0.315814 0.00373709
26 0.0888334 0.788175 0.176504 0.40235 0.00346348
64 0.690964 0.590114 0.188487 0.230289 0.00329009
78 0.691065 0.589249 0.186885 0.231411 0.0027853
45 0.690964 0.590114 0.188487 0.230289 0.00275618
67 0.924438 0.344295 0.0737053 0.0848956 0.00259349
65 0.911948 0.347573 0.0991558 0.0929871 0.00235981
24 0.0888334 0.788175 0.176504 0.40235 0.00235689
45 0.290773 0.815156 0.346041 0.347601 0.00231168
78 0.589974 0.59026 0.392015 0.253098 0.00223711
28 0.0935047 0.793341 0.18548 0.400532 0.00223133
57 0.113221 0.544112 0.134469 0.159397 0.00208497
64 0.91187 0.347885 0.10114 0.0951242 0.00206015
39 0.25725 0.377953 0.0840874 0.119786 0.00204009
56 0.546056 0.707992 0.846038 0.561985 0.0019975
0 0.884552 0.896605 0.230896 0.191637 0.00195032
56 0.979724 0.241995 0.0401945 0.32683 0.00194561
18 0.615155 0.351133 0.542119 0.530895 0.00193644
39 0.56864 0.613211 0.419034 0.365379 0.00186795
78 0.583293 0.623241 0.393088 0.366959 0.00185651
32 0.529624 0.690008 0.24015 0.231629 0.00185063
78 0.639398 0.586671 0.289191 0.236648 0.00184932
41 0.261213 0.54428 0.187857 0.226114 0.00184643
65 0.399178 0.467848 0.280571 0.321642 0.0018267
26 0.39957 0.467862 0.277895 0.32425 0.00179535
28 0.571382 0.455099 0.633009 0.726018 0.00178519
24 0.550398 0.578659 0.529619 0.464736 0.00167471
35 0.528568 0.689555 0.244254 0.233747 0.00166163
78 0.399178 0.467848 0.280571 0.321642 0.00160322
13 0.545823 0.698186 0.876494 0.57801 0.00157866
0 0.510848 0.708178 0.839714 0.559429 0.00142086
38 0.545823 0.698186 0.876494 0.57801 0.00141853
2 0.257605 0.378542 0.0845233 0.118929 0.00140926
21 0.615155 0.351133 0.542119 0.530895 0.00139454
56 0.0471259 0.784702 0.0929811 0.391076 0.00135925
64 0.983296 0.717305 0.0330589 0.163373 0.00135422
24 0.571382 0.455099 0.633009 0.726018 0.0013392
67 0.91508 0.388596 0.11153 0.1771 0.00123799
45 0.39957 0.467862 0.277895 0.32425 0.00119165
39 0.981815 0.187315 0.0358551 0.216635 0.00110167
56 0.981491 0.189306 0.0363514 0.222216 0.00106642
57 0.232395 0.711458 0.462483 0.554347 0.00106126
24 0.290495 0.814111 0.344096 0.347768 0.00104132
56 0.0277121 0.572264 0.0541537 0.1211 0.00102955
39 0.531818 0.6874 0.236892 0.229104 0.00102082
