1 0.127821 0.378572 0.254891 0.744991 0.949123
16 0.328684 0.76874 0.457325 0.2408 0.92537
0 0.746182 0.297593 0.050742 0.104116 0.668359
0 0.520242 0.292258 0.0280873 0.12997 0.608994
0 0.476214 0.289651 0.0364412 0.143655 0.494522
0 0.568544 0.283367 0.0285244 0.127511 0.292544
0 0.444776 0.295989 0.0266464 0.12261 0.266454
2 0.389094 0.309004 0.0308134 0.0487433 0.149491
0 0.75844 0.295528 0.0283352 0.0981435 0.0937134
0 0.44483 0.279364 0.0297935 0.116738 0.0764731
0 0.562272 0.283362 0.0328669 0.128985 0.0690769
0 0.737569 0.300794 0.0351533 0.0974461 0.0682532
0 0.431895 0.271561 0.0249363 0.145944 0.0644805
2 0.399746 0.30793 0.052396 0.052807 0.052489
0 0.442475 0.274658 0.0361308 0.157768 0.0514923
1 0.569304 0.314519 0.0183084 0.0647407 0.0434663
0 0.492444 0.286778 0.0196307 0.116394 0.042597
13 0.751441 0.298199 0.0439062 0.102245 0.0425524
0 0.434743 0.296283 0.0281734 0.116675 0.0326933
0 0.482753 0.288776 0.026343 0.138841 0.031835
0 0.575428 0.278201 0.0256885 0.128499 0.03053
0 0.5681 0.278994 0.0391674 0.135846 0.0286748
0 0.55497 0.273123 0.0195704 0.103299 0.0226933
1 0.556292 0.305381 0.0234241 0.0812839 0.0226187
1 0.562728 0.309407 0.0275085 0.0738828 0.0214401
0 0.553683 0.287972 0.0285931 0.117641 0.0202868
1 0.437312 0.301282 0.031617 0.112697 0.0198325
0 0.54488 0.290317 0.0215728 0.0856594 0.0189099
0 0.426786 0.270303 0.0284917 0.137645 0.0186643
0 0.491321 0.298115 0.0195246 0.0892423 0.0182967
1 0.547052 0.301213 0.0230667 0.0889618 0.0178781
0 0.450615 0.276725 0.0212746 0.0964976 0.0178157
0 0.494429 0.275566 0.0196951 0.11566 0.0171761
0 0.569381 0.308732 0.0181089 0.0764229 0.0163503
0 0.5765 0.254966 0.0225016 0.0825592 0.0151097
0 0.430616 0.240512 0.0191187 0.0838986 0.0137171
0 0.489991 0.311645 0.0204156 0.093094 0.0118535
0 0.734864 0.318629 0.0285667 0.0618633 0.0115386
0 0.592822 0.284175 0.0265244 0.101816 0.011491
0 0.579766 0.279283 0.0419891 0.132747 0.0111551
9 0.799558 0.0522515 0.0349331 0.0704058 0.010946
0 0.75795 0.27442 0.0264149 0.0625283 0.0104069
0 0.493385 0.243128 0.0177444 0.060283 0.0102294
0 0.57163 0.294567 0.0289064 0.104688 0.00969794
13 0.761234 0.329141 0.0256989 0.0382197 0.00951499
0 0.555558 0.254917 0.0193342 0.0698042 0.00951022
1 0.350399 0.331314 0.0218064 0.104117 0.00928274
0 0.539268 0.268293 0.0226917 0.0900257 0.008333
1 0.491321 0.298115 0.0195246 0.0892423 0.00774997
1 0.575366 0.307938 0.0356138 0.0791039 0.00754172
0 0.538655 0.244616 0.0239864 0.08036 0.0072397
13 0.760107 0.300995 0.0275305 0.0945877 0.00702009
1 0.57163 0.294567 0.0289064 0.104688 0.00681821
1 0.444483 0.298584 0.0258119 0.118026 0.00671169
1 0.0777761 0.18276 0.155035 0.34702 0.00653803
0 0.503113 0.289773 0.0166695 0.0814515 0.00640878
56 0.751441 0.298199 0.0439062 0.102245 0.00611687
15 0.329616 0.76793 0.460126 0.239124 0.00605252
0 0.539546 0.28313 0.0189901 0.095847 0.00604203
1 0.489991 0.311645 0.0204156 0.093094 0.00582999
1 0.347144 0.319292 0.0159593 0.0845517 0.00574744
0 0.547052 0.301213 0.0230667 0.0889618 0.00551257
0 0.595621 0.271079 0.0250486 0.120337 0.00529301
13 0.74267 0.304869 0.0433796 0.0892777 0.00510755
1 0.5652 0.28208 0.0326809 0.128558 0.0049592
0 0.593341 0.255229 0.0227519 0.0644023 0.00488183
1 0.523439 0.293572 0.0330925 0.128085 0.00439405
1 0.12708 0.513549 0.251649 0.44011 0.00439361
0 0.472861 0.268371 0.0296761 0.0986904 0.00436372
0 0.483328 0.252427 0.0219179 0.0681281 0.00432169
0 0.449893 0.228807 0.0220802 0.0608978 0.00371957
0 0.519727 0.262442 0.0260111 0.0757366 0.0035519
2 0.599822 0.299801 0.0301762 0.0510469 0.00328952
11 0.455996 0.183546 0.0349632 0.034642 0.00311124
0 0.389127 0.284648 0.0256815 0.0942292 0.00309068
0 0.427794 0.237652 0.0270839 0.0829757 0.0029794
0 0.508479 0.253746 0.0152747 0.0515738 0.00293639
1 0.588367 0.311587 0.0255993 0.0715728 0.00288051
1 0.0657691 0.226292 0.131538 0.356475 0.0028657
0 0.540973 0.22748 0.0270619 0.0735733 0.00284776
0 0.389271 0.259119 0.0200061 0.0495799 0.00284618
0 0.503256 0.237139 0.0213919 0.0554036 0.00260967
1 0.539979 0.293182 0.022538 0.119102 0.00254816
0 0.446553 0.262496 0.0504805 0.182102 0.00251374
2 0.410935 0.304726 0.0342878 0.0626014 0.00241977
2 0.37276 0.300021 0.0693799 0.0764056 0.00233433
26 0.493308 0.283224 0.0209166 0.125065 0.0022985
56 0.760107 0.300995 0.0275305 0.0945877 0.00227302
2 0.419237 0.303247 0.0209337 0.0625192 0.00224048
0 0.410935 0.304726 0.0342878 0.0626014 0.00222912
1 0.479184 0.290167 0.0323579 0.140432 0.00216976
1 0.54488 0.290317 0.0215728 0.0856594 0.00200677
3 0.127821 0.378572 0.254891 0.744991 0.00199857
2 0.376129 0.309726 0.0581471 0.0541623 0.00199017
1 0.345186 0.309624 0.0213463 0.110496 0.00197589
0 0.3475 0.310411 0.0206379 0.102082 0.00196418
1 0.594531 0.308857 0.0293828 0.070847 0.00194481
0 0.514902 0.280839 0.0245586 0.107806 0.00188464
56 0.761234 0.329141 0.0256989 0.0382197 0.00188091
10 0.569304 0.314519 0.0183084 0.0647407 0.00187659
0 0.537671 0.224394 0.0209848 0.060011 0.00186893
0 0.752365 0.278536 0.0347614 0.070705 0.0018611
0 0.556292 0.305381 0.0234241 0.0812839 0.00169435
0 0.499858 0.249294 0.0175772 0.0588692 0.00167677
0 0.419237 0.303247 0.0209337 0.0625192 0.00163445
0 0.732297 0.313007 0.0357812 0.0702898 0.00159582
25 0.455808 0.183884 0.035404 0.0351875 0.00155142
5 0.127821 0.378572 0.254891 0.744991 0.00154307
1 0.502156 0.285413 0.0188624 0.0926472 0.001452
1 0.0771635 0.0666088 0.150839 0.128097 0.00143528
0 0.445747 0.225222 0.0280687 0.0571427 0.0013881
0 0.406093 0.249209 0.0222652 0.0585665 0.00137836
1 0.492444 0.286778 0.0196307 0.116394 0.00137833
56 0.74267 0.304869 0.0433796 0.0892777 0.00136882
1 0.576849 0.295154 0.0503816 0.104111 0.00133136
2 0.402304 0.313127 0.0601541 0.066624 0.00130367
0 0.539979 0.293182 0.022538 0.119102 0.00123957
2 0.44073 0.298521 0.0341591 0.118151 0.00123462
24 0.493308 0.283224 0.0209166 0.125065 0.00121263
1 0.35649 0.331014 0.0336503 0.109704 0.00120947
9 0.791172 0.0512767 0.0324743 0.073328 0.00119382
0 0.344344 0.281324 0.0195161 0.0568416 0.00119337
7 0.399746 0.30793 0.052396 0.052807 0.00116134
7 0.389094 0.309004 0.0308134 0.0487433 0.0011481
36 0.734864 0.318629 0.0285667 0.0618633 0.0011242
0 0.404706 0.273647 0.0222752 0.0816847 0.00110397
25 0.455419 0.198099 0.0367529 0.0635385 0.00108606
26 0.600762 0.301625 0.0275129 0.0450775 0.00105378
0 0.562728 0.309407 0.0275085 0.0738828 0.00101432
2 0.59385 0.284103 0.0314738 0.0940989 0.00100595
