5 0.542785 0.511228 0.64735 0.55298 0.956447
1 0.199713 0.632517 0.0418396 0.125935 0.576721
0 0.898155 0.602273 0.023484 0.0832505 0.521373
0 0.0239535 0.516103 0.0317535 0.0613326 0.263206
0 0.895146 0.608492 0.0283661 0.0941744 0.206554
1 0.191893 0.628935 0.0588367 0.13313 0.20335
0 0.0056294 0.54127 0.0103962 0.0381213 0.161749
0 0.872183 0.582016 0.0147007 0.0814434 0.156701
0 0.0691062 0.514752 0.035654 0.0557578 0.152939
56 0.892373 0.642339 0.021579 0.058199 0.148856
0 0.912859 0.561084 0.0149391 0.0316129 0.143905
0 0.914429 0.557388 0.0191387 0.0387268 0.133559
56 0.903558 0.640686 0.0216143 0.0530761 0.132319
0 0.871633 0.593212 0.0143293 0.0581137 0.125265
0 0.954858 0.558098 0.0142696 0.0387856 0.102224
0 0.942123 0.556064 0.0158516 0.0347491 0.0955617
0 0.0197836 0.523928 0.0374969 0.0761001 0.0947941
0 0.873708 0.566447 0.0130331 0.0534511 0.0870344
56 0.886547 0.645233 0.0243563 0.0525755 0.0854644
56 0.901328 0.642897 0.0291359 0.0560478 0.0777213
0 0.936955 0.558897 0.0119541 0.0299935 0.0745425
1 0.0277211 0.685226 0.0282509 0.0474169 0.071264
0 0.00608007 0.527196 0.0107316 0.0697121 0.0615706
0 0.020483 0.571645 0.0397221 0.17157 0.0540796
0 0.910167 0.568298 0.0129536 0.0240915 0.052066
56 0.985795 0.613535 0.0270916 0.0463873 0.0514982
1 0.204603 0.602087 0.0401253 0.0852524 0.0421889
0 0.87735 0.604769 0.0152109 0.0363888 0.0397277
0 0.867865 0.584978 0.0200851 0.0837438 0.036453
1 0.0275458 0.676478 0.0293788 0.0626774 0.0359074
1 0.892373 0.642339 0.021579 0.058199 0.0355714
1 0.171157 0.633308 0.100306 0.126494 0.0342854
13 0.985759 0.617435 0.0265854 0.0382713 0.0331692
1 0.903558 0.640686 0.0216143 0.0530761 0.0316204
0 0.0329558 0.513393 0.0355666 0.0564018 0.0298938
0 0.00623256 0.549172 0.0114607 0.0636839 0.0294628
9 0.0841717 0.399148 0.0115552 0.0310561 0.0278805
0 0.939193 0.557991 0.0181223 0.0313621 0.0266885
0 0.903169 0.602811 0.0305439 0.089141 0.0266171
1 0.985959 0.614613 0.0268995 0.044625 0.0224449
0 0.556475 0.559971 0.047117 0.057571 0.0223915
0 0.0136988 0.575266 0.0268867 0.163683 0.0211988
1 0.87735 0.604769 0.0152109 0.0363888 0.0200123
56 0.908345 0.64314 0.0307362 0.0515955 0.0198613
0 0.875656 0.561746 0.0135464 0.0450936 0.0198314
1 0.0276353 0.655365 0.0319695 0.104058 0.0189435
1 0.0117419 0.617779 0.0224549 0.0808174 0.0189226
0 0.951203 0.5538 0.0154922 0.0420922 0.0169611
0 0.413363 0.473418 0.0374328 0.0828705 0.0164096
1 0.901328 0.642897 0.0291359 0.0560478 0.014866
0 0.00507202 0.524003 0.010144 0.0613598 0.0144474
0 0.888946 0.62652 0.0291239 0.0770241 0.0128359
56 0.877263 0.643606 0.0371204 0.05523 0.012731
0 0.895041 0.594224 0.0225542 0.0973653 0.0123271
0 0.564353 0.561601 0.0323412 0.0549958 0.0122782
0 0.95456 0.583785 0.0170765 0.0922067 0.011363
0 0.87789 0.591993 0.020142 0.0725768 0.0100447
0 0.329505 0.498207 0.0488224 0.0731899 0.00980011
0 0.865007 0.59489 0.0229853 0.107508 0.00869909
13 0.877263 0.643606 0.0371204 0.05523 0.00836709
1 0.888946 0.62652 0.0291239 0.0770241 0.00768787
0 0.0448778 0.515247 0.0594682 0.0570636 0.00764892
1 0.196237 0.604612 0.0448766 0.0910694 0.00730017
26 0.87735 0.604769 0.0152109 0.0363888 0.00728577
74 0.952906 0.471048 0.0192934 0.0302743 0.00728408
0 0.913359 0.590046 0.0183462 0.0843235 0.00726005
1 0.0132532 0.60334 0.0255668 0.109687 0.00703141
56 0.888946 0.62652 0.0291239 0.0770241 0.00701776
13 0.886547 0.645233 0.0243563 0.0525755 0.00685161
1 0.188817 0.600232 0.0442595 0.0837417 0.00683606
56 0.995062 0.615694 0.00987673 0.0459562 0.00674847
56 0.87735 0.604769 0.0152109 0.0363888 0.0065856
56 0.929811 0.622228 0.012714 0.0133302 0.00635901
0 0.0402301 0.51773 0.0239204 0.0458866 0.00628635
60 0.886547 0.645233 0.0243563 0.0525755 0.00592068
0 0.190604 0.57804 0.01483 0.0456517 0.00587881
1 0.0234937 0.633511 0.0424343 0.1493 0.00583339
9 0.0872585 0.398355 0.0185501 0.0322973 0.00563034
56 0.0132532 0.60334 0.0255668 0.109687 0.00534478
60 0.892373 0.642339 0.021579 0.058199 0.00514856
56 0.911104 0.633641 0.0242857 0.0436923 0.00484034
0 0.407909 0.478432 0.0454681 0.093127 0.0047003
9 0.204158 0.416488 0.012259 0.0434185 0.00454009
0 0.855124 0.63132 0.00813847 0.0354563 0.00438836
1 0.209108 0.617814 0.0298166 0.0880843 0.00434527
0 0.995062 0.615694 0.00987673 0.0459562 0.00432944
1 0.871633 0.593212 0.0143293 0.0581137 0.00412464
1 0.908345 0.64314 0.0307362 0.0515955 0.00410178
0 0.990598 0.597178 0.0182758 0.0753218 0.00406075
0 0.561109 0.553471 0.0395741 0.0668275 0.00406021
60 0.888946 0.62652 0.0291239 0.0770241 0.00399557
56 0.934339 0.600292 0.0371223 0.0581945 0.00398216
0 0.202661 0.568003 0.0183031 0.0344422 0.00395876
0 0.338129 0.503481 0.062913 0.0832421 0.00386983
1 0.171695 0.57679 0.0203547 0.0304503 0.00385305
0 0.333494 0.492131 0.0405605 0.0594926 0.00384802
1 0.190604 0.57804 0.01483 0.0456517 0.00381222
0 0.352 0.459849 0.0553121 0.0641828 0.00375333
1 0.207495 0.59335 0.0336753 0.0890249 0.00368482
3 0.87735 0.604769 0.0152109 0.0363888 0.00357965
0 0.992668 0.57397 0.0139431 0.0330477 0.00349677
0 0.863396 0.602058 0.0160568 0.100967 0.00343376
13 0.903558 0.640686 0.0216143 0.0530761 0.00337112
60 0.985901 0.616558 0.0276123 0.039767 0.00334787
0 0.207549 0.553681 0.0124953 0.0323193 0.0032821
56 0.942661 0.606319 0.0235565 0.0459399 0.00326747
13 0.892373 0.642339 0.021579 0.058199 0.00311336
56 0.953752 0.605267 0.0162104 0.0482037 0.00308862
60 0.934372 0.599345 0.0398674 0.062407 0.00304675
0 0.91688 0.593926 0.0200081 0.0714995 0.00304425
1 0.180966 0.574249 0.0310533 0.0522415 0.0030182
0 0.386827 0.477992 0.0495592 0.0871208 0.00299799
56 0.98569 0.600391 0.028124 0.0708079 0.00299656
1 0.202661 0.568003 0.0183031 0.0344422 0.00292012
1 0.886547 0.645233 0.0243563 0.0525755 0.00283781
1 0.0530292 0.677052 0.079411 0.066845 0.0028055
56 0.0117419 0.617779 0.0224549 0.0808174 0.00272736
13 0.867812 0.64415 0.033453 0.0603435 0.0026744
0 0.0745774 0.520132 0.048855 0.0581202 0.00253353
0 0.012155 0.601633 0.0238248 0.112096 0.00251779
0 0.94643 0.586782 0.0290077 0.0868496 0.00251696
0 0.355945 0.473636 0.0642336 0.0890895 0.00251114
1 0.214403 0.605123 0.0406172 0.0804074 0.0024946
13 0.908345 0.64314 0.0307362 0.0515955 0.00247616
0 0.358863 0.498681 0.052293 0.0729379 0.00245795
0 0.0878714 0.523076 0.0243923 0.0499805 0.00242481
56 0.867812 0.64415 0.033453 0.0603435 0.00239107
13 0.888946 0.62652 0.0291239 0.0770241 0.00235811
3 0.0275304 0.684724 0.0281018 0.0480928 0.00234407
0 0.346598 0.45441 0.0491318 0.0589632 0.00220123
13 0.87735 0.604769 0.0152109 0.0363888 0.00216556
13 0.981348 0.614598 0.0355494 0.0447736 0.00214517
56 0.895146 0.608492 0.0283661 0.0941744 0.00210717
0 0.119755 0.529962 0.0166521 0.0518693 0.00208691
60 0.877263 0.643606 0.0371204 0.05523 0.00207996
0 0.353642 0.507159 0.058434 0.0729629 0.00202152
13 0.901328 0.642897 0.0291359 0.0560478 0.00186327
56 0.944611 0.59717 0.0257355 0.0644861 0.00185239
60 0.905527 0.641346 0.0230869 0.0568485 0.00184143
13 0.929811 0.622228 0.012714 0.0133302 0.0018205
13 0.995062 0.615694 0.00987673 0.0459562 0.0018197
0 0.422883 0.474807 0.0571425 0.0880994 0.00172818
0 0.3801 0.50474 0.0403002 0.0553167 0.00169376
24 0.87735 0.604769 0.0152109 0.0363888 0.0016892
9 0.0848087 0.395066 0.016062 0.0397141 0.00168318
1 0.207549 0.553681 0.0124953 0.0323193 0.00166774
0 0.735028 0.536466 0.0277637 0.072761 0.00166017
56 0.954644 0.595369 0.0169943 0.0686258 0.00165576
0 0.732001 0.530293 0.0331878 0.0581246 0.00163564
0 0.736992 0.548159 0.0218876 0.0647874 0.00163347
1 0.203179 0.587957 0.0337288 0.100974 0.00161952
0 0.399408 0.48114 0.0542297 0.0875357 0.0016107
0 0.398187 0.476896 0.0406872 0.0744369 0.00160009
58 0.992668 0.57397 0.0139431 0.0330477 0.00154954
0 0.117229 0.538163 0.0117711 0.0359797 0.00151405
16 0.87735 0.604769 0.0152109 0.0363888 0.00149983
1 0.191806 0.580602 0.049283 0.0867233 0.00149894
0 0.780244 0.545979 0.0123201 0.0262806 0.00148842
0 0.582207 0.639321 0.0109432 0.0276435 0.00148657
13 0.934339 0.600292 0.0371223 0.0581945 0.00146678
13 0.0127714 0.609603 0.0242209 0.098053 0.00145832
2 0.87735 0.604769 0.0152109 0.0363888 0.00143757
0 0.365722 0.510942 0.0522876 0.0622413 0.00142652
2 0.160434 0.55872 0.0688102 0.066325 0.00142592
0 0.732103 0.519745 0.0347402 0.0494658 0.00141606
1 0.175137 0.574596 0.0260766 0.0331951 0.00140902
56 0.91688 0.593926 0.0200081 0.0714995 0.00139174
0 0.641199 0.530042 0.0275131 0.0834327 0.0013749
58 0.87735 0.604769 0.0152109 0.0363888 0.00137401
56 0.872387 0.594683 0.0162724 0.066648 0.00136301
13 0.856662 0.635772 0.0107307 0.0429934 0.00134632
56 0.856662 0.635772 0.0107307 0.0429934 0.0013358
0 0.955442 0.540799 0.0125679 0.0438424 0.00133193
3 0.0276353 0.655365 0.0319695 0.104058 0.00131038
0 0.202312 0.600294 0.0387379 0.0812558 0.00129178
1 0.995062 0.615694 0.00987673 0.0459562 0.00128856
0 0.682979 0.529052 0.0202692 0.0670993 0.00128144
0 0.318413 0.501417 0.0490073 0.073205 0.00126645
0 0.829679 0.565979 0.0123539 0.0373605 0.00126529
0 0.317222 0.485904 0.0498996 0.0755495 0.00125575
0 0.389994 0.484556 0.0393642 0.085591 0.00122881
0 0.356707 0.504834 0.0398015 0.0557272 0.00122201
0 0.552831 0.567911 0.0540898 0.0743632 0.0012162
0 0.944611 0.59717 0.0257355 0.0644861 0.00120047
1 0.188879 0.565573 0.0187302 0.0530706 0.00119987
0 0.340962 0.490493 0.0502529 0.0657925 0.00119907
1 0.911104 0.633641 0.0242857 0.0436923 0.00115895
0 0.188879 0.565573 0.0187302 0.0530706 0.00115323
56 0.915814 0.636942 0.047456 0.0518826 0.00114521
0 0.568738 0.559001 0.0287245 0.0572895 0.00114271
9 0.180953 0.470457 0.0113116 0.0311368 0.00113446
0 0.379397 0.485435 0.0503524 0.0849058 0.00112978
0 0.21616 0.547924 0.0112118 0.047278 0.00111669
0 0.367362 0.507409 0.0423112 0.0496686 0.00108433
3 0.0234937 0.633511 0.0424343 0.1493 0.00107163
1 0.98569 0.600391 0.028124 0.0708079 0.00106773
0 0.473003 0.559411 0.022735 0.0286459 0.00106007
0 0.378848 0.516566 0.0313755 0.0436129 0.00105548
0 0.180966 0.574249 0.0310533 0.0522415 0.00105327
0 0.548272 0.555636 0.0478941 0.0708216 0.00104162
60 0.901328 0.642897 0.0291359 0.0560478 0.00104007
13 0.911104 0.633641 0.0242857 0.0436923 0.00103748
3 0.871633 0.593212 0.0143293 0.0581137 0.00103697
0 0.895628 0.561805 0.0178289 0.0415088 0.00102353
0 0.207495 0.59335 0.0336753 0.0890249 0.00102246
0 0.556955 0.545222 0.0473459 0.0874785 0.00100783
