0 0.474234 0.395284 0.539916 0.790567 0.109977
0 0.333436 0.357205 0.629037 0.714411 0.0928862
0 0.581461 0.396271 0.535603 0.792543 0.0729071
60 0.624975 0.407408 0.578327 0.814816 0.0676447
60 0.495935 0.403914 0.564239 0.807829 0.057093
54 0.783508 0.5 0.432984 1 0.0569894
60 0.354583 0.383041 0.590432 0.766083 0.0421577
60 0.714678 0.422251 0.570644 0.844503 0.0307116
60 0.283337 0.371796 0.566673 0.743592 0.0280105
23 0.715473 0.488278 0.569054 0.976555 0.0241729
0 0.269861 0.344757 0.539721 0.689514 0.0210181
0 0.686362 0.414136 0.607672 0.828271 0.0124982
43 0.25996 0.825048 0.519921 0.349904 0.0103355
54 0.760226 0.434636 0.479547 0.869272 0.00996411
31 0.25996 0.825048 0.519921 0.349904 0.00801545
23 0.221305 0.460934 0.442609 0.921867 0.00705144
6 0.122007 0.460363 0.244014 0.920726 0.0068998
27 0.132277 0.565372 0.264554 0.774441 0.00538713
43 0.127097 0.849459 0.254194 0.301082 0.00530264
23 0.61267 0.469091 0.646666 0.938182 0.00474146
56 0.122007 0.460363 0.244014 0.920726 0.00455543
0 0.196733 0.828671 0.294503 0.342658 0.004399
27 0.0725779 0.510927 0.145156 0.978145 0.00422034
43 0.280064 0.626534 0.560128 0.746933 0.00418055
54 0.294804 0.343661 0.589608 0.687322 0.00409836
31 0.0657881 0.537062 0.131576 0.925877 0.00407401
42 0.27024 0.80095 0.54048 0.398101 0.0040229
43 0.132277 0.565372 0.264554 0.774441 0.00393352
27 0.145811 0.62522 0.291622 0.74956 0.00356674
31 0.0725779 0.510927 0.145156 0.978145 0.00321352
60 0.21713 0.412801 0.434259 0.825602 0.00307339
37 0.0776124 0.874551 0.155225 0.250897 0.00301969
62 1 0.907126 0 0.0868632 0.00301862
43 0.1388 0.788799 0.277599 0.422401 0.00301459
54 0.405946 0.453583 0.523213 0.907167 0.00299168
60 0.214314 0.608275 0.428628 0.78345 0.00298569
3 0.262772 0.380259 0.525544 0.760518 0.00297046
31 0.280064 0.626534 0.560128 0.746933 0.00291041
54 0.704442 0.396379 0.591116 0.792757 0.00290921
56 0.735317 0.764077 0.466536 0.471846 0.00290579
42 0.132277 0.565372 0.264554 0.774441 0.0026941
54 0.309442 0.444909 0.618883 0.889817 0.00262779
23 0.775105 0.5 0.44979 1 0.00255167
66 0.145811 0.62522 0.291622 0.74956 0.00254369
43 0.0657881 0.537062 0.131576 0.925877 0.002514
27 0.0766223 0.555293 0.153245 0.889414 0.00250679
0 0.311681 0.831697 0.33724 0.336606 0.00249091
0 0.769254 0.412605 0.461492 0.825211 0.00247884
42 0.230372 0.660562 0.460745 0.678875 0.00246486
43 0.0725779 0.510927 0.145156 0.978145 0.00240219
43 0.145811 0.62522 0.291622 0.74956 0.00237748
66 0.132277 0.565372 0.264554 0.774441 0.00233436
43 0.746835 0.866368 0.50633 0.267264 0.00232908
31 0.132277 0.565372 0.264554 0.774441 0.00230286
54 0.581461 0.396271 0.535603 0.792543 0.00227976
39 0.0657881 0.537062 0.131576 0.925877 0.00227219
54 0.474234 0.395284 0.539916 0.790567 0.00219885
21 0.545555 0.698514 0.642745 0.602972 0.00210768
0 0.609448 0.764341 0.00831051 0.0148212 0.00208583
66 0.0766223 0.555293 0.153245 0.889414 0.0020619
42 0.145811 0.62522 0.291622 0.74956 0.00203621
13 0.214314 0.608275 0.428628 0.78345 0.00200337
42 0.280064 0.626534 0.560128 0.746933 0.00199336
43 0.104171 0.802453 0.208341 0.395095 0.00198925
23 0.500115 0.47351 0.583801 0.94702 0.00198334
66 0.265386 0.661251 0.530773 0.677498 0.0019508
56 0.762814 0.47589 0.474371 0.951781 0.00192326
21 0.783508 0.5 0.432984 1 0.00191712
23 0.269302 0.435634 0.538605 0.871269 0.00191316
42 0.749601 0.821548 0.500798 0.356903 0.00190994
39 0.167196 0.469045 0.334392 0.93809 0.00183693
42 0.790417 0.689733 0.378738 0.620535 0.00183028
31 0.286886 0.790876 0.573771 0.418249 0.00182024
31 0.122007 0.460363 0.244014 0.920726 0.00181925
62 1 0.907377 0 0.0647774 0.00179556
31 0.127097 0.849459 0.254194 0.301082 0.00178364
43 0.35739 0.697808 0.573175 0.604384 0.00178161
42 0.28566 0.763374 0.57132 0.473252 0.00169474
42 0.343258 0.661068 0.501752 0.677864 0.00167191
0 0.620984 0.765209 0.00547714 0.0145495 0.00164768
31 0.216834 0.693084 0.433668 0.613832 0.00163856
0 0.420582 0.83488 0.327284 0.330239 0.00158924
43 0.763069 0.883685 0.473862 0.232631 0.00158221
66 0.0725779 0.510927 0.145156 0.978145 0.00158161
60 0.233884 0.550403 0.467769 0.725004 0.00157797
31 0.28566 0.763374 0.57132 0.473252 0.00156829
56 0.822991 0.426722 0.354018 0.853444 0.00156078
0 0.21713 0.412801 0.434259 0.825602 0.0015575
43 0.216834 0.693084 0.433668 0.613832 0.00154713
0 0.00657349 0.0764333 0.013147 0.152867 0.0014804
62 1 0.926609 0 0.146782 0.00145578
27 0.0717216 0.63925 0.143443 0.721501 0.00139448
0 0.84596 0.745941 0.276252 0.508118 0.00138476
6 0.809598 0.47163 0.380804 0.94326 0.00136819
3 0.354583 0.383041 0.590432 0.766083 0.00136346
0 0.785008 0.803596 0.00783653 0.0147128 0.0013524
31 0.145811 0.62522 0.291622 0.74956 0.00133008
0 0.248193 0.814198 0.343118 0.371604 0.00132313
43 0.724249 0.716145 0.475185 0.567711 0.00132045
43 0.268885 0.804143 0.437603 0.391713 0.00130552
43 0.267904 0.859169 0.406218 0.281662 0.00128579
6 0.760226 0.434636 0.479547 0.869272 0.00128269
62 1 0.945885 0 0.108229 0.00125608
0 0.796902 0.796543 0.0067421 0.0286006 0.00124645
0 0.010904 0.162167 0.0218079 0.324334 0.00122994
0 0.422682 0.877334 0.00880623 0.0219902 0.00121376
3 0.495935 0.403914 0.564239 0.807829 0.00120807
43 0.681526 0.60909 0.569096 0.78182 0.0012067
43 0.259255 0.838937 0.518511 0.322127 0.00120455
31 0.35739 0.697808 0.573175 0.604384 0.00117984
0 0.122007 0.460363 0.244014 0.920726 0.00115806
42 0.442992 0.660518 0.477626 0.678963 0.00115278
31 0.1388 0.788799 0.277599 0.422401 0.00113034
62 0.99816 0.927349 0.00368032 0.140417 0.00112742
3 0.624975 0.407408 0.578327 0.814816 0.00111932
63 0.233884 0.550403 0.467769 0.725004 0.00111219
31 0.104171 0.802453 0.208341 0.395095 0.00110906
0 0.182521 0.849308 0.318799 0.301384 0.00110725
27 0.167196 0.469045 0.334392 0.93809 0.00110459
42 0.0725779 0.510927 0.145156 0.978145 0.00108799
66 0.343258 0.661068 0.501752 0.677864 0.00105849
31 0.0776124 0.874551 0.155225 0.250897 0.001057
5 0.283337 0.371796 0.566673 0.743592 0.00103906
31 0.167196 0.469045 0.334392 0.93809 0.00102198
0 0.434979 0.879233 0.00812378 0.0179901 0.00101969
66 0.0717216 0.63925 0.143443 0.721501 0.00100279
