6 0.774511 0.5 0.450977 1 0.0626357
7 0.22228 0.345445 0.44456 0.69089 0.0281121
7 0.451016 0.362344 0.444373 0.724689 0.0196647
6 0.804188 0.449635 0.380446 0.895542 0.016271
6 0.736968 0.392339 0.454879 0.784679 0.00948724
56 0.805965 0.115994 0.378791 0.227572 0.00861976
7 0.354915 0.384756 0.46378 0.757834 0.00802857
7 0.0845359 0.437284 0.169072 0.874568 0.00654846
21 0.329762 0.722435 0.659524 0.555129 0.0059832
21 0.201435 0.727077 0.402871 0.545846 0.00597152
56 0.0631129 0.717665 0.126226 0.108318 0.00503695
63 0.0631129 0.717665 0.126226 0.108318 0.00472361
56 0.156615 0.904489 0.313229 0.191023 0.00468642
6 0.773026 0.330853 0.3845 0.642154 0.00466624
56 0.8197 0.174145 0.355436 0.348291 0.00433928
56 0.152318 0.025072 0.304635 0.0283759 0.00433457
21 0.283099 0.726352 0.566199 0.547296 0.00429016
56 0.0801074 0.796219 0.160215 0.256199 0.00420767
21 0.335689 0.727303 0.671377 0.545394 0.00391549
6 0.0789297 0.503071 0.157859 0.993857 0.00390187
56 0.111679 0.0207189 0.223359 0.0305536 0.00386432
7 0.83334 0.371739 0.327406 0.730146 0.00382578
7 0.253511 0.388226 0.507021 0.776452 0.00370064
56 0.818281 0.132764 0.363439 0.265528 0.00354433
56 0.443403 0.0330727 0.40214 0.0661453 0.0035294
6 0.0945569 0.501199 0.189114 0.997602 0.00352433
7 0.103196 0.501509 0.206391 0.996982 0.00337046
63 0.0801074 0.796219 0.160215 0.256199 0.00328398
56 0.802249 0.0469442 0.388002 0.0938884 0.00301012
56 0.178181 0.872409 0.304417 0.255181 0.00297904
56 0.214189 0.338113 0.428378 0.676226 0.00277823
56 0.472478 0.035035 0.374663 0.07007 0.00274649
7 0.57176 0.441151 0.495691 0.882078 0.00273058
58 0.42439 0.383267 0.447265 0.766535 0.00262687
47 0.274632 0.365185 0.516057 0.705932 0.00256756
56 0.383848 0.0296053 0.378768 0.0592105 0.00247869
8 0.779084 0.5 0.441831 1 0.00239104
47 0.782145 0.338263 0.43512 0.655409 0.00238273
21 0.440263 0.58161 0.448319 0.83678 0.00224927
31 0.402183 0.5 0.494891 1 0.00223109
8 0.0800963 0.501653 0.160193 0.996695 0.00217423
20 0.763933 0.424246 0.428243 0.848493 0.00211504
8 0.42439 0.383267 0.447265 0.766535 0.00211495
6 0.626419 0.5 0.374756 1 0.00210783
56 0.241125 0.0359191 0.367277 0.023053 0.00204962
56 0.783954 0.0286453 0.367303 0.0471034 0.00196055
7 0.774511 0.5 0.450977 1 0.00194889
7 0.773026 0.330853 0.3845 0.642154 0.00186333
56 0.735984 0.0760385 0.448452 0.152077 0.00186026
56 0.737475 0.0556677 0.405375 0.111335 0.00177899
21 0.381896 0.527588 0.409155 0.944825 0.0017665
56 0.101709 0.0402704 0.166243 0.0805408 0.00176102
56 0.353961 0.166743 0.378753 0.333485 0.00175685
56 0.139172 0.030212 0.278345 0.0604239 0.00174752
77 0.656821 0.712684 0.686358 0.574631 0.00171614
56 0.261266 0.0313007 0.37006 0.0208988 0.00171217
7 0.736968 0.392339 0.454879 0.784679 0.00169554
56 0.781284 0.0362513 0.393658 0.0725026 0.00167319
7 0.0882465 0.334442 0.176493 0.668885 0.00165939
56 0.380108 0.059876 0.359884 0.117874 0.00161859
21 0.454316 0.680036 0.6994 0.639927 0.00160804
7 0.398318 0.382639 0.321087 0.765277 0.00159645
56 0.250891 0.0493562 0.374916 0.0889775 0.00159034
57 0.22228 0.345445 0.44456 0.69089 0.00158149
18 0.451016 0.362344 0.444373 0.724689 0.00157678
31 0.802864 0.5 0.377939 1 0.00157377
31 0.0789297 0.503071 0.157859 0.993857 0.0015178
58 0.274632 0.365185 0.516057 0.705932 0.00150007
56 0.0893914 0.0288476 0.128806 0.0576953 0.00148666
47 0.42439 0.383267 0.447265 0.766535 0.00147775
31 0.471516 0.574698 0.557813 0.850605 0.00143728
10 0.626419 0.5 0.374756 1 0.00142342
56 0.101247 0.02099 0.132467 0.0295387 0.00140518
31 0.500105 0.514674 0.477503 0.970653 0.00140262
56 0.674134 0.0580468 0.385483 0.116094 0.00140139
8 0.22228 0.345445 0.44456 0.69089 0.00140122
0 0.737475 0.0556677 0.405375 0.111335 0.00137678
63 0.86316 0.432957 0.27368 0.558064 0.00132498
4 0.86316 0.432957 0.27368 0.558064 0.00131848
47 0.763933 0.424246 0.428243 0.848493 0.00131708
6 0.75074 0.5 0.49852 1 0.00130519
7 0.804188 0.449635 0.380446 0.895542 0.00129402
63 0.058485 0.834107 0.11697 0.331785 0.00128812
56 0.42009 0.0768219 0.405197 0.153644 0.00125989
31 0.755025 0.5 0.48995 1 0.00125852
6 0.783422 0.622582 0.433155 0.754837 0.00122803
6 0.0845359 0.437284 0.169072 0.874568 0.00122455
56 0.35757 0.032019 0.371977 0.0599846 0.00122181
63 0.152318 0.025072 0.304635 0.0283759 0.0012109
47 0.354915 0.384756 0.46378 0.757834 0.00120676
18 0.208028 0.638221 0.357713 0.723558 0.00119793
77 0.317326 0.5 0.271942 1 0.00119135
21 0.248242 0.706752 0.446533 0.586496 0.00118369
58 0.773026 0.330853 0.3845 0.642154 0.00117767
47 0.214189 0.338113 0.428378 0.676226 0.00117683
6 0.219736 0.408468 0.439472 0.816935 0.00117415
6 0.600971 0.444619 0.426628 0.889238 0.00117338
8 0.103196 0.501509 0.206391 0.996982 0.00116023
21 0.317326 0.5 0.271942 1 0.0011327
56 0.819854 0.87079 0.343334 0.25842 0.00112295
4 0.19955 0.46115 0.263428 0.323269 0.00112247
8 0.208028 0.638221 0.357713 0.723558 0.00111696
10 0.36924 0.390766 0.317116 0.781532 0.00110286
56 0.0831252 0.68189 0.16625 0.166535 0.00109494
7 0.871543 0.391903 0.256915 0.783806 0.00109386
7 0.783422 0.622582 0.433155 0.754837 0.00109002
0 0.104251 0.0403408 0.119395 0.0806816 0.00107253
7 0.0789297 0.503071 0.157859 0.993857 0.00106823
58 0.354915 0.384756 0.46378 0.757834 0.00104585
77 0.227512 0.674692 0.455025 0.650615 0.00104335
18 0.635171 0.73455 0.701711 0.5309 0.0010263
0 0.101247 0.02099 0.132467 0.0295387 0.00101924
10 0.329762 0.722435 0.659524 0.555129 0.00100303
56 0.451016 0.362344 0.444373 0.724689 0.00100273
31 0.626419 0.5 0.374756 1 0.00100055
