33 0.696969 0.468673 0.0204992 0.0339654 0.673028
33 0.686259 0.206034 0.024554 0.0351421 0.671223
0 0.393922 0.770411 0.013274 0.0467626 0.618215
33 0.130252 0.806902 0.0660913 0.0350584 0.504644
0 0.371175 0.765375 0.0189034 0.0537047 0.367127
0 0.344563 0.771493 0.015369 0.0488681 0.255755
0 0.34147 0.770611 0.0110084 0.0490171 0.244167
0 0.612446 0.772084 0.0135988 0.0300652 0.199128
33 0.443857 0.594473 0.0148676 0.0136602 0.193899
33 0.612738 0.663555 0.0271757 0.0277667 0.177713
0 0.180447 0.76632 0.0152579 0.0482541 0.174601
0 0.537879 0.756631 0.0118216 0.0361816 0.162714
0 0.630003 0.775777 0.0133192 0.0279592 0.156702
33 0.459743 0.494685 0.0162313 0.0151697 0.145884
0 0.639936 0.775662 0.0171255 0.0289783 0.139809
0 0.433774 0.776573 0.0114611 0.0284713 0.132796
0 0.190668 0.757825 0.0113704 0.037983 0.132793
0 0.349567 0.76709 0.0143909 0.0502382 0.130564
0 0.881084 0.757519 0.0114428 0.0300213 0.115297
0 0.352605 0.761133 0.0149794 0.059126 0.104328
0 0.129933 0.765324 0.0151954 0.022288 0.103446
0 0.478173 0.761163 0.0111165 0.0417008 0.103185
33 0.46984 0.495635 0.0360157 0.0190182 0.0943009
0 0.188222 0.767704 0.011482 0.0484246 0.0936592
0 0.614596 0.773029 0.0135859 0.0291163 0.0905191
0 0.881545 0.771839 0.0144081 0.0589099 0.0901886
0 0.379089 0.768784 0.0105681 0.0452598 0.0882997
0 0.218125 0.758546 0.0138085 0.0243274 0.0867988
0 0.579059 0.765252 0.0188997 0.0440166 0.0818036
0 0.853524 0.758105 0.0148367 0.0360092 0.0809559
0 0.883752 0.791382 0.0136658 0.024852 0.0782712
0 0.191431 0.764972 0.0143686 0.0505157 0.0726006
0 0.0865561 0.781251 0.0195745 0.0356247 0.0720854
0 0.378257 0.767796 0.0156144 0.0477122 0.0707877
0 0.206101 0.761857 0.00833602 0.0322522 0.0696868
0 0.579836 0.771984 0.0195524 0.0340476 0.0683336
0 0.532611 0.75741 0.0139627 0.0355357 0.0663764
0 0.845513 0.778858 0.0187037 0.0427879 0.0625482
2 0.0157671 0.769116 0.0263584 0.0116968 0.0623578
0 0.920048 0.762932 0.00986252 0.0223566 0.0599282
0 0.415653 0.775383 0.0124747 0.0371407 0.0594085
0 0.84644 0.757278 0.0162603 0.0373641 0.058266
0 0.854965 0.771513 0.0208801 0.056376 0.0569015
0 0.818671 0.755338 0.010865 0.0415856 0.0568526
0 0.0799372 0.729591 0.0142799 0.0288885 0.0545899
0 0.172914 0.765083 0.0184879 0.0459037 0.0534359
0 0.633716 0.777921 0.0206698 0.0286641 0.0528693
2 0.0870526 0.780847 0.0207996 0.0367938 0.052686
0 0.328453 0.759616 0.00889916 0.0348357 0.0520739
0 0.580888 0.776731 0.0179831 0.0269088 0.0443566
0 0.460954 0.775782 0.014629 0.0201947 0.0441106
0 0.84785 0.784995 0.024017 0.0355684 0.0417534
0 0.368177 0.760407 0.0157577 0.0560323 0.0410468
0 0.168078 0.774855 0.0133666 0.02632 0.0385231
0 0.87147 0.770852 0.0132442 0.0266119 0.0373431
0 0.539919 0.764505 0.0149343 0.0431938 0.0355409
0 0.381247 0.769164 0.0104397 0.0491108 0.035365
0 0.329677 0.762329 0.00829611 0.0364426 0.0329245
2 0.706954 0.773155 0.0215142 0.0115078 0.0303306
0 0.217342 0.763098 0.0230075 0.0327077 0.0283763
33 0.130319 0.794533 0.0678403 0.0585203 0.0272621
33 0.612704 0.657379 0.0280954 0.0407629 0.0270191
0 0.527373 0.762092 0.0148012 0.0384867 0.0257784
0 0.418733 0.770791 0.0172893 0.028729 0.025716
0 0.818046 0.762135 0.0118309 0.0427976 0.023981
0 0.353428 0.748961 0.0163658 0.0406397 0.0238189
0 0.875264 0.764052 0.020776 0.0377043 0.0237861
0 0.645003 0.72234 0.0115454 0.0257747 0.0228755
0 0.211269 0.771142 0.0113035 0.0332445 0.0228028
0 0.192157 0.781453 0.0121001 0.0194557 0.0225479
33 0.865107 0.789894 0.0560482 0.0292438 0.0212822
33 0.864092 0.783337 0.0543819 0.0426325 0.0212479
2 0.940239 0.762724 0.0523708 0.024665 0.0210647
2 0.457329 0.775015 0.0218759 0.0223009 0.020721
2 0.731316 0.773614 0.0161373 0.0169561 0.0202161
0 0.523873 0.759134 0.0149965 0.0367015 0.0199504
0 0.46417 0.774156 0.0148057 0.0230288 0.019358
0 0.864105 0.789287 0.0544315 0.0284059 0.0191419
2 0.94126 0.767746 0.0265274 0.0130863 0.0182624
0 0.457329 0.775015 0.0218759 0.0223009 0.0177584
0 0.610281 0.768392 0.0161722 0.0365971 0.017563
24 0.0865561 0.781251 0.0195745 0.0356247 0.0168294
0 0.199034 0.763673 0.0116961 0.0373147 0.0165269
1 0.192157 0.781453 0.0121001 0.0194557 0.0164848
0 0.576779 0.769455 0.0196512 0.0368778 0.0163775
0 0.301016 0.762884 0.0107286 0.0226811 0.0151773
0 0.156568 0.730786 0.00677958 0.0258475 0.0149538
33 0.0871379 0.781027 0.0206692 0.0380828 0.0148751
0 0.5541 0.723231 0.00995789 0.0287752 0.0148101
33 0.283717 0.576965 0.0145238 0.0198866 0.0146241
33 0.666385 0.831449 0.0155684 0.013922 0.0146074
0 0.523952 0.767976 0.0164209 0.0281831 0.0137357
0 0.928382 0.761925 0.0269686 0.0232433 0.0136116
0 0.2125 0.755928 0.0103933 0.0319918 0.0133659
0 0.44279 0.77445 0.0119814 0.0230853 0.0133334
0 0.1306 0.807146 0.066747 0.033787 0.0129505
3 0.0865561 0.781251 0.0195745 0.0356247 0.0127598
33 0.649704 0.831276 0.0502761 0.015281 0.0123005
0 0.322799 0.759298 0.0154942 0.0292883 0.0120088
1 0.180743 0.767777 0.0145341 0.0469666 0.0113973
0 0.320762 0.763197 0.010579 0.0278524 0.0112518
0 0.172525 0.777411 0.0229614 0.0278397 0.0110877
3 0.580888 0.776731 0.0179831 0.0269088 0.0110621
0 0.745046 0.740377 0.009622 0.0259441 0.0109213
0 0.705629 0.719507 0.0147577 0.0263586 0.0106016
0 0.227383 0.770056 0.0138305 0.020024 0.0105593
1 0.864105 0.789287 0.0544315 0.0284059 0.0102385
3 0.864092 0.783337 0.0543819 0.0426325 0.0101627
1 0.580888 0.776731 0.0179831 0.0269088 0.00991026
2 0.460954 0.775782 0.014629 0.0201947 0.00977546
3 0.130376 0.807921 0.0659398 0.03216 0.00968
2 0.445721 0.734446 0.0124147 0.0161926 0.00938496
56 0.0871379 0.781027 0.0206692 0.0380828 0.0091998
0 0.831982 0.756157 0.0097435 0.022514 0.00891757
0 0.225186 0.762535 0.0179652 0.031167 0.00885215
0 0.369557 0.740306 0.0139232 0.0220836 0.0087955
3 0.579836 0.771984 0.0195524 0.0340476 0.00843483
33 0.167414 0.771381 0.0156342 0.0360207 0.00823063
33 0.704552 0.468075 0.0348388 0.0359634 0.00812909
2 0.77485 0.77263 0.0547579 0.0131591 0.00796404
8 0.129589 0.807876 0.0650985 0.0343806 0.00783587
1 0.130376 0.807921 0.0659398 0.03216 0.00771248
0 0.431874 0.765512 0.0106121 0.0352455 0.00769854
33 0.443782 0.591847 0.0146237 0.0168699 0.00768688
2 0.0368097 0.767463 0.0173342 0.0111851 0.00765657
8 0.0157671 0.769116 0.0263584 0.0116968 0.00746065
2 0.928382 0.761925 0.0269686 0.0232433 0.00736609
33 0.450788 0.602401 0.0207545 0.0197745 0.00734034
33 0.445721 0.734446 0.0124147 0.0161926 0.00722116
0 0.354471 0.765616 0.018942 0.0576122 0.0071848
7 0.087289 0.780691 0.0195329 0.0364078 0.00709498
0 0.167414 0.771381 0.0156342 0.0360207 0.00702807
1 0.211269 0.771142 0.0113035 0.0332445 0.00699675
2 0.0165885 0.769756 0.0318148 0.014418 0.00698847
33 0.692034 0.46879 0.0298547 0.0350152 0.00696886
0 0.351166 0.761935 0.022719 0.065343 0.00687519
1 0.457329 0.775015 0.0218759 0.0223009 0.00666136
1 0.168078 0.774855 0.0133666 0.02632 0.00659636
2 0.950534 0.765855 0.0718883 0.0219424 0.00626126
0 0.863325 0.784919 0.0544401 0.0403639 0.00609535
0 0.123399 0.769197 0.0282938 0.0156259 0.00590989
24 0.130376 0.807921 0.0659398 0.03216 0.00582314
1 0.227383 0.770056 0.0138305 0.020024 0.00570774
1 0.217342 0.763098 0.0230075 0.0327077 0.00563329
1 0.864092 0.783337 0.0543819 0.0426325 0.0056172
0 0.615854 0.77625 0.0126135 0.031829 0.00559688
0 0.45033 0.771482 0.0202355 0.0354848 0.00550207
33 0.457675 0.64826 0.00984859 0.0882668 0.00545266
33 0.283918 0.572606 0.0146525 0.0230813 0.00533274
1 0.84785 0.784995 0.024017 0.0355684 0.00530896
1 0.205863 0.76699 0.00898714 0.0425227 0.00513378
0 0.606647 0.721435 0.013737 0.0230707 0.00512645
3 0.87147 0.770852 0.0132442 0.0266119 0.00501481
25 0.129589 0.807876 0.0650985 0.0343806 0.00499937
3 0.864105 0.789287 0.0544315 0.0284059 0.00498644
0 0.201795 0.779372 0.0153255 0.0238039 0.0049814
3 0.457329 0.775015 0.0218759 0.0223009 0.00497425
33 0.470577 0.499285 0.038124 0.0258036 0.00490013
2 0.787823 0.773394 0.0271652 0.0132429 0.00489071
33 0.731316 0.773614 0.0161373 0.0169561 0.00481775
33 0.84785 0.784995 0.024017 0.0355684 0.00472996
7 0.888314 0.717953 0.053282 0.0423302 0.00466442
2 0.704021 0.773183 0.0333926 0.0117518 0.00464928
0 0.745046 0.743187 0.0112906 0.0333402 0.00463817
0 0.578916 0.763329 0.0237799 0.0518929 0.00455859
56 0.192157 0.781453 0.0121001 0.0194557 0.00451916
1 0.460954 0.775782 0.014629 0.0201947 0.00433931
0 0.818417 0.748575 0.0119881 0.0383697 0.00429004
1 0.201795 0.779372 0.0153255 0.0238039 0.00428945
7 0.445721 0.734446 0.0124147 0.0161926 0.00427088
9 0.445721 0.734446 0.0124147 0.0161926 0.00422272
1 0.46417 0.774156 0.0148057 0.0230288 0.00422102
0 0.400358 0.770903 0.0204536 0.0431718 0.00419
33 0.618206 0.66342 0.0386886 0.0303131 0.00418591
4 0.459743 0.494685 0.0162313 0.0151697 0.00413832
25 0.445721 0.734446 0.0124147 0.0161926 0.00404918
56 0.87147 0.770852 0.0132442 0.0266119 0.00401762
14 0.459743 0.494685 0.0162313 0.0151697 0.00388369
3 0.192157 0.781453 0.0121001 0.0194557 0.00383809
3 0.205863 0.76699 0.00898714 0.0425227 0.00383565
3 0.180743 0.767777 0.0145341 0.0469666 0.00378188
2 0.865107 0.789894 0.0560482 0.0292438 0.00372979
3 0.853524 0.758105 0.0148367 0.0360092 0.0037016
0 0.731316 0.773614 0.0161373 0.0169561 0.00366485
33 0.862798 0.769715 0.0533524 0.0562125 0.00366288
0 0.303744 0.758506 0.0123329 0.0239024 0.00365826
2 0.75982 0.772354 0.0818738 0.0158369 0.0036273
1 0.87147 0.770852 0.0132442 0.0266119 0.00361994
1 0.0865561 0.781251 0.0195745 0.0356247 0.00355899
3 0.854965 0.771513 0.0208801 0.056376 0.00354403
19 0.130154 0.807253 0.0659837 0.0349356 0.00352302
33 0.787823 0.773394 0.0271652 0.0132429 0.00351688
3 0.217342 0.763098 0.0230075 0.0327077 0.00345406
5 0.888314 0.717953 0.053282 0.0423302 0.00341761
0 0.42093 0.765499 0.0215062 0.0313587 0.00341696
8 0.942161 0.760819 0.0568623 0.0254432 0.00339368
5 0.914272 0.718593 0.110275 0.0482954 0.0033845
3 0.211269 0.771142 0.0113035 0.0332445 0.00337911
2 0.418733 0.770791 0.0172893 0.028729 0.00334978
3 0.168078 0.774855 0.0133666 0.02632 0.00333512
2 0.716666 0.773899 0.0470105 0.0167811 0.0033083
2 0.062337 0.729668 0.0549122 0.0302272 0.00329775
2 0.0981772 0.774726 0.0415743 0.023158 0.00328732
0 0.472696 0.757482 0.0208065 0.032761 0.00326565
56 0.865107 0.789894 0.0560482 0.0292438 0.00319916
1 0.188222 0.767704 0.011482 0.0484246 0.00316286
3 0.638798 0.778355 0.0204751 0.0295085 0.00314581
56 0.180743 0.767777 0.0145341 0.0469666 0.00312141
33 0.883752 0.791382 0.0136658 0.024852 0.00308865
56 0.460954 0.775782 0.014629 0.0201947 0.00308788
1 0.579836 0.771984 0.0195524 0.0340476 0.00302219
2 0.168078 0.774855 0.0133666 0.02632 0.00301197
2 0.304756 0.767145 0.0160926 0.0152489 0.00300294
1 0.0799372 0.729591 0.0142799 0.0288885 0.00299171
2 0.322799 0.759298 0.0154942 0.0292883 0.00298992
0 0.817948 0.774928 0.015036 0.0235479 0.00292039
0 0.818439 0.752623 0.0170647 0.0392256 0.00291684
33 0.465454 0.49894 0.0302956 0.0243193 0.00291353
1 0.172525 0.777411 0.0229614 0.0278397 0.00290105
8 0.94126 0.767746 0.0265274 0.0130863 0.00289363
3 0.84785 0.784995 0.024017 0.0355684 0.00289282
33 0.609677 0.699143 0.0188499 0.0109216 0.00288317
24 0.580888 0.776731 0.0179831 0.0269088 0.00284946
56 0.191431 0.764972 0.0143686 0.0505157 0.00281024
7 0.0157671 0.769116 0.0263584 0.0116968 0.00277099
2 0.453722 0.734412 0.0283611 0.0197239 0.00273693
33 0.620024 0.669384 0.0415927 0.0327645 0.00272536
7 0.0709415 0.730143 0.0758898 0.0346389 0.00271103
2 0.46417 0.774156 0.0148057 0.0230288 0.00268134
1 0.633716 0.777921 0.0206698 0.0286641 0.00266933
0 0.544796 0.777395 0.013274 0.0374351 0.00266796
56 0.130772 0.804052 0.0682087 0.0391445 0.00266698
3 0.579059 0.765252 0.0188997 0.0440166 0.00265524
56 0.205863 0.76699 0.00898714 0.0425227 0.00264689
0 0.482284 0.766695 0.0169247 0.0371979 0.00264362
3 0.227383 0.770056 0.0138305 0.020024 0.00263807
33 0.418733 0.770791 0.0172893 0.028729 0.00261658
0 0.269613 0.737968 0.0101065 0.0211872 0.00261369
3 0.633716 0.777921 0.0206698 0.0286641 0.00259373
3 0.845513 0.778858 0.0187037 0.0427879 0.00259116
5 0.0709415 0.730143 0.0758898 0.0346389 0.00257882
8 0.865107 0.789894 0.0560482 0.0292438 0.00257093
56 0.168078 0.774855 0.0133666 0.02632 0.00256273
2 0.552378 0.772197 0.0219057 0.0168868 0.00254804
2 0.227383 0.770056 0.0138305 0.020024 0.00252914
33 0.637644 0.775725 0.0198896 0.0303369 0.00250554
1 0.637644 0.775725 0.0198896 0.0303369 0.00246945
26 0.087289 0.780691 0.0195329 0.0364078 0.00245899
1 0.883752 0.791382 0.0136658 0.024852 0.00245437
3 0.881084 0.757519 0.0114428 0.0300213 0.00242189
1 0.191431 0.764972 0.0143686 0.0505157 0.00241971
2 0.44279 0.77445 0.0119814 0.0230853 0.00239459
3 0.218125 0.758546 0.0138085 0.0243274 0.00239164
13 0.304756 0.767145 0.0160926 0.0152489 0.00237393
2 0.123399 0.769197 0.0282938 0.0156259 0.0023548
0 0.604296 0.770246 0.0235967 0.0331911 0.0023486
0 0.644041 0.77064 0.0196575 0.0310917 0.00233227
0 0.168207 0.736757 0.0117625 0.0199445 0.0023092
0 0.850416 0.753659 0.0231808 0.0479779 0.00227591
0 0.44925 0.777815 0.0373043 0.0276623 0.00227067
14 0.686259 0.206034 0.024554 0.0351421 0.00226599
56 0.580888 0.776731 0.0179831 0.0269088 0.00221944
2 0.707317 0.775772 0.0247295 0.0150069 0.00221401
33 0.457329 0.775015 0.0218759 0.0223009 0.00221324
3 0.188222 0.767704 0.011482 0.0484246 0.00218374
0 0.408643 0.772466 0.0234508 0.0410998 0.00217938
3 0.630003 0.775777 0.0133192 0.0279592 0.00212517
0 0.610867 0.774759 0.0173089 0.0320941 0.00210407
28 0.087289 0.780691 0.0195329 0.0364078 0.00209716
3 0.875264 0.764052 0.020776 0.0377043 0.00208816
0 0.885472 0.787968 0.0238636 0.0297787 0.0020833
56 0.211269 0.771142 0.0113035 0.0332445 0.00206318
8 0.445721 0.734446 0.0124147 0.0161926 0.00205371
8 0.950534 0.765855 0.0718883 0.0219424 0.00205222
33 0.460954 0.775782 0.014629 0.0201947 0.00204641
33 0.606647 0.721435 0.013737 0.0230707 0.00203893
1 0.845513 0.778858 0.0187037 0.0427879 0.00201717
33 0.433858 0.780713 0.0111152 0.0248205 0.00199366
7 0.457329 0.775015 0.0218759 0.0223009 0.00198621
56 0.883752 0.791382 0.0136658 0.024852 0.0019803
8 0.864092 0.783337 0.0543819 0.0426325 0.00196481
7 0.914272 0.718593 0.110275 0.0482954 0.0019508
0 0.68175 0.738868 0.00960503 0.0228086 0.00193515
1 0.433858 0.780713 0.0111152 0.0248205 0.00193381
33 0.865421 0.799015 0.0586338 0.0355262 0.00192791
2 0.0799372 0.729591 0.0142799 0.0288885 0.00192231
5 0.0617679 0.728925 0.0536724 0.0306522 0.00190637
7 0.940239 0.762724 0.0523708 0.024665 0.00190005
33 0.369557 0.740306 0.0139232 0.0220836 0.00189486
33 0.95088 0.76393 0.0760435 0.0261387 0.001872
56 0.46417 0.774156 0.0148057 0.0230288 0.00186726
14 0.696984 0.468553 0.0206657 0.0348477 0.00186288
0 0.445721 0.734446 0.0124147 0.0161926 0.00185829
2 0.579836 0.771984 0.0195524 0.0340476 0.0018557
7 0.0617679 0.728925 0.0536724 0.0306522 0.00185195
2 0.620877 0.72219 0.0432611 0.0266025 0.00184724
33 0.677343 0.206944 0.0431946 0.039468 0.00180995
13 0.942161 0.760819 0.0568623 0.0254432 0.00177389
0 0.94126 0.767746 0.0265274 0.0130863 0.00176322
2 0.457244 0.714712 0.0323048 0.0162767 0.0017533
