5 0.538293 0.503882 0.719954 0.500155 0.938743
56 0.724943 0.427883 0.0254955 0.0313988 0.0188953
0 0.358656 0.425526 0.0615591 0.100462 0.0179892
0 0.266174 0.43345 0.0360281 0.0784673 0.0177651
9 0.104128 0.474524 0.00816123 0.0143151 0.0136672
56 0.798345 0.442112 0.0294107 0.0315122 0.0134782
56 0.798777 0.435537 0.0293404 0.0409494 0.0119223
2 0.0156294 0.521221 0.0169944 0.0366436 0.0112358
56 0.684904 0.429798 0.0258302 0.042622 0.0102618
56 0.308085 0.443718 0.0362385 0.0575403 0.00899759
0 0.372364 0.430703 0.0333765 0.0974894 0.00798503
0 0.34269 0.420848 0.0916475 0.109266 0.00783387
0 0.144388 0.537939 0.0115433 0.0257801 0.00782371
56 0.569376 0.413306 0.0293287 0.0251726 0.00679269
56 0.519868 0.414072 0.0437904 0.0360245 0.00598553
0 0.371583 0.392782 0.0367841 0.059051 0.00541529
56 0.640326 0.418852 0.0180643 0.0193339 0.00507486
0 0.508486 0.419176 0.0217546 0.0335084 0.00493255
7 0.0156294 0.521221 0.0169944 0.0366436 0.00452
0 0.37093 0.398351 0.0171108 0.0280973 0.00421309
0 0.310574 0.441174 0.0399774 0.0622035 0.00416803
56 0.508486 0.419176 0.0217546 0.0335084 0.00403902
0 0.371364 0.390083 0.0258981 0.0485936 0.00362542
0 0.321266 0.421787 0.0627558 0.105435 0.00361547
0 0.930656 0.476528 0.00833054 0.0192908 0.00352764
13 0.0468286 0.548163 0.0566229 0.0135337 0.0033668
56 0.595873 0.417266 0.0106291 0.0208896 0.00335348
0 0.347457 0.421282 0.0513591 0.104846 0.00314292
56 0.455661 0.42273 0.0213229 0.024361 0.0030148
0 0.375623 0.404289 0.0263268 0.0407398 0.00300962
56 0.467753 0.423316 0.0362247 0.0240361 0.0026947
9 0.0155142 0.521473 0.0173199 0.0369763 0.00261539
6 0.538083 0.502076 0.719382 0.499714 0.00253299
0 0.402356 0.4262 0.0193571 0.0499728 0.00252727
56 0.617279 0.416983 0.0176416 0.0205756 0.00252572
0 0.724855 0.430379 0.0259835 0.0358855 0.00242817
0 0.186131 0.452417 0.0126388 0.0418182 0.00232613
2 0.798345 0.442112 0.0294107 0.0315122 0.00229982
2 0.798777 0.435537 0.0293404 0.0409494 0.0022772
0 0.20078 0.647143 0.0317595 0.0863123 0.00219533
0 0.259693 0.42795 0.0513108 0.0894898 0.00217327
56 0.471403 0.420497 0.0311746 0.0315521 0.00206667
0 0.361246 0.388545 0.0506891 0.0622481 0.00206611
0 0.204763 0.62232 0.0198758 0.0496343 0.00186893
9 0.149986 0.380925 0.0155325 0.0310632 0.00185576
0 0.288688 0.436838 0.0373031 0.0707913 0.00183246
0 0.931457 0.487612 0.00920219 0.0408417 0.00183055
56 0.720304 0.430711 0.036592 0.0391305 0.0017221
2 0.724855 0.430379 0.0259835 0.0358855 0.0016588
9 0.144388 0.537939 0.0115433 0.0257801 0.00158849
0 0.314706 0.426434 0.0513726 0.091083 0.00157064
0 0.188266 0.453739 0.0156704 0.0447676 0.00155574
0 0.402395 0.408881 0.0207361 0.0425036 0.00153714
56 0.666432 0.42767 0.0169737 0.042181 0.00151923
56 0.471134 0.426356 0.033128 0.0292826 0.00151846
56 0.579902 0.434168 0.0445196 0.025209 0.00146568
2 0.104128 0.474524 0.00816123 0.0143151 0.00142238
0 0.51599 0.413979 0.0367323 0.036018 0.00141484
0 0.595873 0.417266 0.0106291 0.0208896 0.0014033
13 0.0156492 0.521047 0.0178107 0.0363492 0.00138023
0 0.79812 0.432635 0.0269745 0.0388232 0.00136158
56 0.457907 0.424809 0.0281702 0.0280406 0.00135198
56 0.587216 0.431938 0.0301785 0.0278281 0.00130126
0 0.104128 0.474524 0.00816123 0.0143151 0.00124466
0 0.402058 0.426419 0.0212739 0.0782471 0.0012359
56 0.464693 0.411268 0.0406511 0.0401336 0.00117016
0 0.869086 0.435196 0.0205578 0.0386092 0.00114769
0 0.684819 0.428874 0.0258518 0.0409554 0.0011465
0 0.799834 0.44259 0.0283501 0.0310323 0.00114426
0 0.668536 0.363725 0.00888357 0.0116328 0.0011242
56 0.518616 0.420145 0.0410923 0.0437636 0.0011082
9 0.930656 0.476528 0.00833054 0.0192908 0.00110668
0 0.447934 0.42118 0.0156071 0.0286792 0.00104013
0 0.1971 0.651932 0.0292401 0.0745993 0.00103173
56 0.641845 0.428737 0.0205559 0.0376939 0.00100017
