0 0.403153 0.583989 0.102808 0.375725 0.861955
4 0.508398 0.342899 0.983205 0.672288 0.835327
0 0.73784 0.56548 0.0641951 0.323365 0.800611
0 0.323862 0.573844 0.0690653 0.296387 0.748951
0 0.58634 0.570831 0.0694999 0.259091 0.725077
0 0.525016 0.573179 0.0614952 0.273637 0.719232
0 0.267266 0.605785 0.0745297 0.334819 0.711318
0 0.486819 0.321325 0.0745594 0.153858 0.615342
0 0.741964 0.342985 0.0679281 0.190183 0.55791
0 0.491259 0.578106 0.050671 0.286443 0.461457
0 0.459842 0.581104 0.0505455 0.287942 0.435249
0 0.606902 0.303834 0.0602777 0.178071 0.230737
0 0.616623 0.574657 0.0413677 0.243719 0.180378
0 0.206356 0.463313 0.0219325 0.0240374 0.135599
0 0.321397 0.454119 0.0355858 0.0604875 0.115565
26 0.294331 0.600052 0.0296894 0.0642047 0.11342
0 0.609265 0.573452 0.0379831 0.237512 0.099645
26 0.301058 0.593921 0.0427292 0.0808586 0.0542176
0 0.556664 0.5791 0.0357782 0.245925 0.0525841
0 0.45716 0.339823 0.0314338 0.0699075 0.0484766
0 0.370659 0.456079 0.0426185 0.0569622 0.0460158
0 0.532913 0.580983 0.0395479 0.271309 0.0437154
0 0.613019 0.294513 0.0491785 0.15367 0.0422428
0 0.361555 0.465003 0.024273 0.0438984 0.0414075
0 0.353756 0.552487 0.0397061 0.237475 0.0405031
4 0.455071 0.480697 0.8953 0.45609 0.0404467
0 0.365427 0.460746 0.0289524 0.0475184 0.0365424
0 0.621188 0.623881 0.0331305 0.145508 0.0357603
4 0.800055 0.561776 0.389754 0.236651 0.0354372
0 0.350699 0.466825 0.0344995 0.0477194 0.0351972
26 0.267392 0.640563 0.0449937 0.116819 0.0350391
0 0.623737 0.302904 0.0927886 0.180916 0.0337734
0 0.356658 0.465849 0.0379543 0.0502875 0.0320278
0 0.361906 0.572986 0.0452232 0.280406 0.0310042
26 0.442842 0.648472 0.0250213 0.0911411 0.0286905
4 0.762139 0.575035 0.306121 0.210987 0.0285012
0 0.321999 0.518411 0.056122 0.169827 0.0261123
0 0.676412 0.396727 0.0606222 0.1936 0.024854
32 0.261399 0.850713 0.00880723 0.0131997 0.0239818
0 0.609165 0.512683 0.0372852 0.117725 0.023739
0 0.612585 0.520839 0.0340276 0.0965939 0.0235647
0 0.533592 0.361317 0.0425872 0.0561061 0.0230438
0 0.460439 0.514005 0.0440399 0.150362 0.0230363
0 0.35506 0.522406 0.0398096 0.166319 0.0221538
0 0.369329 0.514003 0.0397788 0.157063 0.0214337
0 0.495956 0.457376 0.0152292 0.0390491 0.0178815
4 0.366658 0.5615 0.729176 0.307506 0.0177034
0 0.71808 0.314313 0.0419624 0.112384 0.0175492
0 0.461057 0.550427 0.0439728 0.217609 0.0170569
37 0.0843361 0.623605 0.160978 0.0722394 0.0162296
0 0.520963 0.340922 0.0407772 0.086791 0.016056
0 0.444874 0.446763 0.0160301 0.0329287 0.0159245
0 0.36563 0.535814 0.0396927 0.218252 0.0152612
0 0.441578 0.449856 0.0206457 0.0386987 0.0143487
0 0.608905 0.488875 0.0380404 0.0636899 0.0140706
0 0.635658 0.351383 0.125578 0.27632 0.0139388
0 0.614296 0.553562 0.0399591 0.167575 0.0137202
0 0.726869 0.317723 0.0541288 0.125706 0.0132526
0 0.606783 0.285566 0.0589068 0.118209 0.0131616
0 0.81737 0.301323 0.059639 0.0570705 0.0127796
0 0.540403 0.362444 0.0573517 0.0624772 0.0122972
0 0.697316 0.302281 0.0185729 0.0419825 0.0122179
0 0.615517 0.284548 0.0421152 0.124516 0.0119896
0 0.492222 0.577344 0.0342905 0.275006 0.0112922
26 0.768822 0.59465 0.0340212 0.069908 0.0110429
0 0.528309 0.35809 0.0378587 0.0492064 0.0109513
26 0.44357 0.618279 0.0262167 0.145145 0.0108977
0 0.708115 0.313405 0.026321 0.0804602 0.0104527
0 0.725175 0.278471 0.0286674 0.0689965 0.0102513
0 0.642638 0.294214 0.0618166 0.170739 0.0102281
0 0.2886 0.500696 0.0385468 0.135909 0.00982162
0 0.269344 0.698354 0.0468466 0.146118 0.00958142
0 0.811657 0.298145 0.0469124 0.0507173 0.00951952
4 0.275225 0.585495 0.545857 0.35957 0.0095171
0 0.600205 0.472335 0.0222336 0.0345651 0.00906581
0 0.703521 0.300597 0.0175041 0.0453828 0.00884196
0 0.00569563 0.568456 0.0111822 0.0431952 0.00882757
0 0.61622 0.510489 0.0226425 0.0599925 0.00868759
0 0.353556 0.500586 0.0392192 0.121341 0.00866848
0 0.51006 0.581768 0.0292872 0.251526 0.00863373
26 0.303228 0.589551 0.0430271 0.0589065 0.00846332
0 0.506989 0.457138 0.0315792 0.0479091 0.00843975
33 0.0932275 0.25668 0.0138319 0.0180808 0.00843292
0 0.687853 0.367101 0.084484 0.246023 0.00841051
0 0.522877 0.319652 0.0474634 0.118609 0.00835615
2 0.736767 0.582533 0.256746 0.200618 0.00830403
4 0.789756 0.34368 0.420344 0.669766 0.00813213
0 0.538527 0.568644 0.0404498 0.222564 0.00790575
0 0.516544 0.481161 0.0491476 0.0944199 0.00787714
4 0.598607 0.562163 0.55302 0.248337 0.00761244
0 0.493937 0.539591 0.0476967 0.189125 0.00754395
0 0.501059 0.458976 0.0237946 0.0452346 0.00751492
0 0.713705 0.298062 0.0409165 0.0721837 0.00745058
0 0.453395 0.447674 0.0238434 0.0439448 0.00741163
0 0.600542 0.642467 0.0295557 0.108456 0.0073846
26 0.259858 0.674604 0.0269446 0.0488117 0.00730932
0 0.71374 0.334867 0.0483091 0.144391 0.00722384
0 0.468103 0.567587 0.103256 0.277469 0.00718543
0 0.511189 0.467329 0.0423119 0.0659591 0.00689819
0 0.450954 0.573902 0.0436049 0.30159 0.00686175
0 0.290417 0.522569 0.0312894 0.0820688 0.00682604
0 0.203606 0.465024 0.0292287 0.0285124 0.0067735
26 0.295602 0.608208 0.0345332 0.0838666 0.00670314
0 0.617945 0.498923 0.0179382 0.0391375 0.00668111
0 0.681366 0.370453 0.0558716 0.179506 0.00661993
24 0.294823 0.601728 0.0310082 0.0650959 0.00655502
0 0.315177 0.456687 0.0521701 0.0640846 0.00650382
0 0.602737 0.47699 0.0277325 0.0445352 0.00648418
0 0.346705 0.457773 0.0498475 0.0607972 0.00620559
0 0.101577 0.586954 0.013361 0.0162782 0.00614065
0 0.723836 0.342302 0.0534258 0.196893 0.00605717
0 0.490025 0.509104 0.0512686 0.146105 0.00599906
0 0.479498 0.449185 0.0250757 0.0402519 0.00592405
0 0.813884 0.285374 0.0227448 0.0273253 0.00592142
26 0.264036 0.673972 0.0378206 0.047088 0.00586873
4 0.13819 0.595056 0.2756 0.307468 0.00582272
0 0.669029 0.366345 0.0818784 0.263897 0.00580019
0 0.296787 0.610271 0.0363802 0.100178 0.00576752
26 0.305104 0.579181 0.0416461 0.0587045 0.00572607
0 0.303299 0.620852 0.0431052 0.126879 0.00571409
33 0.318898 0.0399239 0.0150931 0.0164043 0.00564498
26 0.559446 0.555863 0.0267857 0.0791022 0.00542825
0 0.501127 0.576153 0.0371181 0.257395 0.00533715
4 0.132103 0.501018 0.263602 0.379874 0.00517151
0 0.492081 0.601735 0.0279432 0.21854 0.005034
0 0.724995 0.307347 0.0322562 0.114677 0.00499555
32 0.680009 0.921899 0.00954628 0.0143481 0.00499442
4 0.52694 0.500056 0.85852 0.355998 0.00498536
35 0.294752 0.599552 0.0294106 0.0624062 0.00490439
0 0.520452 0.577532 0.044161 0.263035 0.0048781
0 0.808668 0.287179 0.0315109 0.0308041 0.00462303
0 0.652197 0.335966 0.0270321 0.0825842 0.0046213
0 0.554743 0.550719 0.0352965 0.135958 0.00456142
0 0.588739 0.595112 0.0496724 0.213242 0.00437006
0 0.430565 0.291149 0.0211945 0.0227771 0.00425836
0 0.742451 0.317262 0.0614021 0.13463 0.00410473
0 0.524134 0.355176 0.0321 0.0423591 0.00400048
0 0.565106 0.589251 0.0291413 0.205405 0.00396624
0 0.362214 0.554357 0.0315931 0.23868 0.00396314
26 0.277865 0.67699 0.0288086 0.0506819 0.00393888
26 0.562614 0.545531 0.0209806 0.0665656 0.00393397
0 0.726402 0.268504 0.0267737 0.0486315 0.00393203
14 0.0932275 0.25668 0.0138319 0.0180808 0.00385696
35 0.301058 0.593921 0.0427292 0.0808586 0.0038453
0 0.515545 0.595662 0.03144 0.252586 0.00383174
0 0.481991 0.349904 0.0919474 0.0922699 0.00377616
0 0.623221 0.589794 0.0497485 0.213246 0.00377145
0 0.477042 0.446857 0.0321911 0.0516066 0.00375891
0 0.617089 0.269429 0.0388209 0.0951025 0.00375709
0 0.514234 0.453755 0.0264698 0.0416982 0.00369397
0 0.294946 0.460093 0.0265779 0.0573462 0.00368521
0 0.534766 0.370491 0.0482745 0.0656497 0.00367424
0 0.440645 0.477151 0.0239199 0.0856154 0.00361603
0 0.62003 0.598793 0.0347492 0.198654 0.00358763
0 0.441625 0.572294 0.033354 0.251519 0.00353664
14 0.318898 0.0399239 0.0150931 0.0164043 0.00347695
4 0.129174 0.566792 0.256696 0.221605 0.00346768
0 0.707573 0.351385 0.0574404 0.176472 0.00343603
0 0.297293 0.625624 0.0388815 0.142424 0.00342265
0 0.623403 0.523558 0.0478855 0.097373 0.00339887
4 0.635183 0.444894 0.723331 0.470121 0.00332311
0 0.726698 0.259947 0.0260521 0.0400908 0.00330129
26 0.492617 0.579146 0.0292965 0.0736691 0.00316843
0 0.674903 0.371954 0.0593565 0.129987 0.00315914
0 0.626511 0.248774 0.0211958 0.0491053 0.00312778
0 0.453208 0.436533 0.0247408 0.0478875 0.00312206
0 0.517984 0.461628 0.0455759 0.0556151 0.00311333
26 0.357268 0.556444 0.0313412 0.176181 0.00306565
24 0.299409 0.598725 0.0403767 0.074165 0.00303462
0 0.282443 0.55465 0.0499782 0.200982 0.00303313
0 0.479949 0.582084 0.0733741 0.291464 0.00300324
26 0.282736 0.67959 0.0192476 0.0548121 0.0029819
0 0.333816 0.586143 0.0548299 0.275342 0.00297374
0 0.456798 0.45861 0.0270651 0.0448452 0.00296527
0 0.341153 0.593757 0.0401452 0.244197 0.00294197
0 0.688741 0.351105 0.169028 0.293125 0.00293106
2 0.00569563 0.568456 0.0111822 0.0431952 0.00291774
28 0.524134 0.355176 0.0321 0.0423591 0.00291708
24 0.533294 0.363431 0.0418844 0.0557108 0.00291583
7 0.507094 0.343899 0.985811 0.669916 0.00289989
0 0.459335 0.342144 0.0416971 0.0767918 0.00288838
0 0.696517 0.314419 0.0226921 0.0619158 0.00288162
0 0.478639 0.436449 0.0328571 0.0619038 0.00287214
0 0.371201 0.484411 0.0400311 0.107254 0.00282475
0 0.621719 0.572136 0.0614471 0.23062 0.00281671
0 0.515255 0.321573 0.0426365 0.118522 0.00279033
0 0.442015 0.533682 0.0382307 0.170639 0.00279006
0 0.567885 0.341489 0.0174572 0.022282 0.0027853
0 0.415986 0.557923 0.0919757 0.318132 0.00273293
24 0.559446 0.555863 0.0267857 0.0791022 0.00266108
0 0.714279 0.403633 0.161194 0.317755 0.00265446
0 0.486506 0.530852 0.0578001 0.187011 0.00265148
0 0.657135 0.305246 0.0204608 0.0378756 0.00261468
0 0.368672 0.447181 0.0508721 0.0661757 0.00258937
0 0.290884 0.526865 0.0260324 0.0653618 0.00255531
0 0.79925 0.36216 0.246472 0.225191 0.00255051
0 0.806643 0.304048 0.0407557 0.0635609 0.00254169
0 0.553898 0.61575 0.0300613 0.157447 0.00254098
0 0.660488 0.307156 0.0280374 0.0643732 0.0025208
0 0.205214 0.481889 0.0258767 0.061421 0.00249955
4 0.0647081 0.465041 0.128717 0.325507 0.00247052
0 0.662661 0.293577 0.0238825 0.0400082 0.00241679
0 0.655068 0.288524 0.0378462 0.0603935 0.00239736
26 0.254676 0.52979 0.0433571 0.101329 0.00238833
26 0.501723 0.553152 0.0326971 0.178508 0.00236082
26 0.601523 0.640744 0.0326623 0.112329 0.0023548
0 0.80559 0.293113 0.0372528 0.040823 0.00234783
32 0.260271 0.851183 0.0117232 0.0161727 0.0023295
26 0.290884 0.526865 0.0260324 0.0653618 0.00231904
26 0.766929 0.582912 0.0360308 0.0952225 0.00230509
0 0.653262 0.328527 0.0213449 0.0407184 0.00228885
0 0.307742 0.647305 0.0451065 0.132785 0.0022797
0 0.68962 0.35562 0.0438272 0.145933 0.00227082
4 0.53419 0.552046 0.783478 0.265777 0.00226969
0 0.43894 0.456841 0.0326765 0.0535681 0.00223953
0 0.456833 0.633194 0.058779 0.18235 0.00221363
4 0.40417 0.326489 0.163515 0.0927473 0.00220346
4 0.100507 0.468533 0.198561 0.335958 0.00219882
33 0.304974 0.100307 0.0112849 0.0312743 0.00216934
14 0.261399 0.850713 0.00880723 0.0131997 0.00216049
26 0.524134 0.355176 0.0321 0.0423591 0.00215504
0 0.472385 0.340086 0.189379 0.180862 0.00213423
4 0.318898 0.0399239 0.0150931 0.0164043 0.00211713
26 0.267161 0.626475 0.0554394 0.150699 0.00210655
0 0.83002 0.303786 0.0810577 0.0574162 0.00210145
0 0.717611 0.280628 0.0431631 0.0727297 0.00209114
0 0.309531 0.54429 0.0692357 0.179808 0.00208092
0 0.29629 0.565517 0.0362105 0.140058 0.00205219
28 0.528309 0.35809 0.0378587 0.0492064 0.00205082
0 0.552676 0.531268 0.0342482 0.119858 0.00204095
0 0.158031 0.559121 0.016714 0.0235702 0.00203672
0 0.570928 0.356711 0.0291838 0.0544227 0.00201088
0 0.636138 0.31482 0.0679161 0.150238 0.00201002
4 0.75975 0.262465 0.471666 0.496581 0.00200793
4 0.456284 0.328353 0.267305 0.103262 0.00199339
4 0.0827459 0.439223 0.163081 0.276644 0.00198886
26 0.446208 0.640701 0.0311636 0.11468 0.00197667
26 0.769208 0.567888 0.0288734 0.0658819 0.00196797
24 0.295602 0.608208 0.0345332 0.0838666 0.00195014
0 0.28874 0.6299 0.03997 0.137698 0.00194976
0 0.609141 0.567599 0.0484795 0.196197 0.00193673
0 0.313758 0.597342 0.165507 0.350608 0.00191876
26 0.286265 0.581807 0.0533252 0.139501 0.0019092
0 0.441975 0.648394 0.0282349 0.113927 0.00189027
4 0.84448 0.381587 0.160146 0.182373 0.00188932
26 0.362799 0.59363 0.025988 0.124457 0.00188679
26 0.464689 0.588819 0.0369965 0.25548 0.0018813
0 0.547032 0.413231 0.114039 0.162669 0.00187665
24 0.282759 0.525353 0.0360973 0.0810005 0.00186956
0 0.572918 0.464607 0.037178 0.0498234 0.00186789
26 0.282759 0.525353 0.0360973 0.0810005 0.0018619
26 0.505859 0.358507 0.0220737 0.0395846 0.00186118
28 0.441533 0.290453 0.0444084 0.0258361 0.0018526
0 0.53584 0.32868 0.0736096 0.126772 0.00184959
0 0.481217 0.455067 0.0296103 0.0448654 0.0018484
0 0.836855 0.311954 0.0500702 0.0335242 0.00183329
24 0.290884 0.526865 0.0260324 0.0653618 0.00182563
26 0.533294 0.363431 0.0418844 0.0557108 0.00180921
26 0.443107 0.574167 0.0292437 0.24354 0.00176907
7 0.736767 0.582533 0.256746 0.200618 0.00176305
26 0.53911 0.555777 0.0227873 0.092271 0.00174195
26 0.306626 0.618494 0.0464557 0.169582 0.00173905
0 0.324934 0.630707 0.0689561 0.173345 0.00173816
0 0.687445 0.314003 0.0331724 0.0685042 0.00170356
0 0.543282 0.551951 0.0455784 0.166412 0.0016956
4 0.0932275 0.25668 0.0138319 0.0180808 0.00169399
0 0.682816 0.426786 0.0822687 0.298799 0.00168514
0 0.649714 0.344087 0.0324571 0.0722726 0.00168279
0 0.441533 0.290453 0.0444084 0.0258361 0.00168204
26 0.55385 0.655261 0.029364 0.0879576 0.0016751
26 0.281725 0.523962 0.0457034 0.106735 0.00167245
28 0.533294 0.363431 0.0418844 0.0557108 0.00165832
35 0.303228 0.589551 0.0430271 0.0589065 0.00165623
0 0.357268 0.556444 0.0313412 0.176181 0.00164494
0 0.786814 0.309333 0.0420738 0.0778136 0.00163901
26 0.325278 0.575276 0.0618585 0.227988 0.00163493
0 0.648134 0.270648 0.0549463 0.122942 0.00163373
0 0.437666 0.459939 0.0221725 0.0290546 0.00163135
0 0.283754 0.517992 0.0303756 0.0834779 0.00163111
0 0.268343 0.642234 0.0539053 0.261 0.00161913
0 0.519091 0.40637 0.0865858 0.144644 0.0016166
0 0.301591 0.585138 0.0462708 0.0898228 0.00161293
4 0.461301 0.370247 0.283007 0.185067 0.00160789
0 0.796634 0.297068 0.0562931 0.0583387 0.00160742
24 0.562614 0.545531 0.0209806 0.0665656 0.00159657
0 0.464689 0.588819 0.0369965 0.25548 0.00159311
39 0.261399 0.850713 0.00880723 0.0131997 0.0015811
0 0.11964 0.574481 0.013405 0.0267952 0.00158015
14 0.304974 0.100307 0.0112849 0.0312743 0.00157791
26 0.439758 0.660696 0.0308132 0.101996 0.00157571
0 0.364888 0.616173 0.0237444 0.14248 0.00157189
4 0.275987 0.487244 0.548342 0.40928 0.00156626
0 0.450193 0.646595 0.0422401 0.145425 0.00156313
4 0.425068 0.361079 0.206752 0.165506 0.00155193
26 0.610871 0.526775 0.0356243 0.12076 0.00154904
0 0.299409 0.598725 0.0403767 0.074165 0.00154594
26 0.547047 0.536207 0.0323208 0.106214 0.00154558
0 0.703733 0.295768 0.0356268 0.0616878 0.00154462
28 0.441374 0.655476 0.0274917 0.108623 0.00154206
4 0.180508 0.484866 0.358082 0.381187 0.00153819
