20 0.629586 0.622927 0.732263 0.731714 0.951879
20 0.337649 0.480252 0.673495 0.941569 0.947624
20 0.163069 0.764415 0.324368 0.359706 0.0282057
20 0.362681 0.774188 0.39635 0.387047 0.024546
20 0.248428 0.766658 0.153976 0.361595 0.0186163
24 0.0833392 0.841769 0.166356 0.285834 0.0105055
20 0.162021 0.654744 0.324042 0.582434 0.00784314
13 0.818254 0.241907 0.157204 0.0613995 0.00520185
13 0.861453 0.240533 0.244003 0.0612896 0.0045006
26 0.0841026 0.841849 0.168016 0.285659 0.00237352
7 0.870323 0.335996 0.259302 0.259904 0.00237072
20 0.083615 0.842638 0.166423 0.286137 0.00203794
13 0.815997 0.231868 0.151321 0.0417367 0.00201824
20 0.285528 0.770383 0.571057 0.386823 0.00187641
20 0.303128 0.634673 0.534084 0.661059 0.00171694
56 0.0834782 0.842372 0.166956 0.285489 0.00171629
13 0.940996 0.222353 0.116346 0.0374253 0.0016205
28 0.0833392 0.841769 0.166356 0.285834 0.00144988
2 0.698057 0.271138 0.132762 0.0335631 0.00137269
21 0.337757 0.477334 0.672949 0.937285 0.00120348
45 0.938007 0.222455 0.108628 0.0376061 0.00117698
2 0.86772 0.337458 0.262524 0.259643 0.00116214
2 0.941484 0.222706 0.116576 0.0376599 0.00112048
5 0.869438 0.337629 0.258993 0.259339 0.00110638
25 0.985328 0.143473 0.028442 0.0369947 0.00102398
13 0.870323 0.335996 0.259302 0.259904 0.00100496
