14 0.495586 0.313909 0.0553492 0.0460299 0.787136
14 0.712159 0.380366 0.0362125 0.0397025 0.766119
14 0.181584 0.427846 0.0586951 0.0459858 0.766049
14 0.386666 0.286906 0.0569503 0.0369848 0.765883
14 0.0191524 0.407751 0.0375645 0.0340389 0.758627
14 0.718219 0.467018 0.0338324 0.0345782 0.731976
14 0.26363 0.397331 0.0475554 0.0278948 0.714446
14 0.951974 0.382576 0.0334808 0.0265574 0.622289
0 0.387881 0.673012 0.0201165 0.0655009 0.259224
0 0.797364 0.685474 0.0240189 0.0324153 0.246336
0 0.836096 0.681855 0.0277983 0.0388949 0.193466
8 0.546894 0.65878 0.0131123 0.019662 0.156522
0 0.725226 0.678557 0.0169235 0.0393706 0.132961
14 0.793354 0.612771 0.0140327 0.0267192 0.102734
0 0.721276 0.678873 0.0239659 0.041125 0.0901267
8 0.885752 0.623099 0.0759506 0.0269282 0.0523742
8 0.546998 0.64919 0.013887 0.0393089 0.0519002
0 0.546894 0.65878 0.0131123 0.019662 0.0279399
8 0.875881 0.623058 0.0571548 0.0242981 0.0233446
0 0.547435 0.65532 0.0119047 0.0271791 0.021123
14 0.546894 0.65878 0.0131123 0.019662 0.019318
8 0.72523 0.626464 0.0185397 0.0126928 0.0171909
8 0.905803 0.621945 0.0359138 0.0259702 0.0164943
14 0.787783 0.612615 0.0267551 0.0276096 0.0149117
8 0.677802 0.629968 0.0815617 0.0240252 0.0129871
13 0.51509 0.715613 0.194546 0.0284877 0.0105473
0 0.715925 0.682216 0.0333446 0.0426751 0.00943393
0 0.388604 0.691028 0.0266098 0.0492125 0.00918722
14 0.561745 0.328814 0.447104 0.140347 0.0087148
13 0.373431 0.689829 0.0202703 0.0284162 0.00849026
8 0.514353 0.700716 0.190303 0.0583504 0.0081749
56 0.715925 0.682216 0.0333446 0.0426751 0.00811255
8 0.501572 0.623322 0.0416288 0.0486951 0.00756651
8 0.662249 0.633429 0.117349 0.0322047 0.0073179
14 0.794092 0.614722 0.0163574 0.0330054 0.00709733
8 0.51509 0.715613 0.194546 0.0284877 0.00651124
14 0.541702 0.371408 0.4046 0.223122 0.00580463
14 0.292865 0.366158 0.477843 0.210177 0.00556964
0 0.853391 0.682086 0.024721 0.0348343 0.0053688
0 0.282911 0.640373 0.0104128 0.0160469 0.0053561
13 0.3827 0.694688 0.0425554 0.0409821 0.00529236
0 0.845467 0.682822 0.0412365 0.0362475 0.00521818
14 0.161913 0.408775 0.319325 0.0619272 0.00516137
13 0.715925 0.682216 0.0333446 0.0426751 0.00461647
0 0.797837 0.696252 0.0266567 0.0564629 0.00443339
8 0.547435 0.65532 0.0119047 0.0271791 0.00440031
14 0.797298 0.685341 0.0242434 0.0325297 0.00434613
8 0.768072 0.619636 0.0876329 0.0423875 0.004273
14 0.428384 0.377902 0.714627 0.248113 0.00420165
0 0.730718 0.678758 0.02689 0.0410594 0.00414613
14 0.547435 0.65532 0.0119047 0.0271791 0.00401133
14 0.441161 0.305641 0.17503 0.0740033 0.00398973
56 0.373431 0.689829 0.0202703 0.0284162 0.00387037
8 0.766183 0.626277 0.0969396 0.0299661 0.00371161
33 0.718126 0.467048 0.0335777 0.0343907 0.00370225
8 0.52973 0.642844 0.0158811 0.01681 0.00344568
8 0.492285 0.620926 0.0126333 0.0434293 0.0033868
13 0.389145 0.70147 0.0262012 0.027253 0.00337178
13 0.50934 0.709603 0.160046 0.02149 0.00334626
13 0.394806 0.708515 0.0764587 0.0258507 0.00330806
7 0.886777 0.622719 0.0731766 0.0266406 0.0032528
14 0.783461 0.618048 0.0409164 0.0387184 0.00309002
13 0.19072 0.707125 0.018106 0.0147222 0.00305787
8 0.704434 0.633206 0.146875 0.0289102 0.00304255
14 0.796862 0.615774 0.0266041 0.0330573 0.00298557
13 0.209119 0.7033 0.040945 0.0212283 0.00298184
8 0.664119 0.626348 0.0694406 0.191022 0.00296596
14 0.441241 0.328232 0.599184 0.131351 0.00293788
8 0.740089 0.628625 0.0460477 0.0146641 0.00287032
2 0.725595 0.626236 0.0172075 0.0114998 0.00285393
8 0.84998 0.625449 0.0919523 0.0281375 0.00277951
5 0.298705 0.628974 0.0710822 0.0230793 0.00277731
8 0.645519 0.703624 0.470366 0.0566505 0.00275156
0 0.0743198 0.698982 0.0184627 0.030307 0.00273538
8 0.836143 0.681626 0.0272758 0.0382331 0.00270647
13 0.296974 0.711287 0.117318 0.0264432 0.00266156
8 0.916028 0.622409 0.092075 0.0263887 0.00256285
0 0.0412966 0.706734 0.0127788 0.0170818 0.00250185
8 0.663837 0.659838 0.112988 0.0841746 0.00247711
0 0.292358 0.639391 0.011681 0.0149437 0.00246271
14 0.774291 0.618818 0.0561571 0.0407438 0.00246206
8 0.806312 0.620507 0.106857 0.0405263 0.00245488
0 0.793613 0.615553 0.0154003 0.0320031 0.00245157
0 0.316742 0.639015 0.0148733 0.0114754 0.00240716
0 0.546998 0.64919 0.013887 0.0393089 0.00238961
13 0.3111 0.709673 0.10005 0.0249433 0.00237966
8 0.911327 0.61912 0.0247101 0.024457 0.00237575
0 0.730774 0.680434 0.0472887 0.045199 0.00234425
13 0.388604 0.691028 0.0266098 0.0492125 0.00232944
14 0.247533 0.18209 0.040575 0.0313174 0.00227657
14 0.725699 0.467413 0.0496805 0.0345264 0.00226584
14 0.793469 0.618776 0.0411551 0.0388709 0.00226268
13 0.41665 0.705098 0.0310912 0.0182927 0.00223354
8 0.50934 0.709603 0.160046 0.02149 0.00218064
8 0.715946 0.681413 0.0340063 0.0419835 0.00216606
0 0.665792 0.675714 0.0152605 0.0717266 0.00214207
8 0.816669 0.621992 0.217772 0.0417703 0.00212929
13 0.328076 0.708807 0.0667592 0.0199148 0.00205022
14 0.836096 0.681855 0.0277983 0.0388949 0.00203505
2 0.886361 0.623133 0.0736567 0.0258929 0.00202778
14 0.0269054 0.406839 0.0538108 0.0357292 0.00195166
33 0.663116 0.54443 0.0318615 0.0267225 0.00191304
8 0.0832925 0.638077 0.164962 0.0815278 0.001883
25 0.836143 0.681626 0.0272758 0.0382331 0.00187892
8 0.831841 0.629769 0.0612698 0.0197202 0.00185221
8 0.783461 0.618048 0.0409164 0.0387184 0.00184441
8 0.774291 0.618818 0.0561571 0.0407438 0.00180882
56 0.472551 0.687648 0.0215716 0.0306408 0.00180703
0 0.389145 0.70147 0.0262012 0.027253 0.00179607
0 0.392617 0.677891 0.0403453 0.0746936 0.00171366
8 0.84514 0.619473 0.128885 0.0385671 0.00171262
2 0.67694 0.629815 0.0815504 0.0224219 0.00168771
8 0.299919 0.629302 0.0727071 0.023357 0.00166997
8 0.793613 0.615553 0.0154003 0.0320031 0.00163394
8 0.939027 0.627027 0.0365578 0.0150892 0.00162864
13 0.316315 0.717767 0.0890351 0.0237511 0.00159615
13 0.295597 0.715605 0.130465 0.0280575 0.00159416
13 0.298873 0.628538 0.071117 0.0215422 0.00158831
8 0.677097 0.642926 0.0846947 0.0499228 0.00157627
8 0.544101 0.652446 0.0188749 0.0313441 0.00157195
14 0.703444 0.380596 0.055533 0.0397732 0.0015448
0 0.0322181 0.707005 0.0140434 0.0153669 0.00152671
8 0.780067 0.627489 0.134076 0.0328475 0.00150928
14 0.821819 0.621425 0.200841 0.0454152 0.00146544
14 0.95264 0.375103 0.0365509 0.0416367 0.00142637
13 0.334879 0.707104 0.0586322 0.0173762 0.00141183
2 0.836143 0.681626 0.0272758 0.0382331 0.00139433
13 0.324784 0.718051 0.0668788 0.0219203 0.00137213
56 0.3827 0.694688 0.0425554 0.0409821 0.00136808
8 0.203879 0.621897 0.0452992 0.061926 0.00136438
13 0.210938 0.695942 0.025089 0.0326085 0.00134662
13 0.284302 0.709936 0.143182 0.0216048 0.00133926
14 0.812689 0.619225 0.0699379 0.0402809 0.0012919
13 0.457886 0.709042 0.070537 0.0164934 0.00128666
0 0.721557 0.685419 0.0486975 0.0540718 0.0012562
14 0.546998 0.64919 0.013887 0.0393089 0.00125173
13 0.377399 0.688552 0.0290808 0.0350414 0.00125113
13 0.214824 0.705038 0.033884 0.0175921 0.00124386
8 0.539189 0.634516 0.034704 0.0312721 0.00123933
4 0.885752 0.623099 0.0759506 0.0269282 0.00122786
4 0.263701 0.397362 0.0477545 0.0287519 0.00121507
8 0.519196 0.638111 0.0214338 0.0180173 0.00121343
8 0.394806 0.708515 0.0764587 0.0258507 0.00121084
56 0.853391 0.682086 0.024721 0.0348343 0.00119674
14 0.952661 0.390914 0.0368446 0.043185 0.00119492
58 0.836096 0.681855 0.0277983 0.0388949 0.00118288
13 0.495644 0.708161 0.147995 0.0169596 0.00117499
56 0.388604 0.691028 0.0266098 0.0492125 0.00114512
56 0.19072 0.707125 0.018106 0.0147222 0.00114146
8 0.766314 0.632734 0.136153 0.0231598 0.00111428
13 0.203115 0.696871 0.0523321 0.0363462 0.00110704
6 0.299919 0.629302 0.0727071 0.023357 0.00110388
14 0.316907 0.367117 0.389738 0.167238 0.00110295
8 0.793469 0.618776 0.0411551 0.0388709 0.00107229
7 0.299919 0.629302 0.0727071 0.023357 0.00106356
56 0.286759 0.689203 0.0214428 0.0226283 0.00105488
8 0.54836 0.642618 0.0187579 0.0411387 0.0010376
14 0.511647 0.308298 0.0254944 0.0399296 0.00102934
56 0.633412 0.685752 0.0221469 0.0354471 0.00101832
8 0.845467 0.682822 0.0412365 0.0362475 0.00101253
