50 0.748218 0.594611 0.499167 0.372495 0.93779
0 0.58462 0.512137 0.817509 0.959331 0.639119
56 0.082686 0.817294 0.16096 0.352578 0.0870964
0 0.750063 0.671589 0.498363 0.639103 0.0308953
60 0.749988 0.695949 0.498338 0.583786 0.0144182
0 0.756505 0.801181 0.483958 0.379046 0.00644791
56 0.135407 0.756309 0.266433 0.33134 0.00495541
40 0.751522 0.801811 0.493327 0.379396 0.00456688
56 0.171479 0.788794 0.240602 0.409609 0.00411391
56 0.0740593 0.861847 0.144775 0.27008 0.00389025
50 0.768558 0.531381 0.462883 0.246091 0.00383943
58 0.748538 0.596171 0.498645 0.37623 0.00369531
45 0.749988 0.695949 0.498338 0.583786 0.00332233
62 0.480247 0.232459 0.774531 0.450042 0.00316513
68 0.489797 0.225713 0.927419 0.441232 0.00312665
56 0.194465 0.793583 0.132827 0.37795 0.00309592
56 0.0691338 0.144212 0.134812 0.280411 0.00303313
50 0.670089 0.586949 0.34498 0.340831 0.00303039
56 0.402257 0.810581 0.804514 0.365287 0.00284615
56 0.168808 0.810646 0.32854 0.36472 0.00282302
58 0.749988 0.695949 0.498338 0.583786 0.00276372
56 0.0853681 0.27079 0.166996 0.525578 0.00269163
50 0.73718 0.645842 0.473506 0.265267 0.00222728
50 0.729438 0.557004 0.421186 0.296995 0.00217605
47 0.748538 0.596171 0.498645 0.37623 0.00216258
40 0.748599 0.678033 0.502324 0.62467 0.00216013
54 0.748538 0.596171 0.498645 0.37623 0.00215366
72 0.49263 0.474213 0.956983 0.924434 0.00214401
50 0.770667 0.489388 0.458667 0.161567 0.00212324
56 0.0703209 0.897683 0.138804 0.197988 0.00174761
13 0.0889825 0.816719 0.172985 0.355052 0.00165999
56 0.187334 0.86315 0.125841 0.267404 0.00157914
73 0.0837107 0.265118 0.164336 0.515723 0.00152728
72 0.502829 0.283513 0.994342 0.556091 0.00151867
56 0.758617 0.835453 0.477695 0.308387 0.00145113
56 0.262643 0.795871 0.119114 0.39269 0.00143996
48 0.748538 0.596171 0.498645 0.37623 0.00124446
14 0.748538 0.596171 0.498645 0.37623 0.0011963
43 0.533332 0.84986 0.0901591 0.0436514 0.00117812
60 0.0840804 0.817599 0.164126 0.353588 0.00117132
56 0.470401 0.221751 0.871839 0.427279 0.00116056
59 0.0843999 0.268413 0.165288 0.521786 0.00114202
50 0.830625 0.724936 0.172202 0.0952465 0.00113779
56 0.164409 0.813683 0.177097 0.363321 0.00106415
56 0.129816 0.270893 0.25536 0.527098 0.00105944
50 0.620528 0.587677 0.243344 0.310645 0.00104919
44 0.533332 0.84986 0.0901591 0.0436514 0.00104845
53 0.746848 0.595184 0.503056 0.373138 0.00100818
