20 0.247355 0.694601 0.0763944 0.145913 0.834359
20 0.651932 0.691094 0.108795 0.170009 0.795667
20 0.366396 0.671154 0.112093 0.192731 0.793364
20 0.0443729 0.690178 0.080882 0.136722 0.787203
20 0.558324 0.721103 0.0646114 0.100912 0.71581
20 0.787516 0.693431 0.114095 0.175046 0.616105
20 0.165435 0.712945 0.0550296 0.0918682 0.372267
20 0.15536 0.710807 0.0787301 0.0986328 0.314029
20 0.158774 0.716449 0.04073 0.0855518 0.287739
20 0.156859 0.730671 0.0365064 0.060664 0.134461
20 0.272711 0.692536 0.0955266 0.144683 0.124254
20 0.298153 0.678748 0.0494511 0.114543 0.070491
19 0.557925 0.722562 0.0633986 0.101639 0.0682831
20 0.632772 0.691155 0.0706476 0.167069 0.0667454
20 0.6828 0.712412 0.0484346 0.11451 0.0375076
20 0.302236 0.665711 0.0397704 0.0794437 0.0327564
20 0.293655 0.696178 0.0492192 0.135539 0.0324413
20 0.407489 0.703354 0.0313173 0.125376 0.0247699
20 0.945903 0.554383 0.0281719 0.109349 0.0246427
20 0.689286 0.689523 0.0365694 0.14806 0.0244985
19 0.787721 0.691572 0.113832 0.178101 0.0218795
20 0.164157 0.702185 0.0705356 0.114906 0.0208321
20 0.0880932 0.645468 0.0270869 0.0664131 0.0205772
20 0.94426 0.549934 0.0398886 0.122638 0.0174847
19 0.302236 0.665711 0.0397704 0.0794437 0.0173222
22 0.836206 0.712858 0.0212509 0.0913275 0.014973
20 0.184835 0.70503 0.0241049 0.0887958 0.0143325
19 0.247355 0.694601 0.0763944 0.145913 0.0127262
19 0.0441284 0.690555 0.0805911 0.134485 0.0121292
19 0.299247 0.694297 0.0468381 0.134453 0.0121162
19 0.159212 0.72156 0.0398715 0.0728952 0.0117388
22 0.685307 0.705989 0.043747 0.117073 0.0114611
17 0.557672 0.722893 0.0633907 0.100263 0.0105829
20 0.127169 0.680841 0.0230429 0.0407771 0.0102672
22 0.299247 0.694297 0.0468381 0.134453 0.00974676
22 0.301669 0.6731 0.0405204 0.0896163 0.00891361
20 0.215323 0.652741 0.0214411 0.0748023 0.00884256
19 0.156859 0.730671 0.0365064 0.060664 0.00840431
20 0.697521 0.689204 0.022711 0.142954 0.00826889
19 0.366338 0.672395 0.110465 0.193419 0.0081411
22 0.787721 0.691572 0.113832 0.178101 0.0076417
20 0.290832 0.728294 0.0253973 0.073004 0.00749469
19 0.290832 0.728294 0.0253973 0.073004 0.00748587
2 0.0661858 0.478001 0.0714289 0.0513658 0.00748172
19 0.646239 0.690419 0.0988537 0.170651 0.00703308
22 0.0870018 0.642679 0.030724 0.0739451 0.00679567
20 0.698689 0.667095 0.0215599 0.100451 0.00655821
22 0.689286 0.689523 0.0365694 0.14806 0.00651819
20 0.105108 0.659761 0.0661095 0.0590889 0.00625595
19 0.157006 0.711452 0.0641335 0.0957986 0.0061563
22 0.409228 0.701841 0.0318546 0.125494 0.00609878
20 0.143763 0.698125 0.0763209 0.0739047 0.00599474
20 0.284726 0.724089 0.0255179 0.084163 0.00562343
20 0.588797 0.71243 0.0298723 0.0965992 0.00538424
22 0.0897167 0.653324 0.0248584 0.0751647 0.00517619
20 0.313867 0.704407 0.0245111 0.116681 0.00494149
22 0.697521 0.689204 0.022711 0.142954 0.00491792
17 0.787721 0.691572 0.113832 0.178101 0.00487915
20 0.678283 0.687779 0.0580136 0.164391 0.00461173
20 0.0860969 0.655179 0.0280895 0.0790341 0.00442985
20 0.18947 0.688482 0.0228159 0.0892472 0.00439459
20 0.716878 0.69161 0.0556881 0.138811 0.00436556
20 0.207597 0.663513 0.0370432 0.0943884 0.00431213
19 0.167407 0.711321 0.0598829 0.0986151 0.00422746
22 0.716878 0.69161 0.0556881 0.138811 0.00405088
2 0.07957 0.486641 0.0585473 0.0620096 0.00377408
22 0.698689 0.667095 0.0215599 0.100451 0.00377369
20 0.590136 0.69455 0.0320742 0.0864405 0.0037733
20 0.331675 0.691178 0.046683 0.148471 0.00372475
18 0.558087 0.721831 0.0638714 0.10065 0.00367582
19 0.0880932 0.645468 0.0270869 0.0664131 0.00366515
19 0.284726 0.724089 0.0255179 0.084163 0.00351688
20 0.183124 0.725753 0.0275096 0.0576489 0.00324425
22 0.651777 0.690597 0.109435 0.171301 0.00321367
25 0.277537 0.519659 0.0595549 0.0580395 0.00321192
20 0.140436 0.701393 0.11115 0.103035 0.00319809
22 0.410792 0.675386 0.0315233 0.0755551 0.00305808
20 0.666823 0.71952 0.032576 0.100378 0.00297338
17 0.366338 0.672395 0.110465 0.193419 0.0029375
20 0.00973902 0.71233 0.0179406 0.0889669 0.00277039
20 0.337219 0.717309 0.0555437 0.0951346 0.0026449
20 0.712782 0.656196 0.0442223 0.0690303 0.00260329
18 0.787936 0.696753 0.115026 0.161301 0.0025793
20 0.738307 0.716914 0.0182652 0.107314 0.00248492
20 0.144984 0.717061 0.073246 0.0910226 0.00240177
19 0.318702 0.734221 0.018652 0.0579637 0.00239086
22 0.110541 0.678855 0.0548042 0.0587833 0.00237778
20 0.325001 0.675776 0.0449466 0.179438 0.00235832
22 0.895998 0.703267 0.0207787 0.0477649 0.00234407
22 0.844415 0.711208 0.0356279 0.0865725 0.00229988
19 0.685243 0.711791 0.0417657 0.105126 0.00225681
20 0.00755336 0.698959 0.0142227 0.109059 0.00222701
20 0.365553 0.591747 0.0874674 0.0533809 0.00219774
20 0.983223 0.524694 0.0299187 0.0834737 0.00219515
19 0.406912 0.704035 0.0315142 0.124864 0.00216696
17 0.651537 0.689732 0.109545 0.17013 0.00214031
19 0.30137 0.714792 0.0356993 0.0990438 0.00212619
20 0.318702 0.734221 0.018652 0.0579637 0.00211111
22 0.125023 0.680791 0.0276023 0.0449337 0.00205371
20 0.591046 0.732994 0.0265255 0.0744132 0.00204319
20 0.835556 0.716295 0.0195494 0.0961766 0.00202906
2 0.0679756 0.480937 0.0807539 0.0655505 0.00202808
0 0.120218 0.491875 0.0189666 0.0510995 0.0020057
20 0.726942 0.704687 0.0405964 0.106657 0.00195375
2 0.0861364 0.468173 0.0293106 0.0469424 0.00191635
22 0.558087 0.721831 0.0638714 0.10065 0.00190225
22 0.416353 0.698705 0.0408243 0.118185 0.00189257
20 0.953354 0.541304 0.0570438 0.126429 0.00189027
20 0.811049 0.622786 0.0352926 0.0490213 0.0018869
20 0.364457 0.602911 0.086867 0.0617278 0.00185102
18 0.159212 0.72156 0.0398715 0.0728952 0.0018304
17 0.247355 0.694601 0.0763944 0.145913 0.00182825
18 0.366338 0.672395 0.110465 0.193419 0.00182569
20 0.217362 0.662603 0.0184257 0.0849814 0.00180668
22 0.479742 0.706858 0.033633 0.0587542 0.00180206
20 0.240402 0.697881 0.0601754 0.128316 0.00179091
0 0.290832 0.728294 0.0253973 0.073004 0.00176182
17 0.299247 0.694297 0.0468381 0.134453 0.00175387
20 0.589805 0.678047 0.0305439 0.0898502 0.00174087
22 0.896498 0.695104 0.0309288 0.0646338 0.00174031
20 0.0720308 0.708372 0.0235002 0.0745367 0.00168583
20 0.397942 0.696255 0.0514631 0.139812 0.00162256
20 0.326963 0.733668 0.031742 0.0633737 0.00162059
22 0.726942 0.704687 0.0405964 0.106657 0.00161678
19 0.264366 0.694261 0.108516 0.146675 0.00159967
20 0.740219 0.739477 0.0197771 0.0725998 0.00158852
20 0.0110699 0.725072 0.0197266 0.066833 0.00158212
22 0.901363 0.69934 0.028441 0.0600547 0.00156954
0 0.303105 0.66191 0.0365164 0.0658217 0.0015569
23 0.685307 0.705989 0.043747 0.117073 0.00154367
22 0.0441284 0.690555 0.0805911 0.134485 0.00152183
18 0.651537 0.689732 0.109545 0.17013 0.00150201
22 0.488952 0.709427 0.0208408 0.0520192 0.00149643
22 0.984526 0.524706 0.025539 0.0692975 0.0014745
20 0.771065 0.694959 0.0825781 0.166334 0.00146163
20 0.30137 0.714792 0.0356993 0.0990438 0.00145078
21 0.159212 0.72156 0.0398715 0.0728952 0.00144771
19 0.0110699 0.725072 0.0197266 0.066833 0.00142851
0 0.284726 0.724089 0.0255179 0.084163 0.00142604
20 0.172755 0.689769 0.0606622 0.111349 0.00142217
19 0.313867 0.704407 0.0245111 0.116681 0.00141206
22 0.883025 0.698622 0.0558109 0.0689404 0.00138396
17 0.302236 0.665711 0.0397704 0.0794437 0.0013549
22 0.472243 0.70942 0.0287266 0.0523704 0.00135025
20 0.934943 0.545055 0.0597822 0.120084 0.00134295
20 0.408707 0.676695 0.0284599 0.0774595 0.00133565
19 0.698689 0.667095 0.0215599 0.100451 0.00132474
17 0.0441284 0.690555 0.0805911 0.134485 0.00130624
22 0.303105 0.66191 0.0365164 0.0658217 0.00129026
18 0.302236 0.665711 0.0397704 0.0794437 0.00126398
22 0.946209 0.553459 0.0304386 0.1094 0.00126296
19 0.127169 0.680841 0.0230429 0.0407771 0.00124633
22 0.290832 0.728294 0.0253973 0.073004 0.00124601
19 0.689286 0.689523 0.0365694 0.14806 0.00122789
21 0.15536 0.710807 0.0787301 0.0986328 0.00118399
22 0.821424 0.691371 0.0482765 0.165348 0.00117871
20 0.110541 0.678855 0.0548042 0.0587833 0.00116074
20 0.350201 0.702285 0.0790637 0.125286 0.00114799
22 0.712782 0.656196 0.0442223 0.0690303 0.00113338
22 0.167407 0.711321 0.0598829 0.0986151 0.00112405
20 0.192578 0.67659 0.058078 0.0838096 0.00109464
20 0.393489 0.716013 0.0165194 0.0976937 0.00109154
22 0.473795 0.701484 0.0453922 0.0692658 0.00108194
22 0.454782 0.709924 0.0635471 0.0595388 0.00107065
0 0.697855 0.688485 0.0207828 0.147691 0.00106382
19 0.944448 0.549865 0.0376663 0.114026 0.00106335
20 0.0693978 0.694862 0.0283807 0.110534 0.00106162
17 0.158774 0.716449 0.04073 0.0855518 0.00105941
20 0.797508 0.62831 0.0646626 0.0597731 0.00105312
20 0.359215 0.582446 0.0629536 0.0452482 0.00105163
0 0.318702 0.734221 0.018652 0.0579637 0.00104403
0 0.215323 0.652741 0.0214411 0.0748023 0.00104257
19 0.184835 0.70503 0.0241049 0.0887958 0.00104225
18 0.246171 0.693852 0.0743691 0.147997 0.00104207
20 0.0837261 0.636568 0.0388914 0.0783295 0.00103703
0 0.0870018 0.642679 0.030724 0.0739451 0.00103626
20 0.483362 0.706843 0.0297912 0.0624882 0.00103229
22 0.837955 0.675649 0.0238922 0.141493 0.00103125
20 0.201399 0.671836 0.0494286 0.108654 0.00103056
20 0.121759 0.68978 0.0363194 0.0542809 0.00102308
0 0.302898 0.677123 0.0373618 0.0920957 0.00102037
20 0.139523 0.645414 0.0408511 0.0483923 0.00101778
22 0.436577 0.699405 0.0801034 0.114259 0.00101674
22 0.214018 0.654025 0.0234199 0.0800196 0.00101265
