59 0.54792 0.648071 0.901336 0.691113 0.29881
59 0.550906 0.826555 0.897723 0.326358 0.25015
39 0.211203 0.679238 0.108692 0.119415 0.0243161
56 0.545956 0.636573 0.905667 0.71805 0.0206943
59 0.52253 0.421818 0.95494 0.823195 0.0175864
28 0.545956 0.636573 0.905667 0.71805 0.0127858
73 0.212473 0.69693 0.0713484 0.0753345 0.0112689
56 0.944047 0.909252 0.110955 0.176261 0.0089339
73 0.209226 0.683508 0.0917369 0.1046 0.00639203
59 0.598081 0.176521 0.803051 0.320067 0.00622159
59 0.544421 0.799076 0.864252 0.183052 0.00564036
73 0.946221 0.85179 0.107367 0.0646711 0.00485498
73 0.249667 0.696976 0.0341515 0.0726204 0.00472796
59 0.608331 0.792062 0.782101 0.260255 0.00409347
25 0.601989 0.162916 0.796021 0.309092 0.00357425
73 0.577827 0.907799 0.687815 0.167908 0.00342551
73 0.669749 0.950942 0.510134 0.0900087 0.0033136
39 0.219557 0.67927 0.0755006 0.119061 0.00312984
62 0.48562 0.609422 0.20764 0.234166 0.00273809
60 0.945263 0.907924 0.109474 0.176191 0.00249189
57 0.558914 0.636254 0.882171 0.716241 0.00235492
39 0.212473 0.69693 0.0713484 0.0753345 0.00203389
73 0.180216 0.70121 0.0424266 0.073054 0.00194463
56 0.590706 0.911059 0.800971 0.170033 0.00187108
61 0.545956 0.636573 0.905667 0.71805 0.00179446
59 0.54265 0.871929 0.85663 0.243039 0.00177765
75 0.209585 0.681048 0.109006 0.12062 0.00174397
72 0.546025 0.830664 0.898605 0.323151 0.0016804
56 0.209729 0.679558 0.119264 0.118594 0.00158444
0 0.207063 0.678466 0.0937536 0.116499 0.00152987
73 0.236107 0.696263 0.0673803 0.0737019 0.00150281
73 0.194387 0.700844 0.0655824 0.0738263 0.00146183
0 0.0869351 0.681256 0.0960019 0.183973 0.0013321
58 0.210994 0.677954 0.0954097 0.115022 0.00130776
39 0.0923295 0.677714 0.0887062 0.182998 0.00130391
59 0.702516 0.825263 0.594235 0.317542 0.00127754
60 0.54923 0.82775 0.89984 0.326098 0.00119129
59 0.591644 0.914729 0.74711 0.156211 0.00118458
56 0.546025 0.830664 0.898605 0.323151 0.00116986
39 0.219728 0.671112 0.0531932 0.103259 0.00114685
68 0.546025 0.830664 0.898605 0.323151 0.00111714
13 0.542535 0.620893 0.911066 0.749376 0.00108063
14 0.597878 0.160505 0.798634 0.307335 0.0010207
