0 0.647514 0.763619 0.206967 0.464175 0.897811
0 0.504103 0.623783 0.167443 0.494067 0.897411
0 0.744857 0.712101 0.121741 0.514563 0.862797
0 0.0387897 0.779396 0.077442 0.430623 0.817248
32 0.571013 0.560726 0.0281492 0.0448767 0.253229
0 0.0299055 0.751993 0.059804 0.378098 0.20696
35 0.771425 0.61152 0.0176329 0.0525368 0.136462
35 0.715946 0.773034 0.0615625 0.0668135 0.129665
35 0.767292 0.609114 0.0261305 0.0566854 0.107411
0 0.718913 0.852758 0.0644307 0.226809 0.0948552
34 0.801629 0.711142 0.0534786 0.0407791 0.0844897
35 0.574062 0.735358 0.0608271 0.100515 0.0829318
35 0.761513 0.60357 0.0380951 0.0794189 0.0725839
35 0.595314 0.809797 0.0290558 0.0868865 0.0678697
35 0.779746 0.590116 0.0429756 0.0888214 0.06625
35 0.716838 0.756274 0.0616149 0.0703915 0.059643
34 0.708481 0.867045 0.0239182 0.185475 0.0592133
35 0.571156 0.560188 0.0277613 0.0440516 0.0546283
34 0.0357767 0.847978 0.0313536 0.0635215 0.048898
34 0.0333045 0.84115 0.0326969 0.0799985 0.0431317
35 0.717395 0.592526 0.0613645 0.0880714 0.0393109
35 0.783888 0.580745 0.0393677 0.0869663 0.039052
35 0.749598 0.607064 0.0195482 0.0563886 0.0372557
35 0.787433 0.583978 0.0317929 0.0704081 0.0356755
35 0.723839 0.792533 0.0473073 0.0890246 0.0298561
35 0.72509 0.815559 0.0478615 0.115482 0.0274473
35 0.764437 0.594821 0.0330603 0.0821716 0.0255661
35 0.75398 0.597772 0.0274138 0.0840925 0.0203672
34 0.70682 0.888461 0.0286036 0.139167 0.0192715
35 0.0335279 0.85177 0.0319898 0.0586905 0.0182652
35 0.791328 0.592075 0.0230638 0.0555244 0.0178863
0 0.718466 0.760761 0.0667143 0.40646 0.017226
35 0.756653 0.607536 0.0337866 0.0772854 0.0162072
34 0.701373 0.865568 0.0370724 0.18198 0.0159529
35 0.706299 0.747419 0.0399373 0.0686265 0.0139427
35 0.705479 0.764832 0.0401907 0.0422541 0.0137585
34 0.572182 0.721958 0.0636776 0.0949615 0.0135787
35 0.724019 0.84156 0.0494202 0.215817 0.0129012
35 0.727201 0.825631 0.0454985 0.0467009 0.0105481
35 0.483321 0.599131 0.0411246 0.0460626 0.0102216
0 0.765854 0.753252 0.0683063 0.425167 0.0102021
34 0.563491 0.706565 0.0852507 0.106176 0.0100899
0 0.745775 0.784798 0.107029 0.362817 0.00966606
34 0.0533053 0.914403 0.0473538 0.153731 0.00926512
34 0.715752 0.872511 0.0326775 0.177583 0.00894699
0 0.77094 0.883941 0.0540905 0.155193 0.00882843
35 0.722144 0.594812 0.0424018 0.080719 0.00837186
34 0.810395 0.722425 0.0652004 0.0502617 0.00836766
34 0.0285412 0.837799 0.0387913 0.0877331 0.00811711
0 0.744849 0.856184 0.108732 0.21888 0.00800267
34 0.711511 0.885509 0.0275156 0.146839 0.00762525
35 0.747824 0.64254 0.020628 0.0242233 0.00749844
34 0.701182 0.89125 0.0343946 0.128231 0.00749579
35 0.583833 0.795385 0.0218029 0.0405724 0.0072479
35 0.691365 0.596875 0.0222471 0.0449674 0.00718147
35 0.767596 0.583791 0.039564 0.0912544 0.00703984
35 0.769375 0.612568 0.0196571 0.0650192 0.006883
35 0.587238 0.802647 0.0207829 0.0477852 0.00671449
35 0.489567 0.60813 0.0282962 0.0289452 0.00648242
35 0.0369759 0.856385 0.028647 0.0552884 0.00637311
34 0.0369759 0.856385 0.028647 0.0552884 0.00636894
0 0.723802 0.865348 0.0482594 0.199977 0.00632763
35 0.56493 0.792701 0.0347555 0.032132 0.00601909
34 0.551607 0.682002 0.0765439 0.0854347 0.0057705
35 0.542023 0.497539 0.0193244 0.040273 0.00557953
35 0.725509 0.805488 0.0495279 0.0734378 0.00532416
0 0.0152577 0.865734 0.0305154 0.268533 0.00530776
34 0.723802 0.865348 0.0482594 0.199977 0.00503013
35 0.679496 0.552762 0.0198437 0.0388137 0.00491825
35 0.75525 0.559285 0.0260955 0.0297904 0.00470486
35 0.748882 0.652962 0.0500642 0.0338272 0.00468686
34 0.040325 0.850997 0.0349131 0.0646161 0.00456658
0 0.743347 0.560624 0.117732 0.20567 0.00450426
0 0.744278 0.631133 0.120533 0.35016 0.00442383
35 0.732332 0.837928 0.033476 0.0325045 0.00426432
34 0.571375 0.702148 0.0591642 0.0593725 0.00423977
34 0.558741 0.678128 0.0878762 0.193555 0.00416613
34 0.534203 0.681402 0.0485418 0.0951271 0.00411174
35 0.0333603 0.835602 0.0328965 0.0867249 0.00387681
34 0.55349 0.712017 0.10099 0.151952 0.00385702
35 0.678768 0.564878 0.0238958 0.063294 0.0038169
34 0.52914 0.664642 0.060939 0.126256 0.00374377
0 0.566183 0.606001 0.038499 0.15464 0.00373521
35 0.750034 0.649597 0.0576855 0.0604505 0.00370002
0 0.769237 0.838908 0.060688 0.25293 0.00367248
0 0.568029 0.560285 0.0342787 0.0486048 0.00362495
35 0.567668 0.559518 0.036782 0.0512438 0.00362021
35 0.572312 0.543674 0.0261997 0.0760714 0.00361809
32 0.186221 0.794994 0.0243595 0.0184354 0.00356904
35 0.769348 0.84801 0.0394339 0.0715336 0.00355998
0 0.56684 0.639805 0.0460197 0.21151 0.00346106
35 0.570839 0.717023 0.0662153 0.106342 0.00338954
0 0.0690369 0.776676 0.137276 0.429393 0.00338909
35 0.763604 0.647572 0.0303722 0.0571167 0.00335512
0 0.724349 0.892106 0.0516184 0.146444 0.0032441
38 0.0357767 0.847978 0.0313536 0.0635215 0.00321445
35 0.0364136 0.844072 0.0325718 0.0676214 0.00317088
35 0.607516 0.810431 0.0553898 0.0960335 0.00299871
0 0.716338 0.591987 0.0643433 0.0870181 0.00293446
0 0.0197353 0.784707 0.0391064 0.420451 0.00292668
34 0.562693 0.69262 0.0767588 0.057976 0.00287345
32 0.716838 0.756274 0.0616149 0.0703915 0.00283009
34 0.0444103 0.921315 0.0663527 0.144248 0.00273085
0 0.566294 0.657592 0.0551271 0.260852 0.0026902
38 0.708481 0.867045 0.0239182 0.185475 0.00268894
0 0.0174365 0.824767 0.0308481 0.343204 0.00253958
35 0.700922 0.781272 0.0348801 0.0370511 0.00253764
38 0.715752 0.872511 0.0326775 0.177583 0.0024952
34 0.725584 0.894837 0.0457815 0.132286 0.00244716
35 0.593388 0.788882 0.0260633 0.12861 0.00238135
34 0.714628 0.892516 0.0393375 0.140731 0.00238129
38 0.724091 0.890525 0.0502474 0.141802 0.00237897
35 0.76119 0.778369 0.0397079 0.0774409 0.00231877
35 0.72521 0.782932 0.0660891 0.0939662 0.0023118
35 0.749363 0.556356 0.0212832 0.0296878 0.00230113
35 0.735412 0.561963 0.0296392 0.0334944 0.00228038
32 0.542023 0.497539 0.0193244 0.040273 0.0022597
35 0.763376 0.80897 0.0467276 0.145921 0.00220597
34 0.569172 0.559988 0.032115 0.0466492 0.00219193
34 0.536079 0.684808 0.0306314 0.0882261 0.00211743
34 0.719247 0.853006 0.0629025 0.223052 0.00209144
0 0.708849 0.873159 0.0202293 0.179577 0.00207251
35 0.466474 0.57835 0.0151009 0.0229373 0.00203031
35 0.470758 0.586825 0.0229525 0.0360181 0.00199413
38 0.723802 0.865348 0.0482594 0.199977 0.00199038
38 0.711603 0.883923 0.0283466 0.148565 0.00197622
35 0.763773 0.835879 0.0444641 0.0778623 0.0019646
0 0.701121 0.850481 0.0962503 0.198417 0.00194386
35 0.57047 0.5669 0.0307676 0.0613851 0.00189388
32 0.716909 0.770957 0.0612411 0.0689473 0.00179011
32 0.706299 0.747419 0.0399373 0.0686265 0.00178295
35 0.666559 0.566101 0.0474674 0.0667592 0.00176087
35 0.567705 0.609038 0.0363758 0.147224 0.00173208
35 0.750083 0.660347 0.0583264 0.0543259 0.00171924
35 0.772425 0.839598 0.0348389 0.0603934 0.00170884
0 0.022346 0.609277 0.0421705 0.0868369 0.00170553
35 0.50202 0.611535 0.0386042 0.0257889 0.00167954
38 0.0369759 0.856385 0.028647 0.0552884 0.00156286
34 0.801004 0.70241 0.0637791 0.0662265 0.00153139
35 0.483685 0.591222 0.0500685 0.046398 0.00150722
38 0.0333045 0.84115 0.0326969 0.0799985 0.00148737
35 0.0290538 0.827959 0.0384913 0.092377 0.00141972
35 0.713198 0.86577 0.0307499 0.172938 0.00139901
0 0.580193 0.66077 0.0723673 0.252554 0.00138944
42 0.803687 0.714139 0.0535791 0.0389331 0.00136745
0 0.0412498 0.879846 0.0719823 0.227895 0.00135481
35 0.706207 0.743972 0.0288249 0.0708285 0.00134587
34 0.750058 0.717828 0.113741 0.191518 0.00134
39 0.708533 0.740931 0.021442 0.0663851 0.00130504
35 0.783794 0.605506 0.0372324 0.0628789 0.00129893
35 0.620368 0.810129 0.0808226 0.094119 0.00129664
32 0.434481 0.520262 0.0249432 0.0328983 0.00129524
35 0.573088 0.522334 0.024016 0.048301 0.00122485
35 0.689502 0.569089 0.0284176 0.0707616 0.00122198
32 0.771425 0.61152 0.0176329 0.0525368 0.00122064
35 0.690935 0.582075 0.0282648 0.0819889 0.00121737
34 0.572312 0.543674 0.0261997 0.0760714 0.00120798
0 0.575128 0.806397 0.0626871 0.315976 0.00119114
67 0.542023 0.497539 0.0193244 0.040273 0.00115347
34 0.565846 0.686668 0.0563426 0.0633362 0.00115064
32 0.784432 0.581796 0.0374154 0.0811256 0.00112429
35 0.71798 0.562724 0.050915 0.038076 0.00111493
34 0.0249031 0.885951 0.0427968 0.211622 0.00108203
35 0.689825 0.553847 0.0324648 0.0421026 0.00107697
32 0.732332 0.837928 0.033476 0.0325045 0.00107473
32 0.767292 0.609114 0.0261305 0.0566854 0.00105271
34 0.716838 0.756274 0.0616149 0.0703915 0.00103942
32 0.659816 0.621592 0.0125084 0.0134214 0.00103769
0 0.713198 0.86577 0.0307499 0.172938 0.0010334
35 0.671876 0.575264 0.033942 0.0522151 0.00103182
34 0.550088 0.687308 0.0563169 0.0964481 0.00102973
34 0.530033 0.65754 0.0496582 0.073952 0.00101617
0 0.5887 0.823774 0.0705305 0.337508 0.00100648
