16 0.329283 0.769839 0.457527 0.243884 0.923044
1 0.129644 0.381353 0.254357 0.757514 0.80821
0 0.520385 0.288282 0.0255714 0.124672 0.544792
0 0.477266 0.291498 0.0306654 0.134014 0.516105
0 0.443958 0.289763 0.0267405 0.120123 0.44396
0 0.439955 0.284691 0.0288919 0.132382 0.301509
0 0.566534 0.285154 0.027851 0.126177 0.279983
0 0.747683 0.296659 0.0497732 0.103187 0.272793
0 0.569717 0.294627 0.0203363 0.10637 0.250089
0 0.561268 0.284058 0.0304974 0.127958 0.211693
0 0.755457 0.295489 0.0341097 0.102979 0.206382
0 0.494748 0.28448 0.020311 0.120577 0.193105
0 0.432054 0.277255 0.0282309 0.139149 0.17778
0 0.470349 0.290891 0.0322025 0.136044 0.170422
0 0.523945 0.279494 0.0231543 0.1084 0.144442
0 0.526123 0.287253 0.0291018 0.120341 0.143732
0 0.46384 0.287819 0.0210081 0.134694 0.140813
0 0.4536 0.284302 0.0232813 0.114774 0.128753
0 0.531847 0.289786 0.0216755 0.119174 0.127142
0 0.742975 0.305002 0.0445566 0.087001 0.0975469
1 0.129605 0.512281 0.250856 0.481831 0.0892028
0 0.497434 0.276665 0.0192408 0.108844 0.088628
1 0.0692658 0.167206 0.136912 0.332571 0.0880352
0 0.348286 0.321081 0.0196915 0.117412 0.08388
0 0.43011 0.267066 0.0227182 0.113252 0.0781796
0 0.502727 0.276314 0.0177809 0.108688 0.0717209
0 0.736916 0.316034 0.0332054 0.0653657 0.0648829
0 0.557909 0.259382 0.0207493 0.0718007 0.0589285
0 0.481592 0.268703 0.0206697 0.0864539 0.055901
0 0.539219 0.28489 0.0236813 0.116729 0.0546033
0 0.536427 0.283124 0.0170277 0.107713 0.0496152
0 0.507084 0.276937 0.0186656 0.108937 0.0470459
0 0.426287 0.27163 0.0280025 0.124039 0.0456976
0 0.543652 0.287887 0.0229965 0.114466 0.0444902
0 0.344776 0.314011 0.02175 0.123057 0.0440542
0 0.449091 0.282592 0.0215485 0.10506 0.0381607
0 0.466276 0.273788 0.0204973 0.0970465 0.0380951
2 0.391163 0.308863 0.0345695 0.0507704 0.0364235
0 0.430867 0.23901 0.0194113 0.0542371 0.0357522
0 0.506755 0.235798 0.0136671 0.0441791 0.0348656
0 0.56491 0.270908 0.020918 0.0914378 0.0330739
25 0.519348 0.214678 0.0301643 0.0432807 0.0327718
0 0.453908 0.253016 0.0190015 0.0519914 0.0322062
1 0.0620383 0.221695 0.122531 0.234917 0.0297632
0 0.529377 0.298448 0.0227287 0.109869 0.0290274
0 0.350276 0.333165 0.0216632 0.102363 0.0286885
25 0.455037 0.183186 0.0338497 0.0327055 0.0254069
0 0.541508 0.237707 0.0240793 0.0639987 0.0253741
0 0.546467 0.302439 0.0206198 0.0867544 0.0252821
13 0.390717 0.308829 0.0335605 0.0495292 0.0238853
0 0.435573 0.297539 0.0240969 0.113418 0.0238576
0 0.57334 0.296187 0.0235014 0.102993 0.0232834
0 0.425355 0.245599 0.022119 0.06923 0.023237
0 0.534512 0.24258 0.0183375 0.0445438 0.023103
2 0.398148 0.307259 0.0502595 0.0550795 0.0225458
0 0.55714 0.290263 0.0284159 0.114471 0.0224515
0 0.757561 0.285088 0.0259478 0.085546 0.021256
0 0.303944 0.34039 0.0163324 0.128442 0.019031
9 0.801128 0.0547512 0.031204 0.0668697 0.018414
0 0.593792 0.282823 0.027747 0.089631 0.0175382
0 0.545381 0.219873 0.0221199 0.0613346 0.0174257
25 0.516714 0.219959 0.0356321 0.0430346 0.0164576
25 0.520002 0.249323 0.0265415 0.0554184 0.0162744
1 0.0785233 0.292133 0.154629 0.575536 0.0136738
0 0.520002 0.249323 0.0265415 0.0554184 0.0135912
3 0.73743 0.31685 0.0325673 0.0628942 0.0135251
0 0.754243 0.275294 0.030427 0.069884 0.0133355
25 0.486998 0.216808 0.0481636 0.0313377 0.0127533
1 0.0641203 0.383025 0.127297 0.646111 0.0124443
13 0.397842 0.308687 0.0482535 0.0544796 0.0122423
0 0.454211 0.230123 0.0176299 0.0412208 0.0119678
25 0.453908 0.253016 0.0190015 0.0519914 0.0116837
0 0.495863 0.242574 0.0194423 0.0570388 0.0113229
24 0.735918 0.318056 0.0296588 0.0595434 0.0111935
25 0.485464 0.211891 0.0492195 0.0322341 0.0106261
26 0.0774849 0.165929 0.152409 0.329805 0.0105788
1 0.0123863 0.607426 0.0243632 0.120324 0.0105758
1 0.554736 0.314502 0.0232502 0.0670135 0.010284
0 0.342535 0.265552 0.0162797 0.0251403 0.0102184
0 0.352731 0.342102 0.0219313 0.0861417 0.0100339
13 0.736322 0.316844 0.0308588 0.0629552 0.00970426
1 0.0619053 0.280241 0.122898 0.349922 0.00954795
25 0.495863 0.242574 0.0194423 0.0570388 0.0095185
3 0.742975 0.305002 0.0445566 0.087001 0.00904605
25 0.448646 0.216678 0.0318092 0.0444251 0.00896773
0 0.306638 0.346045 0.0206485 0.139412 0.00821751
9 0.792753 0.045344 0.050502 0.0851273 0.00807399
0 0.539155 0.246213 0.0215826 0.0955243 0.00791684
11 0.793533 0.0482748 0.0484009 0.0857881 0.0078699
25 0.506755 0.235798 0.0136671 0.0441791 0.00726682
25 0.534512 0.24258 0.0183375 0.0445438 0.00708008
0 0.417544 0.299493 0.0196136 0.0776835 0.00706112
26 0.735918 0.318056 0.0296588 0.0595434 0.00691214
0 0.30336 0.309262 0.0152226 0.067362 0.00688091
13 0.742975 0.305002 0.0445566 0.087001 0.00684372
0 0.456423 0.297457 0.0252203 0.114008 0.00680929
25 0.406569 0.220564 0.0661306 0.0520476 0.00652885
2 0.601049 0.302503 0.0249366 0.043202 0.00647822
0 0.520766 0.25586 0.0302527 0.0977885 0.00628498
1 0.597598 0.302417 0.0308527 0.0565851 0.00626767
11 0.801128 0.0547512 0.031204 0.0668697 0.00623021
26 0.481592 0.268703 0.0206697 0.0864539 0.00615236
0 0.597598 0.302417 0.0308527 0.0565851 0.00613949
1 0.391536 0.309814 0.033609 0.0541386 0.00592202
1 0.574992 0.311884 0.0248074 0.0734767 0.00592199
1 0.573465 0.300985 0.0234704 0.093664 0.00577974
0 0.483097 0.239546 0.0190571 0.0403764 0.00575811
25 0.481697 0.214012 0.0496967 0.0404857 0.00574693
25 0.399654 0.239086 0.0516656 0.0790354 0.00570676
0 0.507608 0.292841 0.0299574 0.124615 0.00561741
7 0.392287 0.307976 0.037334 0.0509959 0.00560009
1 0.569306 0.306069 0.0198782 0.083132 0.0055964
25 0.435733 0.231104 0.0311605 0.0670852 0.00536951
1 0.0354639 0.383293 0.0694142 0.64337 0.00535384
0 0.577261 0.263284 0.0218565 0.0794861 0.00532365
0 0.594549 0.263283 0.0232664 0.0657369 0.00530392
0 0.415989 0.269012 0.031477 0.132799 0.00530291
0 0.562886 0.261428 0.0286798 0.0813263 0.00522071
2 0.597871 0.299017 0.0300901 0.0526392 0.00497529
0 0.574992 0.311884 0.0248074 0.0734767 0.00494605
2 0.736916 0.316034 0.0332054 0.0653657 0.00484082
0 0.395132 0.308909 0.0426969 0.056166 0.00478214
28 0.735918 0.318056 0.0296588 0.0595434 0.00469235
25 0.430867 0.23901 0.0194113 0.0542371 0.004567
0 0.577499 0.278472 0.0615657 0.118446 0.00445408
0 0.592318 0.311261 0.0416743 0.0744713 0.00436378
26 0.601049 0.302503 0.0249366 0.043202 0.00429007
25 0.412341 0.231096 0.0677064 0.0702002 0.00425592
0 0.445885 0.228354 0.0243703 0.0479732 0.00419635
26 0.453908 0.253016 0.0190015 0.0519914 0.00416955
1 0.546467 0.302439 0.0206198 0.0867544 0.00413945
25 0.445885 0.228354 0.0243703 0.0479732 0.00407189
0 0.340685 0.316886 0.0266905 0.129792 0.00402123
25 0.423016 0.262156 0.100424 0.131846 0.0040198
0 0.468175 0.241053 0.0181503 0.0447838 0.00399211
25 0.398367 0.224188 0.0488242 0.0479475 0.00398952
1 0.73743 0.31685 0.0325673 0.0628942 0.00398523
0 0.390791 0.262565 0.0183887 0.0434852 0.0039475
24 0.481592 0.268703 0.0206697 0.0864539 0.00392014
2 0.577499 0.278472 0.0615657 0.118446 0.00377005
0 0.430388 0.274323 0.0527951 0.145328 0.00376919
0 0.386362 0.264348 0.0193192 0.0492827 0.0036943
56 0.742975 0.305002 0.0445566 0.087001 0.00366509
1 0.350983 0.337916 0.0219309 0.0925362 0.00364476
58 0.599115 0.299698 0.0279392 0.0491875 0.00359812
25 0.483097 0.239546 0.0190571 0.0403764 0.00357392
26 0.0620383 0.221695 0.122531 0.234917 0.00349134
1 0.55714 0.290263 0.0284159 0.114471 0.00346538
0 0.403875 0.264347 0.0143999 0.0352995 0.00343886
13 0.597598 0.302417 0.0308527 0.0565851 0.00342458
9 0.800268 0.0525284 0.0401155 0.0788055 0.00341532
25 0.541508 0.237707 0.0240793 0.0639987 0.00340852
1 0.0311516 0.553358 0.0613106 0.46226 0.00340348
13 0.759008 0.296549 0.0279764 0.100496 0.00333059
25 0.454211 0.230123 0.0176299 0.0412208 0.00324199
1 0.0552969 0.175606 0.108778 0.142951 0.0031938
0 0.598544 0.260558 0.0220194 0.0795595 0.00319377
25 0.5746 0.193199 0.0344364 0.0344567 0.00318477
58 0.390717 0.308829 0.0335605 0.0495292 0.00317892
0 0.403973 0.268683 0.0547894 0.133656 0.00317401
0 0.480847 0.268887 0.0426351 0.11813 0.00315589
12 0.799435 0.0534646 0.0368774 0.0737982 0.00313133
25 0.545381 0.219873 0.0221199 0.0613346 0.00312573
1 0.592318 0.311261 0.0416743 0.0744713 0.0031119
0 0.554736 0.314502 0.0232502 0.0670135 0.00310066
25 0.43011 0.267066 0.0227182 0.113252 0.0030928
1 0.601049 0.302503 0.0249366 0.043202 0.00301775
25 0.425556 0.240226 0.0211324 0.0599562 0.00295576
25 0.530033 0.219034 0.0214645 0.0523145 0.00290194
13 0.750237 0.305582 0.0444881 0.0836334 0.00286606
13 0.601049 0.302503 0.0249366 0.043202 0.00275922
1 0.0234453 0.520171 0.045699 0.476436 0.00272304
25 0.548637 0.210515 0.0265876 0.0527005 0.00269857
10 0.348286 0.321081 0.0196915 0.117412 0.00267193
25 0.573582 0.197975 0.0384741 0.0462078 0.00265542
0 0.530033 0.219034 0.0214645 0.0523145 0.00263253
1 0.0353409 0.650172 0.0684458 0.262519 0.00261742
10 0.735918 0.318056 0.0296588 0.0595434 0.00260687
24 0.453908 0.253016 0.0190015 0.0519914 0.00257537
36 0.735918 0.318056 0.0296588 0.0595434 0.00257388
56 0.736916 0.316034 0.0332054 0.0653657 0.00253871
3 0.750237 0.305582 0.0444881 0.0836334 0.00252327
16 0.735918 0.318056 0.0296588 0.0595434 0.00251791
13 0.415861 0.296602 0.0226637 0.0837749 0.00247979
25 0.562886 0.261428 0.0286798 0.0813263 0.0024443
0 0.435733 0.231104 0.0311605 0.0670852 0.00243843
7 0.398148 0.307259 0.0502595 0.0550795 0.00243342
25 0.437344 0.274377 0.0765612 0.157549 0.00242621
0 0.580454 0.292617 0.0542578 0.108601 0.00241637
2 0.415861 0.296602 0.0226637 0.0837749 0.00238511
0 0.301403 0.343225 0.0223745 0.138631 0.00238478
25 0.529133 0.212442 0.0351467 0.0528959 0.00236893
26 0.597871 0.299017 0.0300901 0.0526392 0.00233993
13 0.759954 0.320086 0.0258727 0.053621 0.00232157
0 0.395687 0.276563 0.0438309 0.118308 0.00231865
0 0.601049 0.302503 0.0249366 0.043202 0.00231051
0 0.561394 0.273765 0.0638605 0.128105 0.00229874
1 0.580454 0.292617 0.0542578 0.108601 0.00228143
1 0.595008 0.285227 0.0325777 0.0816789 0.00227702
25 0.449091 0.282592 0.0215485 0.10506 0.002262
25 0.557909 0.259382 0.0207493 0.0718007 0.00218055
2 0.595008 0.285227 0.0325777 0.0816789 0.00215697
25 0.430388 0.274323 0.0527951 0.145328 0.0021432
25 0.500559 0.211422 0.071513 0.0532761 0.00213736
0 0.437344 0.274377 0.0765612 0.157549 0.00210378
24 0.520687 0.280685 0.022347 0.100893 0.00210223
25 0.466276 0.273788 0.0204973 0.0970465 0.00198826
0 0.564698 0.274529 0.0445072 0.141294 0.00193942
58 0.595008 0.285227 0.0325777 0.0816789 0.00191799
36 0.478888 0.338963 0.0258917 0.047148 0.00186417
0 0.403935 0.251485 0.0184847 0.0590854 0.00185481
13 0.392728 0.312984 0.0420112 0.0602555 0.00184786
0 0.515921 0.304029 0.0310736 0.11796 0.00183579
25 0.468175 0.241053 0.0181503 0.0447838 0.00178537
0 0.426284 0.270734 0.105368 0.154595 0.00173053
25 0.389376 0.224689 0.030468 0.0302821 0.00170308
15 0.329185 0.770405 0.458499 0.24471 0.0016987
2 0.742975 0.305002 0.0445566 0.087001 0.00168702
0 0.474255 0.318477 0.0253696 0.0885557 0.00165913
26 0.45528 0.280685 0.0236055 0.112141 0.00163487
1 0.0191414 0.467429 0.0363408 0.386891 0.0016259
0 0.310447 0.348495 0.0223311 0.139008 0.0016208
1 0.529377 0.298448 0.0227287 0.109869 0.00159216
56 0.759008 0.296549 0.0279764 0.100496 0.00159198
24 0.45528 0.280685 0.0236055 0.112141 0.00158691
26 0.466276 0.273788 0.0204973 0.0970465 0.0015575
1 0.186548 0.386405 0.359487 0.75971 0.0015575
13 0.386073 0.314298 0.0294462 0.058177 0.00154632
1 0.0615867 0.477859 0.117449 0.394288 0.00152788
6 0.426284 0.270734 0.105368 0.154595 0.00152773
0 0.390277 0.308904 0.0326426 0.0501106 0.00152549
58 0.395801 0.304849 0.0438826 0.0596755 0.00152326
25 0.49673 0.271338 0.0171234 0.103669 0.00149801
13 0.554736 0.314502 0.0232502 0.0670135 0.00145906
2 0.342535 0.265552 0.0162797 0.0251403 0.0014545
24 0.742975 0.305002 0.0445566 0.087001 0.00143197
1 0.417544 0.299493 0.0196136 0.0776835 0.00142992
1 0.0184934 0.600155 0.0369869 0.129053 0.00141743
0 0.401584 0.300866 0.0560999 0.0817403 0.00141111
24 0.503409 0.26613 0.0188108 0.0956849 0.00139505
26 0.495284 0.282619 0.0195173 0.116247 0.00138775
24 0.539136 0.279631 0.0235434 0.112157 0.00136167
25 0.448075 0.19484 0.0486288 0.0346696 0.00135985
3 0.391536 0.309814 0.033609 0.0541386 0.00134617
9 0.760562 0.0915399 0.0211135 0.0697947 0.00132954
26 0.0429062 0.220809 0.0839401 0.216607 0.00132707
2 0.424449 0.275236 0.0337097 0.129117 0.00131267
13 0.357178 0.339986 0.032792 0.0859273 0.00130698
1 0.435573 0.297539 0.0240969 0.113418 0.00128108
13 0.358719 0.329573 0.0349628 0.0619167 0.00127292
56 0.554736 0.314502 0.0232502 0.0670135 0.00126579
13 0.592318 0.311261 0.0416743 0.0744713 0.00126579
0 0.601383 0.246662 0.0158087 0.0636671 0.00124884
11 0.455037 0.183186 0.0338497 0.0327055 0.0012269
0 0.548637 0.210515 0.0265876 0.0527005 0.00122416
0 0.391284 0.259066 0.025808 0.0513955 0.00122252
56 0.390277 0.308904 0.0326426 0.0501106 0.00122064
1 0.750237 0.305582 0.0444881 0.0836334 0.00121298
0 0.587588 0.275828 0.0614435 0.107022 0.00118524
10 0.303944 0.34039 0.0163324 0.128442 0.00118223
58 0.745877 0.296099 0.0509489 0.105304 0.00117522
10 0.390277 0.308904 0.0326426 0.0501106 0.00117272
25 0.45528 0.280685 0.0236055 0.112141 0.0011718
11 0.430867 0.23901 0.0194113 0.0542371 0.00116518
0 0.59662 0.293899 0.0420324 0.0742835 0.0011543
28 0.742975 0.305002 0.0445566 0.087001 0.00115255
12 0.793533 0.0482748 0.0484009 0.0857881 0.00113741
26 0.0552969 0.175606 0.108778 0.142951 0.00111619
56 0.750237 0.305582 0.0444881 0.0836334 0.0011147
0 0.0125156 0.607267 0.0244453 0.120442 0.00110865
1 0.0235186 0.424025 0.0438771 0.487188 0.00109944
25 0.566386 0.20454 0.0541481 0.051684 0.00109228
36 0.487084 0.345891 0.0312391 0.0365391 0.00109118
0 0.592645 0.249315 0.0276138 0.0682176 0.00108221
32 0.69675 0.101975 0.0257165 0.0477094 0.00106993
0 0.31258 0.339561 0.0305065 0.128224 0.00106898
1 0.5028 0.34297 0.0361292 0.043004 0.00106457
24 0.49673 0.271338 0.0171234 0.103669 0.00106376
1 0.528976 0.308853 0.0290879 0.110734 0.00106111
25 0.481592 0.268703 0.0206697 0.0864539 0.00105998
26 0.744338 0.299023 0.0463074 0.0995288 0.00104672
0 0.386073 0.314298 0.0294462 0.058177 0.00103521
24 0.466276 0.273788 0.0204973 0.0970465 0.00102374
36 0.474255 0.318477 0.0253696 0.0885557 0.00101885
1 0.745246 0.297062 0.049377 0.103413 0.00100771
24 0.446123 0.288327 0.0232575 0.112878 0.00100675
2 0.403973 0.268683 0.0547894 0.133656 0.00100151
