0 0.550014 0.447951 0.139535 0.159804 0.705469
0 0.214379 0.757933 0.06039 0.0581213 0.235825
31 0.553527 0.449313 0.147071 0.164364 0.0682603
0 0.535539 0.466398 0.111297 0.131827 0.0631108
31 0.57665 0.509159 0.104901 0.272147 0.0500706
30 0.552811 0.480077 0.147628 0.231033 0.0380953
30 0.567278 0.522982 0.120087 0.303323 0.0373273
30 0.260383 0.595214 0.0562446 0.409413 0.0326178
31 0.553133 0.505944 0.149793 0.258315 0.0288817
0 0.552811 0.480077 0.147628 0.231033 0.0277255
24 0.214769 0.758127 0.0600408 0.0584569 0.0250646
30 0.590965 0.379492 0.0721365 0.076981 0.0242993
30 0.587262 0.386801 0.0773249 0.156285 0.0236001
30 0.579232 0.510591 0.0944831 0.263191 0.0211892
16 0.214792 0.757968 0.0600357 0.0586991 0.0208478
30 0.575932 0.590122 0.0996244 0.427793 0.0163746
31 0.567242 0.514426 0.0689763 0.244404 0.0143188
30 0.58179 0.430563 0.0925989 0.184714 0.0141477
9 0.167985 0.739966 0.0111946 0.0561969 0.0138348
30 0.567242 0.514426 0.0689763 0.244404 0.0137743
30 0.25034 0.597035 0.0811889 0.413801 0.0122903
30 0.575448 0.364608 0.0426737 0.0518326 0.0121054
30 0.567899 0.332261 0.0361122 0.155708 0.0116493
30 0.591194 0.410907 0.0744841 0.144478 0.0112566
30 0.560372 0.619477 0.0661023 0.370959 0.0101817
30 0.278433 0.598634 0.11433 0.415321 0.00962007
30 0.561105 0.32919 0.018176 0.151355 0.00943583
30 0.551411 0.389479 0.143167 0.279708 0.00923905
0 0.527325 0.446313 0.0673901 0.0983236 0.00900483
20 0.215436 0.757365 0.0609368 0.0591524 0.00848895
33 0.590783 0.382518 0.0740764 0.0852295 0.00800055
30 0.563219 0.56054 0.0650051 0.351868 0.00798965
33 0.575656 0.365248 0.0418749 0.0488157 0.00785029
17 0.214792 0.757968 0.0600357 0.0586991 0.00768179
31 0.575932 0.590122 0.0996244 0.427793 0.00743002
0 0.225903 0.755352 0.0429056 0.0499494 0.00729477
0 0.200861 0.753243 0.0320722 0.049001 0.00724518
31 0.58179 0.430563 0.0925989 0.184714 0.0072138
33 0.0897633 0.404298 0.079877 0.357094 0.00719753
30 0.0898749 0.402834 0.0804222 0.354122 0.00709507
30 0.758439 0.5168 0.121635 0.0430552 0.00687695
0 0.545672 0.445534 0.0976356 0.154947 0.00669235
31 0.575914 0.364281 0.0425803 0.046419 0.0066267
30 0.301672 0.599741 0.216338 0.420829 0.00653237
14 0.215436 0.757365 0.0609368 0.0591524 0.00647572
77 0.215436 0.757365 0.0609368 0.0591524 0.00645578
31 0.589779 0.513255 0.0768854 0.252305 0.00587964
31 0.53829 0.489206 0.116726 0.080106 0.00568676
0 0.556434 0.431957 0.0736323 0.127272 0.00515383
0 0.167602 0.742268 0.0157305 0.0614434 0.00494948
31 0.590783 0.382518 0.0740764 0.0852295 0.00471789
33 0.758081 0.518511 0.122838 0.047058 0.00468665
21 0.215089 0.757874 0.0603472 0.0588987 0.0041447
19 0.215436 0.757365 0.0609368 0.0591524 0.00395828
0 0.566147 0.41899 0.0522079 0.10208 0.00386521
30 0.557789 0.316307 0.022119 0.126955 0.00386387
30 0.667648 0.553874 0.308463 0.405851 0.00381565
0 0.58179 0.430563 0.0925989 0.184714 0.00380203
9 0.214182 0.757293 0.0590112 0.0572049 0.00379106
30 0.572991 0.323728 0.0476267 0.139603 0.0036484
30 0.587878 0.340001 0.0751442 0.167087 0.00351879
31 0.0947695 0.403509 0.0694418 0.348326 0.00332338
0 0.234362 0.759284 0.100449 0.0634469 0.00324249
31 0.563219 0.56054 0.0650051 0.351868 0.00324154
0 0.550855 0.422164 0.0617015 0.10257 0.00321156
30 0.757185 0.525645 0.125651 0.0600348 0.00309917
30 0.293893 0.702263 0.231816 0.207499 0.00308231
0 0.581217 0.419207 0.0786623 0.103407 0.00302702
33 0.577954 0.371061 0.0482378 0.0631892 0.00296313
24 0.225903 0.755352 0.0429056 0.0499494 0.00291049
31 0.591194 0.410907 0.0744841 0.144478 0.00289294
9 0.200861 0.753243 0.0320722 0.049001 0.00286707
30 0.751232 0.650566 0.139501 0.313944 0.00283033
0 0.57665 0.509159 0.104901 0.272147 0.00282505
30 0.754773 0.598988 0.132229 0.209433 0.00279611
31 0.577954 0.371061 0.0482378 0.0631892 0.00278118
30 0.6755 0.629119 0.295718 0.407934 0.00274405
24 0.200861 0.753243 0.0320722 0.049001 0.00273284
30 0.75756 0.559622 0.125531 0.1282 0.00272915
30 0.601768 0.476732 0.0556724 0.189855 0.00265193
31 0.601768 0.476732 0.0556724 0.189855 0.00261557
10 0.215436 0.757365 0.0609368 0.0591524 0.00261107
30 0.602488 0.445358 0.0511955 0.108658 0.00254285
30 0.297199 0.586555 0.125129 0.410678 0.00254017
0 0.585524 0.401567 0.0692944 0.0745905 0.00239065
0 0.551411 0.389479 0.143167 0.279708 0.00221491
28 0.214769 0.758127 0.0600408 0.0584569 0.00218672
31 0.560372 0.619477 0.0661023 0.370959 0.00217184
31 0.587262 0.386801 0.0773249 0.156285 0.00209615
30 0.598192 0.436864 0.0606904 0.134813 0.00209334
0 0.589498 0.382965 0.0723618 0.0869089 0.00205359
30 0.167027 0.501001 0.264668 0.556613 0.00202528
31 0.559052 0.321251 0.0235405 0.136435 0.00194979
31 0.264353 0.599327 0.046529 0.41181 0.00183317
31 0.599902 0.445879 0.0564661 0.128568 0.00178802
15 0.215436 0.757365 0.0609368 0.0591524 0.00176841
31 0.604494 0.46002 0.0486488 0.136842 0.00171894
25 0.0939809 0.402535 0.0715145 0.342397 0.00170937
33 0.591194 0.410907 0.0744841 0.144478 0.00170496
33 0.553527 0.449313 0.147071 0.164364 0.0016847
30 0.373542 0.595966 0.484985 0.434662 0.00164533
30 0.57223 0.390634 0.0839708 0.273742 0.00159913
16 0.551534 0.448099 0.142335 0.161607 0.00158396
36 0.553527 0.449313 0.147071 0.164364 0.0015699
30 0.593059 0.503492 0.0352402 0.232382 0.00149202
73 0.575656 0.365248 0.0418749 0.0488157 0.00146621
30 0.527508 0.59521 0.193395 0.454107 0.00143769
30 0.553335 0.448519 0.147055 0.160953 0.00132006
33 0.7565 0.544859 0.127024 0.0988569 0.00126565
33 0.58179 0.430563 0.0925989 0.184714 0.00125206
0 0.55407 0.536291 0.14663 0.339885 0.00123581
73 0.586836 0.377225 0.0639772 0.0752255 0.00117719
30 0.587183 0.417614 0.0798919 0.101554 0.0011678
0 0.61483 0.407579 0.0263453 0.023511 0.00114551
31 0.572991 0.323728 0.0476267 0.139603 0.00114426
30 0.651659 0.481839 0.344179 0.350862 0.00113681
30 0.597622 0.397324 0.0622491 0.0503843 0.00112385
30 0.298266 0.657143 0.231316 0.289017 0.00111693
0 0.591194 0.410907 0.0744841 0.144478 0.00110111
33 0.768902 0.512589 0.101545 0.0368329 0.00108323
0 0.551016 0.411511 0.0328758 0.0827797 0.0010421
30 0.592419 0.396682 0.071491 0.0651436 0.00103629
3 0.215436 0.757365 0.0609368 0.0591524 0.00103593
0 0.167985 0.739966 0.0111946 0.0561969 0.0010201
30 0.61483 0.407579 0.0263453 0.023511 0.00101092
