0 0.451416 0.478046 0.0722016 0.146989 0.48274
20 0.622503 0.557674 0.0790636 0.0939457 0.470736
17 0.459089 0.584987 0.229861 0.17204 0.386487
20 0.461227 0.58615 0.226451 0.178363 0.373211
0 0.631038 0.47424 0.0638791 0.107652 0.260257
0 0.064325 0.608563 0.0348836 0.0607808 0.176428
0 0.683117 0.429484 0.0453548 0.181707 0.158081
20 0.632687 0.543684 0.0986221 0.123489 0.112877
17 0.622503 0.557674 0.0790636 0.0939457 0.111408
20 0.716467 0.434913 0.113115 0.19566 0.0935033
0 0.623744 0.455011 0.0429564 0.0605954 0.0872607
0 0.624953 0.442485 0.037201 0.0738394 0.0827312
0 0.626389 0.457918 0.0319107 0.0462943 0.0659644
20 0.73994 0.470783 0.0573456 0.127411 0.0601933
0 0.627028 0.451096 0.0277906 0.0490331 0.0517626
0 0.381162 0.463334 0.0259514 0.100052 0.0499578
0 0.450144 0.449039 0.0598027 0.0993276 0.0473636
0 0.630808 0.446769 0.0482584 0.0713801 0.0423368
0 0.626238 0.481445 0.0533679 0.089764 0.0418952
0 0.631079 0.497095 0.0658012 0.0741357 0.0376242
0 0.685226 0.390973 0.0372173 0.107202 0.0354023
17 0.635122 0.534165 0.100874 0.139972 0.0334921
20 0.641875 0.52978 0.117529 0.151359 0.0316869
20 0.691719 0.445716 0.166548 0.207266 0.028418
0 0.61747 0.551942 0.0675387 0.105496 0.0277878
0 0.635404 0.485272 0.0614374 0.0788104 0.0247311
20 0.730126 0.448723 0.0781282 0.171942 0.023946
0 0.715371 0.435866 0.106357 0.192919 0.0238428
0 0.452213 0.439033 0.0422894 0.0803096 0.0225196
0 0.62803 0.526243 0.0763301 0.113028 0.02175
0 0.639051 0.484776 0.0801149 0.103677 0.0214728
0 0.448121 0.433865 0.0303242 0.0681651 0.0211448
19 0.460768 0.581915 0.22891 0.160907 0.0185566
17 0.620927 0.539577 0.0739534 0.128885 0.0184703
20 0.0638458 0.610591 0.034584 0.0653144 0.0180888
0 0.622005 0.494972 0.0448154 0.057347 0.0172909
20 0.701621 0.474438 0.13631 0.142169 0.0170658
9 0.0642482 0.608038 0.035031 0.0608871 0.0166251
0 0.465026 0.458964 0.0386705 0.0756878 0.0158565
20 0.678781 0.521786 0.191328 0.167351 0.0157886
20 0.0505348 0.612447 0.061489 0.0714428 0.0156956
0 0.323256 0.444368 0.020322 0.0681658 0.0154968
19 0.61812 0.559017 0.0712001 0.0905795 0.0151061
0 0.687754 0.374051 0.0317414 0.0703878 0.0149003
0 0.381128 0.441813 0.0253641 0.0512785 0.0144175
0 0.370347 0.467066 0.0499721 0.110248 0.0140063
0 0.446854 0.420459 0.0221968 0.0400221 0.0139406
0 0.639279 0.495135 0.0525599 0.0609579 0.013823
0 0.4417 0.46916 0.0624214 0.107745 0.0136923
0 0.738082 0.472038 0.0521637 0.126296 0.0135032
17 0.62803 0.526243 0.0763301 0.113028 0.0134084
0 0.627616 0.529314 0.0860055 0.143858 0.0133071
17 0.639051 0.484776 0.0801149 0.103677 0.012493
0 0.0556236 0.612396 0.0513907 0.0689063 0.0119382
24 0.0642989 0.609039 0.035651 0.060417 0.011598
24 0.622005 0.494972 0.0448154 0.057347 0.0112859
0 0.37719 0.473349 0.0446783 0.122353 0.0100629
24 0.623083 0.480345 0.0463327 0.0807124 0.00998911
20 0.682072 0.429484 0.0451297 0.181257 0.0096066
0 0.626444 0.434332 0.0311335 0.0648651 0.00955391
0 0.4621 0.506308 0.0553946 0.0924411 0.00941646
20 0.676093 0.468651 0.184715 0.262016 0.0092625
0 0.442268 0.461652 0.050358 0.0846122 0.0090186
0 0.652039 0.433026 0.104931 0.185273 0.00830874
0 0.67252 0.48962 0.0368086 0.0646247 0.00746632
0 0.0955923 0.605655 0.0130978 0.0282883 0.00674164
17 0.631681 0.502129 0.068716 0.0677101 0.00668266
20 0.732596 0.495379 0.0406236 0.0785883 0.00655159
3 0.632123 0.485816 0.0658731 0.0864946 0.00613984
17 0.631584 0.469936 0.0637786 0.112006 0.0061062
0 0.664934 0.491931 0.0472166 0.0616703 0.00594175
19 0.635122 0.534165 0.100874 0.139972 0.00548306
0 0.324456 0.448994 0.0265035 0.0807783 0.00531992
0 0.468839 0.48853 0.0425928 0.126928 0.00524265
0 0.448624 0.508623 0.0729713 0.0878186 0.00521952
20 0.386965 0.543034 0.0871191 0.0644948 0.00489178
0 0.730126 0.448723 0.0781282 0.171942 0.0048646
0 0.427201 0.485481 0.0374107 0.0626731 0.00469759
21 0.616601 0.561441 0.0669697 0.0887166 0.004697
56 0.4621 0.506308 0.0553946 0.0924411 0.00465333
3 0.639279 0.495135 0.0525599 0.0609579 0.00440753
17 0.420771 0.539601 0.151287 0.0832587 0.00431293
0 0.677002 0.482459 0.0387012 0.0800744 0.00430191
0 0.0421729 0.615931 0.0344043 0.0607785 0.00429347
17 0.387005 0.545359 0.0849411 0.0706157 0.00425798
3 0.631681 0.502129 0.068716 0.0677101 0.0042403
0 0.669816 0.426127 0.071611 0.181642 0.00423494
0 0.734206 0.489388 0.0436661 0.0901204 0.0041531
0 0.645028 0.509403 0.0583016 0.0825831 0.00415078
0 0.67997 0.448039 0.0409094 0.154053 0.00410795
0 0.72086 0.472117 0.0649359 0.131836 0.00409338
0 0.699214 0.437401 0.0574128 0.159253 0.00391379
1 0.635404 0.485272 0.0614374 0.0788104 0.00387082
1 0.464832 0.510458 0.0570225 0.0830356 0.00384396
1 0.631681 0.502129 0.068716 0.0677101 0.0038107
0 0.399339 0.459719 0.059409 0.104449 0.00371581
0 0.682659 0.367577 0.0403049 0.0636859 0.00369933
1 0.639279 0.495135 0.0525599 0.0609579 0.00363472
17 0.640648 0.498815 0.0521889 0.0608229 0.0036177
0 0.694643 0.420747 0.0446899 0.14094 0.00358781
20 0.0890469 0.607943 0.0882892 0.0703943 0.00355178
17 0.645028 0.509403 0.0583016 0.0825831 0.00352186
17 0.064325 0.608563 0.0348836 0.0607808 0.00350645
2 0.0642989 0.609039 0.035651 0.060417 0.00347528
0 0.731153 0.497835 0.0377758 0.0723849 0.00345472
24 0.635404 0.485272 0.0614374 0.0788104 0.00345215
26 0.623083 0.480345 0.0463327 0.0807124 0.00343627
0 0.464656 0.524328 0.0530368 0.0586083 0.0033882
7 0.460768 0.581915 0.22891 0.160907 0.00333506
0 0.03549 0.611825 0.0421621 0.072957 0.0033325
0 0.386017 0.454094 0.0335449 0.0818162 0.00331369
20 0.0495307 0.627106 0.0677179 0.101541 0.00330022
0 0.629651 0.429762 0.0437272 0.0865857 0.00328535
17 0.714735 0.433794 0.110472 0.193265 0.00324461
17 0.619503 0.528861 0.062709 0.0799822 0.00314263
0 0.210785 0.506899 0.0174059 0.028609 0.00312102
17 0.620896 0.499682 0.0395772 0.0529385 0.00311637
17 0.464307 0.523951 0.0524733 0.0573801 0.00310531
24 0.442268 0.461652 0.050358 0.0846122 0.00308913
56 0.462556 0.522203 0.0530191 0.0612433 0.00308299
0 0.423325 0.494047 0.0315725 0.0560987 0.00299808
0 0.439595 0.498754 0.0636204 0.0718675 0.00297093
26 0.622005 0.494972 0.0448154 0.057347 0.0029422
0 0.619503 0.528861 0.062709 0.0799822 0.00292987
0 0.244307 0.374836 0.0370263 0.140025 0.00292686
0 0.698282 0.395359 0.0497605 0.104955 0.00281793
20 0.511757 0.656253 0.0485319 0.0429748 0.00274816
9 0.0955923 0.605655 0.0130978 0.0282883 0.00268182
3 0.639051 0.484776 0.0801149 0.103677 0.00265655
24 0.465026 0.458964 0.0386705 0.0756878 0.00265348
17 0.487917 0.550667 0.173219 0.118579 0.00261194
0 0.370146 0.474389 0.0632104 0.126193 0.00260785
20 0.731458 0.474145 0.0400343 0.121354 0.00258601
0 0.685586 0.361474 0.0340725 0.0513138 0.00256786
20 0.493823 0.609099 0.152786 0.147313 0.00255418
0 0.0519075 0.620989 0.0642723 0.0865175 0.00254536
24 0.621443 0.458322 0.0411331 0.0682821 0.00254321
1 0.620896 0.499682 0.0395772 0.0529385 0.0024972
19 0.630994 0.512016 0.0812014 0.086795 0.00248733
17 0.740873 0.472468 0.0572959 0.124949 0.00246251
20 0.662757 0.585637 0.177932 0.193421 0.00245881
24 0.687754 0.374051 0.0317414 0.0703878 0.00245327
24 0.462958 0.522187 0.054974 0.0610219 0.00243309
19 0.633946 0.555727 0.102102 0.0993836 0.00238609
0 0.472654 0.464606 0.0280764 0.0748466 0.00238168
1 0.639051 0.484776 0.0801149 0.103677 0.00237393
24 0.450144 0.449039 0.0598027 0.0993276 0.00233182
21 0.716467 0.434913 0.113115 0.19566 0.00232956
13 0.456824 0.5117 0.0633259 0.0829971 0.00232124
24 0.446854 0.420459 0.0221968 0.0400221 0.00224811
20 0.616375 0.566691 0.0662005 0.0752736 0.00223225
17 0.626238 0.481445 0.0533679 0.089764 0.00217572
17 0.679007 0.477986 0.19435 0.221646 0.00215253
24 0.639279 0.495135 0.0525599 0.0609579 0.00214243
24 0.0559467 0.61207 0.0512706 0.0682985 0.0020982
17 0.683117 0.429484 0.0453548 0.181707 0.00201893
1 0.626238 0.481445 0.0533679 0.089764 0.00197586
0 0.447629 0.411025 0.0238335 0.0474221 0.00195813
19 0.645028 0.509403 0.0583016 0.0825831 0.00194272
0 0.387846 0.464585 0.0425199 0.108155 0.00192606
56 0.448624 0.508623 0.0729713 0.0878186 0.00189292
19 0.640648 0.498815 0.0521889 0.0608229 0.0018827
26 0.621443 0.458322 0.0411331 0.0682821 0.00186613
24 0.686523 0.386628 0.0346772 0.0966674 0.00185382
24 0.45108 0.4734 0.0679565 0.1275 0.00183451
17 0.534762 0.550128 0.083024 0.090732 0.00180626
17 0.635404 0.485272 0.0614374 0.0788104 0.00177184
0 0.711036 0.448728 0.0746777 0.138795 0.00176561
0 0.493933 0.500178 0.164157 0.172353 0.00176346
0 0.421325 0.500928 0.0270937 0.0437635 0.00175491
0 0.424477 0.473991 0.0327402 0.0767637 0.0017271
24 0.628502 0.478767 0.0583857 0.0948611 0.00171128
58 0.0642989 0.609039 0.035651 0.060417 0.00169095
19 0.620927 0.539577 0.0739534 0.128885 0.0016889
0 0.449532 0.521383 0.078986 0.0754805 0.00168774
17 0.413666 0.555849 0.0889723 0.0923782 0.00168303
3 0.620896 0.499682 0.0395772 0.0529385 0.00167316
20 0.630994 0.512016 0.0812014 0.086795 0.00165552
24 0.622043 0.5261 0.0611341 0.112114 0.00164247
5 0.459438 0.585226 0.230002 0.170787 0.00163791
26 0.446854 0.420459 0.0221968 0.0400221 0.00162199
24 0.67252 0.48962 0.0368086 0.0646247 0.00158888
19 0.714287 0.445234 0.109277 0.179315 0.00156313
24 0.423325 0.494047 0.0315725 0.0560987 0.00156206
0 0.0317865 0.626646 0.0306829 0.0432343 0.00151759
56 0.620896 0.499682 0.0395772 0.0529385 0.00149292
19 0.0642482 0.608038 0.035031 0.0608871 0.00149253
19 0.664934 0.491931 0.0472166 0.0616703 0.00148451
26 0.423325 0.494047 0.0315725 0.0560987 0.0014703
17 0.393645 0.556826 0.102854 0.0894403 0.00145462
24 0.4417 0.46916 0.0624214 0.107745 0.00144386
24 0.616772 0.560542 0.0665723 0.0907803 0.00144354
0 0.0978251 0.60756 0.0212597 0.045614 0.00143245
0 0.626493 0.410528 0.0357834 0.113747 0.00142637
17 0.43846 0.548161 0.139788 0.076373 0.00142267
24 0.619503 0.528861 0.062709 0.0799822 0.00141844
24 0.448121 0.433865 0.0303242 0.0681651 0.00141293
20 0.516785 0.661317 0.0547285 0.0502194 0.00139663
20 0.673372 0.54614 0.191928 0.121583 0.00138751
20 0.43846 0.548161 0.139788 0.076373 0.00137359
0 0.443317 0.440295 0.0466363 0.0784985 0.00137332
0 0.729762 0.444817 0.0382415 0.0774207 0.00131628
20 0.639051 0.484776 0.0801149 0.103677 0.00131157
26 0.442268 0.461652 0.050358 0.0846122 0.00130874
17 0.381727 0.465881 0.0296012 0.103026 0.00130105
20 0.413666 0.555849 0.0889723 0.0923782 0.00129688
20 0.534762 0.550128 0.083024 0.090732 0.00127426
26 0.466487 0.462434 0.0376607 0.0808338 0.00125805
20 0.689703 0.596083 0.276516 0.255896 0.00124514
0 0.068394 0.604555 0.044787 0.0680463 0.00123093
19 0.386965 0.543034 0.0871191 0.0644948 0.00122243
20 0.508892 0.658477 0.0567513 0.0557776 0.00121993
26 0.635404 0.485272 0.0614374 0.0788104 0.00120726
20 0.532947 0.590137 0.428289 0.211333 0.00120723
0 0.46973 0.45528 0.0333751 0.0873941 0.00120464
17 0.0421729 0.615931 0.0344043 0.0607785 0.00120333
24 0.631079 0.497095 0.0658012 0.0741357 0.00120008
24 0.452213 0.439033 0.0422894 0.0803096 0.0011957
19 0.639051 0.484776 0.0801149 0.103677 0.00118944
17 0.450493 0.481262 0.0757956 0.15099 0.00117904
0 0.44219 0.531745 0.100138 0.0886806 0.0011743
26 0.0642989 0.609039 0.035651 0.060417 0.00116888
12 0.064324 0.608666 0.0359034 0.0606432 0.00116321
20 0.72086 0.472117 0.0649359 0.131836 0.00116017
0 0.840483 0.554168 0.0868019 0.140116 0.00116014
20 0.501438 0.640516 0.103382 0.0948954 0.00114968
17 0.669831 0.490896 0.0407892 0.0620171 0.00114694
17 0.402929 0.565752 0.120602 0.10954 0.00113788
16 0.682183 0.430215 0.0454105 0.182599 0.00113648
17 0.40201 0.536502 0.0535698 0.0493774 0.00113347
13 0.462556 0.522203 0.0530191 0.0612433 0.001129
20 0.411084 0.542164 0.137878 0.0710831 0.00112009
20 0.824016 0.43055 0.330445 0.375335 0.0011178
17 0.0556236 0.612396 0.0513907 0.0689063 0.00111324
0 0.432187 0.566976 0.0400139 0.106813 0.00110611
20 0.522183 0.563031 0.107942 0.117424 0.00110415
0 0.731164 0.441003 0.0322095 0.0588814 0.00109512
0 0.477453 0.525044 0.0543859 0.0600443 0.00109497
17 0.686523 0.386628 0.0346772 0.0966674 0.00109354
0 0.410806 0.457389 0.0412985 0.110337 0.00107527
56 0.640648 0.498815 0.0521889 0.0608229 0.00107333
26 0.462958 0.522187 0.054974 0.0610219 0.00106937
20 0.495801 0.640407 0.0734724 0.06529 0.0010598
17 0.451798 0.56472 0.216232 0.111477 0.00105298
0 0.685674 0.435867 0.164409 0.202188 0.00104994
17 0.731458 0.474145 0.0400343 0.121354 0.00104815
16 0.620896 0.499682 0.0395772 0.0529385 0.00103721
17 0.652039 0.433026 0.104931 0.185273 0.00103348
56 0.626238 0.481445 0.0533679 0.089764 0.0010317
19 0.740873 0.472468 0.0572959 0.124949 0.00102288
26 0.464832 0.510458 0.0570225 0.0830356 0.00102246
0 0.240358 0.336613 0.0294991 0.047132 0.0010033
