79 0.53884 0.26285 0.200381 0.331387 0.864675
41 0.52905 0.548133 0.726617 0.757449 0.672043
79 0.406121 0.339308 0.149008 0.176411 0.580621
79 0.247613 0.271333 0.203879 0.272743 0.323055
41 0.66868 0.535359 0.450645 0.739198 0.0736541
79 0.257932 0.395964 0.21849 0.521746 0.0433441
79 0.24728 0.330853 0.201009 0.391945 0.0389601
41 0.431534 0.59561 0.555331 0.643847 0.0312734
79 0.345007 0.272505 0.412944 0.314742 0.0309138
47 0.405258 0.339049 0.14772 0.175238 0.0265155
79 0.490908 0.389633 0.0522754 0.0759459 0.0231193
79 0.539687 0.199887 0.19582 0.20314 0.022544
79 0.243049 0.237219 0.194946 0.199127 0.019664
46 0.405548 0.33921 0.148478 0.176023 0.019331
79 0.296513 0.429387 0.290531 0.583497 0.0160098
44 0.404918 0.33863 0.147174 0.177127 0.0108927
79 0.485644 0.378552 0.0588625 0.0975926 0.00989538
41 0.374781 0.533836 0.443465 0.726649 0.00986257
79 0.404423 0.354172 0.120685 0.141572 0.00824511
79 0.374781 0.533836 0.443465 0.726649 0.00717235
41 0.533616 0.649096 0.696174 0.55241 0.00713322
79 0.475997 0.337532 0.0789952 0.181606 0.0056805
33 0.24237 0.236801 0.194581 0.204249 0.00506473
39 0.53039 0.552431 0.722698 0.775359 0.00454882
79 0.662617 0.298922 0.462029 0.364553 0.00435597
41 0.713862 0.468853 0.35927 0.598668 0.00424224
41 0.474517 0.801697 0.407123 0.282553 0.00420132
79 0.480871 0.388599 0.0542692 0.0776558 0.0040921
41 0.452518 0.707615 0.46678 0.475481 0.00383207
79 0.235951 0.418662 0.166183 0.42302 0.0037784
79 0.338475 0.505497 0.36728 0.5165 0.00374177
42 0.53884 0.262253 0.198202 0.330618 0.00356451
76 0.404135 0.338298 0.145527 0.177452 0.00355464
79 0.373099 0.333797 0.285963 0.384609 0.00314209
39 0.403363 0.574899 0.50159 0.65421 0.00303739
39 0.404845 0.340076 0.149147 0.17724 0.00300267
79 0.378582 0.353289 0.0895847 0.143703 0.0029996
79 0.514422 0.28332 0.15421 0.292865 0.00297797
79 0.494469 0.322732 0.142451 0.208436 0.00293037
79 0.356539 0.331277 0.262341 0.244945 0.00268644
79 0.256272 0.309938 0.192824 0.21396 0.00262204
79 0.327489 0.333337 0.30453 0.166378 0.00258517
79 0.480278 0.56015 0.24207 0.287046 0.00240764
79 0.365591 0.346152 0.0627046 0.1405 0.00219458
33 0.405002 0.339361 0.147016 0.17634 0.00213143
75 0.522643 0.612296 0.727404 0.646777 0.00203961
79 0.371693 0.335181 0.200167 0.172932 0.00202575
79 0.404994 0.302198 0.145668 0.101604 0.00199157
79 0.245858 0.265424 0.160897 0.140401 0.00188273
79 0.348664 0.396951 0.292021 0.414113 0.00186604
60 0.503994 0.908562 0.985368 0.16166 0.00182754
79 0.525361 0.320619 0.146308 0.216559 0.00182271
33 0.537601 0.188582 0.192759 0.179202 0.00176552
60 0.500665 0.741915 0.985489 0.487638 0.00175592
39 0.352233 0.501462 0.400016 0.661308 0.00159758
79 0.521704 0.196778 0.164788 0.156135 0.00158954
79 0.242924 0.484695 0.219681 0.692198 0.00155577
39 0.66868 0.535359 0.450645 0.739198 0.00152996
44 0.53884 0.262253 0.198202 0.330618 0.0014886
79 0.313271 0.307799 0.114084 0.228047 0.001472
79 0.395372 0.393665 0.0537952 0.0654144 0.00146428
75 0.53884 0.262253 0.198202 0.330618 0.00146338
76 0.539232 0.262471 0.201333 0.33195 0.00139502
14 0.405548 0.33921 0.148478 0.176023 0.00138894
79 0.474502 0.36751 0.0884138 0.116632 0.00127068
79 0.272091 0.267836 0.104569 0.125752 0.00121403
45 0.53039 0.552431 0.722698 0.775359 0.00118375
39 0.538792 0.261259 0.197844 0.329399 0.00113711
78 0.405548 0.33921 0.148478 0.176023 0.00112906
41 0.48546 0.782914 0.393542 0.199394 0.00112316
79 0.522357 0.330365 0.1011 0.197585 0.00111941
40 0.53236 0.544871 0.725118 0.742731 0.00111401
41 0.434725 0.561344 0.310214 0.295006 0.00111249
79 0.375963 0.392747 0.426834 0.430659 0.00105673
79 0.497699 0.397957 0.0477445 0.0586344 0.00105664
79 0.674101 0.295256 0.425899 0.276141 0.00104931
79 0.239939 0.198059 0.180827 0.125973 0.00104728
79 0.435123 0.585708 0.551605 0.643625 0.00102994
25 0.405548 0.33921 0.148478 0.176023 0.00101876
41 0.296513 0.429387 0.290531 0.583497 0.0010117
