69 0.625228 0.605941 0.391324 0.370276 0.439439
59 0.47108 0.490107 0.895739 0.920455 0.349542
56 0.159581 0.95567 0.316136 0.0780097 0.256722
60 0.217369 0.698765 0.367305 0.563648 0.200977
56 0.15049 0.830347 0.130679 0.270722 0.149299
15 0.132076 0.485408 0.1028 0.166445 0.0975852
59 0.155279 0.959001 0.308742 0.0777257 0.0870797
59 0.508775 0.262554 0.96151 0.33225 0.0584501
37 0.839465 0.506501 0.10344 0.74213 0.046713
24 0.124406 0.101348 0.0749567 0.0777669 0.0388497
16 0.132076 0.485408 0.1028 0.166445 0.0353983
56 0.180522 0.841739 0.199175 0.277067 0.0349491
60 0.494002 0.533561 0.950404 0.910289 0.0299149
59 0.502306 0.363032 0.960038 0.6694 0.0297795
60 0.171011 0.959772 0.339483 0.0758731 0.0279016
59 0.489467 0.142537 0.86925 0.217393 0.027817
72 0.839465 0.506501 0.10344 0.74213 0.026393
61 0.975306 0.75883 0.049389 0.203867 0.02577
61 0.975 0.80365 0.0499995 0.113204 0.0227607
57 0.155279 0.959001 0.308742 0.0777257 0.0221126
26 0.124406 0.101348 0.0749567 0.0777669 0.021765
26 0.132016 0.485259 0.102558 0.166364 0.0201125
56 0.217369 0.698765 0.367305 0.563648 0.0191846
59 0.476146 0.265851 0.906385 0.486357 0.0164447
56 0.164551 0.889689 0.320462 0.206341 0.0145173
71 0.975 0.80365 0.0499995 0.113204 0.0137687
14 0.510035 0.147625 0.0187593 0.0340218 0.0134979
56 0.975356 0.742181 0.0492884 0.235319 0.0130382
14 0.511588 0.157628 0.0217248 0.0533006 0.0126183
75 0.13244 0.485409 0.102866 0.165772 0.0102578
60 0.841401 0.958694 0.315421 0.0747772 0.00949189
69 0.658786 0.500594 0.459048 0.72693 0.00916404
56 0.232469 0.797921 0.324978 0.381927 0.00887901
59 0.893266 0.492193 0.210894 0.744132 0.00860131
71 0.975306 0.75883 0.049389 0.203867 0.00791326
56 0.222455 0.828407 0.276562 0.302658 0.00774992
72 0.0409168 0.578003 0.0763974 0.713796 0.0067465
56 0.148774 0.780186 0.123538 0.156639 0.0065816
75 0.115817 0.486244 0.0662754 0.165642 0.00642404
59 0.690808 0.473098 0.618384 0.923809 0.00614884
71 0.168039 0.960141 0.332516 0.0732333 0.0060201
15 0.125166 0.100682 0.0761523 0.0769391 0.00596517
60 0.215927 0.543932 0.367092 0.254476 0.00588396
56 0.841678 0.957787 0.314717 0.0736713 0.00562584
15 0.133268 0.452336 0.101881 0.0782572 0.00562143
32 0.727853 0.470841 0.0196039 0.0272191 0.00555781
24 0.131767 0.485101 0.10312 0.166311 0.0053252
59 0.486591 0.105015 0.891673 0.1841 0.00509274
69 0.529457 0.520112 0.19826 0.189981 0.00497052
59 0.940356 0.254538 0.118909 0.1572 0.00495785
74 0.290944 0.110137 0.0767434 0.04076 0.0049282
60 0.212279 0.581737 0.362414 0.163047 0.00481901
60 0.896135 0.493672 0.205709 0.749039 0.00468814
59 0.662469 0.15716 0.465503 0.111252 0.0046303
28 0.124703 0.101492 0.0750514 0.0764685 0.00457233
75 0.124956 0.49751 0.0561102 0.140697 0.00455353
74 0.310091 0.110624 0.117742 0.0426592 0.00438899
59 0.64513 0.208402 0.488627 0.0552082 0.00437862
49 0.531448 0.574506 0.0203352 0.0279215 0.00436628
30 0.83897 0.502043 0.108236 0.747841 0.00436094
26 0.124254 0.491129 0.0574935 0.153478 0.00435022
72 0.658786 0.500594 0.459048 0.72693 0.00433883
14 0.959702 0.212788 0.0804077 0.058488 0.00421706
56 0.975027 0.804523 0.0499468 0.114688 0.00413537
15 0.115817 0.486244 0.0662754 0.165642 0.00399619
14 0.131767 0.485101 0.10312 0.166311 0.00385883
59 0.660509 0.186082 0.46032 0.100871 0.00382772
56 0.128733 0.624124 0.18981 0.674164 0.0037815
61 0.985648 0.675228 0.0286659 0.104918 0.00377792
14 0.127686 0.1769 0.0554731 0.0527996 0.00357413
58 0.415338 0.538504 0.0317474 0.146787 0.00349662
60 0.232469 0.797921 0.324978 0.381927 0.00326279
77 0.132076 0.485408 0.1028 0.166445 0.00323024
69 0.412796 0.635299 0.0489692 0.409524 0.00312197
73 0.837893 0.95843 0.324049 0.0823819 0.00309762
74 0.817725 0.206944 0.098382 0.0469681 0.00309029
61 0.148774 0.780186 0.123538 0.156639 0.00293469
13 0.217569 0.702796 0.371403 0.563117 0.00283685
60 0.188421 0.593126 0.325981 0.741726 0.00280026
68 0.532763 0.474532 0.19203 0.0998154 0.00278851
59 0.35544 0.1681 0.476537 0.084741 0.00273496
59 0.623422 0.181017 0.752175 0.32721 0.00272337
74 0.124956 0.49751 0.0561102 0.140697 0.00272313
59 0.742623 0.496595 0.502603 0.774309 0.00270107
71 0.9856 0.676624 0.0288011 0.106201 0.002666
73 0.810413 0.964246 0.252018 0.0677834 0.00261921
32 0.531448 0.574506 0.0203352 0.0279215 0.00261471
0 0.0417129 0.556484 0.0834258 0.773929 0.00259873
69 0.317836 0.725591 0.153852 0.273505 0.00256038
41 0.975244 0.803298 0.0495121 0.111032 0.00255159
74 0.12757 0.175192 0.0558408 0.0499002 0.00254101
58 0.416878 0.579647 0.0268564 0.0597143 0.00241652
59 0.415829 0.0785243 0.698245 0.141902 0.00239438
56 0.199838 0.909063 0.229879 0.155242 0.00239435
64 0.124683 0.101298 0.0750827 0.078398 0.00236392
56 0.160752 0.970117 0.321505 0.0531429 0.00234067
61 0.149706 0.829804 0.128016 0.263878 0.00231811
47 0.531448 0.574506 0.0203352 0.0279215 0.00228566
34 0.839244 0.501332 0.106503 0.750166 0.00224441
59 0.837581 0.498516 0.112355 0.755533 0.00223815
60 0.180522 0.841739 0.199175 0.277067 0.00218022
59 0.160752 0.970117 0.321505 0.0531429 0.00216767
63 0.841678 0.957787 0.314717 0.0736713 0.00216374
59 0.399817 0.287777 0.75526 0.347027 0.00214571
14 0.312525 0.11019 0.109794 0.0414472 0.00212669
58 0.412796 0.635299 0.0489692 0.409524 0.00209019
56 0.151752 0.715356 0.300509 0.550983 0.00208336
14 0.338774 0.117164 0.0542262 0.0270192 0.0020797
53 0.623088 0.601377 0.387471 0.376625 0.00207752
60 0.160752 0.970117 0.321505 0.0531429 0.00196639
59 0.935463 0.174197 0.128296 0.339692 0.00196519
72 0.624099 0.602607 0.390179 0.37806 0.00193977
69 0.317835 0.767631 0.15068 0.181595 0.00193945
76 0.203052 0.063594 0.0330176 0.0389729 0.00193277
56 0.0831395 0.958516 0.165015 0.0799334 0.00188106
15 0.817652 0.206839 0.101221 0.0466622 0.00186792
76 0.202766 0.0725458 0.0333869 0.0595992 0.0018594
45 0.975149 0.8036 0.0497013 0.114031 0.00185138
75 0.126202 0.517077 0.0537601 0.0998286 0.00182006
59 0.636908 0.237677 0.474911 0.119324 0.00180778
56 0.895177 0.502002 0.20828 0.730158 0.00178576
69 0.839465 0.506501 0.10344 0.74213 0.00177342
56 0.94552 0.513392 0.108455 0.712771 0.0017547
69 0.532763 0.474532 0.19203 0.0998154 0.00175184
56 0.118873 0.679671 0.16976 0.502661 0.00174758
72 0.894078 0.50843 0.211845 0.738716 0.0017406
61 0.171011 0.959772 0.339483 0.0758731 0.00171307
56 0.974007 0.697222 0.051985 0.333613 0.00171298
56 0.157265 0.887228 0.134 0.182006 0.0017111
56 0.0392952 0.571876 0.0785904 0.734056 0.0016858
14 0.228951 0.0678935 0.0706948 0.0441224 0.0016636
14 0.203052 0.063594 0.0330176 0.0389729 0.00165513
14 0.351925 0.118029 0.0269981 0.0236955 0.0016484
14 0.345936 0.116116 0.0389506 0.0264721 0.00163332
25 0.940356 0.254538 0.118909 0.1572 0.00162712
39 0.122595 0.494499 0.0603323 0.155469 0.00161651
14 0.224781 0.0706932 0.0764016 0.0581498 0.0015839
60 0.209633 0.609749 0.361915 0.108164 0.00153664
49 0.532484 0.479167 0.0216298 0.0287982 0.00153148
26 0.125589 0.515747 0.055028 0.102618 0.0015156
49 0.531522 0.666083 0.0200895 0.0257099 0.00150439
56 0.147824 0.747485 0.124343 0.231602 0.00148901
72 0.529569 0.519942 0.197646 0.187652 0.001472
59 0.619657 0.266044 0.532915 0.138717 0.00145811
74 0.720087 0.564953 0.0220377 0.0266001 0.00145757
6 0.463156 0.492777 0.88505 0.967134 0.00145561
73 0.0946655 0.229022 0.0623169 0.0453157 0.00143436
14 0.115817 0.486244 0.0662754 0.165642 0.00142944
69 0.230643 0.741385 0.344106 0.484493 0.00141066
61 0.31715 0.773171 0.150612 0.170378 0.00140533
59 0.640922 0.142908 0.563132 0.106062 0.00140396
65 0.816713 0.206736 0.0891664 0.0473754 0.00139976
37 0.830732 0.59091 0.090715 0.577272 0.00137696
15 0.310808 0.111763 0.114226 0.0437606 0.00136092
14 0.148275 0.211968 0.0201514 0.0172552 0.00135571
1 0.309508 0.111545 0.113079 0.0442589 0.00132379
71 0.31684 0.771758 0.145534 0.170301 0.00132319
59 0.664337 0.126658 0.477059 0.146091 0.00132272
68 0.31684 0.771758 0.145534 0.170301 0.00130054
14 0.335452 0.0465463 0.0189835 0.016575 0.00129953
59 0.164551 0.889689 0.320462 0.206341 0.0012973
0 0.132003 0.48546 0.10251 0.16725 0.00129226
58 0.131641 0.485352 0.10242 0.16599 0.00129184
24 0.124254 0.491129 0.0574935 0.153478 0.00128791
13 0.158843 0.954509 0.314804 0.077236 0.00126365
59 0.363211 0.131391 0.713394 0.255304 0.00126123
15 0.153751 0.456076 0.0593572 0.0668217 0.00126034
69 0.620946 0.694429 0.369169 0.180584 0.00124598
69 0.622519 0.652457 0.375279 0.242213 0.00122994
16 0.115817 0.486244 0.0662754 0.165642 0.00120783
57 0.164551 0.889689 0.320462 0.206341 0.00120735
49 0.727853 0.470841 0.0196039 0.0272191 0.00120467
14 0.922723 0.257361 0.0109795 0.0147451 0.00118423
56 0.31681 0.726219 0.153476 0.270537 0.00118068
56 0.237562 0.738665 0.297163 0.381952 0.0011718
73 0.0819646 0.229335 0.0364132 0.0449026 0.00117084
60 0.0831395 0.958516 0.165015 0.0799334 0.00116834
74 0.124703 0.101492 0.0750514 0.0764685 0.00116399
63 0.168039 0.960141 0.332516 0.0732333 0.00115249
59 0.92867 0.314989 0.142629 0.332782 0.00115171
32 0.335452 0.0465463 0.0189835 0.016575 0.00115162
14 0.20268 0.0717401 0.0337479 0.0573644 0.00114834
56 0.127434 0.792214 0.250742 0.393176 0.00113311
73 0.951072 0.960612 0.0971241 0.0779083 0.00112453
14 0.955061 0.210414 0.0666176 0.0421553 0.00111797
72 0.938224 0.0955007 0.123551 0.188813 0.00111085
32 0.532484 0.479167 0.0216298 0.0287982 0.0011045
0 0.00627411 0.311218 0.0103915 0.136814 0.00109595
21 0.132076 0.485408 0.1028 0.166445 0.00109527
14 0.80225 0.206061 0.0826385 0.0436297 0.00107825
0 0.160315 0.958099 0.316994 0.0714801 0.00107244
59 0.838634 0.958387 0.322129 0.0831577 0.00107107
74 0.531605 0.666375 0.0207176 0.0255381 0.00107032
68 0.627152 0.608291 0.393711 0.369917 0.00106803
26 0.141261 0.455016 0.084865 0.0706727 0.00106567
60 0.164551 0.889689 0.320462 0.206341 0.00105861
37 0.890691 0.500933 0.206578 0.743547 0.00105479
76 0.105553 0.445026 0.0471528 0.0879655 0.00104427
69 0.46694 0.490936 0.891084 0.958034 0.00104371
14 0.122939 0.103009 0.0770141 0.0747661 0.00104225
13 0.841678 0.957787 0.314717 0.0736713 0.00103107
16 0.309508 0.111545 0.113079 0.0442589 0.00103053
1 0.132191 0.48513 0.103493 0.166824 0.00102723
78 0.131767 0.485101 0.10312 0.166311 0.00101438
