45 0.277431 0.075708 0.262159 0.146762 0.820307
45 0.520511 0.537595 0.956268 0.921339 0.724888
51 0.510225 0.416568 0.462892 0.515459 0.722519
51 0.180616 0.674654 0.172453 0.233876 0.557482
60 0.457632 0.5011 0.913026 0.990279 0.540995
41 0.958627 0.174865 0.0825161 0.345541 0.497913
41 0.727122 0.0942733 0.229793 0.181049 0.361883
51 0.407741 0.638612 0.27614 0.102645 0.226027
51 0.412068 0.601583 0.292057 0.182014 0.174495
51 0.35797 0.488469 0.170107 0.247465 0.155246
51 0.645398 0.448356 0.194116 0.124587 0.151041
41 0.708417 0.0753971 0.188952 0.143232 0.126327
39 0.730886 0.0967143 0.234291 0.184718 0.120101
51 0.652857 0.462787 0.168784 0.0847646 0.0951181
51 0.408776 0.523776 0.272037 0.336393 0.089935
51 0.610637 0.441071 0.241689 0.387445 0.0842853
51 0.134474 0.628657 0.0846907 0.140384 0.0791281
41 0.943789 0.210348 0.110798 0.412764 0.0724495
41 0.171547 0.13227 0.150797 0.189035 0.0720659
51 0.394965 0.452768 0.18785 0.33662 0.0711353
44 0.4321 0.0495883 0.109322 0.0925574 0.0697961
40 0.169968 0.133034 0.14604 0.189749 0.0682176
51 0.538769 0.460957 0.103038 0.368863 0.0676983
51 0.46918 0.209082 0.0351685 0.0882807 0.0675353
51 0.475438 0.208101 0.0218029 0.0879653 0.0609028
51 0.638301 0.43955 0.159191 0.0741051 0.0590926
51 0.620094 0.439807 0.235892 0.147303 0.0550472
51 0.37972 0.474929 0.150992 0.260846 0.0540657
51 0.415455 0.425453 0.150649 0.418369 0.0535312
51 0.613595 0.383815 0.249599 0.272231 0.0452935
51 0.337501 0.608455 0.137338 0.0520701 0.0445091
51 0.637396 0.453279 0.167835 0.0864138 0.0432976
41 0.280587 0.0763894 0.269054 0.146916 0.041275
51 0.459866 0.210652 0.054682 0.0919432 0.0412456
51 0.385315 0.440954 0.500295 0.514505 0.0408583
51 0.210852 0.73121 0.106476 0.11739 0.038615
51 0.56363 0.342175 0.0962919 0.139238 0.0364873
60 0.480536 0.101987 0.961072 0.194646 0.0354639
45 0.171286 0.131255 0.150949 0.189387 0.0338932
51 0.535776 0.453362 0.0604931 0.225977 0.0336438
51 0.428728 0.471042 0.0614392 0.33037 0.0308586
51 0.634027 0.506568 0.14365 0.131637 0.0306435
39 0.958735 0.155136 0.0808521 0.302368 0.0299925
51 0.474769 0.657127 0.123021 0.0717992 0.0279064
51 0.427023 0.454639 0.114843 0.371196 0.0265506
51 0.431291 0.426356 0.328999 0.532688 0.0264674
39 0.710421 0.0803708 0.192783 0.154168 0.0262102
50 0.179569 0.440354 0.073592 0.0782497 0.0244074
60 0.601549 0.198129 0.79428 0.378606 0.0238817
51 0.606674 0.344253 0.0915396 0.0865878 0.0238473
51 0.404026 0.268747 0.109798 0.0919736 0.0225037
51 0.826211 0.726567 0.0522654 0.0429227 0.0222512
51 0.154043 0.653828 0.122063 0.193957 0.022168
51 0.580419 0.347831 0.0861644 0.128838 0.0212855
51 0.310789 0.851852 0.0750422 0.0649364 0.02094
45 0.308501 0.0845161 0.346404 0.162552 0.0208573
51 0.582699 0.37445 0.0604553 0.0828818 0.0205665
51 0.423725 0.511865 0.0514032 0.260296 0.0204341
41 0.864957 0.111474 0.151263 0.214992 0.0198504
60 0.096286 0.253027 0.190883 0.492092 0.0195722
51 0.575812 0.362887 0.070287 0.108071 0.0194535
45 0.822155 0.543723 0.350694 0.885005 0.0192263
51 0.556155 0.333137 0.135257 0.160685 0.0190756
51 0.547805 0.516784 0.0834749 0.27611 0.0186858
51 0.626337 0.430681 0.155709 0.0770148 0.018186
42 0.0167018 0.830297 0.0308788 0.300569 0.0181723
50 0.263498 0.327404 0.20013 0.205677 0.0180634
51 0.430854 0.479804 0.0490789 0.285694 0.0171955
51 0.821272 0.714332 0.0764759 0.0726781 0.0170563
45 0.249254 0.128917 0.309703 0.194145 0.0169598
45 0.4321 0.0495883 0.109322 0.0925574 0.0166199
51 0.551826 0.431647 0.134851 0.36727 0.0163103
51 0.484993 0.663994 0.125666 0.0522372 0.016294
51 0.60634 0.485531 0.09373 0.101022 0.0162504
51 0.412668 0.259237 0.150259 0.0800509 0.0161946
51 0.590444 0.357309 0.0573374 0.114651 0.0160056
51 0.483656 0.350883 0.312835 0.372439 0.01565
60 0.102214 0.468972 0.202581 0.925433 0.0152358
51 0.596356 0.332717 0.0869385 0.0895577 0.0152198
50 0.245536 0.350088 0.1912 0.248306 0.0150843
51 0.468336 0.235162 0.0363518 0.142308 0.014916
51 0.360541 0.471456 0.393944 0.463949 0.0142408
40 0.958534 0.206948 0.081505 0.413895 0.0141788
51 0.385398 0.242306 0.0945515 0.0476667 0.0141533
51 0.827211 0.731346 0.045993 0.0320995 0.0137201
45 0.450319 0.158485 0.587435 0.167002 0.0135615
51 0.419281 0.5413 0.0488349 0.203492 0.0135254
51 0.635343 0.486563 0.152259 0.0953125 0.0134858
51 0.333586 0.60235 0.126034 0.0379398 0.0131739
51 0.562615 0.555861 0.0505878 0.197946 0.0130744
51 0.446883 0.473848 0.108538 0.338364 0.0127144
51 0.553241 0.480586 0.0646196 0.302456 0.0126688
60 0.244589 0.265761 0.485136 0.523666 0.0121654
51 0.402213 0.425291 0.0886527 0.164908 0.0120348
40 0.730886 0.0967143 0.234291 0.184718 0.0119628
41 0.43186 0.0495998 0.107396 0.0933426 0.0115783
51 0.400333 0.251255 0.124803 0.0653542 0.0113591
51 0.527289 0.432981 0.0537937 0.194919 0.0112205
51 0.480157 0.403423 0.0595371 0.0502326 0.0111443
51 0.401633 0.618199 0.265448 0.0625104 0.0100043
43 0.0169104 0.834157 0.0303701 0.312426 0.00988078
51 0.606467 0.4342 0.143197 0.0951463 0.00981662
51 0.648293 0.504398 0.184795 0.188076 0.00953189
51 0.417761 0.569953 0.0423424 0.139976 0.00942037
51 0.518812 0.395865 0.0670309 0.248332 0.00934702
51 0.592043 0.378859 0.0903708 0.0950597 0.00918227
44 0.397936 0.0487428 0.0427792 0.0922347 0.00905418
51 0.543117 0.484384 0.0692287 0.231611 0.00885394
60 0.637798 0.134497 0.709066 0.26066 0.00874922
51 0.389786 0.445331 0.10482 0.180779 0.00862092
45 0.371547 0.609258 0.721555 0.763675 0.0083262
51 0.465678 0.648504 0.119196 0.0624874 0.00793633
51 0.615 0.577343 0.0622557 0.0953058 0.00791958
51 0.35647 0.358327 0.0968598 0.0843688 0.00757557
51 0.42375 0.317865 0.0544415 0.0632665 0.00742653
50 0.179925 0.399046 0.0820359 0.170181 0.00736251
50 0.222815 0.326973 0.112322 0.162584 0.00732616
60 0.36602 0.273626 0.72954 0.536896 0.00716496
51 0.557228 0.533374 0.0621738 0.227568 0.00706571
51 0.572168 0.384468 0.0648581 0.066252 0.00695333
51 0.395004 0.505903 0.254082 0.259428 0.00684232
50 0.28522 0.258559 0.253307 0.295793 0.00678736
51 0.846079 0.704939 0.121513 0.242077 0.00674769
51 0.540946 0.304887 0.122426 0.114017 0.00658441
45 0.777374 0.623363 0.430896 0.731362 0.00642222
60 0.14215 0.490368 0.282611 0.975784 0.00640279
51 0.378296 0.340634 0.149218 0.137029 0.00630128
44 0.16356 0.0440306 0.0347601 0.0754848 0.00625923
51 0.471847 0.440337 0.283557 0.373215 0.0062224
51 0.565942 0.513595 0.0400068 0.138842 0.0061661
51 0.413472 0.292645 0.0745551 0.0519128 0.00607231
44 0.0169104 0.834157 0.0303701 0.312426 0.006024
51 0.431268 0.302923 0.0486523 0.0390324 0.00579727
51 0.36826 0.631538 0.198651 0.0893804 0.00570959
39 0.937598 0.216758 0.12351 0.422297 0.00565034
51 0.377065 0.248153 0.079092 0.0557091 0.00557613
51 0.638622 0.803735 0.0285215 0.0318275 0.00545943
51 0.626372 0.549629 0.139167 0.225138 0.00543913
51 0.588966 0.497918 0.0547384 0.100048 0.00542948
51 0.564974 0.526705 0.0433924 0.184994 0.00542709
51 0.552085 0.44708 0.0728697 0.211425 0.00542578
51 0.42997 0.295567 0.0532261 0.0385777 0.00541624
45 0.710708 0.559677 0.57218 0.855651 0.00540623
51 0.385017 0.37124 0.35821 0.198709 0.00539935
51 0.370548 0.350555 0.127921 0.100222 0.00539255
51 0.605325 0.505068 0.208907 0.322711 0.00533074
51 0.617804 0.594748 0.0550566 0.0509941 0.00525719
51 0.45193 0.22501 0.0496436 0.0513677 0.00508222
51 0.652351 0.477443 0.169712 0.0692167 0.00507748
45 0.327726 0.763589 0.640709 0.457293 0.0050427
51 0.830761 0.729927 0.0644966 0.0552882 0.00504121
51 0.280983 0.648904 0.0507113 0.0880938 0.005007
50 0.273863 0.287514 0.139774 0.120692 0.00497469
45 0.470267 0.299822 0.663555 0.445448 0.00491941
51 0.489994 0.466941 0.204609 0.364762 0.00484827
50 0.298192 0.327984 0.29085 0.21313 0.00483689
51 0.607408 0.44705 0.12213 0.0742859 0.00476685
50 0.209461 0.352354 0.145528 0.254091 0.00475869
42 0.0171291 0.757693 0.033205 0.436094 0.00465274
51 0.439595 0.492179 0.0427144 0.243299 0.00463694
51 0.423662 0.643435 0.184237 0.068059 0.00462502
51 0.150123 0.645167 0.0911212 0.174106 0.00452995
60 0.0786085 0.19816 0.154833 0.391314 0.00432894
51 0.46412 0.433191 0.101132 0.157491 0.00432125
51 0.510612 0.412196 0.253304 0.366613 0.00428802
51 0.637078 0.589038 0.112893 0.12993 0.00426826
51 0.562314 0.467146 0.0971615 0.239201 0.00425705
51 0.588381 0.416696 0.154879 0.13052 0.00424036
50 0.339988 0.27662 0.375425 0.292274 0.00418416
51 0.499461 0.371583 0.0984247 0.214655 0.00417399
51 0.482973 0.297247 0.291224 0.269211 0.00414374
50 0.1827 0.35577 0.0929149 0.247507 0.00414196
51 0.404018 0.31742 0.0929703 0.0697627 0.00411335
51 0.647104 0.528009 0.165433 0.13054 0.00400531
51 0.346408 0.613575 0.159111 0.066023 0.00395817
51 0.418313 0.276039 0.0847645 0.0787923 0.00394988
51 0.360348 0.304395 0.0972631 0.0375191 0.00393856
44 0.470816 0.135263 0.0305973 0.125763 0.0039373
40 0.935032 0.221026 0.128353 0.41736 0.00390989
51 0.46974 0.334277 0.0472317 0.11916 0.00388715
51 0.458239 0.334872 0.0753387 0.12513 0.00379032
51 0.634223 0.531067 0.11568 0.141634 0.0037694
51 0.381299 0.481132 0.112003 0.221881 0.00376204
51 0.401445 0.350756 0.180232 0.349589 0.00376201
51 0.604263 0.359957 0.0897134 0.113427 0.00376043
51 0.533641 0.799834 0.024106 0.0309619 0.00369906
44 0.164098 0.0566185 0.0321235 0.0491769 0.003683
51 0.814997 0.729654 0.0776062 0.0664553 0.00368047
51 0.522617 0.304492 0.099099 0.119565 0.00367048
60 0.437662 0.337216 0.87162 0.662079 0.00365657
51 0.590105 0.450143 0.151373 0.18392 0.00363731
45 0.554262 0.178679 0.392267 0.206767 0.00363499
51 0.475834 0.352316 0.035259 0.0777159 0.00361824
51 0.434846 0.648969 0.219628 0.090521 0.00361305
41 0.526386 0.0469223 0.181119 0.0868436 0.00358677
51 0.653755 0.506419 0.168597 0.0846025 0.00349987
60 0.857532 0.214809 0.28275 0.402253 0.00349838
41 0.249254 0.128917 0.309703 0.194145 0.0034906
51 0.58802 0.50736 0.0464907 0.0874279 0.00346464
51 0.54352 0.413063 0.089544 0.237514 0.00344029
50 0.224962 0.331141 0.105678 0.104527 0.00342157
51 0.31208 0.864139 0.0808456 0.0943446 0.00339288
51 0.191056 0.711447 0.153589 0.162003 0.00338113
51 0.446208 0.346885 0.0923561 0.134277 0.00335369
51 0.349887 0.441848 0.20522 0.321182 0.00335205
51 0.278583 0.872361 0.160292 0.156485 0.00327724
41 0.934885 0.288286 0.128291 0.276394 0.00326711
51 0.459591 0.445731 0.135806 0.404939 0.0032481
60 0.08673 0.874462 0.165631 0.24324 0.0032436
51 0.517835 0.355118 0.0649153 0.141612 0.00322574
51 0.478825 0.35792 0.0393393 0.061812 0.00320765
51 0.563118 0.376478 0.0534921 0.0658273 0.00317833
60 0.736532 0.506675 0.524332 0.97653 0.003178
51 0.47133 0.499458 0.173345 0.318655 0.00316671
51 0.418704 0.419895 0.0940512 0.167761 0.00312543
51 0.434561 0.241054 0.198828 0.148889 0.00311297
50 0.182521 0.417452 0.0908485 0.128343 0.00305876
40 0.43186 0.0495998 0.107396 0.0933426 0.00305107
51 0.424889 0.261761 0.112856 0.104919 0.00299105
51 0.180617 0.679475 0.109642 0.157675 0.00298858
51 0.627871 0.552073 0.0919578 0.11423 0.00294504
45 0.455007 0.12383 0.709364 0.235041 0.00291094
41 0.814545 0.106272 0.0869153 0.184688 0.00287613
45 0.935188 0.29258 0.128807 0.266721 0.00287211
51 0.375544 0.239068 0.0732142 0.0385032 0.00285703
51 0.163313 0.662034 0.0948195 0.160948 0.00277942
41 0.492261 0.0489309 0.25349 0.092824 0.00272936
51 0.825555 0.729602 0.165661 0.313107 0.00265831
51 0.408249 0.621534 0.204699 0.124082 0.0026466
51 0.461235 0.245212 0.0535713 0.156105 0.00262526
51 0.642873 0.60188 0.0978167 0.038531 0.00261867
51 0.531468 0.257399 0.0327133 0.0453665 0.00261614
51 0.657674 0.432368 0.0978575 0.0583249 0.00261018
51 0.528376 0.378293 0.0746887 0.208739 0.00256467
51 0.517901 0.326007 0.243071 0.201751 0.002545
51 0.631113 0.586206 0.125747 0.174183 0.00254321
51 0.525306 0.454088 0.0695549 0.172852 0.00254142
51 0.158891 0.606737 0.132959 0.268709 0.0024887
51 0.791075 0.740461 0.0770703 0.0820092 0.00247189
51 0.481991 0.419122 0.0618045 0.0582285 0.00246039
44 0.176507 0.0434309 0.0608798 0.0780023 0.00242972
43 0.0159271 0.785296 0.03156 0.212295 0.00242054
50 0.246522 0.317926 0.0762144 0.109322 0.00241905
51 0.606383 0.572325 0.173522 0.238111 0.00241187
51 0.321404 0.475149 0.219102 0.357822 0.00238433
51 0.474439 0.31341 0.0349884 0.0725599 0.0023838
51 0.525729 0.255933 0.0290494 0.0490519 0.00237757
51 0.348084 0.52778 0.102042 0.135788 0.00237629
50 0.254096 0.309006 0.0902114 0.13372 0.00235417
51 0.390622 0.54012 0.105814 0.204736 0.00235388
51 0.411254 0.316766 0.147851 0.265028 0.00235385
51 0.525758 0.316034 0.0788067 0.117477 0.0023537
51 0.621931 0.391754 0.138749 0.108977 0.00234935
51 0.641361 0.65329 0.0250008 0.0539099 0.00234693
51 0.395863 0.289512 0.0376776 0.0433299 0.00233075
39 0.864957 0.111474 0.151263 0.214992 0.0023236
51 0.323576 0.520723 0.193071 0.236057 0.00231481
51 0.596645 0.318489 0.0741627 0.0649228 0.00231338
51 0.571764 0.498464 0.0738368 0.235595 0.00229701
51 0.34965 0.380119 0.239271 0.223689 0.00223264
51 0.511346 0.335279 0.0750203 0.189305 0.0022293
51 0.382787 0.315299 0.124824 0.0899985 0.00220239
51 0.460288 0.658632 0.18046 0.0752491 0.00219771
50 0.434864 0.208805 0.0683726 0.0705904 0.00216499
51 0.592312 0.356749 0.239178 0.229842 0.00216088
51 0.48447 0.366471 0.066905 0.131929 0.00215545
51 0.196753 0.702504 0.113423 0.141534 0.00213757
51 0.585777 0.391692 0.0892518 0.0955362 0.00213188
51 0.478818 0.3083 0.0261675 0.0614661 0.00212508
51 0.450163 0.431658 0.0842302 0.219675 0.00210524
51 0.184019 0.635664 0.178339 0.237901 0.00209132
75 0.730886 0.0967143 0.234291 0.184718 0.00207987
50 0.251114 0.29117 0.0839989 0.0911421 0.00207645
51 0.287859 0.580658 0.290546 0.313789 0.00206998
43 0.0171291 0.757693 0.033205 0.436094 0.00203758
51 0.567233 0.584258 0.0415775 0.138497 0.00203505
51 0.378512 0.303416 0.0750018 0.0656708 0.00202617
51 0.361739 0.511326 0.115557 0.196106 0.00201792
51 0.368113 0.300339 0.109582 0.0472022 0.00199869
69 0.519619 0.538603 0.95727 0.92171 0.00199702
50 0.708444 0.300687 0.104984 0.176232 0.00198206
51 0.172112 0.473138 0.06808 0.0296116 0.00197554
50 0.184155 0.362868 0.0775788 0.149696 0.00196588
51 0.797755 0.706827 0.0298161 0.0304405 0.00196472
51 0.19581 0.604669 0.15077 0.276795 0.00195643
51 0.375162 0.527938 0.106033 0.189318 0.00194442
40 0.935188 0.29258 0.128807 0.266721 0.0019432
49 0.506958 0.424342 0.474075 0.527692 0.00193635
51 0.407714 0.545107 0.0723434 0.199642 0.00192481
51 0.535343 0.261806 0.0257072 0.039471 0.00192308
56 0.276543 0.0759194 0.2612 0.147722 0.00190619
51 0.361263 0.565052 0.210556 0.256625 0.00189874
51 0.433662 0.51348 0.064665 0.248311 0.00189582
51 0.800821 0.749266 0.0513279 0.0709379 0.0018892
50 0.519188 0.22548 0.0712135 0.0529837 0.00185111
51 0.182046 0.487395 0.0882473 0.0649199 0.0018473
50 0.66567 0.300466 0.0799986 0.092827 0.00179902
60 0.933394 0.841771 0.13144 0.312554 0.00179747
51 0.243636 0.590647 0.193597 0.29568 0.00179633
51 0.18096 0.474722 0.0864162 0.034122 0.00177464
