29 0.644608 0.541439 0.561084 0.473391 0.994655
16 0.472247 0.489123 0.944493 0.895419 0.872422
16 0.665358 0.461526 0.631369 0.852949 0.226898
16 0.387575 0.394396 0.773401 0.71164 0.093493
18 0.472247 0.489123 0.944493 0.895419 0.0595263
16 0.619388 0.628458 0.595739 0.64847 0.0298437
16 0.77173 0.45049 0.418565 0.825907 0.0216079
29 0.473625 0.493641 0.94725 0.90604 0.0133664
29 0.742047 0.550299 0.359044 0.443365 0.00903797
29 0.634121 0.604912 0.57748 0.681616 0.00549448
2 0.644568 0.543225 0.559331 0.474401 0.00523248
29 0.658022 0.44606 0.639686 0.801531 0.00467193
19 0.472247 0.489123 0.944493 0.895419 0.00440627
16 0.574029 0.841615 0.455139 0.226994 0.00336581
29 0.87195 0.559891 0.0976921 0.297021 0.00280756
29 0.774098 0.490653 0.412217 0.872077 0.00273582
36 0.477977 0.492252 0.955955 0.911687 0.00271022
17 0.472929 0.47871 0.945857 0.895487 0.00264266
16 0.612439 0.798717 0.372791 0.315849 0.00259626
77 0.472594 0.495788 0.945188 0.906455 0.00243482
32 0.644608 0.541439 0.561084 0.473391 0.00193951
12 0.64525 0.541019 0.558509 0.477093 0.0017764
20 0.472247 0.489123 0.944493 0.895419 0.00164798
18 0.387575 0.394396 0.773401 0.71164 0.00160232
21 0.472247 0.489123 0.944493 0.895419 0.00159955
59 0.472594 0.495788 0.945188 0.906455 0.0015552
29 0.751313 0.557402 0.348816 0.699288 0.0015181
35 0.644568 0.543225 0.559331 0.474401 0.00147364
10 0.477977 0.492252 0.955955 0.911687 0.00147325
16 0.479575 0.587826 0.762389 0.730869 0.00145659
15 0.466579 0.45031 0.931071 0.834334 0.00110611
