0 0.585258 0.365973 0.467217 0.562908 0.887082
0 0.194518 0.400855 0.373893 0.697519 0.877565
0 0.910989 0.421393 0.178022 0.52527 0.83117
60 0.528161 0.803993 0.943678 0.375583 0.825135
41 0.244302 0.759441 0.103268 0.0840023 0.811464
43 0.65448 0.623282 0.0948055 0.112689 0.620027
55 0.663989 0.766785 0.57831 0.184338 0.599833
56 0.399098 0.649105 0.385142 0.104579 0.538956
45 0.782667 0.659055 0.168999 0.059683 0.508129
43 0.662318 0.635288 0.115643 0.129103 0.391092
56 0.117371 0.951458 0.170465 0.095998 0.353395
43 0.639504 0.627659 0.0604817 0.102338 0.111937
56 0.17194 0.950503 0.307194 0.0948681 0.100506
43 0.637989 0.637278 0.048373 0.0805104 0.0998405
43 0.630495 0.637932 0.0389894 0.0792019 0.0966867
56 0.416794 0.287628 0.119036 0.090942 0.0906709
55 0.613642 0.756351 0.44385 0.160092 0.0834863
39 0.846342 0.312241 0.0725548 0.123863 0.0757189
0 0.46487 0.206421 0.0927522 0.0892414 0.0620675
43 0.662935 0.638134 0.0906083 0.114417 0.0596678
56 0.440087 0.636242 0.47479 0.127466 0.0474027
42 0.651409 0.620752 0.0906437 0.10908 0.0392566
43 0.616211 0.609874 0.0489204 0.0847154 0.0384113
55 0.527087 0.800727 0.944077 0.382895 0.0337978
43 0.598451 0.607392 0.0402688 0.0697681 0.0308176
0 0.461229 0.248098 0.112062 0.174237 0.0306014
62 0.411144 0.283625 0.111673 0.0798793 0.0286248
46 0.360092 0.230764 0.0453254 0.0352668 0.0269328
43 0.654906 0.635424 0.0558436 0.0935915 0.026254
55 0.442776 0.702115 0.436132 0.13992 0.0245756
60 0.600365 0.67052 0.79603 0.0984574 0.0222954
43 0.677648 0.636839 0.0932394 0.140126 0.0202045
39 0.931029 0.166336 0.0370818 0.0428203 0.0195887
43 0.601569 0.605605 0.0562558 0.0796205 0.0182472
43 0.636907 0.606142 0.0541467 0.0758183 0.0181168
44 0.65166 0.622966 0.0938034 0.105521 0.0167729
49 0.361049 0.23138 0.0451831 0.0335182 0.0165682
56 0.051936 0.609976 0.100988 0.236913 0.0156767
43 0.628463 0.626591 0.0582272 0.100135 0.0155285
43 0.716878 0.592397 0.0557806 0.0999359 0.0149599
0 0.357426 0.228827 0.0518216 0.0401902 0.0145017
42 0.658565 0.633582 0.108114 0.12898 0.0144227
43 0.702667 0.664394 0.058618 0.0756094 0.0141461
46 0.453209 0.205938 0.0718586 0.0865917 0.014121
60 0.450629 0.709551 0.446236 0.14439 0.0140709
56 0.37585 0.541498 0.0528565 0.158382 0.0135046
56 0.0514419 0.538314 0.0994983 0.352915 0.0135046
41 0.783829 0.659251 0.163656 0.0573387 0.0134509
69 0.0514542 0.613222 0.100691 0.233348 0.0128549
56 0.435473 0.298986 0.15222 0.108874 0.0126171
43 0.64293 0.612083 0.0645268 0.096411 0.0125511
62 0.431099 0.289466 0.149038 0.0872543 0.0119085
43 0.709395 0.595228 0.0407149 0.0929097 0.0117749
43 0.617595 0.594538 0.0640696 0.116881 0.0117603
56 0.790672 0.503987 0.138003 0.255811 0.0110202
56 0.718264 0.586746 0.0574391 0.108572 0.010801
46 0.444378 0.185013 0.0529917 0.0444037 0.0106108
60 0.846227 0.677896 0.304812 0.101431 0.010409
0 0.452568 0.228631 0.0648239 0.0481968 0.0102518
42 0.639504 0.627659 0.0604817 0.102338 0.00993785
43 0.620862 0.619987 0.0516972 0.0911476 0.00983894
49 0.452286 0.233378 0.0531034 0.0366429 0.00954777
55 0.834108 0.750694 0.0941896 0.0468384 0.00866333
56 0.0721491 0.599195 0.0576635 0.196625 0.00865576
45 0.243477 0.760546 0.105655 0.0846423 0.00859672
43 0.641428 0.616719 0.111998 0.111457 0.00845432
42 0.630495 0.637932 0.0389894 0.0792019 0.00844797
42 0.637989 0.637278 0.048373 0.0805104 0.0082489
56 0.36628 0.538414 0.0444081 0.168216 0.00757757
74 0.713854 0.120732 0.0641095 0.0476118 0.00746101
56 0.195267 0.903429 0.239576 0.190604 0.00740129
72 0.431099 0.289466 0.149038 0.0872543 0.00733092
39 0.857571 0.302441 0.0584506 0.107087 0.00731063
44 0.662318 0.635288 0.115643 0.129103 0.00724271
43 0.632213 0.59382 0.0438852 0.0704746 0.00707975
68 0.431099 0.289466 0.149038 0.0872543 0.0070492
56 0.4956 0.623407 0.601479 0.147795 0.00685436
56 0.168446 0.872994 0.191681 0.24878 0.00675523
39 0.45519 0.206891 0.0751867 0.0894142 0.00643846
47 0.361049 0.23138 0.0451831 0.0335182 0.00608465
43 0.692908 0.653708 0.0590247 0.0928395 0.00606918
45 0.79354 0.65039 0.134685 0.040942 0.00596973
43 0.629677 0.602511 0.137897 0.136412 0.00594541
56 0.749266 0.512633 0.123763 0.252003 0.00584874
56 0.735438 0.534745 0.0906175 0.208545 0.00584376
68 0.411144 0.283625 0.111673 0.0798793 0.00580567
75 0.931029 0.166336 0.0370818 0.0428203 0.00574583
0 0.438644 0.246989 0.153647 0.169957 0.00567609
56 0.727244 0.502159 0.221346 0.265081 0.0055739
0 0.41018 0.238626 0.201121 0.1516 0.0055303
56 0.845716 0.311749 0.0734411 0.124332 0.00536308
41 0.245281 0.7454 0.105278 0.0557295 0.00535315
43 0.622378 0.636362 0.0437731 0.080873 0.00533706
60 0.547509 0.686211 0.899053 0.135022 0.00525132
41 0.447801 0.187761 0.0600644 0.0500702 0.00522414
39 0.244184 0.760583 0.10483 0.0853748 0.00514868
0 0.741613 0.312377 0.189692 0.141255 0.00505233
0 0.492304 0.210785 0.0519915 0.0810965 0.00499159
43 0.724686 0.586887 0.0561441 0.102198 0.0049471
56 0.400171 0.574147 0.60173 0.270931 0.00492316
0 0.479406 0.208382 0.0789631 0.085373 0.0048551
56 0.425204 0.312218 0.160915 0.140333 0.00468856
56 0.737954 0.581858 0.0351652 0.107089 0.00461146
60 0.782795 0.20815 0.314279 0.0746646 0.00458285
56 0.428503 0.424142 0.164086 0.364259 0.00454265
54 0.361049 0.23138 0.0451831 0.0335182 0.00451174
56 0.188864 0.865323 0.333087 0.260826 0.00450712
60 0.776291 0.274896 0.30725 0.210804 0.00448123
46 0.451044 0.233194 0.0541584 0.0361153 0.0042263
56 0.0553044 0.708657 0.105427 0.431517 0.00420836
43 0.594747 0.577779 0.116833 0.167458 0.00416413
56 0.0680046 0.559814 0.0586122 0.131577 0.00413591
62 0.0514542 0.613222 0.100691 0.233348 0.00403795
43 0.70053 0.596893 0.0247468 0.0910075 0.00399104
60 0.635441 0.438246 0.729118 0.427635 0.0039697
45 0.796809 0.686161 0.196821 0.117092 0.00396964
63 0.429249 0.286453 0.144012 0.0846452 0.00396684
43 0.735613 0.582985 0.0386344 0.109389 0.00395858
42 0.654906 0.635424 0.0558436 0.0935915 0.00388065
27 0.294903 0.261894 0.0154435 0.0498363 0.00387636
39 0.582028 0.376075 0.0331042 0.0386546 0.00383455
53 0.460131 0.207558 0.085839 0.0909562 0.0037953
43 0.595415 0.590654 0.0904639 0.117574 0.00375468
39 0.387976 0.471159 0.0331566 0.0749991 0.00372282
60 0.413248 0.646635 0.414951 0.109169 0.00369385
46 0.495837 0.23154 0.047226 0.0364241 0.00368875
56 0.331078 0.542052 0.631309 0.345843 0.00365737
57 0.635441 0.438246 0.729118 0.427635 0.00362158
56 0.379344 0.521357 0.0547229 0.166021 0.00359666
13 0.107364 0.949915 0.187071 0.0952875 0.00359106
44 0.630495 0.637932 0.0389894 0.0792019 0.00355491
43 0.677883 0.658879 0.0849744 0.0888272 0.00354853
0 0.433696 0.290111 0.153695 0.0899851 0.00354096
56 0.106438 0.867049 0.207963 0.259876 0.00352871
0 0.847065 0.311512 0.0729954 0.131153 0.00349659
39 0.359291 0.229661 0.0462635 0.0349718 0.00348952
43 0.677588 0.601127 0.0407175 0.123484 0.00346604
76 0.656275 0.627345 0.0973883 0.120815 0.00344741
27 0.285884 0.262984 0.0270568 0.0449265 0.00344619
13 0.635441 0.438246 0.729118 0.427635 0.00343913
0 0.388608 0.390165 0.777216 0.616779 0.00342083
42 0.65809 0.635085 0.0886175 0.105697 0.00328258
0 0.546119 0.206305 0.267422 0.103079 0.00328067
39 0.00881092 0.35277 0.0169227 0.0845648 0.00322413
56 0.765043 0.320108 0.221961 0.159177 0.00320971
27 0.292803 0.253651 0.0175794 0.0628289 0.00320694
43 0.701133 0.627858 0.0361313 0.130979 0.00319538
44 0.632814 0.626117 0.0469328 0.0997713 0.00317395
0 0.451044 0.233194 0.0541584 0.0361153 0.00312504
45 0.361049 0.23138 0.0451831 0.0335182 0.00307572
72 0.430974 0.250827 0.174924 0.170624 0.00300181
42 0.702667 0.664394 0.058618 0.0756094 0.00297812
44 0.65809 0.635085 0.0886175 0.105697 0.00296527
42 0.67364 0.643281 0.102711 0.128492 0.0029439
56 0.0924216 0.531055 0.178926 0.345718 0.00294051
39 0.442943 0.185401 0.0482685 0.0455495 0.00293556
0 0.4072 0.205571 0.206023 0.0921865 0.00292501
26 0.845925 0.313186 0.0726998 0.125176 0.0029214
43 0.63997 0.586295 0.054235 0.0943697 0.00288975
56 0.573352 0.448576 0.47342 0.500606 0.00287768
0 0.467769 0.177133 0.100089 0.153796 0.00287667
72 0.0518791 0.605452 0.100459 0.245877 0.00287554
39 0.849075 0.294315 0.0585398 0.0896653 0.00285557
44 0.637989 0.637278 0.048373 0.0805104 0.00284117
56 0.424878 0.693584 0.427905 0.126877 0.00282669
56 0.793277 0.442942 0.140956 0.382354 0.00278243
41 0.846342 0.312241 0.0725548 0.123863 0.00274524
44 0.453209 0.205938 0.0718586 0.0865917 0.00267264
42 0.628463 0.626591 0.0582272 0.100135 0.00265679
39 0.874869 0.278158 0.0262137 0.0637319 0.00264513
0 0.924615 0.26291 0.150769 0.212492 0.00264183
60 0.879096 0.680617 0.238174 0.0840548 0.0026243
44 0.702667 0.664394 0.058618 0.0756094 0.00262412
60 0.819088 0.668826 0.251735 0.0852724 0.00258273
56 0.0778563 0.575134 0.0465187 0.120539 0.00256041
57 0.430449 0.28887 0.150522 0.0869139 0.00249958
44 0.601569 0.605605 0.0562558 0.0796205 0.00248116
42 0.616211 0.609874 0.0489204 0.0847154 0.00247833
0 0.495868 0.220357 0.0463807 0.0615186 0.00244829
69 0.0553044 0.708657 0.105427 0.431517 0.00244713
56 0.809618 0.400113 0.145054 0.313174 0.00244701
60 0.849263 0.735761 0.298431 0.12253 0.00244552
45 0.713854 0.120732 0.0641095 0.0476118 0.00243717
26 0.492989 0.513229 0.291536 0.220352 0.00243053
40 0.45519 0.206891 0.0751867 0.0894142 0.00242072
56 0.077481 0.551552 0.0416175 0.081296 0.00241619
40 0.244145 0.76057 0.105572 0.0851387 0.00237274
39 0.714764 0.12023 0.0655757 0.0487052 0.00237128
43 0.606282 0.579647 0.190286 0.176738 0.00237063
41 0.266965 0.747335 0.0619849 0.0568073 0.00236699
55 0.569134 0.743568 0.369552 0.135317 0.0023475
39 0.00832006 0.341351 0.0161871 0.0569959 0.00232494
39 0.856483 0.120295 0.052651 0.0415047 0.00232273
45 0.838316 0.688274 0.272275 0.120121 0.00230691
56 0.822507 0.413457 0.0489432 0.0626043 0.00229612
53 0.451465 0.233425 0.0547011 0.036297 0.00229537
41 0.361049 0.23138 0.0451831 0.0335182 0.00228232
69 0.431099 0.289466 0.149038 0.0872543 0.00225753
0 0.357696 0.246966 0.0559857 0.0742281 0.00225714
0 0.665538 0.429727 0.617755 0.429274 0.0022383
44 0.616211 0.609874 0.0489204 0.0847154 0.00222963
43 0.66493 0.659593 0.067125 0.0798279 0.00222838
42 0.828427 0.751406 0.0801236 0.0439035 0.00221542
43 0.656609 0.599926 0.100343 0.115798 0.00221467
45 0.664618 0.637093 0.118557 0.124579 0.00216705
46 0.452568 0.228631 0.0648239 0.0481968 0.00214481
39 0.01293 0.423772 0.0250496 0.108817 0.00214341
0 0.753388 0.295623 0.239032 0.171215 0.0021376
27 0.29351 0.268929 0.0195119 0.0407797 0.00213632
55 0.624381 0.736071 0.369765 0.158269 0.00209659
56 0.745677 0.33896 0.184417 0.195674 0.00204486
13 0.17194 0.950503 0.307194 0.0948681 0.00202188
56 0.387254 0.496962 0.0393718 0.120956 0.00199133
56 0.528989 0.796324 0.934972 0.393423 0.00198725
26 0.374576 0.534415 0.0572263 0.169626 0.0019823
41 0.453209 0.205938 0.0718586 0.0865917 0.00197065
0 0.745677 0.33896 0.184417 0.195674 0.00196576
13 0.621339 0.373635 0.747487 0.32476 0.00196302
0 0.807151 0.404682 0.380403 0.475928 0.00195032
73 0.411144 0.283625 0.111673 0.0798793 0.00191301
0 0.937308 0.236669 0.125383 0.160208 0.00188473
39 0.00912283 0.363519 0.0182457 0.124931 0.00186461
46 0.470062 0.212217 0.0972215 0.0808046 0.00186414
68 0.0520811 0.610616 0.100866 0.237775 0.0018619
44 0.654906 0.635424 0.0558436 0.0935915 0.00184655
44 0.598451 0.607392 0.0402688 0.0697681 0.00184423
0 0.931225 0.168439 0.0361473 0.0381095 0.00182915
27 0.282108 0.252357 0.0326039 0.0643682 0.00182196
13 0.530413 0.802105 0.938979 0.37909 0.00181466
58 0.0199128 0.2613 0.0370393 0.152646 0.00180867
55 0.785599 0.658226 0.15713 0.0564182 0.00179374
46 0.71425 0.120493 0.0632899 0.0467899 0.00178039
26 0.497634 0.458444 0.30399 0.330198 0.00177467
39 0.71181 0.165683 0.0657586 0.044264 0.0017685
56 0.827051 0.435604 0.055662 0.105763 0.00175777
72 0.411144 0.283625 0.111673 0.0798793 0.0017533
0 0.72303 0.255388 0.381821 0.248737 0.00175029
0 0.729987 0.272196 0.199343 0.226203 0.00174895
69 0.0455816 0.535062 0.0898673 0.358339 0.00172377
72 0.0455816 0.535062 0.0898673 0.358339 0.00171566
48 0.833459 0.751911 0.0938565 0.0534905 0.00170752
43 0.719784 0.622567 0.043467 0.0358581 0.00170523
56 0.111281 0.599343 0.164679 0.24046 0.00169957
27 0.285661 0.269362 0.0300873 0.0404501 0.00169548
47 0.452286 0.233378 0.0531034 0.0366429 0.00169545
49 0.35426 0.229857 0.0571789 0.0395621 0.00169444
56 0.380584 0.642607 0.341932 0.06985 0.00168779
60 0.621339 0.373635 0.747487 0.32476 0.00167787
56 0.0893467 0.609795 0.101095 0.240243 0.00167739
53 0.359488 0.229847 0.0485015 0.0381476 0.00165913
0 0.542781 0.23707 0.325063 0.171655 0.00165409
39 0.0245075 0.448476 0.049015 0.128747 0.00165164
60 0.759318 0.312735 0.217468 0.141893 0.00165164
43 0.525245 0.583735 0.139531 0.0153152 0.00164351
75 0.847026 0.312802 0.0733795 0.122345 0.00164124
55 0.537654 0.710534 0.315149 0.103672 0.00163689
41 0.714393 0.120451 0.0640904 0.0479686 0.00162381
44 0.692908 0.653708 0.0590247 0.0928395 0.00162083
56 0.766415 0.412341 0.220893 0.350887 0.00162059
56 0.693783 0.488574 0.27873 0.276182 0.00160885
27 0.259877 0.251859 0.0792682 0.0679307 0.00160509
56 0.490425 0.530815 0.286263 0.18495 0.00160471
77 0.359902 0.229545 0.0462057 0.0373614 0.00159964
13 0.413248 0.646635 0.414951 0.109169 0.00159541
60 0.548445 0.902763 0.897915 0.172431 0.00159466
44 0.677648 0.636839 0.0932394 0.140126 0.00157201
56 0.328051 0.543764 0.0557211 0.165234 0.00156531
48 0.361049 0.23138 0.0451831 0.0335182 0.00155473
56 0.382737 0.51739 0.0476463 0.132617 0.00154698
39 0.452568 0.228631 0.0648239 0.0481968 0.00154656
56 0.729556 0.561876 0.072427 0.153213 0.00152153
56 0.0803412 0.619104 0.0521569 0.217448 0.00151768
27 0.270844 0.253075 0.0577341 0.0652366 0.00150803
43 0.620673 0.570661 0.069583 0.125808 0.00150687
59 0.635441 0.438246 0.729118 0.427635 0.00149992
56 0.470195 0.555523 0.300849 0.222957 0.00149989
26 0.661653 0.634728 0.11318 0.130871 0.00149769
55 0.488333 0.714851 0.327912 0.166138 0.00148833
45 0.819088 0.668826 0.251735 0.0852724 0.00148711
57 0.759318 0.312735 0.217468 0.141893 0.00146443
60 0.845526 0.651279 0.29543 0.0682011 0.00146213
56 0.559222 0.673574 0.863129 0.168239 0.00145507
72 0.846432 0.314267 0.0731342 0.120017 0.00145102
0 0.486725 0.203547 0.0507409 0.0706555 0.00144112
41 0.243704 0.779158 0.109082 0.122568 0.00141251
45 0.245281 0.7454 0.105278 0.0557295 0.00138864
26 0.099579 0.509632 0.180337 0.2918 0.00138128
74 0.856921 0.121238 0.0527873 0.0410513 0.00137869
45 0.775756 0.695555 0.219367 0.138594 0.00137645
26 0.117999 0.951208 0.171085 0.0952433 0.00136253
43 0.546681 0.581745 0.301311 0.0167015 0.00135276
43 0.677811 0.596709 0.0557541 0.10892 0.00135258
56 0.388401 0.528217 0.0758886 0.143629 0.00133979
0 0.557017 0.17759 0.277936 0.149234 0.00131401
56 0.196833 0.450523 0.371665 0.584566 0.00130454
56 0.43886 0.252049 0.14948 0.157879 0.0012987
75 0.714764 0.12023 0.0655757 0.0487052 0.00129649
75 0.867011 0.141509 0.0857294 0.0902983 0.0012854
60 0.420782 0.288485 0.123999 0.0896125 0.00128284
58 0.0183089 0.244161 0.0364294 0.113275 0.0012784
