0 0.221443 0.706475 0.291806 0.580111 0.730467
71 0.6015 0.848528 0.510062 0.291505 0.307823
79 0.21321 0.336829 0.256753 0.166167 0.302616
16 0.220993 0.70681 0.294388 0.580917 0.10219
71 0.204716 0.136875 0.406285 0.246745 0.0950495
79 0.413656 0.408632 0.266703 0.137396 0.092193
71 0.671507 0.709038 0.65241 0.560654 0.076579
15 0.052955 0.452051 0.105243 0.282811 0.0670295
14 0.052955 0.452051 0.105243 0.282811 0.0655685
71 0.505816 0.531987 0.958568 0.916652 0.0541815
79 0.288498 0.418174 0.555964 0.180373 0.0461718
76 0.212764 0.337692 0.251624 0.171631 0.0344713
71 0.680959 0.827935 0.638082 0.324089 0.0310409
15 0.22131 0.706493 0.292581 0.5812 0.0302224
71 0.662378 0.565161 0.668637 0.846682 0.0280422
71 0.242945 0.422906 0.483025 0.806124 0.0270673
39 0.856299 0.360281 0.15785 0.477245 0.0262568
45 0.578153 0.119174 0.256359 0.198928 0.0252652
79 0.300738 0.399604 0.590773 0.305499 0.0239823
44 0.211691 0.338777 0.255595 0.167279 0.0237016
14 0.22131 0.706493 0.292581 0.5812 0.0236534
42 0.211691 0.338777 0.255595 0.167279 0.0230363
79 0.502769 0.352849 0.453143 0.265219 0.0222606
79 0.361098 0.376123 0.694646 0.246054 0.0222579
16 0.052955 0.452051 0.105243 0.282811 0.021935
79 0.177457 0.413773 0.350633 0.324539 0.0209444
45 0.210589 0.0429709 0.0891504 0.0566308 0.0183014
79 0.288651 0.439632 0.532674 0.261709 0.0178038
71 0.408019 0.135773 0.814924 0.246151 0.0138574
43 0.414787 0.403589 0.261467 0.127961 0.0125396
77 0.052955 0.452051 0.105243 0.282811 0.0122942
69 0.20558 0.137784 0.408035 0.24815 0.0121885
71 0.205726 0.337292 0.275339 0.170946 0.0109901
43 0.215221 0.337711 0.255408 0.166677 0.0100576
44 0.414787 0.403589 0.261467 0.127961 0.00914764
55 0.0533344 0.450394 0.10445 0.279543 0.00883338
41 0.577515 0.119969 0.262528 0.204117 0.00832266
71 0.50456 0.347635 0.475319 0.267222 0.00829491
76 0.414826 0.409872 0.261718 0.13731 0.0081794
44 0.177457 0.413773 0.350633 0.324539 0.00616628
48 0.0543322 0.451903 0.106468 0.282804 0.00612855
60 0.496947 0.506256 0.993893 0.987488 0.00595018
71 0.507226 0.379016 0.90047 0.738653 0.00565055
44 0.210695 0.0417916 0.0893695 0.0612567 0.00531444
41 0.483678 0.121495 0.210379 0.239424 0.00520337
41 0.210235 0.0420085 0.0877295 0.0552813 0.00503194
42 0.413656 0.408632 0.266703 0.137396 0.00494671
33 0.212256 0.337318 0.259955 0.169388 0.00492123
71 0.399229 0.265133 0.686877 0.501597 0.00428912
39 0.577515 0.119969 0.262528 0.204117 0.00392997
69 0.264654 0.468856 0.525543 0.896341 0.00372365
21 0.220502 0.706272 0.293677 0.583587 0.00370607
79 0.221932 0.307662 0.238966 0.115888 0.0037033
21 0.0537882 0.450494 0.10453 0.28053 0.0036954
14 0.212764 0.337692 0.251624 0.171631 0.00367898
61 0.545588 0.135505 0.336461 0.256604 0.00364044
69 0.496947 0.506256 0.993893 0.987488 0.00350872
76 0.177457 0.413773 0.350633 0.324539 0.00337872
44 0.508505 0.350076 0.439442 0.266745 0.00333032
25 0.212764 0.337692 0.251624 0.171631 0.00320628
15 0.0763946 0.444228 0.151644 0.298881 0.00311241
79 0.43763 0.443746 0.869656 0.481379 0.00304765
76 0.210695 0.0417916 0.0893695 0.0612567 0.00303221
39 0.483678 0.121495 0.210379 0.239424 0.0029735
41 0.85526 0.348536 0.155236 0.45698 0.00296417
60 0.204716 0.136875 0.406285 0.246745 0.00291514
14 0.0763946 0.444228 0.151644 0.298881 0.00290516
44 0.450885 0.324702 0.349297 0.251595 0.00288987
71 0.179108 0.420579 0.352502 0.346523 0.00288984
39 0.210235 0.0420085 0.0877295 0.0552813 0.00287294
76 0.288498 0.418174 0.555964 0.180373 0.00253645
0 0.0545133 0.451232 0.107141 0.284918 0.00252989
69 0.208441 0.370743 0.413647 0.710587 0.00252822
53 0.0534284 0.443557 0.103923 0.264667 0.00248688
4 0.21321 0.336829 0.256753 0.166167 0.00243384
71 0.50981 0.242598 0.451619 0.458852 0.00243124
34 0.212764 0.337692 0.251624 0.171631 0.00235018
71 0.545588 0.135505 0.336461 0.256604 0.0023444
60 0.490095 0.134749 0.98019 0.255707 0.00226653
61 0.242945 0.422906 0.483025 0.806124 0.0021956
46 0.0534284 0.443557 0.103923 0.264667 0.00218004
43 0.177457 0.413773 0.350633 0.324539 0.0021655
52 0.0533344 0.450394 0.10445 0.279543 0.0021539
61 0.494643 0.503493 0.988658 0.980887 0.00214964
45 0.498395 0.122044 0.237959 0.238608 0.00210389
18 0.220502 0.706272 0.293677 0.583587 0.00200555
79 0.388788 0.425656 0.227835 0.129938 0.00198382
76 0.361098 0.376123 0.694646 0.246054 0.00191981
64 0.210695 0.0417916 0.0893695 0.0612567 0.00189951
77 0.221232 0.707195 0.293877 0.581896 0.00179517
76 0.300738 0.399604 0.590773 0.305499 0.00178471
44 0.511485 0.259966 0.206502 0.105614 0.0017834
69 0.408019 0.135773 0.814924 0.246151 0.00176808
76 0.288651 0.439632 0.532674 0.261709 0.00176376
71 0.205107 0.332246 0.40901 0.619793 0.00176159
61 0.206506 0.138747 0.409226 0.252075 0.00172722
71 0.288651 0.439632 0.532674 0.261709 0.00168186
43 0.508505 0.350076 0.439442 0.266745 0.00168136
61 0.21065 0.0414573 0.0893483 0.0605901 0.00167435
76 0.502769 0.352849 0.453143 0.265219 0.00166026
39 0.544717 0.135456 0.336449 0.254588 0.00163984
39 0.21321 0.336829 0.256753 0.166167 0.00163862
43 0.511485 0.259966 0.206502 0.105614 0.00163531
44 0.300738 0.399604 0.590773 0.305499 0.00162581
60 0.264654 0.468856 0.525543 0.896341 0.00159323
14 0.174512 0.421933 0.346508 0.343152 0.00159186
71 0.43763 0.443746 0.869656 0.481379 0.00158972
23 0.220993 0.70681 0.294388 0.580917 0.00155985
42 0.177457 0.413773 0.350633 0.324539 0.00154808
41 0.542733 0.132 0.333511 0.243525 0.00148726
44 0.288498 0.418174 0.555964 0.180373 0.00147301
72 0.264654 0.468856 0.525543 0.896341 0.00146863
54 0.0534284 0.443557 0.103923 0.264667 0.00144643
72 0.496947 0.506256 0.993893 0.987488 0.00144312
34 0.508505 0.350076 0.439442 0.266745 0.00136867
38 0.212256 0.337318 0.259955 0.169388 0.00136036
44 0.361098 0.376123 0.694646 0.246054 0.00136009
61 0.38794 0.292027 0.706454 0.570529 0.00135365
43 0.450885 0.324702 0.349297 0.251595 0.00131354
44 0.451536 0.349821 0.594632 0.282011 0.0013113
44 0.288651 0.439632 0.532674 0.261709 0.00129914
70 0.542733 0.132 0.333511 0.243525 0.00127304
45 0.602901 0.848287 0.510358 0.290143 0.00126541
71 0.300738 0.399604 0.590773 0.305499 0.00124952
16 0.0967656 0.446712 0.192297 0.296441 0.00123745
53 0.22131 0.706493 0.292581 0.5812 0.00121304
50 0.0533344 0.450394 0.10445 0.279543 0.00118226
44 0.481541 0.310845 0.272208 0.214153 0.00117663
23 0.0537882 0.450494 0.10453 0.28053 0.00117612
18 0.0537882 0.450494 0.10453 0.28053 0.00117275
72 0.206476 0.139496 0.410494 0.255456 0.00110134
34 0.414826 0.409872 0.261718 0.13731 0.00109437
78 0.210695 0.0417916 0.0893695 0.0612567 0.00108582
71 0.210299 0.0415802 0.0899133 0.0603483 0.00108364
71 0.370657 0.340018 0.732045 0.299219 0.00106391
71 0.578626 0.121547 0.258163 0.202637 0.00105923
19 0.0537882 0.450494 0.10453 0.28053 0.00103977
4 0.413682 0.413194 0.275297 0.14821 0.00103346
15 0.163463 0.437389 0.325796 0.31582 0.00101823
75 0.857441 0.35715 0.157942 0.473432 0.00101724
43 0.451536 0.349821 0.594632 0.282011 0.00100794
