0 0.27841 0.509142 0.326346 0.588343 0.935083
29 0.532964 0.433597 0.185868 0.0518897 0.640667
29 0.474419 0.442326 0.0666254 0.0260314 0.362849
29 0.528027 0.439943 0.17537 0.0368777 0.212819
29 0.686294 0.225533 0.0401325 0.0137151 0.13111
33 0.686294 0.225533 0.0401325 0.0137151 0.0459172
33 0.531536 0.433838 0.190449 0.0554661 0.0258505
29 0.560976 0.422616 0.12817 0.0331442 0.017999
29 0.541218 0.424838 0.165281 0.0344845 0.0129773
37 0.532762 0.432683 0.187167 0.0521408 0.00874075
34 0.532919 0.433199 0.187022 0.0527433 0.00868833
32 0.686294 0.225533 0.0401325 0.0137151 0.0084314
25 0.686402 0.225482 0.0410078 0.0147543 0.00832614
29 0.58142 0.419268 0.087601 0.0270615 0.00778887
2 0.685376 0.224825 0.0391178 0.0137664 0.00739786
33 0.686139 0.226693 0.0407328 0.0202715 0.00733075
29 0.595675 0.417881 0.0610268 0.0244422 0.00462627
29 0.686636 0.233844 0.0430769 0.0308891 0.00282943
29 0.529563 0.456417 0.193095 0.101409 0.00255871
14 0.685376 0.224825 0.0391178 0.0137664 0.00244489
29 0.600814 0.415776 0.0511026 0.0216675 0.00220266
29 0.686139 0.226693 0.0407328 0.0202715 0.00201881
34 0.686294 0.225533 0.0401325 0.0137151 0.00201011
52 0.474419 0.442326 0.0666254 0.0260314 0.00191858
33 0.528027 0.439943 0.17537 0.0368777 0.00185472
25 0.531536 0.433838 0.190449 0.0554661 0.00164068
29 0.70002 0.178217 0.0512216 0.032993 0.00157952
36 0.531536 0.433838 0.190449 0.0554661 0.00154927
33 0.686636 0.233844 0.0430769 0.0308891 0.00148094
33 0.526619 0.47308 0.199247 0.135621 0.00138736
34 0.528027 0.439943 0.17537 0.0368777 0.00133243
51 0.47507 0.441832 0.065188 0.0280541 0.00127468
37 0.528027 0.439943 0.17537 0.0368777 0.0012159
33 0.728541 0.172932 0.128182 0.113623 0.0011701
32 0.686139 0.226693 0.0407328 0.0202715 0.00110614
38 0.686294 0.225533 0.0401325 0.0137151 0.00109488
32 0.528027 0.439943 0.17537 0.0368777 0.00106376
33 0.529893 0.394568 0.196178 0.130151 0.00105473
29 0.494568 0.443766 0.174854 0.0380215 0.00104228
