14 0.522006 0.411009 0.155364 0.304244 0.83324
14 0.820823 0.561359 0.212323 0.351605 0.820777
14 0.489836 0.699164 0.176902 0.311092 0.784384
14 0.299571 0.341284 0.144823 0.266141 0.770231
14 0.135248 0.179174 0.170591 0.290807 0.768633
14 0.26818 0.796218 0.155133 0.320546 0.713101
14 0.289877 0.602928 0.186457 0.290456 0.632157
14 0.855597 0.814278 0.157509 0.28173 0.570238
47 0.298887 0.339984 0.144584 0.262263 0.380765
14 0.824309 0.671177 0.212846 0.564943 0.105101
14 0.522546 0.500136 0.157699 0.482737 0.0421121
14 0.290766 0.479374 0.168775 0.535553 0.0352507
14 0.534779 0.558365 0.194354 0.612359 0.0341923
47 0.854714 0.809116 0.15674 0.282925 0.0299202
14 0.48697 0.659453 0.163395 0.231649 0.028909
14 0.281094 0.70861 0.174179 0.527313 0.0251241
47 0.288854 0.604139 0.184386 0.278616 0.0246054
14 0.299134 0.790261 0.0958804 0.248601 0.0182313
14 0.234962 0.819795 0.0913951 0.353018 0.0166548
21 0.820892 0.562643 0.213442 0.353789 0.0145109
21 0.289858 0.601727 0.184629 0.292209 0.0143093
14 0.394874 0.673844 0.400199 0.326083 0.0142772
14 0.558305 0.761466 0.323202 0.452001 0.0140431
21 0.134905 0.17895 0.16977 0.289592 0.0140031
14 0.540111 0.451857 0.19161 0.387934 0.0133699
14 0.335064 0.607988 0.0966382 0.278081 0.0097537
14 0.5144 0.655428 0.177469 0.389566 0.00968337
14 0.40341 0.575015 0.41261 0.646236 0.0089061
14 0.551796 0.629059 0.285278 0.741881 0.00803941
47 0.521428 0.409109 0.154078 0.299558 0.00786042
14 0.619172 0.464784 0.0618228 0.156058 0.00751972
14 0.587693 0.759602 0.0353136 0.0778084 0.00615734
46 0.299005 0.340312 0.144323 0.262867 0.00606468
14 0.20607 0.831115 0.145501 0.322512 0.00570768
21 0.855597 0.814278 0.157509 0.28173 0.00542322
14 0.540078 0.708785 0.167048 0.350343 0.00520647
14 0.603119 0.473793 0.0928614 0.174013 0.00487205
14 0.530139 0.626727 0.0762891 0.169469 0.00485793
21 0.299336 0.341564 0.14487 0.263668 0.00475606
46 0.568268 0.536974 0.0643287 0.0489733 0.00461802
14 0.278469 0.785988 0.136161 0.258187 0.00458151
14 0.55892 0.626264 0.133476 0.173237 0.00449827
14 0.571507 0.832347 0.0802908 0.233007 0.00431415
14 0.248369 0.810129 0.230247 0.335022 0.00347841
46 0.288492 0.598572 0.183496 0.273772 0.00339124
14 0.527615 0.661019 0.0814184 0.238585 0.0032517
14 0.591386 0.765919 0.0473074 0.0916156 0.00318104
14 0.489583 0.810821 0.0561714 0.106112 0.00313002
14 0.810102 0.283173 0.0894123 0.218139 0.00312755
47 0.286936 0.532829 0.179915 0.214628 0.00306723
14 0.374097 0.722379 0.428432 0.441768 0.00305578
47 0.135074 0.176372 0.168808 0.285898 0.00293922
14 0.607614 0.82812 0.155676 0.28645 0.00292951
14 0.591477 0.533836 0.11269 0.294204 0.00284448
54 0.298887 0.339984 0.144584 0.262263 0.00264192
15 0.820576 0.560498 0.212412 0.351954 0.00260687
25 0.820576 0.560498 0.212412 0.351954 0.00251052
25 0.135059 0.178083 0.169383 0.286872 0.00248721
16 0.267454 0.793566 0.158623 0.309029 0.00246099
14 0.186329 0.817349 0.10305 0.212034 0.00231993
14 0.808827 0.741766 0.257417 0.441284 0.00226456
14 0.619172 0.437058 0.0609334 0.101171 0.00216725
49 0.572985 0.53886 0.0535887 0.0431347 0.00212821
14 0.284088 0.666058 0.194511 0.387768 0.00211033
0 0.28935 0.599345 0.183764 0.296485 0.00206208
21 0.489836 0.699164 0.176902 0.311092 0.00191638
47 0.8469 0.940274 0.0493722 0.0258179 0.00188288
46 0.572888 0.540387 0.0525123 0.0374063 0.001872
14 0.580046 0.757643 0.0525054 0.0846171 0.00186339
0 0.855983 0.81082 0.156945 0.288252 0.00185251
18 0.135059 0.178083 0.169383 0.286872 0.00177786
14 0.546805 0.624992 0.048197 0.171762 0.001717
47 0.270933 0.556423 0.147637 0.15985 0.00171259
16 0.820576 0.560498 0.212412 0.351954 0.0016976
16 0.28935 0.599345 0.183764 0.296485 0.0016883
14 0.345447 0.599584 0.147743 0.286847 0.00167754
14 0.468108 0.739503 0.638684 0.505159 0.00163019
0 0.135208 0.180213 0.170441 0.295505 0.00160089
47 0.268174 0.809328 0.157854 0.334624 0.00158107
14 0.570303 0.770599 0.07562 0.111512 0.00154507
14 0.562956 0.871416 0.0575567 0.105228 0.0015302
14 0.587831 0.481739 0.121917 0.193745 0.00152633
46 0.235525 0.537144 0.0517427 0.0291483 0.00152293
14 0.566756 0.800308 0.089026 0.246545 0.0014824
46 0.854714 0.809116 0.15674 0.282925 0.00145349
14 0.61051 0.766549 0.0863627 0.100557 0.00144187
47 0.48697 0.659453 0.163395 0.231649 0.00142929
14 0.551017 0.720663 0.116558 0.252571 0.00142035
77 0.135521 0.179946 0.170669 0.290397 0.00141886
47 0.235525 0.537144 0.0517427 0.0291483 0.0014089
46 0.549475 0.522792 0.103871 0.0796978 0.00140855
14 0.832059 0.231296 0.0469049 0.115531 0.001407
14 0.290352 0.53991 0.186674 0.267854 0.00139526
14 0.568885 0.743869 0.0719066 0.112234 0.00135899
14 0.289899 0.465288 0.167811 0.204084 0.00132531
14 0.587544 0.811859 0.054097 0.19945 0.00131676
14 0.577036 0.606527 0.108426 0.338247 0.00131047
14 0.591341 0.589875 0.10628 0.447033 0.00130278
14 0.275265 0.722781 0.175316 0.369696 0.0012638
14 0.49178 0.82383 0.0620606 0.139915 0.00125247
14 0.53451 0.698549 0.0882039 0.309183 0.00125024
16 0.135521 0.179946 0.170669 0.290397 0.00121412
21 0.267454 0.793566 0.158623 0.309029 0.00119269
14 0.567379 0.652906 0.118723 0.248348 0.00116375
14 0.615692 0.578695 0.360124 0.661288 0.00111946
47 0.257946 0.533929 0.121894 0.206224 0.0011068
14 0.164782 0.786052 0.0606499 0.148352 0.00110665
46 0.521428 0.409109 0.154078 0.299558 0.00109378
21 0.522006 0.411009 0.155364 0.304244 0.00103164
21 0.290766 0.479374 0.168775 0.535553 0.00102708
16 0.855597 0.814278 0.157509 0.28173 0.00101349
47 0.236569 0.57368 0.0782749 0.11666 0.00100818
0 0.206962 0.41131 0.358015 0.749728 0.00100547
