4 0.500052 0.490863 0.999895 0.980529 0.862622
2 0.152889 0.482127 0.126743 0.0798635 0.695164
7 0.803283 0.444589 0.109251 0.0485751 0.361258
2 0.163278 0.434284 0.0375612 0.026214 0.143983
7 0.152367 0.479812 0.126783 0.0798559 0.121393
4 0.828804 0.280705 0.341828 0.138178 0.0842901
4 0.803347 0.443416 0.109597 0.0500109 0.0534826
0 0.504768 0.281083 0.0784729 0.0940097 0.0434944
7 0.770235 0.454956 0.0448124 0.024257 0.0380618
5 0.803087 0.444075 0.110463 0.0498996 0.0373096
7 0.832264 0.447485 0.0501711 0.0399078 0.0349341
7 0.797538 0.44915 0.0999041 0.0366747 0.0348567
7 0.802962 0.432566 0.108904 0.0721043 0.0305423
7 0.476814 0.485544 0.951246 0.966933 0.0295732
0 0.475965 0.303257 0.0522651 0.0612199 0.028988
0 0.485724 0.288668 0.0433141 0.0842803 0.0270598
2 0.133825 0.475994 0.0881012 0.0748374 0.0269969
2 0.770235 0.454956 0.0448124 0.024257 0.0268621
9 0.0678285 0.460076 0.0193291 0.0289758 0.0205569
2 0.803283 0.444589 0.109251 0.0485751 0.0203524
2 0.156818 0.437451 0.0534693 0.0337989 0.0203184
7 0.0678285 0.460076 0.0193291 0.0289758 0.0201599
0 0.0677498 0.460127 0.0200156 0.0290183 0.0190756
7 0.0635232 0.460011 0.020524 0.0293698 0.0169399
4 0.691703 0.576253 0.616593 0.753795 0.0159152
4 0.755962 0.432451 0.205285 0.0619 0.0158973
2 0.832264 0.447485 0.0501711 0.0399078 0.0157542
2 0.683546 0.408572 0.0237226 0.0217022 0.0140398
4 0.828195 0.3353 0.34361 0.253877 0.0137608
0 0.479838 0.292351 0.0465546 0.0714879 0.0135939
4 0.74136 0.420556 0.173718 0.0485463 0.0131601
4 0.530093 0.746169 0.932829 0.468487 0.0112303
9 0.0635232 0.460011 0.020524 0.0293698 0.0105428
0 0.512653 0.276919 0.024177 0.0806496 0.0103733
0 0.0635232 0.460011 0.020524 0.0293698 0.0100434
2 0.126218 0.485906 0.0736392 0.0556374 0.00974223
7 0.163356 0.433692 0.03757 0.0257522 0.00967732
4 0.713622 0.416086 0.118548 0.037736 0.00966409
4 0.710738 0.411162 0.103777 0.027846 0.00883338
2 0.0677498 0.460127 0.0200156 0.0290183 0.00871313
6 0.803347 0.443416 0.109597 0.0500109 0.00870141
2 0.114455 0.490756 0.0472996 0.0434321 0.00850686
28 0.345898 0.703554 0.0867788 0.0768243 0.00845256
0 0.456152 0.301381 0.0472814 0.0549571 0.00840649
7 0.768963 0.403659 0.048764 0.0337106 0.00815216
2 0.857366 0.413465 0.0142033 0.0158642 0.00812063
0 0.596296 0.357989 0.0163559 0.0240632 0.00802138
4 0.957405 0.410702 0.0825336 0.0206319 0.00777796
2 0.102187 0.490487 0.0226653 0.0371591 0.00761068
7 0.791675 0.441057 0.0880486 0.0476987 0.00735879
7 0.774638 0.443506 0.0560523 0.0450764 0.00698638
4 0.778295 0.43098 0.160276 0.074128 0.00677925
2 0.476814 0.485544 0.951246 0.966933 0.00613621
10 0.0678285 0.460076 0.0193291 0.0289758 0.00607696
4 0.732855 0.414831 0.0578579 0.0203308 0.00581849
4 0.763172 0.402514 0.0539064 0.0359758 0.00570941
2 0.769283 0.411387 0.0430017 0.0278909 0.00565606
7 0.796555 0.427571 0.100747 0.0530829 0.00560105
2 0.109998 0.483538 0.0398667 0.053012 0.00536177
4 0.758766 0.395463 0.0672709 0.045196 0.00532287
7 0.769283 0.411387 0.0430017 0.0278909 0.00525531
2 0.675127 0.410935 0.0424097 0.0226177 0.00516456
5 0.802965 0.43303 0.110042 0.0696024 0.00479528
0 0.38786 0.52406 0.0304699 0.103383 0.00455448
4 0.802965 0.43303 0.110042 0.0696024 0.00454497
8 0.803347 0.443416 0.109597 0.0500109 0.00449306
0 0.4694 0.315906 0.0662743 0.0707153 0.00436682
4 0.704674 0.272449 0.589743 0.140089 0.00436562
7 0.134331 0.475338 0.0892412 0.0738986 0.00432256
4 0.746549 0.413978 0.0665609 0.0235607 0.00428081
2 0.689055 0.409138 0.0171347 0.0213678 0.00420922
7 0.778295 0.43098 0.160276 0.074128 0.00413382
13 0.801493 0.444805 0.107355 0.0444437 0.00412136
2 0.0558651 0.507699 0.0458416 0.0188794 0.00408956
7 0.845083 0.394823 0.0989777 0.0574948 0.00400886
0 0.519217 0.27286 0.0569866 0.0785832 0.00396669
7 0.857366 0.413465 0.0142033 0.0158642 0.00384477
7 0.0660909 0.457361 0.0257137 0.0354853 0.00370911
7 0.683546 0.408572 0.0237226 0.0217022 0.00360733
2 0.797538 0.44915 0.0999041 0.0366747 0.00355035
4 0.720649 0.41392 0.0386024 0.0183224 0.00348383
7 0.77478 0.413861 0.0514389 0.030319 0.00341508
3 0.476814 0.485544 0.951246 0.966933 0.00333881
4 0.796555 0.427571 0.100747 0.0530829 0.00333783
0 0.461784 0.305568 0.0619541 0.0606597 0.00321496
4 0.826094 0.40995 0.339689 0.128112 0.00320038
7 0.732855 0.414831 0.0578579 0.0203308 0.00311744
2 0.0635232 0.460011 0.020524 0.0293698 0.00308356
2 0.720649 0.41392 0.0386024 0.0183224 0.00301853
4 0.704743 0.301609 0.589106 0.185901 0.0029546
0 0.218262 0.536187 0.0412071 0.144631 0.0029487
0 0.60218 0.336512 0.0390875 0.0418448 0.00289112
2 0.136093 0.448996 0.0957983 0.0547087 0.00288439
7 0.841344 0.414652 0.034177 0.0206601 0.00285316
2 0.110687 0.497495 0.0466625 0.0387498 0.0028424
4 0.763916 0.410897 0.0445335 0.0252268 0.00279754
2 0.774638 0.443506 0.0560523 0.0450764 0.00276345
4 0.70149 0.40358 0.0598841 0.0299848 0.00275359
7 0.720649 0.41392 0.0386024 0.0183224 0.0027034
0 0.584677 0.335119 0.0617226 0.0428523 0.00262898
7 0.755601 0.398505 0.0655185 0.0424194 0.00262371
0 0.379491 0.546914 0.0188826 0.041699 0.00257885
5 0.797538 0.44915 0.0999041 0.0366747 0.00257134
7 0.709869 0.41295 0.03169 0.0199018 0.00254977
4 0.709869 0.41295 0.03169 0.0199018 0.002516
2 0.709869 0.41295 0.03169 0.0199018 0.00251272
10 0.0635232 0.460011 0.020524 0.0293698 0.00245273
7 0.746549 0.413978 0.0665609 0.0235607 0.00244629
2 0.732855 0.414831 0.0578579 0.0203308 0.00243637
7 0.689055 0.409138 0.0171347 0.0213678 0.00243416
0 0.513171 0.259147 0.0212474 0.0471002 0.0024074
58 0.0678285 0.460076 0.0193291 0.0289758 0.00240472
7 0.827115 0.417047 0.0603825 0.0293992 0.00237465
4 0.781208 0.408473 0.073782 0.0383959 0.00236553
4 0.849964 0.396786 0.0848198 0.0541262 0.00233129
7 0.781208 0.408473 0.073782 0.0383959 0.00229582
56 0.0678285 0.460076 0.0193291 0.0289758 0.00229508
2 0.124163 0.472504 0.0667783 0.0702371 0.0022949
2 0.791675 0.441057 0.0880486 0.0476987 0.00227791
0 0.606409 0.358206 0.0396906 0.031755 0.00219232
7 0.764985 0.396449 0.0600437 0.0492611 0.00218686
7 0.755962 0.432451 0.205285 0.0619 0.00216457
56 0.0635232 0.460011 0.020524 0.0293698 0.00216168
4 0.745241 0.401256 0.0902399 0.042291 0.00215444
0 0.533801 0.280027 0.0819577 0.0701716 0.00215325
2 0.177698 0.454028 0.0769307 0.0418268 0.00207824
2 0.841344 0.414652 0.034177 0.0206601 0.00206602
4 0.511225 0.350329 0.913397 0.684468 0.00203019
0 0.385256 0.551413 0.035786 0.0865869 0.0020172
4 0.82177 0.418213 0.0668085 0.0272248 0.00196558
2 0.0660909 0.457361 0.0257137 0.0354853 0.00195691
4 0.683546 0.408572 0.0237226 0.0217022 0.00193757
7 0.83839 0.443608 0.0424746 0.039809 0.00189847
0 0.600241 0.394675 0.0371739 0.0682937 0.00188345
4 0.961674 0.404257 0.0705757 0.0188072 0.0018664
0 0.163356 0.433692 0.03757 0.0257522 0.00184405
2 0.161415 0.44105 0.0463325 0.0391409 0.00184339
0 0.857366 0.413465 0.0142033 0.0158642 0.00182539
7 0.852103 0.416721 0.0822388 0.0333269 0.00181606
4 0.717217 0.425938 0.127362 0.0491961 0.0018076
4 0.784198 0.410912 0.17623 0.114307 0.00174689
0 0.371728 0.581105 0.0603419 0.129314 0.00173691
7 0.121171 0.456816 0.150346 0.0499688 0.00173688
4 0.77478 0.413861 0.0514389 0.030319 0.00171366
7 0.156818 0.437451 0.0534693 0.0337989 0.00168467
4 0.551707 0.17975 0.896586 0.3595 0.00165319
4 0.962605 0.409256 0.0702442 0.0167267 0.001647
4 0.811225 0.406065 0.178107 0.118087 0.00164399
4 0.716543 0.400577 0.0286253 0.0306239 0.00160593
28 0.356277 0.685622 0.123792 0.119766 0.0015735
7 0.114455 0.490756 0.0472996 0.0434321 0.00152612
0 0.618163 0.342897 0.019952 0.0330766 0.00149837
2 0.77478 0.413861 0.0514389 0.030319 0.00149783
2 0.746549 0.413978 0.0665609 0.0235607 0.00147092
4 0.797538 0.44915 0.0999041 0.0366747 0.00146529
7 0.675127 0.410935 0.0424097 0.0226177 0.00146106
5 0.796555 0.427571 0.100747 0.0530829 0.00146002
0 0.386598 0.570486 0.0816568 0.128451 0.00145492
7 0.784198 0.410912 0.17623 0.114307 0.00143403
2 0.676468 0.402999 0.0416565 0.024797 0.00142959
0 0.556906 0.279374 0.0584618 0.0520837 0.00142694
7 0.109998 0.483538 0.0398667 0.053012 0.00141418
2 0.133095 0.459822 0.0764154 0.0367815 0.00141102
7 0.124163 0.472504 0.0667783 0.0702371 0.00140679
11 0.0678285 0.460076 0.0193291 0.0289758 0.00140426
0 0.38149 0.559385 0.035778 0.0747145 0.00138479
4 0.0558651 0.507699 0.0458416 0.0188794 0.0013822
0 0.549387 0.278234 0.0656221 0.0596672 0.00137275
4 0.689055 0.409138 0.0171347 0.0213678 0.00137073
6 0.755962 0.432451 0.205285 0.0619 0.00134498
0 0.526963 0.285447 0.106771 0.0866745 0.00133678
19 0.0678285 0.460076 0.0193291 0.0289758 0.00133637
2 0.204888 0.449758 0.0894216 0.0443811 0.00133419
7 0.811225 0.406065 0.178107 0.118087 0.00132373
0 0.616362 0.357107 0.0300665 0.0416707 0.00132269
5 0.768963 0.403659 0.048764 0.0337106 0.00130942
4 0.741099 0.392341 0.0403975 0.0376202 0.00129759
0 0.609692 0.400688 0.0413905 0.0721145 0.00128198
4 0.721398 0.425981 0.1379 0.0284897 0.00127539
4 0.414381 0.607257 0.816588 0.733999 0.00126326
0 0.866037 0.360083 0.0128811 0.0287238 0.00125358
4 0.621548 0.265831 0.743089 0.521196 0.00124919
2 0.193953 0.445654 0.105916 0.0453811 0.00123754
4 0.726986 0.422733 0.158445 0.0355691 0.00123122
4 0.368117 0.708278 0.724056 0.540798 0.00121576
4 0.675127 0.410935 0.0424097 0.0226177 0.00121358
2 0.768963 0.403659 0.048764 0.0337106 0.00118798
4 0.793982 0.405221 0.0926886 0.0354394 0.00118202
7 0.126218 0.485906 0.0736392 0.0556374 0.00117424
0 0.0660909 0.457361 0.0257137 0.0354853 0.00116909
7 0.849762 0.400358 0.0935619 0.0785566 0.00116673
37 0.83031 0.274618 0.339379 0.131808 0.00116017
2 0.145121 0.447669 0.0759974 0.0320449 0.00115514
0 0.530732 0.206564 0.0122246 0.0190246 0.00115183
0 0.586075 0.330161 0.0540939 0.0349338 0.00115183
6 0.802965 0.43303 0.110042 0.0696024 0.00113845
4 0.0422603 0.505157 0.0824052 0.0230945 0.0011358
0 0.564591 0.304111 0.107277 0.0750144 0.00113204
0 0.279627 0.687428 0.0520167 0.122838 0.00112534
5 0.778295 0.43098 0.160276 0.074128 0.00111434
13 0.0677498 0.460127 0.0200156 0.0290183 0.00111213
0 0.5566 0.289067 0.124079 0.0885034 0.00110099
2 0.671885 0.41806 0.0375683 0.0348016 0.0010995
0 0.214801 0.516129 0.0321383 0.0974727 0.00108317
2 0.163681 0.428259 0.0409322 0.0357344 0.00107452
0 0.587426 0.327087 0.0660605 0.0447806 0.00107443
4 0.702798 0.382749 0.594214 0.362361 0.00106287
2 0.83839 0.443608 0.0424746 0.039809 0.00105187
4 0.686835 0.405708 0.0250188 0.023642 0.00105125
8 0.755962 0.432451 0.205285 0.0619 0.00105077
2 0.0422603 0.505157 0.0824052 0.0230945 0.00105041
58 0.0635232 0.460011 0.020524 0.0293698 0.00104436
7 0.102187 0.490487 0.0226653 0.0371591 0.00103477
0 0.615931 0.396706 0.0329039 0.0513451 0.00100914
7 0.721398 0.425981 0.1379 0.0284897 0.00100452
