63 0.682335 0.390854 0.592161 0.582115 0.874593
63 0.615551 0.438592 0.768899 0.671494 0.717707
0 0.702801 0.331272 0.138399 0.170417 0.614159
62 0.614706 0.4394 0.76963 0.67265 0.386382
62 0.561632 0.520632 0.876736 0.870931 0.194287
62 0.688542 0.32877 0.292489 0.213775 0.0993048
63 0.562877 0.528405 0.874245 0.85395 0.0852403
73 0.615551 0.438592 0.768899 0.671494 0.025977
62 0.6834 0.397146 0.594246 0.576395 0.024027
67 0.688542 0.32877 0.292489 0.213775 0.0236133
28 0.684105 0.390948 0.594677 0.584089 0.0229232
65 0.36761 0.332563 0.0464608 0.0509879 0.0218137
67 0.6834 0.397146 0.594246 0.576395 0.0201929
67 0.367628 0.332761 0.0458666 0.0525393 0.0161267
60 0.56253 0.540986 0.874941 0.824076 0.0133463
68 0.615638 0.440584 0.768724 0.671904 0.0109027
0 0.728338 0.331773 0.190884 0.181658 0.00902587
63 0.690892 0.330397 0.292168 0.210501 0.00755489
65 0.558743 0.328297 0.0686108 0.19789 0.00688455
63 0.661993 0.415271 0.39028 0.481925 0.00665334
73 0.682481 0.393316 0.592901 0.577053 0.004702
65 0.678291 0.32684 0.306677 0.200196 0.00458634
62 0.661993 0.415271 0.39028 0.481925 0.00442299
73 0.559794 0.545886 0.86984 0.818437 0.00426498
67 0.661993 0.415271 0.39028 0.481925 0.00404948
68 0.562877 0.528405 0.874245 0.85395 0.00394487
67 0.559743 0.328189 0.0704543 0.198456 0.00388944
13 0.56253 0.540986 0.874941 0.824076 0.0037474
60 0.616026 0.438771 0.767948 0.671158 0.00373995
66 0.681842 0.391958 0.593425 0.582632 0.00360304
15 0.694831 0.32953 0.125084 0.17055 0.00358769
67 0.751157 0.332897 0.188032 0.207916 0.00353572
65 0.319138 0.131813 0.0608164 0.0284628 0.00319946
62 0.716955 0.336018 0.219638 0.196285 0.00315192
67 0.319544 0.131097 0.0614327 0.0303902 0.00302726
74 0.683696 0.327339 0.309358 0.216274 0.00291514
67 0.615638 0.440584 0.768724 0.671904 0.0026913
69 0.562338 0.521104 0.875325 0.871557 0.00268033
16 0.69517 0.330705 0.124887 0.171016 0.00225383
72 0.561632 0.520632 0.876736 0.870931 0.00209653
64 0.0197956 0.352902 0.0385818 0.0722955 0.00204128
73 0.314584 0.45216 0.164307 0.617059 0.0020012
66 0.616026 0.438771 0.767948 0.671158 0.00188878
73 0.688141 0.335647 0.327553 0.195314 0.00180236
45 0.689259 0.330361 0.290479 0.208217 0.00177115
73 0.0197956 0.352902 0.0385818 0.0722955 0.00166902
59 0.56253 0.540986 0.874941 0.824076 0.00158751
0 0.647756 0.32597 0.246627 0.197135 0.00153473
71 0.0195087 0.353326 0.0378571 0.0721644 0.00137484
73 0.0627628 0.532531 0.123023 0.319808 0.00136539
32 0.0651551 0.774057 0.065975 0.0822582 0.001335
67 0.716955 0.336018 0.219638 0.196285 0.00132701
67 0.632554 0.327729 0.018157 0.0535344 0.00131008
68 0.683426 0.390921 0.591008 0.579816 0.00129458
62 0.668165 0.297525 0.350113 0.274525 0.00125059
28 0.606844 0.43877 0.757233 0.671941 0.00120831
65 0.632554 0.327625 0.018498 0.055829 0.00120041
2 0.561632 0.520632 0.876736 0.870931 0.00117686
56 0.606844 0.43877 0.757233 0.671941 0.00112918
15 0.686886 0.391274 0.599677 0.57735 0.00109178
66 0.0627628 0.532531 0.123023 0.319808 0.00109124
65 0.681842 0.391958 0.593425 0.582632 0.00105762
66 0.69932 0.326543 0.350015 0.208055 0.00103745
70 0.683426 0.390921 0.591008 0.579816 0.00100279
0 0.721748 0.319234 0.240452 0.223442 0.00100261
69 0.606844 0.43877 0.757233 0.671941 0.00100181
