23 0.345325 0.653448 0.370085 0.681197 0.948401
23 0.761113 0.569237 0.259034 0.45514 0.934013
0 0.0567161 0.639088 0.106353 0.70467 0.824718
0 0.0696825 0.569521 0.133434 0.823686 0.751987
0 0.0565798 0.258749 0.11141 0.202884 0.114025
26 0.108338 0.931402 0.0498581 0.132453 0.039121
26 0.115983 0.943698 0.0332889 0.107806 0.0263595
0 0.0820514 0.626395 0.101142 0.717066 0.0212391
0 0.0542201 0.818743 0.106282 0.348424 0.0126162
23 0.337298 0.404518 0.0698813 0.104694 0.0103371
26 0.100527 0.944439 0.0277129 0.109557 0.00787234
0 0.0437839 0.533147 0.0843433 0.486783 0.00782201
26 0.11275 0.933225 0.0340854 0.122848 0.00756645
0 0.086702 0.707982 0.0902479 0.541135 0.00683665
26 0.159427 0.90872 0.101674 0.174202 0.00618279
26 0.100241 0.922231 0.0375819 0.147056 0.00446376
0 0.05654 0.325336 0.111113 0.33975 0.00410041
26 0.0915259 0.895039 0.0728959 0.204226 0.00339857
23 0.333272 0.384624 0.062351 0.0709842 0.00312823
26 0.0998148 0.889089 0.038946 0.206791 0.00284189
73 0.167016 0.907286 0.0906426 0.172006 0.00226083
0 0.169152 0.571075 0.338305 0.814911 0.00146365
23 0.329407 0.391515 0.0534115 0.0542652 0.0013375
24 0.0844973 0.715979 0.0960775 0.552496 0.00130448
26 0.0679361 0.926548 0.1216 0.14286 0.0011676
23 0.715612 0.343387 0.0521029 0.02815 0.00116071
26 0.117858 0.9276 0.0384272 0.143857 0.00115216
26 0.0577154 0.833481 0.112867 0.324295 0.00115165
23 0.530386 0.644896 0.752674 0.679427 0.00114346
26 0.0954088 0.935845 0.0352289 0.124585 0.00113904
26 0.0649042 0.898275 0.12572 0.194498 0.00105223
