0 0.509663 0.58748 0.577073 0.805129 0.958881
27 0.530459 0.813851 0.103812 0.367793 0.92244
0 0.111649 0.766205 0.221873 0.453101 0.907808
0 0.805572 0.802124 0.154761 0.384631 0.905464
0 0.211634 0.737624 0.142423 0.429869 0.838941
0 0.304935 0.644446 0.0760713 0.101926 0.767365
0 0.941552 0.887029 0.115904 0.223345 0.721777
27 0.665096 0.769413 0.118582 0.426771 0.541811
24 0.665339 0.767522 0.119504 0.427419 0.5356
0 0.377251 0.59828 0.0783217 0.0843408 0.397336
0 0.642133 0.53452 0.0534621 0.0691413 0.302544
0 0.86123 0.729769 0.106384 0.330509 0.298434
0 0.94797 0.719458 0.103066 0.319261 0.294368
0 0.0151205 0.692662 0.0296946 0.254626 0.252869
0 0.969325 0.721581 0.0608521 0.313369 0.238962
0 0.926009 0.654323 0.0686813 0.186245 0.211519
0 0.652962 0.544436 0.0762535 0.0880305 0.165053
0 0.923059 0.62907 0.0598911 0.137729 0.113745
0 0.913365 0.662056 0.077219 0.194274 0.0986556
0 0.672884 0.57977 0.116781 0.161222 0.0933875
24 0.600994 0.769646 0.246284 0.432216 0.0868
0 0.851213 0.672059 0.0878872 0.21534 0.0855275
26 0.665115 0.767827 0.118055 0.4271 0.0775026
0 0.920333 0.707112 0.0797258 0.290164 0.0509728
0 0.922515 0.609676 0.054847 0.0982943 0.0458348
0 0.839534 0.617802 0.0599957 0.105146 0.0422319
0 0.819699 0.579561 0.0540287 0.0716278 0.040917
0 0.91166 0.636074 0.0716782 0.139653 0.0362261
0 0.702361 0.598139 0.0604382 0.123962 0.031312
26 0.898535 0.951718 0.0436237 0.0965636 0.030929
0 0.691492 0.561847 0.037092 0.0512494 0.0294796
0 0.91503 0.788777 0.0594864 0.122015 0.0286175
0 0.944609 0.659772 0.105766 0.206854 0.0285424
0 0.0237855 0.693152 0.0465398 0.260335 0.0224997
0 0.905742 0.833643 0.0766195 0.207926 0.0204475
0 0.890628 0.635286 0.030843 0.0847109 0.0194798
74 0.288834 0.50492 0.0248059 0.0214074 0.0180078
0 0.912645 0.807755 0.0606915 0.14305 0.017115
0 0.889342 0.641686 0.0385883 0.105653 0.016235
0 0.983252 0.596574 0.0334469 0.0679108 0.014245
0 0.898643 0.870319 0.0570843 0.252181 0.0134785
0 0.905044 0.818992 0.0621712 0.16504 0.0124989
0 0.909668 0.749954 0.0724398 0.301454 0.012208
0 0.343983 0.629873 0.143593 0.146406 0.010817
0 0.911328 0.786203 0.050779 0.084596 0.010276
0 0.908574 0.701006 0.0728161 0.225843 0.010073
0 0.932028 0.61817 0.0742878 0.130327 0.0100098
74 0.282864 0.478463 0.0175377 0.022348 0.00942585
0 0.845163 0.630113 0.0708899 0.129757 0.00897938
0 0.704855 0.618267 0.0548689 0.086146 0.00874025
0 0.975741 0.614092 0.048332 0.105768 0.00861412
9 0.867593 0.506944 0.0165821 0.0513919 0.00790656
0 0.873836 0.780052 0.104614 0.22817 0.00773552
0 0.894674 0.647369 0.0411673 0.113131 0.00764543
0 0.969903 0.745717 0.0593637 0.222544 0.00749397
74 0.261467 0.476868 0.0224792 0.022588 0.00720713
74 0.318857 0.451486 0.0210212 0.0266115 0.0062708
0 0.0161111 0.77171 0.0315307 0.42384 0.00581905
0 0.749712 0.615041 0.0453376 0.0391716 0.00543654
0 0.752551 0.612975 0.0437159 0.0281653 0.00537488
0 0.835141 0.600756 0.0538012 0.0721686 0.00492042
0 0.940348 0.839082 0.0973358 0.125733 0.00482875
0 0.678812 0.571525 0.0660643 0.0771345 0.00464317
0 0.736807 0.606178 0.0347327 0.0544319 0.00448403
0 0.895112 0.626367 0.0509953 0.112178 0.00440606
24 0.646537 0.621288 0.0809198 0.1318 0.00430441
26 0.88804 0.968908 0.0275145 0.0618774 0.0042356
0 0.738571 0.600031 0.025032 0.0399565 0.00417429
0 0.940233 0.604239 0.0579697 0.111522 0.00403056
0 0.884766 0.748466 0.121252 0.205361 0.00393194
0 0.0226381 0.782288 0.0452762 0.435423 0.00389642
0 0.338049 0.660573 0.157309 0.208403 0.00351679
0 0.903323 0.864048 0.0450703 0.205808 0.00338873
67 0.930775 0.706843 0.0266094 0.0317474 0.00337714
0 0.882806 0.815138 0.0917454 0.172827 0.00330907
0 0.929488 0.843452 0.0924793 0.157686 0.003214
0 0.870336 0.628205 0.0657585 0.113445 0.00315553
0 0.948676 0.831587 0.0744215 0.111029 0.00306967
0 0.911337 0.750435 0.0660385 0.171741 0.00299093
0 0.710926 0.623251 0.0447098 0.0797206 0.00287905
0 0.912327 0.874138 0.0708515 0.242417 0.00286546
0 0.95974 0.620096 0.0618694 0.126846 0.0028044
0 0.739189 0.614804 0.0488258 0.0610188 0.00265431
0 0.746645 0.604797 0.0522156 0.0508794 0.00265422
0 0.330325 0.702373 0.177208 0.3 0.00234586
0 0.982688 0.613209 0.0346062 0.0975343 0.00230086
0 0.957218 0.613454 0.0434654 0.115977 0.00222373
74 0.129437 0.370017 0.023175 0.0257853 0.00222355
0 0.88434 0.627901 0.0416687 0.104116 0.00220904
0 0.744957 0.625301 0.0545262 0.0580255 0.00209898
0 0.810627 0.58189 0.0447887 0.0700729 0.00208116
0 0.72086 0.600724 0.0622008 0.0842201 0.00203001
0 0.888029 0.698709 0.0925987 0.208142 0.00198156
0 0.918845 0.758638 0.0604897 0.148154 0.00195909
74 0.236608 0.504996 0.023311 0.0210318 0.00190684
0 0.922071 0.66785 0.053648 0.141556 0.00185597
0 0.012484 0.725002 0.0241454 0.186602 0.00182441
0 0.638587 0.542486 0.0645418 0.0856381 0.00178289
24 0.653042 0.654469 0.0882987 0.203804 0.00173581
0 0.890353 0.678588 0.050272 0.176165 0.0017333
0 0.897616 0.896916 0.0481621 0.206168 0.0017156
0 0.955513 0.596419 0.0400444 0.0977347 0.00171033
41 0.930775 0.706843 0.0266094 0.0317474 0.0016135
0 0.907271 0.615829 0.071468 0.123816 0.00158724
67 0.925321 0.70915 0.0402493 0.0349018 0.00156549
24 0.898523 0.949955 0.0429268 0.0989688 0.00156355
26 0.601183 0.770691 0.244673 0.435815 0.00155777
0 0.737461 0.59356 0.0306537 0.051799 0.00155294
0 0.869201 0.809004 0.0928276 0.182285 0.00155014
0 0.268075 0.679771 0.0275032 0.0333396 0.0014655
74 0.850223 0.410602 0.0322605 0.0393472 0.0014458
0 0.943815 0.59075 0.0492607 0.0909665 0.00142518
0 0.930194 0.817123 0.0885258 0.113396 0.00135538
0 0.0795083 0.606599 0.122341 0.133626 0.00129777
24 0.538267 0.755276 0.365196 0.408418 0.00129589
0 0.166772 0.604173 0.0562686 0.15127 0.00125781
0 0.937146 0.633917 0.0904686 0.191175 0.00120121
40 0.930775 0.706843 0.0266094 0.0317474 0.00119582
0 0.509812 0.59819 0.361812 0.0957082 0.00119114
0 0.97821 0.693526 0.0433163 0.253057 0.00113663
0 0.9399 0.775956 0.105975 0.208082 0.00112981
0 0.700028 0.566539 0.0573751 0.0699771 0.00112015
0 0.951873 0.65666 0.0757366 0.18123 0.00109851
0 0.943955 0.860596 0.104898 0.168098 0.00103366
26 0.897499 0.931639 0.0382259 0.120038 0.00102609
0 0.692431 0.544669 0.0400301 0.0863675 0.00102499
26 0.254789 0.790289 0.0445804 0.152033 0.00101891
0 0.900408 0.920771 0.04478 0.156326 0.00101706
