0 0.126034 0.702037 0.145201 0.362751 0.931018
0 0.365597 0.679734 0.158073 0.321875 0.925724
0 0.273032 0.739019 0.19947 0.279463 0.913693
0 0.886649 0.593257 0.0708145 0.124304 0.877108
0 0.346179 0.576755 0.0354651 0.168842 0.76406
32 0.680556 0.632024 0.0113445 0.0178268 0.729941
35 0.35795 0.703818 0.0349676 0.0489195 0.714747
34 0.380229 0.614725 0.0955562 0.105784 0.626133
32 0.697617 0.655472 0.0262661 0.0182206 0.108177
0 0.353737 0.461441 0.00899935 0.0217763 0.0840972
0 0.352854 0.459346 0.00927734 0.0215636 0.0789405
35 0.888759 0.624237 0.0130217 0.0407649 0.0733367
34 0.360133 0.591603 0.0546311 0.0650463 0.0629098
35 0.882911 0.588947 0.0173935 0.0274117 0.0334401
0 0.341326 0.460092 0.00809212 0.0213235 0.0288831
35 0.353767 0.704465 0.0319353 0.0394543 0.0194056
35 0.870798 0.607333 0.0248619 0.0215908 0.0129859
0 0.885165 0.620002 0.0182129 0.0618415 0.0114651
32 0.145309 0.462733 0.0351486 0.0312876 0.0113298
32 0.429354 0.658624 0.010331 0.0209112 0.0108235
35 0.882632 0.578058 0.0260696 0.0414647 0.00771642
32 0.428589 0.6558 0.0118957 0.0231101 0.00745562
0 0.885967 0.626266 0.0155802 0.0459808 0.00656682
35 0.357757 0.694704 0.0380891 0.0678328 0.0062525
35 0.363674 0.70183 0.0448961 0.0530038 0.00569937
34 0.401386 0.630045 0.0601888 0.0779224 0.00515747
35 0.884188 0.639547 0.0175201 0.0323103 0.00498176
0 0.34636 0.542087 0.0333755 0.0997149 0.00438553
35 0.428589 0.6558 0.0118957 0.0231101 0.00433305
34 0.400498 0.618666 0.067917 0.108749 0.00386378
29 0.443498 0.849659 0.0673986 0.0223255 0.00378913
35 0.885165 0.620002 0.0182129 0.0618415 0.00356242
29 0.143887 0.463117 0.0387799 0.0319328 0.0034574
35 0.890322 0.57831 0.0200676 0.0416851 0.00336012
35 0.905856 0.617974 0.0255777 0.0598526 0.00330389
35 0.885967 0.626266 0.0155802 0.0459808 0.00323617
18 0.144913 0.462714 0.0365028 0.0317084 0.003106
32 0.681899 0.639939 0.0128837 0.0324464 0.00308219
34 0.905856 0.617974 0.0255777 0.0598526 0.00295839
35 0.910458 0.625813 0.0238434 0.0516965 0.00276771
34 0.408958 0.644097 0.0456213 0.0490317 0.00256193
35 0.365596 0.694247 0.0503311 0.072509 0.00243172
0 0.347218 0.539509 0.0302145 0.0644134 0.00235716
34 0.642102 0.653769 0.130403 0.0279887 0.00229916
0 0.907423 0.621279 0.0254879 0.0629823 0.00229132
0 0.387869 0.59369 0.0819694 0.147232 0.00221726
35 0.429354 0.658624 0.010331 0.0209112 0.00215942
35 0.421983 0.654048 0.02381 0.0309006 0.0020867
35 0.87601 0.591926 0.0287519 0.0305842 0.00205299
34 0.910458 0.625813 0.0238434 0.0516965 0.0020301
0 0.884188 0.639547 0.0175201 0.0323103 0.00202838
0 0.873163 0.625547 0.0349796 0.0549452 0.00182283
35 0.364927 0.640095 0.0538894 0.178275 0.00160676
35 0.866692 0.624958 0.0300125 0.053178 0.00158587
34 0.888759 0.624237 0.0130217 0.0407649 0.00154176
32 0.353767 0.704465 0.0319353 0.0394543 0.00153238
35 0.91313 0.628731 0.0178368 0.0480503 0.00151518
35 0.864059 0.629518 0.0254127 0.0469739 0.00142026
34 0.34901 0.60153 0.0372419 0.113915 0.00139689
35 0.887649 0.624093 0.0191208 0.0633668 0.00136468
35 0.354669 0.675709 0.0455068 0.108985 0.00131458
0 0.887649 0.624093 0.0191208 0.0633668 0.00130573
35 0.859603 0.640663 0.0159531 0.0252385 0.00126398
32 0.688593 0.629439 0.0210024 0.0149076 0.0012027
2 0.936117 0.41906 0.0270142 0.0205824 0.00118259
34 0.347602 0.577316 0.0362562 0.171621 0.00117946
35 0.408958 0.644097 0.0456213 0.0490317 0.00117686
34 0.353767 0.704465 0.0319353 0.0394543 0.00109303
34 0.697617 0.655472 0.0262661 0.0182206 0.0010542
38 0.377993 0.614093 0.0895962 0.105023 0.00103131
35 0.358646 0.591613 0.0536965 0.0718902 0.00101486
