45 0.338145 0.408649 0.674818 0.770146 0.932536
45 0.734466 0.248429 0.501134 0.495522 0.922712
50 0.643807 0.73671 0.483138 0.511009 0.897274
45 0.492671 0.69417 0.953393 0.603495 0.883872
47 0.639563 0.0719604 0.151951 0.142221 0.318809
60 0.494052 0.502834 0.958077 0.994332 0.248498
49 0.639443 0.0727213 0.152376 0.142534 0.206342
47 0.810991 0.209605 0.169539 0.18392 0.177707
49 0.643322 0.133239 0.118036 0.100051 0.174609
48 0.419467 0.260177 0.358156 0.416574 0.163425
49 0.67066 0.219667 0.126969 0.135172 0.158733
49 0.772134 0.135948 0.095632 0.104157 0.147195
50 0.58943 0.927722 0.155886 0.142605 0.125844
47 0.740636 0.189205 0.313354 0.22598 0.100453
55 0.428517 0.261349 0.330079 0.421839 0.0851404
55 0.897873 0.541633 0.203993 0.259255 0.0803487
55 0.180186 0.430223 0.360372 0.402169 0.0672652
49 0.678087 0.13349 0.192081 0.103228 0.0655983
47 0.671081 0.225603 0.126531 0.146687 0.0607166
47 0.719361 0.128562 0.0547456 0.100643 0.0529243
49 0.702211 0.188866 0.241858 0.222236 0.0526112
47 0.700162 0.132378 0.23483 0.109014 0.0504534
49 0.718455 0.127755 0.0542871 0.101227 0.0486058
47 0.64792 0.0551653 0.134099 0.109243 0.0462786
49 0.350608 0.188141 0.157556 0.268461 0.0368216
49 0.755264 0.13249 0.131701 0.108026 0.0360994
47 0.748886 0.223296 0.285585 0.157504 0.0308595
45 0.246952 0.127297 0.490063 0.247661 0.0270048
49 0.276002 0.262636 0.0668456 0.146269 0.0261766
47 0.703253 0.176935 0.238478 0.198805 0.0248962
60 0.246715 0.127714 0.489354 0.248696 0.0227238
48 0.180495 0.429682 0.359745 0.401368 0.0215147
47 0.744378 0.130279 0.145342 0.102132 0.0196613
49 0.64792 0.0551653 0.134099 0.109243 0.0180278
55 0.896077 0.629792 0.207846 0.443 0.0179737
49 0.419519 0.26251 0.332678 0.417831 0.0174957
47 0.644827 0.133301 0.122798 0.0950232 0.0165746
47 0.276234 0.261721 0.0670577 0.144153 0.0148038
49 0.659561 0.18817 0.155414 0.216734 0.0144203
51 0.275905 0.264583 0.0670067 0.149972 0.0131195
49 0.656098 0.127246 0.0928724 0.0878336 0.0113839
45 0.888675 0.556533 0.222246 0.589658 0.0109955
47 0.181635 0.431121 0.362529 0.399746 0.0109082
50 0.729599 0.738872 0.310078 0.505972 0.0103821
49 0.180359 0.432381 0.360718 0.403051 0.00998735
47 0.248288 0.274962 0.121851 0.175027 0.0095872
44 0.891373 0.910633 0.216667 0.164818 0.00883064
47 0.217136 0.252465 0.0623681 0.108566 0.00857386
49 0.681691 0.133847 0.129336 0.112507 0.00843662
48 0.458903 0.272292 0.271395 0.382849 0.00832033
44 0.432243 0.425999 0.0732266 0.0869459 0.00799024
47 0.69542 0.0956457 0.250813 0.185137 0.0078252
54 0.897873 0.541633 0.203993 0.259255 0.00773624
45 0.889905 0.910658 0.219682 0.165041 0.00707096
49 0.748886 0.223296 0.285585 0.157504 0.00706005
50 0.512563 0.735817 0.21497 0.3068 0.00698629
47 0.659561 0.18817 0.155414 0.216734 0.00694022
54 0.428517 0.261349 0.330079 0.421839 0.00682893
46 0.43253 0.426058 0.0727734 0.0873655 0.00679484
47 0.773051 0.134683 0.0904349 0.100146 0.00560671
45 0.180495 0.429682 0.359745 0.401368 0.00530699
41 0.734874 0.247986 0.501415 0.495541 0.00526664
49 0.303518 0.202995 0.236213 0.295501 0.00523472
42 0.89197 0.910006 0.215518 0.16455 0.00437668
47 0.714818 0.279941 0.0373552 0.0425288 0.00429347
50 0.535932 0.790255 0.267161 0.411857 0.00427008
48 0.897873 0.541633 0.203993 0.259255 0.00426245
47 0.445444 0.0667439 0.129137 0.0834846 0.00418359
48 0.895743 0.629271 0.208514 0.442484 0.00416297
55 0.313184 0.849444 0.432112 0.287356 0.00415617
49 0.640155 0.223394 0.190386 0.150349 0.00404841
55 0.349123 0.183369 0.158262 0.256752 0.00391701
49 0.248288 0.274962 0.121851 0.175027 0.00369114
48 0.349123 0.183369 0.158262 0.256752 0.0036473
60 0.489216 0.690347 0.973703 0.595437 0.00344023
47 0.810952 0.185439 0.156992 0.140008 0.00337967
49 0.69542 0.0956457 0.250813 0.185137 0.00329053
47 0.691657 0.226103 0.0868689 0.147749 0.0031772
49 0.330628 0.356386 0.0882931 0.0929642 0.00317091
45 0.932898 0.141216 0.133952 0.278764 0.00315708
49 0.810991 0.209605 0.169539 0.18392 0.00315699
46 0.349495 0.185637 0.156797 0.261577 0.00310183
55 0.942577 0.749385 0.114413 0.218686 0.00298265
49 0.43227 0.426894 0.074708 0.0896585 0.00296777
49 0.616864 0.136365 0.0653288 0.0902935 0.0028528
55 0.463734 0.277513 0.268592 0.36577 0.00269893
49 0.463104 0.277211 0.2672 0.372435 0.00252238
46 0.639756 0.0740349 0.15152 0.14515 0.0024808
49 0.750378 0.136522 0.0678314 0.102536 0.00244585
45 0.618416 0.691221 0.674328 0.588328 0.0023329
47 0.640155 0.223394 0.190386 0.150349 0.00229171
50 0.511704 0.687253 0.175172 0.206154 0.00210759
43 0.89197 0.910006 0.215518 0.16455 0.00207955
50 0.492671 0.69417 0.953393 0.603495 0.00196585
55 0.093437 0.45925 0.185853 0.338801 0.00193825
47 0.231725 0.275011 0.0917438 0.146055 0.00184876
49 0.616934 0.186461 0.235962 0.224657 0.00184596
47 0.303518 0.202995 0.236213 0.295501 0.00184247
54 0.349123 0.183369 0.158262 0.256752 0.00181755
47 0.351281 0.18406 0.157644 0.26335 0.00179797
47 0.71283 0.267203 0.04895 0.0684757 0.00174099
47 0.758337 0.248825 0.065701 0.0942003 0.00173941
51 0.331991 0.363007 0.086973 0.0828815 0.00173053
47 0.775546 0.249318 0.0992273 0.0978819 0.00168261
47 0.797537 0.246682 0.14649 0.105141 0.00155899
46 0.332512 0.363421 0.0860893 0.0767999 0.00155702
47 0.681691 0.133847 0.129336 0.112507 0.0015088
46 0.810991 0.209605 0.169539 0.18392 0.00148731
45 0.950627 0.207307 0.0971863 0.408491 0.00145769
45 0.647282 0.737324 0.461793 0.510304 0.00142401
49 0.691657 0.226103 0.0868689 0.147749 0.00141501
60 0.88967 0.91125 0.22066 0.165686 0.0013766
50 0.958732 0.755721 0.0825352 0.194336 0.0013504
47 0.779201 0.124981 0.0760475 0.0821419 0.00134054
43 0.941059 0.956866 0.117881 0.0827065 0.00133783
54 0.43227 0.426894 0.074708 0.0896585 0.00133151
46 0.419519 0.26251 0.332678 0.417831 0.00129831
46 0.179956 0.430931 0.359913 0.398325 0.00123248
43 0.950577 0.966326 0.0986382 0.0644329 0.00123024
58 0.647282 0.737324 0.461793 0.510304 0.00121325
54 0.178861 0.4288 0.357721 0.402135 0.00120237
45 0.961086 0.33224 0.0746349 0.177317 0.00115877
47 0.700502 0.250184 0.0689192 0.101374 0.00115246
54 0.373972 0.467161 0.0450332 0.0669791 0.00111473
52 0.419467 0.260177 0.358156 0.416574 0.00109416
48 0.313184 0.849444 0.432112 0.287356 0.00108781
54 0.314666 0.848914 0.4415 0.288133 0.00107607
49 0.777853 0.126592 0.0793215 0.0844231 0.00107563
53 0.178861 0.4288 0.357721 0.402135 0.00106189
51 0.43227 0.426894 0.074708 0.0896585 0.00105548
48 0.947717 0.756727 0.104156 0.200136 0.00102612
46 0.330814 0.209158 0.190554 0.310653 0.0010249
50 0.251138 0.741194 0.0542258 0.0824156 0.001021
