23 0.771213 0.493621 0.352171 0.690855 0.936098
23 0.183691 0.900738 0.210054 0.140293 0.863385
23 0.723279 0.794245 0.0238447 0.0809074 0.0233923
23 0.635923 0.780651 0.04463 0.133659 0.00767267
23 0.255821 0.87066 0.0681362 0.0720576 0.00459951
23 0.238152 0.875052 0.100884 0.0889117 0.0029507
23 0.707284 0.793988 0.0589931 0.0867383 0.00224012
23 0.534588 0.862732 0.0660128 0.093909 0.00173825
32 0.559935 0.572552 0.0167906 0.0269737 0.00150549
23 0.619415 0.806894 0.0114889 0.07583 0.00137895
23 0.262526 0.874683 0.0594222 0.0612277 0.00136682
0 0.723415 0.794859 0.0237884 0.0813048 0.00111309
23 0.401548 0.88262 0.12356 0.0551437 0.00110066
23 0.629735 0.807019 0.0296663 0.0805558 0.0010547
