0 0.687267 0.724263 0.153826 0.272258 0.00251094
0 0.695518 0.491902 0.122567 0.215672 0.00238374
0 0.800389 0 0.137046 0 0.00229028
0 0.675495 0 0.13838 0 0.00228524
0 0.700393 0 0.137713 0 0.00228405
0 0.625487 0 0.138206 0 0.00228241
0 0.725234 0 0.137355 0 0.00228003
0 0.650501 0 0.138432 0 0.00226647
0 0.775544 0 0.137397 0 0.00226423
0 0.750555 0 0.137955 0 0.00225905
0 0.600416 0 0.13821 0 0.00222155
0 0.575248 0 0.137362 0 0.00220037
0 0.550373 0 0.137804 0 0.00216082
0 0.847925 0 0.133885 0 0.00215009
0 0.897496 0.0598267 0.163659 0.119653 0.00211987
0 0.525298 0 0.137973 0 0.0021168
0 0.449071 0 0.14203 0 0.00211495
0 0.474389 0 0.140248 0 0.0021055
0 0.423885 0 0.143238 0 0.00210127
0 0.499695 0 0.13966 0 0.0020915
0 0.298897 0 0.14619 0 0.00208575
0 0.223368 0 0.147852 0 0.00206617
0 0.249438 0 0.147146 0 0.00205702
0 0.374757 0 0.142576 0 0.00204352
0 0.730133 0.729615 0.181696 0.285416 0.00200635
0 0.349087 0 0.145677 0 0.00197005
0 0.878112 0 0.148284 0 0.00196233
0 0.844629 0.0681043 0.166097 0.136209 0.00192922
0 0.692748 0.60741 0.155846 0.195843 0.00190866
0 0.863205 0 0.199295 0 0.00190431
0 0.17402 0 0.142758 0 0.00190428
0 0.438721 0.0730571 0.159159 0.146114 0.00190008
0 0.793014 0.0752317 0.159415 0.150463 0.00188369
0 0.4891 0.07276 0.156439 0.14552 0.0018774
0 0.314906 0.0750838 0.161728 0.150168 0.00184938
0 0.808746 0 0.189055 0 0.00183043
0 0.757948 0 0.187383 0 0.00182998
0 0.389453 0.0741237 0.157753 0.148247 0.00182736
0 0.589062 0.0724055 0.154544 0.144811 0.00182611
0 0.539553 0.0727637 0.155678 0.145527 0.00182191
0 0.240066 0.0747161 0.160021 0.149432 0.00178227
0 0.708236 0 0.188208 0 0.00176823
0 0.63911 0.0729879 0.151877 0.145976 0.00173834
0 0.767543 0.0777125 0.160299 0.155425 0.00170296
0 0.657895 0 0.189093 0 0.00169894
0 0.923936 0.0558244 0.146565 0.111649 0.00167221
0 0.204745 0 0.196067 0 0.00164187
0 0.0640824 0 0.128165 0 0.00162405
0 0.821355 0.590063 0.151393 0.258556 0.00162184
0 0.870428 0.833305 0.133924 0.211742 0.00162137
0 0.607377 0 0.189865 0 0.00160465
0 0.596772 0.905465 0.148441 0.189071 0.00160217
0 0.689982 0.0759267 0.152743 0.151853 0.0015848
0 0.858554 0.132465 0.17382 0.26493 0.00157222
0 0.280795 0 0.194854 0 0.00156647
0 0.191361 0.0739548 0.143829 0.14791 0.0015651
0 0.474542 0.800087 0.175577 0.265041 0.00156492
0 0.0875822 0.0748807 0.175164 0.149761 0.00155699
0 0.5248 0.89414 0.148925 0.21172 0.00153971
0 0.0678089 0.978948 0.135618 0.0421049 0.00153622
0 0.875824 0.988912 0.192317 0.0221762 0.00153217
0 0.914245 0.803847 0.171511 0.217679 0.00152925
0 0.500171 0.887249 0.15232 0.225501 0.00152364
0 0.547677 0.9026 0.15213 0.1948 0.00152266
0 0.127438 0 0.119535 0 0.00151971
0 0.622359 0.906442 0.137578 0.187116 0.00151753
0 0.422489 0.885695 0.159323 0.22861 0.00151178
0 0.330267 0 0.196332 0 0.00150397
0 0.557 0 0.189444 0 0.0015021
0 0.78171 0.773193 0.16407 0.252282 0.00150126
0 0.705308 0.819444 0.151277 0.254472 0.00150117
0 0.106078 0.0737339 0.158573 0.147468 0.00149146
0 0.575817 0.492142 0.140495 0.256614 0.00149021
0 0.799949 0.630914 0.137432 0.179109 0.00148824
0 0.431016 0 0.192737 0 0.00148648
0 0.326344 0.866357 0.161734 0.252317 0.00146958
0 0.140305 0.073518 0.131288 0.147036 0.00146917
0 0.481053 0 0.191649 0 0.00146672
0 0.666052 0.604605 0.151606 0.194938 0.00146496
0 0.714423 0.499705 0.109414 0.205661 0.00145859
0 0.850542 0.415227 0.153108 0.202372 0.0014582
0 0.380805 0 0.193491 0 0.00145233
0 0.815803 0.647475 0.109104 0.143956 0.00144714
0 0.418961 0.526121 0.157394 0.214862 0.00144303
0 0.82183 0.209817 0.112856 0.221877 0.00142941
0 0.821839 0.899438 0.146322 0.201123 0.00142029
0 0.852054 0.845139 0.135637 0.235685 0.00141475
0 0.070044 0.9331 0.140088 0.133799 0.00141007
0 0.819948 0.989532 0.180589 0.0209358 0.00140777
0 0.550726 0.492667 0.162392 0.275981 0.00140253
0 0.824252 0.809827 0.129669 0.206987 0.00139511
0 0.37354 0.883206 0.157298 0.233587 0.00138921
0 0.67243 0.987811 0.177623 0.0243788 0.00138861
0 0.64662 0.90645 0.133698 0.1871 0.00138086
0 0.479197 0.517465 0.165285 0.237013 0.00137812
0 0.606039 0.484674 0.1531 0.242896 0.00137696
0 0.840004 0.806423 0.127069 0.176959 0.0013749
0 0.675603 0.9018 0.147483 0.196401 0.00135705
0 0.421118 0.985755 0.185316 0.0284908 0.00135151
0 0.71997 0.601107 0.156527 0.210128 0.00134969
0 0.847658 0.899184 0.149424 0.201633 0.00132307
0 0.72006 0.904664 0.138485 0.190672 0.00131339
0 0.0597943 0.90288 0.119589 0.194241 0.0013077
0 0.829054 0.770564 0.150214 0.230311 0.00130528
0 0.735678 0.297838 0.137631 0.233866 0.00130305
0 0.547222 0.989829 0.179207 0.0203424 0.00129846
0 0.911895 0.75704 0.150434 0.251537 0.00129303
0 0.470949 0.887711 0.151277 0.224577 0.00129089
0 0.0934122 0 0.11686 0 0.00128976
0 0.878902 0.863626 0.162815 0.258995 0.00128874
0 0.883659 0.139437 0.170522 0.221237 0.00128093
0 0.775691 0.899843 0.150673 0.200313 0.00127769
0 0.502647 0.80527 0.168311 0.234668 0.00127676
0 0.195397 0.990722 0.184542 0.0185567 0.00127324
0 0.716599 0.771291 0.141204 0.194679 0.00127256
0 0.471629 0.987409 0.186185 0.0251828 0.00126603
0 0.777783 0.813496 0.126778 0.225924 0.00125766
0 0.721898 0.989925 0.178137 0.0201509 0.00125307
0 0.774053 0.988854 0.184152 0.022293 0.00125101
0 0.648907 0.797458 0.139376 0.23209 0.00124779
0 0.353964 0.870493 0.1742 0.246329 0.0012404
0 0.623181 0.988465 0.182245 0.023069 0.00123486
0 0.871554 0.769451 0.203374 0.253292 0.00123206
0 0.296509 0.580883 0.151367 0.249226 0.00123164
0 0.632863 0.121467 0.154045 0.238185 0.00123096
0 0.40336 0.872275 0.1715 0.24198 0.0012297
0 0.295443 0.988606 0.187544 0.0227888 0.00121975
0 0.57637 0.792747 0.152359 0.238585 0.00121808
0 0.532249 0.158947 0.161772 0.262853 0.00121444
0 0.795162 0.804489 0.0988697 0.196744 0.00120887
0 0.275916 0.915296 0.102405 0.14142 0.00120604
0 0.678361 0.796767 0.128216 0.226046 0.00120243
0 0.903738 0 0.144075 0 0.00120112
0 0.756897 0.277472 0.113402 0.219972 0.00119281
0 0.602782 0.876568 0.161431 0.231348 0.00118589
0 0.57927 0.393662 0.175163 0.237861 0.00118318
0 0.37095 0.987827 0.188916 0.0243457 0.00118282
0 0.84902 0.919791 0.105234 0.132983 0.00117883
0 0.873165 0.918735 0.115586 0.135277 0.00117835
0 0.891559 0.512735 0.136365 0.217485 0.00117829
0 0.127916 0 0.196385 0 0.0011763
0 0.947093 0.731784 0.105815 0.187438 0.00117609
0 0.300975 0.887696 0.15853 0.224608 0.00117558
0 0.251857 0.389095 0.160052 0.223927 0.00117439
0 0.689368 0.429384 0.13506 0.190638 0.00117156
0 0.692547 0.445106 0.113083 0.157563 0.00116596
0 0.702208 0.918853 0.129348 0.136249 0.0011653
0 0.273675 0.893233 0.15658 0.213533 0.00116336
0 0.250175 0.916937 0.104057 0.138193 0.00116017
0 0.9372 0 0.1256 0 0.00115877
0 0.605991 0.125829 0.162616 0.246761 0.00115699
0 0.575146 0.416216 0.154226 0.164408 0.00115392
0 0.245538 0.990312 0.190409 0.0193764 0.00115314
0 0.218047 0.899389 0.146843 0.201223 0.00115073
0 0.526166 0.919187 0.105271 0.135564 0.00114876
0 0.596549 0.588731 0.145865 0.256505 0.00114843
0 0.631095 0.876421 0.153455 0.231249 0.00114825
0 0.904405 0 0.19119 0 0.00114724
0 0.573757 0.875276 0.157159 0.234757 0.00114721
0 0.638352 0.730288 0.127525 0.250534 0.00114286
0 0.81156 0.850042 0.148298 0.257138 0.00114071
0 0.083323 0.571537 0.166646 0.217287 0.00114042
0 0.823543 0.920716 0.104055 0.131171 0.00113893
0 0.772011 0.0701132 0.129314 0.140226 0.00113714
0 0.903035 0.657227 0.158411 0.130218 0.00113657
0 0.373919 0.914542 0.105452 0.143905 0.00113505
0 0.295366 0.914987 0.106202 0.142426 0.00113317
0 0.62164 0.794164 0.145307 0.226621 0.00113174
0 0.599368 0.813137 0.14615 0.244737 0.00113112
0 0.798186 0.91816 0.113668 0.137582 0.0011248
0 0.348871 0.915046 0.097479 0.141558 0.0011234
0 0.94445 0.0487132 0.111099 0.0974263 0.00112283
0 0.573948 0.921811 0.0998907 0.128818 0.00112224
0 0.54941 0.921292 0.0995098 0.129943 0.00111187
0 0.715033 0.395077 0.160225 0.267449 0.00110289
0 0.0661739 0.866155 0.132348 0.26769 0.00110286
0 0.700131 0.111642 0.14465 0.2196 0.00110012
0 0.326346 0.914359 0.0920826 0.141872 0.0010986
0 0.599194 0.921248 0.0979715 0.129587 0.00109771
0 0.451381 0.873359 0.161297 0.239033 0.00109303
0 0.580309 0.132193 0.163441 0.261951 0.00109205
0 0.794907 0.0616986 0.110677 0.123397 0.00109056
0 0.656536 0.879276 0.151798 0.225495 0.00108927
0 0.84307 0.363821 0.181926 0.265283 0.00108731
0 0.599494 0.144898 0.139341 0.199393 0.00107846
0 0.396735 0.91457 0.0975832 0.143401 0.00107807
0 0.596714 0.5047 0.131029 0.177812 0.0010775
0 0.452483 0.200623 0.150707 0.235903 0.00107628
0 0.625725 0.921611 0.0969382 0.128661 0.00107557
0 0.802883 0.19748 0.16008 0.217892 0.00107145
0 0.513087 0.820679 0.134276 0.216071 0.00106993
0 0.066828 0.147974 0.133656 0.295947 0.00106603
0 0.529852 0.387936 0.170121 0.250352 0.00106502
0 0.475459 0.384514 0.156136 0.211656 0.0010646
0 0.0831582 0.00372815 0.16492 0.0074563 0.00106284
0 0.452493 0.226564 0.126628 0.198944 0.00105381
0 0.178698 0.391075 0.138552 0.214418 0.00105119
0 0.892048 0.481331 0.169771 0.195699 0.00104871
0 0.774509 0.91856 0.118926 0.136977 0.00104129
0 0.687597 0.632358 0.0832066 0.10987 0.0010404
0 0.780854 0.856452 0.156347 0.272761 0.00104031
0 0.914738 0.988526 0.170524 0.0229477 0.00103894
0 0.501804 0.918417 0.0965784 0.136212 0.00103876
0 0.555366 0.411614 0.168307 0.186491 0.00103739
0 0.81148 0.803792 0.0969572 0.162227 0.00103688
0 0.725992 0.866676 0.157702 0.247435 0.00103644
0 0.0661991 0.467631 0.132398 0.274198 0.00103587
0 0.374808 0.358273 0.150204 0.209352 0.00103447
0 0.172175 0.899396 0.145609 0.201207 0.00103363
0 0.223799 0.916704 0.105621 0.13989 0.00103244
0 0.399765 0.2333 0.150225 0.226979 0.00103125
0 0.0540806 0.921014 0.108161 0.130718 0.00102893
0 0.0647845 0.370697 0.129569 0.275061 0.00102809
0 0.0687259 0.764295 0.137452 0.298691 0.00102472
0 0.924678 0.679509 0.136522 0.0976431 0.00102389
0 0.922592 0.697547 0.0805885 0.106746 0.00102049
0 0.745954 0.773423 0.110424 0.200067 0.00101951
0 0.581866 0.26532 0.166684 0.201789 0.00101638
0 0.374843 0.576805 0.17924 0.258641 0.00101474
0 0.752422 0.0827409 0.142237 0.165482 0.00101444
0 0.754727 0.816996 0.143989 0.236823 0.00101393
0 0.293078 0.0837703 0.134464 0.167541 0.00101343
0 0.626004 0.13807 0.127085 0.191929 0.00101134
0 0.831333 0.516481 0.16715 0.18725 0.00101012
0 0.927546 0.649167 0.144907 0.162194 0.00100634
0 0.675076 0.762623 0.129106 0.185532 0.00100365
0 0.225532 0.392566 0.156855 0.21142 0.00100312
0 0.449447 0.91559 0.0985947 0.141547 0.00100034
