0 0.842671 0.376157 0.261144 0.200887 0.00306007
0 0.857894 0.621832 0.210292 0.204807 0.00301263
0 0.799329 0.539254 0.22622 0.154183 0.00294852
0 0.872965 0.391948 0.251903 0.194005 0.00287625
0 0.891795 0.847482 0.216409 0.196983 0.00243896
0 0.828812 0.543319 0.211421 0.134744 0.00241122
0 0.761895 0.344647 0.225904 0.184098 0.00227574
0 0.872352 0.682754 0.188661 0.171326 0.00224391
0 0.823379 0.614782 0.242744 0.199723 0.00220719
0 0.764123 0.7773 0.243119 0.148392 0.00220668
0 0.863599 0.633688 0.183796 0.152434 0.00208351
0 0.870481 0.324457 0.185661 0.155287 0.00207976
0 0.835906 0.325056 0.245487 0.161029 0.00206435
0 0.76817 0.520382 0.252868 0.178556 0.00206247
0 0.530815 0.904952 0.254453 0.190096 0.00202501
0 0.689795 0.761988 0.256392 0.157865 0.00200126
0 0.898615 0.662175 0.183174 0.178095 0.00195268
0 0.844096 0.499212 0.248409 0.199662 0.00191346
0 0.863268 0.554494 0.171386 0.119166 0.0018867
0 0.880112 0.060536 0.239777 0.121072 0.00182056
0 0.349915 0.196744 0.222173 0.21053 0.00180158
0 0.725452 0.774679 0.237267 0.14083 0.00176042
0 0.900638 0.769365 0.198725 0.116858 0.00175583
0 0.879263 0.0890559 0.241475 0.178112 0.00175101
0 0.798102 0.766054 0.219181 0.159255 0.00174612
0 0.700153 0.843474 0.239902 0.196861 0.00172582
0 0.832788 0.762644 0.171546 0.145151 0.00162974
0 0.836028 0.579392 0.221557 0.175869 0.00161585
0 0.653094 0.469523 0.192458 0.185629 0.00161037
0 0.35644 0.0880082 0.244785 0.176016 0.0015966
0 0.92448 0.76885 0.151039 0.150102 0.00158718
0 0.505709 0.482882 0.213816 0.201444 0.00158668
0 0.865869 0.523899 0.225128 0.175767 0.00154757
0 0.634414 0.414469 0.211382 0.143261 0.00151938
0 0.504288 0.820311 0.2162 0.181992 0.00151694
0 0.53797 0.5379 0.208451 0.19716 0.00147909
0 0.912042 0.669182 0.175916 0.193409 0.00147548
0 0.665117 0.741804 0.239537 0.184329 0.00144157
0 0.780428 0.646677 0.210787 0.141433 0.0014382
0 0.771945 0.370904 0.220836 0.166372 0.0014376
0 0.894983 0.7023 0.164406 0.124491 0.0014284
0 0.919238 0.351418 0.161523 0.163104 0.00142324
0 0.894036 0.41121 0.211928 0.190218 0.001423
0 0.605554 0.40783 0.207066 0.147681 0.00142056
0 0.922527 0.31569 0.138575 0.167108 0.00140145
0 0.864129 0.425185 0.22495 0.153008 0.00139967
0 0.503034 0.714271 0.240613 0.184541 0.00139177
0 0.879441 0.762398 0.162728 0.149785 0.00138959
0 0.930192 0.566728 0.139615 0.173928 0.00138736
0 0.611515 0.280847 0.223542 0.1775 0.00138491
0 0.691878 0.0942424 0.2509 0.188485 0.00137827
0 0.820635 0.646946 0.225621 0.135362 0.00137067
0 0.525354 0.736202 0.218982 0.159285 0.00136521
0 0.827278 0.719636 0.230007 0.237693 0.00135487
0 0.572364 0.332791 0.251429 0.200837 0.00134194
0 0.12921 0.605962 0.248906 0.192316 0.00133771
0 0.775473 0.743544 0.252577 0.182248 0.00132182
0 0.844527 0.419835 0.180802 0.127195 0.00131726
0 0.722427 0.850711 0.185387 0.171742 0.00131401
0 0.320149 0.246837 0.232778 0.176683 0.00131071
0 0.820252 0.358531 0.214171 0.156402 0.00130916
0 0.730102 0.748593 0.258892 0.17642 0.00130779
0 0.81535 0.457279 0.210743 0.151524 0.00130603
0 0.858921 0.666514 0.172837 0.134338 0.00130463
0 0.692483 0.490429 0.202633 0.163396 0.00130317
0 0.622593 0.470718 0.220789 0.207084 0.00130254
0 0.824107 0.657505 0.16517 0.115159 0.00129876
0 0.48374 0.897503 0.207364 0.198567 0.00129783
0 0.803769 0.50417 0.266862 0.187377 0.001275
0 0.129277 0.082189 0.242338 0.164378 0.0012711
0 0.535064 0.488835 0.200992 0.178007 0.00126967
0 0.456321 0.886548 0.182043 0.199941 0.00126919
0 0.064297 0.0955811 0.128594 0.191162 0.00126547
0 0.801128 0.793118 0.164736 0.107335 0.00125593
0 0.41676 0.294426 0.178683 0.202965 0.00125006
0 0.855212 0.734659 0.215757 0.194058 0.00124049
0 0.816085 0.402868 0.21655 0.155021 0.00123775
0 0.812801 0.217966 0.20089 0.131045 0.00121644
0 0.605903 0.906177 0.282609 0.187646 0.00121239
0 0.453159 0.485647 0.255311 0.211479 0.00120392
0 0.683832 0.389225 0.244188 0.197986 0.00120378
0 0.299155 0.0991512 0.247602 0.198302 0.00119576
0 0.575788 0.56431 0.181855 0.178623 0.00117999
0 0.906869 0.774081 0.142047 0.147169 0.00116986
0 0.899661 0.787796 0.200678 0.10163 0.00116909
0 0.550996 0.294182 0.242621 0.195108 0.00116688
0 0.469913 0.811057 0.23338 0.165404 0.00116414
0 0.0630287 0.0587456 0.126057 0.117491 0.00114718
0 0.754815 0.613413 0.232161 0.18172 0.00114709
0 0.767147 0.533785 0.21559 0.131611 0.00114071
0 0.843335 0.77758 0.113782 0.103865 0.00113511
0 0.808346 0.297264 0.15765 0.202933 0.00112936
0 0.111259 0.0679527 0.222518 0.135905 0.00112176
0 0.788774 0.56024 0.212217 0.141548 0.00111818
0 0.516376 0.563066 0.230219 0.193487 0.00111079
0 0.66428 0.76923 0.19081 0.118359 0.00110623
0 0.696592 0.782583 0.229628 0.12 0.00110576
0 0.808002 0.878497 0.261983 0.187621 0.00110176
0 0.840957 0.792096 0.126796 0.101193 0.00109538
0 0.780808 0.658731 0.165763 0.116533 0.00109535
0 0.93211 0.631329 0.135779 0.141685 0.00109118
0 0.0999841 0.108926 0.199968 0.217852 0.00108033
0 0.413044 0.505786 0.257577 0.19306 0.00107765
0 0.631324 0.300229 0.186474 0.16161 0.00107655
0 0.544788 0.591469 0.214503 0.182006 0.00107342
0 0.779283 0.287648 0.23634 0.213928 0.00107282
0 0.317033 0.687089 0.204047 0.219743 0.00107214
0 0.520979 0.211503 0.255996 0.200733 0.00106758
0 0.902079 0.377021 0.169518 0.166353 0.00106001
0 0.62566 0.759866 0.242982 0.159228 0.00105816
0 0.929076 0.777606 0.141847 0.105919 0.00105518
0 0.918276 0.717186 0.0825704 0.0913639 0.00103503
0 0.592469 0.359867 0.230292 0.161302 0.00103378
0 0.753985 0.336635 0.16672 0.167815 0.00102931
0 0.647667 0.633134 0.173718 0.152621 0.00102809
0 0.888392 0.726513 0.132134 0.133564 0.0010263
0 0.58415 0.49346 0.232437 0.172898 0.00102451
0 0.731752 0.646664 0.188656 0.141557 0.0010196
0 0.0452409 0.652795 0.0446027 0.0940109 0.00101519
0 0.164951 0.700496 0.235506 0.177751 0.00101373
0 0.534384 0.699041 0.245708 0.214668 0.00101301
0 0.863776 0.0960078 0.216291 0.157158 0.00100854
0 0.617431 0.61477 0.181248 0.157374 0.00100434
0 0.734909 0.788815 0.189268 0.108599 0.00100368
0 0.579148 0.615723 0.199141 0.165508 0.00100303
