0 0.458551 0.870879 0.202969 0.258241 0.00228378
0 0.554072 0.17764 0.170014 0.35528 0.00194228
0 0.231594 0.895393 0.188222 0.209215 0.0018681
0 0.882879 0.693381 0.172977 0.269982 0.00182909
0 0.057005 0.493082 0.11401 0.305032 0.00178543
0 0.824013 0.560787 0.165121 0.278691 0.00175214
0 0.688705 0.750723 0.125358 0.160982 0.00173298
0 0.303567 0.803197 0.136606 0.178944 0.00171363
0 0.662964 0.144288 0.161325 0.288575 0.00161567
0 0.417263 0.877385 0.164919 0.24523 0.00158244
0 0.307715 0.148995 0.170014 0.297991 0.00158212
0 0.277701 0.811116 0.151055 0.190586 0.00158197
0 0.844731 0.462132 0.151237 0.218807 0.00158104
0 0.279264 0.913013 0.171061 0.173975 0.00156158
0 0.503728 0.879786 0.197881 0.240429 0.00155759
0 0.819004 0.594211 0.146125 0.221815 0.00155002
0 0.39159 0.261197 0.158232 0.25724 0.00153843
0 0.0651164 0.422361 0.130233 0.311971 0.00153631
0 0.356165 0.779081 0.165357 0.235954 0.00153059
0 0.908057 0.0849061 0.183886 0.169812 0.00152278
0 0.457627 0.16386 0.165409 0.32772 0.00152093
0 0.184807 0.112052 0.16484 0.224103 0.00149208
0 0.411603 0.642305 0.142452 0.262064 0.00148582
0 0.799095 0.459213 0.149606 0.226542 0.00147888
0 0.584828 0.894937 0.195771 0.210127 0.00144428
0 0.403444 0.18232 0.167768 0.36464 0.00143969
0 0.85051 0.421984 0.164943 0.275288 0.00139737
0 0.846993 0.526672 0.142821 0.279077 0.0013907
0 0.0631305 0.567393 0.126261 0.311783 0.00138837
0 0.673444 0.524904 0.146973 0.278007 0.00138074
0 0.0643736 0.653201 0.128747 0.293351 0.00137877
0 0.803886 0.532877 0.14871 0.287024 0.00137746
0 0.873643 0.458247 0.134795 0.220145 0.00136396
0 0.701876 0.853614 0.183128 0.292773 0.00135246
0 0.922012 0.702174 0.155977 0.262021 0.00134984
0 0.507218 0.167217 0.176361 0.334434 0.0013442
0 0.407293 0.127616 0.166114 0.255232 0.00134221
0 0.253607 0.81531 0.152165 0.199824 0.00133985
0 0.24882 0.512087 0.133925 0.280928 0.00133896
0 0.821575 0.461179 0.131623 0.208825 0.00133631
0 0.711656 0.734042 0.151763 0.222084 0.00133425
0 0.0655496 0.118672 0.131099 0.237344 0.001333
0 0.701529 0.899166 0.193491 0.201669 0.00132707
0 0.0747786 0.896147 0.149557 0.207705 0.00131854
0 0.417943 0.583309 0.168128 0.316407 0.00131372
0 0.687314 0.733534 0.137809 0.227258 0.00130969
0 0.311502 0.783378 0.159499 0.255537 0.00130627
0 0.238262 0.454218 0.137016 0.25595 0.00130096
0 0.378123 0.609556 0.150005 0.308861 0.00129327
0 0.898301 0.456835 0.143383 0.226717 0.00129047
0 0.318083 0.804377 0.116185 0.154796 0.0012854
0 0.834183 0.698585 0.16295 0.277769 0.00128451
0 0.773754 0.455989 0.139629 0.234151 0.00127932
0 0.537 0.0977709 0.168003 0.195542 0.00127855
0 0.779909 0.558786 0.142128 0.282885 0.00127667
0 0.733088 0.131133 0.162277 0.262266 0.0012736
0 0.69786 0.766521 0.105429 0.128994 0.00126976
0 0.87712 0.562482 0.150279 0.271254 0.00126651
0 0.521505 0.257998 0.160461 0.274268 0.00125775
0 0.353572 0.15824 0.173266 0.31648 0.00124505
0 0.706369 0.140402 0.179579 0.280804 0.00123674
0 0.0892709 0.435138 0.147954 0.255787 0.00122333
0 0.433179 0.137091 0.164808 0.274181 0.00121877
0 0.689532 0.555832 0.127461 0.264035 0.0012089
0 0.869234 0.592899 0.129265 0.214913 0.00120586
0 0.193354 0.262232 0.180106 0.255051 0.00120559
0 0.25546 0.552989 0.148162 0.300058 0.00120461
0 0.259789 0.139656 0.185948 0.279311 0.00120205
0 0.668393 0.100511 0.170182 0.201022 0.0012008
0 0.633017 0.892639 0.189432 0.214723 0.00118867
0 0.788492 0.14344 0.170816 0.286881 0.00118479
0 0.735056 0.858606 0.189259 0.282788 0.00118238
0 0.565836 0.748228 0.149039 0.230758 0.001178
0 0.0736765 0.678814 0.147353 0.263071 0.00117338
0 0.377171 0.657072 0.136972 0.247641 0.00116938
0 0.611769 0.157989 0.173156 0.315979 0.00116563
0 0.230625 0.822185 0.157848 0.214677 0.00116405
0 0.387073 0.874738 0.157321 0.250524 0.00115907
0 0.750489 0.416912 0.162269 0.268602 0.00115874
0 0.230829 0.128418 0.176002 0.256836 0.00115597
0 0.701005 0.461411 0.167641 0.259446 0.00115386
0 0.802656 0.482002 0.125994 0.214385 0.00115156
0 0.542501 0.185842 0.149096 0.27945 0.00115097
0 0.289919 0.0931548 0.163963 0.18631 0.00115019
0 0.86794 0.0874303 0.195433 0.174861 0.00114679
0 0.358369 0.33792 0.151805 0.318448 0.00114617
0 0.0654535 0.723461 0.130907 0.302061 0.0011321
0 0.547636 0.773569 0.135258 0.165865 0.00113147
0 0.820609 0.728634 0.130861 0.192213 0.00112548
0 0.65026 0.22264 0.15104 0.250159 0.00111729
0 0.201397 0.513219 0.1529 0.299331 0.00111055
0 0.884051 0.180801 0.16688 0.282566 0.00110754
0 0.250591 0.789628 0.16304 0.274874 0.00110567
0 0.906818 0.558553 0.149993 0.276996 0.00110149
0 0.181966 0.849793 0.134489 0.182043 0.00110063
0 0.281924 0.551211 0.139106 0.256201 0.00109738
0 0.0716291 0.281357 0.143258 0.238534 0.00108945
0 0.799693 0.294432 0.157845 0.261229 0.00108826
0 0.795673 0.731158 0.129524 0.202741 0.00108132
0 0.27916 0.7901 0.166396 0.260287 0.00107923
0 0.819504 0.270172 0.163457 0.271669 0.00107551
0 0.590608 0.750724 0.149162 0.221377 0.00107363
0 0.927904 0.555225 0.144193 0.289273 0.0010671
0 0.227432 0.705643 0.160646 0.240242 0.00106695
0 0.152014 0.516409 0.124374 0.25694 0.00106525
0 0.236704 0.288951 0.165875 0.24914 0.00106171
0 0.806269 0.699735 0.155998 0.282351 0.00105518
0 0.241964 0.399243 0.176141 0.316099 0.00105116
0 0.68097 0.422375 0.16585 0.2876 0.00105116
0 0.418796 0.186899 0.168008 0.300424 0.0010474
0 0.0697608 0.604976 0.139522 0.245897 0.00104633
0 0.935664 0.087155 0.128671 0.17431 0.00104293
0 0.521996 0.336231 0.171654 0.256518 0.00103697
0 0.134967 0.432932 0.154907 0.252889 0.0010356
0 0.877715 0.51614 0.122731 0.243679 0.00103548
0 0.302082 0.816482 0.0838047 0.141391 0.00103241
0 0.322237 0.655077 0.13849 0.255811 0.00102991
0 0.898473 0.591449 0.124052 0.218257 0.00102895
0 0.88354 0.29103 0.143657 0.241269 0.00102451
0 0.698796 0.267143 0.154795 0.261493 0.00102088
0 0.935519 0.72145 0.128961 0.191889 0.00102055
0 0.783435 0.26778 0.154952 0.272156 0.00102004
0 0.258525 0.600932 0.1629 0.311629 0.0010182
0 0.87006 0.727404 0.148064 0.182371 0.00101632
0 0.0681063 0.558151 0.136213 0.233805 0.00101343
0 0.20369 0.831932 0.151745 0.233333 0.00101149
0 0.343424 0.200061 0.161138 0.262119 0.00101122
0 0.774885 0.729619 0.137178 0.217413 0.00101119
0 0.263761 0.430783 0.120264 0.259736 0.0010097
0 0.473526 0.770604 0.171385 0.202268 0.00100404
0 0.69397 0.4928 0.143244 0.230329 0.00100288
0 0.0648531 0.512344 0.129706 0.235422 0.0010002
