0 0.578919 0.38467 0.466398 0.433888 0.924202
32 0.481276 0.411083 0.103248 0.0780346 0.874739
0 0.600459 0.180712 0.0869469 0.128676 0.798247
0 0.020477 0.292022 0.0407014 0.142761 0.656455
0 0.382237 0.211652 0.114009 0.173736 0.627722
0 0.194603 0.339741 0.12804 0.0568004 0.610524
0 0.942732 0.292645 0.100177 0.154717 0.598116
0 0.199722 0.265049 0.0674544 0.102699 0.563977
0 0.321369 0.296496 0.082887 0.132811 0.537448
0 0.158342 0.267384 0.0405806 0.0920918 0.507227
0 0.37999 0.267334 0.119927 0.285334 0.318902
0 0.301333 0.296276 0.0430206 0.119322 0.202484
0 0.680241 0.306028 0.107344 0.21829 0.196615
0 0.692708 0.383917 0.143856 0.372251 0.183934
0 0.299912 0.280725 0.0396976 0.0885897 0.165664
0 0.466129 0.210444 0.0449598 0.0425351 0.155946
0 0.166413 0.261292 0.0296477 0.0754968 0.135718
0 0.194702 0.293158 0.129755 0.148662 0.12638
0 0.171693 0.267766 0.0294366 0.0948137 0.106002
32 0.0201737 0.278838 0.0375849 0.0292962 0.103057
0 0.169039 0.26746 0.0419918 0.0951644 0.0875802
0 0.938415 0.321719 0.0754489 0.0964502 0.0698763
0 0.648071 0.384159 0.271389 0.363789 0.0690095
0 0.215125 0.261868 0.0452605 0.0902616 0.0681002
32 0.78767 0.301189 0.0573958 0.0576103 0.0613861
0 0.765637 0.321029 0.0845757 0.177884 0.0612845
0 0.54173 0.177939 0.204776 0.122158 0.0463262
0 0.246429 0.293236 0.237735 0.150929 0.0441296
32 0.786253 0.320041 0.0616277 0.0947486 0.0429295
24 0.020431 0.269665 0.0402662 0.0501211 0.0414979
0 0.168305 0.24512 0.0224248 0.0454057 0.0401244
0 0.359137 0.277326 0.0453729 0.104072 0.0393938
0 0.679809 0.252946 0.103231 0.109215 0.0390587
0 0.186187 0.264917 0.0404179 0.0869016 0.0390062
0 0.344364 0.270205 0.0784616 0.0948194 0.0373068
29 0.0201737 0.278838 0.0375849 0.0292962 0.036651
0 0.355755 0.317674 0.0580191 0.179764 0.0337311
26 0.334525 0.299735 0.0514699 0.0551634 0.0336828
0 0.541373 0.199762 0.195572 0.068705 0.0329383
0 0.779123 0.323473 0.111779 0.154605 0.0321
0 0.311172 0.30276 0.064816 0.117934 0.025055
0 0.453234 0.272794 0.266231 0.274783 0.0248039
0 0.951965 0.234306 0.0390439 0.0372162 0.0232922
0 0.964889 0.268529 0.070222 0.106407 0.0225246
0 0.495742 0.272315 0.333926 0.303254 0.02239
0 0.539341 0.276763 0.241091 0.32066 0.0200275
24 0.19532 0.340231 0.122288 0.0532162 0.0196702
0 0.185108 0.238207 0.0254756 0.0355795 0.0195977
0 0.694715 0.32618 0.160141 0.258606 0.0195864
24 0.466331 0.210514 0.0449933 0.0424228 0.0178972
0 0.210464 0.256693 0.0435721 0.0567647 0.0161464
25 0.0838191 0.271007 0.16315 0.0959671 0.0160003
26 0.020431 0.269665 0.0402662 0.0501211 0.0155179
0 0.016617 0.303926 0.032073 0.118861 0.0152449
0 0.475791 0.20102 0.0629659 0.0602232 0.0150597
0 0.467757 0.202951 0.046601 0.0559069 0.0144608
0 0.195824 0.324622 0.129737 0.0874548 0.0141761
32 0.0205209 0.268911 0.0396913 0.0504166 0.0141514
0 0.721102 0.382177 0.190896 0.359834 0.013739
0 0.210645 0.242891 0.0442942 0.0569759 0.01333
0 0.734034 0.329197 0.0980474 0.172681 0.0125906
0 0.939912 0.267214 0.120176 0.103161 0.011533
0 0.322765 0.275717 0.0888134 0.0926485 0.0110532
0 0.33071 0.298572 0.0606116 0.114764 0.0108407
0 0.214059 0.343945 0.0895405 0.0473231 0.0106748
0 0.516485 0.198916 0.144985 0.0636815 0.010387
32 0.779173 0.318282 0.111866 0.148353 0.0103363
32 0.214383 0.350575 0.0708511 0.0305748 0.0102835
0 0.0201994 0.269346 0.0403987 0.05144 0.00989646
0 0.218056 0.266846 0.0348682 0.0736891 0.00943631
24 0.216603 0.351647 0.0821083 0.0310118 0.00931439
0 0.21645 0.256427 0.0464107 0.0625707 0.00929049
29 0.913357 0.288427 0.0590658 0.0370351 0.00898933
0 0.364456 0.265456 0.0369193 0.0814297 0.00876194
32 0.19532 0.340231 0.122288 0.0532162 0.0080215
0 0.728224 0.379559 0.158297 0.286391 0.00776279
0 0.848746 0.292572 0.298301 0.159425 0.00771877
0 0.960192 0.265845 0.0558006 0.0946443 0.00738564
35 0.157936 0.330803 0.0436427 0.0378966 0.00718597
29 0.242655 0.702035 0.0521145 0.0142117 0.00714347
0 0.1923 0.22735 0.034071 0.0264876 0.00672251
0 0.781351 0.318155 0.0698817 0.112141 0.00670794
0 0.698328 0.407379 0.116322 0.315583 0.00666401
0 0.542443 0.200024 0.210542 0.0940308 0.00666156
0 0.707627 0.328611 0.0702128 0.178156 0.00623083
26 0.0201737 0.278838 0.0375849 0.0292962 0.00622538
2 0.913296 0.28835 0.059387 0.0379244 0.00580737
26 0.354224 0.314637 0.0239886 0.0350988 0.00566804
0 0.181418 0.231507 0.0287482 0.0311587 0.0055843
35 0.0201818 0.276878 0.0390461 0.0338834 0.00543272
0 0.176484 0.276286 0.0302567 0.0793223 0.00530174
32 0.912094 0.287587 0.0583659 0.0387265 0.00529507
32 0.770096 0.313411 0.0926511 0.0955613 0.00509018
0 0.749909 0.369403 0.0530268 0.0794939 0.00501445
0 0.540375 0.28945 0.415542 0.243825 0.00496629
16 0.192953 0.340806 0.12538 0.0535197 0.0049409
29 0.0205209 0.268911 0.0396913 0.0504166 0.00476316
0 0.553189 0.356651 0.356263 0.420151 0.00470075
24 0.334525 0.299735 0.0514699 0.0551634 0.00465944
0 0.281437 0.260005 0.31676 0.272107 0.00465515
33 0.0838191 0.271007 0.16315 0.0959671 0.00464538
32 0.43751 0.362851 0.0397008 0.0239727 0.00437167
0 0.321673 0.273682 0.0580749 0.0823741 0.00432068
2 0.844671 0.263875 0.30175 0.101853 0.0043191
0 0.752458 0.335684 0.0590986 0.147024 0.00427198
0 0.148698 0.271777 0.0321901 0.0853897 0.00420639
0 0.37179 0.312692 0.0990522 0.191459 0.00403321
0 0.156572 0.284101 0.0253372 0.0619058 0.0039573
0 0.916904 0.292421 0.149539 0.157139 0.00386828
0 0.328324 0.302947 0.0587707 0.0613463 0.00371826
25 0.294616 0.26711 0.171631 0.0982923 0.00364724
0 0.291371 0.26523 0.175441 0.100397 0.00359336
29 0.788773 0.301298 0.0562982 0.0562809 0.0035854
0 0.761149 0.329539 0.0786896 0.102029 0.00350517
0 0.737218 0.337564 0.0730354 0.159444 0.0034526
38 0.0201818 0.276878 0.0390461 0.0338834 0.00337124
0 0.912167 0.280653 0.0613416 0.0528555 0.0032759
56 0.940205 0.326785 0.0734454 0.08482 0.0031223
0 0.203934 0.228806 0.0348637 0.0323947 0.00307325
24 0.0201818 0.276878 0.0390461 0.0338834 0.00296846
24 0.210464 0.256693 0.0435721 0.0567647 0.00295144
34 0.147158 0.286972 0.0334469 0.0701671 0.0028652
0 0.441623 0.283193 0.164651 0.20625 0.00278684
2 0.910818 0.280245 0.0647925 0.0561001 0.00277907
32 0.505469 0.38864 0.0519073 0.0350298 0.00276494
0 0.73517 0.318803 0.202009 0.161094 0.00270182
35 0.193132 0.332869 0.120698 0.0414496 0.00265843
38 0.0205209 0.268911 0.0396913 0.0504166 0.00265148
0 0.912831 0.287897 0.0588361 0.0383272 0.00264898
24 0.353335 0.316377 0.0204488 0.0345678 0.00262371
10 0.192953 0.340806 0.12538 0.0535197 0.0026235
0 0.345002 0.284759 0.0659892 0.0722537 0.00257233
0 0.556082 0.267335 0.260243 0.173345 0.00251141
0 0.214705 0.352162 0.0845015 0.0304232 0.00246358
0 0.411108 0.286448 0.174367 0.250167 0.00246242
0 0.656556 0.288609 0.353516 0.239432 0.00244945
34 0.148698 0.271777 0.0321901 0.0853897 0.00237778
0 0.210713 0.285099 0.0495661 0.0655262 0.0023101
36 0.193522 0.339948 0.124252 0.0539786 0.00228021
0 0.740409 0.330699 0.123105 0.147148 0.0022642
0 0.0294619 0.295058 0.057397 0.135253 0.0022476
0 0.767196 0.319728 0.0984437 0.112204 0.00224012
34 0.156572 0.284101 0.0253372 0.0619058 0.00221407
14 0.912094 0.287587 0.0583659 0.0387265 0.00219926
24 0.913296 0.28835 0.059387 0.0379244 0.00218686
0 0.322875 0.284868 0.0347831 0.0643792 0.00217757
26 0.322875 0.284868 0.0347831 0.0643792 0.0021401
25 0.844916 0.263907 0.301729 0.102464 0.00213081
32 0.214059 0.343945 0.0895405 0.0473231 0.00212166
26 0.345002 0.284759 0.0659892 0.0722537 0.00211591
32 0.51408 0.390686 0.0358434 0.0292807 0.00211394
26 0.210464 0.256693 0.0435721 0.0567647 0.00200415
35 0.78834 0.30087 0.057358 0.0558335 0.00199988
24 0.166413 0.261292 0.0296477 0.0754968 0.0019896
0 0.391583 0.313358 0.128463 0.193871 0.00197574
16 0.952538 0.233834 0.0397649 0.0370461 0.00195175
0 0.929597 0.305304 0.0807488 0.0808042 0.0019469
35 0.190696 0.302267 0.0308041 0.0277928 0.00194004
0 0.282447 0.287041 0.0733816 0.118153 0.00192121
77 0.779173 0.318282 0.111866 0.148353 0.00189844
13 0.193522 0.339948 0.124252 0.0539786 0.0018774
32 0.772767 0.296206 0.0959175 0.0745011 0.00186864
32 0.966297 0.712501 0.041745 0.0200783 0.00185373
0 0.018122 0.246472 0.0354647 0.0610994 0.00179112
26 0.913296 0.28835 0.059387 0.0379244 0.00177509
32 0.445654 0.412644 0.0279948 0.0274378 0.00176585
35 0.783941 0.320228 0.0672188 0.0969823 0.00173697
0 0.131416 0.302413 0.254713 0.132506 0.00173318
0 0.966268 0.252098 0.0662546 0.0709456 0.00172305
38 0.913357 0.288427 0.0590658 0.0370351 0.00168988
24 0.214059 0.343945 0.0895405 0.0473231 0.00167498
25 0.292441 0.237235 0.105914 0.031282 0.00166911
0 0.190696 0.302267 0.0308041 0.0277928 0.00163224
33 0.845709 0.292076 0.303823 0.159429 0.00161895
0 0.961935 0.236948 0.0596619 0.0427806 0.00161371
0 0.245352 0.264354 0.0923103 0.084938 0.00161332
24 0.300431 0.277048 0.0386742 0.0763909 0.00159657
0 0.210721 0.243377 0.0638826 0.0633903 0.00158569
32 0.792958 0.28661 0.0800524 0.0801804 0.0015443
37 0.294616 0.26711 0.171631 0.0982923 0.00152475
0 0.9908 0.515545 0.0183998 0.0888039 0.00151217
2 0.437115 0.362814 0.0400152 0.0245419 0.00151151
26 0.218056 0.266846 0.0348682 0.0736891 0.00150797
0 0.763382 0.339749 0.0995537 0.16942 0.00148901
32 0.441045 0.440034 0.0362387 0.0247047 0.00147834
26 0.166413 0.261292 0.0296477 0.0754968 0.00147542
32 0.781221 0.26791 0.108057 0.0541601 0.00146839
35 0.148855 0.328276 0.0364137 0.0337492 0.00145671
25 0.780207 0.2683 0.110859 0.0505745 0.00145501
0 0.640058 0.279867 0.243629 0.245237 0.00144938
25 0.845557 0.292081 0.30361 0.15879 0.00144196
26 0.33071 0.298572 0.0606116 0.114764 0.00143489
26 0.300431 0.277048 0.0386742 0.0763909 0.0014264
0 0.800147 0.381853 0.387443 0.370187 0.00141117
0 0.702989 0.366357 0.0634796 0.11387 0.00140628
0 0.691465 0.400207 0.235021 0.360683 0.00140589
0 0.711125 0.325187 0.0915057 0.206414 0.00140488
25 0.305663 0.237872 0.135546 0.0365798 0.00140411
0 0.136968 0.272958 0.0570402 0.0901045 0.00139394
35 0.0202756 0.267873 0.0400016 0.0530491 0.00139001
0 0.645205 0.20605 0.178066 0.173867 0.00138387
25 0.414321 0.31212 0.174465 0.1969 0.00138053
35 0.767196 0.319728 0.0984437 0.112204 0.001369
38 0.767196 0.319728 0.0984437 0.112204 0.00133929
35 0.952055 0.234306 0.0391642 0.0380185 0.00133547
0 0.991119 0.5311 0.0177614 0.0545491 0.00133178
0 0.750905 0.325692 0.123383 0.103033 0.00131387
0 0.734719 0.37103 0.0694655 0.098284 0.00131193
2 0.664157 0.333303 0.671685 0.260752 0.00128824
13 0.965237 0.244886 0.068589 0.0477111 0.00127491
35 0.779173 0.318282 0.111866 0.148353 0.00127468
24 0.910818 0.280245 0.0647925 0.0561001 0.0012697
0 0.299069 0.310592 0.0415649 0.0641974 0.00126508
26 0.910818 0.280245 0.0647925 0.0561001 0.00126374
35 0.912094 0.287587 0.0583659 0.0387265 0.00125143
2 0.294616 0.26711 0.171631 0.0982923 0.00124928
2 0.845421 0.292171 0.304166 0.160847 0.00124592
0 0.916661 0.302704 0.0677834 0.0764519 0.00123996
32 0.242655 0.702035 0.0521145 0.0142117 0.00121737
0 0.781221 0.26791 0.108057 0.0541601 0.00119886
0 0.32017 0.321527 0.124242 0.181014 0.00119007
35 0.772767 0.296206 0.0959175 0.0745011 0.00118399
56 0.192953 0.340806 0.12538 0.0535197 0.00118354
0 0.237989 0.289603 0.142798 0.148176 0.00116733
0 0.991441 0.53783 0.0171186 0.0400702 0.0011611
0 0.322892 0.270123 0.115142 0.096781 0.00115213
29 0.786253 0.320041 0.0616277 0.0947486 0.00114897
2 0.0828674 0.273629 0.161394 0.100383 0.00114873
0 0.309094 0.329228 0.0402963 0.0621719 0.00114769
35 0.353335 0.316377 0.0204488 0.0345678 0.00114748
2 0.96901 0.244012 0.0605703 0.0481359 0.00114644
0 0.905272 0.0315102 0.0374111 0.0384998 0.00114623
28 0.192953 0.340806 0.12538 0.0535197 0.00113457
35 0.481276 0.411083 0.103248 0.0780346 0.00112733
77 0.192953 0.340806 0.12538 0.0535197 0.00112602
0 0.923196 0.289652 0.0788424 0.0395412 0.00112486
0 0.362018 0.29035 0.0375351 0.0970745 0.00112024
65 0.913296 0.28835 0.059387 0.0379244 0.0011192
32 0.779821 0.286747 0.114079 0.088167 0.00109911
37 0.0842809 0.272533 0.16267 0.0989412 0.00109351
0 0.932431 0.286603 0.100192 0.0524433 0.00109267
0 0.16132 0.248374 0.0391604 0.063711 0.00107902
33 0.294616 0.26711 0.171631 0.0982923 0.00107867
0 0.779821 0.286747 0.114079 0.088167 0.00107288
29 0.779123 0.323473 0.111779 0.154605 0.00106987
32 0.912167 0.280653 0.0613416 0.0528555 0.00106385
32 0.448698 0.400689 0.0343925 0.040505 0.00104856
0 0.268526 0.275231 0.102794 0.0998617 0.00104597
26 0.309094 0.329228 0.0402963 0.0621719 0.00104335
33 0.779879 0.308868 0.112095 0.134279 0.00104061
0 0.202654 0.301485 0.0318681 0.0310151 0.0010213
25 0.779879 0.308868 0.112095 0.134279 0.00101283
26 0.367196 0.242866 0.0303289 0.027781 0.00100917
26 0.362808 0.26418 0.042406 0.0761186 0.00100645
