0 0.215392 0.678925 0.429152 0.556342 0.9511
0 0.474864 0.504046 0.427129 0.970497 0.904619
57 0.830671 0.631232 0.338431 0.424687 0.872092
41 0.265191 0.967209 0.0990139 0.0653317 0.840577
0 0.725953 0.62231 0.227243 0.425849 0.839078
39 0.107788 0.928648 0.063481 0.130791 0.831065
26 0.782911 0.789701 0.138185 0.110254 0.829522
65 0.291149 0.519765 0.0895793 0.0346058 0.790609
41 0.0457632 0.965924 0.0915264 0.0677845 0.743188
58 0.303533 0.225884 0.234999 0.40143 0.688442
0 0.912031 0.703263 0.175937 0.390853 0.580958
0 0.0465429 0.782169 0.0922872 0.232895 0.553872
57 0.208601 0.67723 0.417202 0.500014 0.154429
57 0.145643 0.66591 0.291286 0.461887 0.114729
41 0.335437 0.993735 0.0969665 0.0125305 0.0976148
57 0.830105 0.736276 0.332035 0.218343 0.0926847
57 0.042496 0.482733 0.0849921 0.0965555 0.0854824
57 0.520554 0.627247 0.958891 0.426173 0.0738592
0 0.0465174 0.665495 0.0930349 0.456292 0.0645594
57 0.0865296 0.668924 0.17257 0.475899 0.0582179
57 0.0505169 0.663175 0.101034 0.448243 0.0567043
57 0.398266 0.685331 0.796532 0.517083 0.0392258
57 0.211152 0.74395 0.412139 0.34421 0.0319792
29 0.694731 0.565795 0.119515 0.113056 0.0255181
57 0.169099 0.720867 0.336474 0.403897 0.0250661
58 0.270578 0.400237 0.173821 0.194922 0.0246981
56 0.145643 0.66591 0.291286 0.461887 0.0234695
45 0.335437 0.993735 0.0969665 0.0125305 0.0217579
0 0.91299 0.622033 0.173492 0.187021 0.0217161
65 0.333548 0.992927 0.0894805 0.0139492 0.021592
58 0.277603 0.334901 0.179603 0.188511 0.0211225
0 0.142091 0.736914 0.281672 0.335394 0.0210033
57 0.0410119 0.495928 0.081436 0.0717054 0.0207794
60 0.166777 0.923987 0.331168 0.141466 0.0192352
59 0.829125 0.631947 0.340721 0.423045 0.0177
58 0.265366 0.366866 0.155522 0.120235 0.0173665
41 0.340533 0.991592 0.095856 0.0166546 0.0168453
56 0.042452 0.483156 0.0845058 0.0964946 0.0159351
0 0.950459 0.830516 0.0989903 0.22855 0.0149848
57 0.0425665 0.554123 0.0848955 0.239526 0.0144903
56 0.0716845 0.665461 0.142587 0.466667 0.0141705
58 0.337708 0.120248 0.153178 0.234669 0.0118653
0 0.938342 0.772261 0.122027 0.33389 0.011767
57 0.0433876 0.609712 0.0860697 0.351357 0.0116723
58 0.290363 0.320013 0.211368 0.40223 0.0112919
57 0.137644 0.804042 0.270671 0.240174 0.0111818
57 0.139351 0.490336 0.278701 0.0970659 0.0111233
39 0.0294483 0.892886 0.0581844 0.105095 0.0108824
39 0.0187577 0.889957 0.0370369 0.10205 0.0107374
0 0.0865296 0.668924 0.17257 0.475899 0.0103561
57 0.203687 0.741509 0.380118 0.234921 0.009601
59 0.830105 0.736276 0.332035 0.218343 0.00932509
39 0.0361312 0.901263 0.0722623 0.112691 0.00930476
56 0.208601 0.67723 0.417202 0.500014 0.00923586
56 0.0425982 0.664697 0.0843534 0.464025 0.00914669
32 0.695191 0.566977 0.118801 0.11144 0.0090861
57 0.041743 0.454246 0.0834861 0.0388969 0.00905845
57 0.832499 0.524239 0.333428 0.209554 0.00893149
26 0.839097 0.865441 0.118835 0.0518501 0.00848559
57 0.196021 0.59837 0.392043 0.335927 0.0082458
56 0.829125 0.631947 0.340721 0.423045 0.00807497
57 0.139919 0.542343 0.279838 0.230393 0.00766921
64 0.333548 0.992927 0.0894805 0.0139492 0.00758174
56 0.142091 0.736914 0.281672 0.335394 0.00728104
57 0.833428 0.490482 0.330577 0.141647 0.00710034
57 0.141449 0.748775 0.281607 0.292505 0.00697383
0 0.09065 0.796927 0.179924 0.258931 0.00689968
39 0.124283 0.892306 0.045242 0.0706505 0.00683472
56 0.0408021 0.45381 0.0810627 0.0383888 0.00670961
39 0.0150083 0.880642 0.0291801 0.0845329 0.00660518
58 0.336886 0.185191 0.161833 0.338761 0.00657269
57 0.150829 0.777707 0.254793 0.130484 0.00654081
56 0.144825 0.754613 0.288042 0.220352 0.0063059
0 0.131949 0.78138 0.263046 0.237424 0.00617835
57 0.484105 0.741975 0.968211 0.44041 0.00598121
57 0.317937 0.69408 0.187361 0.315192 0.00595871
39 0.0114982 0.869615 0.0217433 0.0638538 0.00576186
56 0.211152 0.74395 0.412139 0.34421 0.00568771
0 0.981845 0.924276 0.0361338 0.0430929 0.00537357
57 0.158962 0.757793 0.283395 0.219407 0.00525123
56 0.185354 0.729032 0.331879 0.241923 0.00504678
45 0.338605 0.991401 0.0981585 0.0171974 0.00479186
57 0.515441 0.610121 0.536463 0.147182 0.00473696
39 0.107348 0.892202 0.058904 0.0589783 0.00457746
56 0.169099 0.720867 0.336474 0.403897 0.00427538
57 0.903043 0.517679 0.192868 0.187369 0.00419468
57 0.186178 0.772818 0.327719 0.144999 0.00408322
57 0.09065 0.796927 0.179924 0.258931 0.0040037
58 0.261297 0.364079 0.119863 0.107888 0.00399274
39 0.0160284 0.866598 0.0307916 0.0579716 0.00378016
39 0.0231112 0.895875 0.0451372 0.120118 0.00374734
0 0.968109 0.85439 0.0628321 0.0650051 0.00363871
57 0.0959967 0.79422 0.0650576 0.0870075 0.00358441
57 0.3129 0.636478 0.160069 0.195837 0.00356832
56 0.137644 0.804042 0.270671 0.240174 0.00351271
41 0.0332455 0.919901 0.0648912 0.0417034 0.00345302
58 0.326616 0.301427 0.0895407 0.149841 0.00341216
57 0.601464 0.644535 0.678032 0.459914 0.00327224
56 0.150829 0.777707 0.254793 0.130484 0.00326419
0 0.725372 0.523361 0.219008 0.223728 0.00323787
0 0.912584 0.659573 0.173509 0.272613 0.00313216
57 0.332273 0.608559 0.0875062 0.117074 0.00311717
0 0.828069 0.634755 0.341623 0.428122 0.00301304
56 0.828189 0.73591 0.333394 0.216645 0.00295568
24 0.782477 0.789681 0.138787 0.109838 0.00292704
57 0.218566 0.706253 0.290047 0.296199 0.00291008
58 0.333009 0.218091 0.161505 0.217686 0.00289398
58 0.332806 0.258158 0.170707 0.306719 0.00287089
57 0.314074 0.609232 0.14886 0.142692 0.00284529
57 0.111485 0.818899 0.0948786 0.138929 0.00269678
57 0.909717 0.591699 0.180567 0.331395 0.00267896
45 0.046039 0.966201 0.0908848 0.0675983 0.00264859
67 0.340533 0.991592 0.095856 0.0166546 0.00264001
59 0.0716845 0.665461 0.142587 0.466667 0.00260782
65 0.341254 0.989131 0.0941615 0.0217373 0.00259918
57 0.302697 0.736936 0.60413 0.385747 0.0025247
67 0.291429 0.519957 0.0892822 0.0346638 0.00248396
56 0.155821 0.793942 0.187786 0.106796 0.0024693
57 0.210324 0.646099 0.420648 0.286337 0.00244707
58 0.287791 0.366207 0.134017 0.101753 0.00243792
58 0.285379 0.290975 0.197594 0.267342 0.00243637
59 0.145643 0.66591 0.291286 0.461887 0.00234476
0 0.970861 0.799447 0.0568573 0.290039 0.00234249
56 0.186054 0.684592 0.32137 0.169185 0.00233978
0 0.967042 0.854801 0.0655039 0.179393 0.00226182
57 0.211813 0.828311 0.32458 0.204872 0.00217971
0 0.96522 0.88895 0.0695607 0.111107 0.00216976
57 0.91299 0.622033 0.173492 0.187021 0.00214937
56 0.188092 0.643385 0.374649 0.373908 0.00212449
57 0.102763 0.805689 0.0781814 0.111034 0.00210625
56 0.232261 0.679522 0.286698 0.343874 0.00207087
65 0.0337363 0.915985 0.0631371 0.0489632 0.00202906
57 0.191047 0.722397 0.276542 0.222921 0.00196394
59 0.208601 0.67723 0.417202 0.500014 0.00191882
58 0.366284 0.173518 0.0888021 0.129973 0.0018743
56 0.515441 0.610121 0.536463 0.147182 0.00187078
57 0.203387 0.594624 0.406774 0.18261 0.0018675
56 0.139351 0.490336 0.278701 0.0970659 0.00184926
0 0.91118 0.667355 0.177418 0.0826656 0.0018326
60 0.116536 0.963884 0.22186 0.0710327 0.00182688
59 0.0505169 0.663175 0.101034 0.448243 0.0018031
57 0.23006 0.762751 0.0948119 0.070664 0.00176704
41 0.107945 0.924655 0.0640685 0.127737 0.00176021
0 0.0397972 0.745783 0.0795944 0.160793 0.00174901
0 0.063899 0.787516 0.126479 0.250859 0.00174877
56 0.309169 0.607284 0.13945 0.138161 0.00174642
39 0.114093 0.884774 0.0586717 0.0516277 0.00171965
62 0.967343 0.150269 0.0653132 0.103677 0.00166959
0 0.605987 0.500535 0.733661 0.93567 0.0016526
57 0.208684 0.792171 0.344059 0.157838 0.00165042
56 0.0430244 0.554201 0.0855986 0.238948 0.00162807
75 0.0321819 0.893279 0.0637545 0.103568 0.00161153
65 0.0496706 0.921544 0.0276291 0.0315643 0.00160062
75 0.0300351 0.905817 0.0593389 0.0770456 0.001587
58 0.34267 0.176272 0.137227 0.134653 0.00155863
0 0.950841 0.891799 0.0977254 0.104738 0.00153792
56 0.317937 0.69408 0.187361 0.315192 0.00150228
28 0.783136 0.789659 0.138086 0.109868 0.00147218
0 0.135832 0.629451 0.271664 0.459894 0.00146294
57 0.832851 0.46523 0.328747 0.0930784 0.00145108
56 0.398266 0.685331 0.796532 0.517083 0.00144741
57 0.155821 0.793942 0.187786 0.106796 0.00142726
60 0.398266 0.685331 0.796532 0.517083 0.00142342
58 0.3647 0.11061 0.0957789 0.219455 0.00139889
24 0.839097 0.865441 0.118835 0.0518501 0.00139287
56 0.270226 0.590215 0.061773 0.105683 0.00137642
57 0.0467547 0.781908 0.0923734 0.236147 0.00137553
39 0.0477896 0.918653 0.0954254 0.152173 0.0013659
57 0.913747 0.690438 0.172507 0.344275 0.00136188
32 0.333548 0.992927 0.0894805 0.0139492 0.00135261
75 0.0306721 0.918152 0.0596954 0.050618 0.00134924
0 0.947828 0.562056 0.104027 0.066419 0.00133768
57 0.277715 0.700619 0.286538 0.31114 0.0013268
41 0.27465 0.960013 0.0893953 0.0629578 0.00131771
58 0.365124 0.112424 0.0694799 0.124811 0.00131369
60 0.188324 0.898819 0.36978 0.197971 0.0013065
57 0.145677 0.823135 0.159904 0.150575 0.00130412
56 0.0406427 0.502017 0.080761 0.0684387 0.00129351
0 0.0424177 0.733403 0.0841207 0.358856 0.00127566
26 0.878362 0.875455 0.199092 0.0703064 0.00126207
57 0.313635 0.60371 0.121422 0.121276 0.00125891
0 0.16192 0.673652 0.320991 0.460893 0.00123388
39 0.0105788 0.86029 0.0211575 0.0487667 0.00122014
57 0.101891 0.482584 0.203342 0.10421 0.00120419
77 0.696944 0.567086 0.116645 0.113591 0.0011988
57 0.916884 0.497109 0.164606 0.142447 0.00119674
26 0.931997 0.880306 0.0614545 0.0672489 0.00119615
56 0.210324 0.646099 0.420648 0.286337 0.00118592
57 0.476052 0.660728 0.535118 0.247331 0.0011819
58 0.334552 0.200395 0.151051 0.0747136 0.00114357
65 0.239086 0.507855 0.069371 0.0252586 0.00114286
45 0.265807 0.966491 0.100316 0.0668121 0.00114033
58 0.316072 0.323042 0.107175 0.13308 0.00110146
56 0.3129 0.636478 0.160069 0.195837 0.00109854
57 0.186054 0.684592 0.32137 0.169185 0.00109094
56 0.186178 0.772818 0.327719 0.144999 0.00108868
56 0.16086 0.60014 0.32172 0.352726 0.00108644
57 0.269908 0.591204 0.0614764 0.105974 0.00107968
59 0.505798 0.635451 0.988403 0.431475 0.00107774
59 0.0423694 0.482924 0.0844566 0.0972549 0.00106236
56 0.0427749 0.491092 0.0831565 0.0666426 0.0010516
39 0.033508 0.915913 0.0666189 0.0532742 0.00105095
67 0.332882 0.993773 0.0872126 0.0123032 0.00104254
0 0.041743 0.454246 0.0834861 0.0388969 0.0010263
75 0.303527 0.216484 0.236102 0.425164 0.00102341
56 0.09065 0.796927 0.179924 0.258931 0.00102288
