0 0.814663 0.737841 0.207221 0.511976 0.927761
0 0.231221 0.427085 0.0666835 0.31682 0.854867
38 0.349069 0.248962 0.104066 0.105945 0.58203
38 0.248526 0.27132 0.06502 0.0453256 0.333648
38 0.243356 0.277737 0.0748271 0.0557753 0.0605451
2 0.902408 0.438569 0.0543499 0.0257124 0.0393615
38 0.762314 0.531292 0.0273752 0.0223747 0.0315207
2 0.985172 0.341767 0.0290062 0.0615122 0.0290751
2 0.810995 0.366514 0.082184 0.0859659 0.0214828
38 0.262193 0.268583 0.0846937 0.0390635 0.0175803
38 0.289857 0.270523 0.138508 0.0467403 0.0149308
2 0.962908 0.45864 0.0727966 0.0527873 0.0136403
13 0.542535 0.434676 0.057795 0.0408293 0.0131342
2 0.933517 0.342065 0.0736446 0.0627228 0.0122091
2 0.709172 0.441522 0.0828861 0.0419352 0.0100911
2 0.947865 0.455408 0.102555 0.0605909 0.00999957
38 0.330987 0.247576 0.0635482 0.101052 0.00847319
2 0.928764 0.448613 0.107887 0.0480944 0.00808522
2 0.542809 0.432656 0.0579636 0.0381393 0.00669575
2 0.689383 0.437472 0.0287222 0.0281302 0.00653657
38 0.236377 0.286254 0.049654 0.0394549 0.00638807
2 0.90568 0.340641 0.134396 0.0640066 0.00601038
32 0.0186517 0.759008 0.0133739 0.0124011 0.0059959
38 0.467494 0.209561 0.0636921 0.0877039 0.00564754
2 0.984785 0.376856 0.0301739 0.13044 0.0056228
2 0.831453 0.435545 0.0261093 0.0292118 0.00539592
2 0.548584 0.427903 0.0413265 0.0273888 0.00522336
2 0.737385 0.443345 0.0277986 0.0326064 0.00520769
2 0.685206 0.436267 0.0382368 0.0309028 0.00516245
38 0.306061 0.246772 0.189891 0.102514 0.00510085
38 0.396614 0.182618 0.0551769 0.0430257 0.00506675
2 0.749402 0.382265 0.214041 0.150163 0.00497577
2 0.81704 0.358667 0.0962356 0.0678613 0.00495422
38 0.762454 0.536783 0.0295029 0.0335716 0.00483391
2 0.712512 0.441048 0.0783707 0.0561597 0.0045653
38 0.266789 0.275773 0.106129 0.0531686 0.00422344
32 0.387021 0.229969 0.026804 0.0649904 0.00410655
2 0.707629 0.449315 0.0882761 0.0589302 0.00385115
38 0.258061 0.520538 0.0105042 0.024264 0.00382391
13 0.689234 0.4372 0.0292376 0.0288728 0.00361365
2 0.918801 0.441671 0.0892063 0.0439077 0.00345853
2 0.984925 0.468201 0.029822 0.0331877 0.00332257
32 0.386567 0.210777 0.0258093 0.0270192 0.00327373
38 0.232085 0.519593 0.0575026 0.100276 0.00324708
13 0.673798 0.439696 0.061862 0.0511888 0.00320017
13 0.932602 0.454773 0.117392 0.0593152 0.00311083
2 0.736462 0.450578 0.0306597 0.0489784 0.00305447
2 0.856142 0.351686 0.0253355 0.0312347 0.00290459
2 0.885729 0.358651 0.0905296 0.0402276 0.00288454
38 0.38227 0.24066 0.0366536 0.0862081 0.00285381
13 0.703444 0.446187 0.0927052 0.0487459 0.00285041
38 0.294423 0.254987 0.152262 0.082777 0.00277901
38 0.305112 0.272534 0.193182 0.0509135 0.00275764
38 0.221691 0.300895 0.0165462 0.0405654 0.0025948
38 0.764351 0.52816 0.0319717 0.0358264 0.0025847
2 0.902441 0.445685 0.0552237 0.037532 0.00251237
38 0.660762 0.380175 0.0334023 0.0957696 0.00246814
38 0.340293 0.275046 0.0321684 0.0498756 0.00246659
7 0.90568 0.340641 0.134396 0.0640066 0.00244772
38 0.238844 0.287565 0.0476988 0.0657338 0.00244769
7 0.74861 0.377914 0.211602 0.140292 0.00239787
32 0.381167 0.242843 0.0390583 0.0909077 0.00232112
2 0.833967 0.350951 0.0697662 0.0497086 0.00231266
38 0.387021 0.229969 0.026804 0.0649904 0.00224915
38 0.367961 0.249389 0.0663378 0.103959 0.00219086
38 0.227164 0.28457 0.052606 0.0557933 0.00215989
38 0.236416 0.295393 0.056946 0.0551188 0.00215703
35 0.34942 0.248959 0.103693 0.105814 0.002094
13 0.711276 0.439351 0.0773159 0.0355617 0.00208214
2 0.858146 0.354563 0.0211786 0.0254266 0.00206304
2 0.831184 0.439413 0.0217102 0.0263359 0.00192225
38 0.348424 0.347956 0.103621 0.302869 0.00190169
38 0.256615 0.513104 0.0123995 0.0384597 0.00184393
38 0.240644 0.297341 0.0381714 0.0443052 0.00180334
13 0.548584 0.427903 0.0413265 0.0273888 0.00176066
13 0.689063 0.444668 0.0420299 0.0432306 0.00173879
32 0.339862 0.277331 0.0316886 0.0385478 0.00167096
2 0.750913 0.430308 0.121815 0.0871947 0.00165495
13 0.961841 0.4579 0.0717487 0.0536936 0.00164089
38 0.246639 0.288299 0.071695 0.0792473 0.00163254
38 0.767168 0.520673 0.0385901 0.047891 0.00155306
2 0.737072 0.441744 0.0286948 0.0485467 0.00151089
2 0.862616 0.37322 0.196555 0.128185 0.00149778
2 0.832262 0.363908 0.0747114 0.0741608 0.00145972
2 0.544327 0.44062 0.061698 0.0509495 0.00145137
0 0.66093 0.398647 0.039534 0.133419 0.00143328
38 0.283026 0.302974 0.285681 0.271457 0.00142863
38 0.351468 0.259981 0.0554754 0.0820143 0.00140673
13 0.538843 0.448289 0.0450592 0.0394506 0.00138825
2 0.877663 0.372226 0.116656 0.0661708 0.00136712
38 0.602041 0.530855 0.0506508 0.0275092 0.00133437
13 0.902013 0.439318 0.0533558 0.0252265 0.00133258
2 0.765418 0.431843 0.0853296 0.0915356 0.00133219
38 0.388709 0.210974 0.023432 0.0281111 0.00133085
74 0.339862 0.277331 0.0316886 0.0385478 0.00132081
38 0.288473 0.28066 0.150342 0.068377 0.00130978
38 0.232384 0.493161 0.0490318 0.111632 0.00122458
2 0.673798 0.439696 0.061862 0.0511888 0.00122431
2 0.795007 0.418658 0.105824 0.076678 0.00120321
38 0.28648 0.254303 0.259818 0.154438 0.00116912
2 0.709379 0.404409 0.132578 0.125753 0.00116843
36 0.349217 0.248947 0.104079 0.105776 0.00116643
7 0.933043 0.340153 0.0754707 0.0610122 0.00116259
2 0.827941 0.384041 0.146109 0.133077 0.0011349
2 0.87441 0.439337 0.114266 0.0322402 0.0011268
2 0.78395 0.415542 0.123531 0.111804 0.00112385
0 0.660704 0.379843 0.0336945 0.0948806 0.00104955
2 0.657874 0.422586 0.0338222 0.0210271 0.0010435
2 0.697035 0.42726 0.110174 0.0635474 0.00104296
7 0.985172 0.341767 0.0290062 0.0615122 0.00103545
0 0.831184 0.439413 0.0217102 0.0263359 0.00102186
2 0.79391 0.435111 0.106466 0.0480028 0.00101316
13 0.922684 0.449887 0.0950424 0.0462694 0.00100088
