6 0.423006 0.530843 0.844594 0.516642 0.88154
58 0.668506 0.665952 0.0936382 0.164453 0.675523
58 0.777371 0.635786 0.135722 0.127752 0.192971
58 0.750279 0.635943 0.0813216 0.125161 0.107037
58 0.798597 0.629257 0.0459135 0.101091 0.0174721
6 0.39438 0.5142 0.457545 0.0927147 0.0137674
6 0.907321 0.553585 0.165987 0.640444 0.0125299
58 0.807475 0.627575 0.0506824 0.0959649 0.0106086
58 0.819771 0.626919 0.0562019 0.0940662 0.00983649
58 0.677086 0.667168 0.0642239 0.159399 0.00893557
58 0.829305 0.6276 0.0376457 0.0917085 0.00678074
58 0.782218 0.633879 0.0650539 0.123806 0.00322852
58 0.731599 0.650342 0.231164 0.15917 0.00298306
0 0.72261 0.513738 0.0123993 0.0394946 0.00293946
9 0.603724 0.4755 0.0132139 0.0489797 0.0021427
6 0.128368 0.518589 0.16197 0.0877909 0.00196898
58 0.668974 0.678928 0.0647923 0.139918 0.00188383
6 0.8992 0.608447 0.142737 0.481454 0.00185484
58 0.707804 0.664018 0.170758 0.168774 0.00177503
6 0.331438 0.420041 0.661982 0.293095 0.00154802
6 0.298898 0.51508 0.502134 0.0946015 0.00142187
0 0.725155 0.513058 0.0165678 0.0422621 0.00134686
6 0.385845 0.498606 0.541191 0.122422 0.00123668
6 0.350044 0.676054 0.689556 0.234629 0.00122797
