0 0.474195 0.583307 0.683458 0.336996 0.944339
0 0.900983 0.0882501 0.188883 0.1765 0.862814
0 0.213766 0.0821399 0.0611785 0.0442379 0.811829
0 0.438808 0.0437186 0.0491999 0.0372604 0.783296
0 0.374718 0.0505899 0.0482702 0.0485159 0.757524
36 0.586677 0.733406 0.311977 0.0673573 0.743963
0 0.513578 0.0431217 0.0195047 0.0102539 0.498632
36 0.954629 0.165239 0.0859309 0.0308043 0.251727
0 0.435096 0.0128936 0.0323475 0.0229303 0.12447
36 0.954619 0.140954 0.0863798 0.0805635 0.106465
36 0.953957 0.171886 0.0858304 0.04419 0.089536
0 0.243525 0.0459092 0.0359101 0.0166548 0.0860108
0 0.425081 0.0155038 0.0243262 0.0235098 0.0748844
0 0.322433 0.0346545 0.0363005 0.0156415 0.0704498
0 0.780372 0.00521635 0.022767 0.0104205 0.0685777
0 0.43777 0.0128377 0.0217201 0.0231276 0.0647391
0 0.430959 0.0152313 0.0372916 0.0247788 0.063996
0 0.482138 0.0105335 0.0325781 0.013964 0.0544774
0 0.0217411 0.100431 0.0433669 0.0734606 0.0460685
36 0.97852 0.135431 0.0411574 0.069999 0.030459
36 0.942562 0.164929 0.0605767 0.0281577 0.0303892
36 0.0209336 0.124022 0.0418671 0.0272552 0.0239689
36 0.0215213 0.115651 0.042826 0.0439507 0.0210952
0 0.100719 0.0641287 0.0520742 0.0246812 0.0210099
36 0.0219192 0.100596 0.0432877 0.0728294 0.0170578
0 0.442747 0.0120877 0.0396135 0.0221393 0.0158527
0 0.314476 0.0354286 0.0500152 0.0189037 0.0151676
0 0.370278 0.0252466 0.0366627 0.0151385 0.0129805
0 0.449759 0.0110294 0.033547 0.0215944 0.0128148
0 0.203652 0.0505276 0.0349153 0.0183555 0.0108654
36 0.934129 0.170533 0.0710535 0.0435682 0.00883102
0 0.195857 0.0521216 0.0396192 0.0195515 0.00880885
0 0.14647 0.0620381 0.0500462 0.0189842 0.00879112
0 0.646763 0.0216201 0.0710215 0.0164164 0.00821987
0 0.666909 0.0199557 0.0294467 0.0105494 0.00805584
36 0.962493 0.133839 0.072465 0.0725779 0.00759202
0 0.799486 0.00638451 0.0622334 0.012769 0.00754258
0 0.476724 0.011843 0.0386741 0.0166079 0.00712833
0 0.168405 0.0553136 0.032517 0.0180502 0.00700453
0 0.0420434 0.0777594 0.0364735 0.0150645 0.00636834
36 0.942601 0.17945 0.0891142 0.0373545 0.00600746
0 0.652404 0.0207604 0.0575267 0.0127902 0.0058277
0 0.324274 0.0325013 0.0411544 0.0168422 0.00579453
36 0.402076 0.725057 0.068691 0.056625 0.00577733
36 0.945337 0.0400026 0.0573542 0.0750471 0.00557154
36 0.585667 0.71208 0.316817 0.105614 0.00555328
36 0.637671 0.73552 0.212367 0.058041 0.00547859
0 0.153988 0.0598403 0.0352372 0.0158369 0.00544855
36 0.652404 0.0207604 0.0575267 0.0127902 0.00488222
0 0.781966 0.00725283 0.026813 0.013284 0.0048663
0 0.527171 0.00546682 0.0538307 0.0109336 0.00476661
0 0.506097 0.0451857 0.0351285 0.0146743 0.00446221
0 0.516873 0.00598952 0.0388265 0.0117787 0.00432014
36 0.95202 0.0442411 0.0458112 0.0643182 0.00404564
36 0.666909 0.0199557 0.0294467 0.0105494 0.0040451
36 0.646717 0.0217073 0.0703269 0.0161414 0.00391313
0 0.94283 0.0883295 0.06892 0.164902 0.00375241
0 0.513092 0.00824993 0.0434284 0.015792 0.00352702
36 0.953431 0.102632 0.0931376 0.155465 0.00329134
0 0.903391 0.0842038 0.0366851 0.0577834 0.00319991
36 0.67983 0.735485 0.125577 0.057436 0.00303063
0 0.88457 0.0351747 0.152837 0.0703294 0.00291771
0 0.517854 0.0435015 0.0283029 0.0112602 0.00280476
0 0.166232 0.0536391 0.0398926 0.021596 0.00272998
0 0.82269 0.00663135 0.0231163 0.0127597 0.00272435
0 0.13444 0.0629971 0.051421 0.0200782 0.00268438
0 0.0204197 0.0802404 0.0403647 0.0340026 0.00267696
0 0.535212 0.00497277 0.0485422 0.00994554 0.00250295
0 0.885649 0.0541552 0.154618 0.107432 0.00247976
0 0.512061 0.047999 0.0238592 0.020019 0.00239328
2 0.646763 0.0216201 0.0710215 0.0164164 0.00225931
36 0.937859 0.032515 0.0571808 0.0642882 0.00209174
0 0.279078 0.0401282 0.0239916 0.0157211 0.00202504
0 0.241589 0.048503 0.0442102 0.0209453 0.00183067
2 0.652404 0.0207604 0.0575267 0.0127902 0.00172517
0 0.955025 0.143101 0.0870581 0.0801427 0.00171664
36 0.934337 0.186527 0.0703199 0.0252292 0.00166383
36 0.954524 0.118282 0.0886564 0.108191 0.00164872
0 0.0425552 0.0745465 0.0444639 0.0206665 0.00159243
36 0.550407 0.704944 0.214294 0.0977184 0.00158623
0 0.0215213 0.115651 0.042826 0.0439507 0.00155154
14 0.666909 0.0199557 0.0294467 0.0105494 0.00144756
2 0.666909 0.0199557 0.0294467 0.0105494 0.00142893
31 0.588259 0.732768 0.308954 0.0664382 0.00135231
36 0.93223 0.0152628 0.0456154 0.0297349 0.00133604
0 0.121783 0.0573283 0.0967075 0.0367055 0.00133532
0 0.915468 0.0571885 0.104003 0.11385 0.00133297
36 0.906137 0.0851935 0.049321 0.0597428 0.00132164
0 0.324766 0.0286653 0.0501958 0.0267027 0.00121334
2 0.323067 0.0344043 0.0354627 0.0143705 0.00120968
0 0.186077 0.0526432 0.0650371 0.0232539 0.00120884
0 0.809356 0.0248577 0.0787424 0.0493367 0.00120124
0 0.297262 0.0375358 0.0531988 0.0204463 0.00110891
13 0.553542 0.735077 0.374 0.0726666 0.00110331
32 0.513578 0.0431217 0.0195047 0.0102539 0.00109255
31 0.954629 0.165239 0.0859309 0.0308043 0.00107929
36 0.55453 0.737258 0.370049 0.0802847 0.00107694
36 0.831639 0.0278777 0.0466031 0.0496713 0.00104797
13 0.955025 0.143101 0.0870581 0.0801427 0.00104672
0 0.880359 0.0619575 0.096174 0.105979 0.00104189
36 0.538857 0.730967 0.203938 0.0599278 0.00103593
30 0.646717 0.0217073 0.0703269 0.0161414 0.00101197
0 0.953431 0.102632 0.0931376 0.155465 0.00100842
