0 0.664995 0.489814 0.667303 0.979629 0.968378
0 0.197249 0.565242 0.391855 0.597382 0.934165
0 0.586483 0.0977177 0.117078 0.194243 0.877775
0 0.493804 0.146698 0.197335 0.289378 0.868837
0 0.101092 0.177255 0.201296 0.348125 0.825272
0 0.274676 0.0909544 0.14114 0.175296 0.749883
53 0.472643 0.897827 0.527871 0.187896 0.729707
0 0.374935 0.0898471 0.113553 0.178234 0.711047
0 0.22856 0.0545866 0.0419895 0.108671 0.622053
56 0.322054 0.366017 0.092854 0.153466 0.616322
41 0.269739 0.187553 0.0293925 0.0489011 0.602536
41 0.303013 0.184747 0.0297733 0.0367465 0.568962
41 0.342565 0.184175 0.0272432 0.0322407 0.538156
56 0.423247 0.335129 0.0970878 0.109767 0.520369
42 0.537404 0.928511 0.153211 0.132652 0.516773
56 0.439475 0.406638 0.133703 0.254119 0.465593
43 0.106291 0.931054 0.0956411 0.136673 0.446218
56 0.0338631 0.464213 0.067266 0.357235 0.440008
41 0.370042 0.182298 0.026561 0.0397249 0.421217
0 0.661228 0.0833496 0.0539078 0.165268 0.414918
43 0.537029 0.928066 0.15304 0.132557 0.372874
0 0.630623 0.0275344 0.0436827 0.0539253 0.358472
41 0.637233 0.176713 0.0251698 0.0369522 0.326032
41 0.23038 0.115627 0.0138197 0.041172 0.317494
0 0.363534 0.051695 0.0538764 0.101327 0.277134
41 0.211786 0.1964 0.0344519 0.0368731 0.264837
60 0.307934 0.22929 0.191798 0.090423 0.243205
60 0.445533 0.901261 0.88766 0.172564 0.223548
60 0.14063 0.909298 0.27812 0.163388 0.217167
60 0.293578 0.215951 0.217622 0.116958 0.21431
0 0.304564 0.041174 0.0484538 0.082348 0.21242
53 0.384813 0.900128 0.354833 0.187259 0.190879
0 0.648275 0.0832437 0.0777763 0.165556 0.178149
0 0.954973 0.142721 0.0897741 0.278682 0.174443
0 0.314862 0.0424843 0.062237 0.0849513 0.1698
43 0.439379 0.871217 0.0312702 0.232306 0.159715
42 0.439379 0.871217 0.0312702 0.232306 0.156751
42 0.622943 0.877875 0.261791 0.217297 0.153341
41 0.664061 0.179171 0.0337143 0.0278578 0.13179
60 0.297494 0.238046 0.212901 0.146476 0.130435
60 0.841839 0.957312 0.263309 0.0814968 0.130405
53 0.333614 0.902579 0.249993 0.178987 0.126449
60 0.230927 0.214713 0.0791002 0.073716 0.111966
56 0.664272 0.179247 0.0332506 0.0292741 0.109162
60 0.277817 0.205584 0.17245 0.0891567 0.102805
39 0.637765 0.176534 0.024432 0.0368862 0.100342
53 0.599719 0.930939 0.282433 0.128795 0.0983898
0 0.381894 0.0688247 0.0890673 0.136759 0.0967256
43 0.632612 0.870458 0.243669 0.203857 0.091876
60 0.300558 0.279529 0.208649 0.195845 0.0882508
56 0.329463 0.460931 0.105422 0.338795 0.0881006
60 0.531221 0.884536 0.892447 0.21216 0.0849349
60 0.215996 0.21288 0.128956 0.0782546 0.0786697
56 0.488734 0.499715 0.0413562 0.0730988 0.0756036
41 0.161898 0.213694 0.0178519 0.0451194 0.0713557
0 0.188436 0.0701379 0.067254 0.128479 0.06992
56 0.294192 0.364832 0.150131 0.159611 0.0690357
42 0.643941 0.849985 0.221694 0.162469 0.0687893
0 0.232325 0.0259499 0.0333264 0.0508073 0.0596424
60 0.286676 0.195149 0.242368 0.176181 0.0568878
0 0.326991 0.0415634 0.0446362 0.0822302 0.0563346
41 0.361388 0.182836 0.0430771 0.0374415 0.0533565
43 0.539106 0.900163 0.152021 0.0791899 0.0468128
0 0.195404 0.10128 0.0563584 0.0865488 0.0462346
0 0.230363 0.0403504 0.0380877 0.0790647 0.0453672
60 0.302132 0.282781 0.204029 0.131656 0.0441691
42 0.492233 0.940769 0.063123 0.109331 0.0417815
43 0.436803 0.857552 0.0257369 0.196177 0.0416341
41 0.27401 0.174294 0.0263747 0.0564745 0.0409534
0 0.197649 0.11539 0.0524301 0.101003 0.0382691
0 0.100888 0.333094 0.201041 0.65991 0.03777
44 0.643941 0.849985 0.221694 0.162469 0.0364191
53 0.581537 0.89101 0.770402 0.200634 0.0360828
0 0.0371509 0.0781716 0.0732517 0.154178 0.0354841
44 0.106202 0.93103 0.0956903 0.13602 0.0338148
42 0.672494 0.838555 0.164725 0.140622 0.0333856
60 0.2282 0.198493 0.0729044 0.0434743 0.0332568
41 0.369901 0.190003 0.0288445 0.0515011 0.0312504
60 0.426101 0.862047 0.848315 0.252888 0.0304416
41 0.167502 0.214988 0.0267849 0.0464238 0.0304327
40 0.636617 0.177053 0.0260599 0.036312 0.0294606
42 0.104378 0.931485 0.0979589 0.13525 0.0288998
60 0.292113 0.23591 0.127055 0.0750588 0.0287225
42 0.43518 0.837692 0.0215187 0.160837 0.0285987
0 0.390343 0.0846679 0.0852048 0.165648 0.0282667
0 0.0230096 0.0779526 0.0453987 0.153413 0.0280115
60 0.22828 0.229529 0.0715533 0.0451885 0.0263673
0 0.337303 0.0423068 0.0622354 0.0837307 0.0262985
42 0.436803 0.857552 0.0257369 0.196177 0.0260433
0 0.637303 0.0867612 0.0574639 0.172193 0.0258945
60 0.225083 0.204136 0.159737 0.10075 0.0238441
0 0.258665 0.0734894 0.0908424 0.142372 0.0223842
0 0.630714 0.046231 0.0476521 0.0921549 0.0222076
60 0.683993 0.951085 0.560059 0.0890844 0.0218534
56 0.637233 0.176713 0.0251698 0.0369522 0.0218304
43 0.444426 0.905406 0.028132 0.174673 0.0218064
0 0.196753 0.0789977 0.0602388 0.146556 0.0215562
44 0.439379 0.871217 0.0312702 0.232306 0.0212608
44 0.622943 0.877875 0.261791 0.217297 0.0209675
0 0.667707 0.0326343 0.0427137 0.0636439 0.0201344
41 0.302756 0.175146 0.0321867 0.0533294 0.0187254
40 0.370042 0.182298 0.026561 0.0397249 0.0185065
56 0.401038 0.456938 0.206683 0.355065 0.0184496
56 0.03489 0.421871 0.0675734 0.252964 0.0182818
45 0.211264 0.19644 0.0343682 0.0367536 0.0170629
43 0.643818 0.844427 0.221267 0.151221 0.0170401
0 0.27635 0.0415183 0.0755563 0.0819416 0.0167727
60 0.159818 0.218326 0.251468 0.097695 0.0165204
43 0.202115 0.120098 0.0343315 0.0290997 0.0165149
56 0.267305 0.362645 0.0667029 0.139118 0.0163664
42 0.68903 0.817853 0.126759 0.0951331 0.0163509
0 0.298235 0.035452 0.0500416 0.0705642 0.015891
60 0.664653 0.179126 0.0333612 0.028132 0.0158738
0 0.362316 0.0671391 0.049454 0.0842221 0.0149294
60 0.5616 0.927763 0.828949 0.125932 0.0145941
0 0.647237 0.0312357 0.078562 0.0620351 0.0142851
0 0.273529 0.069544 0.128867 0.13776 0.0141515
67 0.200884 0.119078 0.0358755 0.0298785 0.0141284
56 0.63666 0.143325 0.0210015 0.103366 0.0138528
41 0.282863 0.147608 0.0212388 0.0406955 0.0135818
56 0.200826 0.354448 0.337526 0.172732 0.0134499
40 0.230382 0.115661 0.0144193 0.0416787 0.0132101
56 0.270195 0.426674 0.203417 0.276495 0.0127776
41 0.370256 0.17058 0.0281272 0.0507874 0.0127424
41 0.175977 0.233097 0.0432003 0.0849333 0.0125879
56 0.575617 0.140916 0.0423107 0.104184 0.0122087
43 0.43518 0.837692 0.0215187 0.160837 0.0119036
43 0.0779771 0.930258 0.152548 0.138821 0.011718
44 0.536568 0.928256 0.154125 0.131167 0.0115487
44 0.68903 0.817853 0.126759 0.0951331 0.0114202
56 0.661451 0.1093 0.0512571 0.111845 0.0110598
56 0.102938 0.488279 0.204669 0.421755 0.0107797
60 0.36505 0.230291 0.0745647 0.082756 0.0107121
42 0.00509213 0.900955 0.00982085 0.0876541 0.0106068
0 0.202458 0.119985 0.0704901 0.124884 0.0101047
0 0.3626 0.0350574 0.0482703 0.0689672 0.00989604
42 0.0779771 0.930258 0.152548 0.138821 0.00986999
0 0.255881 0.0492007 0.0862346 0.09777 0.00932986
56 0.955598 0.245699 0.0872307 0.0753271 0.00919527
60 0.25449 0.146237 0.11483 0.0671196 0.00918433
60 0.273041 0.241813 0.274431 0.175294 0.00904208
41 0.0305856 0.972666 0.0602595 0.0536214 0.0088816
0 0.956453 0.241128 0.0863606 0.0832045 0.00882822
44 0.672494 0.838555 0.164725 0.140622 0.00873625
44 0.43518 0.837692 0.0215187 0.160837 0.00868127
0 0.648472 0.0472385 0.0798597 0.094477 0.00866196
40 0.34222 0.18342 0.0256379 0.0313449 0.0085724
40 0.269156 0.187224 0.0297393 0.0497462 0.00838989
0 0.355437 0.0404483 0.0377604 0.0791899 0.00837344
45 0.194952 0.199982 0.0820032 0.0427363 0.0082401
60 0.242292 0.173755 0.100216 0.0842274 0.00803548
56 0.636542 0.129937 0.017403 0.0753622 0.00797981
42 0.200884 0.119078 0.0358755 0.0298785 0.00788459
60 0.222116 0.193785 0.057735 0.0434918 0.00760514
56 0.421777 0.530488 0.198409 0.521769 0.00755692
41 0.178647 0.210033 0.048354 0.039633 0.00720209
0 0.377065 0.0287066 0.0280494 0.0560257 0.0071854
53 0.384441 0.89625 0.764122 0.186609 0.00689709
60 0.329204 0.327584 0.185135 0.148899 0.00687039
41 0.256316 0.200329 0.0566912 0.0837916 0.00680539
43 0.556117 0.893391 0.113497 0.0832893 0.0067606
41 0.276095 0.148766 0.0369704 0.0439197 0.00662267
0 0.244089 0.046756 0.065909 0.0931468 0.00657541
53 0.483187 0.901163 0.136818 0.197675 0.00653291
0 0.242129 0.0303709 0.0590355 0.0607418 0.00649706
45 0.2225 0.195918 0.0606005 0.0388102 0.0064913
0 0.823684 0.14327 0.350265 0.278675 0.00648099
40 0.302823 0.184953 0.0296425 0.0367108 0.00642899
42 0.721065 0.797679 0.0674436 0.0593263 0.00634697
41 0.235638 0.113177 0.0239139 0.0451906 0.00629538
44 0.436803 0.857552 0.0257369 0.196177 0.00624004
0 0.360106 0.087961 0.0552319 0.122087 0.00617597
55 0.471374 0.899232 0.526304 0.187367 0.0059661
42 0.504184 0.934587 0.0831609 0.106795 0.00590095
0 0.44258 0.408283 0.130944 0.260107 0.00589368
41 0.0290614 0.92781 0.0579001 0.144381 0.00587824
42 0.444766 0.904178 0.0266526 0.167655 0.00584874
60 0.207366 0.224194 0.109602 0.0699134 0.00584126
40 0.282863 0.147608 0.0212388 0.0406955 0.00578538
0 0.349999 0.127446 0.0723278 0.119187 0.00576955
56 0.329641 0.530998 0.121505 0.251359 0.00573581
0 0.325204 0.0995687 0.207879 0.197481 0.00564611
45 0.471081 0.898748 0.523485 0.187159 0.00557983
0 0.117176 0.0736814 0.222652 0.145492 0.00552818
56 0.354568 0.638551 0.0619088 0.104574 0.00549105
42 0.581993 0.887229 0.062406 0.0501237 0.00547969
56 0.345026 0.325848 0.127827 0.122019 0.00538877
43 0.667782 0.835644 0.173653 0.13361 0.00538161
56 0.249669 0.344701 0.251961 0.171451 0.00535548
60 0.194952 0.199982 0.0820032 0.0427363 0.00535429
56 0.151178 0.47266 0.299238 0.407101 0.00526315
0 0.187904 0.0925169 0.0686357 0.0831232 0.00516352
43 0.580672 0.88651 0.0647425 0.0522502 0.0051201
56 0.595457 0.144271 0.0762835 0.103504 0.00501782
56 0.655036 0.596487 0.423985 0.401876 0.00495672
0 0.0346082 0.504811 0.0691809 0.429939 0.00486097
40 0.664653 0.179126 0.0333612 0.028132 0.00473246
0 0.177811 0.081222 0.0921166 0.150276 0.00471118
42 0.00883859 0.926181 0.0172368 0.147025 0.00470933
60 0.229386 0.137761 0.0636209 0.0817029 0.00468174
56 0.0421445 0.503149 0.0829087 0.43158 0.00467655
56 0.328344 0.333608 0.0801119 0.0866067 0.00461221
60 0.423218 0.335843 0.095568 0.113057 0.00460118
60 0.319261 0.259403 0.212971 0.0964054 0.00452891
56 0.236625 0.154407 0.0726966 0.0512624 0.00449172
44 0.0779771 0.930258 0.152548 0.138821 0.00447327
41 0.372783 0.176916 0.040158 0.0366674 0.00441629
41 0.216649 0.113674 0.0241997 0.0373808 0.00440514
41 0.391331 0.130615 0.0384752 0.0662845 0.00438178
0 0.385763 0.110543 0.0690046 0.110095 0.00431493
39 0.23038 0.115627 0.0138197 0.041172 0.0042761
44 0.202115 0.120098 0.0343315 0.0290997 0.00425795
43 0.201312 0.115705 0.0413327 0.0371277 0.00420278
56 0.622609 0.173659 0.0556777 0.0444754 0.00410554
0 0.19736 0.102666 0.0496221 0.0624668 0.00406453
26 0.19736 0.102666 0.0496221 0.0624668 0.004058
56 0.355175 0.608547 0.0563999 0.040109 0.00400183
43 0.443724 0.824544 0.0523886 0.320471 0.00397664
56 0.329204 0.327584 0.185135 0.148899 0.0039469
41 0.195394 0.195933 0.0745573 0.0408688 0.00392526
60 0.287353 0.150282 0.255246 0.276804 0.00387961
42 0.443724 0.824544 0.0523886 0.320471 0.00385049
60 0.236625 0.154407 0.0726966 0.0512624 0.00380608
60 0.95572 0.245973 0.0870996 0.0740459 0.00375986
39 0.370008 0.183769 0.0277824 0.0391038 0.0037345
56 0.660748 0.172949 0.0403753 0.0405464 0.00373
45 0.581537 0.89101 0.770402 0.200634 0.00370759
45 0.342565 0.184175 0.0272432 0.0322407 0.00370315
40 0.361388 0.182836 0.0430771 0.0374415 0.00368959
41 0.3902 0.176683 0.0183988 0.028021 0.00368804
41 0.215454 0.194912 0.0439649 0.0436221 0.00365555
56 0.396782 0.410203 0.194608 0.261351 0.0036549
43 0.680518 0.820096 0.145216 0.0997403 0.00359514
0 0.100618 0.453391 0.199708 0.454017 0.00357246
56 0.624715 0.136094 0.0424211 0.108494 0.00355694
0 0.288848 0.113717 0.117079 0.0956817 0.00352085
42 0.0248399 0.92422 0.04936 0.151561 0.00348848
56 0.584764 0.141184 0.0593393 0.111562 0.00348544
43 0.543032 0.919563 0.153872 0.0866048 0.00346699
45 0.370008 0.183769 0.0277824 0.0391038 0.00342277
48 0.471374 0.899232 0.526304 0.187367 0.00341591
56 0.346323 0.544318 0.0964419 0.332492 0.00340641
0 0.280377 0.0782579 0.096847 0.151522 0.00337759
0 0.661451 0.1093 0.0512571 0.111845 0.00336993
42 0.0301956 0.972071 0.0598278 0.0550786 0.00336045
56 0.351215 0.583522 0.0646066 0.0980645 0.00334433
56 0.651615 0.174386 0.0594038 0.0396118 0.0033139
0 0.382364 0.0331258 0.061442 0.0648643 0.00329146
60 0.215895 0.118428 0.0428245 0.0372726 0.00327632
43 0.601429 0.929752 0.287034 0.129497 0.00317514
0 0.408606 0.0529004 0.0448729 0.104063 0.00315058
39 0.664272 0.179247 0.0332506 0.0292741 0.00313401
43 0.464521 0.740014 0.0315233 0.109667 0.00312123
39 0.370256 0.17058 0.0281272 0.0507874 0.00309479
56 0.0414278 0.44161 0.0593612 0.181397 0.00306326
0 0.932319 0.143493 0.134308 0.272073 0.00302938
40 0.213662 0.194819 0.0360128 0.0357158 0.00300577
42 0.539106 0.900163 0.152021 0.0791899 0.0030022
56 0.24915 0.324499 0.0756681 0.0812956 0.0030013
42 0.430422 0.866425 0.0521262 0.244616 0.00299403
0 0.226737 0.0700847 0.0390495 0.087713 0.0029144
56 0.43708 0.54265 0.236336 0.630276 0.00291348
45 0.664653 0.179126 0.0333612 0.028132 0.00289768
60 0.695018 0.922541 0.537907 0.143123 0.00288504
56 0.577844 0.507463 0.451312 0.574185 0.00287354
53 0.422869 0.8595 0.812121 0.260399 0.00285682
60 0.213662 0.194819 0.0360128 0.0357158 0.00284994
39 0.304371 0.041363 0.0481053 0.0799186 0.0028258
56 0.46729 0.444012 0.0862568 0.340974 0.0028224
56 0.171219 0.501693 0.342437 0.309648 0.00281841
56 0.659952 0.151231 0.0378783 0.0311063 0.00278243
67 0.201312 0.115705 0.0413327 0.0371277 0.002776
53 0.439511 0.876007 0.0361565 0.23203 0.00275552
56 0.360382 0.655998 0.0519427 0.116156 0.00269374
56 0.609066 0.143358 0.0684745 0.106918 0.00268885
39 0.63666 0.143325 0.0210015 0.103366 0.00268623
39 0.282863 0.147608 0.0212388 0.0406955 0.00267935
40 0.369901 0.190003 0.0288445 0.0515011 0.00267431
60 0.338822 0.284605 0.330087 0.236913 0.00261253
60 0.471303 0.918147 0.557779 0.162228 0.00260454
56 0.324449 0.592461 0.138 0.32336 0.0025996
40 0.37276 0.165892 0.0310299 0.0427329 0.00258893
0 0.397651 0.0620736 0.0691582 0.121342 0.00257966
39 0.269156 0.187224 0.0297393 0.0497462 0.00256097
26 0.322171 0.370022 0.0941216 0.161109 0.00256079
76 0.438954 0.86982 0.0296047 0.225884 0.0025326
43 0.494408 0.936422 0.066006 0.106655 0.00249207
56 0.175977 0.233097 0.0432003 0.0849333 0.0024727
40 0.0302522 0.972273 0.0597527 0.0550215 0.0024527
60 0.677199 0.179631 0.0628144 0.0292592 0.00242966
41 0.2225 0.195918 0.0606005 0.0388102 0.00238696
56 0.343153 0.551064 0.0794807 0.163171 0.00236964
40 0.256316 0.200329 0.0566912 0.0837916 0.00236186
60 0.637233 0.176713 0.0251698 0.0369522 0.00231168
26 0.201312 0.115705 0.0413327 0.0371277 0.0023036
56 0.618805 0.54051 0.564984 0.304282 0.00230145
60 0.297724 0.219002 0.118464 0.10557 0.0022859
41 0.287673 0.148932 0.023252 0.0380754 0.00228301
56 0.609156 0.170608 0.0492882 0.0521205 0.00226924
60 0.313939 0.297959 0.183827 0.0796504 0.00223914
