53 0.513339 0.525223 0.96227 0.878294 0.941346
0 0.180404 0.207231 0.359103 0.411788 0.732677
41 0.0307275 0.586276 0.0607567 0.373736 0.384061
56 0.924682 0.0950836 0.0869091 0.186179 0.330357
56 0.772697 0.0662728 0.0638219 0.130778 0.315516
0 0.17944 0.385794 0.358174 0.766789 0.255808
41 0.0312243 0.68196 0.0624485 0.184323 0.173506
60 0.190132 0.857483 0.378846 0.263186 0.109911
56 0.853023 0.0948218 0.226311 0.185791 0.108014
41 0.839604 0.896086 0.19361 0.2022 0.105037
60 0.95791 0.253409 0.0838425 0.234809 0.102969
56 0.819652 0.0914581 0.158252 0.181311 0.0943392
60 0.554851 0.525412 0.889947 0.914872 0.0891738
60 0.482453 0.851361 0.962404 0.273247 0.0659599
41 0.869412 0.824533 0.255017 0.345236 0.0630438
41 0.869559 0.881886 0.258761 0.227895 0.0590727
56 0.944316 0.0937367 0.110405 0.18517 0.0465136
60 0.957449 0.313298 0.0844772 0.35437 0.0440775
42 0.337619 0.960454 0.110118 0.0562675 0.0365875
0 0.847341 0.0943247 0.0985273 0.184972 0.0349026
60 0.643417 0.812249 0.710914 0.355362 0.0343698
39 0.868156 0.825353 0.255055 0.340956 0.0282156
56 0.846976 0.0952343 0.0988338 0.18729 0.0277714
56 0.911955 0.0843687 0.0589046 0.155068 0.0265263
39 0.838979 0.897708 0.191981 0.199129 0.0262887
42 0.965155 0.897206 0.068425 0.10727 0.0254965
60 0.562497 0.937342 0.381748 0.109302 0.024953
60 0.405155 0.508663 0.806984 0.950571 0.0237871
39 0.84806 0.0947927 0.0997448 0.186239 0.0219662
60 0.190457 0.709952 0.380076 0.556719 0.018208
60 0.95824 0.530405 0.0819313 0.784705 0.017398
39 0.0307275 0.586276 0.0607567 0.373736 0.0150712
60 0.556263 0.0618366 0.288782 0.119846 0.0142834
56 0.371707 0.0530241 0.0909879 0.104332 0.013877
41 0.933505 0.720251 0.0948961 0.113383 0.0132878
56 0.957908 0.255093 0.0834827 0.236157 0.0129622
60 0.535557 0.759445 0.928679 0.454016 0.0126742
41 0.964438 0.86746 0.0699184 0.161457 0.0119614
41 0.939718 0.889832 0.119302 0.213417 0.0110141
41 0.117948 0.395968 0.234315 0.752151 0.0107208
56 0.957449 0.313298 0.0844772 0.35437 0.0102444
41 0.847341 0.0943247 0.0985273 0.184972 0.00943306
60 0.115523 0.856074 0.229247 0.262099 0.00908333
39 0.863797 0.878086 0.245588 0.235971 0.00897658
42 0.963127 0.861454 0.0737467 0.157732 0.0085035
60 0.476534 0.668928 0.949234 0.636903 0.00842333
60 0.609676 0.897859 0.761258 0.186479 0.00770885
40 0.868156 0.825353 0.255055 0.340956 0.0075033
56 0.618365 0.0362595 0.061968 0.071121 0.00733072
41 0.926622 0.814751 0.143606 0.335957 0.00732172
41 0.93679 0.726377 0.109499 0.163683 0.00688058
42 0.982755 0.884314 0.0344908 0.0830246 0.00679085
56 0.957223 0.396518 0.0846987 0.515166 0.00591081
41 0.0201453 0.569778 0.0401404 0.376855 0.00574881
0 0.950806 0.0915278 0.0971737 0.182839 0.00564218
60 0.957223 0.396518 0.0846987 0.515166 0.00555736
56 0.926486 0.103909 0.0753792 0.147764 0.00552505
53 0.589835 0.24596 0.333645 0.314681 0.00540078
42 0.939868 0.965187 0.118169 0.0696266 0.00537655
41 0.943283 0.537279 0.112707 0.80838 0.00500432
56 0.663517 0.0546743 0.151529 0.10831 0.00469211
56 0.555267 0.0576171 0.287209 0.112208 0.00453281
40 0.0307889 0.584478 0.0606613 0.376195 0.00451621
60 0.958119 0.205661 0.0833117 0.117147 0.00426334
41 0.0111733 0.571395 0.0218916 0.253412 0.00424546
0 0.820226 0.0940066 0.158589 0.186825 0.00417346
43 0.965219 0.894461 0.0684509 0.113735 0.00415656
40 0.869251 0.881638 0.256213 0.23021 0.00412491
0 0.179805 0.08962 0.359282 0.176492 0.00399077
0 0.981517 0.076137 0.0366974 0.147977 0.00398776
41 0.924105 0.807175 0.108946 0.0830944 0.00394249
43 0.98127 0.881172 0.0373644 0.0764351 0.00389546
41 0.943049 0.95515 0.112609 0.088577 0.00387791
56 0.90493 0.0993352 0.0656731 0.183957 0.0037646
53 0.41949 0.68572 0.555555 0.559651 0.00374821
40 0.0312243 0.68196 0.0624485 0.184323 0.0036349
41 0.678771 0.815081 0.640344 0.353233 0.00358957
40 0.839099 0.896349 0.191153 0.199389 0.00354391
42 0.96545 0.839379 0.0689348 0.103295 0.00333068
39 0.0312243 0.68196 0.0624485 0.184323 0.00309047
56 0.949312 0.103524 0.0349964 0.164119 0.00306863
40 0.94114 0.892091 0.116888 0.21036 0.00302076
43 0.337409 0.960051 0.109116 0.0592901 0.00292993
42 0.970151 0.832598 0.0595379 0.0804459 0.00292063
56 0.706677 0.0587476 0.0855581 0.115785 0.00291348
56 0.685056 0.0561352 0.0952802 0.111541 0.00287333
60 0.855783 0.0949341 0.234399 0.183635 0.00280756
0 0.882791 0.0950217 0.174364 0.188621 0.00270525
44 0.964319 0.884089 0.0712193 0.132347 0.00267833
41 0.916262 0.821127 0.12795 0.109823 0.00266317
56 0.627234 0.040473 0.0541904 0.0804602 0.00260511
41 0.0312267 0.708698 0.0617919 0.128036 0.00255334
42 0.939362 0.951209 0.120672 0.095665 0.00246194
41 0.698284 0.950772 0.106411 0.0955805 0.00243676
39 0.678771 0.815081 0.640344 0.353233 0.00241461
60 0.189036 0.523764 0.375999 0.917976 0.00239107
41 0.0314219 0.587946 0.0628438 0.367791 0.00236508
41 0.866889 0.558197 0.266222 0.862212 0.00230482
40 0.678771 0.815081 0.640344 0.353233 0.00228101
0 0.0773297 0.0858321 0.153796 0.168206 0.00227931
60 0.10572 0.771617 0.20964 0.440628 0.00226367
42 0.92176 0.754927 0.0673849 0.0498077 0.00225213
41 0.0255774 0.612139 0.0507444 0.260383 0.00209439
42 0.926743 0.762818 0.0947277 0.0583445 0.00208846
39 0.926622 0.814751 0.143606 0.335957 0.00208136
42 0.975309 0.898982 0.0491608 0.0980232 0.0018242
41 0.941791 0.739921 0.115709 0.235394 0.00181949
41 0.938352 0.653541 0.120261 0.341099 0.00180709
40 0.924962 0.553898 0.149671 0.844964 0.00178623
0 0.957772 0.254394 0.0837166 0.235076 0.00176477
53 0.686539 0.656053 0.370557 0.505104 0.00176123
56 0.758525 0.0665583 0.0931461 0.132203 0.00176111
42 0.925649 0.72929 0.0774124 0.094463 0.0016931
60 0.210946 0.816116 0.41745 0.341441 0.00166669
39 0.939718 0.889832 0.119302 0.213417 0.00164753
0 0.439942 0.502657 0.873144 0.942617 0.00162089
0 0.0828618 0.200449 0.164128 0.394568 0.00159195
43 0.963127 0.861454 0.0737467 0.157732 0.00159094
42 0.310868 0.958503 0.166623 0.067077 0.00158754
40 0.926622 0.814751 0.143606 0.335957 0.00157753
42 0.934151 0.719761 0.0959459 0.115062 0.00157127
60 0.466135 0.926768 0.646483 0.128552 0.00156951
56 0.720704 0.06111 0.0668701 0.12168 0.00156692
39 0.117948 0.395968 0.234315 0.752151 0.00155956
40 0.93865 0.717815 0.0970827 0.121715 0.00154123
40 0.946599 0.492732 0.105636 0.720965 0.0015386
42 0.952457 0.922981 0.0950863 0.147829 0.00150472
0 0.504623 0.0538764 0.35952 0.105955 0.00149947
0 0.297539 0.075327 0.126992 0.14786 0.00148445
0 0.685826 0.0526784 0.0951682 0.10504 0.00147834
41 0.956831 0.856507 0.0862267 0.191928 0.00147542
42 0.968082 0.912268 0.0636192 0.0747688 0.00147465
0 0.372377 0.0528887 0.0916582 0.103796 0.00147167
53 0.536737 0.683789 0.811227 0.559679 0.00144741
56 0.981071 0.0927693 0.0366791 0.151274 0.00141904
40 0.962797 0.87012 0.0738422 0.15711 0.00141546
0 0.532145 0.0518426 0.235583 0.10213 0.00141498
56 0.959956 0.0814489 0.0793333 0.162539 0.00139603
41 0.965281 0.895986 0.0690865 0.112151 0.00138989
60 0.924333 0.539495 0.151334 0.830206 0.00138843
56 0.385148 0.053916 0.0641201 0.10317 0.00138631
53 0.296182 0.317011 0.439008 0.366593 0.00134295
0 0.667083 0.0565718 0.148493 0.111821 0.00127709
75 0.0314465 0.580171 0.0617356 0.383881 0.0012598
42 0.978889 0.860972 0.0422219 0.103618 0.00125474
60 0.870792 0.820257 0.256033 0.343106 0.00125247
41 0.939859 0.589828 0.117526 0.50745 0.00123778
0 0.703671 0.0552423 0.0808688 0.10983 0.00122851
41 0.957223 0.396518 0.0846987 0.515166 0.00121924
41 0.0334244 0.574308 0.0668487 0.403126 0.00120702
56 0.953334 0.121064 0.0297216 0.122173 0.00118974
42 0.351054 0.962359 0.142457 0.0710831 0.00116765
39 0.924962 0.553898 0.149671 0.844964 0.00116608
56 0.943867 0.093063 0.0508209 0.179692 0.00115621
41 0.820226 0.0940066 0.158589 0.186825 0.00114232
40 0.0201453 0.569778 0.0401404 0.376855 0.00111344
42 0.926248 0.800674 0.104261 0.0718213 0.00110534
41 0.912934 0.667225 0.167149 0.293724 0.00107828
44 0.98127 0.881172 0.0373644 0.0764351 0.00107267
41 0.883708 0.754314 0.217361 0.219173 0.00106511
45 0.93865 0.717815 0.0970827 0.121715 0.00106379
39 0.946599 0.492732 0.105636 0.720965 0.00105858
56 0.60506 0.0284944 0.0452436 0.0556618 0.00105107
53 0.677554 0.570775 0.357805 0.328481 0.0010438
75 0.946599 0.492732 0.105636 0.720965 0.00104123
40 0.866889 0.558197 0.266222 0.862212 0.00102183
45 0.964438 0.86746 0.0699184 0.161457 0.00101042
