0 0.362556 0.499665 0.246116 0.652426 0.89632
38 0.524718 0.492321 0.132265 0.156033 0.801541
32 0.570591 0.507448 0.018553 0.0266874 0.0545631
32 0.403994 0.258435 0.0164839 0.04106 0.0119562
38 0.337163 0.436376 0.0364879 0.119632 0.00405082
38 0.509397 0.456998 0.166038 0.106093 0.00299948
38 0.333046 0.427007 0.033114 0.105288 0.00298923
32 0.574833 0.512056 0.0301163 0.0398065 0.00244847
38 0.350687 0.467927 0.0636625 0.200235 0.00188977
32 0.56545 0.53262 0.0494226 0.0712782 0.00179875
38 0.540299 0.502211 0.102652 0.141051 0.00179428
38 0.332284 0.395446 0.036823 0.169924 0.00179422
38 0.506625 0.478037 0.173007 0.188832 0.0015775
38 0.346576 0.447038 0.0521213 0.151674 0.00119436
38 0.349925 0.429411 0.0637622 0.120538 0.00103399
38 0.321887 0.393874 0.0559639 0.169782 0.00102982
