0 0.929908 0.673291 0.0259029 0.0534419 0.596505
0 0.695506 0.592734 0.0161057 0.0742011 0.501254
0 0.756895 0.622691 0.0154016 0.0608138 0.500421
0 0.817845 0.706791 0.028191 0.111513 0.47758
0 0.816925 0.693628 0.023101 0.0807627 0.443588
0 0.860291 0.617617 0.0166756 0.0339705 0.363416
13 0.730713 0.717838 0.0647604 0.0879864 0.302613
0 0.572063 0.510813 0.0123892 0.0374619 0.289468
13 0.61384 0.663217 0.0545923 0.0650969 0.275437
8 0.0536998 0.161473 0.0670778 0.190648 0.242549
0 0.821247 0.759612 0.0329075 0.086124 0.232657
16 0.86377 0.741924 0.0393456 0.0613931 0.218314
0 0.570663 0.515569 0.0117191 0.0427438 0.206548
16 0.862829 0.731221 0.035865 0.0402101 0.172606
0 0.95057 0.667089 0.0177456 0.0311322 0.167155
0 0.485204 0.507014 0.01049 0.0208472 0.166832
17 0.86377 0.741924 0.0393456 0.0613931 0.14634
0 0.864567 0.744746 0.0440228 0.0632905 0.113097
17 0.862829 0.731221 0.035865 0.0402101 0.108386
8 0.410176 0.406211 0.0284313 0.144092 0.0913047
8 0.150451 0.233562 0.03296 0.0279651 0.0833831
0 0.949308 0.673698 0.0217403 0.0456514 0.0709587
8 0.0532212 0.224659 0.0681185 0.0658814 0.0695631
0 0.55296 0.646465 0.0182333 0.0721609 0.0681106
8 0.546347 0.483749 0.0345347 0.0658351 0.0664164
8 0.537273 0.497327 0.0162029 0.0324846 0.0618156
0 0.819701 0.74757 0.0322399 0.0584018 0.0605051
8 0.44342 0.469727 0.0307448 0.0495959 0.0564987
13 0.67435 0.698369 0.0293968 0.0966368 0.0517187
8 0.05354 0.234255 0.0661028 0.0470287 0.0509942
0 0.0958605 0.520014 0.0157112 0.0502045 0.046056
8 0.123658 0.229359 0.0893306 0.0352793 0.0426481
0 0.486308 0.508893 0.011484 0.0253612 0.0395064
8 0.220711 0.438673 0.1352 0.0562227 0.0387222
8 0.0116366 0.245276 0.0200373 0.0222659 0.0352022
0 0.862829 0.731221 0.035865 0.0402101 0.033824
0 0.121171 0.489926 0.0119662 0.0358627 0.0326246
17 0.695298 0.593054 0.0161682 0.0720391 0.0323571
8 0.0400136 0.237302 0.0417165 0.0391249 0.0323002
0 0.824099 0.771094 0.030077 0.0657982 0.0307822
1 0.863425 0.741608 0.0385384 0.0604002 0.0297345
0 0.487799 0.508733 0.0140751 0.0185195 0.0289434
8 0.553525 0.484431 0.0541975 0.0802145 0.0274999
8 0.320862 0.470489 0.0466476 0.0278554 0.0274498
8 0.153734 0.422224 0.233954 0.250603 0.0271559
8 0.332454 0.466228 0.0236646 0.0225102 0.0259604
0 0.537102 0.49931 0.0161453 0.0298512 0.0256241
8 0.113722 0.235436 0.0681099 0.0282076 0.0254267
0 0.817645 0.725592 0.0286942 0.0639987 0.0254124
8 0.156828 0.473807 0.243351 0.145129 0.0251292
8 0.242941 0.444872 0.207044 0.0685957 0.0250648
19 0.862829 0.731221 0.035865 0.0402101 0.0249383
8 0.0351021 0.234691 0.0671543 0.0445273 0.0236706
8 0.228273 0.446139 0.155102 0.0601779 0.0229582
8 0.175986 0.523818 0.172741 0.0385827 0.0225946
2 0.223175 0.522937 0.0747588 0.0315904 0.0224249
13 0.732436 0.706668 0.0610377 0.0529525 0.0223257
8 0.410322 0.359723 0.0262413 0.0495719 0.0210147
8 0.224379 0.454085 0.251696 0.0902447 0.0199565
16 0.821247 0.759612 0.0329075 0.086124 0.0199485
13 0.642872 0.690973 0.0982128 0.108493 0.0198434
8 0.337694 0.461298 0.0262952 0.0283789 0.0195981
13 0.770414 0.718212 0.142963 0.0899042 0.0194886
0 0.291283 0.463688 0.0174875 0.0326669 0.0192897
8 0.0189892 0.376051 0.0308341 0.0297479 0.019213
8 0.201224 0.444826 0.190918 0.0783242 0.0189027
13 0.642154 0.664211 0.111392 0.0709657 0.0185477
8 0.303991 0.471632 0.0184755 0.0278065 0.0182587
13 0.680149 0.723831 0.0170341 0.0468069 0.0177377
8 0.306439 0.462765 0.0583242 0.0337804 0.0176808
8 0.140975 0.348041 0.0271307 0.100724 0.0175645
19 0.863425 0.741608 0.0385384 0.0604002 0.0173384
8 0.281022 0.485474 0.0315521 0.0152422 0.0168755
8 0.0200805 0.235725 0.0382666 0.0409757 0.016513
13 0.863425 0.741608 0.0385384 0.0604002 0.0164175
0 0.291083 0.470091 0.0242694 0.0332244 0.0159862
2 0.0116366 0.245276 0.0200373 0.0222659 0.0158846
8 0.320972 0.459082 0.0522317 0.0310383 0.0158501
0 0.433421 0.460096 0.0094944 0.0275035 0.0158407
2 0.537102 0.49931 0.0161453 0.0298512 0.0157841
8 0.53912 0.484011 0.0209908 0.0620345 0.0156521
8 0.285662 0.464895 0.0233139 0.0355046 0.0151697
8 0.342822 0.452037 0.0267035 0.0331729 0.0150513
2 0.237402 0.522873 0.0466338 0.0298581 0.0147047
33 0.860291 0.617617 0.0166756 0.0339705 0.0142649
13 0.67091 0.684169 0.172235 0.107176 0.0140905
8 0.158835 0.499582 0.216878 0.0877154 0.0138049
8 0.291283 0.463688 0.0174875 0.0326669 0.0136041
8 0.307914 0.472145 0.0885692 0.0419726 0.0135213
8 0.205398 0.466515 0.247724 0.1451 0.0132717
8 0.333035 0.457364 0.0186191 0.0241671 0.0131026
8 0.0466966 0.214304 0.0847331 0.0860193 0.0126028
8 0.152463 0.236138 0.0397288 0.0215377 0.012433
8 0.151262 0.518799 0.241552 0.0581477 0.0119173
8 0.283418 0.471392 0.028557 0.033324 0.0116466
1 0.862829 0.731221 0.035865 0.0402101 0.0114179
14 0.929244 0.672637 0.0277142 0.0538993 0.0111562
0 0.454866 0.483865 0.00896454 0.0328995 0.0111186
8 0.287011 0.474259 0.0190983 0.0310591 0.0111184
0 0.952754 0.668541 0.0251369 0.0368335 0.0109605
0 0.844203 0.619439 0.051642 0.0438482 0.0108854
0 0.28826 0.533171 0.0157413 0.0438442 0.0108064
37 0.950957 0.667629 0.0170204 0.0264844 0.0107055
8 0.349948 0.443344 0.0149539 0.035133 0.0106817
14 0.950957 0.667629 0.0170204 0.0264844 0.0106674
8 0.343943 0.443285 0.0255389 0.0417632 0.0105757
0 0.824574 0.706537 0.0396198 0.105321 0.0105685
8 0.289944 0.48086 0.049384 0.0242948 0.0102705
8 0.0875224 0.459957 0.114878 0.100191 0.0102542
8 0.212676 0.457478 0.168373 0.0930506 0.0102056
0 0.285662 0.464895 0.0233139 0.0355046 0.0101504
8 0.0776425 0.235809 0.0200051 0.0411661 0.0101404
24 0.862389 0.73456 0.0363789 0.0469222 0.0101295
8 0.0926172 0.47981 0.12216 0.113854 0.0100691
0 0.574656 0.512014 0.0180831 0.0388112 0.00973094
13 0.670815 0.678348 0.0201238 0.0553375 0.00967762
8 0.554024 0.480522 0.0114391 0.0671569 0.00958797
33 0.950957 0.667629 0.0170204 0.0264844 0.00922418
0 0.291669 0.414622 0.00953093 0.0284301 0.00912333
8 0.156719 0.226926 0.155231 0.0438618 0.00911862
13 0.685533 0.722935 0.0331652 0.0488919 0.00906554
8 0.225832 0.472578 0.171264 0.0564953 0.00903291
7 0.538681 0.498962 0.0192139 0.0319749 0.00882804
2 0.245536 0.522157 0.0309807 0.0272138 0.00874883
0 0.831078 0.711038 0.0523924 0.11113 0.00872841
8 0.340084 0.442634 0.032697 0.0556965 0.00866574
1 0.757302 0.621711 0.015062 0.0603353 0.00859383
56 0.674307 0.698645 0.0292191 0.0984713 0.00851178
8 0.291083 0.470091 0.0242694 0.0332244 0.00844416
8 0.433421 0.460096 0.0094944 0.0275035 0.00833884
16 0.929179 0.673356 0.027228 0.0543944 0.00819698
8 0.274577 0.476656 0.0521629 0.0362806 0.00804546
8 0.554103 0.563676 0.0416815 0.247961 0.00794318
14 0.860291 0.617617 0.0166756 0.0339705 0.00788042
8 0.199118 0.226946 0.0730569 0.0252527 0.00777918
8 0.237205 0.457324 0.171932 0.0363657 0.0074048
8 0.0791566 0.231174 0.0157951 0.0464475 0.00734204
5 0.178282 0.524871 0.169068 0.0391513 0.00731555
14 0.572063 0.510813 0.0123892 0.0374619 0.00727618
16 0.819701 0.74757 0.0322399 0.0584018 0.00718695
8 0.427157 0.22622 0.0227434 0.016486 0.00711039
8 0.436952 0.483413 0.0411473 0.0449285 0.00705621
56 0.670815 0.678348 0.0201238 0.0553375 0.00703701
8 0.414056 0.467287 0.0218149 0.0216789 0.00699267
18 0.862829 0.731221 0.035865 0.0402101 0.00680569
8 0.549559 0.473913 0.0414867 0.0870834 0.00674209
8 0.18863 0.234137 0.0509358 0.0177878 0.00672945
2 0.173748 0.524216 0.173577 0.0338726 0.00671956
8 0.186454 0.228662 0.122401 0.0327344 0.00669706
8 0.572052 0.507792 0.0135105 0.0384107 0.0065513
8 0.0175672 0.371076 0.0342098 0.0397158 0.00649837
56 0.863425 0.741608 0.0385384 0.0604002 0.00647157
0 0.283418 0.471392 0.028557 0.033324 0.00637957
8 0.432053 0.421151 0.0582787 0.167449 0.0063754
13 0.0730821 0.535948 0.0355769 0.0363525 0.00630313
8 0.346588 0.46017 0.0678593 0.0348701 0.00626403
8 0.423226 0.228028 0.0546479 0.0195597 0.00619391
17 0.860291 0.617617 0.0166756 0.0339705 0.00601426
8 0.137058 0.34713 0.0191573 0.0994076 0.00594032
0 0.379074 0.442848 0.00786181 0.0304185 0.00588718
0 0.4553 0.508783 0.00904751 0.0255027 0.0058713
0 0.49304 0.803838 0.0254995 0.0491574 0.00586376
8 0.453716 0.226822 0.0137493 0.0168346 0.00585064
13 0.862829 0.731221 0.035865 0.0402101 0.0058178
8 0.35254 0.438889 0.00955262 0.0329014 0.00581771
14 0.862389 0.73456 0.0363789 0.0469222 0.00574386
17 0.756895 0.622691 0.0154016 0.0608138 0.00570405
0 0.842769 0.714369 0.0663998 0.119938 0.00565365
8 0.0403495 0.375151 0.0523202 0.0263483 0.0056242
8 0.0762614 0.474674 0.0822005 0.105907 0.00559393
8 0.197519 0.483763 0.217797 0.113049 0.00544399
8 0.43587 0.227538 0.0519029 0.0203912 0.0054113
1 0.817645 0.725592 0.0286942 0.0639987 0.00536913
0 0.533687 0.836802 0.0232954 0.0560793 0.00536761
8 0.193924 0.490211 0.165065 0.0477529 0.00529703
13 0.69268 0.71625 0.0242706 0.0569574 0.00528684
16 0.824522 0.7688 0.0310226 0.0706721 0.00525728
18 0.86377 0.741924 0.0393456 0.0613931 0.0052453
8 0.238177 0.455401 0.233871 0.0619904 0.00522229
8 0.191234 0.428067 0.316738 0.221713 0.00518602
0 0.35254 0.438889 0.00955262 0.0329014 0.00514644
0 0.485069 0.503641 0.0120497 0.0295604 0.005144
0 0.333035 0.457364 0.0186191 0.0241671 0.00513804
13 0.17043 0.506771 0.182392 0.074814 0.00510308
8 0.259824 0.222656 0.109976 0.0315399 0.00503045
8 0.227357 0.227772 0.29752 0.0399512 0.00493118
0 0.67435 0.698369 0.0293968 0.0966368 0.00491256
8 0.1581 0.486037 0.105777 0.0493925 0.00489423
13 0.788925 0.726879 0.18381 0.115243 0.00487667
14 0.486308 0.508893 0.011484 0.0253612 0.00483149
8 0.220428 0.430381 0.153088 0.0455754 0.0047639
14 0.485204 0.507014 0.01049 0.0208472 0.00463328
8 0.121646 0.391308 0.129402 0.192984 0.00461826
8 0.406713 0.358295 0.0184587 0.0503788 0.00453088
24 0.864652 0.74428 0.0411404 0.0661247 0.00452924
8 0.0611349 0.202339 0.0517302 0.10452 0.0045225
8 0.0629984 0.166219 0.0486507 0.177887 0.00451696
0 0.575998 0.520468 0.0186047 0.0329927 0.00450295
1 0.694777 0.594142 0.016147 0.0699262 0.0044989
16 0.818695 0.71429 0.0303513 0.101258 0.00448945
8 0.618176 0.21896 0.0333948 0.0160568 0.00434098
8 0.240307 0.221889 0.32248 0.0412021 0.00432917
17 0.824153 0.755168 0.0374504 0.0801855 0.0042989
2 0.281022 0.485474 0.0315521 0.0152422 0.00429714
8 0.402319 0.407411 0.0454624 0.14904 0.00421873
16 0.694777 0.594142 0.016147 0.0699262 0.00418925
8 0.419958 0.416354 0.0654977 0.172089 0.00412247
8 0.521546 0.236383 0.0383085 0.0146581 0.00409946
8 0.414992 0.488018 0.0470354 0.0343781 0.00409806
6 0.177955 0.524334 0.168319 0.039194 0.00409466
14 0.862902 0.742649 0.0401588 0.0669004 0.00403357
23 0.695298 0.593054 0.0161682 0.0720391 0.00396302
8 0.0825607 0.399398 0.0395866 0.0453358 0.00395584
8 0.154384 0.385612 0.115251 0.179218 0.00388274
23 0.864567 0.744746 0.0440228 0.0632905 0.00387537
0 0.942417 0.663427 0.0326233 0.0464149 0.00385985
8 0.413246 0.459756 0.0189674 0.0322069 0.00378075
8 0.0805841 0.405053 0.0233589 0.0440401 0.00377959
8 0.606075 0.218557 0.0189608 0.0155271 0.003777
25 0.157231 0.43356 0.0990167 0.0722636 0.00377312
56 0.862829 0.731221 0.035865 0.0402101 0.00376591
23 0.756895 0.622691 0.0154016 0.0608138 0.00374144
8 0.140416 0.386857 0.0330013 0.030698 0.00368658
8 0.410456 0.410012 0.0380392 0.163719 0.00368255
24 0.950957 0.667629 0.0170204 0.0264844 0.00367913
13 0.626509 0.66274 0.0800352 0.0619703 0.00366953
8 0.239594 0.484723 0.155019 0.039368 0.00366259
8 0.142744 0.236446 0.0406086 0.0311392 0.00364485
8 0.0898212 0.5219 0.0478888 0.0524908 0.00363576
8 0.408609 0.472369 0.026175 0.0179677 0.00362328
37 0.86126 0.61868 0.018034 0.0328086 0.00359234
8 0.454866 0.483865 0.00896454 0.0328995 0.00350928
60 0.61384 0.663217 0.0545923 0.0650969 0.00347081
8 0.237171 0.433387 0.163337 0.0382111 0.00346148
2 0.606075 0.218557 0.0189608 0.0155271 0.00345391
8 0.414301 0.228656 0.0635344 0.0205716 0.00340348
8 0.228531 0.427316 0.229923 0.0755804 0.00337964
8 0.0121724 0.418587 0.0229896 0.0292813 0.00337005
8 0.624213 0.220201 0.030229 0.015969 0.00333077
2 0.355106 0.525998 0.0196796 0.0259959 0.00331995
9 0.572063 0.510813 0.0123892 0.0374619 0.00330633
8 0.0584899 0.374087 0.00959376 0.0180115 0.00324166
8 0.409965 0.456307 0.0186991 0.0353894 0.00320694
0 0.569022 0.52173 0.0118957 0.0587069 0.00317937
0 0.127159 0.491771 0.0146921 0.0395991 0.00317839
13 0.681423 0.6973 0.0431851 0.0977623 0.00317618
0 0.861069 0.608637 0.0172623 0.0515037 0.0030846
8 0.33669 0.449135 0.036046 0.0455631 0.00307068
0 0.752882 0.621821 0.0255033 0.063254 0.00306508
8 0.0850005 0.440307 0.0797783 0.108088 0.00303578
8 0.202861 0.387406 0.222474 0.171207 0.00302994
13 0.177682 0.526543 0.170203 0.034762 0.00302786
8 0.506602 0.238269 0.00916853 0.0106472 0.00302303
14 0.537102 0.49931 0.0161453 0.0298512 0.0029971
8 0.125441 0.220392 0.0976012 0.0509549 0.0029965
0 0.844698 0.745399 0.0814922 0.0631215 0.00299108
56 0.694777 0.594142 0.016147 0.0699262 0.00294194
8 0.426004 0.232518 0.062801 0.0195906 0.00293168
0 0.552751 0.678844 0.0208076 0.0296361 0.00291708
0 0.843843 0.73491 0.0703609 0.110921 0.00289795
2 0.332454 0.466228 0.0236646 0.0225102 0.00287661
2 0.303991 0.471632 0.0184755 0.0278065 0.00287002
8 0.539735 0.480181 0.028955 0.070159 0.00286457
8 0.165193 0.489657 0.0723673 0.0415817 0.00286403
8 0.135478 0.395052 0.0354711 0.0165413 0.00284684
4 0.150898 0.505041 0.230553 0.084676 0.00281632
0 0.679609 0.56518 0.0147072 0.0201445 0.0028061
13 0.612868 0.674869 0.0539307 0.0602826 0.00279057
8 0.135162 0.316011 0.0150242 0.0373372 0.00278321
8 0.153048 0.487727 0.0886877 0.0409271 0.00278202
7 0.175986 0.523818 0.172741 0.0385827 0.00278085
1 0.818695 0.71429 0.0303513 0.101258 0.00278023
20 0.862829 0.731221 0.035865 0.0402101 0.00277802
8 0.093623 0.401731 0.058817 0.0450676 0.00277266
20 0.864652 0.74428 0.0411404 0.0661247 0.00273538
13 0.139844 0.524645 0.0732421 0.0359598 0.00272566
8 0.200127 0.425541 0.201157 0.0860769 0.00268841
8 0.298236 0.477512 0.111699 0.0437623 0.00268796
16 0.817645 0.725592 0.0286942 0.0639987 0.00268486
13 0.704179 0.707138 0.119966 0.111911 0.00266936
56 0.61342 0.662576 0.0550613 0.0622067 0.00265324
8 0.0155176 0.218169 0.0302718 0.0756788 0.00262696
13 0.167845 0.522739 0.197174 0.0439953 0.00262401
8 0.554338 0.49792 0.0501369 0.0440881 0.00261897
6 0.150278 0.504436 0.230001 0.0887658 0.00261751
8 0.453689 0.230829 0.0142765 0.0220069 0.00260103
8 0.308862 0.431766 0.0212379 0.0148402 0.0025934
33 0.485204 0.507014 0.01049 0.0208472 0.00257617
0 0.933108 0.677503 0.0352497 0.0531745 0.00254598
14 0.433421 0.460096 0.0094944 0.0275035 0.00254387
32 0.950957 0.667629 0.0170204 0.0264844 0.00253737
8 0.14829 0.38471 0.0218861 0.0272001 0.00252765
0 0.105314 0.954719 0.0199078 0.0355317 0.0025253
13 0.73223 0.738598 0.05955 0.0499027 0.002505
8 0.0177121 0.380579 0.0347319 0.0343524 0.00250274
7 0.0116366 0.245276 0.0200373 0.0222659 0.00249061
8 0.574139 0.509765 0.0178843 0.0432074 0.00248212
8 0.322334 0.429855 0.0334921 0.0239773 0.00248158
2 0.618176 0.21896 0.0333948 0.0160568 0.00247219
22 0.863425 0.741608 0.0385384 0.0604002 0.00246784
