53 0.430336 0.491903 0.467168 0.182067 0.791108
72 0.525939 0.462777 0.943341 0.91767 0.665135
53 0.422555 0.463488 0.451605 0.105079 0.499849
69 0.522095 0.465635 0.943781 0.911489 0.430747
69 0.39334 0.554117 0.654183 0.620947 0.169229
72 0.748277 0.457235 0.5025 0.906738 0.123734
53 0.51443 0.592573 0.148 0.0540556 0.0920558
53 0.420187 0.537864 0.445241 0.0858368 0.0912324
53 0.431555 0.521581 0.454434 0.118032 0.0630508
53 0.418734 0.591375 0.341273 0.0599356 0.041759
53 0.351715 0.598977 0.213361 0.0453314 0.0383339
53 0.363385 0.593678 0.206667 0.0283422 0.0140327
53 0.409748 0.587328 0.386002 0.0774244 0.0138196
53 0.412987 0.479113 0.431149 0.0769827 0.0120856
68 0.520659 0.464744 0.955003 0.919198 0.0109295
69 0.440414 0.583792 0.491583 0.548234 0.00958031
53 0.356904 0.590442 0.218554 0.0388865 0.00937456
53 0.367132 0.604656 0.20847 0.0360091 0.00865656
72 0.835714 0.585579 0.328571 0.632307 0.00833255
69 0.823112 0.589321 0.35166 0.615309 0.00794443
53 0.328986 0.539502 0.259693 0.082011 0.00786492
53 0.547715 0.445163 0.197578 0.081768 0.00581619
69 0.438774 0.715293 0.483769 0.285091 0.00556859
72 0.806467 0.496851 0.386073 0.802997 0.00489861
55 0.0632393 0.534751 0.0986759 0.0692568 0.00479236
48 0.0636632 0.535842 0.0967782 0.0667407 0.00472313
69 0.748277 0.457235 0.5025 0.906738 0.00465217
39 0.0340959 0.460882 0.0678094 0.0477471 0.00444621
53 0.367005 0.585863 0.276702 0.0795318 0.00440463
69 0.466358 0.541385 0.881399 0.681184 0.00430128
55 0.51443 0.592573 0.148 0.0540556 0.00428027
55 0.0655665 0.561412 0.109559 0.121265 0.00424001
72 0.407077 0.522084 0.711911 0.791225 0.00416386
45 0.0632393 0.534751 0.0986759 0.0692568 0.00413859
53 0.600927 0.500159 0.124824 0.100833 0.00408486
53 0.383461 0.559065 0.356105 0.12671 0.00379524
53 0.458955 0.466528 0.311148 0.0740244 0.00369111
53 0.411077 0.463758 0.355655 0.0658216 0.00341502
69 0.40401 0.401995 0.361739 0.0641685 0.00312805
69 0.806467 0.496851 0.386073 0.802997 0.00310647
53 0.475714 0.529361 0.293087 0.0637343 0.00292379
53 0.530523 0.500207 0.263753 0.100353 0.00289705
48 0.51443 0.592573 0.148 0.0540556 0.00284868
55 0.436797 0.23234 0.560215 0.107394 0.00267065
69 0.421206 0.492364 0.486507 0.184181 0.00259206
53 0.376973 0.463571 0.339123 0.0504807 0.00242075
45 0.375543 0.212622 0.621892 0.167839 0.00241256
53 0.469281 0.540382 0.388584 0.159586 0.0023483
39 0.02123 0.460868 0.0424599 0.0470797 0.00229529
69 0.0452301 0.228279 0.0903727 0.232702 0.00217253
69 0.043939 0.295398 0.087878 0.0950048 0.00212333
53 0.528434 0.556481 0.171385 0.124575 0.0021103
53 0.341151 0.481458 0.286593 0.0646518 0.00198865
69 0.419686 0.392125 0.390488 0.0899889 0.00197977
48 0.428701 0.493307 0.468879 0.183959 0.00196549
53 0.392488 0.546565 0.272654 0.0694764 0.0019061
53 0.556196 0.511374 0.213095 0.111815 0.0018144
53 0.362809 0.453798 0.262564 0.0462336 0.00178954
53 0.373431 0.474003 0.352291 0.0602076 0.00168049
53 0.435541 0.475584 0.33863 0.0633228 0.00151548
53 0.411801 0.453763 0.351756 0.0509846 0.00149283
41 0.0638324 0.536168 0.0978764 0.0685138 0.0014208
55 0.0705204 0.573556 0.098261 0.0924288 0.00140053
72 0.751252 0.189314 0.49506 0.373544 0.00138485
68 0.384749 0.560966 0.668127 0.607209 0.00137851
55 0.432616 0.489881 0.470171 0.181699 0.00135809
53 0.367794 0.526569 0.340257 0.106624 0.00125679
53 0.446307 0.539878 0.277115 0.0749111 0.0012227
45 0.066695 0.5531 0.0984453 0.100714 0.00120035
60 0.523398 0.494882 0.935016 0.855765 0.00115788
43 0.517024 0.59185 0.143644 0.0549498 0.00115484
72 0.156495 0.492309 0.312989 0.776172 0.00113952
53 0.438168 0.233912 0.571224 0.0972256 0.00113198
53 0.488071 0.44804 0.318814 0.101892 0.00112006
69 0.405824 0.351018 0.416958 0.0582097 0.00110078
53 0.43748 0.49002 0.328829 0.0497929 0.00107691
48 0.066695 0.5531 0.0984453 0.100714 0.00103912
69 0.416048 0.359421 0.521919 0.0824808 0.00103188
53 0.350608 0.609834 0.212439 0.028096 0.00102755
45 0.0689507 0.572782 0.100288 0.0938007 0.00102624
68 0.833815 0.594503 0.330453 0.617547 0.00102124
