8 0.490417 0.505428 0.974507 0.694815 0.799841
16 0.752141 0.286641 0.110687 0.123089 0.651584
8 0.498899 0.387817 0.959677 0.499438 0.271904
8 0.431208 0.710619 0.862417 0.273737 0.161174
8 0.536052 0.684482 0.922645 0.329418 0.0265395
7 0.499497 0.460455 0.971442 0.782117 0.0205925
8 0.980707 0.76465 0.0378877 0.0547634 0.0133219
14 0.689543 0.582606 0.0261996 0.0210318 0.0113944
15 0.748789 0.285848 0.115905 0.124762 0.00908944
14 0.723786 0.580849 0.103954 0.0385166 0.0086475
7 0.880037 0.141217 0.10629 0.0793418 0.00815046
8 0.493385 0.216525 0.955934 0.0987593 0.00810939
8 0.880602 0.139871 0.105757 0.0769129 0.00689563
61 0.585298 0.289365 0.206763 0.175683 0.00641391
6 0.499497 0.460455 0.971442 0.782117 0.00618193
16 0.770169 0.273586 0.146783 0.14508 0.00600511
8 0.492782 0.275825 0.962333 0.219583 0.00562015
6 0.498899 0.387817 0.959677 0.499438 0.00544882
0 0.267144 0.468332 0.0248971 0.0286121 0.00520885
77 0.750411 0.286645 0.112934 0.123564 0.00471503
8 0.104782 0.204973 0.20917 0.0266081 0.00468567
14 0.687664 0.586143 0.034112 0.0259794 0.00397524
45 0.914448 0.28924 0.0454276 0.0400066 0.00385684
14 0.974237 0.516011 0.050412 0.0330947 0.00382337
14 0.966098 0.517037 0.0674 0.0362524 0.00371265
4 0.498899 0.387817 0.959677 0.499438 0.00349045
8 0.574893 0.423462 0.843548 0.630121 0.00340873
14 0.739133 0.577088 0.0732185 0.0330513 0.00331441
8 0.490989 0.237372 0.96276 0.136608 0.00329712
0 0.914081 0.234079 0.0421711 0.0761976 0.00323826
14 0.0639631 0.380399 0.00993519 0.0101534 0.00318134
5 0.880037 0.141217 0.10629 0.0793418 0.00314498
8 0.884127 0.20847 0.113264 0.213272 0.0030297
2 0.879913 0.139937 0.105581 0.0769001 0.00299588
0 0.752481 0.285941 0.110178 0.122624 0.00288555
41 0.914583 0.289023 0.0452182 0.041386 0.00280324
32 0.967095 0.517167 0.0642163 0.0367661 0.00242618
7 0.498899 0.387817 0.959677 0.499438 0.00239286
21 0.748789 0.285848 0.115905 0.124762 0.00229195
19 0.748789 0.285848 0.115905 0.124762 0.00228703
8 0.848137 0.206835 0.17388 0.21369 0.0022563
4 0.493385 0.216525 0.955934 0.0987593 0.00224584
5 0.500313 0.47577 0.967618 0.755126 0.0022423
7 0.881012 0.205124 0.107948 0.209776 0.00221041
28 0.880602 0.139871 0.105757 0.0769129 0.00211817
16 0.81341 0.252308 0.243531 0.185338 0.00206497
14 0.145285 0.380224 0.0141789 0.010278 0.00204536
14 0.709926 0.577776 0.0727707 0.0388176 0.00202441
0 0.0639631 0.380399 0.00993519 0.0101534 0.00202394
36 0.750411 0.286645 0.112934 0.123564 0.00199023
8 0.480884 0.233975 0.927072 0.23854 0.00186726
14 0.980518 0.763866 0.0382478 0.0564797 0.0018518
20 0.748789 0.285848 0.115905 0.124762 0.00180972
0 0.160269 0.466083 0.0178147 0.0298029 0.00180241
45 0.746774 0.576039 0.0577592 0.0285651 0.0017997
5 0.498899 0.387817 0.959677 0.499438 0.00166461
8 0.104162 0.223435 0.207917 0.0604337 0.00155967
39 0.914629 0.269839 0.0446119 0.0817828 0.00153053
14 0.74855 0.576665 0.0544783 0.0289341 0.00153038
4 0.500313 0.47577 0.967618 0.755126 0.00150797
0 0.913802 0.2474 0.0420553 0.0511238 0.00134525
14 0.985488 0.515734 0.0276914 0.0310896 0.00128895
8 0.880758 0.171667 0.106314 0.141344 0.00128409
8 0.774986 0.590187 0.450028 0.135953 0.00125512
37 0.104782 0.204973 0.20917 0.0266081 0.00117108
4 0.492782 0.275825 0.962333 0.219583 0.00116074
0 0.270233 0.492991 0.0341463 0.0819571 0.00115401
13 0.81341 0.252308 0.243531 0.185338 0.00109026
17 0.748789 0.285848 0.115905 0.124762 0.00108621
8 0.825059 0.221251 0.232168 0.238109 0.0010629
2 0.881012 0.205124 0.107948 0.209776 0.00106078
0 0.908324 0.25167 0.0283928 0.0403255 0.0010519
7 0.880758 0.171667 0.106314 0.141344 0.00105178
2 0.985488 0.515734 0.0276914 0.0310896 0.0010148
