20 0.18047 0.678997 0.354925 0.480736 0.92685
20 0.51609 0.664079 0.325383 0.424618 0.915946
20 0.568172 0.7835 0.132622 0.186183 0.772754
20 0.873162 0.641203 0.248666 0.450541 0.597361
20 0.780813 0.73147 0.249991 0.27745 0.537282
20 0.822757 0.645204 0.321171 0.455498 0.049753
20 0.748104 0.736713 0.180814 0.26139 0.0496882
20 0.773923 0.584897 0.0511766 0.0636112 0.044959
20 0.816558 0.721801 0.148202 0.282605 0.0321159
20 0.0852912 0.581216 0.168569 0.298531 0.0265076
20 0.878288 0.552479 0.240093 0.269622 0.0206571
20 0.882316 0.783207 0.0967125 0.186761 0.0195617
20 0.721875 0.736406 0.128709 0.254589 0.0128721
20 0.801663 0.725656 0.102721 0.279597 0.0116838
20 0.776692 0.69851 0.208346 0.296464 0.00919133
20 0.843646 0.735399 0.174931 0.283606 0.00845537
20 0.901376 0.534979 0.19439 0.232431 0.00784037
20 0.591936 0.703808 0.171915 0.353704 0.0066078
20 0.586643 0.770576 0.175919 0.21279 0.00408292
20 0.642421 0.811975 0.0362625 0.110398 0.00394493
20 0.877934 0.738229 0.112431 0.274048 0.00333357
20 0.876156 0.805451 0.0829357 0.142218 0.00327042
20 0.914855 0.743853 0.166202 0.264098 0.00317779
20 0.469251 0.658433 0.225613 0.418495 0.00307718
20 0.798594 0.804662 0.0735125 0.112311 0.00292045
20 0.796161 0.769385 0.0790882 0.184685 0.00281405
20 0.555455 0.69974 0.242479 0.340321 0.00223398
20 0.820279 0.61927 0.143055 0.366252 0.00167197
19 0.567933 0.783113 0.134022 0.185536 0.00164545
20 0.785295 0.586314 0.0765135 0.0658597 0.0016084
20 0.0257825 0.588842 0.0493153 0.282146 0.00150824
0 0.774957 0.586639 0.0542517 0.0595883 0.00144506
20 0.742505 0.706373 0.0971431 0.193833 0.00141379
20 0.0370875 0.590531 0.070636 0.278511 0.0013012
56 0.567933 0.783113 0.134022 0.185536 0.00127459
20 0.649441 0.814232 0.0496588 0.118238 0.00117633
0 0.785295 0.586314 0.0765135 0.0658597 0.0011147
20 0.866652 0.715282 0.246689 0.302096 0.00111333
20 0.763926 0.588904 0.0752715 0.0749143 0.00100246
