14 0.485882 0.696318 0.170695 0.304971 0.925877
14 0.820029 0.560865 0.210893 0.351411 0.897398
14 0.291817 0.376859 0.157378 0.332123 0.868531
14 0.268157 0.814253 0.155432 0.35806 0.84547
14 0.292103 0.609007 0.189119 0.276405 0.825349
14 0.135551 0.180919 0.169128 0.293295 0.818679
14 0.525151 0.415166 0.156548 0.31027 0.756885
14 0.855859 0.811157 0.157401 0.283459 0.739866
14 0.527356 0.482615 0.163366 0.444635 0.0262264
47 0.292649 0.607151 0.189172 0.271493 0.011863
14 0.527939 0.625402 0.0832604 0.164376 0.00984582
47 0.135446 0.18095 0.168864 0.29311 0.00566834
14 0.236813 0.811991 0.0940318 0.354429 0.00544667
14 0.405067 0.402174 0.385075 0.361989 0.00409287
14 0.822312 0.240147 0.0640747 0.131492 0.00322893
14 0.810716 0.793256 0.246554 0.32262 0.00322798
47 0.219428 0.585438 0.0425698 0.0889285 0.00312436
14 0.597834 0.820898 0.130171 0.199254 0.00230783
14 0.849148 0.676497 0.16887 0.552853 0.00213528
14 0.809504 0.279925 0.0898713 0.20782 0.00211942
47 0.250941 0.585279 0.108071 0.153459 0.00193256
14 0.658907 0.495598 0.525125 0.498577 0.00183868
14 0.577551 0.572444 0.0529191 0.148133 0.00156242
14 0.830234 0.23365 0.0499746 0.118643 0.00155669
14 0.836606 0.201675 0.0354707 0.0527788 0.00150678
14 0.60114 0.85094 0.127729 0.137349 0.00141889
14 0.586969 0.781285 0.0333744 0.126522 0.00141427
14 0.21945 0.583157 0.0436676 0.0956891 0.00133508
47 0.855357 0.811604 0.157572 0.280779 0.00122732
14 0.629914 0.4132 0.0395422 0.0503712 0.00107345
