39 0.351305 0.295049 0.4225 0.584863 0.753969
48 0.531289 0.790079 0.754666 0.404821 0.749493
46 0.503244 0.737451 0.564669 0.298006 0.721905
39 0.702617 0.33305 0.33216 0.400551 0.613035
60 0.500422 0.672255 0.999156 0.63223 0.604217
55 0.528989 0.792296 0.752981 0.398034 0.340768
60 0.5 0.550671 1 0.33037 0.205923
41 0.702049 0.333753 0.337947 0.400983 0.179587
41 0.348826 0.294641 0.424554 0.583115 0.106197
60 0.506076 0.464438 0.986684 0.234939 0.0936587
46 0.677684 0.658047 0.168386 0.107085 0.0661086
46 0.374436 0.74564 0.30855 0.287145 0.0577047
46 0.623745 0.773469 0.32414 0.186246 0.0564193
60 0.116747 0.55442 0.233494 0.331114 0.0543926
48 0.499582 0.739895 0.574626 0.298421 0.0491818
62 0.777888 0.149049 0.442956 0.290826 0.0463396
46 0.272482 0.673599 0.105646 0.128271 0.0381922
60 0.5 0.495825 1 0.918956 0.0369593
46 0.549101 0.733308 0.172409 0.107431 0.0338251
46 0.6713 0.804254 0.230183 0.121773 0.0317765
60 0.5 0.454714 1 0.39384 0.0307065
46 0.521978 0.626726 0.136629 0.0767817 0.0295289
46 0.988247 0.734742 0.0229604 0.0976345 0.0249025
46 0.412047 0.663913 0.388882 0.15251 0.0246528
46 0.545727 0.780863 0.481077 0.212645 0.0243366
60 0.116719 0.687649 0.232963 0.598457 0.0241674
46 0.296663 0.668953 0.154868 0.136021 0.0231165
46 0.60469 0.651374 0.318671 0.125801 0.0224649
46 0.37685 0.656069 0.150199 0.104553 0.0208757
46 0.528926 0.706936 0.475932 0.23583 0.0205167
46 0.368783 0.670336 0.299107 0.138235 0.0185912
60 0.893952 0.464384 0.211427 0.225892 0.0156035
53 0.531289 0.790079 0.754666 0.404821 0.013526
46 0.422696 0.827116 0.207597 0.120915 0.012657
63 0.777572 0.152721 0.443553 0.290549 0.0119041
46 0.447625 0.645661 0.288672 0.11491 0.0116802
45 0.537017 0.772033 0.893039 0.442408 0.010413
46 0.613739 0.728124 0.350034 0.27852 0.0101642
46 0.531028 0.654679 0.463054 0.133094 0.00958455
46 0.51275 0.640457 0.1611 0.104876 0.00945425
60 0.461131 0.368333 0.922262 0.723453 0.00924915
60 0.498557 0.470274 0.997113 0.624511 0.00827041
60 0.500166 0.215711 0.999669 0.406084 0.00826058
41 0.530285 0.791728 0.75631 0.399236 0.00732231
68 0.777572 0.152721 0.443553 0.290549 0.00664094
46 0.338863 0.750103 0.225637 0.0890874 0.00562271
56 0.777096 0.150509 0.443038 0.288151 0.00535411
46 0.339593 0.68753 0.227806 0.172278 0.00527132
50 0.505903 0.734069 0.562942 0.292798 0.00508597
47 0.98816 0.735136 0.0229533 0.0979487 0.00492212
46 0.405483 0.653289 0.213415 0.117294 0.00491852
60 0.530694 0.161164 0.938612 0.309533 0.00490874
62 0.776658 0.0388568 0.446685 0.0743124 0.00311196
75 0.348826 0.294641 0.424554 0.583115 0.00307435
69 0.777473 0.153473 0.444007 0.293021 0.00293866
55 0.505903 0.734069 0.562942 0.292798 0.00274044
60 0.69603 0.459008 0.607941 0.234472 0.00253129
46 0.37427 0.795442 0.304952 0.186467 0.00245082
60 0.59144 0.323738 0.81712 0.586029 0.00227457
52 0.531289 0.790079 0.754666 0.404821 0.00219744
62 0.499252 0.155748 0.998504 0.302778 0.00200135
73 0.349961 0.295909 0.426435 0.586966 0.00195906
60 0.891196 0.667696 0.217607 0.635209 0.00194386
47 0.505903 0.734069 0.562942 0.292798 0.00191203
54 0.529574 0.791979 0.754516 0.399318 0.00190395
52 0.505903 0.734069 0.562942 0.292798 0.00172132
62 0.778402 0.202301 0.443197 0.30271 0.00169501
49 0.988235 0.734196 0.0231191 0.0978521 0.00145409
60 0.775862 0.155003 0.447362 0.295781 0.00144178
72 0.776703 0.149938 0.445271 0.291521 0.00140411
46 0.528636 0.792165 0.754379 0.400547 0.00137538
53 0.505903 0.734069 0.562942 0.292798 0.00136778
44 0.474657 0.370569 0.144475 0.132011 0.00129738
46 0.308705 0.756997 0.162241 0.0995958 0.0012421
46 0.260521 0.682401 0.0829435 0.11295 0.00124204
60 0.765027 0.563311 0.469946 0.437782 0.00120831
75 0.702049 0.333753 0.337947 0.400983 0.00116244
46 0.548734 0.762647 0.171909 0.167703 0.00110295
73 0.702049 0.333753 0.337947 0.400983 0.00109568
49 0.529574 0.791979 0.754516 0.399318 0.00107226
46 0.294431 0.706504 0.155577 0.207506 0.00105202
