54 0.841809 0.52971 0.193019 0.241063 0.925183
54 0.83176 0.316614 0.191587 0.212514 0.922645
54 0.849357 0.791712 0.207848 0.302696 0.908792
54 0.632383 0.818363 0.262166 0.255587 0.90768
54 0.389236 0.406089 0.21887 0.21614 0.88438
54 0.680546 0.452634 0.144489 0.490865 0.880551
54 0.385363 0.5615 0.241436 0.213812 0.866806
54 0.185636 0.43399 0.186579 0.194247 0.810329
54 0.390035 0.840916 0.255697 0.192344 0.764264
54 0.40833 0.668574 0.226429 0.212379 0.736693
54 0.176035 0.305366 0.199089 0.178422 0.652839
54 0.153036 0.551491 0.191477 0.158899 0.637043
54 0.176756 0.793671 0.246465 0.255468 0.526081
54 0.177841 0.648753 0.234732 0.161121 0.482495
54 0.549075 0.514005 0.137792 0.385914 0.348831
54 0.197093 0.20298 0.170613 0.142271 0.29927
54 0.377467 0.181182 0.199225 0.185271 0.175752
60 0.502642 0.509526 0.986551 0.940792 0.143908
54 0.383281 0.311983 0.230001 0.156707 0.110507
54 0.377855 0.238288 0.216923 0.304079 0.0303663
54 0.522993 0.273591 0.0969536 0.125923 0.0246079
45 0.500197 0.505176 0.987174 0.935436 0.0190436
60 0.521083 0.114473 0.949283 0.15378 0.00780085
55 0.679633 0.453905 0.147911 0.490243 0.00488186
54 0.504677 0.508923 0.987992 0.936842 0.00471041
60 0.521366 0.167636 0.950219 0.254245 0.00467029
41 0.951328 0.0558988 0.0970043 0.110792 0.0045397
52 0.679633 0.453905 0.147911 0.490243 0.00412259
60 0.0252466 0.327513 0.0502803 0.322291 0.00324574
54 0.443966 0.504934 0.347097 0.41114 0.00309017
55 0.841809 0.52971 0.193019 0.241063 0.00269043
54 0.431938 0.491928 0.841077 0.709209 0.00267783
55 0.18602 0.434223 0.186869 0.193766 0.00252929
54 0.185579 0.36221 0.143052 0.0529767 0.00249383
60 0.586497 0.178236 0.825506 0.327338 0.00222477
60 0.440456 0.10506 0.860997 0.19961 0.00193381
55 0.83176 0.316614 0.191587 0.212514 0.00177065
55 0.153036 0.551491 0.191477 0.158899 0.00176048
55 0.6317 0.81836 0.262978 0.254745 0.00158274
55 0.849969 0.791465 0.206452 0.302319 0.00150946
43 0.043774 0.0560647 0.0865727 0.107049 0.00140145
55 0.178305 0.648654 0.234332 0.161937 0.00128198
54 0.287923 0.271979 0.0440647 0.0768664 0.00127408
69 0.502642 0.509526 0.986551 0.940792 0.00117087
55 0.177396 0.79334 0.24577 0.254748 0.00116104
48 0.679633 0.453905 0.147911 0.490243 0.00114882
55 0.389445 0.406088 0.219695 0.216865 0.00110489
52 0.377855 0.238288 0.216923 0.304079 0.00104231
