16 0.617118 0.350221 0.540599 0.526826 0.897112
28 0.232247 0.784835 0.457493 0.40497 0.222878
24 0.290421 0.815613 0.34458 0.349968 0.0922068
59 0.486154 0.503397 0.966167 0.993206 0.0884658
28 0.532876 0.518856 0.930733 0.929156 0.0645102
28 0.0815509 0.787763 0.160637 0.4053 0.058486
26 0.290421 0.815613 0.34458 0.349968 0.0450465
0 0.512611 0.552668 0.528387 0.498978 0.0235014
59 0.551376 0.633971 0.893267 0.699616 0.0206325
28 0.289585 0.812346 0.344844 0.356292 0.0201832
73 0.59368 0.0431947 0.0240186 0.0863893 0.019439
73 0.658038 0.048049 0.0157738 0.0941314 0.018477
56 0.112816 0.545121 0.137041 0.161165 0.0179054
39 0.394731 0.477233 0.29735 0.342126 0.0177812
73 0.631977 0.0479655 0.0643283 0.0948445 0.0163307
59 0.747698 0.764581 0.502133 0.445477 0.0133006
77 0.617061 0.351497 0.54205 0.529328 0.0129244
15 0.983301 0.717296 0.0333986 0.168321 0.0121992
77 0.262349 0.546254 0.194654 0.232333 0.0119293
57 0.112918 0.54543 0.136294 0.16148 0.0102014
24 0.511362 0.645174 0.919898 0.685206 0.008697
24 0.518105 0.549078 0.533239 0.504662 0.00856009
0 0.983332 0.7173 0.033086 0.165653 0.00814551
26 0.235819 0.787643 0.454633 0.401589 0.00758705
0 0.503458 0.635869 0.930661 0.686973 0.00715157
28 0.0822969 0.9202 0.163314 0.152179 0.00707641
24 0.509481 0.492758 0.926807 0.835107 0.00680116
28 0.252355 0.706014 0.447874 0.557403 0.00646842
24 0.236761 0.795742 0.447694 0.383538 0.00615096
13 0.489212 0.501217 0.971633 0.997566 0.00593549
41 0.394731 0.477233 0.29735 0.342126 0.00566724
0 0.540217 0.473417 0.584726 0.654089 0.00530234
0 0.980941 0.185765 0.0381174 0.212561 0.00498921
26 0.518105 0.549078 0.533239 0.504662 0.00494811
59 0.52335 0.797199 0.946489 0.383098 0.00465593
57 0.489212 0.501217 0.971633 0.997566 0.0043878
26 0.511362 0.645174 0.919898 0.685206 0.00416258
16 0.596738 0.434931 0.597674 0.694444 0.00400069
56 0.517352 0.63591 0.953931 0.693059 0.00397387
28 0.492195 0.639545 0.930552 0.675819 0.00378582
56 0.289999 0.815403 0.344533 0.351187 0.00378203
73 0.661769 0.0484438 0.0227486 0.0953759 0.00369206
56 0.542715 0.516806 0.85642 0.87727 0.00365767
16 0.890833 0.463453 0.166181 0.332271 0.0036177
32 0.262349 0.546254 0.194654 0.232333 0.00350302
0 0.529326 0.576387 0.812789 0.543509 0.00341511
45 0.290115 0.816661 0.346132 0.349958 0.00330549
26 0.509481 0.492758 0.926807 0.835107 0.00324583
67 0.912269 0.347876 0.0990858 0.0960001 0.00323045
0 0.890619 0.894995 0.218305 0.189976 0.00318441
15 0.890833 0.463453 0.166181 0.332271 0.00308302
56 0.262716 0.546746 0.195167 0.233608 0.00306812
16 0.983301 0.717296 0.0333986 0.168321 0.00299644
24 0.61701 0.352766 0.540982 0.532112 0.0029012
26 0.262005 0.550007 0.198535 0.242195 0.00289816
59 0.573453 0.429964 0.846723 0.836837 0.00285885
59 0.788161 0.825646 0.423426 0.326092 0.00272685
32 0.691301 0.589623 0.18436 0.232346 0.00271741
77 0.512611 0.552668 0.528387 0.498978 0.00260392
24 0.240654 0.682705 0.445118 0.601371 0.00259736
0 0.983311 0.648913 0.0333778 0.303006 0.00250646
24 0.890833 0.463453 0.166181 0.332271 0.00250506
78 0.695019 0.590122 0.179647 0.231141 0.00250053
16 0.558146 0.484257 0.777092 0.802308 0.00249514
59 0.829552 0.77276 0.340897 0.423737 0.00249127
58 0.935743 0.16742 0.128003 0.220753 0.00240451
64 0.290421 0.815613 0.34458 0.349968 0.00237685
0 0.509481 0.492758 0.926807 0.835107 0.00229803
63 0.115193 0.735342 0.180579 0.269459 0.00226548
24 0.596738 0.434931 0.597674 0.694444 0.00225452
16 0.912042 0.355434 0.09979 0.110167 0.00222528
0 0.29054 0.815482 0.343829 0.350794 0.00220606
26 0.0817731 0.78744 0.16193 0.407125 0.00212848
26 0.530657 0.683766 0.236907 0.224954 0.00205344
0 0.240654 0.682705 0.445118 0.601371 0.00203422
24 0.262878 0.550164 0.197939 0.2419 0.00202873
63 0.188275 0.740179 0.334839 0.274979 0.00202507
39 0.530657 0.683766 0.236907 0.224954 0.00201696
15 0.912042 0.355434 0.09979 0.110167 0.00201416
0 0.982481 0.570387 0.0350389 0.473125 0.00201342
58 0.878231 0.136109 0.243127 0.272218 0.00200862
73 0.621419 0.0493675 0.0910461 0.098735 0.00198799
28 0.518105 0.549078 0.533239 0.504662 0.00196353
58 0.980312 0.23757 0.0387218 0.322975 0.00194812
0 0.980312 0.23757 0.0387218 0.322975 0.00190291
63 0.232907 0.780517 0.456044 0.409491 0.00187248
63 0.0314661 0.760083 0.0629322 0.351643 0.00182992
47 0.260997 0.545892 0.19273 0.230484 0.00170827
0 0.787051 0.75985 0.425659 0.455717 0.00170225
59 0.886997 0.8972 0.226006 0.185237 0.00168952
73 0.109148 0.740342 0.183488 0.276109 0.00168604
58 0.895536 0.223166 0.207757 0.333983 0.0016222
24 0.519151 0.554227 0.830372 0.502081 0.00156766
28 0.214756 0.55622 0.345324 0.198589 0.00150129
28 0.4991 0.521472 0.919837 0.517422 0.00148511
56 0.235819 0.787643 0.454633 0.401589 0.00147799
26 0.890833 0.463453 0.166181 0.332271 0.00146446
67 0.893313 0.344592 0.0489178 0.0567178 0.00145921
62 0.0318457 0.755223 0.0628867 0.345745 0.00145611
28 0.230021 0.672067 0.45207 0.409231 0.00143024
26 0.240654 0.682705 0.445118 0.601371 0.00142944
58 0.980852 0.185331 0.0380695 0.217035 0.00138083
66 0.0292709 0.758589 0.0584931 0.350498 0.00137824
2 0.554072 0.490913 0.884052 0.976289 0.00135294
15 0.616688 0.349047 0.542686 0.525448 0.00134212
26 0.236831 0.818815 0.237358 0.350681 0.0013077
77 0.542715 0.516806 0.85642 0.87727 0.00129652
59 0.774248 0.684268 0.451503 0.59962 0.00126222
77 0.980852 0.185331 0.0380695 0.217035 0.00125465
24 0.236831 0.818815 0.237358 0.350681 0.00125226
0 0.915303 0.458085 0.148213 0.322153 0.00123009
73 0.0318457 0.755223 0.0628867 0.345745 0.00121877
28 0.262878 0.550164 0.197939 0.2419 0.00120804
73 0.188275 0.740179 0.334839 0.274979 0.00120759
28 0.236831 0.818815 0.237358 0.350681 0.00118521
28 0.890833 0.463453 0.166181 0.332271 0.00116938
67 0.886187 0.335516 0.0465208 0.0695124 0.00114611
26 0.304938 0.571173 0.300403 0.295141 0.00113475
77 0.937603 0.180185 0.124439 0.228127 0.0011313
73 0.396855 0.479952 0.292082 0.344913 0.00111684
16 0.912087 0.429403 0.113191 0.258915 0.00111464
73 0.913005 0.350387 0.0963566 0.0972982 0.00109881
58 0.913823 0.259326 0.171634 0.386823 0.00109518
0 0.879245 0.775193 0.24151 0.427635 0.00109509
41 0.530657 0.683766 0.236907 0.224954 0.00108215
56 0.0314661 0.760083 0.0629322 0.351643 0.00107688
15 0.983311 0.648913 0.0333778 0.303006 0.00106782
59 0.318494 0.438177 0.634217 0.868039 0.00104451
0 0.937603 0.180185 0.124439 0.228127 0.00103951
26 0.4991 0.521472 0.919837 0.517422 0.00101286
30 0.53703 0.524009 0.922692 0.922758 0.00100854
