17 0.599386 0.637685 0.336421 0.369178 0.942848
17 0.352298 0.645028 0.285198 0.323086 0.935382
58 0.620497 0.902323 0.19093 0.0908062 0.782772
0 0.387634 0.589684 0.142999 0.134928 0.651935
0 0.75488 0.688356 0.0382475 0.0634209 0.538267
0 0.327677 0.705878 0.0319349 0.0592005 0.468357
0 0.629227 0.602324 0.150435 0.140855 0.436669
0 0.933995 0.697627 0.0201361 0.0528252 0.343339
0 0.510816 0.690698 0.0250364 0.0478049 0.295655
0 0.962743 0.697391 0.0446585 0.0462971 0.14404
0 0.954446 0.695147 0.0277118 0.0470934 0.107268
0 0.953484 0.683697 0.0207633 0.0263323 0.106898
0 0.397235 0.577101 0.110697 0.108548 0.0830021
0 0.467687 0.700222 0.0544752 0.0577674 0.0704922
0 0.332797 0.707157 0.0310719 0.0573043 0.0633825
17 0.522743 0.563458 0.184577 0.221773 0.0614803
0 0.943119 0.697553 0.0308189 0.0522551 0.052631
0 0.417369 0.571954 0.0804491 0.0982056 0.0432464
0 0.30202 0.692739 0.0310081 0.0314117 0.0395532
0 0.308161 0.700035 0.0342296 0.0460298 0.0379473
0 0.814637 0.694522 0.0170152 0.0358618 0.0319096
0 0.887534 0.702455 0.0251961 0.0375002 0.0318749
0 0.88292 0.700054 0.0389355 0.0440433 0.0303954
0 0.239253 0.658286 0.040885 0.0586273 0.0302652
0 0.814616 0.690829 0.0159679 0.0265637 0.0278916
0 0.243309 0.653143 0.0327545 0.0463583 0.0273708
0 0.960325 0.688204 0.0215931 0.0322586 0.0207019
0 0.0307186 0.677069 0.0308019 0.0824991 0.0191549
17 0.622777 0.603049 0.161878 0.140641 0.0185075
0 0.235427 0.651581 0.0433314 0.0462816 0.0175664
0 0.746997 0.666528 0.0220858 0.0199326 0.0175265
0 0.975242 0.698977 0.0330895 0.0450573 0.0175196
0 0.239326 0.675307 0.043151 0.0941721 0.0170518
0 0.454885 0.70742 0.028526 0.0429931 0.0147144
17 0.326985 0.570428 0.233719 0.172286 0.0140662
0 0.229728 0.612647 0.0212393 0.0403469 0.0138729
0 0.877009 0.702253 0.0338598 0.039756 0.0137838
0 0.929558 0.697773 0.0290986 0.0531755 0.0135404
0 0.0310076 0.699765 0.0279341 0.0509606 0.0130993
0 0.759514 0.691897 0.0353833 0.0578901 0.0128897
0 0.0272357 0.680077 0.0403649 0.0921086 0.011793
0 0.597023 0.599863 0.0953593 0.12587 0.0116216
0 0.0310284 0.658703 0.0284251 0.0456299 0.010761
0 0.810954 0.696452 0.0225486 0.0408504 0.00981829
2 0.136364 0.648643 0.0648782 0.0168284 0.00967881
0 0.0228206 0.689007 0.044827 0.0717684 0.009471
0 0.230297 0.628692 0.0417567 0.0796204 0.00903872
2 0.0228206 0.689007 0.044827 0.0717684 0.00772059
0 0.0249751 0.668724 0.0411049 0.0695881 0.00680554
17 0.755383 0.69088 0.0364422 0.0638399 0.00645584
0 0.480255 0.699558 0.0337042 0.0550554 0.00623199
17 0.467687 0.700222 0.0544752 0.0577674 0.00584245
0 0.50619 0.690465 0.0469884 0.0513416 0.00574848
0 0.505405 0.694573 0.0373592 0.0518535 0.00573912
0 0.421683 0.558228 0.067268 0.0675295 0.00557488
0 0.369361 0.708698 0.0365441 0.0429873 0.00545284
0 0.233747 0.662547 0.043054 0.0629703 0.00533456
0 0.425102 0.542202 0.0562583 0.0353378 0.00531295
0 0.814721 0.697807 0.0233285 0.042313 0.00530222
0 0.644981 0.565915 0.11525 0.0650822 0.00504744
0 0.312018 0.705064 0.0571767 0.0604668 0.0050047
0 0.789586 0.696568 0.033511 0.0461168 0.00484481
0 0.669209 0.550638 0.0559854 0.0301107 0.00476637
0 0.239217 0.642543 0.054629 0.0900458 0.00467986
0 0.775556 0.693417 0.0201168 0.0526324 0.00463894
0 0.610605 0.556589 0.0485736 0.0723644 0.00463745
0 0.288473 0.670567 0.0483181 0.0772413 0.00462738
0 0.612021 0.5674 0.0468845 0.0508857 0.00451416
13 0.821597 0.714584 0.0768459 0.0146373 0.00416562
0 0.224478 0.613072 0.0293998 0.0431274 0.00415817
0 0.279992 0.649111 0.0280691 0.0289167 0.00410968
0 0.397017 0.653219 0.181476 0.258604 0.00403583
2 0.0292743 0.680955 0.0332789 0.0837099 0.00398877
0 0.801686 0.697817 0.0437541 0.0442936 0.0038496
0 0.495235 0.696983 0.0177563 0.0451231 0.00362304
0 0.642537 0.586158 0.117544 0.108915 0.00358963
0 0.290921 0.680474 0.0486696 0.0578016 0.00348863
0 0.528634 0.563922 0.183719 0.219211 0.00336748
0 0.341076 0.611061 0.0438496 0.0525869 0.00329003
17 0.388021 0.591536 0.144902 0.135541 0.00316152
0 0.0224621 0.700664 0.0429533 0.0530281 0.00305849
0 0.219272 0.656761 0.0276791 0.0481557 0.00287753
0 0.485516 0.715656 0.0210635 0.0251921 0.00276661
17 0.170117 0.668921 0.137509 0.0597329 0.00276121
0 0.220655 0.6483 0.0276328 0.0333901 0.00270727
0 0.361021 0.617738 0.0851951 0.0671017 0.0026888
0 0.604495 0.587823 0.0645838 0.0976652 0.00267202
0 0.69359 0.699792 0.023286 0.032981 0.00264037
0 0.587323 0.581148 0.143645 0.183434 0.00251043
0 0.256314 0.674016 0.081319 0.094023 0.00247353
0 0.544227 0.65007 0.0229932 0.0227885 0.00242898
0 0.65196 0.553106 0.108279 0.0406992 0.0023956
2 0.0310076 0.699765 0.0279341 0.0509606 0.00232881
17 0.239217 0.642543 0.054629 0.0900458 0.00231525
0 0.76186 0.688985 0.0558186 0.0646089 0.0021649
0 0.452079 0.592684 0.064974 0.151257 0.00214955
0 0.935448 0.683062 0.0212198 0.0304943 0.00214675
0 0.0252246 0.655461 0.041127 0.046361 0.00213787
0 0.244753 0.679891 0.0590526 0.106101 0.00204235
0 0.965315 0.680772 0.0202046 0.0293043 0.00203392
0 0.891301 0.703875 0.0280919 0.0339733 0.00200537
0 0.451637 0.714386 0.0244188 0.0287157 0.00199398
0 0.233495 0.61677 0.0461834 0.0529897 0.00196481
0 0.0355876 0.682769 0.0377964 0.0889759 0.00194997
17 0.13598 0.649901 0.0653626 0.0193419 0.00189781
0 0.374724 0.714359 0.0343247 0.0560922 0.00189564
2 0.135615 0.654984 0.0661555 0.0288688 0.00189412
0 0.3359 0.616452 0.0340249 0.0527946 0.00183335
0 0.426442 0.582549 0.061503 0.119992 0.00182465
17 0.886669 0.699602 0.0319368 0.0438671 0.00182432
0 0.283439 0.658912 0.032901 0.0480721 0.00174066
0 0.229445 0.609449 0.0345922 0.0479694 0.00173968
0 0.608481 0.539257 0.0535309 0.111753 0.00173327
0 0.247973 0.687997 0.0222609 0.0686519 0.00165319
17 0.827259 0.696698 0.155434 0.0493573 0.00152445
13 0.819705 0.703667 0.0791159 0.0346562 0.00149655
17 0.587323 0.581148 0.143645 0.183434 0.00147387
0 0.599533 0.519325 0.0535907 0.0729147 0.00145802
3 0.964785 0.700396 0.0484359 0.0429741 0.00145686
0 0.433989 0.595896 0.107088 0.14665 0.00145525
0 0.375402 0.614211 0.112731 0.0658898 0.00145158
17 0.328056 0.70637 0.0311982 0.0581807 0.00143313
17 0.421356 0.642235 0.427676 0.333937 0.00141937
0 0.736447 0.688208 0.0463513 0.0633467 0.00139847
0 0.432179 0.538935 0.0589168 0.0316562 0.0013949
17 0.156489 0.657985 0.111998 0.0360967 0.00139174
17 0.454885 0.70742 0.028526 0.0429931 0.00137463
0 0.256825 0.674059 0.0506947 0.0916804 0.00135589
0 0.242811 0.652382 0.0605389 0.0496435 0.00135136
17 0.378236 0.708639 0.227575 0.194724 0.00128868
0 0.447353 0.694271 0.096455 0.073701 0.00126204
17 0.135615 0.654984 0.0661555 0.0288688 0.00124764
58 0.623358 0.884295 0.180191 0.060508 0.00123236
0 0.886138 0.70505 0.0391849 0.0349326 0.00122082
0 0.0220397 0.684399 0.0440794 0.0508789 0.00121841
56 0.964747 0.699738 0.0472427 0.0420247 0.00121778
17 0.140771 0.669253 0.0783434 0.0571882 0.00120622
0 0.99174 0.699804 0.0165208 0.0454795 0.00116107
0 0.220943 0.666249 0.0246247 0.0649191 0.00115615
13 0.817889 0.697874 0.10583 0.0470174 0.00113475
58 0.567243 0.888427 0.0784656 0.0503773 0.00110415
17 0.233747 0.662547 0.043054 0.0629703 0.00110182
0 0.888879 0.69737 0.0414546 0.0495657 0.0010964
0 0.726694 0.692063 0.0429965 0.0528012 0.0010905
2 0.303259 0.69122 0.034042 0.0345165 0.00108778
2 0.156489 0.657985 0.111998 0.0360967 0.00108591
58 0.569729 0.90618 0.0876139 0.0718235 0.0010567
0 0.436437 0.5885 0.0623056 0.139619 0.00103161
13 0.835378 0.701226 0.162108 0.0429981 0.00101751
1 0.965704 0.700778 0.048996 0.0413899 0.00101718
17 0.239576 0.658964 0.041756 0.0563772 0.00100091
