29 0.646306 0.541035 0.553257 0.473151 0.992373
16 0.474201 0.491419 0.948402 0.916988 0.931688
16 0.666656 0.528936 0.518201 0.829181 0.0720111
29 0.490214 0.488384 0.980428 0.892643 0.0353445
0 0.643283 0.503181 0.563703 0.876386 0.0137086
29 0.643283 0.503181 0.563703 0.876386 0.00574586
0 0.490214 0.488384 0.980428 0.892643 0.00476763
20 0.490214 0.488384 0.980428 0.892643 0.00289184
15 0.474201 0.491419 0.948402 0.916988 0.00152478
17 0.474201 0.491419 0.948402 0.916988 0.00123906
20 0.666656 0.528936 0.518201 0.829181 0.00119236
45 0.6458 0.544609 0.555107 0.470235 0.00108799
16 0.475391 0.619165 0.904299 0.66657 0.00100476
