0 0.171956 0.633422 0.343883 0.473601 0.931969
38 0.231647 0.658795 0.105186 0.0716387 0.616044
74 0.605838 0.156958 0.126285 0.10937 0.0535102
0 0.0791411 0.00661061 0.102481 0.0132212 0.029494
38 0.212143 0.646381 0.143242 0.0990921 0.0128157
74 0.611433 0.161233 0.100606 0.0931168 0.0103013
0 0.0608799 0.00683408 0.0622311 0.0135349 0.010112
0 0.0991186 0.00710717 0.112588 0.0142143 0.00337306
74 0.612209 0.18051 0.0669889 0.0497572 0.00257164
0 0.23148 0.0058825 0.173371 0.011765 0.00217214
0 0.0851625 0.0104987 0.123382 0.0209974 0.00194186
56 0.0799218 0.00756637 0.103285 0.015131 0.00175631
74 0.60911 0.132685 0.0982901 0.0387913 0.00154436
0 0.171235 0.0050178 0.052487 0.00993983 0.00141487
0 0.163016 0.00519789 0.0372146 0.00982108 0.00140411
