0 0.725305 0.699815 0.178597 0.469681 0.939678
0 0.504979 0.64584 0.14787 0.609373 0.932666
0 0.362519 0.730893 0.142151 0.419681 0.918111
29 0.452373 0.274259 0.0525583 0.048333 0.872526
0 0.00674752 0.791377 0.0128384 0.0806077 0.155755
0 0.00750139 0.834128 0.0150028 0.165603 0.130475
32 0.00688704 0.791402 0.0132772 0.0814058 0.058215
32 0.00703179 0.833761 0.0140628 0.165043 0.00610098
0 0.821103 0.644628 0.0168091 0.0325811 0.00321811
0 0.0110624 0.79076 0.0209563 0.0882233 0.00288475
0 0.0070096 0.762181 0.0140192 0.153105 0.00258306
0 0.0112367 0.831829 0.0209139 0.174583 0.00249746
29 0.00698082 0.791635 0.013353 0.0825606 0.0014337
32 0.420339 0.598869 0.0199257 0.0352202 0.00116938
