56 0.365725 0.925133 0.232179 0.144303 0.909654
68 0.629909 0.503847 0.0869921 0.0690135 0.630049
72 0.74571 0.500797 0.141137 0.288075 0.592177
68 0.62252 0.504626 0.06814 0.0605447 0.505058
40 0.145506 0.447102 0.0279724 0.080462 0.421073
39 0.732364 0.623996 0.0143011 0.0769928 0.343513
40 0.121257 0.444729 0.0239478 0.0820993 0.258114
39 0.60369 0.414017 0.0140905 0.0518789 0.246551
72 0.781757 0.499298 0.213207 0.283177 0.238049
39 0.607816 0.296448 0.0137997 0.0368158 0.230259
40 0.151359 0.444186 0.0251142 0.0758415 0.216637
39 0.580943 0.415116 0.0178382 0.0509664 0.210534
39 0.615558 0.408775 0.0138256 0.0515936 0.209223
39 0.655115 0.28929 0.0196065 0.0413172 0.198709
41 0.500376 0.6102 0.055431 0.0935036 0.187855
40 0.125219 0.444562 0.0242528 0.0788226 0.173516
40 0.167774 0.441764 0.0231067 0.0776903 0.168104
39 0.500416 0.505553 0.0165785 0.0645093 0.159538
56 0.12384 0.909748 0.244703 0.170096 0.148793
40 0.111837 0.444629 0.0355304 0.0853399 0.145629
39 0.631198 0.354651 0.0140621 0.0347809 0.137327
69 0.62865 0.503818 0.0845092 0.0651419 0.129606
39 0.692819 0.616904 0.0258383 0.0644198 0.128787
39 0.645413 0.350658 0.0167386 0.0414174 0.122717
39 0.641529 0.349383 0.0237183 0.0436288 0.115698
40 0.177018 0.433516 0.0261092 0.0886503 0.113122
71 0.608375 0.651186 0.172467 0.0244362 0.108912
40 0.156184 0.44522 0.0206936 0.0793837 0.107721
39 0.589206 0.415462 0.0125722 0.0507996 0.107713
39 0.634854 0.350426 0.0209652 0.0430806 0.107485
41 0.343214 0.565835 0.0355598 0.0468341 0.107334
75 0.500347 0.610268 0.0551149 0.0937345 0.101992
40 0.131103 0.445357 0.0241699 0.0824317 0.0979582
39 0.528268 0.298178 0.0168068 0.0479172 0.0921698
39 0.586277 0.415816 0.0131544 0.0516647 0.0916542
39 0.59077 0.298876 0.0135794 0.03397 0.0853834
39 0.558222 0.301456 0.0122753 0.0341777 0.0851216
45 0.598483 0.127142 0.0691011 0.0607036 0.0817634
39 0.612085 0.413426 0.0130653 0.051572 0.0803174
39 0.567147 0.415237 0.010209 0.0503323 0.078217
71 0.650226 0.653311 0.257347 0.0296089 0.0768999
40 0.24452 0.432405 0.0276241 0.0698179 0.0755268
39 0.543842 0.299473 0.0129265 0.0429562 0.0741612
41 0.706488 0.332567 0.0339775 0.0590212 0.0739641
68 0.449139 0.506691 0.0422366 0.0769538 0.0736094
41 0.144864 0.445728 0.0269388 0.0824966 0.0733494
39 0.64261 0.291134 0.0153975 0.0398436 0.072905
39 0.555693 0.418402 0.0166317 0.0494818 0.0728515
41 0.412354 0.612276 0.0515264 0.0685748 0.0721884
41 0.835603 0.302413 0.0358889 0.0345271 0.0702718
41 0.120946 0.445579 0.0239474 0.0827958 0.0685329
45 0.343214 0.565835 0.0355598 0.0468341 0.0681204
39 0.562546 0.416999 0.0150778 0.0521506 0.0650631
40 0.233968 0.433533 0.02101 0.0708291 0.0626762
57 0.692926 0.984301 0.332213 0.0313976 0.0621628
40 0.190856 0.434771 0.0242715 0.0821562 0.0612731
39 0.622259 0.293947 0.0132381 0.0379633 0.0611119
39 0.569685 0.301045 0.0116776 0.034435 0.0603127
40 0.202781 0.4359 0.0233762 0.0745777 0.0597498
39 0.570961 0.415957 0.0108889 0.0520192 0.0591023
45 0.862099 0.647871 0.0750134 0.0355542 0.0582654
39 0.706546 0.333578 0.0311726 0.0562944 0.0578739
71 0.699576 0.654955 0.373506 0.0323359 0.0576009
39 0.640807 0.292657 0.0128348 0.0358943 0.0574268
39 0.617782 0.413559 0.0155706 0.0518004 0.0573998
40 0.108535 0.446783 0.023179 0.0820354 0.0567051
40 0.250107 0.430907 0.0225763 0.0667604 0.0557509
45 0.501213 0.610217 0.0544414 0.0926722 0.0550048
41 0.177096 0.599733 0.0892593 0.0993856 0.0532488
39 0.525024 0.300855 0.0166057 0.0437467 0.0509101
39 0.243779 0.43235 0.0265513 0.0723754 0.0497941
41 0.608023 0.295587 0.0156004 0.0385236 0.0497787
41 0.589394 0.298479 0.0146414 0.03582 0.0495925
68 0.234991 0.575963 0.0371794 0.0655334 0.0488427
39 0.580967 0.299645 0.00954113 0.0348867 0.0483072
39 0.628767 0.292376 0.0149261 0.0405614 0.0475628
40 0.219497 0.434729 0.0260934 0.0709983 0.0472639
39 0.637665 0.292692 0.0119438 0.0363417 0.0468735
45 0.283854 0.594289 0.0578264 0.0257184 0.0465358
45 0.763392 0.318036 0.0519331 0.0551337 0.0458629
68 0.255445 0.564837 0.0976337 0.0845767 0.0456186
39 0.572421 0.301366 0.0129963 0.0329831 0.0453644
40 0.181532 0.437784 0.0209237 0.0771713 0.0450149
39 0.631525 0.293178 0.0101198 0.0371293 0.0441709
41 0.410796 0.588081 0.0521858 0.110977 0.0420717
39 0.120883 0.587896 0.0158929 0.106249 0.0419793
41 0.812096 0.300981 0.0234802 0.0439749 0.0414949
39 0.793783 0.133591 0.0194729 0.0498656 0.0414893
39 0.626312 0.29297 0.0154703 0.0382268 0.0414361
59 0.692926 0.984301 0.332213 0.0313976 0.0407723
41 0.181532 0.437784 0.0209237 0.0771713 0.0400617
41 0.183924 0.443552 0.0197874 0.065837 0.0400229
41 0.147422 0.615858 0.0294447 0.0678357 0.039185
39 0.659534 0.290268 0.0217958 0.041935 0.0391449
68 0.266205 0.564773 0.0630635 0.0818558 0.0388193
56 0.687554 0.984049 0.338052 0.0319014 0.0384268
40 0.165281 0.442905 0.0160249 0.0803499 0.0375772
39 0.147422 0.615858 0.0294447 0.0678357 0.0375087
41 0.407708 0.542372 0.0508091 0.0865663 0.0374639
41 0.167972 0.441526 0.0217019 0.0757015 0.036739
39 0.538729 0.418368 0.017684 0.0539834 0.0363868
39 0.535889 0.297208 0.0154249 0.0489508 0.0360343
39 0.56117 0.298801 0.0139997 0.0384269 0.0353221
41 0.177018 0.433516 0.0261092 0.0886503 0.035225
39 0.533045 0.296225 0.0200786 0.0520812 0.0346655
41 0.205239 0.444102 0.0147869 0.0562187 0.0345539
41 0.189473 0.447435 0.018618 0.0563489 0.0333571
45 0.826361 0.309022 0.0560225 0.0263809 0.0329911
40 0.0869886 0.417935 0.0317598 0.0903337 0.0316586
39 0.126764 0.608734 0.0200284 0.078627 0.0307849
41 0.806368 0.301462 0.0181377 0.0453216 0.0303895
45 0.300843 0.636277 0.0471371 0.0297184 0.0299078
70 0.449139 0.506691 0.0422366 0.0769538 0.0298997
41 0.844623 0.616993 0.0332024 0.0288864 0.0297734
70 0.62252 0.504626 0.06814 0.0605447 0.0296776
40 0.0865147 0.403295 0.0331646 0.0712732 0.0286254
39 0.783243 0.384032 0.0404852 0.0730911 0.0286246
41 0.807902 0.299682 0.0242132 0.04479 0.0281893
41 0.2204 0.442493 0.016528 0.0544472 0.0281475
39 0.177018 0.433516 0.0261092 0.0886503 0.0277169
45 0.250974 0.507581 0.054579 0.0447172 0.0276927
39 0.519671 0.418117 0.0242725 0.052359 0.0273096
39 0.124259 0.591904 0.0258545 0.112043 0.0266876
39 0.120205 0.446258 0.0257422 0.0815032 0.0266622
40 0.183924 0.443552 0.0197874 0.065837 0.0264963
41 0.795046 0.1324 0.0192833 0.05002 0.0261907
45 0.291387 0.497936 0.0345178 0.0277658 0.02597
39 0.513807 0.417713 0.0152689 0.0548651 0.0255309
41 0.752607 0.620419 0.0288778 0.0416026 0.0254012
71 0.580358 0.656647 0.477324 0.0474524 0.0253869
41 0.555195 0.354692 0.0203598 0.0429315 0.0251495
41 0.559071 0.301701 0.0126011 0.0328684 0.0250049
39 0.344258 0.471529 0.0158487 0.0535873 0.0248713
62 0.448628 0.506343 0.0399397 0.0757818 0.0247866
60 0.687554 0.984049 0.338052 0.0319014 0.0245778
41 0.110863 0.44499 0.0308418 0.0840458 0.0241414
68 0.245256 0.507747 0.0965137 0.0489942 0.0240248
39 0.822311 0.410304 0.0114639 0.0496996 0.0238726
41 0.151359 0.444186 0.0251142 0.0758415 0.0235526
70 0.234991 0.575963 0.0371794 0.0655334 0.0235022
40 0.0838851 0.400414 0.0319748 0.0577367 0.0228177
39 0.806368 0.301462 0.0181377 0.0453216 0.0227024
70 0.266205 0.564773 0.0630635 0.0818558 0.0226983
45 0.592087 0.131935 0.054524 0.0516039 0.0224823
39 0.144545 0.446174 0.0253821 0.0825434 0.0224423
40 0.17197 0.437557 0.0285746 0.114053 0.0224031
41 0.884947 0.436037 0.0288145 0.0973653 0.0221213
71 0.588652 0.653041 0.134514 0.0231558 0.0219795
39 0.784184 0.371823 0.0350004 0.0806828 0.021972
68 0.276034 0.565425 0.0942258 0.0843145 0.0219096
39 0.404977 0.487544 0.0141218 0.030598 0.0218788
41 0.125219 0.444562 0.0242528 0.0788226 0.0218266
45 0.832458 0.303153 0.0423437 0.035314 0.0216534
45 0.245816 0.507796 0.0352725 0.0428369 0.0214906
39 0.169852 0.438315 0.0271017 0.083684 0.0209168
41 0.762012 0.320336 0.0484238 0.0559746 0.0207382
73 0.829341 0.442739 0.0597803 0.0176366 0.0205627
39 0.537063 0.365793 0.0189667 0.0249887 0.0204276
39 0.213154 0.437954 0.0169964 0.066948 0.0203889
39 0.639973 0.330091 0.0263741 0.081424 0.0201787
39 0.631269 0.427815 0.0251797 0.0224756 0.0197855
41 0.569639 0.353039 0.0240766 0.0434622 0.0195899
41 0.248299 0.430999 0.0254341 0.0684481 0.0195743
45 0.284647 0.457517 0.0369706 0.0189988 0.0194986
41 0.203426 0.435525 0.0191883 0.0738577 0.019334
41 0.519671 0.418117 0.0242725 0.052359 0.019311
73 0.252236 0.624128 0.0661323 0.0293739 0.019102
40 0.103231 0.442361 0.0274374 0.0915435 0.0189475
71 0.61489 0.654727 0.201048 0.0250721 0.018795
41 0.897567 0.613394 0.0390202 0.0852805 0.0186769
73 0.862099 0.647871 0.0750134 0.0355542 0.018646
41 0.191175 0.434769 0.0216561 0.080372 0.0185031
75 0.343214 0.565835 0.0355598 0.0468341 0.0181306
41 0.305351 0.49596 0.00810518 0.0302789 0.018052
60 0.482881 0.635992 0.890801 0.0962313 0.0179842
73 0.835765 0.453665 0.0917061 0.0241567 0.0177754
41 0.623688 0.293779 0.0148789 0.0386768 0.0177552
45 0.487499 0.438124 0.0261713 0.0138777 0.0177197
41 0.544522 0.300043 0.0131807 0.0402498 0.0172901
40 0.2204 0.442493 0.016528 0.0544472 0.0171482
41 0.2202 0.435088 0.0222163 0.0715477 0.0168909
39 0.637493 0.428452 0.0180386 0.0235215 0.0167614
71 0.255445 0.564837 0.0976337 0.0845767 0.0166467
41 0.57892 0.361802 0.02591 0.0218386 0.0165587
39 0.117504 0.588469 0.0220838 0.108882 0.0164628
71 0.477615 0.652537 0.696391 0.0518911 0.016265
41 0.0815205 0.583302 0.036122 0.0545141 0.0162497
39 0.250107 0.430907 0.0225763 0.0667604 0.0161959
39 0.331996 0.493397 0.0143099 0.0321388 0.0161349
75 0.120946 0.445579 0.0239474 0.0827958 0.0155742
41 0.569685 0.301045 0.0116776 0.034435 0.0155054
40 0.097726 0.433732 0.0268538 0.108376 0.0154576
39 0.521008 0.528722 0.0160444 0.0207589 0.0153323
41 0.510671 0.417665 0.0138446 0.0524928 0.015153
45 0.251856 0.623582 0.0657052 0.0300237 0.014918
41 0.572421 0.301366 0.0129963 0.0329831 0.0145274
40 0.205239 0.444102 0.0147869 0.0562187 0.0145271
39 0.183924 0.443552 0.0197874 0.065837 0.0144794
75 0.145506 0.447102 0.0279724 0.080462 0.0144461
39 0.181532 0.437784 0.0209237 0.0771713 0.0143943
39 0.2204 0.442493 0.016528 0.0544472 0.0143677
69 0.255445 0.564837 0.0976337 0.0845767 0.0142751
41 0.164932 0.442278 0.0148626 0.0797546 0.0140115
41 0.536044 0.366493 0.0199618 0.0258817 0.0138166
39 0.529299 0.297121 0.0250383 0.0542296 0.013685
41 0.637665 0.292692 0.0119438 0.0363417 0.0134613
41 0.580967 0.299645 0.00954113 0.0348867 0.0134149
68 0.261161 0.534707 0.133578 0.105409 0.0133967
41 0.20084 0.511517 0.0271397 0.0318698 0.0133013
41 0.206687 0.511441 0.0186485 0.0330852 0.0132672
39 0.794769 0.425981 0.0121094 0.0387094 0.0131043
45 0.289863 0.458826 0.0315581 0.017186 0.0130635
39 0.605743 0.418209 0.0151674 0.0494186 0.0130191
39 0.784593 0.350165 0.0247274 0.081484 0.0130057
56 0.268915 0.564512 0.0566737 0.0767817 0.0129891
39 0.330154 0.496523 0.0199876 0.0391138 0.0129402
45 0.20084 0.511517 0.0271397 0.0318698 0.0128396
41 0.820373 0.116521 0.0356941 0.0790792 0.0126349
39 0.641286 0.322031 0.0336901 0.101589 0.0124756
39 0.165281 0.442905 0.0160249 0.0803499 0.0124539
39 0.661955 0.338156 0.0251446 0.0616304 0.0124453
41 0.131103 0.445357 0.0241699 0.0824317 0.0122723
39 0.542047 0.418828 0.0164087 0.0500237 0.0122413
71 0.276034 0.565425 0.0942258 0.0843145 0.0121945
41 0.555693 0.418402 0.0166317 0.0494818 0.0120498
39 0.205239 0.444102 0.0147869 0.0562187 0.0120162
39 0.531291 0.41853 0.0152147 0.0498932 0.0119933
39 0.659234 0.293534 0.0269607 0.0438862 0.0118018
39 0.212845 0.434679 0.0238389 0.0729082 0.0117892
44 0.206687 0.511441 0.0186485 0.0330852 0.0117134
72 0.988666 0.326492 0.0226677 0.53762 0.0116945
39 0.187328 0.438468 0.0188053 0.0743361 0.0116615
39 0.66146 0.323846 0.0249456 0.0826733 0.011647
40 0.189473 0.447435 0.018618 0.0563489 0.0116266
41 0.631198 0.354651 0.0140621 0.0347809 0.0116094
40 0.191555 0.419258 0.0194903 0.0726096 0.0115746
40 0.187328 0.438468 0.0188053 0.0743361 0.0115436
45 0.28139 0.566383 0.083529 0.0791148 0.0114998
45 0.189745 0.538592 0.0341407 0.0267403 0.0114985
41 0.527875 0.298499 0.0160868 0.0457818 0.0114615
45 0.848205 0.345643 0.099073 0.0210385 0.0113472
45 0.74803 0.326523 0.0203808 0.0362415 0.0112593
39 0.509741 0.508649 0.0173367 0.0629009 0.0112474
70 0.246728 0.507427 0.0608739 0.0463469 0.0112193
41 0.288874 0.501293 0.0229237 0.0297864 0.0108856
69 0.261161 0.534707 0.133578 0.105409 0.010879
39 0.902144 0.618698 0.0468966 0.092982 0.0108633
39 0.510671 0.417665 0.0138446 0.0524928 0.0107836
41 0.631269 0.427815 0.0251797 0.0224756 0.0107446
75 0.795046 0.1324 0.0192833 0.05002 0.0106806
39 0.372195 0.527519 0.0272102 0.0923665 0.0106265
73 0.300527 0.636086 0.0488326 0.0302277 0.010608
39 0.12114 0.552833 0.0133002 0.0370092 0.0105799
45 0.751468 0.326118 0.0277423 0.0404016 0.010538
45 0.28208 0.442551 0.0272581 0.022887 0.0105275
45 0.275289 0.458678 0.0562188 0.0190524 0.0104673
39 0.795398 0.414812 0.0127357 0.0198168 0.0104418
45 0.835933 0.330729 0.0893101 0.0184734 0.0103768
73 0.177225 0.599609 0.0893331 0.100687 0.0103723
45 0.82493 0.208707 0.102359 0.0367019 0.0102955
41 0.869966 0.416488 0.01409 0.0594948 0.0102658
39 0.343009 0.566633 0.036137 0.0494008 0.0101241
69 0.276034 0.565425 0.0942258 0.0843145 0.0100192
41 0.659534 0.290268 0.0217958 0.041935 0.00998247
41 0.825614 0.116788 0.0506706 0.0814906 0.00995791
41 0.43116 0.606681 0.0906185 0.0778729 0.00994578
71 0.251856 0.623582 0.0657052 0.0300237 0.00992829
39 0.885303 0.43261 0.0275911 0.0888793 0.00992757
40 0.0830106 0.413593 0.0308474 0.0654842 0.00990722
40 0.520756 0.41882 0.0182859 0.0507444 0.00981292
41 0.631525 0.293178 0.0101198 0.0371293 0.00979102
70 0.25124 0.563265 0.0928739 0.080501 0.00974587
41 0.108943 0.448735 0.0202625 0.0779152 0.00970954
39 0.343075 0.488678 0.0144592 0.0289448 0.00970829
41 0.641529 0.349383 0.0237183 0.0436288 0.00966576
41 0.56117 0.298801 0.0139997 0.0384269 0.00959432
39 0.236765 0.578192 0.0325538 0.0615801 0.0094786
39 0.190856 0.434771 0.0242715 0.0821562 0.00945142
39 0.655167 0.341461 0.0304178 0.0544282 0.00942549
41 0.235215 0.431587 0.0200115 0.0676039 0.00942412
60 0.49992 0.618162 0.909668 0.113846 0.00926945
39 0.108943 0.448735 0.0202625 0.0779152 0.00926352
70 0.28139 0.566383 0.083529 0.0791148 0.00918937
73 0.831323 0.47677 0.101177 0.0200272 0.00918788
41 0.634854 0.350426 0.0209652 0.0430806 0.00910813
45 0.57892 0.361802 0.02591 0.0218386 0.00910723
39 0.611941 0.409543 0.0173747 0.0585234 0.00908917
70 0.248055 0.506451 0.0407699 0.0434433 0.00902995
41 0.654764 0.291513 0.0171304 0.0380642 0.00901994
71 0.28376 0.593686 0.0646188 0.0284671 0.00899675
39 0.111837 0.444629 0.0355304 0.0853399 0.00893211
65 0.300527 0.636086 0.0488326 0.0302277 0.00893083
41 0.637493 0.428452 0.0180386 0.0235215 0.00891998
39 0.559304 0.414758 0.0204088 0.0527562 0.00889567
68 0.988192 0.269194 0.0236153 0.418287 0.00883007
69 0.245256 0.507747 0.0965137 0.0489942 0.00877351
39 0.783356 0.40862 0.0410965 0.115717 0.00874567
45 0.264607 0.50778 0.0268539 0.03383 0.00873882
39 0.189473 0.447435 0.018618 0.0563489 0.00859734
71 0.676176 0.655155 0.10499 0.018043 0.00858945
