72 0.129995 0.388241 0.231825 0.442202 0.915473
69 0.499094 0.445941 0.190629 0.307794 0.736256
74 0.547469 0.0950765 0.104611 0.120261 0.733091
45 0.28233 0.336726 0.0699231 0.0338253 0.551845
75 0.366906 0.137801 0.0480328 0.0843896 0.470797
58 0.904356 0.129662 0.0879705 0.0996296 0.467049
75 0.687866 0.144092 0.0299484 0.0692716 0.28853
0 0.310522 0.83209 0.110505 0.302052 0.255868
69 0.497118 0.491937 0.179955 0.208141 0.194617
75 0.848916 0.138954 0.0505127 0.0838708 0.177696
74 0.54701 0.0953458 0.0771841 0.0851225 0.171406
75 0.93525 0.158692 0.0192877 0.0439408 0.136121
75 0.290394 0.128262 0.0904948 0.103431 0.116913
69 0.538354 0.814283 0.0679574 0.218299 0.114976
58 0.888145 0.129191 0.129213 0.1013 0.105462
75 0.311031 0.83225 0.110809 0.301076 0.101373
58 0.848638 0.13909 0.0505064 0.0847738 0.100635
62 0.770177 0.12007 0.122875 0.103738 0.0979128
71 0.862224 0.359801 0.195124 0.039736 0.0919917
39 0.847119 0.139278 0.047542 0.0845295 0.0784119
39 0.36749 0.137609 0.0480105 0.0848366 0.0759399
71 0.876117 0.39787 0.20829 0.109546 0.0712334
45 0.176082 0.847423 0.032798 0.013648 0.0707253
71 0.869267 0.365574 0.186438 0.0335568 0.069852
39 0.162343 0.753944 0.0386941 0.0904627 0.0683995
45 0.284299 0.341574 0.0725491 0.0287056 0.0649804
45 0.29085 0.137279 0.089381 0.085835 0.0471403
74 0.413511 0.151779 0.0452515 0.0574721 0.0438641
72 0.538839 0.815944 0.0680738 0.217546 0.0429514
45 0.547751 0.336455 0.0727463 0.0591046 0.0428823
45 0.649635 0.276779 0.0669942 0.0702721 0.0411536
58 0.906295 0.115598 0.080504 0.069398 0.0394573
74 0.649767 0.276841 0.0672069 0.0713009 0.0367188
73 0.871779 0.830089 0.247983 0.298968 0.0305406
75 0.902854 0.1552 0.0471664 0.0384834 0.0274398
56 0.311031 0.83225 0.110809 0.301076 0.0264083
45 0.0533561 0.847587 0.0301525 0.013311 0.0262212
39 0.847955 0.563035 0.0243393 0.0562048 0.0249397
74 0.770093 0.120424 0.122203 0.103286 0.0228879
39 0.819557 0.565282 0.0255081 0.0507144 0.0222033
63 0.871332 0.830507 0.248738 0.29949 0.0216619
39 0.825335 0.564081 0.0269123 0.0538814 0.0196631
45 0.54594 0.296218 0.0435991 0.027301 0.0192472
58 0.0856797 0.75352 0.0526768 0.0718651 0.0180125
39 0.687702 0.14417 0.0292225 0.0706451 0.0176268
45 0.714134 0.260659 0.0530167 0.0579464 0.0167432
39 0.868406 0.56539 0.0227566 0.0487314 0.0159093
45 0.684073 0.410231 0.0428871 0.0188555 0.0158042
74 0.693958 0.894072 0.0234354 0.0265184 0.0156036
39 0.88611 0.56461 0.02015 0.0507634 0.0152393
39 0.850688 0.566995 0.0216633 0.0479467 0.0151547
39 0.828994 0.56057 0.0225582 0.0587318 0.0147265
69 0.501532 0.335825 0.184756 0.0769907 0.0146638
71 0.502229 0.335608 0.183326 0.0794778 0.0143573
45 0.546 0.32372 0.0670535 0.0846463 0.014271
39 0.87063 0.559593 0.0213823 0.0602434 0.0134198
75 0.413519 0.151628 0.0451111 0.0571321 0.0129193
75 0.846668 0.154336 0.0423172 0.0550396 0.0127659
57 0.311031 0.83225 0.110809 0.301076 0.0127509
58 0.934035 0.130964 0.0266117 0.0988437 0.0125171
39 0.894471 0.561946 0.0188824 0.0469958 0.0119367
41 0.598592 0.29072 0.023452 0.0319031 0.011911
39 0.863239 0.310389 0.0207642 0.0657424 0.0117764
41 0.890946 0.509004 0.0188303 0.0260182 0.0109549
16 0.310522 0.83209 0.110505 0.302052 0.0107616
64 0.176082 0.847423 0.032798 0.013648 0.0107331
74 0.288592 0.0861919 0.0380369 0.0242309 0.010385
74 0.542006 0.0805895 0.0371696 0.0430012 0.00986412
58 0.311031 0.83225 0.110809 0.301076 0.00957903
39 0.9036 0.559582 0.0189995 0.0395531 0.00917584
58 0.872976 0.137285 0.0300409 0.0863214 0.00900781
75 0.162223 0.753373 0.0391085 0.092466 0.00890338
19 0.311031 0.83225 0.110809 0.301076 0.00886324
65 0.176082 0.847423 0.032798 0.013648 0.00872213
41 0.93525 0.158692 0.0192877 0.0439408 0.00842083
40 0.366906 0.137801 0.0480328 0.0843896 0.00841421
58 0.907144 0.108151 0.0725018 0.0521858 0.00814813
14 0.900506 0.819702 0.0346535 0.026527 0.00813276
69 0.59468 0.796065 0.177253 0.250267 0.00792041
26 0.310172 0.83153 0.111166 0.303886 0.00772023
68 0.499463 0.446836 0.189716 0.304408 0.00763348
74 0.430846 0.90657 0.136399 0.154131 0.00746024
59 0.311031 0.83225 0.110809 0.301076 0.00742868
72 0.871332 0.830507 0.248738 0.29949 0.00732905
27 0.310172 0.83153 0.111166 0.303886 0.00728893
45 0.902863 0.157322 0.0465336 0.042766 0.00721866
58 0.882204 0.130719 0.037516 0.0738337 0.00712281
41 0.883497 0.509656 0.0294506 0.0262959 0.00711736
74 0.0894802 0.775986 0.0270614 0.0294522 0.00710344
71 0.851543 0.356898 0.170656 0.0277459 0.00680488
67 0.176082 0.847423 0.032798 0.013648 0.00678918
45 0.543196 0.300004 0.0499399 0.0363146 0.006706
45 0.288592 0.0861919 0.0380369 0.0242309 0.00667024
41 0.913804 0.212532 0.0214054 0.0319666 0.00654352
77 0.310911 0.83238 0.111588 0.304533 0.00642994
41 0.546031 0.296683 0.0426371 0.0267069 0.00638548
45 0.639035 0.747907 0.0358179 0.0198169 0.00632149
74 0.714211 0.260827 0.0537182 0.058332 0.00620699
75 0.875227 0.155456 0.0196693 0.0501799 0.00616974
68 0.871779 0.830089 0.247983 0.298968 0.00615802
71 0.746742 0.362774 0.450428 0.0432724 0.00607163
75 0.55158 0.325933 0.0750013 0.0867177 0.00590318
74 0.639035 0.747907 0.0358179 0.0198169 0.00581098
41 0.60984 0.327684 0.030258 0.0315383 0.00578809
41 0.366906 0.137801 0.0480328 0.0843896 0.00574625
68 0.74944 0.830565 0.492331 0.303861 0.00570315
58 0.0806197 0.733595 0.0396214 0.0321157 0.00566012
74 0.176082 0.847423 0.032798 0.013648 0.00550011
75 0.248936 0.21595 0.0302136 0.0509064 0.00548154
72 0.499463 0.446836 0.189716 0.304408 0.00540987
45 0.601288 0.292028 0.02432 0.0314424 0.00536409
41 0.848916 0.138954 0.0505127 0.0838708 0.00535443
41 0.867056 0.568008 0.0218748 0.0443382 0.00529185
20 0.310522 0.83209 0.110505 0.302052 0.00528598
68 0.538354 0.814283 0.0679574 0.218299 0.00515917
45 0.413511 0.151779 0.0452515 0.0574721 0.00509214
39 0.801634 0.555885 0.0262579 0.0587635 0.00494054
39 0.93525 0.158692 0.0192877 0.0439408 0.00486171
74 0.0772061 0.747198 0.08848 0.107762 0.00486073
15 0.310911 0.83238 0.111588 0.304533 0.00482428
41 0.902863 0.157322 0.0465336 0.042766 0.00477862
41 0.873476 0.509858 0.0194611 0.0251365 0.00475404
41 0.885224 0.568851 0.0192204 0.0441102 0.00469565
39 0.804551 0.559859 0.0206501 0.0517009 0.00466719
39 0.896358 0.568704 0.0203655 0.0404004 0.00465581
71 0.875529 0.412009 0.184139 0.0718618 0.00464612
41 0.818529 0.568061 0.0268126 0.0489951 0.00463808
12 0.42707 0.843646 0.145552 0.280508 0.00461319
32 0.693958 0.894072 0.0234354 0.0265184 0.00460586
71 0.321 0.358817 0.198472 0.0407687 0.00454021
68 0.497118 0.491937 0.179955 0.208141 0.00450265
0 0.771119 0.125399 0.101442 0.0897579 0.00446019
39 0.804639 0.496576 0.0191872 0.0486596 0.00444424
45 0.286292 0.35172 0.0786626 0.0155786 0.00431585
41 0.905934 0.508424 0.0176712 0.0268262 0.00430021
55 0.28233 0.336726 0.0699231 0.0338253 0.00427878
39 0.821252 0.498228 0.0194893 0.0463315 0.00425741
71 0.876938 0.370388 0.207122 0.0337525 0.0042451
41 0.896358 0.568704 0.0203655 0.0404004 0.00417367
45 0.287006 0.33111 0.0827475 0.0323359 0.00416231
39 0.920077 0.560765 0.0222332 0.0423907 0.00397471
45 0.608064 0.328235 0.0332941 0.0305715 0.00394198
41 0.881902 0.512628 0.0252401 0.0227432 0.00391901
71 0.860722 0.351243 0.180738 0.0197297 0.00389481
45 0.547504 0.0947304 0.105355 0.121074 0.0038853
41 0.822739 0.565929 0.0315025 0.0544042 0.00381151
45 0.693667 0.32929 0.0295164 0.0259917 0.0037272
45 0.283809 0.348101 0.0720756 0.0175334 0.00371119
69 0.623532 0.831305 0.237076 0.296502 0.00357342
41 0.0546888 0.849009 0.0273916 0.0129003 0.00356036
41 0.848217 0.566357 0.0219437 0.0518978 0.00353694
41 0.90958 0.212933 0.0273968 0.0327566 0.0034841
72 0.74944 0.830565 0.492331 0.303861 0.00346306
71 0.28735 0.340698 0.0867276 0.0312579 0.00343916
39 0.310172 0.83153 0.111166 0.303886 0.00342774
72 0.416447 0.832097 0.167632 0.301444 0.00342718
41 0.693667 0.32929 0.0295164 0.0259917 0.00337461
47 0.28233 0.336726 0.0699231 0.0338253 0.00336924
74 0.290515 0.127264 0.0896087 0.104787 0.00334191
39 0.821841 0.509447 0.0183613 0.0252223 0.00330675
39 0.906505 0.565916 0.0339348 0.0475482 0.00330243
74 0.0859019 0.778442 0.0380373 0.036933 0.0032717
45 0.890946 0.509004 0.0188303 0.0260182 0.00323525
72 0.59468 0.796065 0.177253 0.250267 0.00321504
39 0.919773 0.553186 0.0200426 0.0440709 0.00321439
32 0.75426 0.52402 0.0193346 0.02149 0.00318873
73 0.90472 0.156027 0.0451511 0.0406401 0.00309679
58 0.290458 0.126855 0.0911686 0.105335 0.00304183
75 0.251754 0.158555 0.0189257 0.0410262 0.00303885
41 0.703557 0.328841 0.015432 0.0279922 0.00303054
68 0.770093 0.120424 0.122203 0.103286 0.00302887
69 0.52722 0.82033 0.0462477 0.185817 0.00295991
72 0.495287 0.490041 0.172142 0.206966 0.00295949
62 0.871365 0.831059 0.247938 0.299736 0.00293991
41 0.55158 0.325933 0.0750013 0.0867177 0.00288466
75 0.28233 0.336726 0.0699231 0.0338253 0.00287041
41 0.687575 0.329397 0.0307941 0.0263497 0.00283921
71 0.272952 0.36087 0.140896 0.0254418 0.00283897
74 0.54594 0.296218 0.0435991 0.027301 0.00281829
39 0.659882 0.220011 0.0223945 0.049697 0.00278836
17 0.311031 0.83225 0.110809 0.301076 0.00274515
41 0.833245 0.509058 0.0183107 0.0263565 0.00273812
41 0.288592 0.0861919 0.0380369 0.0242309 0.0027318
45 0.543898 0.307011 0.0530689 0.0477297 0.00272959
68 0.501532 0.335825 0.184756 0.0769907 0.00272685
74 0.0546888 0.849009 0.0273916 0.0129003 0.00272354
39 0.831305 0.498246 0.020927 0.0457193 0.00267482
24 0.311031 0.83225 0.110809 0.301076 0.00265819
71 0.871437 0.47318 0.215241 0.267438 0.00265086
41 0.851974 0.567216 0.0192287 0.0492863 0.00264415
70 0.551953 0.326173 0.0770889 0.0864848 0.00264204
71 0.358316 0.359031 0.12234 0.0396587 0.00262624
71 0.477912 0.324837 0.115852 0.0466646 0.00260895
39 0.840429 0.49796 0.0211349 0.0429817 0.00260463
11 0.431919 0.90545 0.134778 0.156433 0.0025993
60 0.554591 0.662446 0.822039 0.144144 0.0025973
75 0.714341 0.261052 0.0521227 0.0579389 0.00258905
39 0.793155 0.557257 0.0270638 0.0583089 0.0025481
39 0.890291 0.501076 0.0204136 0.0401836 0.00251895
64 0.0533561 0.847587 0.0301525 0.013311 0.002518
72 0.873845 0.471514 0.214121 0.257367 0.00246215
14 0.310522 0.83209 0.110505 0.302052 0.00245565
41 0.176082 0.847423 0.032798 0.013648 0.00245354
58 0.902854 0.1552 0.0471664 0.0384834 0.00243664
39 0.810346 0.566807 0.0268356 0.0509415 0.00241774
41 0.840023 0.508476 0.021036 0.0268222 0.00241199
75 0.544968 0.336714 0.0666681 0.0568089 0.0024111
39 0.833245 0.509058 0.0183107 0.0263565 0.00240585
75 0.649461 0.277237 0.0679635 0.0724821 0.00238532
41 0.311031 0.83225 0.110809 0.301076 0.00234339
74 0.692345 0.212651 0.0339249 0.0346035 0.00233206
75 0.861859 0.311137 0.0201334 0.066017 0.00232559
58 0.687702 0.14417 0.0292225 0.0706451 0.00228363
70 0.413511 0.151779 0.0452515 0.0574721 0.00228158
74 0.537567 0.0845995 0.036605 0.0462067 0.00227422
26 0.547458 0.339181 0.0707277 0.0519503 0.00226963
41 0.649344 0.277478 0.0675537 0.0728255 0.0022665
58 0.854061 0.114024 0.0504028 0.0342208 0.00225472
39 0.846812 0.542884 0.0240154 0.0358812 0.00223583
39 0.875227 0.155456 0.0196693 0.0501799 0.00222924
73 0.683449 0.40974 0.0430101 0.0207919 0.0021995
45 0.687575 0.329397 0.0307941 0.0263497 0.00215584
60 0.314942 0.436745 0.212642 0.233744 0.00211814
45 0.75426 0.52402 0.0193346 0.02149 0.00210449
66 0.317572 0.359172 0.203674 0.0407589 0.00209484
39 0.882354 0.494207 0.0268288 0.0454651 0.00207812
47 0.2916 0.136243 0.0889556 0.0871122 0.00206345
66 0.688077 0.360954 0.206375 0.0397579 0.0020375
64 0.68451 0.410214 0.0435461 0.0186753 0.00201991
74 0.366564 0.13946 0.0485451 0.0812316 0.00199983
60 0.515371 0.715807 0.89219 0.258212 0.00197321
39 0.905872 0.497749 0.0184378 0.0446517 0.00195625
41 0.846668 0.154336 0.0423172 0.0550396 0.00194836
41 0.856557 0.509373 0.0169636 0.0237318 0.00193977
35 0.310172 0.83153 0.111166 0.303886 0.00191626
41 0.687702 0.14417 0.0292225 0.0706451 0.00191522
74 0.770848 0.125817 0.0995467 0.0877994 0.00191119
41 0.872575 0.489376 0.0199623 0.0331672 0.00189111
74 0.903681 0.157055 0.0468966 0.0432764 0.00188634
71 0.547751 0.336455 0.0727463 0.0591046 0.00188005
41 0.890291 0.501076 0.0204136 0.0401836 0.0018796
73 0.688077 0.360954 0.206375 0.0397579 0.0018625
41 0.2916 0.136243 0.0889556 0.0871122 0.00185949
45 0.881902 0.512628 0.0252401 0.0227432 0.00185707
45 0.883497 0.509656 0.0294506 0.0262959 0.00185433
39 0.883497 0.509656 0.0294506 0.0262959 0.00184393
41 0.28272 0.339486 0.069262 0.0263021 0.00183684
39 0.870024 0.537591 0.017045 0.0240585 0.00183141
39 0.804906 0.487668 0.0181576 0.0334939 0.00183022
39 0.840023 0.508476 0.021036 0.0268222 0.00182694
39 0.795208 0.56903 0.0270657 0.0421037 0.00182128
45 0.913804 0.212532 0.0214054 0.0319666 0.00181299
39 0.80327 0.546579 0.0225817 0.0434509 0.00181019
71 0.49934 0.355322 0.151873 0.0256658 0.00180778
45 0.860819 0.358917 0.184224 0.0329579 0.00178868
45 0.281132 0.322043 0.0700457 0.0265622 0.00178316
39 0.852153 0.539176 0.0202057 0.0285133 0.00177729
39 0.890946 0.509004 0.0188303 0.0260182 0.00176135
68 0.624825 0.830837 0.238028 0.298912 0.00175515
41 0.86877 0.48444 0.019701 0.0275174 0.00174725
73 0.875231 0.156004 0.0181734 0.0493435 0.00174686
40 0.687702 0.14417 0.0292225 0.0706451 0.00174618
73 0.387333 0.357322 0.0680136 0.0354407 0.00173134
60 0.590197 0.805088 0.806185 0.349998 0.00170511
39 0.942276 0.560457 0.0205824 0.0665933 0.00170127
58 0.935523 0.158584 0.0194479 0.0430422 0.00169849
45 0.528897 0.327523 0.125356 0.0850202 0.00169775
41 0.84623 0.558217 0.0288807 0.0653042 0.00167826
39 0.819437 0.547234 0.0188704 0.0444295 0.00167403
39 0.933161 0.561043 0.0186729 0.0636327 0.00167069
74 0.561522 0.0982204 0.0457974 0.0610922 0.00166863
75 0.400876 0.150327 0.0223511 0.058293 0.00164765
41 0.885811 0.559061 0.019383 0.0573955 0.00164092
71 0.283097 0.337034 0.0703976 0.0334824 0.00163555
41 0.851677 0.560001 0.0229481 0.0599487 0.00163007
69 0.129298 0.389622 0.231134 0.442386 0.00162581
58 0.28233 0.336726 0.0699231 0.0338253 0.00162119
73 0.431415 0.905141 0.135906 0.15631 0.00161749
41 0.894471 0.561946 0.0188824 0.0469958 0.00160587
63 0.502229 0.335608 0.183326 0.0794778 0.00158811
60 0.874344 0.469577 0.213166 0.259914 0.00158715
69 0.31385 0.359723 0.211751 0.0452272 0.00157353
72 0.491907 0.830854 0.407442 0.302267 0.00157189
39 0.905934 0.508424 0.0176712 0.0268262 0.00156614
39 0.873476 0.509858 0.0194611 0.0251365 0.00156143
39 0.872575 0.489376 0.0199623 0.0331672 0.00156003
75 0.394274 0.14821 0.0203701 0.0622538 0.00154588
60 0.619805 0.452834 0.71582 0.298273 0.00154445
65 0.0533561 0.847587 0.0301525 0.013311 0.00153533
60 0.566264 0.639354 0.837077 0.0868627 0.00152978
41 0.870663 0.512412 0.0266239 0.0230662 0.00152972
70 0.528897 0.327523 0.125356 0.0850202 0.00152943
41 0.87063 0.559593 0.0213823 0.0602434 0.00152498
39 0.831084 0.539059 0.0159933 0.0291336 0.00151393
41 0.905872 0.497749 0.0184378 0.0446517 0.00151098
39 0.883632 0.537279 0.0189754 0.0239115 0.00150916
41 0.882354 0.494207 0.0268288 0.0454651 0.00150234
70 0.2916 0.136243 0.0889556 0.0871122 0.00150049
75 0.254587 0.138693 0.025282 0.0820147 0.00149342
69 0.874344 0.469577 0.213166 0.259914 0.00148979
