16 0.191505 0.535182 0.167895 0.290186 0.917214
36 0.693633 0.533505 0.166939 0.522846 0.881315
43 0.691741 0.533527 0.163173 0.520541 0.126797
60 0.487706 0.803507 0.951622 0.371016 0.0699204
56 0.0604928 0.472284 0.118453 0.231189 0.0556875
56 0.0624848 0.528423 0.122289 0.114851 0.0321153
56 0.0400751 0.530542 0.0792314 0.120927 0.0201379
56 0.0622917 0.555374 0.122672 0.167606 0.0190789
36 0.724214 0.535007 0.194777 0.511114 0.0139305
31 0.694414 0.534174 0.16675 0.518929 0.0118227
43 0.312317 0.423948 0.0685675 0.222362 0.0077216
76 0.313698 0.42156 0.0725267 0.227182 0.00738668
56 0.0821798 0.529607 0.067762 0.104711 0.0068177
79 0.322249 0.382179 0.0541507 0.140945 0.00647664
65 0.691741 0.533527 0.163173 0.520541 0.00635079
30 0.313486 0.422123 0.0743517 0.224965 0.00569922
79 0.312317 0.423948 0.0685675 0.222362 0.00487098
60 0.492359 0.679978 0.981615 0.607921 0.00482252
25 0.312317 0.423948 0.0685675 0.222362 0.00471345
37 0.313486 0.422123 0.0743517 0.224965 0.00460625
72 0.655623 0.449198 0.632979 0.620877 0.00414658
79 0.31217 0.388433 0.0425598 0.147863 0.00408956
60 0.498652 0.467868 0.983282 0.606934 0.00404164
56 0.0972251 0.540552 0.155913 0.204388 0.00403863
56 0.0327194 0.512929 0.0639615 0.0782755 0.00399902
56 0.0596261 0.532151 0.061141 0.10188 0.00395018
15 0.191919 0.535107 0.168119 0.288628 0.0036802
43 0.422932 0.379663 0.0348645 0.195361 0.00361305
76 0.694414 0.534174 0.16675 0.518929 0.00358263
13 0.512785 0.453851 0.974431 0.630045 0.00351933
76 0.424978 0.38263 0.0438416 0.202509 0.00319731
13 0.0624848 0.528423 0.122289 0.114851 0.00290555
79 0.425663 0.380779 0.0420966 0.198487 0.00268534
56 0.0632833 0.506933 0.124206 0.0855349 0.00259775
14 0.439996 0.560364 0.108573 0.177373 0.00256795
56 0.0701606 0.533018 0.0448038 0.0993073 0.0025557
56 0.416108 0.467699 0.147902 0.361681 0.00254661
76 0.442863 0.420044 0.0831791 0.294025 0.0025304
72 0.697906 0.551832 0.574125 0.836216 0.00241598
37 0.422932 0.379663 0.0348645 0.195361 0.00222114
60 0.062043 0.528427 0.121457 0.11681 0.00210491
79 0.29557 0.491109 0.0300884 0.0867539 0.00195345
76 0.322713 0.395687 0.0566954 0.179345 0.00185391
25 0.446576 0.468754 0.0978079 0.385179 0.00180608
60 0.0326988 0.506893 0.0640659 0.0789498 0.001775
60 0.697906 0.551832 0.574125 0.836216 0.00176722
79 0.310114 0.380323 0.0322592 0.133777 0.00175256
31 0.313486 0.422123 0.0743517 0.224965 0.00172675
60 0.498816 0.738912 0.980685 0.36735 0.00170314
60 0.655623 0.449198 0.632979 0.620877 0.0016939
71 0.699338 0.534146 0.175694 0.521774 0.00168431
56 0.498652 0.467868 0.983282 0.606934 0.00168148
43 0.72273 0.535462 0.196475 0.510862 0.0016638
56 0.0797614 0.47057 0.0768767 0.232781 0.00163433
76 0.446631 0.466942 0.0954966 0.370694 0.00156799
13 0.0617854 0.472305 0.121124 0.232251 0.00156519
60 0.0632833 0.506933 0.124206 0.0855349 0.00153413
16 0.144257 0.516684 0.0735632 0.152825 0.00150716
68 0.697906 0.551832 0.574125 0.836216 0.00150126
73 0.697906 0.551832 0.574125 0.836216 0.00147119
37 0.699338 0.534146 0.175694 0.521774 0.00140306
25 0.422932 0.379663 0.0348645 0.195361 0.0013943
44 0.422932 0.379663 0.0348645 0.195361 0.0013603
59 0.512785 0.453851 0.974431 0.630045 0.00135294
43 0.425053 0.386916 0.0485693 0.212623 0.00135136
56 0.158207 0.546757 0.114462 0.217542 0.00132304
56 0.0930439 0.536633 0.041213 0.0901867 0.00127569
14 0.345697 0.607836 0.0403468 0.0643026 0.00125432
73 0.655623 0.449198 0.632979 0.620877 0.00123087
30 0.322713 0.395687 0.0566954 0.179345 0.00118971
56 0.0449661 0.544059 0.088062 0.0868008 0.00114772
42 0.312317 0.423948 0.0685675 0.222362 0.0011254
43 0.322713 0.395687 0.0566954 0.179345 0.00112489
0 0.442047 0.461322 0.104697 0.375728 0.00111705
60 0.0372315 0.53071 0.0715172 0.103464 0.00110683
56 0.0932612 0.514714 0.171944 0.143985 0.0011009
56 0.0182409 0.503913 0.0349881 0.0710847 0.0010705
13 0.0396612 0.527763 0.0784324 0.116828 0.00105771
21 0.191857 0.535436 0.168185 0.288916 0.00104836
13 0.697906 0.551832 0.574125 0.836216 0.00104225
14 0.442047 0.461322 0.104697 0.375728 0.00103965
0 0.829337 0.816217 0.241249 0.0889731 0.00102919
26 0.416108 0.467699 0.147902 0.361681 0.00102311
60 0.0604928 0.472284 0.118453 0.231189 0.0010184
56 0.438585 0.46527 0.103084 0.35944 0.00101745
44 0.312317 0.423948 0.0685675 0.222362 0.00101641
