27 0.367572 0.623421 0.118413 0.378161 0.657995
75 0.367118 0.632463 0.118925 0.398236 0.0585216
43 0.367398 0.631157 0.117584 0.394602 0.0334727
0 1 0.468782 0 0.937565 0.0210274
60 1 0.484592 0 0.969185 0.0184753
0 0.496742 0.560186 0.993484 0.871666 0.0158499
60 0.000369138 0.482968 0.000738277 0.965936 0.0127872
0 0.381509 0.314355 0.251871 0.384909 0.0111401
20 0.352454 0.552134 0.704908 0.880561 0.0101678
77 0.351149 0.557703 0.702298 0.872907 0.00986806
58 0.496742 0.560186 0.993484 0.871666 0.00802445
46 0.898885 0.516275 0.144352 0.239945 0.0080092
60 0.496742 0.560186 0.993484 0.871666 0.0079532
25 0.367118 0.632463 0.118925 0.398236 0.00748304
23 0.495273 0.561507 0.990546 0.870654 0.00734264
20 0.809093 0.692393 0.359836 0.609999 0.00726348
76 0.810997 0.693836 0.366588 0.606252 0.00678712
14 0.81108 0.693305 0.362326 0.610316 0.00604802
0 0.270893 0.561143 0.541787 0.873209 0.00559705
17 1 0.484592 0 0.969185 0.00549757
77 0.496365 0.557685 0.99273 0.878411 0.00504872
16 1 0.484592 0 0.969185 0.00498292
0 0.000599151 0.460207 0.0011983 0.920413 0.00455862
23 0.367537 0.630701 0.118649 0.393744 0.00446934
57 0.000599151 0.460207 0.0011983 0.920413 0.00421292
20 1 0.484592 0 0.969185 0.00407568
20 0.496397 0.558268 0.992794 0.880287 0.00400278
14 0.26542 0.561013 0.530841 0.873413 0.00395143
77 0.811744 0.694221 0.361274 0.609981 0.00391778
23 0.263983 0.555215 0.527966 0.870345 0.00356951
39 0.367422 0.630308 0.118363 0.415937 0.00343135
23 0.808024 0.692249 0.360909 0.611682 0.0028441
20 0.809746 0.786709 0.357198 0.425774 0.0026783
33 0.811439 0.694464 0.363623 0.610149 0.00256661
43 0.98146 0.787625 0.0370803 0.399797 0.00256366
0 0.383004 0.389278 0.261784 0.52751 0.0024966
59 1 0.484592 0 0.969185 0.00241703
59 0.000369138 0.482968 0.000738277 0.965936 0.00237373
51 0.810588 0.693687 0.360467 0.611681 0.00236964
15 1 0.468782 0 0.937565 0.0023329
23 0.382026 0.449129 0.260257 0.645709 0.00231084
78 0.899708 0.517833 0.143583 0.240641 0.00224629
20 0.525889 0.683824 0.932384 0.632353 0.00210381
0 1 0.315239 0 0.630478 0.00209668
60 0.92362 0.487157 0.15276 0.974315 0.00203413
48 0.810588 0.693687 0.360467 0.611681 0.0020254
0 0.461389 0.563324 0.507956 0.87219 0.00201666
14 0.496742 0.560186 0.993484 0.871666 0.00197467
46 0.81108 0.693305 0.362326 0.610316 0.00197071
79 0.899017 0.518262 0.144437 0.243127 0.00192723
56 0.000599151 0.460207 0.0011983 0.920413 0.00191298
0 0.645995 1 0.70801 0 0.00185308
0 0.899691 0.516451 0.142374 0.23987 0.00184944
27 0.351149 0.557703 0.702298 0.872907 0.00184628
56 0.367109 0.628673 0.118299 0.414059 0.00180072
23 0.461389 0.563324 0.507956 0.87219 0.0017935
46 0.379006 0.27837 0.254038 0.30717 0.00175858
16 0.495273 0.561507 0.990546 0.870654 0.00175479
51 0.901373 0.517604 0.139079 0.238474 0.00167361
4 0.810997 0.693836 0.366588 0.606252 0.00166586
0 0.986211 0.714597 0.0275784 0.214884 0.00162327
76 0.367109 0.628673 0.118299 0.414059 0.00159293
26 0.367109 0.628673 0.118299 0.414059 0.00158754
27 0.382026 0.449129 0.260257 0.645709 0.00158021
25 0.26542 0.561013 0.530841 0.873413 0.00157425
43 0.90129 0.516153 0.143039 0.23711 0.0015544
75 0.899804 0.518127 0.142069 0.242733 0.00152764
46 1 0.468782 0 0.937565 0.00151867
0 1 0.214759 0 0.429518 0.0015133
16 0.32182 0.556351 0.64364 0.871384 0.00150886
20 0.000473699 0.495316 0.000947398 0.990633 0.00150567
57 1 0.468782 0 0.937565 0.00140122
27 0.30639 0.56039 0.0611255 0.226851 0.00139537
19 0.811744 0.694221 0.361274 0.609981 0.00138476
20 0.666742 0.69124 0.650915 0.615792 0.00136781
43 0.905596 0.58432 0.148202 0.376604 0.00132731
76 0.846553 0.605152 0.285253 0.432022 0.00129777
20 0.775168 0.773668 0.209136 0.400417 0.00129426
65 0.899017 0.518262 0.144437 0.243127 0.00129274
79 0.367118 0.632463 0.118925 0.398236 0.00127614
20 1 0.235424 0 0.470848 0.00127503
76 0.905596 0.58432 0.148202 0.376604 0.00127223
17 0.000473699 0.495316 0.000947398 0.990633 0.0012683
56 1 0.468782 0 0.937565 0.00126272
58 0.809795 0.691864 0.361951 0.60634 0.00126263
0 0.810293 0.693354 0.363751 0.60912 0.0012536
49 0.810588 0.693687 0.360467 0.611681 0.0012328
14 0.382026 0.449129 0.260257 0.645709 0.00120917
77 0.809746 0.786709 0.357198 0.425774 0.00120735
17 0.780683 0.43986 0.119722 0.111033 0.00120351
75 0.810997 0.693836 0.366588 0.606252 0.00120336
77 0.527295 0.669889 0.928611 0.647735 0.0012008
51 0.30639 0.56039 0.0611255 0.226851 0.00119767
60 0.645995 1 0.70801 0 0.0011912
0 0.985786 0.674351 0.0284272 0.181497 0.00117919
47 0.378891 0.278208 0.251498 0.307323 0.0011619
16 0.811744 0.694221 0.361274 0.609981 0.00115219
52 0.899691 0.516451 0.142374 0.23987 0.00113067
58 0.527295 0.669889 0.928611 0.647735 0.00112846
14 0.380079 0.301455 0.252767 0.344515 0.00112805
15 0.000369138 0.482968 0.000738277 0.965936 0.00109959
14 1 0.484592 0 0.969185 0.00109372
33 0.496397 0.558268 0.992794 0.880287 0.00108877
76 0.899708 0.517833 0.143583 0.240641 0.00108621
17 0.496742 0.560186 0.993484 0.871666 0.00107923
11 0.367273 0.635939 0.117139 0.407852 0.00107276
18 1 0.484592 0 0.969185 0.00106078
65 0.367109 0.628673 0.118299 0.414059 0.00105298
16 0.382026 0.449129 0.260257 0.645709 0.00104421
16 0.000369138 0.482968 0.000738277 0.965936 0.00103763
23 0.536378 0.687936 0.910935 0.624129 0.00101453
51 0.344422 0.553235 0.688843 0.877885 0.00101027
34 0.383004 0.389278 0.261784 0.52751 0.00100461
