23 0.527639 0.583779 0.886481 0.832442 0.0335633
25 0.420294 0.786172 0.30733 0.113306 0.0280534
22 0.522494 0.58374 0.870588 0.83252 0.025492
23 0.665152 0.626242 0.536796 0.747516 0.0093005
14 0.531876 0.585975 0.896622 0.82805 0.00860763
51 0.518105 0.919139 0.0399578 0.148714 0.00638649
54 0.666545 0.626058 0.529586 0.747884 0.0052186
58 0.484758 0.580301 0.848871 0.839398 0.00500053
60 0.414481 0.584592 0.827808 0.830816 0.00481096
72 0 0.366183 0 0.732365 0.00454718
22 0.663898 0.627061 0.538756 0.745878 0.00421074
48 0.581762 0.72133 0.218755 0.55734 0.00385159
0 0 0.366183 0 0.732365 0.00378522
60 0.728157 0.998973 0.543685 0.00205371 0.00353873
0 0 0.498436 0 0.827502 0.00352859
48 0.663264 0.625334 0.538444 0.749331 0.00337946
51 0.759009 0.766413 0.0935459 0.467174 0.00325531
51 0.642418 0.867018 0.0608966 0.265965 0.00305885
23 0.757741 0.748141 0.0953943 0.503717 0.00296539
43 0.416625 0.786913 0.309322 0.110353 0.0028947
23 0.738716 0.743757 0.135353 0.512487 0.0028353
77 0.666356 0.626087 0.533972 0.747826 0.00269395
60 0.509146 0.858775 0.954206 0.28245 0.0025712
53 0.581762 0.72133 0.218755 0.55734 0.00249708
18 0.531876 0.585975 0.896622 0.82805 0.0024949
15 0.531876 0.585975 0.896622 0.82805 0.00233188
72 0 0.60936 0 0.781281 0.00230592
60 0.675581 0.999943 0.648838 0.000113742 0.00228667
18 0.666545 0.626058 0.529586 0.747884 0.00220138
16 0.531876 0.585975 0.896622 0.82805 0.00217333
23 0.85576 0.709141 0.154387 0.56791 0.00211772
51 0.676295 0.779515 0.0978893 0.440971 0.00211102
55 0.567074 0.723251 0.239 0.553497 0.00210786
50 0.515473 0.5869 0.867308 0.826201 0.00209436
57 0 0.60936 0 0.781281 0.00208575
53 0.515473 0.5869 0.867308 0.826201 0.00207588
55 0.659753 0.627 0.546383 0.746001 0.00207558
0 0 0.649276 0 0.701448 0.00206378
60 0.561993 0.995567 0.876014 0.00886644 0.00206286
51 0.64501 0.816352 0.0733271 0.367296 0.00204486
51 0.694155 0.784942 0.0663282 0.429276 0.00201836
60 0 0.559398 0 0.822541 0.00200725
20 0.85576 0.709141 0.154387 0.56791 0.00197083
50 0.663898 0.627061 0.538756 0.745878 0.00191605
20 0.761043 0.794702 0.0829907 0.410597 0.00190583
77 0.515473 0.5869 0.867308 0.826201 0.0018858
51 0.78709 0.932372 0.0324076 0.135256 0.00188428
57 0 0.366183 0 0.732365 0.00183979
20 0.531876 0.585975 0.896622 0.82805 0.00183943
51 0.599738 0.847672 0.0355461 0.304655 0.00182483
15 0.663264 0.625334 0.538444 0.749331 0.00175548
14 0.663898 0.627061 0.538756 0.745878 0.00175434
4 0.420183 0.784653 0.311013 0.111713 0.00170144
51 0.753814 0.931034 0.0395013 0.137933 0.00167856
51 0.581762 0.72133 0.218755 0.55734 0.00162634
49 0.578729 0.702509 0.210937 0.522532 0.00159031
0 0.531876 0.585975 0.896622 0.82805 0.00156337
46 0.659753 0.627 0.546383 0.746001 0.00155729
56 0.697505 0.999312 0.60499 0.00137564 0.00155482
51 0.738716 0.743757 0.135353 0.512487 0.0015426
23 0.592796 0.728796 0.19936 0.542409 0.00153908
53 0.663264 0.625334 0.538444 0.749331 0.00151196
23 0.215409 0.280845 0.263174 0.221032 0.00147244
51 0.69855 0.832221 0.0519138 0.335558 0.00146341
20 0.666545 0.626058 0.529586 0.747884 0.0014548
57 0.687481 0.999891 0.625037 0.000217438 0.00143987
51 0.762806 0.82459 0.0773428 0.350819 0.00141224
51 0.476381 0.92099 0.0328779 0.1575 0.00139269
22 0.380322 0.383622 0.155792 0.171759 0.00132641
20 0.586265 0.998187 0.671621 0.00362549 0.00130516
46 0.524038 0.58568 0.872064 0.82864 0.00129774
75 0.506012 0.579227 0.86079 0.841546 0.00129089
60 0.494804 0.982507 0.884264 0.0349859 0.00126177
20 0.697436 0.789588 0.061029 0.420825 0.00116658
60 0 0.366183 0 0.732365 0.00116029
49 0.576891 0.613635 0.206501 0.33124 0.00115955
23 0.271358 0.339605 0.376873 0.343878 0.00115862
25 0.421848 0.863127 0.323769 0.273747 0.00113687
55 0.577118 0.610309 0.209088 0.320498 0.00112534
51 0.653711 0.915796 0.0316902 0.168408 0.0010986
56 0 0.60936 0 0.781281 0.00108531
54 0.588373 0.724454 0.213645 0.551091 0.00106701
20 0.676295 0.779515 0.0978893 0.440971 0.00101438
20 0.737256 0.744858 0.134765 0.510283 0.00101221
18 0.85576 0.709141 0.154387 0.56791 0.00100029
