0 0.503984 0.521712 0.96533 0.8513 0.0511548
17 0.500934 0.515246 0.961645 0.843664 0.0430009
14 0.499743 0.514177 0.96996 0.847506 0.0427504
16 0.15881 0.541803 0.265586 0.147003 0.0292361
14 0.157096 0.540574 0.26774 0.145946 0.0130431
17 0.15881 0.541803 0.265586 0.147003 0.0125715
51 0.455165 0.515115 0.36841 0.127767 0.0111268
0 0.522908 0.208271 0.254319 0.21589 0.010525
15 0.15881 0.541803 0.265586 0.147003 0.00963035
60 1 0.5 0 1 0.00870296
22 0.499743 0.514177 0.96996 0.847506 0.00732046
23 0.500372 0.509576 0.968821 0.828905 0.00721213
60 0.00099529 0.483952 0.00199058 0.967903 0.00710756
18 0.507965 0.514195 0.952603 0.827805 0.00679278
16 0.522642 0.208634 0.249786 0.217229 0.00486755
20 0.000999989 0.5 0.00199998 1 0.00409585
46 0.507965 0.514195 0.952603 0.827805 0.00373942
21 0.158666 0.541562 0.265807 0.146021 0.00365952
25 0.499743 0.514177 0.96996 0.847506 0.00351083
59 1 0.516343 0 0.967314 0.00329819
0 1 0.5 0 1 0.00329599
20 0.507965 0.514195 0.952603 0.827805 0.00323826
0 0.15881 0.541803 0.265586 0.147003 0.00315163
16 0.507951 0.516251 0.965848 0.846389 0.00283
14 0.371123 0.891246 0.235649 0.0714191 0.00274432
59 0.00114395 0.50446 0.00228791 0.991081 0.00263757
33 0.499743 0.514177 0.96996 0.847506 0.00241193
0 0.502479 0.310653 0.313953 0.430951 0.00223857
57 0.000932294 0.460512 0.00186459 0.921024 0.00209299
57 1 0.481259 0 0.962518 0.00205675
17 0.522908 0.208271 0.254319 0.21589 0.0019547
14 0.522642 0.208634 0.249786 0.217229 0.00192931
17 0.000999989 0.5 0.00199998 1 0.00188419
4 0.507965 0.514195 0.952603 0.827805 0.00181499
0 0.499873 0.362841 0.948326 0.52964 0.00176808
0 0.612849 0.314391 0.551614 0.402481 0.00172961
15 0.522642 0.208634 0.249786 0.217229 0.00165877
25 0.680001 0.615469 0.412213 0.1777 0.00160459
20 1 0.516343 0 0.967314 0.00151181
25 0.71786 0.584921 0.521525 0.220206 0.00147229
25 0.715708 0.526575 0.528354 0.29661 0.00144339
56 0.000932294 0.460512 0.00186459 0.921024 0.00142434
16 1 0.481259 0 0.962518 0.00138369
21 0.522642 0.208634 0.249786 0.217229 0.00135216
0 0.000999989 0.5 0.00199998 1 0.00132957
19 0.507951 0.516251 0.965848 0.846389 0.0013288
16 0.00099529 0.483952 0.00199058 0.967903 0.00130579
19 0.522908 0.208271 0.254319 0.21589 0.0011833
56 1 0.516343 0 0.967314 0.0011749
46 0.679153 0.619173 0.409967 0.162875 0.00117224
77 0.507965 0.514195 0.952603 0.827805 0.00113627
14 0.679434 0.616067 0.413616 0.168611 0.0011318
13 1 0.516343 0 0.967314 0.0010983
14 0.499873 0.362841 0.948326 0.52964 0.00108925
56 1 0.322315 0 0.644631 0.00103936
18 0.000999989 0.5 0.00199998 1 0.00101301
