0 0.00592685 0.330382 0.0112601 0.0954388 0.0301467
0 0.00796391 0.318697 0.0156081 0.11672 0.0170027
4 0.804321 0.967167 0.248106 0.0656668 0.0162681
60 0.147265 0.783955 0.123494 0.167063 0.0126611
32 0.533924 0.48004 0.022248 0.0289837 0.0117898
32 0.53207 0.574425 0.0197529 0.0264816 0.00994864
13 0.210055 0.711462 0.379176 0.570362 0.00930253
60 0.147246 0.834637 0.126659 0.26652 0.00880662
56 0.21281 0.711526 0.375514 0.576948 0.00835544
32 0.727901 0.472024 0.0210443 0.0288433 0.00658506
24 0.123141 0.102254 0.0752833 0.0764699 0.00647011
14 0.804752 0.965486 0.249615 0.069028 0.00569493
60 0.213823 0.710276 0.370815 0.569166 0.00527245
0 0.123373 0.102737 0.0746931 0.0766293 0.0046376
25 0.805705 0.965454 0.247247 0.0690914 0.00447893
14 0.910917 0.964041 0.0351742 0.0713448 0.00422996
56 0.146703 0.784007 0.12307 0.166317 0.00405756
56 0.146558 0.834706 0.124693 0.268443 0.00386345
32 0.532566 0.665193 0.0203798 0.0274897 0.0036141
51 0.21676 0.553511 0.378258 0.25616 0.0029451
41 0.13045 0.486695 0.101439 0.169808 0.0028398
60 0.465699 0.994777 0.88551 0.0104467 0.00283498
56 0.00713781 0.328181 0.0138474 0.10029 0.00265482
32 0.00592685 0.330382 0.0112601 0.0954388 0.00245067
75 0.13045 0.486695 0.101439 0.169808 0.00241938
56 0.0562986 0.300086 0.0642545 0.365652 0.00233233
60 0.17034 0.780565 0.172554 0.176623 0.00218832
60 0.180227 0.825979 0.194415 0.321675 0.00217956
35 0.123141 0.102254 0.0752833 0.0764699 0.0021334
60 0.21573 0.55585 0.374381 0.260802 0.00210929
76 0.131094 0.371764 0.102074 0.402782 0.00206783
44 0.130739 0.37316 0.104026 0.396096 0.0020183
0 0.0108143 0.327848 0.0210484 0.106461 0.00183851
14 0.944663 0.208304 0.0437279 0.0409122 0.0018166
22 0.12943 0.487527 0.103444 0.16797 0.00179285
0 0.90907 0.963942 0.0399 0.0720863 0.0017733
60 0.4403 0.973401 0.874329 0.053197 0.0016219
17 0.130987 0.485995 0.1026 0.169197 0.00161967
56 0.141128 0.852612 0.281112 0.294776 0.00160375
43 0.805705 0.965454 0.247247 0.0690914 0.00160342
42 0.131207 0.354187 0.108047 0.434243 0.00160161
13 0.21676 0.553511 0.378258 0.25616 0.00159168
75 0.146703 0.784007 0.12307 0.166317 0.00150457
25 0.237996 0.822498 0.0737094 0.338629 0.00144908
4 0.952441 0.207781 0.0578939 0.042292 0.00144252
76 0.804752 0.965486 0.249615 0.069028 0.00143877
0 0.224621 0.517484 0.412199 0.954655 0.00142369
56 0.125338 0.102551 0.0741861 0.0756675 0.00139165
23 0.841336 0.54585 0.317327 0.908301 0.00138065
23 0.804752 0.965486 0.249615 0.069028 0.00136498
0 0.81537 0.480709 0.36926 0.961419 0.00132772
34 0.131207 0.354187 0.108047 0.434243 0.00130191
56 0.201622 0.560317 0.387115 0.265608 0.00128883
0 0.154789 0.96848 0.309577 0.0630405 0.0012877
14 0.98703 0.195081 0.0238647 0.0189981 0.00126454
56 0.176093 0.840328 0.200652 0.307204 0.00125071
0 0.117035 0.507145 0.234069 0.98571 0.00124732
14 0.841336 0.54585 0.317327 0.908301 0.00124153
0 0.300033 0.23038 0.600066 0.46076 0.00124061
56 0.1222 0.250762 0.0795399 0.378116 0.00122809
16 0.841336 0.54585 0.317327 0.908301 0.001212
56 0.320645 0.781418 0.147888 0.185733 0.00119278
19 0.123872 0.102618 0.0750072 0.0759937 0.00118896
56 0.00835655 0.310136 0.0166609 0.130717 0.00118381
25 0.942034 0.962817 0.111304 0.0743668 0.0011816
60 0.464753 0.998928 0.65911 0.00214386 0.00117683
32 0.706128 0.735301 0.017333 0.02502 0.00116137
56 0.200639 0.0801141 0.0325937 0.0485576 0.0011563
60 0.49358 0.5 0.941481 1 0.00112617
4 0.987411 0.196007 0.0243361 0.0189522 0.0011192
0 0.178551 0.27309 0.357103 0.546179 0.00110784
3 0.130987 0.485995 0.1026 0.169197 0.00106606
25 0.00592685 0.330382 0.0112601 0.0954388 0.0010564
49 0.21676 0.553511 0.378258 0.25616 0.00104862
25 0.122904 0.247368 0.0717122 0.311108 0.00104415
4 0.835454 0.966582 0.329092 0.0668367 0.00101933
28 0.123577 0.102067 0.0755898 0.0762796 0.00101811
13 0.417114 0.973705 0.834227 0.0525905 0.00101778
0 0.0104635 0.242575 0.0209271 0.274063 0.00101602
47 0.00713781 0.328181 0.0138474 0.10029 0.00100553
18 0.841816 0.579582 0.316368 0.840836 0.00100103
