0 0.657687 0.576736 0.23173 0.365085 0.919273
0 0.471519 0.540469 0.0125147 0.0178115 0.0253294
32 0.758867 0.441529 0.0266058 0.0253728 0.0176417
0 0.47028 0.546439 0.0155123 0.0326246 0.0120125
0 0.547993 0.546485 0.0135163 0.0347374 0.011948
0 0.548117 0.540382 0.0122834 0.0193245 0.0106422
32 0.619602 0.541796 0.0136732 0.0191101 0.00956151
38 0.64279 0.664416 0.0717723 0.055314 0.0087671
2 0.471519 0.540469 0.0125147 0.0178115 0.00823471
2 0.582678 0.542195 0.0884569 0.0316429 0.00695765
29 0.74898 0.489006 0.0332424 0.0237127 0.00652295
35 0.752517 0.44353 0.0391397 0.0277109 0.00617692
9 0.548117 0.540382 0.0122834 0.0193245 0.00576717
38 0.624278 0.689878 0.111543 0.110046 0.00574633
29 0.757882 0.442351 0.0273444 0.0252265 0.00556949
35 0.757882 0.442351 0.0273444 0.0252265 0.00552368
29 0.564573 0.736132 0.0397614 0.0273315 0.00484875
32 0.564573 0.736132 0.0397614 0.0273315 0.00480518
9 0.471519 0.540469 0.0125147 0.0178115 0.00479245
32 0.752517 0.44353 0.0391397 0.0277109 0.00433615
2 0.585889 0.539542 0.0259418 0.0262398 0.00411573
29 0.740294 0.488802 0.0502048 0.0265338 0.00411257
29 0.752517 0.44353 0.0391397 0.0277109 0.00403875
38 0.628615 0.670874 0.101091 0.0696465 0.00374269
38 0.649035 0.655502 0.0757649 0.0756868 0.00355479
35 0.750933 0.449536 0.0433082 0.0420317 0.0034039
0 0.568507 0.540058 0.0126947 0.0236365 0.0033707
32 0.471519 0.540469 0.0125147 0.0178115 0.00319973
0 0.619602 0.541796 0.0136732 0.0191101 0.0031583
2 0.592697 0.539819 0.0146192 0.024129 0.00304621
32 0.548117 0.540382 0.0122834 0.0193245 0.00271851
2 0.583564 0.53503 0.0940651 0.0466695 0.00260502
0 0.548157 0.553057 0.0164265 0.0555672 0.00260344
38 0.645326 0.691533 0.202947 0.122416 0.00259796
12 0.471519 0.540469 0.0125147 0.0178115 0.00243458
9 0.619602 0.541796 0.0136732 0.0191101 0.00237995
2 0.571965 0.537229 0.0723571 0.0327716 0.00233036
38 0.673954 0.640675 0.135852 0.110488 0.00212985
29 0.724418 0.473731 0.021025 0.0304704 0.00206774
29 0.73782 0.494327 0.0569933 0.0401967 0.0020543
38 0.752517 0.44353 0.0391397 0.0277109 0.00203511
2 0.549427 0.540973 0.017652 0.024147 0.00202811
32 0.564705 0.730633 0.0408482 0.0406914 0.00200397
0 0.47167 0.537909 0.0136122 0.0281461 0.002
11 0.548117 0.540382 0.0122834 0.0193245 0.00199211
32 0.74898 0.489006 0.0332424 0.0237127 0.00187865
35 0.74898 0.489006 0.0332424 0.0237127 0.0018636
2 0.548117 0.540382 0.0122834 0.0193245 0.00175792
32 0.722908 0.464587 0.0252336 0.0463151 0.00172061
2 0.568507 0.540058 0.0126947 0.0236365 0.0017013
0 0.56866 0.545701 0.0147482 0.036514 0.0016956
32 0.728186 0.461166 0.0184408 0.041504 0.00168705
38 0.7393 0.490439 0.0523342 0.0322619 0.0016571
38 0.758867 0.441529 0.0266058 0.0253728 0.00161529
32 0.566111 0.723849 0.043759 0.053847 0.00160587
9 0.568507 0.540058 0.0126947 0.0236365 0.00159591
32 0.724418 0.473731 0.021025 0.0304704 0.00155964
38 0.704166 0.626786 0.0940277 0.0884677 0.00154033
11 0.471519 0.540469 0.0125147 0.0178115 0.00144565
29 0.726213 0.4784 0.0222912 0.0205223 0.00137344
38 0.75518 0.437977 0.0382056 0.0350395 0.00136948
29 0.722908 0.464587 0.0252336 0.0463151 0.00135159
38 0.749149 0.439961 0.0475293 0.0424563 0.00135148
0 0.469481 0.556406 0.0213367 0.0560961 0.00129509
32 0.592697 0.539819 0.0146192 0.024129 0.00128725
29 0.564705 0.730633 0.0408482 0.0406914 0.00127906
0 0.251037 0.38489 0.0326923 0.0471895 0.00126967
2 0.465851 0.547916 0.0250147 0.0326154 0.00122795
38 0.746669 0.455249 0.0502616 0.0505135 0.00119978
2 0.567093 0.537396 0.0149698 0.0303486 0.00116104
38 0.722908 0.464587 0.0252336 0.0463151 0.00114945
38 0.648406 0.666915 0.204237 0.177362 0.00114575
29 0.566111 0.723849 0.043759 0.053847 0.00114354
0 0.549598 0.547663 0.0195463 0.0375918 0.00113913
38 0.750933 0.449536 0.0433082 0.0420317 0.00113526
38 0.726307 0.493839 0.0794832 0.0414182 0.00111535
29 0.750933 0.449536 0.0433082 0.0420317 0.00110447
29 0.726307 0.493839 0.0794832 0.0414182 0.00109124
0 0.548043 0.539189 0.0142258 0.0314184 0.00106415
0 0.465851 0.547916 0.0250147 0.0326154 0.00104538
2 0.468239 0.545725 0.0186808 0.0294431 0.00101244
