6 0.460886 0.536343 0.921772 0.517132 0.734013
58 0.669817 0.665058 0.098513 0.167366 0.424993
58 0.764915 0.63581 0.107199 0.130096 0.171941
58 0.75137 0.636638 0.0733175 0.125878 0.0671513
6 0.424096 0.603687 0.823065 0.495894 0.0486118
58 0.667527 0.724304 0.0569555 0.0528763 0.0463246
58 0.79834 0.627439 0.0464813 0.0971653 0.0343477
6 0.330178 0.513714 0.465869 0.0931619 0.0286767
58 0.728834 0.654531 0.218698 0.169668 0.0253926
58 0.817097 0.623523 0.0588722 0.100187 0.0188503
58 0.76207 0.636702 0.0507042 0.126298 0.0166484
6 0.899072 0.547953 0.146695 0.614419 0.0130428
0 0.634799 0.481898 0.0223478 0.0353898 0.012685
58 0.680144 0.831671 0.146325 0.149912 0.0125616
58 0.73059 0.807534 0.0413054 0.0534775 0.0113509
10 0.902777 0.552034 0.152799 0.622984 0.011257
58 0.671008 0.666159 0.0676216 0.164785 0.011087
58 0.778437 0.631333 0.0784048 0.116626 0.0105883
58 0.827214 0.627651 0.0409821 0.100054 0.0103264
58 0.576251 0.780118 0.06071 0.0856809 0.00997156
58 0.590165 0.791411 0.0449732 0.0631414 0.00995287
58 0.583141 0.789148 0.0382614 0.0667145 0.00994548
58 0.681904 0.662512 0.0641815 0.160304 0.00913191
13 0.24866 0.777158 0.100744 0.0905657 0.00799429
58 0.684726 0.805497 0.130529 0.0975215 0.00637674
58 0.589293 0.778664 0.0338684 0.0792918 0.00616384
58 0.819501 0.627692 0.0427357 0.093128 0.00580645
58 0.461562 0.785414 0.0242844 0.0713323 0.00564897
58 0.485803 0.792353 0.0386429 0.0715496 0.00557059
58 0.351222 0.813573 0.0582563 0.0964022 0.00551215
58 0.668309 0.712869 0.0492963 0.0680173 0.00541177
58 0.526042 0.818415 0.461758 0.179988 0.00518
58 0.434991 0.800448 0.0463618 0.0700623 0.0050208
6 0.336647 0.559123 0.523319 0.181526 0.00492606
58 0.54728 0.783947 0.150307 0.0968714 0.00492382
58 0.578296 0.786598 0.0891945 0.0993515 0.00488055
58 0.723779 0.64923 0.0471704 0.0995522 0.00450119
6 0.391814 0.523126 0.446347 0.0840391 0.00441596
6 0.33189 0.679607 0.654584 0.223158 0.0042792
75 0.730883 0.807779 0.0408665 0.0524085 0.00414994
58 0.759022 0.656531 0.0428789 0.0879157 0.0041253
56 0.248541 0.777299 0.101286 0.0917096 0.00377548
58 0.657237 0.664321 0.0716185 0.160021 0.00376731
6 0.370234 0.529049 0.527777 0.111756 0.0037578
58 0.608016 0.792423 0.0222488 0.0550632 0.00358519
58 0.509685 0.787293 0.0813122 0.0948428 0.00358453
58 0.345203 0.797426 0.0442163 0.0931442 0.00349635
58 0.561552 0.784474 0.0298173 0.075961 0.00340489
58 0.832538 0.631798 0.0328369 0.0983991 0.00334197
58 0.540733 0.78651 0.0665322 0.0955116 0.00326657
58 0.502627 0.790365 0.0453209 0.073923 0.00323397
58 0.43089 0.815956 0.0355641 0.0427038 0.00323293
58 0.603558 0.782897 0.0342903 0.0707395 0.00321108
13 0.410345 0.790022 0.432044 0.154218 0.00296015
6 0.378952 0.415069 0.741583 0.277134 0.00289816
58 0.570436 0.784842 0.0291849 0.071992 0.00289178
58 0.568336 0.799339 0.119247 0.123979 0.00288284
58 0.360449 0.808524 0.0761334 0.0881709 0.0028567
58 0.44285 0.794641 0.0320143 0.0649409 0.00267327
0 0.599022 0.476703 0.0190238 0.0995228 0.00257793
58 0.823406 0.632695 0.0324005 0.0817576 0.00256279
58 0.459879 0.802225 0.0291241 0.0839389 0.0024828
58 0.450051 0.796825 0.0645945 0.0974368 0.00243527
58 0.428142 0.815367 0.0479409 0.0481553 0.0024344
58 0.336324 0.820467 0.0680156 0.101896 0.00238985
6 0.460069 0.636838 0.387407 0.14266 0.00236923
6 0.214177 0.665332 0.428355 0.216797 0.00234866
58 0.645974 0.66224 0.0497929 0.135078 0.00225982
32 0.730883 0.807779 0.0408665 0.0524085 0.00217861
58 0.51843 0.792567 0.0311562 0.0734271 0.00216728
0 0.602377 0.472594 0.0149883 0.051698 0.00213519
58 0.500041 0.791771 0.11743 0.0970929 0.00213173
58 0.538757 0.784492 0.028031 0.0874316 0.00212136
58 0.343666 0.814117 0.0426182 0.0830376 0.0020664
58 0.57905 0.819523 0.0999978 0.159582 0.00205833
39 0.462168 0.784875 0.0224855 0.0700045 0.00203702
58 0.572456 0.776146 0.0458586 0.0802429 0.0020203
6 0.508323 0.486681 0.401706 0.181012 0.00201997
58 0.30215 0.824318 0.0592322 0.0896131 0.00199237
9 0.866412 0.362778 0.0347988 0.0929691 0.0019418
58 0.613088 0.789003 0.0272545 0.0485818 0.00193647
58 0.444738 0.805378 0.0827173 0.0992392 0.00191173
58 0.653974 0.829171 0.206135 0.161564 0.00190187
58 0.427123 0.796778 0.0571299 0.0801111 0.00186819
58 0.651684 0.697182 0.0487909 0.0864374 0.00179094
58 0.761029 0.652346 0.130821 0.165134 0.00175291
58 0.472321 0.794313 0.101319 0.0856945 0.00172862
58 0.509686 0.792176 0.027691 0.0701998 0.00171736
58 0.690822 0.805087 0.121615 0.061736 0.00167409
58 0.717003 0.656032 0.0586815 0.101392 0.00167379
58 0.532927 0.788885 0.0324936 0.0852917 0.00167352
58 0.570543 0.798494 0.0222195 0.0463684 0.00162134
6 0.253311 0.517858 0.469269 0.0946785 0.00156277
58 0.248541 0.777299 0.101286 0.0917096 0.00154918
75 0.667031 0.719713 0.0577312 0.0592252 0.00150466
58 0.607724 0.82788 0.293028 0.178305 0.00148454
45 0.73059 0.807534 0.0413054 0.0534775 0.00147989
58 0.338155 0.806019 0.1355 0.132908 0.00144702
10 0.730758 0.807266 0.0404057 0.0529282 0.00143886
58 0.53651 0.830019 0.205202 0.185496 0.00142279
58 0.434608 0.799759 0.131839 0.11143 0.00137585
58 0.690117 0.661612 0.0967472 0.155194 0.00136745
58 0.363547 0.799672 0.25935 0.143314 0.00134084
58 0.599651 0.768579 0.323702 0.290964 0.00133938
58 0.327197 0.799822 0.0723704 0.117999 0.00133848
56 0.798397 0.627245 0.0438225 0.0911102 0.00133696
58 0.768325 0.655835 0.0463581 0.0844392 0.00133443
41 0.730883 0.807779 0.0408665 0.0524085 0.00132558
6 0.904198 0.44232 0.160156 0.840066 0.00130856
75 0.461547 0.786295 0.0240581 0.0730097 0.00127807
58 0.488633 0.807814 0.0296235 0.062933 0.00127357
58 0.598082 0.80558 0.0487322 0.0812818 0.00126317
0 0.593311 0.486129 0.0125328 0.0692013 0.00123939
58 0.681547 0.655956 0.0485627 0.123102 0.0012376
6 0.512644 0.710729 0.638438 0.309458 0.00123075
58 0.765437 0.631689 0.150951 0.139038 0.00121894
58 0.640124 0.799316 0.234185 0.139517 0.00119442
58 0.794759 0.641191 0.0523491 0.109195 0.00119168
6 0.398589 0.64906 0.408302 0.159677 0.00118959
0 0.63745 0.501486 0.0306721 0.113163 0.00116584
58 0.616979 0.776947 0.0500846 0.0811793 0.00116128
58 0.752901 0.634169 0.0464602 0.122744 0.00115788
6 0.362519 0.501338 0.451494 0.113234 0.0011462
13 0.667164 0.725994 0.0564293 0.0488046 0.001138
58 0.709746 0.805643 0.0681479 0.0672513 0.00113013
58 0.506505 0.700531 0.632195 0.264688 0.00111908
58 0.567726 0.770986 0.0347046 0.0693431 0.00108132
6 0.156942 0.520626 0.249068 0.0940628 0.00107911
6 0.447136 0.61795 0.878793 0.338093 0.00105232
58 0.701181 0.803098 0.049579 0.0632367 0.001041
58 0.744096 0.66451 0.0679946 0.0719702 0.001035
58 0.31207 0.815223 0.0746249 0.111822 0.00101978
58 0.36346 0.8079 0.192534 0.126876 0.00101057
