54 0.842597 0.529763 0.191339 0.242703 0.914948
54 0.84848 0.792092 0.20974 0.301987 0.863208
54 0.63119 0.817374 0.261284 0.256379 0.849491
54 0.384667 0.559564 0.238523 0.21815 0.810757
54 0.676187 0.408754 0.14416 0.406769 0.808459
54 0.388974 0.401811 0.215967 0.207878 0.779459
54 0.408353 0.666517 0.225025 0.207294 0.774121
54 0.831401 0.317279 0.190727 0.214596 0.757525
54 0.196988 0.202864 0.17149 0.142093 0.73378
54 0.177447 0.307186 0.193367 0.17325 0.732322
54 0.390539 0.840381 0.253789 0.1908 0.722369
54 0.378544 0.181416 0.196348 0.185156 0.684418
54 0.177612 0.79557 0.247747 0.253379 0.668218
54 0.548995 0.515131 0.14452 0.380556 0.627316
54 0.177384 0.648069 0.237537 0.164867 0.623904
54 0.186151 0.432992 0.185037 0.190552 0.614737
54 0.150964 0.552621 0.189996 0.160223 0.536564
54 0.682925 0.607865 0.127621 0.183548 0.418548
54 0.397032 0.29672 0.211379 0.119366 0.418039
54 0.183833 0.384225 0.186883 0.281467 0.376312
54 0.385602 0.315621 0.231917 0.158242 0.289113
54 0.522579 0.272381 0.0966896 0.123737 0.252917
60 0.501965 0.507918 0.980599 0.941109 0.093918
54 0.551554 0.370885 0.120249 0.106246 0.0636536
54 0.382846 0.27432 0.170139 0.0786156 0.0612614
54 0.390538 0.609564 0.24318 0.31726 0.0555066
54 0.175571 0.743348 0.246252 0.353354 0.0357647
55 0.842597 0.529763 0.191339 0.242703 0.0266917
54 0.335386 0.320069 0.138112 0.138488 0.0255387
54 0.192759 0.182562 0.174848 0.100762 0.0229181
54 0.386203 0.295845 0.184214 0.0837401 0.0209133
55 0.848263 0.791875 0.211173 0.301424 0.0207405
54 0.437636 0.730671 0.117456 0.0527718 0.0207036
54 0.201021 0.218077 0.169057 0.102036 0.0190243
55 0.630564 0.818658 0.25923 0.254359 0.0188454
54 0.287378 0.270726 0.0448678 0.081351 0.0180508
54 0.328548 0.33595 0.12107 0.108064 0.0169931
54 0.538221 0.380687 0.10655 0.0839049 0.016282
60 0.501283 0.158421 0.970082 0.248025 0.0155066
60 0.480746 0.0967943 0.955921 0.179895 0.0135262
54 0.789328 0.155392 0.0651106 0.0977872 0.0125305
54 0.372327 0.220961 0.0792256 0.0524429 0.0124269
54 0.186094 0.25018 0.149342 0.0739447 0.0115727
54 0.169861 0.596143 0.223165 0.250098 0.0104039
55 0.178707 0.795235 0.244793 0.257851 0.0102324
54 0.551855 0.355656 0.125957 0.077724 0.0098916
55 0.6774 0.40685 0.138855 0.412466 0.00934264
54 0.107439 0.861737 0.10684 0.109767 0.00924036
55 0.384667 0.559564 0.238523 0.21815 0.00920314
54 0.305791 0.339946 0.0753857 0.0935352 0.00874332
54 0.18244 0.240348 0.14021 0.0532816 0.00793394
54 0.579709 0.511648 0.0926804 0.384274 0.00784665
55 0.187585 0.432471 0.184605 0.192618 0.00768444
55 0.390539 0.840381 0.253789 0.1908 0.00767779
45 0.578834 0.501774 0.837909 0.942687 0.00711596
60 0.554338 0.0587163 0.888504 0.110126 0.00709188
54 0.658057 0.505758 0.182716 0.389735 0.00691643
60 0.027215 0.312272 0.0526436 0.294148 0.00654206
54 0.157285 0.864426 0.208115 0.118096 0.00650489
54 0.680124 0.636147 0.123746 0.131322 0.00637957
55 0.177384 0.648069 0.237537 0.164867 0.00610122
60 0.509307 0.270618 0.97155 0.485089 0.00607336
55 0.379502 0.182293 0.196045 0.186871 0.00590557
54 0.560144 0.750667 0.103099 0.113 0.00587177
55 0.409552 0.661927 0.221603 0.197157 0.0057748
54 0.369844 0.2752 0.138121 0.064412 0.0056302
54 0.394035 0.728031 0.177005 0.0567169 0.00560758
55 0.536771 0.519271 0.120668 0.366536 0.00550085
54 0.416538 0.293385 0.157689 0.101743 0.00541258
54 0.325775 0.168258 0.0899576 0.159917 0.00535464
54 0.550484 0.339763 0.105507 0.0468998 0.00509909
55 0.390718 0.395917 0.212269 0.195789 0.00460523
54 0.374403 0.230832 0.090166 0.0618941 0.00443941
54 0.297397 0.345119 0.0565739 0.100614 0.00440803
54 0.322776 0.265859 0.119432 0.0928185 0.00428629
55 0.390538 0.609564 0.24318 0.31726 0.00395492
60 0.0468412 0.0972786 0.0924592 0.186376 0.00380713
55 0.152355 0.552068 0.189649 0.158354 0.00374174
52 0.631069 0.818373 0.261026 0.255181 0.00361976
54 0.57981 0.545048 0.150416 0.317887 0.00361353
54 0.154149 0.194845 0.0847895 0.0928436 0.00352877
54 0.217664 0.216355 0.131609 0.12511 0.00337571
54 0.726581 0.607887 0.0545776 0.125786 0.00333196
54 0.559713 0.79043 0.113362 0.18947 0.00330913
54 0.176629 0.194076 0.132336 0.0968407 0.00319937
54 0.543286 0.444404 0.125278 0.237424 0.00318959
55 0.177447 0.307186 0.193367 0.17325 0.00317964
54 0.780995 0.614165 0.0678949 0.096507 0.00302398
54 0.409161 0.445689 0.152917 0.0721494 0.00294971
54 0.702163 0.816418 0.116767 0.245967 0.00292167
54 0.17061 0.832257 0.232873 0.182843 0.00287768
54 0.392051 0.248363 0.12735 0.0491814 0.00281981
54 0.449155 0.304466 0.116483 0.105397 0.00272071
54 0.40329 0.456365 0.166071 0.0777835 0.00271788
43 0.0471396 0.056903 0.0903456 0.101295 0.00267529
41 0.951099 0.0545896 0.0974758 0.105334 0.00258678
55 0.18377 0.373017 0.190833 0.308302 0.00258249
54 0.38972 0.312288 0.151259 0.051031 0.00240728
54 0.379352 0.175213 0.162128 0.149107 0.00239247
55 0.397032 0.29672 0.211379 0.119366 0.00235671
54 0.552138 0.398968 0.121822 0.161145 0.00234666
48 0.178225 0.796268 0.250531 0.252788 0.00226572
54 0.175143 0.634561 0.240258 0.236691 0.00222436
48 0.521824 0.270386 0.0998712 0.124903 0.00221333
54 0.393516 0.346177 0.21334 0.149386 0.00213656
55 0.385318 0.312726 0.230569 0.159384 0.00206408
48 0.631069 0.818373 0.261026 0.255181 0.0020431
54 0.27603 0.433676 0.0293911 0.116036 0.00202209
52 0.848263 0.791875 0.211173 0.301424 0.00202107
54 0.443632 0.282221 0.261137 0.145599 0.00194821
55 0.522431 0.270331 0.097238 0.122122 0.00193819
52 0.676569 0.406301 0.144035 0.399031 0.00192934
54 0.177194 0.409103 0.208256 0.383944 0.00191242
54 0.672011 0.271223 0.135023 0.127597 0.00190082
54 0.596861 0.49801 0.0554157 0.402462 0.00189433
54 0.151045 0.526484 0.175756 0.105489 0.0018653
48 0.848846 0.791812 0.208394 0.298989 0.00186297
55 0.197424 0.203817 0.172217 0.145384 0.00179717
54 0.377667 0.189087 0.139422 0.116914 0.00176048
54 0.17457 0.618551 0.186619 0.10272 0.0017246
48 0.842597 0.529763 0.191339 0.242703 0.00170466
55 0.832416 0.316611 0.192731 0.212762 0.00169373
54 0.300685 0.453239 0.0425091 0.12094 0.00166288
54 0.275203 0.578333 0.0295525 0.103933 0.00166163
54 0.48325 0.310042 0.0454449 0.0902171 0.00164381
54 0.692576 0.787766 0.134272 0.190276 0.00162011
60 0.242385 0.099115 0.47724 0.185018 0.00161719
54 0.838303 0.646676 0.201097 0.169679 0.00160462
54 0.361301 0.223907 0.103458 0.0705027 0.00159827
54 0.755732 0.42429 0.301894 0.437498 0.00152272
54 0.356891 0.32863 0.176653 0.131838 0.00150985
54 0.303501 0.595625 0.0807414 0.141846 0.00150958
54 0.249065 0.450219 0.0632754 0.15477 0.0014993
54 0.350228 0.275805 0.169035 0.0936867 0.00146526
54 0.392306 0.757401 0.249685 0.362115 0.00146183
54 0.37337 0.978008 0.103822 0.0439835 0.00142202
55 0.682792 0.60884 0.128597 0.183798 0.00140065
54 0.526313 0.297517 0.0988033 0.174557 0.00138676
48 0.6774 0.40685 0.138855 0.412466 0.00137693
54 0.403718 0.434847 0.170415 0.0845392 0.00135735
54 0.62493 0.567495 0.200443 0.270677 0.00134584
55 0.578834 0.501774 0.837909 0.942687 0.0013192
19 0.631069 0.818373 0.261026 0.255181 0.00131187
60 0.754098 0.0529894 0.489878 0.0979202 0.00131062
54 0.143566 0.194045 0.0608759 0.0881467 0.00128755
52 0.180806 0.371546 0.197624 0.308531 0.00128281
54 0.611567 0.4889 0.28938 0.429215 0.00127983
54 0.76162 0.459248 0.408417 0.545108 0.00127918
54 0.534761 0.470429 0.115826 0.144281 0.0012773
54 0.375884 0.239462 0.213838 0.285319 0.00126448
60 0.165644 0.0973529 0.327 0.18692 0.00125629
0 0.501433 0.0267487 0.401897 0.0499547 0.00123513
52 0.546773 0.515992 0.140881 0.38556 0.00123197
54 0.545531 0.78674 0.0754393 0.168637 0.00121337
54 0.466091 0.308586 0.0807415 0.0948586 0.00118005
60 0.975865 0.230809 0.0479311 0.267053 0.00117517
54 0.309898 0.453758 0.0612911 0.119632 0.00116041
54 0.835916 0.619944 0.215321 0.425433 0.00113368
54 0.291182 0.452793 0.0269861 0.112785 0.00110269
48 0.390539 0.840381 0.253789 0.1908 0.00108975
48 0.379502 0.182293 0.196045 0.186871 0.00108168
45 0.630399 0.817783 0.259642 0.253948 0.00107273
60 0.225782 0.0395286 0.282148 0.0746646 0.00106919
60 0.184858 0.952015 0.36255 0.0920171 0.00105402
52 0.178225 0.796268 0.250531 0.252788 0.00104845
48 0.387366 0.555525 0.238357 0.210328 0.00104216
54 0.182759 0.362551 0.145937 0.0588521 0.00104129
54 0.683785 0.524014 0.133918 0.315464 0.00102139
56 0.951153 0.0554026 0.0965179 0.106293 0.00100181
