52 0.763182 0.663561 0.386774 0.495483 0.907802
52 0.763329 0.392959 0.363207 0.507682 0.830959
52 0.291288 0.490421 0.336969 0.773332 0.752335
45 0.279658 0.49934 0.492439 0.971128 0.366214
60 0.499819 0.4964 0.999638 0.980791 0.267261
52 0.371252 0.482081 0.175292 0.76988 0.223201
48 0.293084 0.484875 0.341382 0.781869 0.211331
45 0.0466326 0.483953 0.0904091 0.910936 0.146313
48 0.763143 0.387131 0.36702 0.496141 0.11916
60 0.739617 0.522411 0.517974 0.93222 0.0740512
48 0.761505 0.663187 0.386629 0.493909 0.0632595
45 0.759095 0.517531 0.48024 0.950059 0.0586459
48 0.368568 0.478793 0.181712 0.774927 0.0352425
51 0.747376 0.320694 0.061392 0.15587 0.0158774
45 0.502076 0.511857 0.995848 0.958997 0.0102868
51 0.742119 0.328632 0.048168 0.138216 0.00867558
60 0.274585 0.498016 0.511184 0.979413 0.00793493
52 0.79065 0.522243 0.21464 0.238865 0.00764862
52 0.814859 0.499348 0.252601 0.283256 0.0072273
60 0.500878 0.317805 0.998244 0.630677 0.00535962
41 0.0458546 0.50092 0.0889987 0.946613 0.00517538
51 0.754188 0.312871 0.0834568 0.166852 0.00516614
60 0.503018 0.208137 0.993538 0.414138 0.0051643
60 0.759836 0.0776614 0.478728 0.115288 0.00430033
51 0.737338 0.351151 0.0405389 0.0914817 0.00424173
0 0.0972482 0.931101 0.193897 0.128947 0.00408033
51 0.828192 0.453563 0.0228725 0.0794856 0.00399822
45 0.763403 0.384431 0.367321 0.496083 0.00345647
51 0.836764 0.452016 0.0410496 0.0840413 0.00343463
45 0.0398696 0.419266 0.0783066 0.625855 0.00310594
51 0.807506 0.436139 0.0525499 0.101462 0.00310111
52 0.83501 0.450695 0.215309 0.346816 0.00307682
51 0.798929 0.438402 0.0768156 0.114859 0.00307676
60 0.277995 0.927001 0.550724 0.124594 0.00288859
52 0.280858 0.494189 0.49384 0.967487 0.00280881
51 0.824246 0.443339 0.0265854 0.101599 0.0024806
44 0.0458546 0.50092 0.0889987 0.946613 0.00246149
51 0.782998 0.436887 0.102308 0.115354 0.00245646
48 0.814859 0.499348 0.252601 0.283256 0.00244996
0 0.253791 0.928667 0.502091 0.125833 0.00205281
51 0.838655 0.464623 0.0444019 0.0997814 0.00189474
60 0.5 0.0909102 1 0.179686 0.00175843
48 0.832095 0.454034 0.227416 0.351491 0.00165141
51 0.784234 0.411692 0.0963266 0.0642099 0.0016323
0 0.269436 0.496855 0.52293 0.97824 0.00159809
0 0.485656 0.951878 0.93412 0.0811185 0.00154182
69 0.739617 0.522411 0.517974 0.93222 0.00153396
51 0.730949 0.295488 0.0386561 0.070946 0.00152481
0 0.156594 0.935198 0.313188 0.126703 0.00151053
41 0.279658 0.49934 0.492439 0.971128 0.00150755
52 0.716864 0.273124 0.226695 0.273749 0.00148451
52 0.760237 0.512756 0.438123 0.91428 0.00146005
52 0.871609 0.450184 0.142862 0.333497 0.00134343
45 0.0293455 0.453459 0.0586909 0.845027 0.00132069
46 0.291288 0.490421 0.336969 0.773332 0.0013079
52 0.669175 0.249881 0.114705 0.182458 0.00128621
60 0.521542 0.0539046 0.956917 0.0941677 0.00127774
69 0.499819 0.4964 0.999638 0.980791 0.00117537
51 0.773738 0.404591 0.0989077 0.0621705 0.00116146
0 0.497905 0.499531 0.995809 0.983539 0.00116014
48 0.760237 0.512756 0.438123 0.91428 0.00114247
69 0.279658 0.49934 0.492439 0.971128 0.00109404
48 0.716864 0.273124 0.226695 0.273749 0.0010789
51 0.836765 0.314765 0.0349926 0.0742111 0.00107697
66 0.762624 0.667214 0.388562 0.491418 0.00106913
51 0.844224 0.32402 0.0459005 0.0910327 0.00101686
51 0.833115 0.310333 0.0260139 0.065785 0.00100717
51 0.782071 0.408043 0.106568 0.0939953 0.00100252
