60 0.345637 0.972476 0.121975 0.0532325 0.0113179
0 0.0604736 0.926672 0.120947 0.13506 0.0108205
0 0.258833 0.543545 0.16198 0.230418 0.0106847
0 0.427228 0.463489 0.260771 0.249334 0.0103517
9 0.590899 0.801891 0.0695398 0.0553236 0.00986493
36 0.364179 0.473665 0.10353 0.0408877 0.00985026
9 0.594591 0.786566 0.0718538 0.0710048 0.00940746
60 0.576167 0.947876 0.318208 0.104249 0.00902137
36 0.404453 0.489551 0.0934834 0.0376928 0.00895336
0 0.460902 0.540046 0.14563 0.129812 0.00885895
36 0.370271 0.438544 0.0878811 0.0398252 0.00874671
9 0.462604 0.533136 0.108302 0.076697 0.0086332
60 0.208435 0.992293 0.416869 0.0154147 0.00780737
13 0.367058 0.439362 0.0895514 0.0420194 0.00764686
13 0.352406 0.430076 0.103019 0.0452625 0.00757164
0 0.221129 0.789585 0.172887 0.271438 0.00756496
0 0.0596137 0.88185 0.119227 0.153007 0.00748968
0 0.24232 0.477051 0.184329 0.321942 0.00730738
0 0.299646 0.483591 0.210662 0.349471 0.00694868
0 0.113626 0.920551 0.227251 0.147327 0.00692543
0 0.3467 0.397246 0.128696 0.137752 0.00682363
0 0.459529 0.565429 0.18264 0.201803 0.00648603
0 0.444659 0.55689 0.179055 0.112468 0.00639391
0 0.906171 0.865247 0.184763 0.23292 0.0062952
0 0.26998 0.490068 0.142089 0.309271 0.00627583
60 0.359778 0.977306 0.124547 0.0453877 0.00624809
9 0.625154 0.776531 0.0693302 0.0565311 0.00613168
0 0.921724 0.894605 0.156552 0.194789 0.00612786
0 0.493608 0.837564 0.0965118 0.196211 0.0060975
60 0.623994 0.965575 0.298386 0.0688501 0.00606549
0 0.362617 0.408611 0.145799 0.163345 0.00605226
36 0.340862 0.474944 0.0743504 0.0327238 0.00597495
36 0.357664 0.441341 0.0934359 0.0415868 0.00593251
60 0.478125 0.984401 0.369346 0.0311982 0.00589126
0 0.0577393 0.780198 0.115479 0.265013 0.00583291
9 0.489329 0.887064 0.0542429 0.0841603 0.00578922
0 0.0590327 0.823252 0.118065 0.200393 0.00578317
60 0.325498 0.976726 0.475529 0.0465475 0.00577486
0 0.539092 0.559272 0.288895 0.224508 0.00552532
9 0.484773 0.874619 0.0551758 0.107388 0.00549456
13 0.462604 0.533136 0.108302 0.076697 0.00541413
60 0.32677 0.972065 0.0835385 0.0500293 0.00540191
13 0.337281 0.426916 0.122149 0.0543214 0.00532937
60 0.371933 0.990905 0.134735 0.0181905 0.00523221
0 0.338562 0.380639 0.131885 0.12608 0.0051772
0 0.179969 0.778361 0.236259 0.288073 0.00511056
0 0.471412 0.585059 0.217302 0.156508 0.00510734
0 0.514569 0.85185 0.120658 0.160001 0.00508595
60 0.396185 0.986212 0.417595 0.0275764 0.00507048
0 0.489933 0.894268 0.050396 0.0714614 0.00506485
0 0.462269 0.604291 0.233331 0.207456 0.00506207
60 0.157547 0.960475 0.315095 0.0790509 0.00502586
60 0.217902 0.980806 0.435805 0.0383882 0.00499362
0 0.260611 0.769246 0.208995 0.252284 0.00497472
0 0.120337 0.878888 0.240674 0.200699 0.00489825
60 0.202495 0.938067 0.40499 0.123867 0.00489557
0 0.887978 0.918114 0.212771 0.15354 0.00483003
15 0.568624 0.767193 0.161342 0.131586 0.00482082
0 0.466877 0.514732 0.133929 0.16803 0.00481856
13 0.478425 0.658512 0.11405 0.061406 0.00476921
60 0.377793 0.974111 0.0938421 0.0498719 0.00476298
0 0.205425 0.806473 0.140265 0.223364 0.00473541
60 0.535524 0.981434 0.447075 0.0371312 0.0046033
0 0.939105 0.615514 0.12179 0.193668 0.00459886
0 0.497787 0.596186 0.242235 0.218951 0.00448263
0 0.387452 0.413184 0.196325 0.174144 0.00443941
0 0.584876 0.603822 0.142821 0.11122 0.00441369
60 0.522249 0.970855 0.247319 0.0582907 0.00432411
36 0.381671 0.492758 0.0697549 0.045555 0.00426301
0 0.572163 0.561944 0.0882273 0.057821 0.0042201
0 0.543999 0.857421 0.178013 0.173362 0.00421381
0 0.409469 0.436539 0.206807 0.146485 0.00421265
0 0.942538 0.340019 0.114924 0.123839 0.00420344
0 0.54199 0.848457 0.0320935 0.052557 0.00419435
13 0.478352 0.642956 0.109569 0.0592861 0.004159
0 0.120154 0.765103 0.213532 0.27218 0.00413767
0 0.308987 0.784412 0.129871 0.223298 0.00410783
36 0.363024 0.462233 0.10526 0.0475275 0.00409535
0 0.139521 0.868248 0.161418 0.154627 0.00407767
13 0.67495 0.572328 0.0812908 0.0385362 0.0040679
36 0.324629 0.473643 0.0506248 0.0338237 0.00406629
0 0.545934 0.701804 0.25873 0.216477 0.00406539
60 0.550574 0.965169 0.240223 0.0696618 0.00406075
0 0.887823 0.324946 0.224354 0.153621 0.00405186
0 0.215649 0.482272 0.220263 0.16551 0.0040485
36 0.352406 0.430076 0.103019 0.0452625 0.00403449
0 0.567501 0.55148 0.0906185 0.0782615 0.00402796
0 0.589911 0.779182 0.180252 0.147586 0.00402042
60 0.139624 0.913225 0.279247 0.173551 0.00401771
13 0.960406 0.363007 0.0791876 0.0732576 0.00400835
0 0.530102 0.888035 0.159274 0.193883 0.00399226
36 0.396449 0.479791 0.102811 0.0435571 0.00391957
0 0.476299 0.8053 0.121615 0.2076 0.0039115
36 0.337281 0.426916 0.122149 0.0543214 0.00390181
13 0.46326 0.554034 0.111405 0.0531994 0.00389826
0 0.349853 0.472672 0.21495 0.326658 0.00389796
9 0.55898 0.832122 0.0640077 0.0570889 0.00387803
0 0.582108 0.765753 0.140461 0.129196 0.00387084
0 0.393426 0.807879 0.180035 0.266247 0.00383309
60 0.49134 0.971641 0.119885 0.0496464 0.003815
0 0.111897 0.681205 0.136669 0.144562 0.00381371
0 0.297646 0.642271 0.209365 0.347358 0.00379595
0 0.428184 0.811416 0.15675 0.263964 0.00377887
13 0.627527 0.587325 0.0505384 0.0496137 0.00374788
0 0.328649 0.378215 0.185445 0.152814 0.00373179
0 0.514059 0.613682 0.193905 0.188499 0.00368139
0 0.207135 0.415504 0.235272 0.208984 0.00365096
9 0.614255 0.910758 0.0285906 0.0578726 0.00363889
0 0.487056 0.542666 0.191968 0.199358 0.00362712
43 0.591943 0.599666 0.120545 0.056124 0.00361922
13 0.364179 0.473665 0.10353 0.0408877 0.00358325
15 0.545124 0.781697 0.201554 0.17833 0.00358209
0 0.549022 0.60701 0.258701 0.143924 0.0035412
0 0.981951 0.713559 0.0316124 0.0640491 0.00351891
0 0.16129 0.841656 0.103675 0.151322 0.00351086
13 0.383871 0.637016 0.0557098 0.0746652 0.00350997
0 0.446995 0.528664 0.196982 0.17189 0.00350565
0 0.383667 0.442696 0.222057 0.254863 0.00350562
13 0.20008 0.927005 0.0242275 0.0671592 0.0034765
9 0.566023 0.82391 0.0495611 0.0714648 0.00346431
0 0.355315 0.789136 0.174381 0.255416 0.00346103
9 0.506933 0.820098 0.0868143 0.0850231 0.00345281
0 0.579029 0.829884 0.255023 0.214314 0.00344232
0 0.549987 0.662222 0.270834 0.220184 0.0034216
13 0.404453 0.489551 0.0934834 0.0376928 0.00340569
0 0.989888 0.721621 0.0202243 0.0733395 0.00340432
0 0.173196 0.851969 0.0904828 0.144874 0.00339335
25 0.32677 0.972065 0.0835385 0.0500293 0.00339225
0 0.82646 0.402568 0.113023 0.144432 0.00338325
36 0.384752 0.474392 0.0895382 0.0398074 0.00337303
0 0.333505 0.759246 0.153273 0.194981 0.00335887
0 0.10058 0.938493 0.20116 0.123013 0.00335243
13 0.552491 0.744028 0.0980173 0.0689911 0.00334844
0 0.371975 0.75698 0.199254 0.221157 0.00334623
13 0.621845 0.615977 0.0629204 0.0777805 0.0033437
9 0.46326 0.554034 0.111405 0.0531994 0.00333592
60 0.349797 0.986338 0.129502 0.0273234 0.00331762
0 0.192185 0.838585 0.119543 0.180619 0.00329733
13 0.200537 0.938591 0.0252739 0.0542352 0.00328395
13 0.387814 0.628163 0.0476442 0.0618249 0.00328252
0 0.119665 0.717132 0.136216 0.183768 0.00327456
0 0.340419 0.674728 0.180825 0.309161 0.00327304
0 0.359598 0.466415 0.302484 0.306825 0.00325504
0 0.935518 0.896625 0.128964 0.20675 0.00322691
0 0.275039 0.664873 0.221779 0.281285 0.00321275
0 0.135532 0.906016 0.271064 0.184678 0.00320986
0 0.287942 0.778332 0.135777 0.230707 0.00320539
0 0.941308 0.391528 0.117383 0.162848 0.00320253
60 0.221649 0.966055 0.0764161 0.0599656 0.00316581
13 0.615224 0.614646 0.082841 0.0685591 0.00315899
9 0.472995 0.526028 0.120359 0.0662497 0.00314921
13 0.561656 0.547945 0.0773808 0.0774393 0.00313735
13 0.446598 0.570954 0.123964 0.0733829 0.00313625
0 0.399624 0.407897 0.0745582 0.0963458 0.00313559
0 0.22429 0.699847 0.305766 0.302442 0.00313196
0 0.0875925 0.623856 0.175185 0.272179 0.00310436
9 0.485507 0.810379 0.0676807 0.0828426 0.00307786
36 0.412088 0.506563 0.087158 0.0385221 0.00307569
36 0.37918 0.458888 0.091345 0.030878 0.00307426
0 0.28439 0.551678 0.122295 0.220992 0.00307074
25 0.345637 0.972476 0.121975 0.0532325 0.00306982
0 0.484755 0.899371 0.0494219 0.0862046 0.00306582
36 0.334341 0.465116 0.07484 0.0473997 0.00305849
36 0.364426 0.491249 0.073155 0.0564889 0.0030545
60 0.0544897 0.980613 0.0833523 0.0387748 0.00303072
0 0.988375 0.71338 0.023251 0.0658794 0.00302079
9 0.49753 0.807006 0.0908224 0.0867818 0.00302005
0 0.641557 0.614418 0.22597 0.168858 0.00299734
13 0.638417 0.0433425 0.0727596 0.0782358 0.00299478
13 0.389213 0.651879 0.0512075 0.0857439 0.00298929
43 0.847299 0.367669 0.0852558 0.058505 0.00298655
9 0.518261 0.834311 0.0772059 0.0773793 0.00296864
0 0.0455284 0.749251 0.0910569 0.207273 0.00293949
0 0.484773 0.874619 0.0551758 0.107388 0.00293314
13 0.859105 0.531233 0.0696939 0.0801698 0.00292343
0 0.306427 0.407832 0.259147 0.185702 0.00292227
9 0.621136 0.789183 0.0745229 0.0675174 0.00292113
60 0.46265 0.97278 0.339165 0.0544407 0.00291014
0 0.201437 0.521083 0.264753 0.201479 0.0029029
0 0.77417 0.403094 0.186648 0.152627 0.00289157
60 0.581945 0.928747 0.25022 0.142507 0.00287133
0 0.0839995 0.543708 0.0566929 0.113463 0.00286871
0 0.464982 0.835225 0.101094 0.220864 0.00286758
13 0.453536 0.621322 0.0813671 0.0485347 0.00285238
28 0.562936 0.561775 0.0746908 0.0572512 0.0028519
13 0.597048 0.597558 0.123896 0.0481218 0.00284746
60 0.957424 0.994324 0.0851524 0.011352 0.00283945
13 0.46656 0.645044 0.0821251 0.0493795 0.0028334
13 0.715243 0.674568 0.0798174 0.0542102 0.00282964
0 0.0884327 0.838305 0.176865 0.176689 0.00282943
0 0.0935448 0.549351 0.0692286 0.10755 0.00282192
0 0.983533 0.723281 0.0298527 0.0778592 0.00281513
0 0.0607354 0.948785 0.121471 0.10243 0.00280172
36 0.321973 0.462854 0.065664 0.0518623 0.00278923
0 0.584426 0.753244 0.169873 0.145718 0.00278094
13 0.412088 0.506563 0.087158 0.0385221 0.00277555
9 0.551868 0.84382 0.046733 0.0520142 0.00277331
13 0.632009 0.575474 0.06362 0.0620717 0.00277144
0 0.319553 0.812776 0.0945166 0.237336 0.00276569
13 0.646461 0.563824 0.0872045 0.0499801 0.00276074
13 0.712283 0.666198 0.0776327 0.052603 0.00275749
0 0.933473 0.62821 0.133053 0.170654 0.00274646
25 0.326867 0.962445 0.0752141 0.0462355 0.00274602
43 0.845326 0.37817 0.0916452 0.0657891 0.00274292
0 0.480007 0.523513 0.10525 0.144951 0.0027405
13 0.468378 0.560341 0.129118 0.0616935 0.00274026
0 0.247731 0.417228 0.188257 0.216508 0.00273874
9 0.4783 0.867016 0.0485186 0.118588 0.00272128
0 0.600899 0.738718 0.184896 0.16629 0.00272074
9 0.612666 0.783271 0.07209 0.0620812 0.0027101
60 0.265348 0.994203 0.10851 0.0115939 0.00270209
0 0.161143 0.814966 0.121361 0.19202 0.00269598
0 0.84753 0.334562 0.302139 0.132531 0.00268441
9 0.623788 0.760232 0.0737366 0.0747992 0.00266278
13 0.485681 0.66686 0.128407 0.0728499 0.00266159
0 0.937766 0.287319 0.124469 0.212182 0.00265723
9 0.57691 0.813498 0.0439179 0.0548008 0.00264442
0 0.600274 0.58444 0.178813 0.142624 0.00264186
0 0.221586 0.843628 0.160763 0.237685 0.0026246
45 0.97785 0.999989 0.0443003 2.11963e-05 0.00262204
36 0.314597 0.455512 0.100738 0.0668925 0.00261229
43 0.0608603 0.909622 0.115012 0.0627476 0.00260606
60 0.968778 0.997489 0.0624434 0.0050225 0.00260407
60 0.618077 0.97707 0.391774 0.0458603 0.0026015
15 0.5736 0.744304 0.1409 0.113455 0.00258154
9 0.54199 0.848457 0.0320935 0.052557 0.00257331
36 0.478425 0.658512 0.11405 0.061406 0.00256768
13 0.622318 0.592934 0.070725 0.0447089 0.00256151
13 0.4606 0.626533 0.0923515 0.0523448 0.00256148
36 0.478352 0.642956 0.109569 0.0592861 0.00255853
0 0.551868 0.84382 0.046733 0.0520142 0.00255588
0 0.878224 0.846822 0.181054 0.255076 0.00254694
0 0.302609 0.586332 0.210425 0.238754 0.00254267
0 0.495518 0.798502 0.115632 0.151233 0.00253811
0 0.189708 0.870052 0.119016 0.161696 0.00252107
0 0.0568547 0.490873 0.113709 0.281808 0.00251356
13 0.399176 0.557887 0.0990553 0.0479805 0.0025112
0 0.987124 0.701494 0.0257513 0.0785441 0.00249892
0 0.200537 0.938591 0.0252739 0.0542352 0.00249851
43 0.551385 0.716877 0.104017 0.0584874 0.0024865
0 0.327225 0.360715 0.143651 0.111601 0.00248203
56 0.056745 0.940831 0.112799 0.118337 0.00247452
0 0.843004 0.300166 0.313993 0.20191 0.00247198
0 0.0474336 0.621368 0.0948672 0.280468 0.00245845
37 0.404453 0.489551 0.0934834 0.0376928 0.00245211
0 0.930347 0.660092 0.139305 0.239252 0.00244531
13 0.562936 0.561775 0.0746908 0.0572512 0.00243935
13 0.363024 0.462233 0.10526 0.0475275 0.002437
0 0.0301904 0.562378 0.0603808 0.133589 0.00243279
0 0.860708 0.398661 0.278585 0.17949 0.00243092
0 0.290642 0.34823 0.266348 0.198189 0.00242579
13 0.427883 0.503072 0.124989 0.0463864 0.00242564
13 0.46048 0.516201 0.104106 0.0667283 0.0024251
0 0.93293 0.921754 0.13414 0.155277 0.00242493
60 0.394928 0.993749 0.0958128 0.0125029 0.00242165
13 0.198367 0.916862 0.0194582 0.0545981 0.0024201
0 0.613654 0.605731 0.22163 0.145641 0.00241807
13 0.682356 0.578712 0.0737909 0.0405589 0.00240892
0 0.879607 0.830088 0.143283 0.222256 0.00239694
36 0.318245 0.438485 0.0995736 0.0520447 0.0023948
13 0.0574434 0.92686 0.114887 0.0702736 0.00238273
0 0.941031 0.315658 0.117937 0.170744 0.00237671
0 0.105361 0.0461808 0.210722 0.0923617 0.00235811
60 0.177906 0.994382 0.111242 0.0112355 0.0023576
0 0.591609 0.559824 0.0785471 0.0481215 0.00235009
13 0.857599 0.518655 0.0693588 0.0601719 0.0023497
60 0.47222 0.973828 0.077882 0.0487474 0.00234941
13 0.658996 0.568641 0.0817774 0.0449689 0.00232944
60 0.0436766 0.975699 0.07798 0.0486014 0.00232929
13 0.34646 0.412423 0.114915 0.0384585 0.00232872
9 0.548259 0.741566 0.0947938 0.0677278 0.00232637
13 0.552522 0.728776 0.0992939 0.0600613 0.00232571
25 0.0318588 0.970017 0.0636421 0.0566838 0.00231931
13 0.672566 0.563781 0.0874062 0.0516327 0.00230613
9 0.662314 0.743305 0.0708767 0.0569127 0.00229838
14 0.333133 0.390887 0.092661 0.0547377 0.00229749
0 0.0905126 0.682665 0.181025 0.165046 0.00229692
0 0.950609 0.0555832 0.0987822 0.111166 0.00229189
0 0.545124 0.781697 0.201554 0.17833 0.00229001
36 0.391214 0.454225 0.0805703 0.0372712 0.00228903
0 0.988914 0.738044 0.0221727 0.100657 0.00228196
0 0.113632 0.813956 0.227264 0.215191 0.00227931
9 0.490845 0.428309 0.0480627 0.0499936 0.00227439
0 0.9538 0.348867 0.0924 0.108086 0.00227365
0 0.502273 0.646907 0.199626 0.226267 0.00227359
6 0.594591 0.786566 0.0718538 0.0710048 0.0022707
13 0.0608603 0.909622 0.115012 0.0627476 0.00226599
60 0.848398 0.980251 0.303203 0.039497 0.0022653
0 0.928294 0.836657 0.143413 0.247019 0.00226265
0 0.612583 0.913624 0.0280004 0.0505214 0.00225988
13 0.626633 0.603 0.0544971 0.0582909 0.00225213
13 0.381699 0.648033 0.0500134 0.083565 0.00225088
0 0.0216646 0.717361 0.0433291 0.138133 0.00224754
0 0.331235 0.782546 0.0767646 0.112872 0.00224003
13 0.383534 0.613586 0.0605705 0.0569785 0.00223678
0 0.89812 0.838065 0.110485 0.219933 0.00223526
0 0.319413 0.855966 0.0972299 0.221553 0.0022296
0 0.993399 0.67015 0.0132023 0.0457759 0.00222367
9 0.488626 0.540523 0.111283 0.0675141 0.00221735
13 0.413319 0.560857 0.110185 0.0532155 0.0022172
