20 0.653076 0.689711 0.112422 0.172071 0.914043
20 0.368988 0.67235 0.122864 0.194176 0.907774
20 0.787636 0.692856 0.113215 0.17654 0.878489
20 0.25679 0.694654 0.0932643 0.144598 0.853376
20 0.559219 0.721869 0.0654583 0.101345 0.852997
20 0.0443345 0.69063 0.0851186 0.129296 0.840807
20 0.169287 0.706707 0.0644206 0.105452 0.668619
20 0.214818 0.648537 0.0251972 0.0756107 0.0937567
20 0.153588 0.705457 0.0961226 0.110635 0.0433185
20 0.188703 0.674067 0.027829 0.0624257 0.0233501
20 0.190802 0.668267 0.022792 0.0479387 0.0146798
20 0.833345 0.721432 0.025098 0.102374 0.00872943
20 0.125606 0.685085 0.034681 0.0510082 0.00853246
20 0.139626 0.699896 0.0653058 0.0951858 0.007763
20 0.739519 0.744099 0.0190357 0.0557832 0.00765437
20 0.133869 0.693667 0.0552134 0.0727436 0.00726035
20 0.301235 0.666117 0.0393779 0.0783659 0.00515014
20 0.159093 0.712338 0.0427588 0.0944709 0.00448278
20 0.304061 0.676154 0.0314313 0.0846777 0.00430807
20 0.298453 0.688642 0.0343936 0.116461 0.00413197
20 0.816558 0.723343 0.0560406 0.106593 0.00357279
20 0.304484 0.658406 0.0302463 0.0499644 0.00327343
20 0.834584 0.705026 0.0210854 0.0698252 0.00324786
20 0.183893 0.664987 0.0367221 0.0477674 0.00268808
20 0.282293 0.692696 0.0404901 0.134225 0.0025554
2 0.066358 0.477414 0.0716372 0.0622443 0.00202343
20 0.408215 0.713926 0.0295204 0.108935 0.00197086
20 0.387985 0.714455 0.0552823 0.0962933 0.0019086
20 0.286342 0.667754 0.0316465 0.0905173 0.00189349
20 0.402141 0.711094 0.0370822 0.111462 0.001654
0 0.316528 0.619696 0.0130842 0.0323867 0.00162613
20 0.291798 0.703091 0.0354956 0.119552 0.00154489
20 0.76566 0.746391 0.0710281 0.0600379 0.00142521
20 0.302609 0.695833 0.032631 0.120822 0.00141779
20 0.948561 0.556485 0.0264236 0.0953178 0.0013915
22 0.559435 0.721953 0.0657013 0.100282 0.00137287
20 0.315117 0.702811 0.0191257 0.114874 0.00134107
20 0.007682 0.696541 0.0139694 0.10429 0.00127921
19 0.168874 0.707687 0.0631649 0.103063 0.0012722
20 0.808939 0.716052 0.0693196 0.120947 0.00126681
20 0.30975 0.657878 0.026263 0.0748823 0.0012567
20 0.220434 0.654272 0.0340606 0.0770361 0.00115854
20 0.379108 0.703815 0.0392259 0.0628081 0.00113982
20 0.184937 0.693853 0.0336634 0.0759624 0.00112352
20 0.373234 0.715054 0.0310742 0.0844889 0.0011113
20 0.405908 0.681464 0.0237721 0.0553099 0.00108457
20 0.739341 0.729653 0.0189598 0.0882581 0.00104901
20 0.206085 0.648515 0.0439825 0.0897928 0.00101045
20 0.241232 0.700914 0.0606184 0.129883 0.00100693
