5 0.497109 0.54188 0.722553 0.537061 0.915443
0 0.230885 0.645987 0.0803788 0.240191 0.883593
0 0.452794 0.6548 0.0740314 0.328492 0.840147
5 0.0741901 0.547407 0.148076 0.37836 0.424696
7 0.0741612 0.616973 0.147473 0.23841 0.414508
26 0.199476 0.687226 0.0229401 0.0499354 0.327214
7 0.0739564 0.556861 0.147913 0.365039 0.312025
5 0.0581612 0.434255 0.115469 0.152791 0.171574
0 0.359145 0.461341 0.0292649 0.0401463 0.166712
5 0.0717628 0.464078 0.140445 0.208766 0.11744
2 0.0744698 0.617383 0.146972 0.237472 0.100783
2 0.12034 0.581487 0.0337449 0.0618402 0.0678586
1 0.228874 0.715949 0.0429397 0.100782 0.053547
26 0.20049 0.668889 0.0276564 0.0854696 0.0533106
1 0.260827 0.708282 0.0249284 0.0620023 0.0449153
5 0.0741612 0.616973 0.147473 0.23841 0.0433919
5 0.121594 0.511809 0.0511519 0.191937 0.0410739
2 0.0739564 0.556861 0.147913 0.365039 0.0373845
7 0.493688 0.543786 0.731648 0.540991 0.0354881
0 0.462166 0.458393 0.0311686 0.079384 0.0268964
0 0.53624 0.486626 0.0237838 0.0367942 0.0266051
24 0.199476 0.687226 0.0229401 0.0499354 0.0260681
5 0.102117 0.516083 0.0906657 0.196374 0.025917
3 0.261047 0.707963 0.0241212 0.0618801 0.0176775
0 0.360615 0.448011 0.0309087 0.066223 0.0169153
24 0.237618 0.5989 0.0662683 0.0780631 0.0168369
0 0.261023 0.703505 0.0255707 0.074039 0.0166745
1 0.236065 0.719764 0.0550788 0.0905772 0.0159389
26 0.261866 0.63492 0.0310382 0.119743 0.0142763
0 0.26189 0.673144 0.0285265 0.131396 0.012736
0 0.476781 0.451764 0.0578661 0.109958 0.0126436
7 0.0736066 0.490474 0.143748 0.246264 0.0112808
1 0.235985 0.724752 0.0316574 0.086941 0.0109481
26 0.26109 0.706943 0.0254268 0.0633959 0.0107974
0 0.558777 0.486099 0.0157177 0.0347228 0.0105898
0 0.461917 0.440962 0.0305422 0.0577243 0.0102358
0 0.260404 0.631498 0.0320374 0.128791 0.0100669
0 0.484587 0.45764 0.0438486 0.101978 0.00991619
0 0.407386 0.456968 0.030291 0.0412576 0.00965023
0 0.475887 0.472258 0.0593264 0.122926 0.00929329
0 0.532439 0.602672 0.0467138 0.269648 0.00914249
0 0.61474 0.42543 0.0297659 0.0529215 0.00889602
0 0.252733 0.47516 0.0183856 0.0340363 0.00835189
1 0.199601 0.687835 0.0223549 0.0495572 0.0081794
26 0.205167 0.630782 0.0387093 0.169118 0.00786138
24 0.257976 0.599249 0.0291419 0.0769794 0.00774962
0 0.553851 0.486044 0.0242432 0.0370328 0.00750661
2 0.123517 0.545227 0.0494795 0.137943 0.00744116
0 0.470042 0.427 0.0497488 0.080131 0.00736576
1 0.231515 0.702401 0.0940995 0.127614 0.0072886
2 0.138408 0.584728 0.0233532 0.0584516 0.00725031
24 0.258124 0.639151 0.0305432 0.155894 0.00699168
7 0.119426 0.52761 0.0557207 0.172555 0.00682551
1 0.237358 0.709059 0.068435 0.0799149 0.00626329
24 0.263458 0.632651 0.0352642 0.133595 0.00585783
5 0.101658 0.456813 0.0269437 0.0685179 0.00566551
2 0.119426 0.52761 0.0557207 0.172555 0.00551406
24 0.237447 0.600278 0.0450505 0.0742015 0.00521839
26 0.265019 0.657374 0.0306349 0.0716484 0.00516763
0 0.369779 0.457292 0.0418395 0.046749 0.00502101
0 0.397599 0.458776 0.0176272 0.0424208 0.00462952
1 0.226396 0.72248 0.0310985 0.0870445 0.00454903
0 0.227911 0.652401 0.055333 0.222607 0.00446296
5 0.119667 0.478577 0.0559969 0.173867 0.00436834
5 0.0444506 0.385191 0.0837864 0.051484 0.00436112
7 0.102117 0.516083 0.0906657 0.196374 0.00432783
0 0.490522 0.4397 0.0306501 0.0624185 0.00420463
0 0.530293 0.487513 0.0371462 0.0390301 0.00418293
0 0.461679 0.472731 0.0344366 0.086276 0.00413087
0 0.354669 0.457813 0.0390299 0.0540684 0.00403991
0 0.381875 0.460759 0.0211865 0.0408066 0.00393015
26 0.258124 0.639151 0.0305432 0.155894 0.00382859
16 0.260689 0.709547 0.0250855 0.0604375 0.00382632
1 0.225236 0.708163 0.0351181 0.0841014 0.00372824
7 0.0589547 0.440945 0.116468 0.167194 0.00364786
24 0.20049 0.668889 0.0276564 0.0854696 0.00358772
9 0.668937 0.343673 0.0200636 0.0394399 0.00354314
2 0.132894 0.579687 0.0341685 0.068737 0.00353751
5 0.123132 0.463259 0.0377578 0.0829474 0.00352147
2 0.176712 0.579999 0.0792582 0.0685501 0.0034866
0 0.612183 0.422445 0.0422733 0.0611374 0.00347859
26 0.257976 0.599249 0.0291419 0.0769794 0.00324669
24 0.240946 0.629652 0.0607804 0.150029 0.00315246
5 0.112864 0.472556 0.0492989 0.101844 0.00313565
0 0.536999 0.587507 0.0339192 0.24421 0.00312522
26 0.238381 0.599902 0.0639527 0.0776534 0.00299522
35 0.199462 0.689698 0.0215975 0.0452816 0.00298798
1 0.245354 0.722234 0.0521641 0.0949501 0.00297168
26 0.247656 0.657505 0.0467348 0.202684 0.00281376
2 0.168588 0.582263 0.0567344 0.0675537 0.00277066
26 0.20089 0.640509 0.0299376 0.148412 0.00273842
56 0.26067 0.708912 0.0247141 0.0613015 0.00265518
2 0.124812 0.568946 0.0480271 0.0934753 0.00264299
0 0.668937 0.343673 0.0200636 0.0394399 0.00262645
0 0.476478 0.502475 0.0619427 0.182204 0.00259489
0 0.627031 0.425066 0.0652573 0.0560105 0.00258237
0 0.133627 0.44381 0.0147868 0.0222553 0.0025681
39 0.199462 0.689698 0.0215975 0.0452816 0.00244573
2 0.111242 0.569229 0.0557484 0.0949214 0.00239924
2 0.133627 0.44381 0.0147868 0.0222553 0.00238818
13 0.178631 0.581389 0.074712 0.0653681 0.00236306
9 0.688283 0.362844 0.0199491 0.0475826 0.0022988
0 0.205167 0.630782 0.0387093 0.169118 0.00227782
0 0.252629 0.481074 0.0190739 0.0251888 0.00224406
28 0.265019 0.657374 0.0306349 0.0716484 0.00222215
0 0.686146 0.362857 0.0168507 0.0440603 0.00219166
1 0.199898 0.671531 0.0256518 0.0823237 0.00218281
24 0.265019 0.657374 0.0306349 0.0716484 0.0021337
26 0.26189 0.673144 0.0285265 0.131396 0.00208843
13 0.181838 0.573213 0.0867146 0.0751625 0.00207317
10 0.199462 0.689698 0.0215975 0.0452816 0.00205168
0 0.612258 0.410257 0.0514019 0.0811485 0.002051
3 0.228874 0.715949 0.0429397 0.100782 0.00205091
0 0.361617 0.4571 0.0376895 0.0534843 0.00204894
1 0.236207 0.718022 0.0824722 0.112491 0.00204703
24 0.26109 0.706943 0.0254268 0.0633959 0.00202861
7 0.119453 0.581105 0.0340544 0.06335 0.00202525
2 0.102117 0.516083 0.0906657 0.196374 0.00201619
0 0.455851 0.468566 0.0506443 0.102482 0.00198185
0 0.320283 0.464979 0.0232553 0.0341504 0.00197199
1 0.218389 0.690626 0.0526822 0.0732698 0.00194967
58 0.199747 0.68911 0.0217456 0.0464465 0.00194615
0 0.570142 0.326347 0.0181522 0.0309217 0.00187126
9 0.133627 0.44381 0.0147868 0.0222553 0.00185645
0 0.320143 0.452783 0.0258655 0.0640948 0.00185397
0 0.348452 0.442818 0.0349757 0.0822698 0.00183105
0 0.598827 0.427658 0.03976 0.0484468 0.00181335
24 0.232731 0.619123 0.0610097 0.139062 0.00181201
5 0.121487 0.494487 0.0485525 0.12378 0.00180289
0 0.409286 0.439742 0.0361939 0.0769447 0.00179473
9 0.686872 0.356791 0.0185159 0.053091 0.00177738
0 0.469156 0.530701 0.0463308 0.258781 0.00172493
28 0.199601 0.687835 0.0223549 0.0495572 0.00171602
26 0.218389 0.690626 0.0526822 0.0732698 0.00170791
7 0.123517 0.545227 0.0494795 0.137943 0.00170261
3 0.236065 0.719764 0.0550788 0.0905772 0.00169224
0 0.199898 0.671531 0.0256518 0.0823237 0.00167015
2 0.0736066 0.490474 0.143748 0.246264 0.00166598
0 0.327713 0.462492 0.0224225 0.0425317 0.00165686
0 0.20089 0.640509 0.0299376 0.148412 0.00162405
0 0.487544 0.42712 0.0352186 0.0737798 0.00159693
26 0.240946 0.629652 0.0607804 0.150029 0.00158712
5 0.12231 0.515675 0.0489903 0.125463 0.00155801
0 0.199601 0.687835 0.0223549 0.0495572 0.00154436
0 0.151823 0.587585 0.0217943 0.0532973 0.00153181
0 0.540499 0.489393 0.0490404 0.0440066 0.00148696
2 0.122139 0.510451 0.0484898 0.098741 0.00148177
5 0.119617 0.443692 0.0296414 0.0722542 0.00145146
0 0.552251 0.323348 0.0199514 0.0338188 0.00144789
36 0.1996 0.688186 0.0221531 0.0464689 0.00143883
0 0.134447 0.470361 0.0167856 0.0552718 0.00143608
1 0.232375 0.668543 0.074629 0.201217 0.00142434
9 0.683625 0.355494 0.0168001 0.0561269 0.00142291
0 0.0501276 0.389584 0.0679634 0.0463221 0.00142053
26 0.266179 0.676809 0.0354863 0.11216 0.00141442
5 0.103892 0.44877 0.0283809 0.0745281 0.00140351
0 0.484085 0.501259 0.0506765 0.204552 0.00139916
2 0.123132 0.463259 0.0377578 0.0829474 0.00139552
0 0.266179 0.676809 0.0354863 0.11216 0.00134254
3 0.231515 0.702401 0.0940995 0.127614 0.00133139
24 0.247656 0.657505 0.0467348 0.202684 0.00132313
24 0.222577 0.595536 0.0308549 0.0675063 0.00131768
0 0.575994 0.329119 0.0190608 0.0314547 0.00130042
26 0.219234 0.648521 0.0654012 0.208466 0.00129983
2 0.0444506 0.385191 0.0837864 0.051484 0.0012936
0 0.458288 0.479904 0.0330426 0.0750111 0.0012908
3 0.237358 0.709059 0.068435 0.0799149 0.00128695
5 0.134172 0.464085 0.0195934 0.0708118 0.00126669
2 0.134447 0.470361 0.0167856 0.0552718 0.00125301
5 0.0870163 0.456817 0.0556835 0.0793402 0.00124392
3 0.199476 0.687226 0.0229401 0.0499354 0.00122491
0 0.359427 0.466266 0.031872 0.0601854 0.0012168
0 0.134172 0.464085 0.0195934 0.0708118 0.00121173
0 0.598406 0.414915 0.0438431 0.0718506 0.00120607
2 0.142878 0.585705 0.0154114 0.057432 0.0011901
0 0.23748 0.654435 0.0471138 0.20676 0.00118691
0 0.0440196 0.385204 0.0846877 0.0528992 0.00116453
0 0.45209 0.480727 0.0451793 0.0819893 0.00115448
0 0.588565 0.432631 0.0249298 0.0400047 0.0011315
0 0.324813 0.461213 0.0326097 0.0454188 0.00112298
0 0.416729 0.469757 0.0458179 0.0919927 0.00111255
5 0.134447 0.470361 0.0167856 0.0552718 0.00110283
2 0.175067 0.587445 0.0634363 0.0556203 0.00109217
38 0.199476 0.687226 0.0229401 0.0499354 0.00108108
7 0.13637 0.548834 0.272739 0.36465 0.00107613
28 0.263458 0.632651 0.0352642 0.133595 0.00107247
2 0.134172 0.464085 0.0195934 0.0708118 0.00105911
2 0.118239 0.497417 0.0566504 0.110741 0.0010204
7 0.0734879 0.55626 0.145092 0.131018 0.00101519
