0 0.50577 0.50298 0.96133 0.821562 0.934681
35 0.157316 0.538943 0.26745 0.146591 0.713047
35 0.156252 0.511177 0.260814 0.0909933 0.0146414
34 0.156071 0.54065 0.267335 0.147406 0.0090633
0 0.158098 0.538382 0.270473 0.147572 0.00698698
35 0.197223 0.539845 0.187724 0.144969 0.00621501
32 0.156071 0.54065 0.267335 0.147406 0.00212577
22 0.158098 0.538382 0.270473 0.147572 0.00167578
52 0.156071 0.54065 0.267335 0.147406 0.00149393
35 0.203617 0.556838 0.165867 0.0916371 0.00125048
78 0.156071 0.54065 0.267335 0.147406 0.00113347
