41 0.632428 0.440711 0.341628 0.372136 0.943818
60 0.499624 0.48975 0.993297 0.970925 0.812073
41 0.75671 0.213116 0.221455 0.297408 0.771498
44 0.453186 0.438306 0.098721 0.38531 0.699812
45 0.218401 0.0890107 0.298103 0.176517 0.51055
45 0.155788 0.496755 0.310039 0.47104 0.142892
55 0.104338 0.465553 0.20677 0.383319 0.0780253
45 0.755932 0.213978 0.221749 0.294616 0.0393524
0 0.898298 0.167826 0.202505 0.334016 0.0277384
48 0.103177 0.469997 0.203079 0.397074 0.0244119
44 0.423687 0.489401 0.103577 0.293783 0.022859
55 0.137936 0.461638 0.141114 0.374895 0.0171231
45 0.586122 0.483569 0.445761 0.528753 0.0163711
48 0.155937 0.501956 0.310481 0.470553 0.0112846
55 0.155937 0.501956 0.310481 0.470553 0.0104078
55 0.0401292 0.532372 0.0799664 0.270227 0.00897005
44 0.474043 0.435792 0.078826 0.370684 0.00722241
44 0.442324 0.434921 0.149004 0.375647 0.00589809
44 0.483504 0.418306 0.0563395 0.33651 0.00479391
45 0.63313 0.439303 0.342597 0.370709 0.00458798
40 0.75671 0.213116 0.221455 0.297408 0.00331739
52 0.104346 0.465271 0.206551 0.386133 0.00323522
39 0.63313 0.439303 0.342597 0.370709 0.00321791
55 0.233171 0.444093 0.15091 0.360718 0.00310361
42 0.453186 0.438306 0.098721 0.38531 0.00307813
60 0.504108 0.146765 0.991785 0.286279 0.00279367
48 0.248083 0.0732609 0.202599 0.144848 0.00276718
48 0.137936 0.461638 0.141114 0.374895 0.00258422
75 0.755932 0.213978 0.221749 0.294616 0.00237897
41 0.218401 0.0890107 0.298103 0.176517 0.00234351
44 0.452637 0.494567 0.0973627 0.273623 0.00224915
52 0.248643 0.0724517 0.200823 0.143337 0.00221375
48 0.233171 0.444093 0.15091 0.360718 0.00199616
55 0.249015 0.0736933 0.202594 0.146398 0.00186571
60 0.486068 0.23762 0.970794 0.469797 0.00184926
48 0.0401292 0.532372 0.0799664 0.270227 0.00179407
55 0.10137 0.343247 0.191582 0.140231 0.00162482
41 0.0399585 0.532894 0.0790576 0.276185 0.00157049
46 0.120567 0.074992 0.101348 0.149984 0.00153723
60 0.488669 0.102305 0.977338 0.199163 0.00148359
40 0.635411 0.439713 0.335713 0.371924 0.00147769
52 0.137936 0.461638 0.141114 0.374895 0.00145638
54 0.10402 0.470026 0.205691 0.391273 0.00140753
44 0.490951 0.284018 0.0427777 0.0679612 0.00135231
56 0.900057 0.166074 0.199485 0.329143 0.00134647
39 0.755605 0.212348 0.220987 0.295947 0.00134432
47 0.117968 0.0554904 0.0931543 0.110627 0.001313
76 0.455262 0.440752 0.102745 0.38621 0.0012325
45 0.249015 0.0736933 0.202594 0.146398 0.00116208
45 0.337688 0.102091 0.630637 0.202527 0.00115189
0 0.725727 0.170244 0.535856 0.335013 0.00111473
49 0.117545 0.0572641 0.092497 0.114528 0.00108916
47 0.101549 0.467187 0.199961 0.39151 0.00106922
52 0.191379 0.0706105 0.0849874 0.140635 0.00101483
45 0.452361 0.484726 0.0986137 0.291776 0.00100571
