0 0.289597 0.804534 0.577851 0.368002 0.413181
15 0.395439 0.561086 0.339903 0.516691 0.0994908
15 0.287865 0.563182 0.550762 0.525038 0.0948118
16 0.395439 0.561086 0.339903 0.516691 0.081258
16 0.494674 0.567114 0.969329 0.667525 0.0802815
0 0.287858 0.631222 0.570295 0.708557 0.079209
23 0.468809 0.567576 0.764172 0.615145 0.0717356
34 0.776282 0.538627 0.447435 0.705376 0.0653565
78 0.45061 0.234124 0.191448 0.207857 0.0612823
16 0.525905 0.542044 0.70004 0.583951 0.0602272
23 0.659288 0.462219 0.325809 0.395366 0.0398508
16 0.322154 0.558049 0.480685 0.524941 0.0395747
16 0.288989 0.627645 0.566189 0.679972 0.0184647
19 0.388126 0.5567 0.350116 0.519536 0.0182529
15 0.528723 0.54955 0.683105 0.573031 0.0180044
0 0.745903 0.54499 0.507222 0.724438 0.0151082
23 0.563643 0.539283 0.710947 0.802525 0.0150943
0 0.497759 0.616291 0.995517 0.736012 0.0143972
19 0.283388 0.504547 0.555851 0.631173 0.0122544
27 0.651613 0.466261 0.311023 0.39803 0.0112742
34 0.840053 0.502822 0.318671 0.640551 0.0108904
19 0.492398 0.538683 0.76608 0.588441 0.0103244
76 0.450691 0.237717 0.190561 0.217892 0.0100089
32 0.56661 0.308924 0.0836261 0.0760797 0.00881717
19 0.494674 0.567114 0.969329 0.667525 0.00844052
15 0.494674 0.567114 0.969329 0.667525 0.00793821
0 0.655917 0.465127 0.317313 0.401827 0.00726709
1 0.603088 0.542483 0.773719 0.830737 0.00676835
17 0.500447 0.604021 0.982023 0.7226 0.00573307
16 0.290816 0.80392 0.581631 0.362297 0.00509459
23 0.663194 0.574651 0.351661 0.629716 0.00483969
0 0.501938 0.535015 0.714086 0.680446 0.0047476
41 0.0725633 0.0571387 0.141806 0.114277 0.00468862
23 0.741724 0.577406 0.506909 0.676693 0.00407866
59 0.495472 0.594575 0.990017 0.749111 0.00407636
38 0.450773 0.235481 0.191488 0.209117 0.00405067
23 0.500447 0.604021 0.982023 0.7226 0.00382566
20 0.500447 0.604021 0.982023 0.7226 0.00371325
22 0.500447 0.604021 0.982023 0.7226 0.0036374
34 0.901659 0.584533 0.194431 0.267936 0.0035685
21 0.525905 0.542044 0.70004 0.583951 0.00310272
39 0.0725633 0.0571387 0.141806 0.114277 0.00305954
14 0.655917 0.465127 0.317313 0.401827 0.0029307
0 0.396048 0.565891 0.336211 0.515448 0.0028908
16 0.290802 0.471859 0.572471 0.753998 0.00288492
15 0.290816 0.80392 0.581631 0.362297 0.00286779
0 0.290802 0.471859 0.572471 0.753998 0.0028632
21 0.394315 0.556698 0.346309 0.52322 0.00253424
16 0.655917 0.465127 0.317313 0.401827 0.00232843
14 0.496462 0.568228 0.989458 0.633988 0.00226775
18 0.394315 0.556698 0.346309 0.52322 0.00220248
34 0.875277 0.441302 0.249447 0.513704 0.00215772
3 0.500447 0.604021 0.982023 0.7226 0.00215533
15 0.388712 0.370419 0.351931 0.423994 0.00215474
15 0.563643 0.539283 0.710947 0.802525 0.00197041
25 0.759545 0.538278 0.479244 0.710409 0.00196993
16 0.563643 0.539283 0.710947 0.802525 0.00191304
3 0.603088 0.542483 0.773719 0.830737 0.00186703
59 0.290802 0.471859 0.572471 0.753998 0.00186306
65 0.285979 0.620171 0.0803918 0.11432 0.00183949
19 0.745903 0.54499 0.507222 0.724438 0.00178355
59 0.501141 0.430456 0.988838 0.847767 0.00173798
14 0.396048 0.565891 0.336211 0.515448 0.00172448
58 0.07116 0.0577415 0.142064 0.112569 0.00165009
34 0.782738 0.674855 0.422602 0.465412 0.00164714
13 0.759545 0.538278 0.479244 0.710409 0.00159326
15 0.290802 0.471859 0.572471 0.753998 0.00158745
19 0.549997 0.51154 0.674106 0.751565 0.00156391
15 0.396742 0.448404 0.285452 0.241571 0.00154808
21 0.49688 0.582303 0.983603 0.671693 0.00154287
23 0.748399 0.456523 0.498247 0.428457 0.00149816
77 0.283388 0.504547 0.555851 0.631173 0.00148237
23 0.391401 0.552998 0.350913 0.530649 0.00140113
16 0.745903 0.54499 0.507222 0.724438 0.00138929
79 0.450958 0.234263 0.189763 0.20875 0.00134239
22 0.655917 0.465127 0.317313 0.401827 0.00132447
18 0.525905 0.542044 0.70004 0.583951 0.00129852
23 0.588348 0.428599 0.181595 0.315311 0.00125158
23 0.283388 0.504547 0.555851 0.631173 0.0012337
26 0.603088 0.542483 0.773719 0.830737 0.00122714
14 0.396742 0.448404 0.285452 0.241571 0.00121859
33 0.777485 0.542746 0.444169 0.70862 0.00119397
76 0.381939 0.319028 0.332715 0.384251 0.00114635
0 0.76839 0.554023 0.157521 0.221497 0.00113332
0 0.657946 0.435784 0.24762 0.336193 0.00112867
67 0.450691 0.237717 0.190561 0.217892 0.00111789
15 0.296961 0.621601 0.593921 0.722796 0.00111002
77 0.388126 0.5567 0.350116 0.519536 0.00110728
57 0.501686 0.459219 0.996628 0.88939 0.00109345
0 0.48702 0.756831 0.97404 0.454404 0.001064
17 0.501938 0.535015 0.714086 0.680446 0.00105906
13 0.49575 0.582467 0.991439 0.772862 0.00105464
34 0.450691 0.237717 0.190561 0.217892 0.00105375
38 0.776282 0.538627 0.447435 0.705376 0.00100824
