40 0.565412 0.389858 0.399568 0.621877 0.923804
0 0.519851 0.597157 0.564584 0.782363 0.674788
44 0.565412 0.389858 0.399568 0.621877 0.00648418
40 0.551182 0.37883 0.245502 0.422017 0.00539339
0 0.717771 0.57748 0.180523 0.25524 0.00444669
40 0.716081 0.576111 0.179658 0.251646 0.00385541
0 0.766639 0.494582 0.460393 0.983735 0.00306025
40 0.684434 0.604166 0.117606 0.194514 0.00222689
35 0.715631 0.577369 0.182956 0.254283 0.00208977
40 0.469466 0.360955 0.222146 0.319077 0.00195983
40 0.479059 0.343097 0.23117 0.529541 0.00164261
40 0.476218 0.267931 0.225606 0.340208 0.0015991
40 0.639828 0.533256 0.214547 0.335097 0.0015685
0 0.668363 0.697001 0.282497 0.569139 0.0013442
0 0.373022 0.378382 0.27242 0.34308 0.00119251
40 0.668146 0.581908 0.155396 0.239305 0.00117862
38 0.565412 0.389858 0.399568 0.621877 0.00115699
41 0.57884 0.393001 0.42489 0.629215 0.00103605
