0 0.41572 0.541562 0.254357 0.626909 0.833435
3 0.552669 0.710928 0.526834 0.530186 0.666142
1 0.550758 0.712225 0.527875 0.530758 0.514524
0 0.918886 0.422199 0.0327077 0.0413303 0.173763
26 0.641895 0.532162 0.26806 0.164374 0.0904222
0 0.412353 0.380144 0.24748 0.301808 0.0584651
0 0.87756 0.421895 0.0271317 0.0327311 0.0529127
14 0.920011 0.421941 0.0348892 0.0400173 0.0251247
19 0.87756 0.421895 0.0271317 0.0327311 0.0132939
24 0.641987 0.537341 0.264757 0.166991 0.0124258
0 0.881146 0.42191 0.0331479 0.0372396 0.0116158
26 0.62051 0.551057 0.174655 0.101496 0.0107346
1 0.391482 0.713167 0.155356 0.258211 0.0104734
0 0.532324 0.545575 0.484757 0.635123 0.00910452
26 0.607279 0.535086 0.170937 0.132539 0.00893298
1 0.347569 0.710561 0.0702003 0.248937 0.00854266
1 0.407118 0.645945 0.185694 0.338941 0.00829324
1 0.40069 0.633789 0.173813 0.234746 0.00740942
1 0.348036 0.654546 0.068862 0.131204 0.00566715
14 0.87756 0.421895 0.0271317 0.0327311 0.00537395
28 0.641895 0.532162 0.26806 0.164374 0.00532672
1 0.369538 0.716808 0.126467 0.280182 0.00414726
16 0.919798 0.421896 0.0345283 0.0405779 0.00385579
1 0.636888 0.718571 0.357177 0.516609 0.00380132
19 0.919917 0.42178 0.0347834 0.0389047 0.00328746
26 0.575375 0.535068 0.446178 0.181641 0.00314447
17 0.919798 0.421896 0.0345283 0.0405779 0.00277784
0 0.574777 0.446324 0.0847094 0.0698812 0.00276726
16 0.87756 0.421895 0.0271317 0.0327311 0.00260285
17 0.87756 0.421895 0.0271317 0.0327311 0.00252581
55 0.638956 0.531497 0.271245 0.162767 0.00224766
0 0.922638 0.217926 0.0422812 0.0567388 0.00213835
9 0.87756 0.421895 0.0271317 0.0327311 0.00213373
37 0.627578 0.531561 0.290778 0.159824 0.00197569
0 0.567451 0.434626 0.0699263 0.0538672 0.00192064
0 0.878588 0.432992 0.0299459 0.0562004 0.00184178
25 0.63593 0.532846 0.274186 0.1627 0.00176176
3 0.87756 0.421895 0.0271317 0.0327311 0.00173572
1 0.350779 0.717978 0.100272 0.260921 0.00170347
1 0.877896 0.422118 0.0276432 0.0328665 0.0016546
1 0.323062 0.707132 0.133011 0.260733 0.00157741
1 0.344857 0.718072 0.14894 0.274097 0.00157195
0 0.560177 0.430651 0.0513564 0.0366333 0.00146976
39 0.478903 0.767655 0.0653093 0.143422 0.00143683
1 0.350369 0.618297 0.0768459 0.21395 0.0013867
1 0.919481 0.422054 0.0338412 0.0392052 0.00137642
0 0.428303 0.628512 0.177661 0.38111 0.00130033
0 0.892884 0.422004 0.0575204 0.0365852 0.00123176
0 0.406145 0.656229 0.136324 0.405412 0.00122252
0 0.87277 0.437476 0.020986 0.0495906 0.00120449
0 0.177579 0.430072 0.0272703 0.0597573 0.00119013
0 0.748849 0.391993 0.129878 0.185185 0.00116611
34 0.2956 0.478356 0.0353427 0.137103 0.00105697
26 0.641034 0.49637 0.265893 0.0936916 0.00104687
