0 0.960502 0.0510419 0.0789959 0.102084 0.0112028
0 0.951635 0.0901983 0.0967299 0.180397 0.0101466
0 0.844382 0.5 0.311236 1 0.00803316
0 0.960061 0.119649 0.0798782 0.239298 0.00569859
0 0.28458 0.861201 0.133387 0.277597 0.0055441
0 0.929515 0.0681821 0.140971 0.136364 0.00549141
0 0.967677 0.790035 0.0646458 0.419929 0.00479952
0 0.686021 0.0701455 0.143855 0.140291 0.00460637
0 0.982509 0.067087 0.0349826 0.134174 0.00426641
0 0.754118 0.0480008 0.195195 0.0960016 0.00424513
0 0.772221 0.5 0.455558 1 0.00417304
0 0.253487 0.859994 0.118231 0.280012 0.00403261
0 0.466635 0.315421 0.151169 0.398415 0.00378358
25 0.975307 0.995046 0.0493863 0.00990771 0.00371873
0 0.318647 0.0297702 0.181037 0.0595404 0.00361547
0 0.939788 0.133521 0.120423 0.267041 0.00358489
0 0.708498 0.060444 0.141718 0.120888 0.00341856
0 0.96906 0.885796 0.0618802 0.228408 0.00335839
0 0.967977 0.80085 0.0640469 0.309407 0.00326967
0 0.984456 0.950951 0.0310886 0.0980984 0.00323984
0 0.305431 0.5 0.599136 1 0.00319892
0 0.658288 0.073367 0.140786 0.146734 0.00318179
0 0.46991 0.0547351 0.171883 0.10947 0.00313443
0 0.577922 0.873021 0.131537 0.253957 0.00312117
0 0.775045 0.023758 0.180337 0.047516 0.0030773
0 0.759569 0.0529852 0.141493 0.10597 0.00300476
0 0.516628 0.0573793 0.159935 0.114759 0.00295159
0 0.977567 0.119249 0.0448662 0.238499 0.00292885
0 0.0775019 0.00813493 0.155004 0.0162699 0.00290701
0 0.968676 0.926772 0.0626478 0.146456 0.00288281
0 0.424736 0.0236011 0.196852 0.0472023 0.00286862
0 0.853024 0.0314963 0.188669 0.0629927 0.00286424
0 0.723094 0.0384001 0.188624 0.0768001 0.00283054
0 0.121542 0.0756143 0.183422 0.151229 0.00282073
0 0.143091 0.571372 0.137967 0.327351 0.00281155
0 0.958733 0.883745 0.0825343 0.232511 0.00280693
0 0.906128 0.5 0.187744 1 0.00278348
0 0.435026 0.335054 0.149807 0.408189 0.00277501
25 0.0223254 0.800563 0.0446509 0.107524 0.00276858
0 0.555218 0.885098 0.142711 0.229804 0.00271624
0 0.0958025 0.0508842 0.191605 0.101768 0.00265992
0 0.682255 0.5 0.63549 1 0.00262278
25 0.705753 0.111856 0.0562347 0.146496 0.00255665
0 0.450213 0.0382017 0.186591 0.0764034 0.00250798
0 0.601568 0.874012 0.128562 0.251976 0.00250185
25 0.0260021 0.766707 0.0520042 0.125582 0.00248393
0 0.196258 0.0247988 0.188769 0.0495977 0.00248086
25 0.807665 1 0.0917402 0 0.00238651
0 0.161742 0.568428 0.138374 0.364719 0.00234637
25 0.947594 1 0.0944103 0 0.00234467
25 0.220353 1 0.0895179 0 0.00231895
0 0.158046 0.877437 0.139499 0.245126 0.0023188
0 0.969092 0.586314 0.061816 0.253923 0.00230461
25 0.782932 1 0.0935887 0 0.00229549
0 0.969398 0.6002 0.0612049 0.374453 0.00229293
25 0.0197747 0.820522 0.0395495 0.125642 0.00227106
25 0.982358 1 0.0352848 0 0.00226715
25 0.698553 0.899636 0.0826459 0.139143 0.00225583
25 0.333353 1 0.0940669 0 0.00225297
25 0.758541 1 0.0942026 0 0.00224707
0 0.903883 0.0521587 0.192233 0.104317 0.00224245
0 0.985126 0.904662 0.0297489 0.190675 0.00223601
0 0.987542 0.971141 0.0249157 0.057718 0.00222731
0 0.96039 0.783914 0.0792207 0.432172 0.00221232
25 0.83349 1 0.0921123 0 0.00220859
25 0.719392 0.874169 0.0755072 0.133946 0.00220436
0 0.146067 0.0506095 0.19041 0.101219 0.00220206
0 0.493947 0.0679016 0.154059 0.135803 0.00219876
0 0.491678 0.270453 0.152985 0.296209 0.00219113
25 0.733013 1 0.0945555 0 0.00218853
0 0.986872 0.581147 0.0262562 0.241299 0.00218242
25 0.259491 0.669576 0.0883244 0.155102 0.00217262
25 0.661989 0.877789 0.0978695 0.13862 0.00215766
25 0.467648 0.980456 0.0715921 0.0390879 0.00215447
25 0.700138 0.877301 0.0875658 0.118635 0.00214636
0 0.169592 0.0341964 0.193368 0.0683928 0.00214475
0 0.347972 0.0350809 0.185599 0.0701618 0.00213856
25 0.897539 1 0.0931479 0 0.00213706
0 0.272567 0.0301904 0.173946 0.0603807 0.00213382
0 0.644438 0.872431 0.155442 0.255139 0.00213313
25 0.304401 0.495722 0.0624824 0.144569 0.00213274
25 0.765476 0.83855 0.0775122 0.127818 0.00213155
25 0.480594 0.980174 0.0744028 0.0396518 0.00211602
25 0.858227 1 0.0918243 0 0.00211298
0 0.498453 0.32993 0.184598 0.34524 0.00209156
0 0.8442 0.867566 0.147031 0.264868 0.00209141
25 0.697294 1 0.0971662 0 0.00208572
25 0.342999 0.992522 0.0851626 0.0149558 0.00205693
0 0.825929 0.0171355 0.198599 0.0342709 0.0020555
25 0.493262 0.981459 0.0744888 0.0370826 0.00205284
25 0.923699 1 0.0958569 0 0.00204572
25 0.195288 1 0.0909491 0 0.00204265
0 0.552882 0.0452579 0.182936 0.0905157 0.00204149
25 0.258571 1 0.0900278 0 0.00203452
0 0.308467 0.865166 0.134743 0.269669 0.0020313
25 0.659551 1 0.0951396 0 0.00202027
25 0.960848 1 0.0783033 0 0.00201494
25 0.505845 0.98417 0.0774095 0.0316592 0.00198185
25 0.454377 0.982629 0.0703304 0.0347429 0.00196826
0 0.232748 0.893349 0.142397 0.213303 0.0019618
25 0.633383 1 0.0928862 0 0.00195566
0 0.652482 0.0314913 0.18003 0.0629826 0.00194994
25 0.248601 0.658605 0.0842025 0.149988 0.00194454
25 0.819524 0.99335 0.0855621 0.0133007 0.00194174
0 0.205861 0.919228 0.115416 0.161544 0.00194174
0 0.364444 0.0685817 0.153599 0.137163 0.00193995
25 0.357409 1 0.0911448 0 0.00193638
25 0.0147477 0 0.0294954 0 0.00193068
25 0.42938 0.984916 0.0752983 0.0301674 0.00192222
25 0.307172 1 0.0939451 0 0.00191423
0 0.114838 0.569643 0.148489 0.32663 0.00190043
25 0.744795 0.993659 0.0877253 0.0126824 0.00188836
25 0.107725 1 0.086872 0 0.00187331
25 0.685711 0.891397 0.080777 0.126821 0.00186977
25 0.795133 0.994318 0.0866455 0.0113633 0.00186682
25 0.77006 0.993815 0.0882467 0.0123694 0.00186607
25 0.518595 0.98616 0.0782338 0.0276804 0.00186041
0 0.396152 0.0561409 0.168292 0.112282 0.00186035
25 0.231673 0.989852 0.0833215 0.0202961 0.00185254
25 0.186048 0.756082 0.0755947 0.178624 0.00185147
25 0.254704 0.989804 0.0730577 0.0203911 0.00184879
25 0.399628 0.764704 0.0922362 0.0962373 0.00184318
25 0.220947 0.307668 0.0931026 0.106321 0.00183976
25 0.190752 0.906788 0.0896775 0.0986817 0.00183865
0 0.987837 0.827731 0.0243263 0.221147 0.00183648
25 0.00459709 0.99124 0.00919417 0.0175204 0.00183475
0 0.412714 0.220623 0.152464 0.441246 0.00182596
25 0.417175 0.988188 0.0799662 0.0236247 0.00182182
0 0.736459 0.188414 0.135743 0.309007 0.00181955
25 0.510557 0.84573 0.0790951 0.111018 0.00181594
25 0.655677 0.928345 0.080406 0.0891066 0.00180751
25 0.404988 0.992805 0.0817268 0.0143901 0.00180495
25 0.543716 0.988447 0.0809349 0.0231056 0.00180039
25 0.132995 1 0.0902117 0 0.00179103
0 0.96006 0.795649 0.0798794 0.391264 0.00178701
25 0.170188 1 0.0897433 0 0.00178638
25 0.956851 0.995407 0.0862978 0.00918672 0.00177509
25 0.623369 0.891398 0.0948992 0.138984 0.001775
25 0.382135 1 0.0915649 0 0.00176549
25 0.194432 0.442152 0.0804562 0.14786 0.0017626
25 0.398495 0.79286 0.0811881 0.108434 0.00176167
25 0.544986 1 0.0904781 0 0.00176132
25 0.269582 0.989849 0.081738 0.020302 0.00175172
25 0.168211 0.696631 0.0590045 0.154749 0.00174069
0 0.124878 0.0394882 0.175829 0.0789764 0.00174022
25 0.0927392 0.993387 0.0772125 0.013225 0.00173569
25 0.16589 0.905941 0.0864695 0.141027 0.00173163
25 0.0204599 0 0.0409197 0 0.00172681
25 0.419416 0.796127 0.100137 0.104971 0.00172502
25 0.212299 0.368327 0.101943 0.0838207 0.00172487
25 0.583693 1 0.0903855 0 0.00172442
25 0.697078 0.101747 0.0481875 0.124775 0.00172403
25 0.675565 0.872687 0.100893 0.115299 0.00171995
25 0.205035 0.995547 0.078908 0.00890513 0.00171831
25 0.485942 0.845886 0.0963215 0.105228 0.00171065
25 0.883154 0.994563 0.0875301 0.0108736 0.00170952
25 0.572325 0.946211 0.0877944 0.107578 0.00170693
25 0.609055 1 0.0922915 0 0.00169811
0 0.610646 0.0963597 0.138876 0.192719 0.00169644
25 0.117786 0.991476 0.0780552 0.0170484 0.00169057
25 0.0600716 0.656978 0.0899308 0.121851 0.00168669
25 0.419335 1 0.0904876 0 0.00168487
0 0.367298 0.0247792 0.189834 0.0495584 0.00168416
25 0.708118 0.994071 0.0923923 0.0118584 0.00168133
25 0.0819641 1 0.0874785 0 0.0016771
25 0.00604346 1 0.0120869 0 0.00167593
0 0.420625 0.0457423 0.163002 0.0914846 0.00167504
25 0.760254 0.845022 0.0773523 0.0935749 0.00167289
0 0.249444 0.0193241 0.202435 0.0386483 0.00167257
25 0.708155 0.133026 0.0718016 0.136927 0.00166836
25 0.368035 0.99439 0.082835 0.0112198 0.00166667
25 0.645903 0.992924 0.0879103 0.0141517 0.00166321
0 0.230846 0.932036 0.121122 0.135928 0.00165942
25 0.340218 0.25663 0.0998201 0.124678 0.00165617
0 0.808504 0.930002 0.127323 0.139996 0.00165099
25 0.981856 1 0.0362886 0 0.00165036
25 0.317669 0.995968 0.0848699 0.00806365 0.00164858
25 0.195389 0.369225 0.0912406 0.0900393 0.00164813
25 0.195082 0.386036 0.0849681 0.101695 0.00164658
25 0.149771 0.751527 0.0855816 0.0719466 0.00164449
25 0.167656 0.949962 0.0761954 0.100076 0.00164416
25 0.220548 0.338574 0.0889957 0.103675 0.00164098
25 0.568708 0.989836 0.0805159 0.0203279 0.00163728
25 0.68166 0.94518 0.0727139 0.107609 0.00163707
0 0.184432 0.421969 0.13556 0.314626 0.00163427
25 0.766497 0.858685 0.0705503 0.132337 0.00163412
25 0.889416 0.76548 0.0991024 0.136032 0.00163019
25 0.550835 0.969877 0.0825106 0.060246 0.00162974
25 0.315877 0.5019 0.0774353 0.137738 0.00162944
0 0.785332 0.92798 0.128815 0.144039 0.00162792
25 0.218799 0.973609 0.0892334 0.0527818 0.0016278
0 0.988186 0.876436 0.0236273 0.221464 0.00162521
25 0.697931 0.916196 0.0840068 0.0931657 0.00162157
25 0.00629987 0.976536 0.0125997 0.0469275 0.00162157
25 0.909277 0.993105 0.091053 0.0137902 0.00161865
0 0.780309 0.0637246 0.138413 0.127449 0.00161573
0 0.312337 0.0636398 0.140791 0.12728 0.00161359
25 0.820457 0.573805 0.0919804 0.106145 0.00161305
25 0.845187 0.994481 0.089255 0.0110377 0.00161278
25 0.141612 0.747593 0.0916701 0.0923603 0.00160822
25 0.52497 0.805475 0.114536 0.115516 0.00160667
25 0.542751 0.82965 0.0904614 0.104574 0.00160199
25 0.181866 0.993548 0.0824352 0.0129039 0.00160071
25 0.936791 0.801258 0.0880623 0.137065 0.00160021
25 0.923173 0.82574 0.0777672 0.1426 0.00159958
25 0.240212 0.672118 0.102396 0.132944 0.00159562
25 0.933971 0.994015 0.0866785 0.0119695 0.0015904
25 0.0613972 0.734891 0.0915375 0.132113 0.00158989
25 0.899616 0.76286 0.11014 0.166496 0.00158614
0 0.0991544 0.0268031 0.194071 0.0536063 0.00158578
25 0.0920458 0.977744 0.0884497 0.0445126 0.00158161
25 0.0378079 0.765393 0.0756159 0.108898 0.00157934
25 0.00432988 0.865564 0.00865976 0.111659 0.00157765
25 0.930951 0.842203 0.0801495 0.143409 0.00157762
0 0.698303 0.0189845 0.193694 0.0379689 0.00157657
25 0.0674532 0.995051 0.0822711 0.00989806 0.00157395
25 0.283626 1 0.0931628 0 0.00157204
25 0.185947 0.724767 0.0651515 0.149524 0.00157195
25 0.706802 0.922364 0.0844751 0.109959 0.00157192
25 0.0556904 1 0.0906205 0 0.00157031
25 0.520991 0.833829 0.0983588 0.141078 0.00156856
25 0.520323 1 0.0913887 0 0.00156656
25 0.0216746 0.742794 0.0433492 0.134656 0.00156632
25 0.768716 0.802243 0.101729 0.116918 0.00154895
25 0.581415 0.811482 0.0749248 0.0983704 0.00154808
0 0.989432 0.529473 0.021137 0.414035 0.00154558
25 0.194337 0.403065 0.07888 0.10799 0.00154525
0 0.470866 0.0236934 0.19031 0.0473869 0.00154111
25 0.235855 0.626282 0.0935076 0.106962 0.00154018
25 0.147213 0.636588 0.0927141 0.142385 0.00153852
25 0.300574 0.522626 0.0721215 0.160629 0.00153837
25 0.822747 0.228387 0.0866812 0.111386 0.00153783
25 0.645881 0.896445 0.0986607 0.150472 0.00153613
0 0.182605 0.91559 0.125311 0.168819 0.00153512
25 0.619767 0.993342 0.0847836 0.013316 0.00153431
25 0.532319 0.967815 0.085228 0.0643709 0.00153324
0 0.989196 0.0582899 0.021608 0.11658 0.00153077
25 0.0128869 0.997539 0.0257738 0.00492169 0.0015285
25 0.868884 0.795585 0.0669231 0.167845 0.00152791
25 0.00387416 0.828298 0.00774833 0.102522 0.00152764
0 0.815616 0.886191 0.146958 0.227618 0.00152618
25 0.00800829 0.744912 0.0160166 0.108086 0.00152421
0 0.871628 0.110063 0.196827 0.220125 0.00152352
25 0.16237 0.926851 0.0919371 0.145084 0.00152266
25 0.68309 0.993615 0.0915447 0.0127701 0.00152105
25 0.593362 0.891135 0.0889843 0.15249 0.00152034
0 0.425339 0.168443 0.134231 0.336886 0.0015198
0 0.992516 0.56723 0.0149675 0.328823 0.00151917
25 0.174449 0.920039 0.092041 0.108589 0.00151798
25 0.597815 0.909328 0.0908205 0.108081 0.00151762
25 0.666703 0.933643 0.0732171 0.0900007 0.00151756
25 0.965361 0.809541 0.0692782 0.122926 0.00151169
25 0.966071 0.0313932 0.0678575 0.0627863 0.00151166
25 0.179206 0.902892 0.091634 0.116053 0.00151104
25 0.180713 0.685208 0.0459267 0.174009 0.00151023
25 0.559443 0.943707 0.0756422 0.112587 0.00150356
25 0.307359 0.479593 0.051769 0.155159 0.00150177
25 0.410506 0.949551 0.083642 0.100898 0.00150138
25 0.706812 0.939762 0.0859729 0.0901928 0.0015012
25 0.269049 0.292222 0.0926598 0.105245 0.00149938
0 0.201312 0.5 0.402623 1 0.00149661
25 0.145468 0.706633 0.0884396 0.1224 0.00149593
0 0.573647 0.00140723 0.185588 0.00281446 0.00149566
25 0.00420863 0.902309 0.00841727 0.121565 0.00149539
25 0.0364119 1 0.0728237 0 0.00149536
25 0.655825 0.953596 0.0906219 0.0827928 0.00149214
25 0.595496 0.948558 0.0849352 0.102883 0.00148809
25 0.206697 0.387831 0.0862324 0.111838 0.00148541
0 0.834285 0.937382 0.128319 0.125236 0.00148487
25 0.702199 0.152301 0.0877222 0.136529 0.00148392
25 0.181485 0.952444 0.0692792 0.0951122 0.00147259
25 0.00331699 0.845934 0.00663399 0.109974 0.00147131
25 0.373143 0.885018 0.112341 0.112634 0.0014706
25 0.00681445 0.728128 0.0136289 0.114117 0.00146973
25 0.641407 0.949753 0.0887355 0.0826493 0.00146967
0 0.94831 0.913068 0.103379 0.173864 0.00146645
25 0.155787 0.995898 0.0797468 0.00820315 0.00146368
25 0.142996 0.993545 0.0797756 0.0129101 0.00146335
25 0.444859 1 0.088907 0 0.00146013
25 0.295895 0.474298 0.0417009 0.133553 0.00145972
25 0.293789 0.993835 0.0820007 0.0123293 0.00145912
25 0.380566 0.865756 0.0985804 0.096539 0.00145727
25 0.22007 0.628042 0.106639 0.099696 0.0014483
0 0.606305 0.312038 0.119495 0.362505 0.0014469
25 0.185177 0.778486 0.0951713 0.161743 0.00144553
25 0.413854 0.761347 0.100611 0.0914941 0.0014455
25 0.880478 0.480254 0.0878891 0.131344 0.00144425
25 0.595404 0.991879 0.0862219 0.0162413 0.00144288
4 0.185177 0.778486 0.0951713 0.161743 0.00143889
25 0.635461 0.875275 0.107713 0.143653 0.00143769
25 0.00436172 0.810869 0.00872343 0.0969962 0.00143656
25 0.205027 0.403603 0.0775637 0.12183 0.00143501
0 0.623669 0.0246029 0.173675 0.0492058 0.00143012
25 0.222607 0.652574 0.104816 0.123841 0.0014286
25 0.578427 0.911826 0.0965696 0.119384 0.00142729
25 0.171427 0.351137 0.0888196 0.106692 0.00142604
25 0.117429 0.976915 0.0882234 0.0461709 0.00142503
25 0.495318 1 0.0912321 0 0.00142118
25 0.91045 0.759977 0.103398 0.135984 0.00142053
25 0.557908 0.933205 0.0960047 0.13359 0.00141841
