74 0.494435 0.453656 0.0643632 0.0458078 0.752736
57 0.202102 0.821601 0.404205 0.327616 0.659122
73 0.318213 0.745729 0.0873189 0.0314787 0.579169
73 0.398199 0.860759 0.0945345 0.02644 0.567986
73 0.39507 0.810369 0.0729683 0.0268806 0.50937
73 0.312158 0.819154 0.0931118 0.0403709 0.453153
73 0.287203 0.859849 0.0907153 0.0302971 0.422173
57 0.103802 0.824692 0.207605 0.328925 0.185113
73 0.383984 0.839671 0.0706008 0.0149145 0.139948
58 0.328029 0.125301 0.258253 0.247444 0.134429
73 0.30321 0.833471 0.0908499 0.0294022 0.120153
73 0.309003 0.82889 0.0916733 0.0379574 0.1171
73 0.456966 0.819311 0.0565592 0.0430092 0.0899007
73 0.384007 0.836301 0.0768182 0.0182592 0.0844242
75 0.345048 0.2064 0.0903958 0.0813322 0.0829079
75 0.261123 0.210114 0.0588973 0.047647 0.0574444
73 0.293995 0.838462 0.0684468 0.0203386 0.0497078
73 0.376562 0.748074 0.042524 0.0354662 0.0494622
73 0.379103 0.843359 0.0783992 0.0213634 0.0443909
60 0.403932 0.889225 0.334009 0.200038 0.0338791
73 0.335236 0.750952 0.119033 0.0362841 0.0323073
73 0.291683 0.843309 0.0747328 0.0139965 0.0316723
75 0.367307 0.202688 0.138888 0.0863742 0.0303625
57 0.098972 0.88008 0.196857 0.226592 0.0289987
57 0.296074 0.738727 0.229202 0.118699 0.0282049
26 0.42999 0.756025 0.0703374 0.0363207 0.0246699
73 0.501869 0.833233 0.0742841 0.043788 0.0246315
56 0.8545 0.73975 0.0685619 0.0971184 0.0229952
67 0.382562 0.839983 0.0759247 0.0150066 0.0218711
65 0.382675 0.8394 0.0750638 0.01506 0.0204479
73 0.315604 0.806932 0.0539325 0.0239489 0.0204179
75 0.341836 0.218922 0.0803073 0.0560283 0.0202819
73 0.397223 0.84729 0.101044 0.0299343 0.0189989
57 0.0999078 0.779277 0.199816 0.24269 0.0188837
65 0.844086 0.781498 0.0458533 0.0127583 0.0184504
73 0.478079 0.823082 0.104745 0.0559958 0.0180034
73 0.844086 0.781498 0.0458533 0.0127583 0.0176298
73 0.492782 0.827866 0.0551943 0.0267469 0.0171087
57 0.20209 0.727421 0.404181 0.134339 0.0169117
75 0.41975 0.203058 0.0583959 0.059983 0.0155589
73 0.336037 0.762004 0.105181 0.0213017 0.015546
75 0.255308 0.204645 0.0758384 0.0594062 0.0150238
73 0.319657 0.804242 0.0328056 0.0196606 0.0147458
65 0.492782 0.827866 0.0551943 0.0267469 0.0145254
73 0.327273 0.755795 0.108357 0.0512259 0.0140228
73 0.474452 0.824366 0.129593 0.0666176 0.0134911
57 0.0990558 0.728056 0.19589 0.13967 0.0134591
73 0.387975 0.830369 0.0770827 0.0243565 0.0131323
73 0.334566 0.841798 0.0350936 0.016547 0.0124437
41 0.319657 0.804242 0.0328056 0.0196606 0.0124089
75 0.348652 0.216776 0.105321 0.109473 0.0117771
73 0.320028 0.812899 0.0791841 0.0318119 0.0116566
24 0.429406 0.755104 0.0728368 0.0383537 0.0113099
73 0.289958 0.847223 0.086176 0.0501839 0.0110402
65 0.379103 0.843359 0.0783992 0.0213634 0.00951123
67 0.379103 0.843359 0.0783992 0.0213634 0.0094651
60 0.294867 0.76476 0.218739 0.0700693 0.00930351
63 0.319451 0.747307 0.0875883 0.0307997 0.00906155
73 0.296933 0.829996 0.0922989 0.0529293 0.00867662
63 0.376909 0.748265 0.044981 0.0360798 0.00854528
73 0.479534 0.815674 0.127973 0.0525883 0.00838009
73 0.234861 0.731672 0.0369869 0.0135311 0.00837526
73 0.231217 0.730177 0.0482064 0.0174461 0.00829935
65 0.384007 0.836301 0.0768182 0.0182592 0.00821537
75 0.343093 0.235709 0.0758905 0.077646 0.00802204
60 0.296644 0.743738 0.223426 0.103767 0.00784791
73 0.525738 0.834835 0.0274364 0.0422997 0.0074296
57 0.0976253 0.836287 0.194405 0.13345 0.00646576
59 0.100263 0.785036 0.200151 0.253665 0.00640815
67 0.384007 0.836301 0.0768182 0.0182592 0.00627637
73 0.380133 0.749061 0.0536668 0.0405053 0.00618052
65 0.319594 0.802777 0.0328199 0.0222078 0.00617754
73 0.295658 0.761406 0.213685 0.0650975 0.00608921
59 0.203956 0.823996 0.407118 0.330287 0.00597969
73 0.339474 0.850379 0.0341843 0.0243591 0.0059498
28 0.429406 0.755104 0.0728368 0.0383537 0.00553316
75 0.352743 0.213854 0.188504 0.105612 0.00538632
73 0.493844 0.837442 0.0913966 0.0492657 0.00537038
73 0.468267 0.828917 0.080047 0.0558346 0.00527048
67 0.493207 0.826401 0.05608 0.0267576 0.00514707
60 0.0995983 0.881213 0.198158 0.225077 0.00509211
63 0.335236 0.750952 0.119033 0.0362841 0.00499958
73 0.231266 0.734412 0.0632579 0.0253062 0.0049732
73 0.478328 0.835079 0.0961764 0.0521 0.00494269
73 0.320472 0.766177 0.171578 0.0620022 0.00488138
73 0.44116 0.826598 0.125037 0.060623 0.00480458
73 0.340681 0.758127 0.126461 0.0589434 0.00479421
73 0.480959 0.802437 0.120195 0.0270264 0.00472513
57 0.205826 0.766854 0.411652 0.207508 0.00461698
73 0.328085 0.755883 0.101999 0.035012 0.00459409
73 0.355825 0.834115 0.232129 0.080093 0.00436914
73 0.312787 0.739776 0.0930216 0.0325743 0.00422528
65 0.287401 0.85973 0.0891791 0.0307226 0.0040876
57 0.294566 0.75286 0.219976 0.0792218 0.00399277
57 0.202048 0.698528 0.395823 0.0809853 0.00390691
26 0.12349 0.733237 0.128435 0.0605075 0.00387722
73 0.3007 0.830832 0.11546 0.068589 0.00368083
75 0.250456 0.188806 0.09603 0.0907822 0.003658
65 0.340643 0.851624 0.0324465 0.0195946 0.0036093
57 0.140116 0.728827 0.274663 0.135593 0.00355655
73 0.342001 0.770141 0.124971 0.0589911 0.00352857
75 0.27712 0.204129 0.122777 0.0728518 0.00347784
57 0.290888 0.705621 0.2168 0.0560719 0.00341266
73 0.477679 0.850313 0.0730039 0.0233217 0.00337714
56 0.289615 0.743529 0.224307 0.128381 0.00321999
73 0.849404 0.772145 0.0572422 0.0319882 0.00281629
41 0.26098 0.210108 0.0586052 0.0475238 0.00278839
56 0.0243021 0.915236 0.0486042 0.161508 0.00276846
67 0.319657 0.804242 0.0328056 0.0196606 0.00273955
73 0.845943 0.776552 0.0498069 0.0223761 0.00271782
56 0.0990558 0.728056 0.19589 0.13967 0.00265485
60 0.0976253 0.836287 0.194405 0.13345 0.00263178
73 0.233709 0.736658 0.0543924 0.0199215 0.0025928
39 0.319594 0.802777 0.0328199 0.0222078 0.00258529
65 0.234861 0.731672 0.0369869 0.0135311 0.0025326
57 0.0927447 0.686902 0.183053 0.0603501 0.00251833
26 0.117025 0.749754 0.163697 0.100365 0.00250429
73 0.311283 0.807419 0.0788253 0.0377598 0.00250149
75 0.327657 0.197036 0.245532 0.102232 0.00247499
56 0.290663 0.705167 0.215311 0.0569 0.0024327
75 0.263389 0.210424 0.0784708 0.053615 0.00241429
65 0.457144 0.81902 0.0569125 0.0430107 0.00240493
75 0.392042 0.197613 0.116504 0.0750106 0.00218156
56 0.200475 0.822094 0.400043 0.32798 0.0021598
56 0.867065 0.735201 0.0462482 0.0880142 0.00210971
56 0.0927447 0.686902 0.183053 0.0603501 0.00203574
73 0.340004 0.865978 0.0219098 0.0129852 0.00201359
40 0.261504 0.211148 0.0575834 0.0461282 0.00199509
56 0.0403064 0.915231 0.0806128 0.163215 0.00196683
73 0.391564 0.751572 0.0744124 0.0409392 0.00196674
56 0.867655 0.724487 0.0421684 0.0671528 0.00190327
73 0.384081 0.80576 0.0853308 0.0305212 0.00188002
63 0.31306 0.818009 0.094355 0.0390362 0.00187972
73 0.340644 0.776666 0.109933 0.0454809 0.00184435
75 0.349237 0.185915 0.0969858 0.0472777 0.00183478
73 0.446086 0.850325 0.0813233 0.022279 0.00182384
58 0.247387 0.185995 0.0991338 0.100332 0.00176027
65 0.525738 0.834835 0.0274364 0.0422997 0.00171643
57 0.330497 0.74934 0.115308 0.0389603 0.00171024
65 0.399415 0.861514 0.0941088 0.0258123 0.00169164
58 0.325299 0.187638 0.251424 0.109223 0.00168183
59 0.296644 0.743738 0.223426 0.103767 0.00160763
65 0.334566 0.841798 0.0350936 0.016547 0.001582
73 0.235551 0.754849 0.0931845 0.0242519 0.00150791
45 0.493186 0.826859 0.056849 0.0264271 0.0014869
73 0.42999 0.756025 0.0703374 0.0363207 0.00145888
67 0.340643 0.851624 0.0324465 0.0195946 0.00145134
73 0.235198 0.7378 0.0768294 0.0235731 0.00143284
60 0.330497 0.74934 0.115308 0.0389603 0.00138748
57 0.107339 0.823032 0.214678 0.34305 0.00137195
75 0.76909 0.69429 0.0520186 0.102072 0.00135994
56 0.0369474 0.681734 0.0729509 0.0488285 0.00132594
73 0.482715 0.855037 0.0916208 0.032762 0.00132304
60 0.292759 0.789985 0.222366 0.128487 0.00130969
13 0.296074 0.738727 0.229202 0.118699 0.00130129
65 0.503081 0.833442 0.0718567 0.0415836 0.00130111
13 0.098972 0.88008 0.196857 0.226592 0.00129452
59 0.294382 0.760177 0.220206 0.0658967 0.00129053
26 0.419648 0.749991 0.092606 0.0486588 0.00128648
73 0.437968 0.855123 0.178212 0.0367437 0.00126624
67 0.234861 0.731672 0.0369869 0.0135311 0.00126284
65 0.394598 0.810093 0.0743861 0.026383 0.00118741
45 0.316259 0.820804 0.0883457 0.0310688 0.00116941
28 0.340681 0.758127 0.126461 0.0589434 0.00116199
73 0.413328 0.83478 0.245883 0.0799374 0.00115812
63 0.393437 0.810672 0.0693383 0.0279449 0.00115421
56 0.0997455 0.784096 0.198858 0.249819 0.00115317
67 0.395171 0.859694 0.0874275 0.0260132 0.00110203
41 0.457997 0.818363 0.0583415 0.0426594 0.00107935
67 0.287401 0.85973 0.0891791 0.0307226 0.00106707
67 0.844086 0.781498 0.0458533 0.0127583 0.00106156
65 0.340004 0.865978 0.0219098 0.0129852 0.00104064
45 0.261123 0.210114 0.0588973 0.047647 0.00103378
28 0.327273 0.755795 0.108357 0.0512259 0.00102338
73 0.405105 0.890694 0.334051 0.19553 0.00101447
57 0.0895906 0.69965 0.177955 0.0857277 0.0010142
73 0.49744 0.843599 0.122964 0.0572159 0.00101173
