71 0.291049 0.614119 0.215417 0.048246 0.724783
45 0.291427 0.614252 0.215586 0.0482806 0.264495
71 0.291615 0.58032 0.218279 0.118192 0.059113
41 0.111386 0.887717 0.0502073 0.0480823 0.0464567
73 0.45556 0.614142 0.119543 0.0273739 0.0333211
41 0.160957 0.880312 0.050106 0.047707 0.021138
71 0.293601 0.601245 0.208009 0.0223458 0.0170984
72 0.592844 0.460926 0.30591 0.915508 0.0103044
73 0.456253 0.624176 0.118239 0.0180115 0.00867504
45 0.273325 0.860242 0.161557 0.0628265 0.00777248
72 0.600459 0.617919 0.289834 0.599557 0.0044176
73 0.106475 0.648698 0.161149 0.0277377 0.00399917
71 0.264016 0.654291 0.526736 0.128393 0.00360033
73 0.452244 0.626604 0.108487 0.0137424 0.00294831
39 0.412985 0.333867 0.0489459 0.064207 0.00272539
75 0.412985 0.333956 0.0495681 0.0645118 0.00259918
73 0.105135 0.642951 0.159619 0.0358157 0.00250643
61 0.291049 0.614119 0.215417 0.048246 0.00248572
45 0.160881 0.880407 0.0499595 0.0476689 0.00238496
75 0.374318 0.292668 0.0488066 0.0693079 0.00205708
72 0.863162 0.459779 0.273677 0.903059 0.00201908
72 0.65065 0.753327 0.183894 0.319552 0.00190929
73 0.105601 0.654883 0.168628 0.034312 0.00157723
39 0.161056 0.880645 0.0498818 0.0480286 0.00154069
39 0.111386 0.887717 0.0502073 0.0480823 0.00153622
71 0.368228 0.637639 0.452082 0.0977681 0.00153252
53 0.639244 0.519834 0.0608715 0.0692362 0.00150043
39 0.374821 0.292611 0.0492941 0.0695509 0.00148919
61 0.291856 0.579004 0.215861 0.119217 0.0012199
73 0.113063 0.629388 0.115092 0.0274526 0.00119513
71 0.291784 0.602086 0.21615 0.0728557 0.001136
72 0.608543 0.750447 0.262073 0.320807 0.00111824
32 0.233839 0.310812 0.0450612 0.0370813 0.00108916
41 0.0197647 0.610625 0.0393439 0.0733198 0.00104269
55 0.291427 0.614252 0.215586 0.0482806 0.00103834
73 0.449365 0.618535 0.10784 0.0186724 0.00101799
