72 0.414448 0.725603 0.150299 0.527884 0.929587
0 0.731933 0.763132 0.0895438 0.456798 0.89994
69 0.146282 0.832422 0.20978 0.317264 0.877413
0 0.581597 0.713322 0.137904 0.555678 0.833943
74 0.733419 0.308819 0.0394804 0.080936 0.816338
26 0.750748 0.771078 0.0330025 0.103267 0.525238
69 0.414072 0.728846 0.148661 0.531881 0.318269
69 0.50998 0.803409 0.0479029 0.348912 0.264948
71 0.037798 0.677321 0.0754917 0.0988749 0.207278
26 0.61116 0.849542 0.0445217 0.272112 0.145469
26 0.746321 0.769203 0.0431549 0.120044 0.139079
71 0.0375075 0.70382 0.0748116 0.16325 0.136649
72 0.584873 0.615683 0.158115 0.573839 0.135981
25 0.611225 0.851245 0.0436796 0.266884 0.124813
72 0.584497 0.505732 0.154651 0.357767 0.0985127
45 0.0900528 0.752322 0.0401885 0.0632518 0.0621524
69 0.0380057 0.704574 0.0749313 0.166115 0.0532359
69 0.509075 0.834795 0.0417629 0.274677 0.0503469
71 0.0363416 0.69777 0.0723262 0.106427 0.0459472
72 0.613142 0.65863 0.0986184 0.511265 0.0423767
72 0.613874 0.543199 0.0949727 0.276557 0.0391019
69 0.146674 0.913076 0.205395 0.164275 0.0383637
45 0.417632 0.424975 0.0481466 0.042454 0.0344289
45 0.513602 0.596023 0.0303484 0.0524764 0.033728
45 0.512006 0.601099 0.0256546 0.0422482 0.0329004
71 0.0298189 0.74519 0.0596379 0.0776324 0.0312675
71 0.0348026 0.729672 0.0696053 0.112251 0.0275353
45 0.101119 0.706059 0.0561154 0.106779 0.026998
39 0.0631218 0.614635 0.0120409 0.048467 0.0244366
45 0.250193 0.700257 0.0498638 0.0942071 0.0240037
69 0.509319 0.710778 0.0452769 0.154638 0.0237828
71 0.0375858 0.655707 0.0748802 0.0624373 0.0192023
45 0.30623 0.723687 0.0680482 0.0612095 0.017288
41 0.0895397 0.751468 0.0412122 0.0641829 0.0160895
68 0.0373579 0.678255 0.0746345 0.107829 0.0159617
69 0.50939 0.658135 0.0444345 0.0541477 0.0156671
45 0.539066 0.606089 0.0214623 0.0336453 0.0139025
47 0.641278 0.662853 0.0191504 0.0353955 0.0126226
56 0.506049 0.813469 0.0380831 0.290891 0.0116108
45 0.514135 0.609663 0.0313295 0.0505127 0.0110938
41 0.512006 0.601099 0.0256546 0.0422482 0.010978
69 0.584663 0.506063 0.154714 0.353218 0.0108398
72 0.591555 0.543382 0.138786 0.278074 0.0107812
39 0.0646615 0.61496 0.0173831 0.0487192 0.0103505
45 0.303048 0.712435 0.0587964 0.0427101 0.0101199
69 0.507292 0.751178 0.04079 0.18832 0.00944531
45 0.615003 0.370106 0.0934706 0.0796434 0.00882661
69 0.549694 0.767629 0.129203 0.418435 0.00879619
39 0.845907 0.569567 0.0159706 0.061384 0.00858158
41 0.514092 0.595022 0.0311955 0.0527185 0.00838435
72 0.647243 0.793812 0.0553214 0.24013 0.00802803
68 0.0375137 0.703566 0.0748533 0.163524 0.00774789
71 0.0446912 0.71915 0.0893825 0.143968 0.00757176
45 0.615141 0.388389 0.084622 0.0383859 0.00733235
70 0.101204 0.707451 0.0561829 0.108173 0.00628495
53 0.639254 0.683804 0.0340098 0.0112064 0.0059979
69 0.646096 0.795913 0.0486923 0.235223 0.00568786
41 0.0631218 0.614635 0.0120409 0.048467 0.00559428
41 0.064919 0.615227 0.0171359 0.0477177 0.00558215
69 0.506649 0.796302 0.0388758 0.261689 0.00551984
72 0.633284 0.541405 0.054644 0.275798 0.00547114
69 0.616294 0.543986 0.0911787 0.279036 0.0052233
68 0.615419 0.368323 0.0934719 0.0784783 0.00515908
52 0.641278 0.662853 0.0191504 0.0353955 0.00503844
41 0.845907 0.569567 0.0159706 0.061384 0.00500819
45 0.298467 0.709639 0.0467164 0.0333248 0.00488302
69 0.512459 0.852407 0.0369001 0.227284 0.00477692
69 0.615533 0.369575 0.0910152 0.0746905 0.00476599
74 0.80892 0.542792 0.0196995 0.0897122 0.00473854
52 0.639254 0.683804 0.0340098 0.0112064 0.00469965
39 0.640058 0.662492 0.0217936 0.0391558 0.00457466
45 0.849097 0.612629 0.0444107 0.0446722 0.00452214
51 0.641278 0.662853 0.0191504 0.0353955 0.00448933
45 0.637823 0.683385 0.0384127 0.0116542 0.00447997
39 0.634168 0.649771 0.0113031 0.0318182 0.00436282
26 0.762271 0.838762 0.05818 0.109264 0.0043056
39 0.0606774 0.615454 0.0168732 0.0479286 0.00424606
73 0.637823 0.683385 0.0384127 0.0116542 0.00420237
45 0.250632 0.679282 0.0489407 0.0563448 0.00400925
39 0.870184 0.590287 0.00954819 0.0546658 0.00399956
26 0.612878 0.765181 0.043259 0.0950814 0.00392881
69 0.0375929 0.682068 0.0751859 0.116878 0.00374398
70 0.513602 0.596023 0.0303484 0.0524764 0.0036948
49 0.641278 0.662853 0.0191504 0.0353955 0.00357902
45 0.528027 0.605038 0.0407644 0.0482532 0.00336391
71 0.648583 0.690511 0.0564695 0.0193263 0.00335217
69 0.531411 0.77403 0.0938193 0.375794 0.00327441
41 0.101807 0.71456 0.0581248 0.122929 0.00325814
41 0.539066 0.606089 0.0214623 0.0336453 0.00314078
41 0.0606774 0.615454 0.0168732 0.0479286 0.00302267
53 0.643718 0.687474 0.0439491 0.0163488 0.0030027
70 0.512006 0.601099 0.0256546 0.0422482 0.00289977
69 0.586413 0.620733 0.159074 0.588094 0.00288248
41 0.0971528 0.735372 0.047714 0.0916916 0.00280997
56 0.763037 0.846699 0.0574257 0.0886417 0.00280479
69 0.643713 0.855953 0.0384812 0.114824 0.00276819
24 0.75034 0.77408 0.0344709 0.0982696 0.0027678
41 0.641278 0.662853 0.0191504 0.0353955 0.00265145
47 0.634168 0.649771 0.0113031 0.0318182 0.00262973
39 0.749934 0.769246 0.0337486 0.10515 0.00261098
70 0.249959 0.700302 0.0496103 0.0933306 0.00258538
39 0.641782 0.653732 0.0183434 0.0441475 0.0025692
26 0.757474 0.80661 0.0555217 0.166533 0.00250292
56 0.509827 0.803046 0.0475201 0.348557 0.00246242
71 0.50965 0.660262 0.0453697 0.0522995 0.0024111
74 0.811404 0.541798 0.0254276 0.100096 0.00236294
39 0.0905555 0.752182 0.038917 0.0623279 0.0023587
68 0.584497 0.505732 0.154651 0.357767 0.00234088
46 0.639254 0.683804 0.0340098 0.0112064 0.00229675
24 0.61116 0.849542 0.0445217 0.272112 0.0022417
41 0.765803 0.722839 0.0201572 0.0366823 0.00221297
69 0.614644 0.676173 0.108947 0.54792 0.00220412
45 0.0864784 0.752726 0.052973 0.0715967 0.00214836
69 0.510425 0.650168 0.0445711 0.0441114 0.00214741
40 0.845733 0.569656 0.0154028 0.062034 0.00212809
75 0.845733 0.569656 0.0154028 0.062034 0.00209174
69 0.147152 0.771895 0.206858 0.197091 0.00207859
45 0.538426 0.599815 0.0232121 0.0330862 0.00207597
45 0.0971528 0.735372 0.047714 0.0916916 0.00207257
45 0.634388 0.683499 0.0467379 0.0331236 0.00206652
43 0.639254 0.683804 0.0340098 0.0112064 0.0020535
73 0.643718 0.687474 0.0439491 0.0163488 0.00204107
73 0.0317466 0.744934 0.0634933 0.0787074 0.0020003
46 0.643718 0.687474 0.0439491 0.0163488 0.00199145
69 0.633284 0.541405 0.054644 0.275798 0.0019471
71 0.643718 0.687474 0.0439491 0.0163488 0.0019367
0 0.610894 0.851531 0.0435051 0.266911 0.00193152
45 0.412143 0.429017 0.0593746 0.0452322 0.00187427
71 0.639254 0.683804 0.0340098 0.0112064 0.00187042
46 0.641278 0.662853 0.0191504 0.0353955 0.00185782
69 0.514455 0.892215 0.0358287 0.126877 0.00185671
56 0.508498 0.726836 0.0431217 0.175898 0.00185588
51 0.637823 0.683385 0.0384127 0.0116542 0.00185308
26 0.626066 0.764778 0.0195068 0.0803452 0.00184858
26 0.607886 0.776412 0.0364214 0.114445 0.00180939
45 0.0373845 0.678769 0.0738705 0.0934932 0.00179961
48 0.641278 0.662853 0.0191504 0.0353955 0.00177556
24 0.746321 0.769203 0.0431549 0.120044 0.00174761
45 0.294152 0.68589 0.0450859 0.040241 0.0017291
72 0.657546 0.626144 0.304593 0.590564 0.00171307
72 0.508498 0.825985 0.0418956 0.294675 0.00168011
28 0.749362 0.767881 0.0385166 0.110039 0.00162095
26 0.626931 0.778783 0.0168364 0.0517828 0.00161183
43 0.643718 0.687474 0.0439491 0.0163488 0.0015339
63 0.0317466 0.744934 0.0634933 0.0787074 0.00151062
71 0.510425 0.650168 0.0445711 0.0441114 0.00150591
45 0.591376 0.352756 0.0208897 0.0299716 0.00150391
51 0.634168 0.649771 0.0113031 0.0318182 0.00150084
68 0.50939 0.658135 0.0444345 0.0541477 0.00149769
46 0.64006 0.667744 0.0243759 0.0328948 0.00147241
69 0.494643 0.811751 0.0794476 0.356027 0.00142711
56 0.643473 0.855247 0.038219 0.117611 0.00142246
69 0.567787 0.742714 0.16379 0.460854 0.00141713
45 0.584612 0.354985 0.0246052 0.0329812 0.00138065
56 0.510458 0.836225 0.0396008 0.257957 0.0013732
72 0.615533 0.369575 0.0910152 0.0746905 0.00137147
72 0.642773 0.721524 0.0640249 0.386355 0.00134781
52 0.643718 0.687474 0.0439491 0.0163488 0.0013257
45 0.60087 0.361738 0.0560335 0.0350541 0.00131941
55 0.641278 0.662853 0.0191504 0.0353955 0.00130922
56 0.511147 0.787331 0.0382221 0.170013 0.00129646
45 0.29487 0.693688 0.0469444 0.0535749 0.00128168
53 0.641278 0.662853 0.0191504 0.0353955 0.00127205
47 0.641782 0.653732 0.0183434 0.0441475 0.00127113
73 0.634388 0.683499 0.0467379 0.0331236 0.00122187
45 0.643718 0.687474 0.0439491 0.0163488 0.00122151
39 0.848592 0.569169 0.0222479 0.0662695 0.00122055
41 0.634168 0.649771 0.0113031 0.0318182 0.00119168
26 0.744985 0.798424 0.0606766 0.318274 0.00118753
13 0.763037 0.846699 0.0574257 0.0886417 0.00117502
45 0.585608 0.361735 0.0258999 0.0287122 0.00114754
43 0.634388 0.683499 0.0467379 0.0331236 0.00114709
72 0.633804 0.679903 0.0847898 0.467012 0.00111118
39 0.514092 0.595022 0.0311955 0.0527185 0.00110242
49 0.634168 0.649771 0.0113031 0.0318182 0.00108662
41 0.8315 0.594296 0.0165138 0.0413227 0.00108367
58 0.84695 0.571252 0.0167854 0.0684434 0.00107548
45 0.403086 0.456841 0.0819131 0.0286059 0.00107291
48 0.637823 0.683385 0.0384127 0.0116542 0.00107288
45 0.510425 0.650168 0.0445711 0.0441114 0.00107107
70 0.0375929 0.682068 0.0751859 0.116878 0.00107053
71 0.642461 0.695999 0.0549525 0.0344091 0.00106296
72 0.805745 0.635495 0.0373932 0.374591 0.00105169
45 0.393891 0.432311 0.101739 0.0551679 0.00104654
51 0.641782 0.653732 0.0183434 0.0441475 0.00104594
73 0.648583 0.690511 0.0564695 0.0193263 0.00103942
61 0.0374518 0.704601 0.0746247 0.163127 0.00103733
69 0.512111 0.885208 0.040332 0.219867 0.00102547
67 0.765803 0.722839 0.0201572 0.0366823 0.0010238
75 0.811404 0.541798 0.0254276 0.100096 0.00101706
37 0.611225 0.851245 0.0436796 0.266884 0.00100765
