0 0.110692 0.9408 0.221384 0.118399 0.00355247
0 0.220313 0.94014 0.309296 0.11972 0.00282595
0 0.868463 0.942146 0.263074 0.115709 0.00271332
0 0.770423 0.940742 0.314393 0.118516 0.00263345
0 0.64155 0.943179 0.308058 0.113642 0.00257638
0 0.517817 0.939235 0.309305 0.121529 0.00253865
0 0.150467 0.940055 0.300935 0.119889 0.0023737
0 0.366663 0.939025 0.304933 0.12195 0.00222045
0 0.420526 0.940991 0.303306 0.118018 0.00197753
0 0.295019 0.940797 0.310041 0.118406 0.0018667
0 0.0901906 0.931034 0.180381 0.137932 0.00133306
0 0.0225773 0.9363 0.0451546 0.1274 0.00125891
0 0.00886559 0.675576 0.0177312 0.36595 0.00124115
0 0.0056815 0.661559 0.011363 0.243552 0.00123435
0 0.0205163 0.87131 0.0322513 0.257381 0.00123361
0 0.078748 0.1351 0.157496 0.211466 0.00122312
0 0.114538 0.640453 0.229075 0.167074 0.00121859
0 0.00312767 0.778192 0.00625533 0.230663 0.00121582
0 0.0940235 0.821867 0.188047 0.227852 0.00121295
0 0.050748 0.93407 0.101496 0.13186 0.00119963
0 0.00735108 0.620608 0.0147022 0.375639 0.00115249
0 0.0989374 0.900303 0.197875 0.199393 0.00113976
0 0.0024034 0.588323 0.00480679 0.251473 0.00113893
0 0.866272 0.928782 0.225891 0.142436 0.0011372
0 0.0030038 0.546552 0.0060076 0.213455 0.00113553
0 0.0798737 0.103402 0.159747 0.206804 0.00113302
0 0.0153171 0.88098 0.0254667 0.238039 0.00112668
0 0.958659 0.657898 0.0826821 0.236136 0.0011214
0 0.0189692 0.698674 0.0379384 0.356754 0.00111833
0 0.0967382 0.766085 0.193476 0.234728 0.00111473
0 0.0154225 0.724624 0.030845 0.363028 0.00107089
0 0.021465 0.829971 0.0324267 0.340057 0.0010601
0 0.0986193 0.647335 0.197239 0.223991 0.00105581
0 0.00528882 0.858649 0.0105776 0.217119 0.00105277
0 0.662502 0.927807 0.252547 0.144387 0.00104934
0 0.957365 0.54558 0.0852703 0.248428 0.00103477
0 0.0230508 0.316972 0.0461017 0.203625 0.00103182
0 0.95858 0.71593 0.0783022 0.253832 0.00101662
0 0.0305973 0.822669 0.0520086 0.354663 0.00100511
