0 0.0127874 0.217867 0.0255748 0.435735 0.213745
0 0.010644 0.714861 0.021288 0.468222 0.167857
0 0.0105123 0.306046 0.0210246 0.443965 0.16449
0 0.0116758 0.367964 0.0233516 0.466221 0.131424
0 0.0139817 0.813367 0.0279634 0.373265 0.10374
0 0.0120635 0.801415 0.0241271 0.39717 0.102173
0 0.0230679 0.837173 0.0461358 0.325655 0.0918373
0 0.0130202 0.470737 0.0260404 0.421302 0.0541613
0 0.0104192 0.56145 0.0208384 0.358744 0.0483501
0 0.0159864 0.167744 0.0319727 0.335487 0.0446331
0 0.010878 0.844094 0.0217559 0.311812 0.040528
0 0.0169321 0.0516701 0.0338643 0.10334 0.031915
0 0.0102151 0.261364 0.0204301 0.408929 0.0307923
0 0.0106019 0.417964 0.0212037 0.415016 0.0280116
0 0.0101554 0.0414903 0.0203108 0.0829806 0.0259826
0 0.0122351 0.736654 0.0244703 0.352261 0.0249051
0 0.941336 0.641865 0.115559 0.446985 0.0195473
0 0.287428 0.146372 0.0591494 0.292743 0.0188166
0 0.0109787 0.650571 0.0219573 0.381896 0.0175673
0 0.924401 0.706971 0.0865009 0.586059 0.017249
0 0.0117918 0.181889 0.0235837 0.363778 0.0168759
0 0.0101499 0.913583 0.0202998 0.172835 0.0166976
0 0.0116518 0.587018 0.0233036 0.315748 0.0154162
0 0.256957 0.141308 0.0682808 0.282617 0.0152867
0 0.300296 0.141766 0.0602685 0.283531 0.0146771
0 0.683954 0.28143 0.0717247 0.276672 0.0142517
0 0.0328919 0.908929 0.0657838 0.182143 0.013854
0 0.0442607 0.862045 0.0885214 0.27591 0.0133158
0 0.265957 0.144067 0.0480962 0.288134 0.0123848
0 0.373906 0.0862376 0.0907089 0.172475 0.0112884
0 0.751709 0.766186 0.133633 0.467627 0.0102332
0 0.730001 0.78724 0.186505 0.425521 0.0101398
0 0.337592 0.143668 0.0505558 0.287335 0.010032
0 0.00734762 0.0500562 0.0146952 0.100112 0.00995666
0 0.351414 0.13716 0.0573215 0.274319 0.00942805
0 0.678932 0.356488 0.0783221 0.390904 0.00936747
0 0.938787 0.58023 0.122425 0.434265 0.00925347
0 0.680802 0.108312 0.0583048 0.216624 0.00916234
0 0.00819707 0.61355 0.0163941 0.143248 0.00886801
0 0.0510426 0.0650901 0.102085 0.13018 0.00886643
0 0.298188 0.215512 0.07216 0.431025 0.00864533
0 0.410378 0.0783123 0.0485113 0.156625 0.00857419
0 0.663297 0.245694 0.111304 0.417821 0.00841972
0 0.399693 0.0728785 0.0742434 0.145757 0.00829053
0 0.014174 0.888467 0.0283481 0.223066 0.00821319
0 0.0403392 0.819618 0.0806785 0.360763 0.00804695
0 0.00771578 0.57311 0.0154316 0.128601 0.00804439
0 0.682544 0.0644289 0.0477575 0.128858 0.00777429
0 0.385974 0.0970948 0.0612433 0.19419 0.00761414
0 0.620058 0.251082 0.191087 0.403205 0.00760823
0 0.719539 0.850743 0.0629763 0.298514 0.00749379
0 0.00713789 0.554227 0.0142758 0.130666 0.0074341
0 0.0491019 0.927876 0.0982038 0.144249 0.00739574
0 0.924179 0.532582 0.0574257 0.168604 0.00716192
0 0.764875 0.646628 0.08778 0.537541 0.00715899
0 0.0527506 0.755666 0.105501 0.250307 0.00708529
0 0.747833 0.818879 0.128997 0.362241 0.00692871
0 0.0141346 0.441084 0.0282692 0.14349 0.00680307
0 0.0630641 0.807982 0.126128 0.384036 0.00678119
0 0.0522407 0.33869 0.0278474 0.148214 0.00667912
0 0.00691327 0.519262 0.0138265 0.124471 0.00667715
0 0.694608 0.808748 0.169794 0.382505 0.00657481
0 0.649772 0.844012 0.191282 0.311976 0.00647536
0 0.00591238 0.657481 0.0118248 0.128934 0.00647062
0 0.0547696 0.784407 0.109539 0.344437 0.00646254
0 0.0102047 0.0644027 0.0204094 0.128805 0.0063906
0 0.654708 0.051681 0.0556398 0.103362 0.00624242
0 0.0124268 0.416214 0.0248536 0.113473 0.00597522
0 0.699312 0.0798619 0.0633762 0.159724 0.00585088
0 0.50963 0.0592813 0.0744297 0.118563 0.00583696
0 0.811469 0.80759 0.0977272 0.38482 0.0055902
0 0.731345 0.140408 0.097667 0.280816 0.00550237
0 0.584807 0.0440478 0.0713001 0.0880956 0.00535983
0 0.703778 0.115862 0.0810774 0.231724 0.00532115
0 0.778013 0.0776709 0.0598786 0.155342 0.00531372
0 0.331492 0.344109 0.0846874 0.245186 0.00530672
0 0.747822 0.110125 0.103722 0.22025 0.00527579
0 0.0136718 0.388964 0.0273437 0.131821 0.00525585
0 0.0133178 0.197897 0.0266356 0.145414 0.00524634
0 0.683618 0.630893 0.251169 0.603207 0.00522432
0 0.905153 0.600441 0.177573 0.513546 0.00511819
0 0.775395 0.116955 0.0670212 0.233911 0.00511688
0 0.25204 0.0383768 0.0215184 0.0674808 0.00506684
0 0.648836 0.261807 0.152769 0.340373 0.00502232
0 0.940596 0.730584 0.1037 0.538832 0.00501683
0 0.0514537 0.814707 0.102907 0.370585 0.00488201
0 0.00470339 0.675821 0.00940678 0.125179 0.00487754
0 0.414471 0.351435 0.0906471 0.473803 0.0048677
0 0.436969 0.0817275 0.0730884 0.163455 0.00484344
0 0.686028 0.316144 0.0960039 0.270726 0.00472796
0 0.946116 0.675892 0.107768 0.543174 0.00471878
0 0.0384118 0.371141 0.026752 0.17742 0.00465596
0 0.217375 0.405609 0.129599 0.352566 0.00459087
0 0.793684 0.798392 0.163845 0.403216 0.00450757
0 0.0171654 0.946358 0.0343307 0.107285 0.00444204
0 0.108319 0.735083 0.193898 0.421463 0.00441584
0 0.414751 0.216951 0.147115 0.241659 0.00439769
0 0.0102566 0.516634 0.0205133 0.437653 0.00434953
0 0.528947 0.0663928 0.0803595 0.132786 0.00430658
0 0.519748 0.331101 0.181641 0.38017 0.00420445
0 0.480323 0.0535866 0.0776745 0.107173 0.00412056
0 0.483439 0.863128 0.283263 0.273744 0.00409678
0 0.877176 0.0597143 0.0777048 0.119429 0.00405717
0 0.0123932 0.686707 0.0247864 0.0958556 0.00403577
0 0.00761102 0.304718 0.015222 0.155186 0.00402722
0 0.0459655 0.217534 0.091931 0.435069 0.00401536
0 0.779535 0.619207 0.122182 0.472675 0.00400892
0 0.396578 0.30278 0.179188 0.432121 0.00396758
0 0.221978 0.733231 0.244502 0.478868 0.00390097
0 0.124579 0.218213 0.0603642 0.207059 0.00387436
0 0.789913 0.449831 0.100606 0.343478 0.0038408
0 0.668718 0.47299 0.133271 0.593986 0.00383446
0 0.00721631 0.481849 0.0144326 0.131394 0.00382861
0 0.730562 0.75979 0.0875688 0.480421 0.00382417
0 0.253596 0.381665 0.0418714 0.387436 0.00381866
0 0.604814 0.177594 0.107902 0.23961 0.00377953
0 0.450322 0.0399524 0.0626076 0.0799048 0.00377825
0 0.00506047 0.712966 0.0101209 0.147986 0.00375506
0 0.628999 0.257016 0.165073 0.514032 0.00372186
0 0.792096 0.086204 0.0907486 0.172408 0.00370109
0 0.938191 0.0718906 0.123617 0.143781 0.00362393
0 0.623875 0.84884 0.220205 0.302321 0.00359288
0 0.028959 0.366243 0.057918 0.362775 0.00359243
0 0.06739 0.358861 0.0656919 0.443888 0.00357744
0 0.930343 0.0521567 0.109651 0.104313 0.00357145
0 0.86133 0.58707 0.102949 0.523164 0.00357118
0 0.783688 0.577329 0.143515 0.621622 0.0035575
0 0.793644 0.560327 0.091449 0.498602 0.00352383
0 0.424839 0.333915 0.149454 0.462715 0.00351775
0 0.88904 0.101485 0.161878 0.20297 0.00346622
0 0.0439371 0.323598 0.0816926 0.43132 0.00344095
0 0.492221 0.0408842 0.0622223 0.0817684 0.00338924
0 0.595718 0.061682 0.0850967 0.123364 0.0033873
0 0.0473517 0.732255 0.0947034 0.161918 0.00338498
0 0.94891 0.0486056 0.102181 0.0972112 0.00332811
0 0.396735 0.314837 0.122571 0.420869 0.00330794
0 0.845884 0.828913 0.0822533 0.342174 0.00328293
0 0.541966 0.134815 0.185159 0.269629 0.00327936
0 0.6061 0.878303 0.148602 0.243395 0.0032703
0 0.299366 0.346957 0.102223 0.286857 0.00325334
0 0.911021 0.0464554 0.072304 0.0929108 0.00323972
0 0.254317 0.713625 0.219441 0.553142 0.00321993
0 0.0641847 0.0654368 0.0949436 0.130874 0.00321358
0 0.849887 0.780992 0.0766098 0.438015 0.00321212
0 0.0347441 0.0709704 0.0609737 0.141941 0.00320461
0 0.764273 0.809037 0.166828 0.381927 0.00318968
0 0.331483 0.425901 0.0993098 0.43865 0.0031797
0 0.551636 0.0480675 0.0634207 0.0961351 0.00316438
0 0.986936 0.0549956 0.0261288 0.109991 0.0031552
0 0.787456 0.49413 0.0863129 0.397336 0.00312528
0 0.591315 0.137407 0.162377 0.252958 0.00310627
0 0.474634 0.215038 0.202753 0.254361 0.00308508
0 0.0128157 0.260619 0.0256314 0.128047 0.00306004
0 0.86185 0.0715937 0.0485229 0.143187 0.00305337
0 0.608768 0.879714 0.128998 0.240573 0.0030432
0 0.717062 0.582279 0.162052 0.646577 0.00300285
0 0.183384 0.420176 0.0404006 0.137437 0.00299701
0 0.838516 0.0958312 0.0607666 0.191662 0.00299695
0 0.707553 0.374053 0.136694 0.418222 0.00299615
0 0.733756 0.0691323 0.0730957 0.138265 0.00298521
0 0.00238324 0.69218 0.00476648 0.117167 0.00296322
0 0.934162 0.094599 0.110866 0.189198 0.00293231
0 0.00316726 0.842762 0.00633453 0.115409 0.00291041
0 0.589292 0.165094 0.087725 0.182886 0.00289968
0 0.614175 0.213892 0.13889 0.347716 0.00285441
0 0.111887 0.235836 0.0779273 0.208313 0.00285295
0 0.764871 0.896386 0.148356 0.207227 0.00284421
0 0.911757 0.0898958 0.176485 0.179792 0.00284374
0 0.520637 0.880991 0.185026 0.238017 0.00284305
0 0.0129067 0.334488 0.0251421 0.0843244 0.00284132
0 0.579459 0.48713 0.17422 0.494688 0.00282779
0 0.961614 0.0428049 0.0767714 0.0856097 0.00280759
0 0.00992826 0.230572 0.0198565 0.133438 0.00278613
0 0.0154614 0.0660086 0.0309228 0.132017 0.00277966
0 0.658324 0.328505 0.176457 0.216935 0.00277641
0 0.840292 0.939637 0.311289 0.120727 0.00274345
0 0.0828712 0.836067 0.165742 0.327866 0.00273472
0 0.0258051 0.0226721 0.0516101 0.0453442 0.0027284
0 0.0188894 0.035543 0.0377789 0.071086 0.00271174
0 0.0107542 0.281542 0.0215084 0.155989 0.00270247
0 0.344899 0.354184 0.124881 0.315623 0.00269827
0 0.407069 0.289287 0.0441135 0.348768 0.00268301
0 0.01393 0.238929 0.0278599 0.11418 0.00267589
0 0.231443 0.131819 0.0499311 0.263639 0.00267386
0 0.67004 0.282941 0.107123 0.267322 0.002662
0 0.682866 0.418872 0.16038 0.418368 0.00265348
0 0.85776 0.103914 0.250951 0.207828 0.00263631
0 0.902709 0.736486 0.194582 0.527028 0.00263107
0 0.687071 0.314835 0.14905 0.466461 0.00263101
0 0.766334 0.813433 0.0601797 0.0634264 0.00262913
0 0.281861 0.358573 0.0574214 0.263894 0.00261959
0 0.00685924 0.0911449 0.0137185 0.109966 0.00260171
0 0 0.0420899 0 0.0841799 0.00260162
0 0.174322 0.783746 0.241729 0.373786 0.00258338
0 0.879582 0.747799 0.129574 0.504401 0.00257578
0 0.607385 0.494056 0.251277 0.537633 0.00256962
0 0.867607 0.70287 0.0709053 0.439752 0.00256658
0 0.961532 0.958122 0.0729725 0.0837557 0.00256109
0 0.518773 0.180339 0.168116 0.188711 0.00255933
0 0.00837144 0.827793 0.0167429 0.13452 0.00252184
0 0.833404 0.464647 0.0792885 0.2214 0.00250354
0 0.0558843 0.322022 0.0345059 0.166255 0.00246766
0 0.633864 0.0379942 0.0421896 0.0759885 0.0024575
0 0.910731 0.544968 0.143218 0.386857 0.00244617
0 0.960189 0.0213176 0.0612999 0.0426351 0.00244224
0 0.376797 0.323962 0.139385 0.517173 0.00244161
0 0.431649 0.0429488 0.0860523 0.0858976 0.00242686
0 0.692914 0.488945 0.175455 0.496046 0.00240815
0 0.00834035 0.500887 0.0166807 0.133204 0.0023675
0 0.250999 0.63122 0.181011 0.38848 0.0023351
0 0.241442 0.0426236 0.0249585 0.0852471 0.00231549
0 0 0.0243449 0 0.0486898 0.00230852
0 0.858125 0.0521899 0.059967 0.10438 0.00230008
0 0.213661 0.417646 0.118085 0.164508 0.0022743
0 0.0210772 0.286178 0.0421543 0.181822 0.0022611
0 0.720377 0.66466 0.0608938 0.113694 0.00226057
0 0.915432 0.70735 0.0577049 0.176149 0.00225568
0 0.206685 0.537281 0.160627 0.367098 0.0022414
0 0.829652 0.789477 0.122341 0.421045 0.00220066
0 0.61896 0.184418 0.111561 0.326336 0.00217611
0 0.0574354 0.818258 0.0427963 0.0652469 0.00217256
0 0.496482 0.4254 0.0669189 0.150205 0.00216818
0 0.106994 0.870054 0.213988 0.259892 0.00216767
0 0.0132893 0.668644 0.0265786 0.100151 0.002159
0 0.954236 0.933386 0.0915283 0.133227 0.00215667
0 0.1223 0.875298 0.244599 0.249404 0.00215065
0 0.0189692 0.0158734 0.0379384 0.0317469 0.00211909
0 0.221445 0.98001 0.0438025 0.03998 0.00211832
0 0.753758 0.510843 0.199802 0.526787 0.00211602
0 0.355466 0.420978 0.18504 0.481906 0.00210017
0 0.325113 0.902374 0.180021 0.195251 0.00207806
0 0.760909 0.905526 0.245466 0.188948 0.00207028
0 0.887226 0.253542 0.225549 0.507084 0.00206268
0 0.637099 0.606425 0.0585224 0.0775075 0.00204998
0 0.493759 0.839029 0.18521 0.321942 0.00204954
0 0.623785 0.966105 0.0651458 0.0677891 0.00204226
0 0.923709 0.239153 0.143521 0.478307 0.00203654
0 0.114215 0.736732 0.20893 0.526537 0.0020338
0 0.645854 0.204833 0.123269 0.409666 0.00202629
0 0.849111 0.40623 0.139923 0.206991 0.00201994
0 0 0.0522424 0 0.104485 0.00199232
0 0.443291 0.278697 0.148149 0.382956 0.00197113
0 0.567138 0.849866 0.18692 0.300269 0.00196949
0 0.0295304 0.691763 0.0503997 0.170489 0.00196671
0 0.0176149 0.344892 0.0352299 0.102382 0.00196385
0 0.0118233 0.704836 0.0236467 0.0743589 0.00195608
0 0.684922 0.739267 0.114889 0.521465 0.00193852
0 0.266691 0.221207 0.0698647 0.442413 0.0019359
0 0.159008 0.902138 0.0970723 0.144362 0.00192592
0 0.0135322 0.741487 0.0270644 0.138428 0.00192395
0 0.582121 0.448342 0.135768 0.64194 0.0019213
0 0.0153626 0.117472 0.0307252 0.137587 0.0019145
0 0.930107 0.68648 0.0575893 0.188194 0.00191298
0 0.100296 0.744262 0.182949 0.302695 0.00191212
0 0.263632 0.984358 0.0717303 0.0312841 0.00190791
0 0.991452 0.0210915 0.0170963 0.042183 0.00190634
0 0.205457 0.36844 0.106817 0.226515 0.00190079
0 0.63913 0.284677 0.109935 0.312865 0.0018931
0 0.694883 0.353093 0.250549 0.189813 0.0018903
0 0.656048 0.779926 0.202334 0.440148 0.00188813
0 0.579232 0.446871 0.204798 0.30116 0.00188014
0 0.0681739 0.806859 0.0758953 0.116973 0.00187069
0 0.535239 0.358407 0.23072 0.550246 0.00186685
0 0.086193 0.83643 0.0579529 0.121584 0.00186053
0 0.334258 0.179757 0.0735786 0.359514 0.00185984
0 0.381133 0.531033 0.0947421 0.0912104 0.00184777
0 0.018247 0.240101 0.0350463 0.122292 0.00184759
0 0.595826 0.162373 0.0695881 0.0819228 0.00184703
0 0.524293 0.172388 0.0655045 0.142906 0.00184509
0 0.346155 0.149447 0.0943322 0.298894 0.00183821
0 0.72689 0.389422 0.13486 0.31397 0.0018377
19 0.307714 0.0335478 0.054922 0.0670957 0.00183681
19 0.466365 0.586753 0.0488373 0.063224 0.00182661
0 0.450025 0.834618 0.230927 0.330764 0.00181964
0 0.402464 0.878298 0.235096 0.243404 0.00181738
0 0.0174413 0.608977 0.0348825 0.205506 0.00181711
0 0.0111341 0.332537 0.0222682 0.0823371 0.00181112
0 0.007132 0.366215 0.014264 0.125767 0.00181043
0 0.0689707 0.839416 0.0500115 0.0772152 0.00178686
0 0.93302 0.670176 0.0411819 0.14832 0.00176752
0 0.510494 0.196752 0.256314 0.230785 0.00176725
0 0.477528 0.124723 0.128289 0.249446 0.00176212
19 0.464653 0.557632 0.0477794 0.0793238 0.0017615
0 0.902233 0.0394233 0.0682148 0.0788466 0.00175968
0 0.0661496 0.318211 0.0253107 0.17205 0.00175706
0 0.0480028 0.77353 0.0521274 0.0706263 0.00175667
0 0.641919 0.480347 0.164624 0.560053 0.0017384
0 0.439946 0.211655 0.292772 0.245919 0.00173691
0 0.612704 0.980845 0.0577148 0.0383104 0.0017339
0 0.828959 0.564322 0.149221 0.448487 0.00173354
0 0.282901 0.746751 0.214737 0.506497 0.00173354
0 0.113079 0.347817 0.0719321 0.481416 0.00173014
0 0.127779 0.960198 0.0752113 0.0796035 0.00170836
0 0.992042 0.045877 0.0159161 0.091754 0.00170127
0 0.965734 0.946239 0.0685314 0.107521 0.00169894
0 0.874832 0.0392732 0.0753523 0.0785464 0.00169241
0 0.616751 0.2845 0.0711199 0.123624 0.00168765
0 0.540625 0.47752 0.24134 0.318541 0.00167373
0 0.1357 0.203811 0.0602139 0.196954 0.00166863
0 0.18023 0.381202 0.0363311 0.177072 0.00166863
