0 0.0070183 0.766111 0.0140366 0.18798 0.00163692
0 0.00990202 0.744276 0.019804 0.206772 0.00160238
0 0.00829142 0.66795 0.0165828 0.312272 0.00150523
0 0.0119653 0.244332 0.0239306 0.201182 0.00141442
0 0.0292582 0.761388 0.0585164 0.211047 0.00139785
0 0 0.776059 0 0.172803 0.00132886
0 0.0284244 0.864078 0.0568488 0.16051 0.00120264
0 0.0256508 0.270931 0.0513017 0.165549 0.00119659
0 0.0244394 0.32787 0.0488788 0.18808 0.00116965
0 0.0232575 0.890663 0.046515 0.198009 0.00115407
0 0.0119264 0.939483 0.0238529 0.121033 0.00115225
0 0.0365523 0.729736 0.0731045 0.17528 0.00114852
0 0.0385622 0.502881 0.0771244 0.174675 0.00113738
0 0.000380691 0.592193 0.000761382 0.186316 0.00113356
0 0.0136585 0.269915 0.027317 0.177214 0.00111878
0 0.026499 0.941788 0.0529981 0.116424 0.00111735
0 0.0126997 0.294826 0.0253994 0.161109 0.00109994
0 0.00911468 0.615842 0.0182294 0.243493 0.00109091
0 0.00795578 0.884667 0.0159116 0.175815 0.00106391
0 0.0111471 0.495188 0.0222942 0.205419 0.00105861
0 0.00733648 0.814649 0.014673 0.171134 0.00104547
0 0.00114609 0.723898 0.00229218 0.185806 0.00103843
0 0.013328 0.720477 0.026656 0.19098 0.00102481
0 0.0260034 0.297843 0.0520068 0.144368 0.00101909
0 0.0368879 0.878604 0.0737758 0.173865 0.00101402
0 0.0261507 0.702033 0.0523014 0.139935 0.00101352
