0 0.00547096 0.954636 0.0109419 0.0907272 0.00172696
0 0.0136765 0.341435 0.0273529 0.242432 0.00161013
0 0.0117745 0.155565 0.0214339 0.31113 0.00155777
0 0.0975328 0.805703 0.0567911 0.353655 0.00137573
0 0.222162 0.166063 0.0584539 0.332125 0.00137556
0 0.182592 0.429716 0.0291178 0.208111 0.00136036
0 0.128 0.438483 0.0829665 0.203066 0.00135016
0 0.0282459 0.39424 0.0564918 0.208421 0.00125131
0 0 0.0101299 0 0.0202598 0.00123981
0 0.0104472 0.10181 0.0208945 0.203621 0.00119084
0 0.0243905 0.0612025 0.048781 0.122405 0.00117236
0 0.840676 0.414141 0.100153 0.196211 0.0011633
0 0.0232468 0.330615 0.0464937 0.124916 0.00116134
0 0.947678 0.507414 0.104643 0.324356 0.00114605
0 0.12103 0.154244 0.0448609 0.308488 0.00114539
0 0.0271132 0.358737 0.0542264 0.197806 0.00113568
0 0.290049 0.816243 0.137142 0.276393 0.00113326
0 0.290577 0.863183 0.136716 0.273634 0.00112009
0 0.00830032 0.385146 0.0166006 0.194868 0.00111571
0 0.00915581 0.424511 0.0183116 0.23955 0.00110257
0 0.894928 0.34898 0.0454697 0.139312 0.00108364
0 0.0124701 0.112435 0.0249402 0.22487 0.00108147
0 0.0915491 0.653307 0.111518 0.224434 0.00107685
0 0.0178868 0.964495 0.0357737 0.0710098 0.00106847
0 0.0606516 0.153838 0.121303 0.307676 0.00106606
0 0.186824 0.399504 0.0228443 0.259738 0.00103694
0 0.021707 0.770908 0.043414 0.21624 0.00103098
0 0.931159 0.896294 0.0857563 0.207412 0.00102389
0 0.233544 0.197719 0.0397449 0.325756 0.00101098
0 0 0.3226 0 0.229486 0.00101045
0 0.0240317 0.818163 0.0480634 0.207075 0.00100791
0 0.870052 0.403681 0.0438156 0.236999 0.00100166
