0 0.813878 0.737656 0.210702 0.515039 0.940388
0 0.232585 0.425565 0.068717 0.316356 0.874308
38 0.349751 0.246801 0.10346 0.105312 0.548261
38 0.248557 0.269456 0.0659731 0.0341811 0.346632
2 0.902941 0.439267 0.054303 0.0258064 0.301942
2 0.68923 0.436994 0.0286642 0.029962 0.161616
38 0.244943 0.274078 0.0778772 0.04527 0.0982221
2 0.983023 0.468539 0.0333279 0.0345751 0.0685032
2 0.831713 0.4392 0.0234699 0.0243952 0.0513664
38 0.762295 0.5299 0.028069 0.0208733 0.0488596
38 0.207107 0.22724 0.0322195 0.0958981 0.0362368
2 0.544279 0.439028 0.0635628 0.047499 0.0333225
2 0.904152 0.446221 0.0572021 0.0403341 0.0331757
38 0.248241 0.283604 0.064173 0.0609871 0.0328439
2 0.542201 0.430885 0.0569071 0.0344803 0.031444
38 0.263703 0.268081 0.0785262 0.0331443 0.0291455
0 0.0706414 0.343766 0.0340283 0.0555882 0.0287165
38 0.240864 0.267323 0.0736431 0.0425393 0.0277635
38 0.23735 0.263986 0.0727579 0.068729 0.0269521
2 0.962899 0.459331 0.0722691 0.0504114 0.025858
33 0.349439 0.246843 0.103307 0.10607 0.0237086
2 0.947389 0.457148 0.0415682 0.0494884 0.0232145
2 0.9676 0.465691 0.0639294 0.0397903 0.0225569
2 0.918276 0.452679 0.0891071 0.0498468 0.0216488
38 0.212027 0.228647 0.0261935 0.0948417 0.0204444
38 0.763061 0.533807 0.0296118 0.0288218 0.0191518
2 0.694174 0.437309 0.0395338 0.0313828 0.0174654
38 0.238684 0.290836 0.0850655 0.0810523 0.0173922
2 0.734234 0.441168 0.026774 0.0462799 0.0171226
2 0.671033 0.425954 0.0607712 0.0293101 0.015723
38 0.231385 0.28766 0.0625705 0.0812649 0.0145114
2 0.673967 0.438637 0.0597841 0.0430291 0.0144052
38 0.211875 0.234228 0.0344553 0.114791 0.0135557
2 0.826086 0.439123 0.0198788 0.0238466 0.0130117
2 0.658459 0.421688 0.0357977 0.0224859 0.0126441
2 0.835816 0.43892 0.0217321 0.0241361 0.012006
36 0.349349 0.246525 0.102941 0.105866 0.011802
2 0.978611 0.46359 0.0418896 0.0436368 0.0117294
2 0.77896 0.434176 0.115073 0.0738242 0.0106172
35 0.349349 0.246525 0.102941 0.105866 0.00983322
2 0.535725 0.439638 0.0463504 0.022391 0.00917414
38 0.217788 0.234857 0.0271038 0.110955 0.00863719
2 0.672115 0.431608 0.0654749 0.0423634 0.00826654
2 0.544788 0.448486 0.0644079 0.0410721 0.00812438
2 0.736314 0.447621 0.0319048 0.0601413 0.00753719
2 0.764683 0.428708 0.0921474 0.088791 0.00728235
32 0.387038 0.211263 0.0275176 0.0293381 0.00695997
32 0.418852 0.745098 0.011023 0.0176628 0.00648972
38 0.276822 0.27047 0.126519 0.0390788 0.00648394
38 0.20688 0.20964 0.0445759 0.133604 0.00625795
2 0.836239 0.435788 0.0275997 0.0284618 0.00618085
2 0.865315 0.432556 0.0831726 0.0331887 0.00611827
32 0.339572 0.275289 0.0303701 0.0412774 0.00611371
2 0.849901 0.437093 0.0498425 0.0252753 0.00588328
32 0.349349 0.246525 0.102941 0.105866 0.00573996
2 0.671713 0.450062 0.0468369 0.0361699 0.00552073
38 0.383173 0.231791 0.0367964 0.0720295 0.00534943
7 0.689549 0.4365 0.0291451 0.0309385 0.00529933
38 0.30841 0.261137 0.181602 0.0617243 0.00495809
38 0.23035 0.300267 0.0589222 0.0580031 0.00475955
2 0.719535 0.442156 0.0572786 0.0516537 0.0047189
32 0.411844 0.748737 0.0168234 0.0227196 0.0046635
38 0.39582 0.181312 0.054762 0.0492709 0.00462759
7 0.903179 0.439472 0.0555113 0.0290909 0.00462413
2 0.788404 0.434062 0.0963217 0.0930848 0.00461802
2 0.733132 0.454811 0.0280902 0.0539305 0.00452489
2 0.663087 0.453425 0.0284929 0.0265687 0.00444055
2 0.851553 0.433425 0.0567455 0.0319385 0.00430533
34 0.207565 0.228526 0.0322326 0.0919252 0.00421819
38 0.385097 0.210992 0.0303447 0.0291834 0.00420961
29 0.349349 0.246525 0.102941 0.105866 0.00413924
38 0.386243 0.224456 0.0297887 0.0558165 0.00413737
2 0.826978 0.434535 0.0275116 0.030637 0.00402871
38 0.213744 0.302856 0.0262355 0.0605074 0.0038566
38 0.239302 0.300583 0.0395294 0.0475394 0.00380576
2 0.667201 0.44386 0.0458046 0.0393742 0.00371861
7 0.672115 0.431608 0.0654749 0.0423634 0.0035193
2 0.727453 0.443765 0.0400079 0.0484012 0.00350627
38 0.226195 0.250526 0.05492 0.145766 0.00342169
38 0.242221 0.248606 0.0791347 0.0779375 0.00332358
2 0.874236 0.437651 0.0927095 0.0247263 0.00327751
2 0.666814 0.419517 0.052301 0.0279106 0.00325617
38 0.22406 0.236812 0.0480932 0.0970312 0.00319931
2 0.757381 0.440348 0.0753228 0.0626614 0.00317165
2 0.788223 0.44311 0.096452 0.037689 0.00307366
0 0.834436 0.439841 0.0180597 0.0258971 0.00280899
38 0.395387 0.19423 0.0538538 0.0454419 0.00271034
2 0.947856 0.458008 0.0940159 0.0548559 0.0026747
38 0.905989 0.901778 0.0174953 0.182329 0.00261605
38 0.256334 0.496288 0.0155851 0.0659039 0.00249457
2 0.931655 0.459261 0.136335 0.0595319 0.00238952
7 0.671033 0.425954 0.0607712 0.0293101 0.00237644
2 0.0703387 0.344803 0.0342098 0.0548993 0.00226954
13 0.68923 0.436994 0.0286642 0.029962 0.00223914
2 0.659634 0.418423 0.0393691 0.0298758 0.00218859
38 0.379221 0.247329 0.0445847 0.102691 0.00216019
38 0.348796 0.342669 0.106459 0.301821 0.00215507
2 0.690565 0.443428 0.0330256 0.0416677 0.00213903
29 0.252436 0.268718 0.0551904 0.0331955 0.00209662
32 0.632537 0.958696 0.0098156 0.0188576 0.00208217
38 0.245907 0.448095 0.0163721 0.0570189 0.00203896
32 0.250559 0.693793 0.0195265 0.0164309 0.00196213
38 0.598672 0.525625 0.0421894 0.022433 0.00192478
38 0.21896 0.22556 0.0732294 0.12055 0.00190917
38 0.757698 0.530762 0.0359272 0.0245073 0.00190732
7 0.671782 0.440316 0.0596662 0.0417753 0.00190628
0 0.0697318 0.412277 0.0382352 0.194688 0.00188112
14 0.349349 0.246525 0.102941 0.105866 0.00187114
2 0.903821 0.454147 0.0621704 0.0566549 0.00186619
5 0.672115 0.431608 0.0654749 0.0423634 0.00184396
32 0.386243 0.224456 0.0297887 0.0558165 0.00180373
34 0.349473 0.246868 0.102843 0.105853 0.00177345
2 0.913502 0.436626 0.0789715 0.0353676 0.00176474
38 0.197595 0.205081 0.0657866 0.146724 0.00174132
38 0.76508 0.520718 0.0343126 0.0375539 0.00173804
38 0.211638 0.309738 0.0236125 0.0776466 0.00172707
7 0.546009 0.436076 0.0673192 0.0460637 0.00167853
2 0.657649 0.442504 0.0431127 0.0434579 0.00165647
0 0.254203 0.403132 0.0310676 0.276816 0.00161576
38 0.255551 0.302562 0.014171 0.0366073 0.0015924
38 0.181111 0.316313 0.0120931 0.0636158 0.00157845
2 0.763081 0.45138 0.0884039 0.060082 0.00156
38 0.184814 0.205583 0.091732 0.140382 0.00155148
2 0.564498 0.4361 0.106161 0.054913 0.0015344
38 0.216468 0.305187 0.0199783 0.0370795 0.00151777
38 0.256801 0.521606 0.0134077 0.01984 0.00148693
32 0.321969 0.227417 0.0342002 0.0505662 0.00145611
2 0.878983 0.440622 0.111946 0.031221 0.00140315
38 0.233249 0.504606 0.0530131 0.146293 0.00140011
0 0.348387 0.345574 0.102365 0.309836 0.00133002
2 0.85894 0.421648 0.0730076 0.0553642 0.00132951
32 0.243887 0.694133 0.0310678 0.0164152 0.00131541
67 0.349349 0.246525 0.102941 0.105866 0.00125742
74 0.387038 0.211263 0.0275176 0.0293381 0.00124842
2 0.940608 0.448688 0.0371986 0.0615037 0.00123346
38 0.305257 0.276615 0.192283 0.170005 0.00121555
5 0.689725 0.437603 0.0282688 0.0322201 0.00119957
38 0.196997 0.204435 0.157397 0.139472 0.00114784
7 0.924194 0.453687 0.0950619 0.0521422 0.00113225
2 0.0759381 0.358197 0.0228674 0.0238144 0.0011262
2 0.618624 0.433282 0.163254 0.0540009 0.00112352
29 0.387038 0.211263 0.0275176 0.0293381 0.00112078
32 0.428407 0.744559 0.0170908 0.0180496 0.001111
2 0.774879 0.402424 0.0627862 0.0333094 0.00110108
2 0.727219 0.454315 0.0343676 0.0541753 0.00110009
38 0.393589 0.228992 0.051683 0.0888573 0.00109988
34 0.244943 0.274078 0.0778772 0.04527 0.00107718
38 0.229602 0.23914 0.0709269 0.095344 0.00107008
2 0.779336 0.442517 0.0716696 0.076766 0.00105333
7 0.834436 0.439841 0.0180597 0.0258971 0.00104597
38 0.252734 0.281718 0.0911702 0.060326 0.00103727
38 0.183918 0.318335 0.0185899 0.0699316 0.00102565
35 0.216468 0.305187 0.0199783 0.0370795 0.00102252
7 0.904152 0.446221 0.0572021 0.0403341 0.00100878
