20 0.466847 0.589997 0.214653 0.162081 0.595926
0 0.445322 0.464132 0.0761946 0.120471 0.546471
20 0.614759 0.563819 0.06583 0.0810315 0.452587
0 0.623274 0.479232 0.0402098 0.0885553 0.403959
0 0.632611 0.47781 0.0326925 0.0874714 0.388766
0 0.0654197 0.605706 0.035642 0.0584672 0.353311
0 0.433033 0.461497 0.0592325 0.114142 0.338637
0 0.451814 0.477232 0.0682625 0.106634 0.329438
0 0.639199 0.476569 0.0467543 0.0877763 0.199947
0 0.661395 0.493312 0.041699 0.057641 0.138737
13 0.620007 0.496052 0.0416696 0.055616 0.129322
0 0.629401 0.458397 0.026016 0.052583 0.12495
0 0.66936 0.493388 0.032534 0.0546297 0.122988
0 0.655349 0.49266 0.0304855 0.0554271 0.104384
0 0.6211 0.49446 0.0420095 0.060774 0.100647
13 0.628757 0.499544 0.0593334 0.0515695 0.0853952
13 0.63924 0.496466 0.0826564 0.0510937 0.0684354
20 0.065615 0.605479 0.0362483 0.0582762 0.0611976
0 0.651432 0.482121 0.0402009 0.0762061 0.059352
0 0.0915142 0.473758 0.0162886 0.0340768 0.0546295
20 0.481013 0.548643 0.186725 0.0841827 0.0513194
0 0.647491 0.478851 0.0669525 0.0863097 0.0456345
20 0.629427 0.563716 0.0955008 0.0834077 0.0446385
13 0.462162 0.52188 0.0480596 0.0392271 0.044518
0 0.635622 0.493744 0.0561722 0.0600643 0.0429939
0 0.674243 0.491809 0.0287255 0.0565828 0.0423236
20 0.485581 0.601182 0.171052 0.149454 0.0422489
20 0.533678 0.551671 0.080435 0.0779763 0.0404978
13 0.455698 0.505713 0.0604159 0.064684 0.0400538
20 0.437128 0.523795 0.111077 0.0511481 0.0363337
0 0.619042 0.483475 0.0374807 0.0756243 0.0347656
0 0.0967823 0.603767 0.0143951 0.0327769 0.0334321
0 0.464756 0.463776 0.0411656 0.0882318 0.0297382
0 0.436561 0.44953 0.0451651 0.0916656 0.0295205
20 0.634555 0.548505 0.104536 0.111778 0.025406
13 0.635622 0.493744 0.0561722 0.0600643 0.0237159
13 0.0657026 0.606141 0.0359306 0.0578742 0.0198771
20 0.613021 0.575441 0.0607585 0.0552181 0.0185274
20 0.873713 0.558085 0.170285 0.151611 0.0183101
20 0.849415 0.559393 0.120002 0.147838 0.014062
56 0.0657026 0.606141 0.0359306 0.0578742 0.0138084
20 0.456886 0.513819 0.0705904 0.0574829 0.0137457
20 0.628757 0.499544 0.0593334 0.0515695 0.0133257
28 0.0657238 0.606303 0.0359207 0.0572023 0.0133241
0 0.650126 0.499267 0.0683102 0.062234 0.0129786
0 0.689821 0.383451 0.0313746 0.0904029 0.0126172
20 0.880443 0.583814 0.190955 0.209263 0.0119731
56 0.620007 0.496052 0.0416696 0.055616 0.0113194
0 0.0852812 0.476469 0.0301792 0.0406978 0.00994039
13 0.614398 0.503612 0.0499655 0.0456743 0.00967902
13 0.463532 0.506654 0.0506078 0.0754851 0.00922194
0 0.640201 0.494442 0.0862132 0.0582776 0.00912374
0 0.0633873 0.423981 0.0273119 0.0352314 0.00905484
20 0.640201 0.494442 0.0862132 0.0582776 0.00881973
20 0.720339 0.433144 0.0990136 0.178725 0.00871441
13 0.455984 0.519783 0.0656374 0.0440466 0.00856194
20 0.617703 0.543667 0.0578447 0.122253 0.00779161
20 0.674243 0.491809 0.0287255 0.0565828 0.007388
13 0.657264 0.493472 0.0372215 0.0555598 0.00699237
20 0.722844 0.46681 0.0993399 0.123181 0.0069505
13 0.64058 0.476996 0.0488031 0.0889665 0.00668347
13 0.621988 0.482636 0.0421442 0.0845004 0.00666121
0 0.694405 0.391216 0.0392687 0.0978476 0.00666091
20 0.437058 0.530675 0.127445 0.0509376 0.00648648
20 0.711398 0.40655 0.0754004 0.130897 0.00618201
0 0.236487 0.501184 0.0316212 0.0599553 0.00583717
0 0.617703 0.543667 0.0578447 0.122253 0.00568619
0 0.626633 0.433943 0.0279118 0.0565656 0.00566888
0 0.0937148 0.607777 0.0201539 0.0424242 0.0056105
0 0.443715 0.420301 0.028799 0.0340733 0.00557676
20 0.668978 0.492751 0.0499559 0.0576727 0.00557056
0 0.614398 0.503612 0.0499655 0.0456743 0.00525334
0 0.628016 0.499141 0.0583775 0.0524224 0.00510943
20 0.825565 0.560361 0.141937 0.150983 0.00507861
20 0.541774 0.555193 0.0650084 0.0655741 0.00477764
20 0.616204 0.545318 0.0605434 0.0604533 0.00473598
20 0.621321 0.501757 0.044047 0.0534592 0.00473469
13 0.437128 0.523795 0.111077 0.0511481 0.00472745
20 0.780835 0.545501 0.0553316 0.0913151 0.00470647
0 0.614573 0.559601 0.0642325 0.089062 0.00452706
13 0.453788 0.478514 0.0673531 0.113043 0.00413853
13 0.0748379 0.605923 0.0550485 0.0575014 0.00394157
0 0.446108 0.425016 0.0273851 0.042737 0.00393733
0 0.430779 0.473408 0.0479725 0.088099 0.00393331
13 0.650126 0.499267 0.0683102 0.062234 0.00384057
0 0.217162 0.530993 0.0354844 0.0757445 0.00380954
13 0.615352 0.56018 0.0672105 0.0871972 0.00380653
0 0.456576 0.513529 0.0656902 0.0580564 0.00377914
20 0.735871 0.446413 0.1309 0.17888 0.0036816
20 0.693705 0.389262 0.0391585 0.0956794 0.00368127
20 0.737836 0.497877 0.138711 0.190769 0.00358602
0 0.620266 0.457588 0.0381416 0.0537437 0.00355923
20 0.929098 0.61316 0.112387 0.126107 0.0035499
0 0.703295 0.392412 0.0548267 0.0942458 0.00351661
0 0.0776591 0.45656 0.0472131 0.0792318 0.00348082
20 0.551885 0.554044 0.045734 0.0633389 0.00345007
0 0.857374 0.496191 0.0151602 0.0392416 0.00338006
13 0.668978 0.492751 0.0499559 0.0576727 0.00334153
0 0.213715 0.509126 0.0201988 0.0317325 0.00334096
0 0.69102 0.428165 0.038802 0.164555 0.0033285
20 0.424264 0.527404 0.0885427 0.0498487 0.00329697
20 0.42424 0.53635 0.161594 0.0536411 0.00326234
0 0.627866 0.421301 0.0243788 0.0609066 0.00324422
24 0.0654197 0.605706 0.035642 0.0584672 0.00321713
0 0.0579791 0.612404 0.0431786 0.0623069 0.00318789
10 0.0654197 0.605706 0.035642 0.0584672 0.00318176
20 0.474556 0.534607 0.201376 0.0603588 0.00311396
20 0.654292 0.552227 0.146837 0.107499 0.00310683
20 0.944033 0.618815 0.0838356 0.110203 0.00305367
0 0.436706 0.467002 0.105314 0.120969 0.00299287
0 0.1617 0.415507 0.0348893 0.0686165 0.00297812
0 0.226714 0.506609 0.0466016 0.0676837 0.00297356
0 0.101262 0.605333 0.0250611 0.037343 0.00293246
20 0.619087 0.573509 0.0826889 0.109489 0.00292489
28 0.620007 0.496052 0.0416696 0.055616 0.00290245
0 0.381576 0.440076 0.0216248 0.0475244 0.00288242
0 0.625907 0.408499 0.0298264 0.0965861 0.00287971
0 0.0817827 0.47464 0.0388742 0.0461909 0.00282982
20 0.404067 0.532204 0.0567708 0.0402569 0.00279829
56 0.462279 0.519472 0.0498756 0.0424962 0.00278577
56 0.455698 0.505713 0.0604159 0.064684 0.00274155
0 0.463532 0.506654 0.0506078 0.0754851 0.00272244
20 0.080628 0.604457 0.066969 0.0604468 0.00265077
13 0.634555 0.548505 0.104536 0.111778 0.00264239
20 0.615764 0.578456 0.0746423 0.0807546 0.00264078
60 0.63924 0.496466 0.0826564 0.0510937 0.00263241
20 0.389826 0.536627 0.0959272 0.0532387 0.00263172
0 0.440013 0.425187 0.0370525 0.0438895 0.00252512
0 0.217256 0.551889 0.0353655 0.0639256 0.00252357
17 0.620553 0.496279 0.0425711 0.0579942 0.00252038
20 0.680957 0.490337 0.0402755 0.0642394 0.0025194
0 0.382142 0.45119 0.0192447 0.0281342 0.00249791
20 0.465085 0.525336 0.0510391 0.0491556 0.00235757
0 0.680957 0.490337 0.0402755 0.0642394 0.00233236
20 0.390523 0.53288 0.0844406 0.0401957 0.00233015
0 0.112992 0.593994 0.0519669 0.0613729 0.0023168
13 0.654862 0.491454 0.0269436 0.0566546 0.00231171
17 0.065615 0.605479 0.0362483 0.0582762 0.00221151
13 0.448421 0.509582 0.0621251 0.0482856 0.00219411
13 0.671523 0.492619 0.0293001 0.0556783 0.00219256
56 0.635622 0.493744 0.0561722 0.0600643 0.00217244
0 0.475324 0.48819 0.0284582 0.0415185 0.00216129
20 0.717301 0.448877 0.0722034 0.0981408 0.00201756
20 0.739233 0.471023 0.0628069 0.133316 0.00201237
20 0.925268 0.583763 0.118966 0.184614 0.00199702
20 0.929651 0.532259 0.0559902 0.0686913 0.00198397
20 0.910354 0.623829 0.146246 0.128268 0.00197646
0 0.323392 0.438919 0.0199484 0.0589188 0.00195146
20 0.941912 0.511947 0.0407879 0.0392579 0.00179973
0 0.612998 0.489816 0.0491226 0.0685047 0.00175548
0 0.0416222 0.630295 0.0154374 0.0319452 0.00175029
20 0.726218 0.469617 0.0629425 0.131009 0.00169918
2 0.62023 0.493533 0.0406271 0.0586483 0.00169751
0 0.0786178 0.451451 0.0569346 0.0941536 0.00169557
20 0.627268 0.582386 0.0787256 0.0434585 0.00167614
20 0.107381 0.58461 0.068939 0.0852616 0.00161499
20 0.447259 0.627434 0.262606 0.243194 0.00161201
20 0.66936 0.493388 0.032534 0.0546297 0.00160491
0 0.778861 0.402486 0.0222782 0.055118 0.00159869
20 0.512549 0.541805 0.12502 0.0887229 0.00159657
9 0.0915142 0.473758 0.0162886 0.0340768 0.00154525
20 0.823896 0.517224 0.170425 0.228907 0.00154078
13 0.613801 0.495177 0.0637362 0.068841 0.00151122
0 0.64796 0.451784 0.0667458 0.11634 0.0015043
20 0.737087 0.44329 0.0503132 0.0807919 0.00148654
20 0.718525 0.419397 0.0796813 0.126452 0.00147921
56 0.468631 0.464964 0.0416286 0.0824835 0.00147599
20 0.621297 0.487353 0.0425438 0.0741412 0.00147563
2 0.0657238 0.606303 0.0359207 0.0572023 0.00146708
56 0.463532 0.506654 0.0506078 0.0754851 0.00143084
0 0.159592 0.407129 0.03014 0.0496676 0.00142682
20 0.656643 0.394369 0.102781 0.131744 0.00141943
20 0.93608 0.519399 0.0435642 0.0423959 0.00140759
20 0.947142 0.507779 0.0420662 0.0431854 0.00140703
20 0.709746 0.456964 0.0830936 0.11863 0.00140041
20 0.927865 0.542534 0.0820341 0.095525 0.00136325
60 0.620007 0.496052 0.0416696 0.055616 0.00136134
25 0.306365 0.669666 0.0556809 0.0333183 0.00135911
20 0.203368 0.45502 0.130024 0.148197 0.00135815
13 0.624183 0.52698 0.0874973 0.0923795 0.00134405
56 0.453788 0.478514 0.0673531 0.113043 0.00133395
20 0.845459 0.551253 0.0927345 0.1357 0.00133386
0 0.16586 0.406953 0.0425721 0.085873 0.00131363
20 0.160944 0.416482 0.0337527 0.067912 0.00129536
0 0.671777 0.498783 0.044159 0.0612319 0.00129223
56 0.621988 0.482636 0.0421442 0.0845004 0.00128689
13 0.475324 0.48819 0.0284582 0.0415185 0.00126579
56 0.614398 0.503612 0.0499655 0.0456743 0.00124961
20 0.731652 0.433112 0.0462447 0.0774464 0.0012252
13 0.433662 0.51544 0.103581 0.0579514 0.00122043
20 0.771423 0.497964 0.0975234 0.190742 0.00119475
20 0.544985 0.564966 0.0595318 0.0729175 0.00116923
20 0.706631 0.38631 0.0615784 0.0818329 0.00116107
20 0.0967636 0.601181 0.0134356 0.030861 0.00115868
0 0.437671 0.505862 0.0915112 0.0666424 0.00115862
0 0.0720865 0.438676 0.0455959 0.0643833 0.00115764
3 0.0657238 0.606303 0.0359207 0.0572023 0.00111663
20 0.691581 0.481829 0.180619 0.148685 0.00111654
20 0.437399 0.462793 0.0675284 0.114568 0.00111347
20 0.381607 0.545513 0.0785113 0.061663 0.001111
13 0.750397 0.501239 0.315178 0.145525 0.0011093
13 0.468631 0.464964 0.0416286 0.0824835 0.00109804
20 0.924271 0.481668 0.122889 0.176595 0.00108525
13 0.612998 0.489816 0.0491226 0.0685047 0.00107557
0 0.615228 0.521694 0.0558763 0.0386825 0.00107557
56 0.0917659 0.476146 0.0161519 0.0387862 0.00106895
20 0.880072 0.551386 0.20417 0.205883 0.00106749
13 0.615228 0.521694 0.0558763 0.0386825 0.00105673
20 0.0952158 0.583746 0.0921949 0.096351 0.00102672
56 0.475324 0.48819 0.0284582 0.0415185 0.00101313
0 0.462636 0.522409 0.0482248 0.0450572 0.00100884
20 0.767707 0.489929 0.178607 0.208197 0.00100589
