0 0.647529 0.763618 0.207107 0.464219 0.898123
0 0.504076 0.623739 0.167394 0.494125 0.897725
0 0.744841 0.712094 0.12181 0.514531 0.86316
0 0.0388781 0.779431 0.0776109 0.430674 0.818706
32 0.57102 0.560724 0.0281416 0.0448608 0.256002
0 0.0299096 0.750562 0.0598192 0.37526 0.205069
35 0.771385 0.611493 0.0177167 0.0526218 0.136157
35 0.715924 0.772993 0.0616512 0.0668727 0.125396
35 0.767215 0.609047 0.0262878 0.0568527 0.107282
0 0.718905 0.852801 0.0644667 0.226689 0.0962018
34 0.801586 0.711127 0.0534347 0.0408615 0.0829638
35 0.574039 0.735372 0.0608868 0.100851 0.0825671
35 0.761473 0.603463 0.0381687 0.079671 0.072952
35 0.595322 0.809821 0.0290665 0.0869027 0.0661587
35 0.779725 0.59011 0.0430454 0.0888537 0.0658391
34 0.708454 0.867053 0.0240356 0.185439 0.0590844
35 0.716824 0.75602 0.0616787 0.0709173 0.0576647
35 0.57116 0.560191 0.0277773 0.0440362 0.0526418
34 0.0357105 0.847847 0.031469 0.063795 0.0491861
34 0.0332771 0.840988 0.0327617 0.0803355 0.0437578
35 0.7174 0.592522 0.0613932 0.0881028 0.0396163
35 0.783892 0.580764 0.0393677 0.0870605 0.0389625
35 0.749658 0.606919 0.0197435 0.0569649 0.0371035
35 0.787346 0.583937 0.0319924 0.0705531 0.0351489
35 0.723838 0.79264 0.0473654 0.0893956 0.0294942
35 0.725067 0.816085 0.0479387 0.117226 0.0273019
35 0.764402 0.594853 0.0331017 0.082206 0.0255798
35 0.754167 0.597679 0.0278514 0.0844591 0.0205224
34 0.70679 0.888395 0.0287285 0.139442 0.0190432
0 0.718417 0.76124 0.0666998 0.405552 0.0177625
35 0.791261 0.591657 0.0232372 0.0563482 0.0175742
35 0.0334941 0.851582 0.0320707 0.0591082 0.017103
34 0.701398 0.865542 0.0371178 0.182004 0.0159355
35 0.75691 0.614547 0.0355625 0.064403 0.0141577
35 0.706215 0.747195 0.0398617 0.0690425 0.0135615
35 0.705438 0.764838 0.0401895 0.0422391 0.0134791
34 0.572136 0.721833 0.0638002 0.0953504 0.0134441
35 0.724019 0.841485 0.0494808 0.21583 0.0127324
35 0.727177 0.825668 0.045542 0.0467022 0.0104382
0 0.765809 0.753369 0.0683057 0.425085 0.0102575
34 0.563356 0.706269 0.0857738 0.107775 0.0100809
35 0.483252 0.599055 0.0412293 0.0462093 0.00996453
0 0.745759 0.785505 0.106997 0.361461 0.00972489
34 0.715735 0.872232 0.0327677 0.178132 0.00879294
34 0.053102 0.914118 0.0477722 0.154409 0.00861275
0 0.770928 0.883875 0.0541246 0.155317 0.00858855
35 0.722033 0.594737 0.0428444 0.0808979 0.00842416
0 0.744665 0.855967 0.109014 0.219334 0.00800914
34 0.810419 0.72246 0.0653227 0.0505104 0.00786051
35 0.747886 0.642513 0.0208678 0.0243594 0.00756568
34 0.711508 0.885476 0.0276009 0.14699 0.00741988
34 0.701217 0.890735 0.0344406 0.129332 0.00737408
35 0.583659 0.795346 0.022047 0.0405736 0.00712264
35 0.69135 0.596874 0.0222595 0.044945 0.00708359
35 0.767538 0.583832 0.0398938 0.0914441 0.00704706
35 0.769263 0.612398 0.0199085 0.0653714 0.00686514
35 0.587207 0.802568 0.0207842 0.0476744 0.00651309
0 0.723807 0.865486 0.0483522 0.199613 0.00642878
34 0.0294023 0.833708 0.0376585 0.0883399 0.00633749
35 0.48952 0.608058 0.0283701 0.029083 0.00630185
34 0.0369435 0.856353 0.028723 0.0553285 0.00625676
35 0.0369435 0.856353 0.028723 0.0553285 0.00600213
35 0.564946 0.792657 0.0347878 0.0321752 0.0059894
34 0.551738 0.681974 0.0767038 0.08574 0.00576395
0 0.0152589 0.865864 0.0305178 0.268272 0.00549293
35 0.542026 0.49756 0.0193518 0.0403055 0.0053668
35 0.725501 0.805501 0.0495817 0.0737982 0.00526255
34 0.723807 0.865486 0.0483522 0.199613 0.00490722
35 0.679523 0.552822 0.0198347 0.0389197 0.0047895
35 0.748902 0.652944 0.0502373 0.0337875 0.00478581
35 0.755241 0.559299 0.0262677 0.0298031 0.00473657
0 0.743365 0.560971 0.117707 0.206454 0.00462607
0 0.74426 0.630714 0.120579 0.349372 0.00458953
34 0.0402811 0.850925 0.0350066 0.0648773 0.00447473
34 0.558132 0.682993 0.0891584 0.183554 0.00442389
34 0.571378 0.702422 0.0594082 0.0605184 0.00420168
35 0.73202 0.837773 0.0341277 0.0328362 0.00415125
34 0.534592 0.681382 0.0495668 0.0953334 0.00404975
34 0.553198 0.712168 0.101582 0.151521 0.00404713
35 0.749955 0.64949 0.0578297 0.0606021 0.00378093
35 0.678815 0.564971 0.0238604 0.0634713 0.00375539
0 0.566179 0.606058 0.0385651 0.154601 0.00366351
0 0.769209 0.839194 0.0606596 0.252419 0.00365654
34 0.529454 0.664635 0.0616489 0.126537 0.00365078
35 0.0333659 0.835664 0.0329098 0.0867354 0.00359434
0 0.568031 0.560306 0.0342892 0.0485859 0.00359032
35 0.572317 0.543666 0.0262583 0.0761013 0.00356343
35 0.567668 0.559504 0.0368022 0.0512555 0.0035567
0 0.0689136 0.776694 0.137 0.429422 0.00348103
32 0.186221 0.794994 0.0243833 0.0184036 0.00346133
35 0.769273 0.847952 0.0396143 0.0717615 0.00345674
0 0.566795 0.641131 0.0462188 0.214409 0.00340122
35 0.763493 0.647719 0.0305979 0.056723 0.00337067
38 0.0357105 0.847847 0.031469 0.063795 0.00330263
0 0.724324 0.892127 0.0516701 0.146428 0.00327456
35 0.570688 0.716757 0.0665799 0.107304 0.00325239
35 0.0363754 0.844058 0.0326119 0.0677424 0.00294393
35 0.607916 0.810458 0.0561955 0.09621 0.0029102
0 0.716343 0.591989 0.0643946 0.0870127 0.0028851
34 0.562599 0.692398 0.0772268 0.0591118 0.0028632
0 0.0205706 0.784564 0.0407432 0.420631 0.00286296
32 0.716824 0.75602 0.0616787 0.0709173 0.00285479
38 0.708454 0.867053 0.0240356 0.185439 0.00277489
0 0.566221 0.657501 0.0555149 0.26116 0.00258887
38 0.715735 0.872232 0.0327677 0.178132 0.00255829
35 0.701073 0.781122 0.0352438 0.0372912 0.0025295
34 0.0443348 0.921236 0.0665326 0.144484 0.00251707
0 0.0175346 0.824776 0.0310395 0.343187 0.00251168
38 0.72406 0.890409 0.05031 0.142033 0.00245079
34 0.725551 0.894742 0.0458805 0.132533 0.00238144
35 0.749427 0.556357 0.0216085 0.0297845 0.00232717
34 0.714703 0.892459 0.0397369 0.140931 0.00230402
35 0.593367 0.787964 0.026132 0.13076 0.00230068
35 0.761182 0.778498 0.0396935 0.0770045 0.0022828
35 0.735459 0.562125 0.0298885 0.0339565 0.00226736
35 0.725429 0.783115 0.0668021 0.0944416 0.00225908
32 0.542026 0.49756 0.0193518 0.0403055 0.00220555
35 0.763405 0.809421 0.0468285 0.14701 0.00214824
34 0.569176 0.559992 0.0321389 0.0466555 0.00211224
34 0.53606 0.684832 0.0307112 0.0887772 0.00209722
0 0.70883 0.873171 0.0203188 0.1795 0.00207755
38 0.723807 0.865486 0.0483522 0.199613 0.00204763
38 0.711569 0.883689 0.0283725 0.149036 0.00202906
34 0.719238 0.852851 0.0629533 0.223349 0.00199029
0 0.701259 0.850344 0.0968046 0.198983 0.00198978
35 0.466481 0.57834 0.0150939 0.0228699 0.00192535
35 0.470986 0.586853 0.0234005 0.0360058 0.00190881
35 0.763812 0.835712 0.0446928 0.0787713 0.00188753
35 0.57046 0.566918 0.0308288 0.061425 0.00185162
32 0.716896 0.77085 0.0613128 0.0690867 0.00181451
32 0.706215 0.747195 0.0398617 0.0690425 0.00180888
35 0.750023 0.660301 0.0584702 0.0544863 0.00176573
35 0.666577 0.566187 0.0474768 0.0668917 0.00173944
0 0.0223555 0.609336 0.0421965 0.0870193 0.00173301
35 0.567707 0.60903 0.0363956 0.147221 0.00167987
35 0.77243 0.839354 0.0348362 0.0599424 0.00164521
35 0.501784 0.611506 0.0390913 0.0258614 0.00162783
38 0.0369435 0.856353 0.028723 0.0553285 0.00155947
38 0.0332771 0.840988 0.0327617 0.0803355 0.00155854
35 0.483946 0.591183 0.0506241 0.046406 0.00147289
34 0.801 0.702336 0.0635045 0.0664035 0.00145486
0 0.580179 0.660939 0.0723154 0.252717 0.00138769
35 0.713314 0.865716 0.0310172 0.172831 0.00138408
42 0.803678 0.714069 0.0535095 0.0391411 0.00136009
35 0.0289743 0.827885 0.0386894 0.0926782 0.0013552
0 0.0411771 0.879566 0.0721404 0.22846 0.00131151
39 0.708535 0.741009 0.0214886 0.0665332 0.00130481
35 0.706244 0.744 0.0287739 0.0708165 0.00130072
34 0.749874 0.717656 0.113982 0.195212 0.00129437
35 0.783716 0.605121 0.03745 0.0638191 0.00126714
32 0.434506 0.520252 0.0250016 0.0328321 0.00126392
35 0.621584 0.810174 0.083248 0.094128 0.00125349
32 0.771385 0.611493 0.0177167 0.0526218 0.00120997
35 0.690886 0.581954 0.028285 0.0821345 0.00120986
35 0.68942 0.569213 0.0284947 0.071107 0.00120765
0 0.575097 0.805589 0.0627712 0.31708 0.00120035
35 0.573056 0.523025 0.0241348 0.0498306 0.00119761
34 0.572317 0.543666 0.0262583 0.0761013 0.00119665
32 0.784442 0.581778 0.0374154 0.0812205 0.00114366
34 0.565808 0.686686 0.0566828 0.0636319 0.0011315
67 0.542026 0.49756 0.0193518 0.0403055 0.00112316
35 0.717951 0.562854 0.0509734 0.0383227 0.00109124
32 0.73202 0.837773 0.0341277 0.0328362 0.00108919
34 0.0248699 0.885531 0.0428925 0.213733 0.00106472
35 0.689768 0.553877 0.0324442 0.0421449 0.0010511
34 0.55111 0.687462 0.0588184 0.0974383 0.00104123
32 0.767215 0.609047 0.0262878 0.0568527 0.00103775
0 0.713314 0.865716 0.0310172 0.172831 0.00103724
34 0.716824 0.75602 0.0616787 0.0709173 0.00103191
35 0.671907 0.575284 0.0338938 0.0522975 0.00103137
0 0.0209469 0.792582 0.0410733 0.208134 0.0010086
0 0.589814 0.823454 0.0728345 0.338142 0.00100476
32 0.659819 0.621597 0.0125533 0.0133954 0.00100294
