16 0.329279 0.769805 0.457527 0.243994 0.922884
1 0.129655 0.381294 0.254384 0.75753 0.807186
0 0.520394 0.288263 0.0255636 0.124705 0.546104
0 0.477255 0.29149 0.0307077 0.134069 0.519295
0 0.443936 0.289827 0.0268133 0.120237 0.44608
0 0.439968 0.284574 0.028973 0.132913 0.302608
0 0.566426 0.285087 0.0280742 0.126318 0.28098
0 0.747567 0.296658 0.050001 0.103194 0.275957
0 0.569708 0.294483 0.0203968 0.106642 0.250121
0 0.561266 0.28404 0.0305937 0.128024 0.213632
0 0.755373 0.295504 0.0342798 0.103002 0.206833
0 0.494738 0.284453 0.0203387 0.120423 0.191796
0 0.43208 0.277306 0.0283365 0.139402 0.178676
0 0.47034 0.290909 0.0322535 0.136093 0.169587
0 0.526028 0.287219 0.0291733 0.120419 0.144896
0 0.463838 0.287802 0.0210225 0.134968 0.141166
0 0.531763 0.28979 0.0218136 0.11924 0.127723
0 0.453478 0.284365 0.0233734 0.11472 0.126934
0 0.52367 0.278816 0.021826 0.105391 0.123395
1 0.0693069 0.167242 0.136949 0.332698 0.0903769
1 0.129618 0.512156 0.250886 0.481637 0.0897477
0 0.497395 0.276682 0.0193251 0.10906 0.0871088
0 0.348264 0.320983 0.0197424 0.117399 0.0834908
0 0.430082 0.266456 0.0227747 0.112096 0.0769354
0 0.502657 0.276238 0.0178253 0.108812 0.0722695
0 0.736967 0.315961 0.0333591 0.0654734 0.0659086
0 0.557937 0.259378 0.0208782 0.071792 0.0576009
0 0.481578 0.269139 0.0207196 0.0873133 0.0553809
0 0.539177 0.284688 0.0236946 0.117182 0.0540347
0 0.5364 0.283113 0.0171108 0.108076 0.0491705
0 0.506936 0.276864 0.0186509 0.108952 0.0471482
0 0.426319 0.271588 0.0280479 0.124069 0.045051
0 0.543546 0.287716 0.0230631 0.11472 0.0440673
0 0.344765 0.314002 0.0217475 0.123035 0.0434687
0 0.466233 0.273705 0.0205843 0.0968954 0.0371414
2 0.391173 0.308849 0.0346333 0.0507049 0.0367223
0 0.449075 0.282596 0.0216288 0.105174 0.0366422
0 0.430854 0.238952 0.0194487 0.0541906 0.0356077
0 0.50674 0.235799 0.0137369 0.0441998 0.0345459
0 0.564604 0.271033 0.0212961 0.0917627 0.0327746
25 0.519329 0.214711 0.0302016 0.0433235 0.0321979
0 0.45392 0.252606 0.0190445 0.0511361 0.0311728
1 0.0620656 0.221541 0.122568 0.235281 0.0296812
0 0.350265 0.333114 0.0216811 0.102389 0.0285755
0 0.541435 0.237564 0.0242737 0.0641929 0.0252743
0 0.546466 0.302322 0.0206322 0.0869022 0.0248216
25 0.455052 0.183201 0.0338585 0.0326991 0.0243671
13 0.390726 0.30882 0.0336064 0.0494227 0.0243616
0 0.435554 0.297542 0.0241585 0.113445 0.0234437
2 0.39814 0.307241 0.050287 0.0549518 0.0232327
0 0.425388 0.245516 0.0221947 0.0691591 0.0229938
0 0.557123 0.290075 0.0285228 0.114802 0.0227334
0 0.573343 0.296321 0.023513 0.102693 0.0227255
0 0.534586 0.242562 0.0185623 0.044705 0.0225724
0 0.757567 0.28526 0.0259512 0.0858636 0.0210873
0 0.303937 0.340362 0.0163521 0.128422 0.0198221
9 0.801112 0.0547281 0.031233 0.0668622 0.0187572
0 0.545342 0.219939 0.0222375 0.0614724 0.0173218
0 0.593753 0.282866 0.0279158 0.0896255 0.0171644
25 0.51671 0.220082 0.0356264 0.043141 0.0163012
25 0.519991 0.249312 0.0265831 0.0554277 0.0162866
1 0.0785609 0.286215 0.154696 0.563797 0.0137703
3 0.737462 0.316796 0.032646 0.0629864 0.0134526
0 0.519991 0.249312 0.0265831 0.0554277 0.0133674
0 0.754228 0.275443 0.0304619 0.0701416 0.0131586
13 0.397827 0.308653 0.0482847 0.0543637 0.0126689
25 0.48702 0.217016 0.0481684 0.0315502 0.0125529
1 0.0640822 0.383166 0.127204 0.645697 0.0121052
0 0.454194 0.230139 0.0176731 0.0413475 0.0117528
25 0.45392 0.252606 0.0190445 0.0511361 0.0116884
1 0.0123824 0.607427 0.0243826 0.120297 0.0110363
0 0.495874 0.242573 0.0195462 0.0570551 0.0109231
24 0.735913 0.318041 0.0296816 0.0595566 0.0108832
25 0.485481 0.212009 0.0492466 0.0322036 0.0103559
0 0.342537 0.265524 0.0162897 0.0251035 0.0100316
13 0.736316 0.316839 0.0308935 0.062982 0.00996572
1 0.554712 0.314382 0.023315 0.0671925 0.00995037
0 0.352744 0.342082 0.0219672 0.0861251 0.00988704
26 0.0774278 0.165939 0.152331 0.32995 0.00958219
1 0.0660605 0.258619 0.129872 0.33452 0.00954768
25 0.495874 0.242573 0.0195462 0.0570551 0.00948679
3 0.743189 0.304591 0.0450167 0.0878241 0.00898266
25 0.448666 0.216725 0.0318387 0.0445064 0.00892851
9 0.792728 0.0453369 0.0505575 0.0850617 0.00845698
0 0.306619 0.345982 0.0206518 0.139354 0.00843292
11 0.793502 0.0482775 0.0484905 0.0858207 0.00821364
0 0.539256 0.246276 0.0218614 0.0959774 0.0079062
25 0.50674 0.235799 0.0137369 0.0441998 0.00725904
25 0.534586 0.242562 0.0185623 0.044705 0.00725904
0 0.303358 0.308746 0.015237 0.0663743 0.00715771
13 0.743189 0.304591 0.0450167 0.0878241 0.00703678
0 0.417501 0.299547 0.0196619 0.0774607 0.00689957
26 0.735913 0.318041 0.0296816 0.0595566 0.0067811
0 0.456347 0.297504 0.0252807 0.113932 0.00665286
2 0.601062 0.302488 0.0249237 0.0431549 0.00656947
25 0.406507 0.220436 0.0660274 0.0517861 0.00650096
0 0.520751 0.256125 0.0302952 0.0983349 0.0062466
26 0.481578 0.269139 0.0207196 0.0873133 0.00611326
11 0.801112 0.0547281 0.031233 0.0668622 0.00606731
0 0.5976 0.302399 0.030912 0.0565168 0.00605828
1 0.5976 0.302399 0.030912 0.0565168 0.00601023
1 0.391649 0.309784 0.0338775 0.0541826 0.00572649
25 0.399642 0.238955 0.0517044 0.0787697 0.00572577
7 0.392328 0.307959 0.0374466 0.0509437 0.00565055
25 0.481631 0.214065 0.0499486 0.0405749 0.00564578
0 0.483098 0.239513 0.0191457 0.0403478 0.00562304
0 0.507553 0.292787 0.0300334 0.124734 0.00557542
1 0.575004 0.311742 0.0248274 0.0736959 0.00557148
1 0.573469 0.300976 0.0234926 0.0936495 0.00553346
1 0.569312 0.305884 0.0199141 0.0834401 0.00531915
25 0.435518 0.231185 0.0308546 0.0670971 0.00531399
1 0.0357698 0.383056 0.0700846 0.64426 0.00524309
0 0.41596 0.268959 0.0322124 0.133069 0.00520313
0 0.57728 0.263228 0.0218843 0.0792241 0.00518018
0 0.594508 0.263501 0.0233713 0.0661295 0.00516531
2 0.597863 0.299141 0.0301491 0.0523548 0.00508556
0 0.562839 0.261463 0.0288551 0.081483 0.00506234
0 0.575004 0.311742 0.0248274 0.0736959 0.0050256
2 0.736967 0.315961 0.0333591 0.0654734 0.00490689
0 0.395194 0.308904 0.0428668 0.0560982 0.00469571
28 0.735913 0.318041 0.0296816 0.0595566 0.00455832
25 0.430854 0.238952 0.0194487 0.0541906 0.00454971
0 0.592346 0.311211 0.0417198 0.0745062 0.00438732
0 0.577317 0.278436 0.0619864 0.118724 0.00434148
25 0.412344 0.231029 0.0674072 0.0700749 0.00424936
26 0.45392 0.252606 0.0190445 0.0511361 0.00420597
0 0.445862 0.228393 0.0245513 0.0481385 0.00414219
1 0.546466 0.302322 0.0206322 0.0869022 0.00411591
26 0.601062 0.302488 0.0249237 0.0431549 0.00406063
25 0.445862 0.228393 0.0245513 0.0481385 0.00405964
25 0.398336 0.223924 0.0488179 0.0474544 0.00403869
1 0.737462 0.316796 0.032646 0.0629864 0.00401521
25 0.42304 0.262681 0.100522 0.133072 0.00401455
0 0.340666 0.316914 0.0266863 0.129719 0.00397423
0 0.468159 0.240989 0.0182125 0.0447237 0.00392088
24 0.481578 0.269139 0.0207196 0.0873133 0.00391757
0 0.430466 0.274488 0.0529173 0.145768 0.00384021
2 0.577317 0.278436 0.0619864 0.118724 0.00382406
0 0.390798 0.262579 0.0186015 0.0434561 0.00380936
56 0.743189 0.304591 0.0450167 0.0878241 0.00372866
58 0.599129 0.299764 0.027928 0.0490021 0.00367847
25 0.483098 0.239513 0.0191457 0.0403478 0.0035488
0 0.386384 0.264385 0.0194466 0.0493586 0.00353286
13 0.5976 0.302399 0.030912 0.0565168 0.00351438
9 0.800236 0.052513 0.0401894 0.0788157 0.0034954
1 0.0311728 0.554172 0.0613506 0.460538 0.0034765
25 0.541435 0.237564 0.0242737 0.0641929 0.0034304
1 0.350976 0.337864 0.0219602 0.092627 0.00341743
13 0.75901 0.29653 0.0279902 0.100566 0.00340405
1 0.557123 0.290075 0.0285228 0.114802 0.0033617
0 0.403847 0.264425 0.0144829 0.0350978 0.00332671
0 0.480778 0.269446 0.0428823 0.119263 0.00321916
25 0.454194 0.230139 0.0176731 0.0413475 0.0032132
12 0.799408 0.0534285 0.0369385 0.0738373 0.00318754
58 0.390726 0.30882 0.0336064 0.0494227 0.0031862
1 0.0552589 0.175616 0.1087 0.143236 0.00314829
0 0.598521 0.260887 0.0220916 0.0800782 0.00314745
25 0.545342 0.219939 0.0222375 0.0614724 0.00313422
26 0.0620656 0.221541 0.122568 0.235281 0.00310689
25 0.430082 0.266456 0.0227747 0.112096 0.00310424
0 0.403849 0.268669 0.0552549 0.133781 0.00310326
0 0.554712 0.314382 0.023315 0.0671925 0.00308987
25 0.574611 0.193174 0.0344246 0.0344205 0.00307783
25 0.425606 0.240172 0.0212476 0.0599016 0.00295779
1 0.592346 0.311211 0.0417198 0.0745062 0.00294328
25 0.530102 0.219112 0.0217026 0.0525508 0.00290048
1 0.601062 0.302488 0.0249237 0.0431549 0.0028581
10 0.348264 0.320983 0.0197424 0.117399 0.00280195
13 0.601062 0.302488 0.0249237 0.0431549 0.00279796
1 0.0234678 0.520049 0.0457418 0.476029 0.00271136
25 0.548586 0.210383 0.02669 0.0524908 0.00268984
1 0.0353477 0.650301 0.0684544 0.262055 0.00265765
25 0.573583 0.197982 0.0385549 0.0462054 0.0025973
10 0.735913 0.318041 0.0296816 0.0595566 0.00259688
24 0.45392 0.252606 0.0190445 0.0511361 0.00259161
56 0.736967 0.315961 0.0333591 0.0654734 0.00256979
0 0.530102 0.219112 0.0217026 0.0525508 0.00255373
13 0.415769 0.296934 0.0227783 0.0829904 0.0025495
36 0.735913 0.318041 0.0296816 0.0595566 0.00254735
0 0.435518 0.231185 0.0308546 0.0670971 0.00247374
0 0.301395 0.343216 0.0223697 0.138703 0.00247276
7 0.39814 0.307241 0.050287 0.0549518 0.00247219
16 0.735913 0.318041 0.0296816 0.0595566 0.00246635
25 0.562839 0.261463 0.0288551 0.081483 0.00246179
2 0.415769 0.296934 0.0227783 0.0829904 0.00242189
25 0.437266 0.274466 0.076807 0.157989 0.0024133
0 0.580321 0.292503 0.0545486 0.108755 0.00238869
13 0.759955 0.320171 0.0259018 0.0534523 0.00238302
25 0.529166 0.21246 0.0356087 0.0529495 0.00235945
0 0.601062 0.302488 0.0249237 0.0431549 0.00230399
25 0.449075 0.282596 0.0216288 0.105174 0.00226513
0 0.395788 0.276346 0.044202 0.118736 0.00223517
26 0.597863 0.299141 0.0301491 0.0523548 0.00222886
1 0.59502 0.285452 0.0326509 0.0811691 0.0022268
1 0.580321 0.292503 0.0545486 0.108755 0.00222442
2 0.59502 0.285452 0.0326509 0.0811691 0.00221089
25 0.557937 0.259378 0.0208782 0.071792 0.00218633
24 0.520687 0.280715 0.0223709 0.100976 0.00215715
0 0.561423 0.273834 0.0643359 0.128509 0.00215316
0 0.437266 0.274466 0.076807 0.157989 0.00213715
25 0.430466 0.274488 0.0529173 0.145768 0.00212178
25 0.500605 0.211488 0.0714365 0.0533702 0.00208718
25 0.466233 0.273705 0.0205843 0.0968954 0.00199676
58 0.59502 0.285452 0.0326509 0.0811691 0.00197372
0 0.564694 0.274505 0.0446342 0.141548 0.00189415
13 0.392736 0.312982 0.0420957 0.0602615 0.00183088
0 0.515896 0.303978 0.0311912 0.118064 0.00182572
36 0.478886 0.338637 0.0259154 0.0477616 0.00177905
25 0.468159 0.240989 0.0182125 0.0447237 0.00177729
15 0.329181 0.770387 0.458568 0.244795 0.00174758
0 0.403902 0.251415 0.0186265 0.0591361 0.00174123
2 0.743189 0.304591 0.0450167 0.0878241 0.00172505
25 0.38938 0.2247 0.0305229 0.0302324 0.00172368
26 0.455244 0.280756 0.0237129 0.112309 0.00164449
56 0.75901 0.29653 0.0279902 0.100566 0.00162807
24 0.455244 0.280756 0.0237129 0.112309 0.00161526
0 0.474149 0.31837 0.0252621 0.088726 0.00161007
0 0.310443 0.348394 0.022312 0.138632 0.00160325
1 0.0191678 0.467365 0.0363946 0.386795 0.0015932
0 0.311328 0.341914 0.029471 0.132605 0.00156319
26 0.466233 0.273705 0.0205843 0.0968954 0.00155687
1 0.529327 0.298267 0.0228008 0.110244 0.0015561
13 0.386152 0.314286 0.0296765 0.0582177 0.00154158
1 0.0614517 0.478065 0.117153 0.394327 0.00154051
2 0.342537 0.265524 0.0162897 0.0251035 0.00151354
58 0.395936 0.30505 0.0442067 0.0591055 0.00151333
25 0.496713 0.271451 0.017197 0.103973 0.00150329
6 0.426331 0.270728 0.105444 0.154818 0.00149295
1 0.186396 0.38647 0.359231 0.759736 0.00148678
0 0.39029 0.308889 0.0327162 0.0500132 0.00148144
1 0.0184725 0.600216 0.0369449 0.128897 0.00143597
13 0.554712 0.314382 0.023315 0.0671925 0.00142869
24 0.503389 0.266282 0.0189098 0.0963778 0.00140843
1 0.417501 0.299547 0.0196619 0.0774607 0.00140694
0 0.401686 0.300618 0.0563367 0.0823462 0.0013952
9 0.76055 0.0915622 0.0211437 0.0697661 0.00138918
26 0.495237 0.282569 0.0196107 0.11648 0.00136083
24 0.539139 0.279365 0.0236044 0.1129 0.00136074
24 0.743189 0.304591 0.0450167 0.0878241 0.00136018
2 0.4244 0.275219 0.0336939 0.129124 0.00136009
25 0.448073 0.194869 0.0486435 0.0346738 0.00131065
3 0.391649 0.309784 0.0338775 0.0541826 0.00130674
13 0.357179 0.339942 0.0328501 0.0859904 0.00130385
11 0.455052 0.183201 0.0338585 0.0326991 0.00129041
13 0.358717 0.329536 0.035021 0.0617861 0.00128549
13 0.592346 0.311211 0.0417198 0.0745062 0.00126693
56 0.554712 0.314382 0.023315 0.0671925 0.00125867
1 0.435554 0.297542 0.0241585 0.113445 0.00125617
26 0.0428048 0.220748 0.083733 0.216343 0.00125536
10 0.303937 0.340362 0.0163521 0.128422 0.00124082
0 0.6014 0.246636 0.0157898 0.0636596 0.00122404
1 0.750229 0.305435 0.0445482 0.083917 0.0012224
56 0.39029 0.308889 0.0327162 0.0500132 0.00121889
11 0.430854 0.238952 0.0194487 0.0541906 0.00121477
58 0.745879 0.296099 0.0510099 0.105346 0.0012114
0 0.548586 0.210383 0.02669 0.0524908 0.00119886
25 0.455244 0.280756 0.0237129 0.112309 0.00119862
0 0.587365 0.275759 0.0619223 0.107287 0.00116342
0 0.596631 0.293889 0.0420265 0.074325 0.00115323
12 0.793502 0.0482775 0.0484905 0.0858207 0.0011493
56 0.750229 0.305435 0.0445482 0.083917 0.0011439
10 0.39029 0.308889 0.0327162 0.0500132 0.00114191
0 0.391345 0.25908 0.0260888 0.0514152 0.00113922
0 0.012501 0.607232 0.0244485 0.120442 0.00112885
32 0.696716 0.102021 0.0257498 0.0477255 0.00112388
28 0.743189 0.304591 0.0450167 0.0878241 0.00111535
1 0.0236129 0.424619 0.0440764 0.486142 0.00108048
25 0.566285 0.204513 0.0543615 0.0516217 0.00106686
24 0.496713 0.271451 0.017197 0.103973 0.00106233
36 0.487127 0.345868 0.0313047 0.036531 0.00105897
25 0.481578 0.269139 0.0207196 0.0873133 0.00105444
1 0.529012 0.30876 0.0291805 0.110903 0.00104284
1 0.502861 0.342979 0.0361753 0.0429613 0.00103167
24 0.446104 0.288523 0.0233325 0.113002 0.00102693
24 0.466233 0.273705 0.0205843 0.0968954 0.00102642
26 0.0552589 0.175616 0.1087 0.143236 0.00102454
12 0.344765 0.314002 0.0217475 0.123035 0.00101995
2 0.403849 0.268669 0.0552549 0.133781 0.00101554
26 0.744395 0.298976 0.046446 0.0996248 0.00101483
10 0.745355 0.296819 0.0496332 0.103907 0.00100935
0 0.386152 0.314286 0.0296765 0.0582177 0.00100636
25 0.539351 0.275129 0.0257002 0.119402 0.00100237
2 0.395788 0.276346 0.044202 0.118736 0.00100175
0 0.592437 0.24934 0.0280396 0.0683565 0.00100115
