23 0.345894 0.653652 0.368347 0.680726 0.934367
23 0.760964 0.567707 0.263251 0.462854 0.923295
0 0.0662215 0.571531 0.129533 0.833418 0.821085
0 0.0543256 0.811202 0.10709 0.37233 0.628157
26 0.0828222 0.691948 0.09944 0.428682 0.0412587
26 0.0970649 0.944015 0.0301668 0.110145 0.0193301
26 0.108715 0.942751 0.0465816 0.112581 0.0108079
26 0.0819446 0.584164 0.101741 0.479064 0.00756142
26 0.0653946 0.795453 0.12756 0.393903 0.00618681
26 0.105855 0.874715 0.0546602 0.24704 0.00606322
26 0.110962 0.906342 0.0455513 0.185923 0.00524732
24 0.0828222 0.691948 0.09944 0.428682 0.00451306
26 0.0930784 0.641955 0.0822482 0.405297 0.00414261
26 0.117179 0.939252 0.040399 0.11788 0.00387383
26 0.0677182 0.650643 0.127143 0.419744 0.00383279
23 0.688612 0.567135 0.115286 0.307582 0.00379789
24 0.0970649 0.944015 0.0301668 0.110145 0.00365579
26 0.0848711 0.858675 0.0663772 0.277792 0.00350899
0 0.350718 0.36846 0.0171909 0.0443371 0.00342423
0 0.0868501 0.698239 0.0904924 0.463983 0.00327778
26 0.116502 0.887297 0.0386386 0.223142 0.00253618
56 0.161654 0.905635 0.115967 0.186576 0.00230187
23 0.716344 0.557782 0.166987 0.383796 0.00223196
26 0.100809 0.817846 0.0680281 0.357232 0.00219232
0 0.0760515 0.703302 0.111345 0.535182 0.00217122
56 0.0970649 0.944015 0.0301668 0.110145 0.00201434
26 0.066555 0.875382 0.104756 0.246413 0.00199267
26 0.0879656 0.792333 0.0925821 0.407874 0.00197226
0 0.343177 0.655341 0.371031 0.681862 0.00182998
22 0.684522 0.56326 0.108493 0.282881 0.00182635
0 0.0411814 0.653451 0.0792542 0.693098 0.00181475
0 0.0152389 0.738214 0.0269379 0.228498 0.00169781
23 0.704756 0.578238 0.0784894 0.319626 0.00160351
22 0.761375 0.567428 0.263182 0.461173 0.00145584
0 0.0550554 0.260762 0.107068 0.211095 0.00141996
26 0.15687 0.904657 0.1187 0.186987 0.0014163
24 0.0677182 0.650643 0.127143 0.419744 0.00138178
23 0.677501 0.554482 0.0938549 0.249834 0.00133452
26 0.0910894 0.721569 0.084549 0.540687 0.00129622
0 0.111187 0.810405 0.215286 0.370594 0.00122908
0 0.0439264 0.528762 0.0849518 0.499943 0.00122347
56 0.108715 0.942751 0.0465816 0.112581 0.00120839
26 0.109151 0.936893 0.0666451 0.126213 0.00112522
26 0.0922381 0.939854 0.0355125 0.11363 0.0010961
26 0.063783 0.942544 0.111816 0.114913 0.0010896
0 0.314214 0.383623 0.021776 0.0354742 0.00104532
24 0.0541667 0.816612 0.106111 0.361739 0.00103107
26 0.104562 0.83041 0.0518193 0.190531 0.00101641
