33 0.687087 0.207486 0.0207965 0.0338526 0.705527
33 0.69724 0.468997 0.0215515 0.0336443 0.666317
0 0.39449 0.770321 0.0122557 0.047132 0.588821
33 0.612267 0.666547 0.0250122 0.0230234 0.511209
33 0.130116 0.807923 0.065964 0.0343869 0.491711
0 0.371105 0.766271 0.0174701 0.0588067 0.372257
33 0.459661 0.491812 0.0114369 0.0102034 0.34995
0 0.880628 0.7602 0.0104729 0.0376205 0.325276
0 0.340863 0.771196 0.0111756 0.0465242 0.290447
33 0.443614 0.593759 0.0140234 0.0145851 0.262797
0 0.612215 0.773082 0.0134512 0.0296269 0.227836
0 0.434382 0.779232 0.0103357 0.0281284 0.224069
0 0.187525 0.766383 0.0135488 0.0475233 0.144221
0 0.578235 0.765125 0.0177311 0.0436855 0.143381
0 0.478975 0.762504 0.0124347 0.0430717 0.127351
0 0.478509 0.756829 0.0103023 0.032872 0.112696
0 0.638833 0.77457 0.0205484 0.0298818 0.105879
0 0.35068 0.768357 0.0112234 0.0461439 0.105504
0 0.882898 0.790469 0.014525 0.0257086 0.104103
0 0.527273 0.760569 0.0130191 0.0401283 0.0944694
0 0.180579 0.767574 0.0150009 0.0435663 0.076788
0 0.641945 0.774281 0.0142532 0.0306257 0.0740246
0 0.220959 0.761083 0.0115238 0.0323726 0.0695788
0 0.207898 0.764831 0.0080761 0.0335582 0.0676717
0 0.92136 0.764882 0.0123333 0.0199391 0.066409
0 0.854063 0.758818 0.0145554 0.0405194 0.0658171
0 0.631251 0.775142 0.0141293 0.0279812 0.0657137
0 0.537982 0.75998 0.0126017 0.0397313 0.0647949
0 0.581846 0.773029 0.0158634 0.0349267 0.0630148
0 0.848794 0.788961 0.0240499 0.0302546 0.061372
0 0.190257 0.765736 0.0153209 0.0486216 0.0587591
0 0.328017 0.759743 0.00939693 0.0342684 0.0567454
0 0.844116 0.75867 0.00891876 0.0373498 0.0521029
33 0.86377 0.788382 0.0545151 0.0332627 0.0483099
33 0.464418 0.493494 0.0209846 0.0141533 0.0478455
2 0.015591 0.770216 0.0302143 0.0164511 0.044479
0 0.850911 0.770857 0.018585 0.0534297 0.0437766
0 0.129226 0.765967 0.0114791 0.0199032 0.0425433
0 0.844035 0.775801 0.0150906 0.043628 0.0424966
0 0.0788566 0.727538 0.0129753 0.0286711 0.0412736
0 0.352184 0.765843 0.0142257 0.0520867 0.0403633
0 0.168403 0.776174 0.0131818 0.0225204 0.0400765
0 0.380595 0.772768 0.0107144 0.0410985 0.0395701
0 0.460649 0.775714 0.0167373 0.0192381 0.03778
33 0.12989 0.801085 0.067815 0.0485301 0.0375956
0 0.524712 0.760136 0.0153172 0.0419577 0.0337043
0 0.219978 0.762281 0.0172011 0.0328232 0.0333396
0 0.198899 0.766436 0.015339 0.0418854 0.0298195
0 0.871157 0.768722 0.0114056 0.0269134 0.0278434
0 0.848644 0.763273 0.0219849 0.0406574 0.0276303
33 0.852353 0.788114 0.0312546 0.0316821 0.0269957
0 0.863025 0.789039 0.0526932 0.0321229 0.026107
0 0.301137 0.760635 0.00956173 0.0199782 0.0254336
0 0.745836 0.740639 0.00859508 0.0244577 0.0249388
0 0.378933 0.770659 0.0131597 0.0461253 0.0243297
0 0.0874663 0.781004 0.0210482 0.0338292 0.0237005
0 0.457549 0.775211 0.0209726 0.0200358 0.0233028
0 0.580101 0.779248 0.0174208 0.0237826 0.0205443
0 0.57857 0.765063 0.0222183 0.0501183 0.0202568
0 0.0427545 0.727783 0.0148534 0.0242809 0.0199814
0 0.745162 0.743455 0.0105291 0.0299777 0.0178254
0 0.480716 0.76574 0.0177757 0.0394289 0.0178019
0 0.166287 0.77563 0.0119544 0.0249003 0.0174936
33 0.283143 0.571839 0.0146139 0.0219958 0.0173776
0 0.465141 0.774194 0.0153254 0.022664 0.0171799
0 0.53885 0.762194 0.0172529 0.0371961 0.0153771
33 0.0876284 0.780717 0.0196685 0.0348573 0.0145278
2 0.457549 0.775211 0.0209726 0.0200358 0.0140268
0 0.614974 0.776145 0.0137259 0.0296574 0.0136654
0 0.523371 0.767691 0.0164058 0.0272294 0.0130732
0 0.820726 0.756046 0.00994797 0.0368478 0.012921
0 0.832495 0.75534 0.00830517 0.0238436 0.0128716
0 0.129235 0.763089 0.009585 0.0241954 0.012222
2 0.0236311 0.768516 0.0440539 0.016295 0.0120885
0 0.191157 0.771679 0.0152819 0.0388781 0.0118755
0 0.225362 0.761974 0.0173248 0.0311567 0.0117625
0 0.174702 0.766723 0.0207101 0.043886 0.0111459
0 0.438822 0.774643 0.0197445 0.0231071 0.0108464
1 0.580101 0.779248 0.0174208 0.0237826 0.0106898
0 0.341758 0.767118 0.013933 0.0523955 0.0104249
0 0.705237 0.722552 0.0134233 0.0311614 0.00987577
0 0.21139 0.767433 0.0142843 0.0387057 0.00965524
0 0.323863 0.759459 0.0134715 0.0287899 0.00960588
0 0.553452 0.71977 0.0101174 0.0205626 0.00905547
33 0.449236 0.598121 0.0240509 0.0192212 0.00867531
2 0.460649 0.775714 0.0167373 0.0192381 0.00833741
0 0.158404 0.731238 0.0090354 0.0275771 0.00806239
0 0.8701 0.763625 0.0170467 0.0360515 0.00796443
0 0.881687 0.760237 0.0151802 0.0397635 0.00762707
0 0.227141 0.765403 0.0135111 0.0260487 0.00750941
33 0.469515 0.495136 0.0309059 0.0189082 0.00746256
2 0.455204 0.755146 0.0494282 0.0217877 0.00743565
2 0.471571 0.751048 0.020142 0.019492 0.00732598
2 0.607757 0.723931 0.017908 0.0227735 0.00722107
0 0.412649 0.7787 0.0128075 0.0287638 0.00697222
33 0.616805 0.666131 0.0346894 0.0273817 0.00685933
0 0.607991 0.776096 0.0171038 0.0297277 0.00661182
56 0.460649 0.775714 0.0167373 0.0192381 0.00637481
0 0.731934 0.771638 0.0133106 0.0136749 0.00616807
2 0.44582 0.733875 0.0123552 0.0174173 0.00612709
33 0.415949 0.680575 0.0185924 0.0165402 0.00584298
0 0.203673 0.776572 0.0139709 0.0291963 0.00577217
2 0.9443 0.769857 0.0127769 0.0115749 0.00565743
0 0.553201 0.723956 0.0096632 0.0280265 0.00555155
0 0.605139 0.771851 0.0185427 0.0313413 0.00554371
0 0.431954 0.76208 0.0104955 0.0259941 0.00548431
56 0.412649 0.7787 0.0128075 0.0287638 0.00516123
0 0.31927 0.764838 0.00848536 0.0211692 0.00510424
0 0.390306 0.767489 0.0203489 0.0546918 0.00510052
0 0.839331 0.754963 0.00927238 0.0347016 0.0049955
33 0.166287 0.77563 0.0119544 0.0249003 0.0048258
0 0.437615 0.777967 0.0185629 0.0288671 0.00474972
5 0.092606 0.723909 0.142638 0.0358129 0.0046272
0 0.607114 0.722827 0.0140104 0.0210015 0.00460872
13 0.9443 0.769857 0.0127769 0.0115749 0.00458419
13 0.936219 0.766037 0.0424625 0.0189968 0.00458261
1 0.191157 0.771679 0.0152819 0.0388781 0.00456196
2 0.417797 0.771833 0.0196565 0.0277333 0.00453433
33 0.386162 0.599439 0.00739927 0.0211167 0.00450239
1 0.863025 0.789039 0.0526932 0.0321229 0.00441524
33 0.612375 0.658146 0.0260237 0.0412197 0.00427595
1 0.203673 0.776572 0.0139709 0.0291963 0.00422928
33 0.667922 0.830055 0.0136841 0.0125215 0.00409231
1 0.632088 0.776767 0.0172953 0.0292316 0.00407827
33 0.607114 0.722827 0.0140104 0.0210015 0.00407758
33 0.882898 0.790469 0.014525 0.0257086 0.00402156
60 0.488503 0 0.977006 0 0.00399271
0 0.886687 0.789561 0.021064 0.0285031 0.0039348
2 0.53885 0.762194 0.0172529 0.0371961 0.00391176
2 0.62484 0.722275 0.0527131 0.026888 0.00387567
2 0.452137 0.732656 0.0244873 0.0211028 0.00387192
33 0.280046 0.641452 0.0125083 0.0147049 0.00386211
33 0.458387 0.627334 0.00830402 0.044597 0.00385863
33 0.703956 0.467768 0.0352854 0.0368761 0.00380906
0 0.30289 0.756637 0.0122154 0.0268937 0.00371861
0 0.610538 0.768131 0.0170868 0.039672 0.00369504
33 0.0244842 0.767994 0.0435512 0.0160136 0.00365365
0 0.580224 0.718294 0.00654182 0.0153113 0.00357395
56 0.871157 0.768722 0.0114056 0.0269134 0.00341675
1 0.639134 0.776112 0.0222198 0.0310347 0.00335771
2 0.307356 0.765374 0.0141851 0.0149392 0.00333834
1 0.227141 0.765403 0.0135111 0.0260487 0.00328809
13 0.946762 0.768034 0.0515396 0.0160072 0.00328103
0 0.817337 0.767387 0.0101498 0.0255697 0.00318408
33 0.118966 0.791459 0.0858143 0.0564648 0.00314847
1 0.852353 0.788114 0.0312546 0.0316821 0.00314295
3 0.457549 0.775211 0.0209726 0.0200358 0.00314072
2 0.615467 0.723579 0.0333452 0.0245975 0.00313336
2 0.946762 0.768034 0.0515396 0.0160072 0.00311032
33 0.692583 0.207542 0.0323073 0.0352468 0.00306684
33 0.69282 0.468249 0.0303423 0.0344916 0.0030365
0 0.372558 0.762246 0.0223676 0.0619985 0.00303614
0 0.453765 0.769114 0.0334381 0.0322745 0.00303248
2 0.0869686 0.78122 0.0209633 0.03427 0.00293535
1 0.871157 0.768722 0.0114056 0.0269134 0.00290728
2 0.0610744 0.727819 0.0528811 0.0281195 0.00289711
33 0.45821 0.679829 0.0164762 0.154158 0.00287709
33 0.286512 0.571669 0.0208159 0.0249671 0.00284728
1 0.378933 0.770659 0.0131597 0.0461253 0.00274718
0 0.863114 0.767184 0.0541895 0.0607759 0.00274214
56 0.0876284 0.780717 0.0196685 0.0348573 0.00264525
33 0.45812 0.660515 0.0092042 0.110378 0.00258788
0 0.162732 0.774744 0.0224875 0.018716 0.00255582
0 0.731856 0.774776 0.0144098 0.0174518 0.002534
13 0.788667 0.772151 0.0265587 0.01601 0.00252634
0 0.354341 0.751108 0.0162965 0.0462193 0.00238654
1 0.168403 0.776174 0.0131818 0.0225204 0.00232688
56 0.581846 0.773029 0.0158634 0.0349267 0.00226477
13 0.762945 0.772668 0.0400677 0.0125624 0.00222102
0 0.212548 0.759312 0.017857 0.0422055 0.00219274
1 0.850911 0.770857 0.018585 0.0534297 0.00217089
0 0.967684 0.768165 0.0142555 0.0134397 0.00215483
56 0.166287 0.77563 0.0119544 0.0249003 0.00213462
0 0.643695 0.722117 0.0145241 0.024468 0.0021165
1 0.788097 0.774141 0.027099 0.0174988 0.00208938
2 0.871157 0.768722 0.0114056 0.0269134 0.00207692
13 0.938486 0.76246 0.048671 0.0260871 0.0020698
0 0.9443 0.769857 0.0127769 0.0115749 0.00206655
0 0.548019 0.762084 0.0270895 0.0363725 0.00203869
33 0.62644 0.716837 0.0511642 0.041448 0.0020344
3 0.580101 0.779248 0.0174208 0.0237826 0.00201067
0 0.471571 0.751048 0.020142 0.019492 0.00200447
0 0.820873 0.749567 0.014123 0.0491704 0.00198773
1 0.457549 0.775211 0.0209726 0.0200358 0.00197276
2 0.412649 0.7787 0.0128075 0.0287638 0.00196615
1 0.181163 0.769009 0.0155862 0.0442205 0.00196436
33 0.871157 0.768722 0.0114056 0.0269134 0.00194401
33 0.643695 0.722117 0.0145241 0.024468 0.00193399
56 0.580101 0.779248 0.0174208 0.0237826 0.00192937
58 0.971374 0.737583 0.0389153 0.0570322 0.00192666
33 0.651874 0.830314 0.0466956 0.0143738 0.00190502
24 0.0849432 0.781238 0.0165896 0.0336575 0.00189954
24 0.460649 0.775714 0.0167373 0.0192381 0.0018678
2 0.0209091 0.772769 0.0401422 0.0233405 0.0018585
2 0.457927 0.743967 0.0335596 0.0176879 0.00185046
1 0.434238 0.780047 0.0101389 0.0267201 0.00183892
14 0.459661 0.491812 0.0114369 0.0102034 0.00182858
0 0.845023 0.755659 0.0124554 0.049305 0.00179034
2 0.438822 0.774643 0.0197445 0.0231071 0.00177971
33 0.45979 0.498819 0.013555 0.024382 0.0017764
1 0.219978 0.762281 0.0172011 0.0328232 0.00176543
2 0.465141 0.774194 0.0153254 0.022664 0.00175062
0 0.12925 0.802668 0.0678059 0.0434335 0.00173613
13 0.773244 0.77146 0.0453739 0.013673 0.00172624
0 0.296908 0.756442 0.00915022 0.0275508 0.00170383
33 0.626092 0.721349 0.0525744 0.0293066 0.0017035
1 0.641945 0.774281 0.0142532 0.0306257 0.00167927
33 0.281766 0.65366 0.0143741 0.0393826 0.00165999
13 0.92136 0.764882 0.0123333 0.0199391 0.00165904
0 0.124144 0.770478 0.033405 0.0119301 0.0016377
2 0.705477 0.772174 0.0184535 0.0105541 0.00162315
8 0.015591 0.770216 0.0302143 0.0164511 0.0016121
0 0.52644 0.767375 0.0419044 0.0342563 0.00160086
33 0.460217 0.677915 0.0282476 0.15018 0.00158778
2 0.0200292 0.680692 0.0368171 0.0220913 0.00158697
24 0.871157 0.768722 0.0114056 0.0269134 0.00158632
0 0.815401 0.776764 0.00993462 0.0195937 0.00158611
1 0.460649 0.775714 0.0167373 0.0192381 0.00158092
0 0.164018 0.743457 0.0144168 0.028677 0.00157681
6 0.0944827 0.722255 0.135677 0.0427084 0.00157076
13 0.0610744 0.727819 0.0528811 0.0281195 0.00155661
56 0.191157 0.771679 0.0152819 0.0388781 0.00155136
3 0.460649 0.775714 0.0167373 0.0192381 0.00153229
33 0.609875 0.699356 0.0181318 0.0106723 0.0015142
0 0.836034 0.758122 0.013969 0.0376718 0.00151354
37 0.863025 0.789039 0.0526932 0.0321229 0.00150564
56 0.21139 0.767433 0.0142843 0.0387057 0.00150055
2 0.168403 0.776174 0.0131818 0.0225204 0.00148511
33 0.451593 0.494236 0.026899 0.0154318 0.00148368
3 0.168403 0.776174 0.0131818 0.0225204 0.00146484
56 0.86377 0.788382 0.0545151 0.0332627 0.00145319
33 0.44582 0.733875 0.0123552 0.0174173 0.00144807
33 0.384241 0.602873 0.0108657 0.0276064 0.00144005
2 0.464108 0.717286 0.0235134 0.0157253 0.00142786
56 0.168403 0.776174 0.0131818 0.0225204 0.00142333
0 0.307356 0.765374 0.0141851 0.0149392 0.00140736
33 0.413244 0.683189 0.0244323 0.0230776 0.00139856
33 0.44817 0.592278 0.0234353 0.0229264 0.00139084
0 0.169964 0.733853 0.00908849 0.0235817 0.00138703
1 0.577885 0.771297 0.0222093 0.0414124 0.001385
56 0.638833 0.77457 0.0205484 0.0298818 0.00137314
56 0.434382 0.779232 0.0103357 0.0281284 0.00136194
2 0.936219 0.766037 0.0424625 0.0189968 0.00135836
0 0.44582 0.733875 0.0123552 0.0174173 0.00134748
56 0.817337 0.767387 0.0101498 0.0255697 0.00134301
0 0.565652 0.769911 0.0644329 0.0362207 0.00133574
4 0.459661 0.491812 0.0114369 0.0102034 0.00132999
33 0.850911 0.770857 0.018585 0.0534297 0.00132826
7 0.455204 0.755146 0.0494282 0.0217877 0.00132573
1 0.465141 0.774194 0.0153254 0.022664 0.00130469
7 0.452137 0.732656 0.0244873 0.0211028 0.00130445
1 0.412649 0.7787 0.0128075 0.0287638 0.00130415
56 0.203673 0.776572 0.0139709 0.0291963 0.00130349
33 0.580224 0.718294 0.00654182 0.0153113 0.00129631
2 0.380595 0.772768 0.0107144 0.0410985 0.00129518
1 0.581846 0.773029 0.0158634 0.0349267 0.0012885
0 0.792133 0.736865 0.00831528 0.0182708 0.00128564
25 0.44582 0.733875 0.0123552 0.0174173 0.00128493
33 0.383811 0.695526 0.0196749 0.0170637 0.0012677
0 0.634958 0.769591 0.0231958 0.0400162 0.00125393
2 0.124144 0.770478 0.033405 0.0119301 0.0012418
33 0.863114 0.767184 0.0541895 0.0607759 0.00122347
2 0.731934 0.771638 0.0133106 0.0136749 0.00121415
1 0.380595 0.772768 0.0107144 0.0410985 0.00121316
33 0.465111 0.499174 0.0237514 0.0249647 0.0012027
7 0.0200292 0.680692 0.0368171 0.0220913 0.0012005
0 0.667922 0.830055 0.0136841 0.0125215 0.00119686
13 0.731934 0.771638 0.0133106 0.0136749 0.00119448
1 0.613491 0.773703 0.0147684 0.0279485 0.00119242
33 0.433645 0.77603 0.0115944 0.0337325 0.00117895
2 0.547078 0.772036 0.0348919 0.0163961 0.00117576
25 0.417797 0.771833 0.0196565 0.0277333 0.00117195
5 0.0200292 0.680692 0.0368171 0.0220913 0.00114983
56 0.414865 0.778595 0.0168644 0.0332348 0.00114977
24 0.854063 0.758818 0.0145554 0.0405194 0.00111228
33 0.622604 0.668594 0.0474669 0.0344504 0.00111228
0 0.282835 0.757753 0.0124121 0.0231862 0.00111121
2 0.162732 0.774744 0.0224875 0.018716 0.00111091
13 0.741433 0.771188 0.0211382 0.0121292 0.00111046
1 0.731934 0.771638 0.0133106 0.0136749 0.00110608
58 0.970012 0.744607 0.0350491 0.0476767 0.00110364
3 0.465141 0.774194 0.0153254 0.022664 0.00109217
56 0.53885 0.762194 0.0172529 0.0371961 0.00109094
2 0.456788 0.731756 0.0356366 0.0319134 0.00107393
3 0.227141 0.765403 0.0135111 0.0260487 0.00107363
8 0.863025 0.789039 0.0526932 0.0321229 0.00105676
2 0.547276 0.71617 0.0113108 0.014183 0.00105414
2 0.227141 0.765403 0.0135111 0.0260487 0.00105131
0 0.739869 0.742496 0.0110203 0.0311565 0.00105044
0 0.100921 0.772428 0.029337 0.0373972 0.00104567
33 0.681396 0.206519 0.0317005 0.0353701 0.00103733
14 0.687087 0.207486 0.0207965 0.0338526 0.00103447
0 0.0345981 0.79041 0.0116669 0.0584298 0.00103238
1 0.614974 0.776145 0.0137259 0.0296574 0.00100198
