0 0.214591 0.679518 0.426706 0.55694 0.94436
26 0.783356 0.790313 0.137402 0.109155 0.929874
0 0.473907 0.511182 0.423679 0.976362 0.903222
0 0.727517 0.622753 0.228082 0.422817 0.885787
57 0.825126 0.630237 0.34769 0.423387 0.863352
41 0.265072 0.967519 0.0975574 0.0648607 0.842491
39 0.10752 0.929276 0.0623631 0.130878 0.817895
65 0.291002 0.519582 0.0892361 0.0348753 0.788626
41 0.0453543 0.965995 0.0904331 0.0678457 0.699505
58 0.30234 0.236727 0.228511 0.379026 0.577218
0 0.912116 0.698261 0.175602 0.381414 0.560525
0 0.0466907 0.781799 0.0922743 0.236623 0.478479
57 0.204428 0.66756 0.408857 0.466185 0.213665
29 0.693918 0.56677 0.115471 0.111816 0.188177
57 0.830228 0.735707 0.33157 0.219772 0.0919968
57 0.543875 0.634951 0.91072 0.421226 0.0906055
0 0.0461447 0.66824 0.0921038 0.457508 0.0700944
57 0.0422333 0.482504 0.0839812 0.0944922 0.0651648
41 0.334858 0.993037 0.0931413 0.0139257 0.0476371
57 0.4851 0.720319 0.967956 0.479368 0.0395187
57 0.0425467 0.663724 0.084349 0.463219 0.0374199
60 0.164734 0.923281 0.326838 0.14296 0.032722
58 0.272417 0.367307 0.166742 0.119765 0.0324018
58 0.267035 0.402029 0.1619 0.188767 0.0304047
57 0.113184 0.671825 0.225776 0.477329 0.0260963
57 0.0799534 0.668515 0.158111 0.458209 0.0256988
58 0.278862 0.331444 0.17655 0.192525 0.0253253
56 0.152213 0.666802 0.301672 0.44531 0.0243886
39 0.123089 0.891113 0.042563 0.0702883 0.02275
0 0.912931 0.617497 0.173409 0.176455 0.0213648
39 0.0255481 0.893125 0.0505671 0.10245 0.021129
0 0.143439 0.739073 0.284327 0.321045 0.0208568
56 0.201817 0.684734 0.402477 0.490426 0.0203106
57 0.217497 0.741938 0.431178 0.373515 0.0201637
59 0.830228 0.735707 0.33157 0.219772 0.0197985
57 0.833017 0.526848 0.332713 0.211335 0.0193712
59 0.82913 0.633106 0.338728 0.420802 0.0183153
57 0.042147 0.454962 0.0842044 0.0387539 0.0168762
56 0.170471 0.735439 0.330979 0.4089 0.0168425
57 0.0403999 0.498595 0.080222 0.0615901 0.0165229
57 0.834024 0.493258 0.330081 0.144068 0.0154759
26 0.840172 0.866098 0.121024 0.0522781 0.0147252
39 0.0178892 0.888082 0.0355998 0.100024 0.0136261
57 0.0424116 0.552618 0.0847475 0.236091 0.0132887
56 0.0423688 0.482495 0.0843668 0.0945046 0.0129485
39 0.0109745 0.868315 0.0207339 0.0618408 0.0126966
58 0.264814 0.363461 0.115423 0.107105 0.012666
58 0.303085 0.300976 0.228272 0.35099 0.0126164
58 0.336097 0.127022 0.149981 0.224843 0.0123232
39 0.0163179 0.86979 0.0317784 0.0651493 0.0121172
56 0.828514 0.630004 0.340105 0.422243 0.0116275
56 0.157932 0.750709 0.313849 0.206392 0.0110596
57 0.123926 0.489699 0.247852 0.0944672 0.0110012
39 0.107989 0.892024 0.0589957 0.0584885 0.0103104
45 0.33569 0.993768 0.0952609 0.0124632 0.0102201
57 0.181569 0.700777 0.34298 0.237938 0.00971901
56 0.0799534 0.668515 0.158111 0.458209 0.00966215
56 0.160541 0.758118 0.315096 0.290894 0.00957528
0 0.113184 0.671825 0.225776 0.477329 0.00957149
0 0.949772 0.821525 0.0984203 0.252231 0.00956228
39 0.0355596 0.900647 0.0711193 0.101606 0.00924346
32 0.694641 0.566799 0.117089 0.110973 0.00913751
57 0.172364 0.752023 0.324006 0.346759 0.00910577
57 0.310518 0.602152 0.14099 0.127475 0.00898615
56 0.181569 0.700777 0.34298 0.237938 0.00892746
0 0.0854453 0.79331 0.169524 0.255742 0.00875971
57 0.899977 0.520656 0.198631 0.191449 0.00867376
59 0.204428 0.66756 0.408857 0.466185 0.00849634
57 0.332092 0.607429 0.0872831 0.11395 0.00816438
26 0.695455 0.566762 0.114307 0.113027 0.00806743
57 0.260001 0.682394 0.520001 0.545106 0.0079807
0 0.981944 0.924149 0.0357107 0.0429911 0.0078561
41 0.0334831 0.920442 0.0651539 0.0410534 0.00784317
57 0.146665 0.777549 0.289987 0.219405 0.00770685
57 0.211539 0.729937 0.423078 0.262414 0.0077019
57 0.141672 0.514459 0.283344 0.160886 0.00760984
57 0.135095 0.543272 0.270189 0.234798 0.00733066
56 0.0425467 0.663724 0.084349 0.463219 0.00727448
57 0.516347 0.607549 0.535548 0.13989 0.007103
0 0.0799534 0.668515 0.158111 0.458209 0.00694877
0 0.327307 0.696378 0.204202 0.322683 0.00677261
57 0.911175 0.594499 0.17748 0.336179 0.00638184
0 0.930495 0.755938 0.136675 0.287292 0.00634235
57 0.323214 0.691335 0.190582 0.310519 0.00602072
39 0.0294174 0.908212 0.0582234 0.0710735 0.00596145
56 0.0420862 0.453886 0.0834992 0.0368307 0.00589108
39 0.118322 0.885296 0.0518441 0.0544207 0.00584352
57 0.728609 0.623074 0.231888 0.421766 0.00577042
58 0.283925 0.295222 0.188859 0.259842 0.00576186
0 0.828733 0.63631 0.338293 0.426347 0.00567722
0 0.966808 0.824693 0.0640737 0.238081 0.00551465
57 0.911426 0.665781 0.175064 0.380373 0.00548345
58 0.333318 0.231311 0.165778 0.284816 0.00546598
64 0.331604 0.993403 0.0827936 0.0131937 0.00528967
65 0.331604 0.993403 0.0827936 0.0131937 0.00512227
56 0.138211 0.797008 0.272987 0.24119 0.00510216
57 0.225645 0.834572 0.376476 0.234575 0.00483745
57 0.833922 0.47017 0.328729 0.100008 0.00471568
58 0.373273 0.17211 0.0688765 0.122042 0.00469923
57 0.319182 0.59977 0.104406 0.114787 0.00445592
57 0.2058 0.698805 0.363684 0.317444 0.00445053
0 0.146665 0.777549 0.289987 0.219405 0.00441033
67 0.291447 0.519813 0.0885092 0.0348146 0.00429958
56 0.234597 0.683425 0.32009 0.348131 0.00421697
41 0.345498 0.991646 0.0870389 0.0162272 0.00420907
57 0.154563 0.780253 0.2744 0.151886 0.00406408
57 0.931958 0.497081 0.134544 0.139746 0.00401211
57 0.3382 0.597195 0.182745 0.138398 0.0039894
0 0.968822 0.854111 0.0614616 0.0644447 0.00376636
58 0.327682 0.300124 0.0848274 0.144012 0.00375292
57 0.194997 0.766235 0.374954 0.130132 0.00372258
56 0.827655 0.735736 0.333375 0.217412 0.00339144
57 0.267279 0.68873 0.326701 0.338546 0.00337517
56 0.307148 0.602165 0.134818 0.126868 0.00334588
59 0.0419719 0.485199 0.0835157 0.0995296 0.00333619
57 0.371471 0.603725 0.24297 0.126596 0.00325111
57 0.142668 0.810239 0.255007 0.250174 0.0032208
0 0.19109 0.617463 0.377401 0.429634 0.00320932
56 0.19609 0.636055 0.309005 0.270028 0.00319749
57 0.0948135 0.792709 0.0615166 0.0838391 0.00315583
0 0.968338 0.861204 0.0623515 0.16625 0.00302908
56 0.154563 0.780253 0.2744 0.151886 0.00299251
24 0.783363 0.790449 0.137608 0.108481 0.00299239
0 0.910508 0.598301 0.17814 0.263459 0.00298503
57 0.485305 0.662712 0.530694 0.253521 0.00298381
41 0.33993 0.987595 0.0997993 0.0248096 0.00286317
57 0.20574 0.79465 0.385702 0.152402 0.00285617
58 0.283598 0.365765 0.128009 0.101218 0.00280812
56 0.516347 0.607549 0.535548 0.13989 0.00276488
56 0.211539 0.729937 0.423078 0.262414 0.00271612
57 0.0854453 0.79331 0.169524 0.255742 0.00264078
56 0.148595 0.77912 0.192099 0.125719 0.00261524
0 0.968369 0.782645 0.0619937 0.223454 0.0024865
0 0.912533 0.658988 0.173765 0.103319 0.00245786
26 0.932055 0.880169 0.0614738 0.0673805 0.00244632
60 0.115125 0.963839 0.225774 0.0712664 0.00241956
65 0.338618 0.991583 0.0984517 0.0168335 0.00233918
45 0.045714 0.966258 0.0901923 0.0673538 0.00229269
0 0.0397159 0.748491 0.0794319 0.166173 0.00228709
0 0.73341 0.522575 0.210822 0.224007 0.00225526
57 0.206599 0.64071 0.413198 0.290092 0.00221151
24 0.839159 0.865214 0.118756 0.0516758 0.00218084
57 0.236473 0.762319 0.104813 0.071723 0.00213113
39 0.0332121 0.917548 0.0658228 0.0498436 0.00211853
57 0.0466907 0.781799 0.0922743 0.236623 0.00210714
57 0.912792 0.618665 0.173582 0.178776 0.00209248
58 0.354884 0.175303 0.107985 0.13127 0.00206786
39 0.111635 0.9055 0.0520351 0.0889942 0.00202575
77 0.695455 0.566762 0.114307 0.113027 0.00200826
56 0.123926 0.489699 0.247852 0.0944672 0.00197124
0 0.690151 0.553465 0.122781 0.140551 0.00189865
24 0.695455 0.566762 0.114307 0.113027 0.00189385
57 0.135543 0.482888 0.271085 0.133595 0.00187057
41 0.11377 0.986699 0.0489786 0.0255424 0.00185314
0 0.967407 0.841717 0.0646495 0.0898638 0.00183424
0 0.0418011 0.45399 0.08343 0.0379665 0.00183421
59 0.543875 0.634951 0.91072 0.421226 0.00179368
56 0.3382 0.597195 0.182745 0.138398 0.00179094
57 0.11257 0.830386 0.0962181 0.17019 0.00177246
59 0.0799534 0.668515 0.158111 0.458209 0.00176442
56 0.042818 0.553347 0.0851775 0.234889 0.00175759
56 0.371471 0.603725 0.24297 0.126596 0.00174513
58 0.335359 0.201667 0.152794 0.0735353 0.00173402
64 0.338618 0.991583 0.0984517 0.0168335 0.00173208
28 0.783363 0.790449 0.137608 0.108481 0.00172576
45 0.338618 0.991583 0.0984517 0.0168335 0.00170234
57 0.220269 0.762103 0.0738731 0.0708347 0.00168157
0 0.135885 0.615889 0.268352 0.439783 0.00166363
39 0.0467244 0.916311 0.0934489 0.147952 0.00165638
57 0.191255 0.585904 0.38251 0.189599 0.00164431
58 0.364807 0.1189 0.0877673 0.218699 0.00163674
56 0.332092 0.607429 0.0872831 0.11395 0.00160712
60 0.244072 0.679012 0.488144 0.51277 0.00159982
59 0.0443925 0.664269 0.0884577 0.459613 0.00159118
27 0.695455 0.566762 0.114307 0.113027 0.00158921
0 0.912694 0.657672 0.173977 0.258925 0.00158918
75 0.031698 0.918202 0.0619503 0.0506689 0.00156587
39 0.108671 0.884907 0.0666924 0.0486675 0.00154024
73 0.151202 0.981027 0.140265 0.0378464 0.00153112
41 0.107946 0.929659 0.0650587 0.132596 0.00150728
56 0.570601 0.627314 0.858447 0.426614 0.00150397
0 0.935651 0.583892 0.128339 0.111429 0.00149295
57 0.22901 0.666115 0.281652 0.374056 0.00148851
67 0.932939 0.880452 0.0628349 0.0674721 0.00148779
58 0.439849 0.233704 0.497203 0.410837 0.00147718
57 0.306481 0.576527 0.137448 0.178914 0.00145376
56 0.0962783 0.793076 0.0648995 0.0860734 0.00142598
58 0.320272 0.321735 0.0970949 0.120328 0.00141433
58 0.310004 0.210173 0.0981323 0.0866711 0.00141066
56 0.474756 0.692394 0.948522 0.501998 0.001398
60 0.160842 0.961228 0.27581 0.0736958 0.00137767
0 0.324382 0.50638 0.110675 0.293839 0.00137496
0 0.94337 0.561183 0.112966 0.062937 0.00137344
0 0.951183 0.869796 0.0976344 0.150144 0.00136665
58 0.332424 0.17995 0.148908 0.136927 0.00135717
58 0.365254 0.111506 0.0677863 0.118224 0.00135508
58 0.307004 0.400972 0.270525 0.611958 0.00135285
56 0.194997 0.766235 0.374954 0.130132 0.00135002
56 0.304421 0.687822 0.249677 0.338117 0.00134504
59 0.0406078 0.454061 0.0809431 0.0378393 0.0013448
0 0.968589 0.811613 0.0618642 0.15177 0.00133711
29 0.693367 0.591669 0.117015 0.0618759 0.00130481
56 0.326128 0.689392 0.652256 0.472765 0.00128284
0 0.699772 0.540843 0.151968 0.164802 0.00126961
0 0.969027 0.884859 0.0615768 0.118662 0.00126609
57 0.355537 0.660076 0.701428 0.496734 0.00125077
65 0.238992 0.508117 0.0700281 0.023642 0.00124007
57 0.293128 0.827215 0.249331 0.276748 0.0012311
41 0.0473802 0.921724 0.0324909 0.032515 0.0012154
67 0.331604 0.993403 0.0827936 0.0131937 0.00121379
63 0.487704 0.950725 0.345389 0.0962406 0.00121003
60 0.434039 0.688903 0.868078 0.529031 0.00120422
65 0.932939 0.880452 0.0628349 0.0674721 0.00120375
56 0.269427 0.589847 0.0630693 0.10641 0.00120077
0 0.951905 0.892502 0.0954099 0.103092 0.00120071
59 0.0400653 0.498919 0.0792103 0.061684 0.00119439
59 0.113184 0.671825 0.225776 0.477329 0.00119036
56 0.0430181 0.499433 0.0843883 0.0629677 0.0011732
65 0.0338623 0.91721 0.0631555 0.0466105 0.001138
58 0.375691 0.199469 0.0626912 0.0691238 0.00113463
26 0.345245 0.316726 0.0473295 0.10644 0.00110671
58 0.337052 0.314621 0.0637203 0.111793 0.00108546
57 0.242354 0.733894 0.123023 0.128617 0.00107518
56 0.306481 0.576527 0.137448 0.178914 0.00106964
57 0.09346 0.779071 0.0613969 0.118279 0.00106159
58 0.322187 0.217823 0.124492 0.104562 0.00105071
58 0.373381 0.307834 0.37359 0.405544 0.00104716
0 0.902334 0.665321 0.145024 0.0852062 0.00103843
41 0.112114 0.982117 0.0543741 0.0338318 0.00103417
0 0.00952044 0.591723 0.0190409 0.182847 0.00103253
75 0.0294174 0.908212 0.0582234 0.0710735 0.00103068
56 0.113847 0.788083 0.0982215 0.111268 0.00102136
59 0.123926 0.489699 0.247852 0.0944672 0.00102076
57 0.0420076 0.487933 0.0834563 0.0555157 0.00101754
