16 0.182895 0.534049 0.18423 0.290423 0.906605
36 0.706626 0.534211 0.18765 0.51645 0.893935
0 0.812872 0.820034 0.283232 0.0954582 0.0953844
31 0.706775 0.534468 0.185297 0.518134 0.0669149
0 0.833328 0.8816 0.327 0.218054 0.0357868
16 0.409673 0.560158 0.168979 0.180614 0.010075
37 0.706775 0.534468 0.185297 0.518134 0.00931844
16 0.833178 0.880209 0.324817 0.217114 0.0091145
24 0.813696 0.822327 0.285749 0.10055 0.00812495
0 0.754746 0.812244 0.165686 0.0799645 0.00667596
24 0.824043 0.875867 0.308093 0.207747 0.00450408
56 0.0833259 0.473208 0.0762337 0.235951 0.00414699
60 0.476344 0.769106 0.941432 0.439117 0.00407282
0 0.81563 0.844964 0.286077 0.146394 0.00340685
16 0.8132 0.821013 0.284326 0.0978792 0.00313312
65 0.706775 0.534468 0.185297 0.518134 0.00294256
34 0.706775 0.534468 0.185297 0.518134 0.00218296
24 0.81563 0.844964 0.286077 0.146394 0.00215703
56 0.0315513 0.529393 0.0626358 0.120043 0.00184137
56 0.0612933 0.489444 0.121112 0.203362 0.00161877
56 0.0849775 0.532272 0.0767345 0.112988 0.00155109
43 0.706775 0.534468 0.185297 0.518134 0.00141716
56 0.0604758 0.529588 0.120061 0.123614 0.00141713
43 0.420588 0.376316 0.0296487 0.185575 0.00109035
15 0.833178 0.880209 0.324817 0.217114 0.0010902
36 0.776776 0.531977 0.0909811 0.467962 0.00103343
56 0.833792 0.880347 0.327248 0.216331 0.00102255
75 0.706775 0.534468 0.185297 0.518134 0.00101185
30 0.705831 0.534732 0.184747 0.514812 0.00100777
