0 0.629452 0.533703 0.550788 0.909273 0.953058
27 0.658323 0.771276 0.148965 0.435831 0.888198
55 0.769398 0.821644 0.273967 0.337213 0.878857
40 0.448399 0.0804747 0.196232 0.156495 0.316783
27 0.65775 0.647271 0.148848 0.187022 0.0304927
67 0.827854 0.321195 0.0343771 0.0700358 0.0175493
60 0.474293 0.44914 0.933769 0.898279 0.015366
42 0.402693 0.780851 0.0612195 0.202314 0.0141806
40 0.447496 0.370153 0.198124 0.740306 0.0139337
27 0.649361 0.840804 0.0628977 0.299992 0.012201
55 0.771714 0.75712 0.239022 0.198843 0.0113844
41 0.779257 0.624121 0.0548746 0.0879072 0.0113135
42 0.834023 0.38168 0.0483829 0.195118 0.00923753
43 0.401796 0.776539 0.0622555 0.198245 0.00677747
42 0.415113 0.780941 0.0404442 0.194769 0.00624356
42 0.828123 0.319809 0.0326679 0.0679901 0.00614882
42 0.399634 0.747068 0.0611059 0.137173 0.00593221
67 0.82792 0.363054 0.037579 0.155906 0.0053362
44 0.403331 0.780223 0.0607082 0.202967 0.00528812
60 0.744324 0.816486 0.474905 0.344334 0.00509652
75 0.198619 0.314127 0.361499 0.619638 0.00371975
61 0.198461 0.312356 0.358617 0.616244 0.00289169
43 0.415113 0.780941 0.0404442 0.194769 0.00286105
40 0.447599 0.204922 0.197414 0.405554 0.00275835
44 0.415113 0.780941 0.0404442 0.194769 0.00254154
45 0.198619 0.314127 0.361499 0.619638 0.00250855
75 0.448024 0.0754935 0.196479 0.148224 0.00244364
60 0.316082 0.491089 0.622557 0.982178 0.00235602
42 0.410478 0.786973 0.0534984 0.174657 0.002314
44 0.198619 0.314127 0.361499 0.619638 0.00226957
41 0.402264 0.775871 0.0638005 0.196149 0.00226432
65 0.402264 0.775871 0.0638005 0.196149 0.00208926
42 0.831821 0.396052 0.0400234 0.159812 0.00205046
41 0.448458 0.07492 0.19659 0.146826 0.00202915
60 0.645952 0.817014 0.697393 0.34959 0.00194424
27 0.654898 0.799764 0.0606695 0.207079 0.00191706
42 0.826705 0.37754 0.0386539 0.186079 0.00157419
45 0.447543 0.077958 0.197177 0.152765 0.00154543
64 0.198619 0.314127 0.361499 0.619638 0.00151479
67 0.403331 0.780223 0.0607082 0.202967 0.00146666
55 0.768945 0.919652 0.275394 0.147851 0.00134453
27 0.652714 0.805091 0.0762468 0.373976 0.00134125
60 0.195842 0.491918 0.381823 0.980952 0.00124878
55 0.779257 0.624121 0.0548746 0.0879072 0.00119096
71 0.198619 0.314127 0.361499 0.619638 0.00114465
44 0.399634 0.747068 0.0611059 0.137173 0.00111383
0 0.845566 0.573178 0.11949 0.563436 0.00104001
65 0.415113 0.780941 0.0404442 0.194769 0.00101811
