55 0.486506 0.346899 0.557722 0.691291 0.968804
42 0.784671 0.635897 0.261463 0.718394 0.964087
60 0.480162 0.49372 0.957005 0.984573 0.290216
60 0.183873 0.487711 0.366557 0.967815 0.0156997
44 0.785178 0.636276 0.262126 0.71795 0.0120122
60 0.850082 0.149489 0.298946 0.29571 0.00787488
60 0.529159 0.150908 0.938927 0.300414 0.00676137
60 0.184074 0.321244 0.365039 0.637931 0.00633079
22 0.785458 0.635346 0.262266 0.715333 0.00510025
60 0.461224 0.304822 0.916494 0.609645 0.00291449
14 0.785178 0.636276 0.262126 0.71795 0.00252444
30 0.785178 0.636276 0.262126 0.71795 0.00175276
42 0.839185 0.460752 0.15106 0.365166 0.00148517
69 0.785178 0.636276 0.262126 0.71795 0.00142294
43 0.785178 0.636276 0.262126 0.71795 0.00141186
73 0.486024 0.348567 0.558211 0.691159 0.00135967
60 0.0474131 0.864815 0.0932659 0.257346 0.00133491
50 0.785178 0.636276 0.262126 0.71795 0.00120455
