72 0.414424 0.725459 0.150259 0.528049 0.930194
0 0.73195 0.763095 0.0895463 0.456522 0.900095
69 0.146289 0.832378 0.209825 0.317289 0.876939
0 0.581684 0.71325 0.137972 0.555609 0.83718
74 0.733417 0.308808 0.0394768 0.0810056 0.81551
26 0.750746 0.770974 0.0330528 0.103286 0.513824
69 0.414071 0.728712 0.148668 0.532048 0.317921
69 0.509988 0.803313 0.0479691 0.349151 0.258983
71 0.0377993 0.677214 0.0755264 0.0988398 0.205658
26 0.611212 0.849231 0.044718 0.272167 0.165612
72 0.585224 0.616163 0.158649 0.574353 0.144144
26 0.746329 0.769074 0.0431883 0.120226 0.137721
71 0.0375121 0.703541 0.0748542 0.16393 0.13018
25 0.611299 0.85109 0.0439043 0.266871 0.118296
72 0.584529 0.505848 0.154688 0.357978 0.0885771
45 0.0900988 0.752431 0.0400726 0.0629812 0.0632391
69 0.0379952 0.704563 0.0749193 0.166643 0.0499242
72 0.613487 0.658648 0.098589 0.511138 0.0474142
69 0.509039 0.834375 0.0416992 0.275495 0.0465707
71 0.0364182 0.695921 0.0724312 0.102904 0.0448003
72 0.614085 0.545935 0.0945581 0.281814 0.0378903
69 0.146636 0.913733 0.20524 0.162995 0.0377467
45 0.417715 0.424865 0.0477388 0.0422403 0.0367232
45 0.513655 0.595998 0.0304627 0.0525615 0.0319746
45 0.512062 0.600787 0.0257696 0.0428215 0.0309671
71 0.029709 0.745192 0.0594181 0.077484 0.0285975
45 0.101097 0.706139 0.0561623 0.106712 0.0261339
71 0.0352255 0.727392 0.070451 0.11726 0.0251235
45 0.250206 0.700261 0.0498821 0.094223 0.0249267
39 0.0631303 0.614645 0.0119712 0.048516 0.0241022
69 0.509347 0.710874 0.0453204 0.154948 0.023854
71 0.0375906 0.655906 0.074862 0.0629022 0.0194086
68 0.0373713 0.677244 0.0746341 0.105867 0.0187583
45 0.306236 0.723717 0.0680832 0.0612039 0.0170974
41 0.0896228 0.751661 0.0410194 0.06373 0.0160757
69 0.509395 0.658015 0.0444426 0.0540314 0.0151403
45 0.539065 0.606095 0.0214516 0.0336869 0.0124304
47 0.6413 0.662955 0.0191446 0.0352276 0.0122759
56 0.505994 0.810835 0.0379589 0.285629 0.0111887
41 0.512062 0.600787 0.0257696 0.0428215 0.0109483
45 0.514136 0.609845 0.0314151 0.0503821 0.0106063
39 0.064694 0.61497 0.0173218 0.0486938 0.0103939
45 0.303013 0.712398 0.0587419 0.0424041 0.0101913
69 0.584692 0.506215 0.154753 0.353143 0.00995767
69 0.507328 0.75044 0.040836 0.187332 0.00945708
69 0.548682 0.768561 0.127131 0.417076 0.00900361
41 0.514128 0.595028 0.0312822 0.0527174 0.00821114
39 0.845931 0.569532 0.0160278 0.0612726 0.00810707
45 0.615168 0.370102 0.0932631 0.0796854 0.00789556
45 0.615058 0.388554 0.0844455 0.0380763 0.00761148
68 0.0375121 0.703541 0.0748542 0.16393 0.00752926
72 0.647289 0.793414 0.0553727 0.240429 0.00734553
71 0.0451869 0.719677 0.0903738 0.143439 0.00657433
70 0.101192 0.707404 0.0562022 0.107919 0.00617021
53 0.639237 0.683794 0.0338692 0.0112476 0.0060994
41 0.0631303 0.614645 0.0119712 0.048516 0.00566989
41 0.0649668 0.61524 0.0170326 0.0476758 0.00563127
41 0.845931 0.569532 0.0160278 0.0612726 0.00560215
72 0.633168 0.541474 0.0547812 0.275982 0.0055635
68 0.615427 0.368329 0.0935301 0.0784954 0.00548214
69 0.506625 0.790897 0.0388031 0.250443 0.00525829
69 0.61629 0.543985 0.0911911 0.27913 0.00502622
52 0.6413 0.662955 0.0191446 0.0352276 0.00502428
74 0.808917 0.542987 0.0196537 0.0893404 0.00500873
69 0.646198 0.795807 0.0488585 0.235247 0.00498888
45 0.298157 0.709613 0.04622 0.0332136 0.00486028
52 0.639237 0.683794 0.0338692 0.0112476 0.00481847
69 0.615478 0.369684 0.0911152 0.0746251 0.00475773
45 0.849065 0.612664 0.0446684 0.0446359 0.00471914
26 0.762242 0.839743 0.0581936 0.107161 0.00464895
51 0.6413 0.662955 0.0191446 0.0352276 0.00451106
39 0.640052 0.662691 0.0218 0.0388004 0.00437039
45 0.63775 0.683378 0.0382548 0.011639 0.00430435
39 0.0603205 0.615452 0.0163796 0.0478792 0.00424144
39 0.634109 0.649684 0.0112556 0.0316825 0.00420624
73 0.63775 0.683378 0.0382548 0.011639 0.004143
45 0.250644 0.680312 0.0489509 0.0580476 0.004132
26 0.6128 0.765173 0.043295 0.0951895 0.0039582
39 0.870197 0.589825 0.00956917 0.0535648 0.00381944
70 0.513655 0.595998 0.0304627 0.0525615 0.00379917
69 0.0377509 0.676384 0.0755018 0.110749 0.00374252
26 0.748981 0.783954 0.0386858 0.123542 0.00370634
49 0.6413 0.662955 0.0191446 0.0352276 0.00359049
45 0.525558 0.604087 0.0437438 0.0499994 0.00349221
71 0.648668 0.690427 0.0563691 0.0192412 0.00323328
41 0.101813 0.714703 0.058181 0.12302 0.00312921
53 0.643975 0.687364 0.0441435 0.0162522 0.00305349
69 0.586621 0.620624 0.159534 0.587483 0.00304562
70 0.512062 0.600787 0.0257696 0.0428215 0.00301555
41 0.539065 0.606095 0.0214516 0.0336869 0.00297397
24 0.750353 0.773976 0.0345047 0.098205 0.00292337
41 0.0603205 0.615452 0.0163796 0.0478792 0.00291604
56 0.509991 0.834812 0.0412395 0.268784 0.00286967
69 0.532516 0.773644 0.0964582 0.380214 0.00284475
56 0.76303 0.846869 0.0573882 0.0880847 0.00282159
41 0.0971644 0.735466 0.0476905 0.09163 0.00276044
39 0.74988 0.769131 0.0339184 0.105173 0.00266314
74 0.811388 0.541803 0.0253559 0.0997064 0.00260562
70 0.249967 0.700304 0.0496223 0.0932927 0.00259745
39 0.641941 0.653643 0.0180458 0.0439539 0.00256383
26 0.758165 0.806965 0.0569115 0.168007 0.00256261
47 0.634109 0.649684 0.0112556 0.0316825 0.00254762
41 0.6413 0.662955 0.0191446 0.0352276 0.00254032
69 0.615398 0.673804 0.110875 0.542468 0.00251809
56 0.509843 0.803021 0.0476036 0.348715 0.00245816
69 0.512839 0.859279 0.037999 0.249776 0.00242171
39 0.0905696 0.752306 0.038884 0.0620233 0.00235254
46 0.639237 0.683794 0.0338692 0.0112476 0.00232849
41 0.765809 0.722838 0.0201708 0.0366745 0.00231314
71 0.509647 0.660164 0.0453812 0.0522267 0.00228265
69 0.643735 0.855944 0.0384747 0.114698 0.00228131
24 0.611212 0.849231 0.044718 0.272167 0.00223404
43 0.639237 0.683794 0.0338692 0.0112476 0.00221574
45 0.0864452 0.752879 0.0533281 0.0715382 0.00212452
72 0.657347 0.627433 0.303592 0.588717 0.00211877
69 0.510391 0.650209 0.0445761 0.0437904 0.00208378
75 0.845765 0.569649 0.0154751 0.0619715 0.0020808
68 0.584692 0.506215 0.154753 0.353143 0.00206268
73 0.643975 0.687364 0.0441435 0.0162522 0.00203943
69 0.633168 0.541474 0.0547812 0.275982 0.00203034
45 0.0971644 0.735466 0.0476905 0.09163 0.00202256
45 0.538395 0.599473 0.0232617 0.0326422 0.00201431
45 0.634193 0.683328 0.0469047 0.0335165 0.00200617
46 0.643975 0.687364 0.0441435 0.0162522 0.00196445
40 0.845765 0.569649 0.0154751 0.0619715 0.00196129
73 0.031794 0.744925 0.0635879 0.0784434 0.0019567
24 0.746329 0.769074 0.0431883 0.120226 0.00191984
51 0.63775 0.683378 0.0382548 0.011639 0.00189039
0 0.610946 0.851384 0.0436653 0.266933 0.00188825
45 0.412518 0.42894 0.0588229 0.045004 0.00186247
56 0.508535 0.728142 0.0431607 0.178836 0.00185883
71 0.643975 0.687364 0.0441435 0.0162522 0.0018504
26 0.60811 0.776381 0.0369043 0.114583 0.00184932
48 0.6413 0.662955 0.0191446 0.0352276 0.00182354
26 0.626004 0.764369 0.0195856 0.0809128 0.0018127
46 0.6413 0.662955 0.0191446 0.0352276 0.00180605
69 0.147025 0.773245 0.207179 0.199896 0.0017786
71 0.639237 0.683794 0.0338692 0.0112476 0.00177488
45 0.0373977 0.678785 0.0738852 0.0931064 0.00176525
45 0.294127 0.685973 0.0450932 0.0404241 0.00171664
28 0.749319 0.7677 0.0387535 0.11014 0.00170889
69 0.514456 0.892353 0.0359347 0.128089 0.00170091
43 0.643975 0.687364 0.0441435 0.0162522 0.0016731
72 0.508462 0.825176 0.0418337 0.295963 0.00166029
45 0.590319 0.352808 0.0228485 0.0299189 0.00156736
26 0.626982 0.778823 0.0167469 0.0513744 0.00152588
72 0.632165 0.671461 0.0891156 0.483313 0.00152457
56 0.643505 0.855047 0.0382095 0.117923 0.00148851
68 0.509395 0.658015 0.0444426 0.0540314 0.00148815
69 0.495194 0.811235 0.0785614 0.357125 0.00147262
63 0.031794 0.744925 0.0635879 0.0784434 0.00146535
51 0.634109 0.649684 0.0112556 0.0316825 0.0014573
71 0.510391 0.650209 0.0445761 0.0437904 0.00143787
72 0.615478 0.369684 0.0911152 0.0746251 0.00143594
69 0.567421 0.743926 0.163102 0.459759 0.00140703
45 0.584603 0.354966 0.0247828 0.0329892 0.0014056
69 0.643302 0.771648 0.0579403 0.285069 0.00138927
72 0.642559 0.71363 0.0643753 0.401871 0.00138867
52 0.643975 0.687364 0.0441435 0.0162522 0.00135899
45 0.602349 0.362398 0.059039 0.0357349 0.00135392
55 0.6413 0.662955 0.0191446 0.0352276 0.00131047
45 0.29487 0.693604 0.0468313 0.053201 0.0013051
53 0.6413 0.662955 0.0191446 0.0352276 0.00129655
47 0.641941 0.653643 0.0180458 0.0439539 0.00126219
73 0.634193 0.683328 0.0469047 0.0335165 0.00124705
56 0.511248 0.785858 0.037878 0.16667 0.00124466
46 0.640112 0.667782 0.0244026 0.0330392 0.00124076
45 0.643975 0.687364 0.0441435 0.0162522 0.00122869
39 0.848701 0.569043 0.022493 0.0660102 0.00122473
43 0.634193 0.683328 0.0469047 0.0335165 0.00121674
13 0.76303 0.846869 0.0573882 0.0880847 0.00119469
41 0.634109 0.649684 0.0112556 0.0316825 0.00116602
41 0.831522 0.594089 0.0165253 0.0412015 0.00115618
45 0.585675 0.361961 0.0260851 0.0285577 0.00115195
48 0.63775 0.683378 0.0382548 0.011639 0.00113323
39 0.514128 0.595028 0.0312822 0.0527174 0.00113076
49 0.634109 0.649684 0.0112556 0.0316825 0.00107351
45 0.404772 0.456875 0.0782624 0.0284146 0.0010604
65 0.765809 0.722838 0.0201708 0.0366745 0.00104928
45 0.510391 0.650209 0.0445761 0.0437904 0.00103715
51 0.641941 0.653643 0.0180458 0.0439539 0.00103113
73 0.648668 0.690427 0.0563691 0.0192412 0.00103098
41 0.848701 0.569043 0.022493 0.0660102 0.00101778
67 0.765809 0.722838 0.0201708 0.0366745 0.00100324
