6 0.452795 0.575355 0.738588 0.285619 0.861808
2 0.937209 0.559886 0.0404034 0.0326307 0.711741
2 0.982182 0.572385 0.035458 0.0271018 0.541626
2 0.832271 0.536347 0.0389214 0.0276117 0.489032
2 0.537778 0.465761 0.0326105 0.0216003 0.367313
2 0.657675 0.480007 0.0332104 0.0181425 0.308462
2 0.797438 0.537071 0.0338497 0.0294245 0.267327
2 0.566605 0.470116 0.0185209 0.0123264 0.176924
2 0.592675 0.472634 0.0248122 0.0192777 0.151711
2 0.543018 0.467728 0.0326574 0.0186147 0.129094
2 0.793605 0.534652 0.0405968 0.0332061 0.112307
7 0.537778 0.465761 0.0326105 0.0216003 0.110031
2 0.812051 0.493414 0.0267326 0.0173078 0.101044
2 0.64337 0.480315 0.0213749 0.0175399 0.0998787
2 0.795606 0.527362 0.0334423 0.028713 0.0995167
2 0.62485 0.479018 0.02206 0.0203919 0.0914358
2 0.61504 0.478513 0.0339999 0.0227615 0.089879
7 0.831561 0.536359 0.0410116 0.0287838 0.0806898
2 0.762437 0.524327 0.0281587 0.0240327 0.0761209
2 0.746862 0.525133 0.0562801 0.0300124 0.0747703
2 0.440506 0.47311 0.0317354 0.0198863 0.0738111
6 0.0360211 0.449394 0.0706216 0.0347347 0.0687938
2 0.437917 0.472494 0.0437792 0.021406 0.0634439
2 0.469582 0.474627 0.0132349 0.0193963 0.0577862
2 0.756248 0.836711 0.0388604 0.0279005 0.0574975
2 0.449707 0.473682 0.0535725 0.0217898 0.0537129
2 0.60855 0.478313 0.0484861 0.0260118 0.0533291
2 0.953465 0.517116 0.0248369 0.0184977 0.0479962
2 0.754703 0.48752 0.0296885 0.0136899 0.047907
7 0.937209 0.55985 0.0398956 0.0329601 0.0430396
2 0.749371 0.52072 0.0579208 0.0295435 0.0430042
2 0.609081 0.481612 0.0411446 0.0279014 0.0363365
2 0.654272 0.481679 0.0407959 0.02203 0.035768
6 0.540719 0.464753 0.0436941 0.0239377 0.0354833
2 0.765399 0.489055 0.0180272 0.0129736 0.0341696
2 0.702689 0.521536 0.0357594 0.0214479 0.0320825
2 0.751362 0.535851 0.0614994 0.0275386 0.031181
7 0.9823 0.573112 0.0353998 0.0271646 0.0282414
7 0.797438 0.537071 0.0338497 0.0294245 0.0252974
2 0.799657 0.532052 0.0368797 0.0361988 0.0231311
2 0.747667 0.532993 0.0682251 0.0361099 0.0225504
2 0.624323 0.481131 0.0264725 0.0239794 0.0222995
2 0.979102 0.495399 0.011322 0.0154294 0.0213669
2 0.59826 0.479544 0.0242184 0.0287774 0.0211627
2 0.776623 0.490261 0.0178883 0.01387 0.02016
2 0.699678 0.518373 0.0359559 0.024342 0.0195432
2 0.457401 0.474122 0.0392923 0.0209924 0.019311
2 0.796264 0.492393 0.02115 0.0147738 0.0192448
8 0.268289 0.314669 0.0497944 0.0823505 0.0144363
7 0.449707 0.473682 0.0535725 0.0217898 0.0142663
2 0.950048 0.514535 0.0317581 0.02016 0.0134219
7 0.60855 0.478313 0.0484861 0.0260118 0.0130063
7 0.592675 0.472634 0.0248122 0.0192777 0.0128412
7 0.657479 0.479223 0.034234 0.0192262 0.012134
7 0.793605 0.534652 0.0405968 0.0332061 0.0119042
2 0.541835 0.78123 0.0402483 0.0213917 0.0112518
2 0.508639 0.467958 0.0200285 0.0129162 0.0108771
2 0.856925 0.496396 0.0235043 0.0210462 0.0105305
2 0.737259 0.525899 0.0462389 0.0284324 0.0101562
7 0.437917 0.472494 0.0437792 0.021406 0.0098457
7 0.440506 0.47311 0.0317354 0.0198863 0.00955027
2 0.991279 0.496362 0.0169674 0.0184937 0.00870103
7 0.543018 0.467728 0.0326574 0.0186147 0.00864878
2 0.764284 0.529719 0.0806775 0.0347557 0.0082663
7 0.566605 0.470116 0.0185209 0.0123264 0.0081827
2 0.906566 0.71945 0.0270767 0.0211875 0.00811002
2 0.971256 0.500987 0.0243496 0.0268122 0.00794834
2 0.442343 0.47406 0.0644848 0.0247892 0.00733754
7 0.469582 0.474627 0.0132349 0.0193963 0.0072479
7 0.795606 0.527362 0.0334423 0.028713 0.00720698
7 0.744845 0.52427 0.0563377 0.0305121 0.00716034
2 0.803282 0.807062 0.0216602 0.0194172 0.00714898
6 0.0482236 0.448887 0.0592481 0.0298893 0.00705954
7 0.812051 0.493414 0.0267326 0.0173078 0.00664529
2 0.978417 0.501379 0.0121469 0.0265096 0.00653732
7 0.656723 0.482493 0.0364222 0.0222389 0.00643119
7 0.61504 0.478513 0.0339999 0.0227615 0.0062947
7 0.609081 0.481612 0.0411446 0.0279014 0.00594184
2 0.523438 0.435324 0.0313372 0.0127584 0.00589776
2 0.991058 0.502614 0.0177391 0.0215142 0.00589225
7 0.953465 0.517116 0.0248369 0.0184977 0.00587207
2 0.708289 0.837341 0.0463539 0.0230405 0.00579226
2 0.651306 0.494511 0.0494608 0.0418986 0.00572357
2 0.965735 0.501181 0.0133301 0.0261493 0.00553903
2 0.100344 0.982828 0.0551972 0.0298809 0.00531596
6 0.432302 0.47138 0.0525852 0.0222374 0.00518987
2 0.593404 0.481022 0.0318516 0.0347213 0.00508538
7 0.799657 0.532052 0.0368797 0.0361988 0.00487888
2 0.851319 0.495812 0.0303493 0.0218027 0.00481597
2 0.694936 0.518909 0.0271963 0.0215385 0.00468349
7 0.532272 0.463226 0.0438544 0.0243239 0.00458881
6 0.414367 0.469658 0.0906476 0.0245006 0.00443548
2 0.901178 0.718701 0.0391693 0.0218151 0.00443363
7 0.749371 0.52072 0.0579208 0.0295435 0.0044215
2 0.532272 0.463226 0.0438544 0.0243239 0.00435147
7 0.756248 0.836711 0.0388604 0.0279005 0.00426134
2 0.705813 0.515675 0.0368871 0.0241818 0.00423288
2 0.882238 0.501718 0.0217588 0.0209486 0.00396356
2 0.881157 0.496039 0.0219915 0.0201305 0.00394702
7 0.539361 0.464128 0.0398815 0.0264569 0.00386986
6 0.597069 0.472783 0.0247627 0.0279875 0.00385398
7 0.457401 0.474122 0.0392923 0.0209924 0.00380051
2 0.775675 0.516873 0.0500572 0.0241628 0.00358522
2 0.886464 0.718369 0.0705975 0.0251127 0.00350225
2 0.944202 0.515179 0.0266125 0.0183772 0.00338936
6 0.12013 0.422833 0.0822549 0.0265686 0.00335789
7 0.762437 0.524327 0.0281587 0.0240327 0.00333688
7 0.62485 0.479018 0.02206 0.0203919 0.00328597
6 0.236257 0.491839 0.317749 0.113921 0.00318679
7 0.754703 0.48752 0.0296885 0.0136899 0.00315219
8 0.269633 0.362405 0.0660901 0.179025 0.00311512
2 0.93519 0.509327 0.0203983 0.015915 0.00295275
2 0.555997 0.503226 0.0414578 0.0171446 0.00293288
7 0.64337 0.480315 0.0213749 0.0175399 0.00289837
6 0.442343 0.47406 0.0644848 0.0247892 0.00280911
2 0.745915 0.836913 0.0578101 0.0286046 0.00278661
2 0.0117244 0.575214 0.0183232 0.0242272 0.00272986
6 0.0429809 0.455304 0.0748801 0.0438072 0.0026826
2 0.890489 0.507396 0.00846481 0.0121332 0.00264022
6 0.375278 0.466564 0.100356 0.020978 0.00263697
2 0.539361 0.464128 0.0398815 0.0264569 0.00260365
6 0.457401 0.474122 0.0392923 0.0209924 0.00253099
5 0.537778 0.465761 0.0326105 0.0216003 0.00252813
74 0.0107311 0.575003 0.0172455 0.0240235 0.00245503
2 0.829793 0.494168 0.0153744 0.0204186 0.00243756
2 0.869262 0.716249 0.0378361 0.0220675 0.00237343
7 0.59826 0.479544 0.0242184 0.0287774 0.00229609
2 0.696481 0.520942 0.0453663 0.028531 0.00217152
2 0.597069 0.472783 0.0247627 0.0279875 0.00216159
6 0.621413 0.442683 0.0565287 0.021846 0.00211498
7 0.747667 0.532993 0.0682251 0.0361099 0.00210518
6 0.039146 0.424453 0.0699923 0.0326538 0.00208858
7 0.971256 0.500987 0.0243496 0.0268122 0.00206739
2 0.604011 0.492452 0.0511887 0.0413666 0.00205341
7 0.523438 0.435324 0.0313372 0.0127584 0.00202027
7 0.751362 0.535851 0.0614994 0.0275386 0.00192404
2 0.87504 0.495056 0.0157043 0.0214769 0.00190362
6 0.591051 0.44932 0.118426 0.038123 0.00188601
7 0.950048 0.514535 0.0317581 0.02016 0.00188109
7 0.624323 0.481131 0.0264725 0.0239794 0.00186211
2 0.796304 0.518551 0.0348906 0.024556 0.00181839
2 0.59402 0.491026 0.0490808 0.0429779 0.00164098
7 0.765399 0.489055 0.0180272 0.0129736 0.00160772
7 0.442343 0.47406 0.0644848 0.0247892 0.00159827
2 0.906189 0.517882 0.0337635 0.0126973 0.0015837
7 0.0360211 0.449394 0.0706216 0.0347347 0.00155333
6 0.442706 0.475726 0.781683 0.506715 0.00153148
2 0.982284 0.564274 0.0354319 0.0421572 0.00149679
9 0.0107311 0.575003 0.0172455 0.0240235 0.00145647
7 0.856925 0.496396 0.0235043 0.0210462 0.00145259
2 0.445172 0.478619 0.0646598 0.0312471 0.00143012
8 0.982268 0.572713 0.0354647 0.0272442 0.00142193
6 0.408127 0.464101 0.152711 0.0572228 0.00141743
6 0.128172 0.42671 0.0885118 0.0324442 0.00141376
7 0.882238 0.501718 0.0217588 0.0209486 0.00139469
6 0.192339 0.481771 0.384677 0.0997884 0.00138387
6 0.49921 0.485437 0.0591791 0.0189589 0.00136173
6 0.201285 0.483948 0.246417 0.0947718 0.00136063
7 0.796264 0.492393 0.02115 0.0147738 0.00135657
7 0.979102 0.495399 0.011322 0.0154294 0.00135201
7 0.702689 0.521536 0.0357594 0.0214479 0.00134569
7 0.699678 0.518373 0.0359559 0.024342 0.00130817
5 0.0360211 0.449394 0.0706216 0.0347347 0.00130129
7 0.776623 0.490261 0.0178883 0.01387 0.00127792
2 0.949809 0.521237 0.0321541 0.0288741 0.00126994
2 0.861599 0.715542 0.0239429 0.0171529 0.00126529
2 0.635042 0.494451 0.0896816 0.0427122 0.00124404
7 0.621314 0.44558 0.0571934 0.0272596 0.00123182
2 0.668036 0.37531 0.0155472 0.014387 0.00122091
6 0.180915 0.467051 0.229989 0.0616911 0.00120619
2 0.538137 0.477204 0.0538349 0.0402841 0.00120038
5 0.432302 0.47138 0.0525852 0.0222374 0.00119412
6 0.155846 0.472096 0.311692 0.0823257 0.00119367
2 0.621314 0.44558 0.0571934 0.0272596 0.00118431
2 0.917787 0.506619 0.0132692 0.0147282 0.00117308
7 0.653342 0.496512 0.0523228 0.0447234 0.00116664
7 0.483894 0.473775 0.102358 0.0344086 0.00115794
8 0.611382 0.3018 0.0710554 0.535172 0.00115243
6 0.134417 0.430799 0.0839906 0.0251573 0.00114527
2 0.413189 0.847264 0.0270775 0.0218961 0.00114334
7 0.764284 0.529719 0.0806775 0.0347557 0.00112677
2 0.53236 0.477544 0.0806364 0.0398038 0.00112662
7 0.508639 0.467958 0.0200285 0.0129162 0.0011237
6 0.0676278 0.453359 0.128778 0.0430769 0.00110957
0 0.469582 0.474627 0.0132349 0.0193963 0.00110868
0 0.597069 0.472783 0.0247627 0.0279875 0.00109398
7 0.881157 0.496039 0.0219915 0.0201305 0.00108716
5 0.621413 0.442683 0.0565287 0.021846 0.00107533
8 0.618104 0.186609 0.0484837 0.303471 0.00107446
2 0.621161 0.972216 0.0811832 0.054367 0.00105476
2 0.454873 0.479463 0.0457627 0.0287739 0.00103471
2 0.040109 0.452062 0.0723219 0.0361308 0.00103167
8 0.566605 0.470116 0.0185209 0.0123264 0.00103056
6 0.825681 0.397794 0.147516 0.0329604 0.00102261
8 0.537778 0.465761 0.0326105 0.0216003 0.00101423
7 0.851319 0.495812 0.0303493 0.0218027 0.0010094
