0 0.838055 0.842751 0.0716415 0.173367 0.840568
30 0.826422 0.925535 0.126131 0.0567738 0.493293
0 0.799995 0.493554 0.0549179 0.0596769 0.313926
24 0.822249 0.806837 0.0262039 0.0833936 0.246599
31 0.762275 0.584251 0.0241606 0.0320188 0.161738
30 0.858091 0.924372 0.177348 0.0517273 0.148031
24 0.828589 0.805428 0.0355038 0.0785615 0.133802
0 0.762636 0.584155 0.0238383 0.0316715 0.126877
0 0.542239 0.441217 0.0139669 0.0257748 0.0906885
24 0.816615 0.811468 0.037804 0.0773298 0.0850936
30 0.890183 0.932258 0.116351 0.0254939 0.079425
24 0.808302 0.81258 0.0198933 0.0591627 0.0748008
24 0.84141 0.795833 0.0272835 0.0446191 0.0449132
30 0.86119 0.934622 0.172932 0.0389849 0.0365752
30 0.8386 0.92803 0.109192 0.048361 0.0354551
30 0.815882 0.918637 0.0992126 0.0389565 0.03407
30 0.762504 0.583896 0.0241797 0.0332319 0.0259842
30 0.885529 0.937915 0.0948854 0.0289152 0.0209059
0 0.540116 0.442457 0.019251 0.0306973 0.0208588
30 0.877164 0.929334 0.148572 0.0348635 0.0175205
24 0.84753 0.790781 0.0369555 0.0653445 0.0174464
30 0.77955 0.916058 0.0620644 0.0343081 0.017327
31 0.800213 0.493592 0.0545807 0.0591179 0.0161377
30 0.803263 0.916024 0.0733568 0.0338375 0.0135909
0 0.788714 0.532877 0.0781702 0.14004 0.0131171
30 0.862921 0.937451 0.0611258 0.0301933 0.0115624
30 0.845102 0.934244 0.0915127 0.036696 0.0114885
30 0.768646 0.915812 0.0412796 0.0304446 0.00963107
30 0.895151 0.938287 0.147746 0.0341385 0.00927386
30 0.789394 0.913697 0.052541 0.0316114 0.00922158
24 0.762394 0.584065 0.0238853 0.031972 0.00895977
30 0.906051 0.93009 0.09529 0.0225634 0.00825042
0 0.820418 0.841186 0.0385347 0.15643 0.00812456
30 0.801107 0.492831 0.0546322 0.0580652 0.0071038
24 0.805761 0.812977 0.0299984 0.0592161 0.00675172
30 0.833592 0.916536 0.0971527 0.0495748 0.00656602
30 0.830358 0.913166 0.117882 0.0275319 0.00612393
0 0.538283 0.446164 0.0233311 0.0387839 0.00523853
24 0.850366 0.794843 0.0399704 0.0517195 0.004879
30 0.817222 0.91144 0.145296 0.0809086 0.00455987
30 0.801423 0.907279 0.0748337 0.0453723 0.00424895
26 0.840138 0.798722 0.0259377 0.0529742 0.00390938
30 0.934218 0.93619 0.0565029 0.0184024 0.0030247
30 0.752785 0.907619 0.0795534 0.0408984 0.002895
30 0.768772 0.583677 0.0361197 0.032414 0.00278896
30 0.80412 0.925618 0.0922697 0.0516912 0.00275201
30 0.837706 0.913548 0.0957096 0.0227442 0.00274846
31 0.800587 0.516045 0.0554596 0.0314281 0.00266179
24 0.798684 0.493528 0.051565 0.0586545 0.00261152
31 0.826398 0.925692 0.120575 0.056086 0.00250235
24 0.809998 0.812223 0.0388052 0.0729869 0.00240877
14 0.762394 0.584065 0.0238853 0.031972 0.00233585
33 0.762394 0.584065 0.0238853 0.031972 0.00223354
31 0.768772 0.583677 0.0361197 0.032414 0.00207496
24 0.83353 0.785145 0.049963 0.0595785 0.00202423
31 0.890183 0.932258 0.116351 0.0254939 0.00199056
30 0.777748 0.581863 0.054435 0.0290197 0.00193331
14 0.542239 0.441217 0.0139669 0.0257748 0.00190344
0 0.843441 0.80456 0.0563519 0.0943464 0.00182742
36 0.762636 0.584155 0.0238383 0.0316715 0.00178126
30 0.540116 0.442457 0.019251 0.0306973 0.00164515
30 0.872395 0.897676 0.1568 0.103279 0.00151217
30 0.751709 0.913838 0.0648935 0.0340632 0.00148189
26 0.821956 0.805893 0.0265244 0.0822057 0.00147289
31 0.756748 0.584204 0.0369316 0.0345718 0.00147116
31 0.540116 0.442457 0.019251 0.0306973 0.00142324
30 0.947598 0.938255 0.0486103 0.0190638 0.00140253
30 0.538283 0.446164 0.0233311 0.0387839 0.00135982
24 0.825905 0.783366 0.0337667 0.0579099 0.00134417
30 0.913329 0.949329 0.158171 0.0400637 0.00133878
31 0.542239 0.441217 0.0139669 0.0257748 0.00130552
26 0.830732 0.80382 0.0386322 0.0827367 0.00124824
30 0.871401 0.916402 0.133844 0.0290215 0.00124463
24 0.817107 0.84626 0.0423594 0.155724 0.00122187
16 0.800529 0.493689 0.0538916 0.0590912 0.00120309
30 0.795139 0.916088 0.168601 0.0527471 0.00120226
0 0.656357 0.313443 0.0134789 0.0385535 0.00118959
30 0.800587 0.516045 0.0554596 0.0314281 0.00117159
37 0.762394 0.584065 0.0238853 0.031972 0.00116751
31 0.85706 0.928656 0.178348 0.0394114 0.00115025
0 0.852163 0.801119 0.0421314 0.0818563 0.00114611
30 0.778454 0.906655 0.0621084 0.0430453 0.00113204
30 0.790259 0.90539 0.0803105 0.0454372 0.00111917
30 0.542239 0.441217 0.0139669 0.0257748 0.00107199
0 0.651156 0.314748 0.0246569 0.0416549 0.00105292
