14 0.819559 0.560496 0.21156 0.350526 0.933443
14 0.135129 0.178209 0.170268 0.287865 0.927309
14 0.523151 0.408839 0.155648 0.299529 0.918721
14 0.291727 0.378047 0.15689 0.337098 0.917109
14 0.48788 0.696661 0.177653 0.304351 0.901425
14 0.291277 0.609435 0.190382 0.281092 0.781118
14 0.267404 0.80889 0.157429 0.352931 0.727784
14 0.854943 0.811422 0.159299 0.283963 0.668902
14 0.292858 0.784456 0.104679 0.268548 0.171117
14 0.339444 0.61063 0.0994072 0.267879 0.0784932
47 0.854796 0.810577 0.16015 0.28093 0.0610296
14 0.235863 0.809395 0.0943241 0.339534 0.0578229
14 0.586157 0.759408 0.0314007 0.0686154 0.0245942
14 0.586186 0.794095 0.0344542 0.144204 0.0204462
47 0.293567 0.605129 0.192476 0.26843 0.0197737
47 0.575037 0.540537 0.0493764 0.040256 0.0193502
14 0.511236 0.880879 0.0989006 0.219489 0.0191139
14 0.499491 0.62769 0.142207 0.168239 0.0150214
14 0.585736 0.820236 0.0472382 0.193848 0.0081467
14 0.318551 0.60383 0.145223 0.26346 0.00804013
47 0.224849 0.576543 0.0556202 0.107379 0.00765714
47 0.572604 0.536594 0.0606712 0.0473198 0.0074344
47 0.236148 0.771204 0.0929127 0.266323 0.00652042
14 0.260338 0.777741 0.140645 0.273891 0.00522721
47 0.236154 0.573894 0.0811274 0.113999 0.00506309
14 0.575898 0.821879 0.0698184 0.198445 0.00498125
47 0.261144 0.573426 0.127957 0.119169 0.00460583
47 0.219143 0.582527 0.0453136 0.0938803 0.00408128
14 0.487107 0.757716 0.188835 0.420274 0.00300395
14 0.396675 0.817153 0.0504167 0.108413 0.00215891
14 0.42659 0.402353 0.429029 0.37383 0.00215018
47 0.278145 0.587104 0.0929135 0.165395 0.00208482
47 0.134952 0.177334 0.170056 0.286144 0.00198355
21 0.48788 0.696661 0.177653 0.304351 0.00186828
14 0.591628 0.804542 0.056445 0.179502 0.00182658
14 0.531719 0.627682 0.0770891 0.167107 0.00167668
21 0.291358 0.609865 0.191017 0.277108 0.00166062
14 0.405909 0.831229 0.0701348 0.134879 0.0015232
47 0.871637 0.651819 0.0926118 0.126145 0.00150603
14 0.410959 0.608929 0.240997 0.271406 0.00150183
14 0.808026 0.775857 0.255646 0.372166 0.00143093
14 0.586106 0.829537 0.0982424 0.214497 0.00142413
47 0.900788 0.707164 0.0460726 0.0601122 0.00139841
21 0.854943 0.811422 0.159299 0.283963 0.00138149
14 0.388872 0.79972 0.0352925 0.06908 0.00133538
14 0.809291 0.769893 0.253801 0.256379 0.00132456
14 0.236494 0.734526 0.0928994 0.202397 0.00124672
47 0.550071 0.522441 0.107059 0.0774065 0.00123745
47 0.894883 0.721575 0.0294892 0.030801 0.00122038
14 0.420168 0.868617 0.100695 0.212086 0.00116307
14 0.221144 0.246737 0.347866 0.432123 0.00113389
14 0.593473 0.764169 0.0477375 0.0930302 0.00111797
19 0.854943 0.811422 0.159299 0.283963 0.00110114
14 0.388686 0.788135 0.0310902 0.0515596 0.00109711
14 0.424893 0.727041 0.319302 0.399715 0.0010798
47 0.579204 0.529764 0.0649032 0.0640517 0.00106198
47 0.84502 0.770557 0.145557 0.154935 0.00106061
47 0.48788 0.696661 0.177653 0.304351 0.00105825
14 0.599152 0.819427 0.062014 0.202365 0.00104508
21 0.26749 0.807978 0.155631 0.34882 0.00104225
14 0.831304 0.675098 0.19973 0.556708 0.00104204
