20 0.631466 0.601051 0.724401 0.754785 0.91821
20 0.336223 0.485032 0.669219 0.954188 0.847824
0 0.081116 0.841027 0.161363 0.276953 0.013771
20 0.474477 0.500145 0.946958 0.952672 0.0106463
13 0.842003 0.233686 0.204143 0.0443281 0.00952643
20 0.978872 0.647524 0.0418699 0.372123 0.00929055
24 0.0808516 0.841658 0.161703 0.279961 0.00726047
19 0.33682 0.485064 0.673639 0.953106 0.00723261
20 0.250128 0.762254 0.156955 0.361351 0.00700551
7 0.85635 0.235391 0.232249 0.0500957 0.00672841
7 0.868129 0.281186 0.25908 0.145653 0.00632676
20 0.361668 0.773491 0.40251 0.376472 0.00551409
7 0.866824 0.25798 0.258111 0.0983156 0.00472125
20 0.0807776 0.839101 0.161555 0.27744 0.00438198
17 0.33682 0.485064 0.673639 0.953106 0.00431871
7 0.869855 0.330273 0.259832 0.245099 0.00395533
20 0.24533 0.658873 0.490603 0.59548 0.00353569
20 0.303449 0.763763 0.258148 0.362733 0.00323415
20 0.333036 0.315218 0.666072 0.613053 0.00275511
21 0.33682 0.485064 0.673639 0.953106 0.00265279
20 0.911546 0.632505 0.176908 0.339052 0.00246632
5 0.85635 0.235391 0.232249 0.0500957 0.00206926
13 0.86715 0.234982 0.254185 0.0544876 0.00206777
20 0.167196 0.711103 0.332519 0.48433 0.00204781
2 0.85635 0.235391 0.232249 0.0500957 0.00188193
7 0.866953 0.242901 0.253486 0.0711542 0.00183687
13 0.844186 0.242242 0.208546 0.0628005 0.0018239
0 0.0325989 0.92674 0.0632955 0.0922092 0.00168476
20 0.165956 0.503424 0.330598 0.89544 0.00159431
13 0.821332 0.232513 0.149843 0.0393318 0.00157586
39 0.0335651 0.926718 0.0597073 0.0871506 0.00152859
18 0.344058 0.489551 0.685159 0.95997 0.00150138
20 1 0.564093 0 0.259471 0.00124246
16 0.344058 0.489551 0.685159 0.95997 0.00107419
2 0.697158 0.270372 0.133483 0.0320556 0.00104421
