79 0.214301 0.335494 0.254479 0.167891 0.836281
71 0.600084 0.847702 0.510158 0.288456 0.620194
79 0.412119 0.41261 0.269364 0.140682 0.518482
71 0.503879 0.586783 0.970625 0.803536 0.42739
71 0.204574 0.134265 0.407593 0.256999 0.11931
0 0.220212 0.706383 0.295216 0.573021 0.0448552
46 0.0533246 0.449029 0.105003 0.275553 0.0374323
0 0.0534868 0.449596 0.105327 0.277276 0.0317014
16 0.22035 0.706486 0.297063 0.573936 0.0214796
39 0.853325 0.359527 0.148085 0.480318 0.0166463
71 0.424163 0.496849 0.848327 0.984716 0.0144437
71 0.548189 0.127935 0.345405 0.251476 0.0141166
15 0.22035 0.706486 0.297063 0.573936 0.0122378
76 0.412154 0.41226 0.270729 0.139658 0.0122056
71 0.271257 0.45143 0.525842 0.258672 0.0110026
71 0.548592 0.210306 0.342078 0.411174 0.00962448
71 0.384776 0.150321 0.768124 0.290304 0.00842118
52 0.0537692 0.448969 0.104776 0.274889 0.0083262
79 0.260523 0.452048 0.497979 0.269099 0.00820556
39 0.966071 0.253463 0.0678569 0.501087 0.00750431
14 0.0533967 0.450058 0.105501 0.277531 0.00747484
71 0.671429 0.829494 0.653202 0.320368 0.00602031
76 0.214246 0.334524 0.254455 0.171696 0.005272
79 0.447319 0.408696 0.198335 0.124734 0.00524533
71 0.378763 0.223281 0.757526 0.441047 0.00521064
18 0.220472 0.706751 0.293855 0.576852 0.00355557
79 0.129461 0.377545 0.087632 0.0823944 0.00340119
14 0.220472 0.706751 0.293855 0.576852 0.00331944
79 0.133308 0.362802 0.0983431 0.111562 0.00329119
17 0.220347 0.705444 0.294257 0.57682 0.00272718
44 0.214246 0.334524 0.254455 0.171696 0.0027166
61 0.966062 0.257444 0.0678761 0.499719 0.00265178
48 0.0537692 0.448969 0.104776 0.274889 0.00264713
15 0.0533967 0.450058 0.105501 0.277531 0.00259709
79 0.176835 0.408345 0.345144 0.325978 0.00257427
39 0.214246 0.334524 0.254455 0.171696 0.00245762
79 0.239094 0.303567 0.20681 0.109476 0.00243989
25 0.212614 0.334926 0.258834 0.170738 0.00242591
77 0.220245 0.706089 0.295502 0.575427 0.00236198
55 0.0536422 0.450217 0.104995 0.275408 0.00224429
77 0.053489 0.450379 0.105536 0.27646 0.00213131
44 0.409559 0.41148 0.273043 0.140893 0.00211701
61 0.424163 0.496849 0.848327 0.984716 0.00210154
39 0.0533246 0.449029 0.105003 0.275553 0.00207785
25 0.412815 0.411935 0.268447 0.134277 0.00206745
61 0.203314 0.134056 0.406528 0.25546 0.00204107
73 0.213966 0.335423 0.254384 0.169874 0.00202134
65 0.214246 0.334524 0.254455 0.171696 0.00194231
78 0.214246 0.334524 0.254455 0.171696 0.00193608
27 0.211662 0.334034 0.252904 0.171947 0.00190887
33 0.213966 0.335423 0.254384 0.169874 0.00189739
25 0.0533967 0.450058 0.105501 0.277531 0.00181192
79 0.272361 0.481746 0.496108 0.131469 0.00179285
41 0.853614 0.358653 0.146415 0.47824 0.00166854
79 0.271035 0.508405 0.0593467 0.0763372 0.0016022
0 0.970467 0.25284 0.059066 0.500524 0.00156191
71 0.852854 0.358188 0.148458 0.478865 0.0015209
75 0.213966 0.335423 0.254384 0.169874 0.00147563
19 0.220472 0.706751 0.293855 0.576852 0.00146738
21 0.220472 0.706751 0.293855 0.576852 0.00135776
27 0.412154 0.41226 0.270729 0.139658 0.00127307
39 0.409559 0.41148 0.273043 0.140893 0.00126481
79 0.341087 0.458285 0.130676 0.0648307 0.00126162
42 0.213966 0.335423 0.254384 0.169874 0.00124744
71 0.965226 0.261675 0.0695486 0.507345 0.00124058
16 0.0533967 0.450058 0.105501 0.277531 0.00124037
79 0.363815 0.45078 0.169953 0.0708954 0.0012354
71 0.66032 0.243414 0.627987 0.466757 0.0012233
79 0.362047 0.432224 0.159561 0.0778223 0.0012114
71 0.305774 0.292103 0.611548 0.57328 0.00119266
71 0.601193 0.763107 0.651145 0.44374 0.00116119
23 0.220472 0.706751 0.293855 0.576852 0.00110269
79 0.141334 0.393788 0.282668 0.165106 0.00109133
79 0.225911 0.370873 0.291221 0.119131 0.00107658
51 0.053489 0.450379 0.105536 0.27646 0.00107569
65 0.40886 0.411932 0.275833 0.143877 0.00107369
41 0.214246 0.334524 0.254455 0.171696 0.00105026
41 0.500223 0.307546 0.254262 0.214109 0.00102597
78 0.409559 0.41148 0.273043 0.140893 0.0010097
79 0.407861 0.430043 0.086931 0.0777818 0.00100189
79 0.363977 0.439697 0.202793 0.0700582 0.001001
