74 0.762023 0.19353 0.356865 0.382556 0.889823
75 0.724594 0.638545 0.437025 0.607167 0.632776
75 0.236364 0.772119 0.37819 0.441941 0.416978
74 0.769544 0.220476 0.250302 0.254292 0.0729089
60 0.510155 0.86111 0.979691 0.25612 0.00985062
75 0.607513 0.597326 0.198591 0.503102 0.00873652
41 0.722065 0.648976 0.440427 0.631648 0.0062035
58 0.724594 0.638545 0.437025 0.607167 0.00479305
61 0.23663 0.771967 0.378026 0.441581 0.00453496
58 0.236643 0.772165 0.37875 0.439626 0.00402918
60 0.512856 0.655005 0.968405 0.654448 0.00358987
26 0.719884 0.650605 0.43706 0.634811 0.00337008
73 0.732614 0.906754 0.388336 0.0740509 0.0030919
60 0.506531 0.506335 0.948033 0.946611 0.0029771
75 0.761017 0.195699 0.357303 0.388834 0.00290677
74 0.241534 0.599466 0.170427 0.0970676 0.00282744
22 0.761017 0.195699 0.357303 0.388834 0.00238526
39 0.721301 0.643247 0.434941 0.617995 0.00199032
28 0.713 0.863265 0.5505 0.257835 0.00184029
73 0.716909 0.865241 0.53251 0.257665 0.00161526
41 0.235817 0.772716 0.377618 0.444745 0.00160262
40 0.236643 0.772165 0.37875 0.439626 0.00159749
0 0.719884 0.650605 0.43706 0.634811 0.00152794
61 0.722065 0.648976 0.440427 0.631648 0.00151068
74 0.236363 0.771636 0.377434 0.440838 0.00122389
45 0.724594 0.638545 0.437025 0.607167 0.00120008
40 0.721301 0.643247 0.434941 0.617995 0.001176
59 0.761017 0.195699 0.357303 0.388834 0.00111279
60 0.509938 0.796735 0.980124 0.380488 0.00107518
29 0.761745 0.193664 0.356898 0.384418 0.0010255
