53 0.500039 0.526059 0.983764 0.883146 0.954489
0 0.180459 0.20498 0.359916 0.407235 0.85419
56 0.852912 0.0945904 0.224387 0.186817 0.698614
41 0.0302938 0.579925 0.0605876 0.389363 0.508999
41 0.0309902 0.636062 0.0615182 0.27609 0.196308
56 0.774085 0.0672768 0.0665298 0.132643 0.181383
40 0.939571 0.801394 0.119098 0.293304 0.171509
56 0.923037 0.0938411 0.0866919 0.181273 0.155265
41 0.0308944 0.685446 0.0613118 0.179048 0.111098
41 0.852615 0.878035 0.222233 0.229341 0.0905229
60 0.51259 0.519989 0.965957 0.930635 0.0848152
56 0.957582 0.251311 0.0837008 0.235744 0.0842818
40 0.866187 0.555187 0.266778 0.846578 0.0773457
41 0.867211 0.826768 0.254538 0.334552 0.0764798
60 0.50122 0.847824 0.991404 0.279417 0.0718297
60 0.370593 0.855908 0.739294 0.264389 0.0456857
60 0.10904 0.857 0.216361 0.265402 0.0418948
60 0.174612 0.857772 0.348345 0.263697 0.0354276
56 0.372084 0.0538934 0.0906451 0.105704 0.0334533
42 0.965124 0.893078 0.068446 0.112512 0.0327463
41 0.0124317 0.527619 0.0241794 0.300541 0.0303956
41 0.940423 0.802273 0.117266 0.290254 0.0281931
53 0.41714 0.700653 0.51738 0.535225 0.02722
56 0.895357 0.5411 0.20925 0.818555 0.0242811
56 0.822513 0.0883792 0.16313 0.175444 0.0238594
0 0.947229 0.0874557 0.105097 0.172978 0.0232178
41 0.935721 0.721804 0.100779 0.128607 0.0218518
60 0.647155 0.550261 0.702105 0.869363 0.0186273
56 0.957409 0.201686 0.0838837 0.125557 0.0166965
40 0.935105 0.724092 0.104359 0.135722 0.0152082
56 0.38623 0.0524767 0.0602493 0.103184 0.0150747
60 0.692187 0.809577 0.612602 0.360386 0.0147479
56 0.617894 0.0378257 0.0652217 0.0746996 0.0144551
56 0.936866 0.495543 0.125879 0.728843 0.0141433
53 0.346995 0.670894 0.671422 0.588574 0.0140201
41 0.0117542 0.517479 0.0232268 0.221759 0.0137084
56 0.554566 0.0590792 0.285394 0.115917 0.0116343
0 0.181193 0.369023 0.362013 0.733868 0.0114723
42 0.963241 0.86914 0.0725491 0.164156 0.0113358
40 0.86874 0.825462 0.255537 0.337688 0.0110047
56 0.657963 0.0560105 0.145741 0.11099 0.0104731
0 0.845536 0.0955968 0.104893 0.188065 0.00966102
39 0.869747 0.82531 0.25707 0.339137 0.00862545
0 0.554953 0.0589601 0.286996 0.115939 0.00811884
0 0.962475 0.0725336 0.074227 0.143021 0.00805905
56 0.957713 0.353888 0.0836309 0.441011 0.00741741
56 0.877173 0.157071 0.245654 0.308566 0.00734305
60 0.835552 0.806954 0.327431 0.364883 0.00733274
0 0.295525 0.0747643 0.131656 0.146382 0.00701135
42 0.940092 0.966121 0.113303 0.0677043 0.00700137
41 0.815625 0.879054 0.329987 0.230924 0.00686988
60 0.956314 0.477268 0.0872009 0.68809 0.00663215
41 0.00927644 0.449927 0.0180022 0.136585 0.00647995
56 0.956314 0.477268 0.0872009 0.68809 0.00647771
56 0.683064 0.0568115 0.0919599 0.112942 0.00647077
0 0.977899 0.0838706 0.0436836 0.164937 0.00646001
60 0.545309 0.940162 0.40866 0.104979 0.00569689
60 0.781543 0.559297 0.4333 0.855671 0.00562835
39 0.0309595 0.582913 0.0616259 0.382533 0.00541756
60 0.555521 0.0592556 0.286695 0.116322 0.00535822
40 0.0310231 0.641233 0.0618669 0.265958 0.00516081
42 0.946728 0.953744 0.104728 0.0925112 0.00510755
60 0.113932 0.679483 0.227269 0.609965 0.00480774
40 0.781543 0.559297 0.4333 0.855671 0.00463623
56 0.845536 0.0955968 0.104893 0.188065 0.00461769
60 0.860466 0.557658 0.278378 0.853435 0.00460956
40 0.031232 0.691024 0.0623183 0.166726 0.00451627
0 0.952203 0.0618644 0.0951435 0.122374 0.00450674
56 0.93671 0.178934 0.125421 0.357351 0.0042856
39 0.846289 0.882552 0.202916 0.221646 0.00405458
60 0.956928 0.248708 0.0844622 0.230682 0.0040409
56 0.938556 0.0950815 0.120975 0.188924 0.00402156
60 0.107487 0.767734 0.214599 0.444605 0.00398549
43 0.953368 0.474606 0.0931213 0.688672 0.00391454
42 0.337765 0.95996 0.108065 0.0560631 0.00386727
41 0.960393 0.858106 0.0789471 0.187888 0.00385776
41 0.965546 0.894038 0.067749 0.108639 0.00382841
53 0.411026 0.781694 0.526833 0.370423 0.00378799
0 0.950609 0.157049 0.0977451 0.312743 0.00364739
40 0.948704 0.717422 0.0761179 0.123454 0.00346151
63 0.868682 0.553817 0.262135 0.836455 0.00342572
41 0.0118061 0.551189 0.023396 0.142157 0.00329757
60 0.509221 0.69406 0.973563 0.585232 0.00320387
60 0.958623 0.201254 0.081592 0.127276 0.00308794
0 0.886527 0.0821306 0.225267 0.162801 0.00297061
40 0.960393 0.858106 0.0789471 0.187888 0.00282672
60 0.493474 0.240973 0.961168 0.326419 0.00277591
42 0.974546 0.847132 0.0504311 0.111446 0.0027644
40 0.0124317 0.527619 0.0241794 0.300541 0.00275835
41 0.946183 0.959587 0.104885 0.0801923 0.00275517
43 0.965124 0.893078 0.068446 0.112512 0.00274831
40 0.0309595 0.582913 0.0616259 0.382533 0.00270846
41 0.700162 0.956901 0.103955 0.0846579 0.00269073
39 0.0310231 0.641233 0.0618669 0.265958 0.00261384
0 0.981866 0.0698272 0.0354847 0.137687 0.00255087
41 0.950964 0.482987 0.0970455 0.695887 0.00254768
40 0.852615 0.878035 0.222233 0.229341 0.00247148
56 0.91068 0.0921492 0.0557116 0.165804 0.00237805
41 0.860466 0.557658 0.278378 0.853435 0.00235474
44 0.965124 0.893078 0.068446 0.112512 0.00221926
56 0.874721 0.0943937 0.15818 0.180455 0.00218055
0 0.108701 0.204172 0.215379 0.404096 0.00203255
60 0.468783 0.0637445 0.458464 0.126287 0.00202033
60 0.976962 0.693962 0.0449724 0.232294 0.00196064
60 0.494641 0.353497 0.965822 0.526359 0.00188333
41 0.554916 0.0588401 0.285089 0.116657 0.00184938
42 0.916783 0.779104 0.0700788 0.0218038 0.00183818
44 0.338462 0.960792 0.111967 0.0542651 0.00182649
43 0.338462 0.960792 0.111967 0.0542651 0.00180995
41 0.849624 0.892647 0.200309 0.172102 0.00180918
53 0.758914 0.668715 0.425917 0.459474 0.00173104
44 0.867319 0.556162 0.264401 0.842657 0.00169608
40 0.965223 0.892634 0.0686575 0.112379 0.00167429
43 0.867532 0.826425 0.255806 0.335352 0.00162423
0 0.179408 0.0822418 0.354518 0.161455 0.00159398
42 0.953368 0.474606 0.0931213 0.688672 0.00157806
40 0.939698 0.794627 0.119485 0.200874 0.00155726
56 0.879417 0.226831 0.24053 0.439865 0.00153384
41 0.975156 0.473368 0.0483839 0.664788 0.00152391
41 0.951044 0.94606 0.0969839 0.106679 0.0015156
40 0.937271 0.882306 0.122838 0.218517 0.0014993
56 0.904672 0.0924423 0.0978504 0.177969 0.00147969
56 0.322101 0.0715022 0.191158 0.14078 0.00145042
60 0.380097 0.053285 0.0736468 0.104251 0.00142488
41 0.937271 0.882306 0.122838 0.218517 0.0014087
60 0.177632 0.54366 0.350673 0.856688 0.00138283
60 0.867211 0.826768 0.254538 0.334552 0.00136751
39 0.815625 0.879054 0.329987 0.230924 0.00136626
53 0.239866 0.529059 0.460978 0.657452 0.00135189
56 0.926238 0.40974 0.146395 0.585455 0.00132611
40 0.950964 0.482987 0.0970455 0.695887 0.00132081
0 0.0779152 0.0883304 0.155361 0.17352 0.0013113
40 0.931367 0.619237 0.135494 0.738265 0.00130111
41 0.0132978 0.452345 0.02605 0.138365 0.00129265
0 0.491433 0.519923 0.975408 0.93869 0.00121555
41 0.948704 0.717422 0.0761179 0.123454 0.00120902
0 0.955123 0.465907 0.0897533 0.673035 0.00120038
60 0.936866 0.495543 0.125879 0.728843 0.00118914
39 0.940346 0.801467 0.118268 0.296067 0.0011735
41 0.948503 0.917939 0.102994 0.163236 0.00116512
56 0.958191 0.0927295 0.0825026 0.185459 0.00115684
56 0.931196 0.118203 0.0674355 0.132627 0.00114954
0 0.618466 0.036697 0.0647502 0.0733217 0.00112671
39 0.860466 0.557658 0.278378 0.853435 0.0011088
40 0.00903198 0.45117 0.0174423 0.14301 0.0010739
40 0.830305 0.793985 0.33802 0.392929 0.00106704
56 0.950609 0.157049 0.0977451 0.312743 0.00106311
57 0.554566 0.0590792 0.285394 0.115917 0.00105432
0 0.518204 0.06634 0.371242 0.13114 0.00104913
0 0.919943 0.096234 0.0930487 0.181663 0.00104699
56 0.458659 0.0773833 0.474041 0.153798 0.00103897
63 0.799649 0.559004 0.397107 0.852903 0.00103137
42 0.868106 0.557727 0.262848 0.838841 0.00101241
40 0.944463 0.824236 0.110252 0.14244 0.00100291
