0 0.201163 0.714216 0.12771 0.299139 0.834924
33 0.320746 0.464118 0.045445 0.0606615 0.188
33 0.285691 0.490448 0.243239 0.156477 0.129173
33 0.2352 0.510785 0.048698 0.0819183 0.075811
58 0.757401 0.506897 0.4831 0.401499 0.0704738
33 0.154349 0.591692 0.0372129 0.0550494 0.0601166
33 0.361336 0.459732 0.0654524 0.103663 0.0533189
33 0.243185 0.502982 0.0519556 0.0778254 0.0443685
33 0.309272 0.454548 0.0199164 0.0423372 0.0432629
33 0.326262 0.471987 0.0353493 0.049636 0.0393598
33 0.244363 0.507522 0.037034 0.0676806 0.036904
33 0.178109 0.5451 0.026058 0.0228523 0.0327593
33 0.369093 0.463888 0.0465058 0.0930893 0.0324696
30 0.154349 0.591692 0.0372129 0.0550494 0.0324298
0 0.672627 0.586617 0.0195181 0.0508924 0.0298701
33 0.314121 0.467402 0.047056 0.0669151 0.0297199
33 0.229465 0.509343 0.12372 0.118639 0.0296736
33 0.269223 0.488873 0.0542406 0.0680511 0.0276873
25 0.361511 0.459614 0.065824 0.103922 0.0257754
33 0.277265 0.49841 0.138109 0.130185 0.0256772
33 0.251396 0.505903 0.0985089 0.117407 0.0252998
33 0.24797 0.498021 0.0335748 0.0472607 0.0240647
33 0.378603 0.465821 0.0282408 0.0525159 0.0240025
25 0.285691 0.490448 0.243239 0.156477 0.0230123
33 0.209036 0.546199 0.0855565 0.0345462 0.0229618
0 0.319836 0.463099 0.0425212 0.0593006 0.0218526
33 0.28467 0.486526 0.025123 0.0604778 0.0213546
33 0.284838 0.467895 0.0246006 0.0279219 0.0212259
0 0.309272 0.454548 0.0199164 0.0423372 0.021151
34 0.155134 0.59227 0.0380629 0.0564997 0.0204045
33 0.377559 0.472314 0.0304587 0.0749496 0.0203365
33 0.233106 0.522503 0.046912 0.0619354 0.0200624
58 0.673826 0.0952518 0.348085 0.124845 0.0194808
25 0.364484 0.438718 0.0602069 0.0612156 0.0194384
33 0.363741 0.43858 0.0594225 0.0596531 0.0188941
0 0.377921 0.474462 0.0297722 0.0715883 0.0186501
26 0.190132 0.719259 0.0202682 0.0809319 0.0185967
33 0.219699 0.518299 0.108568 0.0978133 0.0181862
58 0.281021 0.487806 0.232514 0.163491 0.0178952
33 0.289389 0.468301 0.0290834 0.0369322 0.0178732
0 0.37106 0.481452 0.0157122 0.0551106 0.0168644
33 0.290383 0.471106 0.0185029 0.0305754 0.0168225
33 0.197747 0.547143 0.0633294 0.0273998 0.0168081
33 0.343909 0.459065 0.103132 0.0976369 0.0168067
58 0.745123 0.637953 0.0294584 0.0579633 0.0145388
33 0.220837 0.526359 0.0171318 0.0404968 0.0144505
0 0.378603 0.465821 0.0282408 0.0525159 0.0140063
33 0.199016 0.542294 0.0661919 0.0432011 0.0139169
33 0.377901 0.456167 0.0280014 0.0375299 0.0133136
33 0.301669 0.47575 0.0849802 0.082458 0.0129427
2 0.992027 0.676986 0.0144388 0.0321126 0.0124609
45 0.514804 0.346557 0.0751863 0.0581836 0.0122645
33 0.349798 0.441508 0.0301223 0.0519714 0.0116847
33 0.209737 0.533388 0.0505787 0.0593149 0.0113826
33 0.246609 0.490902 0.0389254 0.0503709 0.0111772
58 0.790076 0.435846 0.416235 0.254401 0.0109398
0 0.290383 0.471106 0.0185029 0.0305754 0.0103616
0 0.314121 0.467402 0.047056 0.0669151 0.00993928
25 0.675121 0.0984598 0.347688 0.128182 0.00965819
38 0.154349 0.591692 0.0372129 0.0550494 0.00942302
33 0.214437 0.554177 0.0351336 0.0241669 0.00925413
67 0.155413 0.592031 0.0400616 0.0573471 0.00912693
33 0.37106 0.481452 0.0157122 0.0551106 0.00800613
33 0.344739 0.429168 0.0182195 0.0259684 0.00762531
36 0.234987 0.81735 0.0175795 0.0824656 0.00754964
58 0.746002 0.645531 0.0356751 0.0742274 0.00721827
0 0.755694 0.330312 0.0114392 0.0222937 0.00700328
14 0.309272 0.454548 0.0199164 0.0423372 0.00682995
58 0.403727 0.270163 0.0755749 0.105705 0.00681132
56 0.514908 0.368734 0.0798862 0.0983554 0.00657597
0 0.283039 0.487743 0.0250279 0.0636937 0.00654197
58 0.885773 0.439887 0.225124 0.264051 0.00639102
0 0.326262 0.471987 0.0353493 0.049636 0.00611126
36 0.155413 0.592031 0.0400616 0.0573471 0.0060631
33 0.224071 0.546091 0.0412849 0.0474475 0.00574806
14 0.319836 0.463099 0.0425212 0.0593006 0.00569817
14 0.178109 0.5451 0.026058 0.0228523 0.00567353
58 0.514479 0.376844 0.0809511 0.119519 0.00564882
0 0.992303 0.678865 0.0133694 0.0310337 0.00547299
58 0.791257 0.674403 0.0734451 0.0787228 0.00538945
34 0.165444 0.594864 0.0612114 0.0613541 0.00532597
58 0.77827 0.677197 0.0474901 0.0767377 0.00531536
0 0.74408 0.667969 0.0177992 0.0334309 0.00527596
33 0.243008 0.516246 0.0607507 0.071308 0.00526553
37 0.154349 0.591692 0.0372129 0.0550494 0.0051659
25 0.333442 0.458287 0.122966 0.104631 0.00510749
0 0.155413 0.592031 0.0400616 0.0573471 0.00509503
25 0.154349 0.591692 0.0372129 0.0550494 0.00503895
58 0.515074 0.360955 0.0793058 0.0836005 0.0049544
13 0.853388 0.692756 0.0553009 0.0299463 0.00491959
33 0.201424 0.534351 0.0714686 0.0613059 0.0047541
58 0.581867 0.358296 0.0554202 0.0494129 0.00473824
14 0.378603 0.465821 0.0282408 0.0525159 0.00468484
0 0.377901 0.456167 0.0280014 0.0375299 0.00467631
33 0.22812 0.53768 0.0491852 0.0667253 0.00466397
0 0.675128 0.588417 0.0268791 0.0550529 0.00461832
10 0.329123 0.107591 0.0751455 0.215181 0.00461558
58 0.849134 0.504794 0.299119 0.396509 0.00456455
31 0.154349 0.591692 0.0372129 0.0550494 0.00455827
58 0.771597 0.688764 0.0343432 0.0531878 0.00454825
58 0.809135 0.664867 0.0485956 0.0676041 0.00451544
26 0.212414 0.721389 0.0474159 0.0843463 0.00442827
14 0.344739 0.429168 0.0182195 0.0259684 0.00442645
58 0.361207 0.459746 0.0667332 0.104615 0.00438938
13 0.514908 0.368734 0.0798862 0.0983554 0.00432128
58 0.772471 0.656766 0.0372261 0.0590207 0.00430742
14 0.924977 0.702276 0.0215931 0.0201815 0.00427601
45 0.515074 0.360955 0.0793058 0.0836005 0.00427544
73 0.154975 0.592672 0.0378536 0.0565787 0.00426215
2 0.984622 0.677502 0.0295929 0.0314596 0.00425422
56 0.514994 0.354707 0.0759608 0.0718677 0.00422373
62 0.280935 0.488152 0.231059 0.161899 0.00420997
0 0.219804 0.522824 0.0154675 0.038225 0.00419453
25 0.369093 0.463888 0.0465058 0.0930893 0.00407171
58 0.748589 0.634037 0.0413991 0.0737553 0.00399518
26 0.234987 0.81735 0.0175795 0.0824656 0.00393304
0 0.369093 0.463888 0.0465058 0.0930893 0.00386375
43 0.154375 0.591731 0.0371109 0.0551425 0.00386342
30 0.193182 0.595819 0.116141 0.0637291 0.00369054
2 0.789791 0.70411 0.025531 0.0226626 0.00364915
58 0.799801 0.665251 0.0555994 0.0701736 0.0036166
0 0.362395 0.462256 0.0661988 0.0974789 0.00358215
8 0.285691 0.490448 0.243239 0.156477 0.00353751
58 0.699529 0.456419 0.376577 0.290871 0.00344384
0 0.65052 0.580806 0.0234914 0.0348057 0.00334862
13 0.561906 0.88121 0.286985 0.202119 0.00334236
0 0.653877 0.584958 0.0180277 0.0297131 0.00333309
56 0.403727 0.270163 0.0755749 0.105705 0.00326705
58 0.892014 0.668324 0.0397249 0.0543953 0.00324494
29 0.154375 0.591731 0.0371109 0.0551425 0.00320706
2 0.644106 0.579369 0.0292582 0.0310298 0.00309652
58 0.813349 0.664036 0.0705048 0.0754285 0.00309497
0 0.236946 0.509026 0.0440779 0.0719474 0.00301564
33 0.331265 0.477835 0.0297227 0.0451291 0.00294679
33 0.296939 0.465056 0.0506411 0.060923 0.00288188
58 0.674875 0.160523 0.350001 0.25685 0.00275078
58 0.645086 0.582232 0.0292963 0.0277856 0.00272411
0 0.289389 0.468301 0.0290834 0.0369322 0.00271907
25 0.363604 0.429943 0.0570677 0.0495633 0.00257936
76 0.155134 0.59227 0.0380629 0.0564997 0.00256044
14 0.285691 0.490448 0.243239 0.156477 0.00255319
30 0.209036 0.546199 0.0855565 0.0345462 0.00252882
13 0.780897 0.697179 0.0488594 0.0378456 0.00248113
33 0.257883 0.5032 0.0571393 0.0869408 0.00247329
33 0.280082 0.534781 0.255151 0.26246 0.00245732
33 0.363642 0.476413 0.0370961 0.0656823 0.00243324
58 0.572143 0.359619 0.036569 0.0507401 0.0024114
1 0.283039 0.487743 0.0250279 0.0636937 0.00238705
58 0.768451 0.647143 0.033029 0.0647481 0.00234237
14 0.37106 0.481452 0.0157122 0.0551106 0.00233033
13 0.961798 0.682889 0.0726044 0.0261579 0.00232172
13 0.514994 0.354707 0.0759608 0.0718677 0.00232157
58 0.535119 0.414545 0.0412325 0.0550051 0.00230631
14 0.244363 0.507522 0.037034 0.0676806 0.00228643
2 0.806187 0.703226 0.0200657 0.0195084 0.00228429
14 0.238261 0.508554 0.0464004 0.0766245 0.00223973
14 0.24797 0.498021 0.0335748 0.0472607 0.00223586
26 0.226039 0.727759 0.0707411 0.102791 0.00223172
58 0.672713 0.587448 0.0226299 0.0525444 0.00220999
13 0.403727 0.270163 0.0755749 0.105705 0.00220343
9 0.672627 0.586617 0.0195181 0.0508924 0.00218162
42 0.154375 0.591731 0.0371109 0.0551425 0.00217572
36 0.218434 0.81481 0.0367981 0.0803996 0.00217471
33 0.38359 0.458405 0.0470345 0.0761473 0.00214654
2 0.65052 0.580806 0.0234914 0.0348057 0.00211906
56 0.155134 0.59227 0.0380629 0.0564997 0.00210953
13 0.789791 0.70411 0.025531 0.0226626 0.00210434
58 0.769412 0.696317 0.0261765 0.0375793 0.00209427
26 0.189966 0.703656 0.0237126 0.113763 0.00206286
58 0.902858 0.67299 0.05923 0.0530281 0.00206122
14 0.349798 0.441508 0.0301223 0.0519714 0.00204739
46 0.586789 0.358342 0.066571 0.0494673 0.00203404
2 0.959283 0.682264 0.061869 0.0247505 0.00200906
58 0.626482 0.478455 0.228455 0.239934 0.00200894
1 0.65052 0.580806 0.0234914 0.0348057 0.00200367
13 0.604427 0.921332 0.260208 0.157337 0.00192016
0 0.645086 0.582232 0.0292963 0.0277856 0.00188503
14 0.284838 0.467895 0.0246006 0.0279219 0.00188437
26 0.208927 0.694766 0.0616766 0.133875 0.0018774
14 0.369093 0.463888 0.0465058 0.0930893 0.00186208
13 0.38869 0.878381 0.633805 0.218111 0.00185847
39 0.234987 0.81735 0.0175795 0.0824656 0.00185844
25 0.320122 0.463009 0.0463499 0.0596992 0.00185463
13 0.645086 0.582232 0.0292963 0.0277856 0.00182799
58 0.88491 0.672471 0.0299459 0.0602806 0.00182372
25 0.314121 0.467402 0.047056 0.0669151 0.00181696
33 0.165444 0.594864 0.0612114 0.0613541 0.00180006
14 0.377901 0.456167 0.0280014 0.0375299 0.00176531
1 0.672013 0.587043 0.0193573 0.0500613 0.00176078
0 0.349798 0.441508 0.0301223 0.0519714 0.00174621
25 0.309272 0.454548 0.0199164 0.0423372 0.00174588
26 0.222571 0.71357 0.0643135 0.0997242 0.00172487
58 0.343397 0.461076 0.107243 0.0921604 0.00172427
58 0.751354 0.672841 0.0218782 0.0462969 0.00171602
24 0.189806 0.721181 0.0190519 0.0785854 0.0016858
0 0.243185 0.502982 0.0519556 0.0778254 0.00167757
33 0.261143 0.478541 0.0691591 0.0719554 0.00166881
33 0.177875 0.577035 0.0850228 0.0830205 0.00166756
14 0.364933 0.459827 0.0627641 0.101742 0.00165021
1 0.645086 0.582232 0.0292963 0.0277856 0.00164461
33 0.321522 0.454736 0.150615 0.101374 0.00162855
0 0.284838 0.467895 0.0246006 0.0279219 0.00161329
33 0.248653 0.565406 0.255549 0.298126 0.00158697
13 0.992027 0.676986 0.0144388 0.0321126 0.00158671
58 0.74408 0.667969 0.0177992 0.0334309 0.00158578
2 0.335884 0.0165048 0.0773823 0.0330097 0.00157416
13 0.487521 0.880354 0.435854 0.209653 0.00156522
58 0.668388 0.582052 0.0237464 0.0422867 0.0015327
58 0.785979 0.694157 0.059668 0.0415469 0.00153106
13 0.660883 0.943628 0.170466 0.11026 0.00153005
0 0.76968 0.696393 0.0253704 0.0374079 0.00151643
14 0.364484 0.438718 0.0602069 0.0612156 0.00151235
0 0.178109 0.5451 0.026058 0.0228523 0.00150692
38 0.257176 0.784712 0.0306364 0.0293271 0.00150281
58 0.735177 0.661003 0.0330093 0.0412746 0.00150004
13 0.76968 0.696393 0.0253704 0.0374079 0.00149453
2 0.331845 0.0265141 0.067886 0.0530282 0.00149351
14 0.377921 0.474462 0.0297722 0.0715883 0.00149173
14 0.925799 0.691097 0.0198456 0.0393883 0.00147808
14 0.326262 0.471987 0.0353493 0.049636 0.00147641
14 0.246609 0.490902 0.0389254 0.0503709 0.00145197
25 0.344739 0.429168 0.0182195 0.0259684 0.00145122
0 0.925799 0.691097 0.0198456 0.0393883 0.00144458
2 0.780897 0.697179 0.0488594 0.0378456 0.00143829
33 0.363604 0.429943 0.0570677 0.0495633 0.00143602
4 0.285691 0.490448 0.243239 0.156477 0.00142494
14 0.290383 0.471106 0.0185029 0.0305754 0.00140813
23 0.281486 0.490033 0.232438 0.160726 0.00139132
30 0.197747 0.547143 0.0633294 0.0273998 0.00139001
39 0.672627 0.586617 0.0195181 0.0508924 0.00137925
58 0.68026 0.277361 0.361412 0.48736 0.00136843
24 0.234987 0.81735 0.0175795 0.0824656 0.00136653
58 0.752424 0.437938 0.486112 0.324486 0.00136515
25 0.277265 0.49841 0.138109 0.130185 0.00136468
1 0.653877 0.584958 0.0180277 0.0297131 0.00136155
38 0.313662 0.464688 0.0599427 0.0632821 0.00135848
58 0.65052 0.580806 0.0234914 0.0348057 0.00135317
58 0.369093 0.463888 0.0465058 0.0930893 0.00134781
58 0.740467 0.30221 0.504378 0.544833 0.00134113
38 0.235 0.816769 0.0188448 0.0835078 0.00132334
58 0.758327 0.634517 0.0316364 0.0473218 0.00131553
58 0.378603 0.465821 0.0282408 0.0525159 0.00130528
67 0.309272 0.454548 0.0199164 0.0423372 0.00130275
0 0.363642 0.476413 0.0370961 0.0656823 0.00130188
58 0.678016 0.583638 0.0321304 0.0462068 0.0012992
58 0.920323 0.683093 0.0287222 0.0492669 0.00129789
58 0.827452 0.603033 0.271694 0.212728 0.00126565
0 0.925616 0.70029 0.0206627 0.0235827 0.00126323
46 0.579356 0.393773 0.0509287 0.044547 0.00124854
13 0.790161 0.699774 0.0635284 0.0266716 0.00124356
2 0.790161 0.699774 0.0635284 0.0266716 0.00124145
33 0.300391 0.478611 0.0572518 0.0868441 0.0012272
36 0.211285 0.818454 0.0229393 0.0889107 0.0012233
30 0.279084 0.491993 0.237399 0.172106 0.00122103
40 0.37106 0.481452 0.0157122 0.0551106 0.00121814
58 0.854101 0.693302 0.0572399 0.0344104 0.00120309
26 0.246618 0.734418 0.0330853 0.0968323 0.0011963
33 0.198017 0.561512 0.0706382 0.0554639 0.00119609
58 0.924977 0.702276 0.0215931 0.0201815 0.00119564
58 0.792888 0.655004 0.0522831 0.0802284 0.00118715
58 0.754388 0.656254 0.0574175 0.101646 0.00118375
33 0.211304 0.530761 0.076175 0.0626859 0.00118315
8 0.789791 0.70411 0.025531 0.0226626 0.00117868
26 0.672627 0.586617 0.0195181 0.0508924 0.00117648
46 0.569022 0.394204 0.030444 0.0391179 0.00117055
27 0.154349 0.591692 0.0372129 0.0550494 0.00116667
25 0.281434 0.487488 0.0287565 0.0633457 0.00115138
67 0.178109 0.5451 0.026058 0.0228523 0.00114837
58 0.64228 0.577602 0.0305641 0.0332102 0.00114754
58 0.377559 0.472314 0.0304587 0.0749496 0.0011467
58 0.777906 0.696815 0.0448236 0.0384069 0.00114489
14 0.154375 0.591731 0.0371109 0.0551425 0.00113955
46 0.617743 0.438631 0.021721 0.0327985 0.00113809
0 0.300391 0.478611 0.0572518 0.0868441 0.00113058
25 0.229465 0.509343 0.12372 0.118639 0.00112939
26 0.155134 0.59227 0.0380629 0.0564997 0.00111452
1 0.314121 0.467402 0.047056 0.0669151 0.00111401
46 0.577608 0.403586 0.020951 0.0345208 0.00110921
12 0.324101 0.0285907 0.049752 0.0571815 0.00110465
58 0.5148 0.374917 0.0816268 0.0812079 0.00109747
2 0.322558 0.0216562 0.048803 0.0433124 0.00109705
58 0.845704 0.335812 0.0412582 0.0402047 0.00109273
33 0.3737 0.459073 0.0904384 0.109117 0.00108126
58 0.640891 0.561431 0.0365085 0.0659379 0.00107989
25 0.284838 0.467895 0.0246006 0.0279219 0.00107527
2 0.76968 0.696393 0.0253704 0.0374079 0.00107303
0 0.28033 0.488066 0.127882 0.115803 0.00107127
0 0.296939 0.465056 0.0506411 0.060923 0.00106835
25 0.377901 0.456167 0.0280014 0.0375299 0.00106806
58 0.900495 0.688424 0.0428879 0.0268452 0.0010626
8 0.514382 0.375312 0.0804644 0.11709 0.00106227
44 0.154375 0.591731 0.0371109 0.0551425 0.00106212
0 0.64066 0.584268 0.0246748 0.0225581 0.00105709
46 0.589516 0.465658 0.0255932 0.0459017 0.00105247
13 0.155134 0.59227 0.0380629 0.0564997 0.00104839
26 0.215677 0.714811 0.0439643 0.0662727 0.00104389
13 0.330719 0.108981 0.0802454 0.217962 0.00104025
0 0.24797 0.498021 0.0335748 0.0472607 0.00103998
58 0.64066 0.584268 0.0246748 0.0225581 0.00103754
33 0.193182 0.595819 0.116141 0.0637291 0.00103322
