0 0.80228 0.564443 0.0941513 0.437692 0.810381
0 0.576942 0.561311 0.0951494 0.471732 0.775683
25 0.0632088 0.44695 0.125666 0.253004 0.688848
0 0.268683 0.715782 0.122593 0.411345 0.592729
25 0.2132 0.388024 0.423739 0.327146 0.560953
25 0.510562 0.295711 0.131366 0.0588609 0.556654
25 0.400923 0.350404 0.200483 0.164438 0.467323
0 0.926782 0.507864 0.0590637 0.0952577 0.462399
25 0.692018 0.209738 0.0647739 0.201252 0.415274
25 0.778656 0.270619 0.09761 0.0412778 0.363403
0 0.86385 0.45936 0.0588509 0.133082 0.322719
25 0.632577 0.338228 0.0919075 0.0587845 0.320153
0 0.363457 0.934721 0.165117 0.129926 0.316253
25 0.48575 0.362001 0.104775 0.1252 0.310648
56 0.127268 0.680621 0.177779 0.252065 0.308571
25 0.541673 0.333564 0.196605 0.130109 0.284724
56 0.475932 0.839948 0.086082 0.183157 0.27912
0 0.866933 0.372485 0.0338884 0.0996657 0.275665
56 0.141324 0.875989 0.278571 0.219997 0.234245
0 0.865364 0.394473 0.0361282 0.143678 0.22042
0 0.916536 0.501511 0.0400566 0.0838753 0.215209
25 0.233376 0.502774 0.464521 0.557636 0.208653
25 0.559017 0.354568 0.177685 0.0784755 0.200164
25 0.388939 0.381341 0.216949 0.217117 0.185362
56 0.400073 0.736195 0.162435 0.193661 0.18086
0 0.371877 0.532482 0.0831663 0.0927782 0.179296
0 0.287209 0.710732 0.221026 0.422637 0.179145
0 0.493559 0.46851 0.0395974 0.0930317 0.175705
25 0.581147 0.362034 0.134937 0.090263 0.175339
25 0.623998 0.345718 0.0781199 0.0607457 0.175314
25 0.670491 0.332343 0.16537 0.0628465 0.170144
25 0.344827 0.389222 0.262856 0.24386 0.160191
25 0.513184 0.35901 0.154265 0.128199 0.158547
0 0.863789 0.424742 0.0561874 0.199281 0.1506
0 0.939183 0.506561 0.0718952 0.0992516 0.143156
25 0.646069 0.329904 0.101967 0.0559722 0.140444
25 0.585265 0.352732 0.116902 0.0784472 0.138426
56 0.157964 0.879756 0.225792 0.137073 0.131658
0 0.874783 0.469615 0.0374237 0.109809 0.130275
16 0.364528 0.934511 0.161866 0.129124 0.129654
25 0.503676 0.335304 0.129673 0.131159 0.129555
25 0.707354 0.244087 0.0982392 0.273293 0.128992
0 0.867291 0.47693 0.0682312 0.160368 0.126095
25 0.437187 0.352786 0.200277 0.143114 0.11205
56 0.661381 0.860053 0.223464 0.166946 0.110274
56 0.469228 0.799983 0.29955 0.279696 0.109553
0 0.864694 0.365244 0.0266685 0.0847189 0.109301
37 0.65336 0.59306 0.142284 0.0615197 0.108546
56 0.149409 0.699172 0.180158 0.265746 0.107539
25 0.625622 0.354155 0.0789357 0.0904943 0.104273
56 0.173473 0.885065 0.200886 0.109069 0.100631
56 0.826682 0.927957 0.0618624 0.0723928 0.0995986
25 0.776891 0.306492 0.101451 0.112828 0.0981261
0 0.4968 0.476141 0.048974 0.110317 0.0904764
56 0.0536163 0.863711 0.105426 0.191108 0.0901438
0 0.985317 0.511141 0.0292763 0.0958849 0.0884844
25 0.679757 0.257128 0.16287 0.293756 0.0857113
56 0.522207 0.834942 0.19581 0.201239 0.0855605
0 0.937712 0.526577 0.0367363 0.059804 0.0844746
26 0.198865 0.950531 0.0838681 0.0750367 0.0802597
56 0.398901 0.676741 0.153502 0.165705 0.079022
26 0.473684 0.850036 0.0759535 0.165597 0.0769351
0 0.982672 0.497744 0.0346568 0.120474 0.0766379
56 0.462079 0.829634 0.304718 0.202821 0.0761578
56 0.67051 0.470315 0.157826 0.150513 0.0757169
0 0.201574 0.61944 0.0847846 0.190248 0.075328
0 0.958712 0.499516 0.0385813 0.111516 0.074236
39 0.512825 0.892664 0.0264162 0.069688 0.0734791
25 0.711676 0.33098 0.103554 0.444664 0.0732577
0 0.863464 0.414754 0.0452784 0.136725 0.0712202
56 0.675886 0.424847 0.170165 0.232769 0.0709156
25 0.600531 0.34702 0.0777745 0.0619087 0.0682877
25 0.0633319 0.54682 0.12348 0.445107 0.0679716
56 0.171281 0.685725 0.139392 0.302767 0.0670771
25 0.713545 0.327683 0.0591019 0.0471264 0.0660783
56 0.177608 0.909647 0.20601 0.139937 0.0660224
56 0.171434 0.744645 0.137655 0.182809 0.0652294
0 0.504142 0.479882 0.0630804 0.124609 0.0651543
56 0.749887 0.465647 0.0276991 0.110841 0.0641708
25 0.674898 0.424107 0.165319 0.263252 0.0631475
56 0.394498 0.617736 0.122656 0.117132 0.063036
0 0.317243 0.577691 0.332493 0.698417 0.0610293
26 0.772271 0.512472 0.0372203 0.0870296 0.0601621
0 0.866578 0.422736 0.0433971 0.102196 0.0599538
25 0.78485 0.319845 0.112389 0.137582 0.0589247
25 0.673402 0.366373 0.17516 0.134938 0.0583753
25 0.38411 0.485764 0.229031 0.437984 0.0573733
25 0.405886 0.447073 0.211145 0.355304 0.0571254
25 0.571998 0.375458 0.0850678 0.108941 0.056805
0 0.986085 0.48613 0.0274696 0.0928039 0.0564057
0 0.23872 0.573019 0.46517 0.703136 0.0529305
0 0.962956 0.409363 0.0288572 0.0989158 0.0508733
0 0.869536 0.508482 0.0744274 0.09796 0.049553
25 0.591199 0.345024 0.163555 0.0661209 0.0486234
56 0.394509 0.597182 0.116936 0.0794349 0.0484201
56 0.394322 0.633486 0.139347 0.174151 0.0482569
56 0.56086 0.835856 0.118183 0.201624 0.0480817
56 0.897128 0.910722 0.0546482 0.107882 0.0473424
0 0.866601 0.479948 0.0594257 0.105577 0.0469652
0 0.5001 0.464621 0.0249105 0.0818636 0.0469404
25 0.421642 0.374488 0.229223 0.181049 0.045936
56 0.391924 0.609944 0.107755 0.080115 0.0441341
0 0.960016 0.405251 0.0209572 0.0767962 0.0436349
0 0.983352 0.474496 0.0327322 0.0727376 0.0436233
56 0.425631 0.796601 0.199688 0.24841 0.0433275
25 0.340932 0.588167 0.297078 0.653374 0.0430424
25 0.120738 0.519675 0.234793 0.556015 0.0424384
25 0.685693 0.340535 0.155591 0.422747 0.0417407
56 0.405583 0.614721 0.0748821 0.0621581 0.0417016
56 0.18365 0.864365 0.21634 0.140637 0.0416872
56 0.396399 0.622018 0.0930128 0.0545384 0.0406685
0 0.353412 0.712853 0.35846 0.428391 0.0400543
56 0.372383 0.716434 0.110957 0.239152 0.0386854
56 0.145946 0.718023 0.252931 0.307023 0.0384318
56 0.400884 0.668503 0.149433 0.108675 0.0381007
56 0.132858 0.948462 0.264213 0.103075 0.0380827
25 0.742143 0.302131 0.042605 0.0338808 0.0376108
56 0.114186 0.863931 0.221584 0.188519 0.0374291
0 0.968342 0.476134 0.0431461 0.0724898 0.0357068
56 0.148913 0.751517 0.191535 0.184949 0.0353385
0 0.950064 0.496892 0.0563587 0.110503 0.0353325
56 0.222511 0.689471 0.234691 0.307657 0.0343502
56 0.706255 0.427097 0.112323 0.219075 0.0343485
56 0.442497 0.840154 0.152337 0.187781 0.0335324
56 0.408751 0.624027 0.0683865 0.0522387 0.0333959
56 0.72859 0.458951 0.0701093 0.123734 0.0331721
56 0.734211 0.493399 0.0230968 0.0634154 0.0329208
56 0.104057 0.965612 0.204588 0.064504 0.0327497
25 0.146287 0.383068 0.290504 0.317638 0.0322703
56 0.69417 0.468165 0.0923784 0.139695 0.0317955
25 0.387155 0.325109 0.161757 0.113353 0.0312404
0 0.199629 0.666066 0.087864 0.285882 0.0307775
0 0.870868 0.435713 0.0425762 0.0821004 0.0299987
56 0.67666 0.466191 0.0581379 0.143342 0.02988
56 0.231864 0.776012 0.249113 0.199772 0.0298611
56 0.598902 0.83863 0.350506 0.209696 0.0297055
0 0.987278 0.463861 0.0247021 0.0536471 0.0296542
0 0.749972 0.466643 0.0280758 0.114896 0.0291459
0 0.244348 0.714453 0.175897 0.407809 0.0291309
0 0.978961 0.395367 0.0196348 0.0781908 0.0283052
25 0.776973 0.360296 0.100399 0.223425 0.0272637
56 0.718462 0.436194 0.0441641 0.0715619 0.0265203
56 0.710071 0.458658 0.0617419 0.119233 0.025967
25 0.701013 0.351636 0.126801 0.0965693 0.0254328
56 0.89628 0.920489 0.0384569 0.0856515 0.0253571
56 0.72457 0.443424 0.0816079 0.110787 0.0251276
25 0.378504 0.311117 0.156 0.0896423 0.0251205
0 0.881491 0.473165 0.0283596 0.106739 0.0250172
56 0.150889 0.80732 0.219578 0.282318 0.0249638
29 0.662754 0.598996 0.120605 0.052817 0.0246625
25 0.660979 0.326586 0.127303 0.0524025 0.0245738
0 0.188666 0.585512 0.0575287 0.121827 0.0245165
25 0.535399 0.399994 0.175673 0.247934 0.0244529
56 0.390139 0.661714 0.112043 0.0676058 0.0242938
0 0.377927 0.89667 0.0526913 0.0527738 0.0242619
0 0.948854 0.522588 0.0510433 0.068751 0.0242027
0 0.734211 0.493399 0.0230968 0.0634154 0.0238897
56 0.402223 0.584915 0.137163 0.0570789 0.0237015
24 0.474603 0.843359 0.0778135 0.180739 0.0235319
56 0.50499 0.840989 0.539596 0.211634 0.0233661
56 0.441501 0.579175 0.0635113 0.0405851 0.0231463
56 0.405378 0.606631 0.0837776 0.0662274 0.0228766
56 0.404472 0.712507 0.155121 0.105591 0.0224927
56 0.738268 0.46342 0.0456227 0.126299 0.022414
56 0.0927074 0.882335 0.183471 0.222413 0.0223598
56 0.395461 0.635521 0.0828858 0.0402855 0.0221496
56 0.0343053 0.659515 0.0655428 0.21825 0.0220873
0 0.513176 0.467645 0.0638723 0.115591 0.0220203
25 0.629877 0.35051 0.0741419 0.0431772 0.0220162
56 0.4596 0.760657 0.235743 0.146607 0.0216603
56 0.860143 0.924111 0.131491 0.0769925 0.021614
24 0.199286 0.949629 0.0833075 0.0762519 0.0216132
0 0.340711 0.931812 0.115557 0.134684 0.0215033
56 0.397859 0.686208 0.143412 0.0832748 0.021433
37 0.662754 0.598996 0.120605 0.052817 0.0214045
25 0.707238 0.323642 0.103692 0.0566842 0.021033
56 0.428417 0.580311 0.0863686 0.0398339 0.0210322
56 0.896999 0.911825 0.141859 0.111185 0.0208067
56 0.740339 0.476284 0.0323316 0.0989416 0.0207864
0 0.740339 0.476284 0.0323316 0.0989416 0.0206746
0 0.395058 0.534683 0.123292 0.0942441 0.0206726
56 0.134034 0.702957 0.141527 0.15021 0.0206265
56 0.370087 0.57056 0.089749 0.0948138 0.0204718
56 0.368363 0.594056 0.0867696 0.0894161 0.0201068
0 0.98015 0.408441 0.0185421 0.0882075 0.0199636
56 0.378232 0.60915 0.108451 0.106867 0.0196812
0 0.383453 0.574033 0.113262 0.175258 0.0195734
56 0.0792241 0.674133 0.153715 0.239038 0.0194764
56 0.710078 0.426871 0.0725601 0.0670397 0.0190865
0 0.24794 0.627858 0.167944 0.227956 0.0188854
0 0.508947 0.448105 0.0699545 0.184008 0.0188469
56 0.439265 0.566772 0.0886724 0.0631439 0.0188367
0 0.774599 0.47832 0.0458973 0.170825 0.0188072
56 0.234195 0.83089 0.208396 0.184403 0.0186596
33 0.652393 0.594559 0.141951 0.0580096 0.0183476
56 0.106912 0.660642 0.206577 0.217877 0.018237
25 0.613832 0.361343 0.0549299 0.0775458 0.0177874
56 0.671281 0.879725 0.20386 0.122365 0.0169221
56 0.920375 0.910173 0.101295 0.109235 0.016741
0 0.520356 0.450851 0.0237323 0.097542 0.0166484
56 0.722288 0.428454 0.0604898 0.0694334 0.0165766
56 0.747736 0.451288 0.0343573 0.120317 0.0164014
39 0.0441928 0.746873 0.0209034 0.0378977 0.0163106
56 0.98519 0.523571 0.0291941 0.0685085 0.016304
56 0.209933 0.805548 0.25573 0.254818 0.0162554
56 0.378361 0.680089 0.171583 0.32915 0.0159952
56 0.10017 0.75827 0.198229 0.374687 0.0159718
56 0.47061 0.561597 0.100865 0.069225 0.015955
56 0.72049 0.468807 0.0537766 0.115282 0.0159236
0 0.985842 0.527648 0.0274578 0.0651455 0.0158782
25 0.570151 0.337824 0.110899 0.0673742 0.0158773
0 0.367865 0.565889 0.0952009 0.158279 0.0158448
56 0.651239 0.468063 0.0978952 0.15706 0.0157685
56 0.22833 0.893645 0.442605 0.202075 0.015705
56 0.712226 0.510244 0.0387059 0.0545762 0.0156426
56 0.728126 0.428411 0.0808046 0.169659 0.0155998
39 0.516062 0.898012 0.0387501 0.0749054 0.0155708
56 0.721883 0.50046 0.0506617 0.0513866 0.0154304
0 0.864737 0.49908 0.0627209 0.0869661 0.0154211
25 0.581236 0.363381 0.0591143 0.091074 0.0152935
56 0.727287 0.373309 0.0696167 0.0455613 0.0150652
39 0.892044 0.927195 0.0168659 0.0719123 0.0149935
56 0.703051 0.417351 0.105694 0.128956 0.0149257
56 0.480473 0.780354 0.0730274 0.0647127 0.0147881
0 0.334112 0.942072 0.0956694 0.115857 0.0146943
56 0.384382 0.77551 0.453488 0.31948 0.0146748
56 0.356131 0.57232 0.0775212 0.14089 0.014457
25 0.672573 0.328636 0.17061 0.0903775 0.0144495
56 0.376806 0.58896 0.080381 0.045435 0.0143377
56 0.221326 0.930706 0.129907 0.131272 0.014239
56 0.221669 0.887194 0.242723 0.173297 0.0140257
56 0.539997 0.894982 0.085475 0.0789546 0.0138213
56 0.0658063 0.704305 0.129495 0.295852 0.0137359
25 0.605083 0.362416 0.0677731 0.0870952 0.0136975
56 0.395889 0.591779 0.0982799 0.0505088 0.0135821
56 0.249364 0.82888 0.165493 0.14163 0.0134931
56 0.411752 0.585076 0.0974518 0.0412998 0.013488
0 0.365685 0.665072 0.0977506 0.359231 0.0134653
56 0.442514 0.547962 0.21136 0.0963032 0.013373
0 0.51597 0.456311 0.0318984 0.0977872 0.0132535
56 0.507172 0.52978 0.0747856 0.0531483 0.0131986
26 0.794365 0.542686 0.0396523 0.112841 0.0131027
56 0.452611 0.742564 0.276565 0.35131 0.0130315
56 0.405603 0.543434 0.14603 0.100446 0.0129744
56 0.587896 0.838652 0.0639215 0.193264 0.0129736
56 0.505922 0.540077 0.0833063 0.0662715 0.0129132
0 0.232747 0.926659 0.433522 0.141335 0.0128421
56 0.753247 0.446024 0.0344933 0.126774 0.0128407
56 0.134339 0.650296 0.148024 0.0931371 0.0126116
0 0.380426 0.917208 0.0679532 0.0908995 0.0126068
0 0.984291 0.452583 0.0276379 0.0618704 0.0125645
25 0.374824 0.298947 0.151387 0.0662995 0.0125464
0 0.389596 0.934795 0.122539 0.127074 0.0125329
56 0.297403 0.748229 0.304366 0.192482 0.0125298
0 0.369974 0.935226 0.0862014 0.129495 0.0124159
0 0.149301 0.609871 0.189186 0.171141 0.0123418
56 0.238888 0.741013 0.185902 0.306252 0.0122323
25 0.454459 0.362047 0.140403 0.119708 0.0121986
0 0.96644 0.49448 0.0422514 0.117463 0.0121799
56 0.377865 0.587237 0.0658792 0.0352972 0.0121512
0 0.507022 0.493919 0.0757357 0.170868 0.0120909
56 0.420734 0.57129 0.110086 0.0557208 0.0120022
56 0.407166 0.675932 0.126896 0.0524325 0.0119369
25 0.668902 0.346831 0.0328722 0.0525774 0.0117851
56 0.407029 0.691305 0.132207 0.0553402 0.0117827
0 0.388894 0.91046 0.0797527 0.0782611 0.011776
56 0.643109 0.784096 0.259575 0.322115 0.0116473
0 0.969241 0.469349 0.0327934 0.0583039 0.0115796
56 0.708288 0.517112 0.029574 0.0578659 0.0114618
56 0.357147 0.741124 0.0876024 0.19023 0.0114494
37 0.631293 0.589554 0.186028 0.082114 0.0113896
56 0.402009 0.657129 0.105982 0.0557687 0.0113481
25 0.397709 0.34291 0.173707 0.127952 0.0113339
56 0.0211141 0.627456 0.0350843 0.166167 0.0112702
25 0.338078 0.345426 0.249268 0.155733 0.011224
56 0.426013 0.765601 0.11282 0.114039 0.0112152
0 0.214117 0.626976 0.0732625 0.177825 0.0112107
56 0.715211 0.50657 0.0345522 0.039865 0.011123
0 0.970115 0.38909 0.0359516 0.0694953 0.0110362
0 0.968065 0.521721 0.0360832 0.0700889 0.0109958
56 0.261846 0.920908 0.311216 0.153655 0.0108677
56 0.135741 0.632824 0.144178 0.0931311 0.0106554
13 0.394906 0.60843 0.0998837 0.0696773 0.0106025
0 0.381524 0.522433 0.0915866 0.0763773 0.0105882
56 0.501276 0.560454 0.0873894 0.0342702 0.0105821
56 0.628372 0.485023 0.059596 0.0491529 0.0105698
0 0.404672 0.535605 0.0555585 0.0687495 0.0105338
56 0.737175 0.374711 0.0505323 0.041915 0.0105002
25 0.632327 0.320675 0.0891812 0.038994 0.0103201
56 0.0503594 0.806677 0.0988678 0.0995459 0.0102972
25 0.265112 0.396079 0.255504 0.277191 0.0101118
56 0.250786 0.953666 0.0738459 0.092669 0.0100589
56 0.771457 0.479056 0.0425585 0.165647 0.0100485
25 0.593876 0.406003 0.145872 0.182144 0.00993899
25 0.507018 0.357141 0.124624 0.104175 0.0097799
56 0.394368 0.803966 0.153112 0.202198 0.00971267
25 0.780039 0.34825 0.0533493 0.0580552 0.00967589
56 0.434049 0.533336 0.202994 0.098914 0.00956669
16 0.358453 0.892981 0.0924286 0.0571822 0.00954255
0 0.406284 0.52675 0.0426498 0.0544686 0.00946441
