0 0.573141 0.676287 0.105024 0.515365 0.874034
5 0.066397 0.514652 0.130993 0.481308 0.860422
28 0.725606 0.673047 0.120865 0.108348 0.828248
2 0.509456 0.550187 0.0640166 0.0477366 0.642683
28 0.697859 0.793573 0.0975909 0.192887 0.352716
28 0.725561 0.793646 0.152344 0.193759 0.35187
28 0.770913 0.798433 0.0615724 0.15584 0.345755
2 0.960096 0.542298 0.0640067 0.0612912 0.262615
2 0.977959 0.557572 0.0295931 0.03547 0.154904
0 0.0294426 0.478506 0.0294947 0.0729815 0.076667
28 0.633569 0.650637 0.0705468 0.0739091 0.072933
28 0.781354 0.797693 0.0402635 0.151825 0.0691721
5 0.696966 0.503251 0.106913 0.107316 0.0613013
2 0.951131 0.536859 0.0470309 0.0468453 0.0602882
26 0.633302 0.649711 0.0697559 0.0720894 0.0393718
2 0.550342 0.55118 0.145048 0.0476778 0.0209976
28 0.971811 0.944647 0.0522559 0.105213 0.0204684
2 0.958514 0.530834 0.0605792 0.0465367 0.0154603
2 0.950068 0.535867 0.0404312 0.0355315 0.0153838
0 0.0362242 0.472862 0.0428856 0.0859628 0.0150577
26 0.611729 0.861056 0.0565962 0.0916718 0.0150543
5 0.349583 0.472449 0.432377 0.188669 0.0142099
62 0.8374 0.460861 0.0733668 0.485099 0.0140098
2 0.973975 0.5481 0.0402816 0.0566284 0.0135748
5 0.96261 0.490951 0.0699368 0.088081 0.0108249
2 0.299889 0.560715 0.134402 0.0563411 0.0104669
28 0.633863 0.769746 0.0411054 0.187227 0.00981998
5 0.962722 0.475841 0.0704905 0.0589364 0.00907508
28 0.672989 0.795163 0.0463948 0.187413 0.00778446
28 0.717405 0.80048 0.0473649 0.161312 0.00738364
7 0.0661791 0.514877 0.130264 0.481199 0.00725135
9 0.0639537 0.212688 0.0672322 0.0591061 0.00691965
6 0.786008 0.513388 0.288753 0.184663 0.00675192
2 0.225157 0.526344 0.0580149 0.0536866 0.00666305
2 0.280732 0.558153 0.173033 0.067193 0.00646996
28 0.751184 0.799642 0.02941 0.152954 0.00586519
6 0.833612 0.511549 0.192436 0.17616 0.00558668
5 0.149587 0.512435 0.296711 0.483692 0.00530609
5 0.242225 0.463376 0.217119 0.167481 0.00519642
2 0.276668 0.547223 0.0160455 0.0140933 0.00505611
2 0.715298 0.533841 0.0678144 0.036462 0.00503325
2 0.714831 0.5412 0.0689408 0.0354127 0.00497493
6 0.349937 0.474289 0.432452 0.191707 0.00479606
2 0.268675 0.545131 0.0340406 0.0193305 0.00464514
0 0.0428939 0.477321 0.0566017 0.0785937 0.00454515
2 0.311767 0.554117 0.096004 0.0485265 0.00425586
28 0.638072 0.772463 0.0560206 0.211773 0.0038223
26 0.607611 0.578337 0.0357761 0.124757 0.00346908
5 0.785671 0.480747 0.288429 0.258625 0.00317782
6 0.0660814 0.513998 0.131339 0.480592 0.00300044
2 0.296053 0.543436 0.0599075 0.0265906 0.00294757
2 0.31538 0.563475 0.103705 0.0490184 0.00294128
26 0.622014 0.865637 0.0655292 0.0967358 0.00286084
28 0.734882 0.799512 0.0613711 0.159188 0.00282288
6 0.167435 0.511371 0.333219 0.482317 0.00276688
28 0.414165 0.734153 0.130283 0.0345545 0.00270349
5 0.575473 0.50152 0.35152 0.111891 0.00266224
24 0.633754 0.650278 0.0702193 0.0727839 0.00261447
2 0.963986 0.520606 0.0623623 0.0395482 0.00255859
28 0.149969 0.82792 0.124302 0.0531782 0.00252801
5 0.721878 0.458926 0.160313 0.218374 0.0024918
6 0.28199 0.506646 0.562108 0.500084 0.00247419
5 0.512801 0.499729 0.766217 0.21856 0.00240338
6 0.512801 0.499729 0.766217 0.21856 0.00236765
2 0.227574 0.533543 0.0573768 0.0426936 0.00223887
28 0.665391 0.797509 0.0329999 0.182993 0.00222915
5 0.282064 0.501595 0.563377 0.504139 0.00221229
2 0.242766 0.534235 0.0932108 0.0423366 0.00218055
26 0.971726 0.944324 0.052418 0.103944 0.00215653
2 0.217317 0.523553 0.0460249 0.0610259 0.00207737
28 0.150001 0.681204 0.125155 0.348385 0.00206685
28 0.785921 0.698215 0.0201606 0.0542667 0.00205013
5 0.834121 0.513602 0.190718 0.185533 0.00202182
0 0.0293703 0.491397 0.0334244 0.102843 0.00201049
6 0.421127 0.480898 0.678183 0.193589 0.00196061
2 0.227379 0.542407 0.0664635 0.08534 0.00186688
5 0.696646 0.524094 0.105734 0.130208 0.00183752
28 0.743038 0.900129 0.204516 0.0588564 0.00176463
7 0.959004 0.539804 0.0624632 0.0578548 0.00173941
28 0.632094 0.731358 0.0627559 0.238063 0.00173661
0 0.607549 0.578943 0.0356951 0.127434 0.00167587
28 0.626554 0.760184 0.0588585 0.197443 0.00164372
2 0.244133 0.549308 0.0939041 0.0780103 0.00160441
28 0.405377 0.709135 0.136716 0.0665878 0.00159425
28 0.611153 0.859911 0.055454 0.0877226 0.00159326
26 0.725606 0.673047 0.120865 0.108348 0.00154719
6 0.361111 0.470506 0.722223 0.570835 0.00151524
0 0.339305 0.5183 0.0149778 0.0390459 0.00145763
5 0.899516 0.513158 0.0583057 0.187072 0.00140095
2 0.339176 0.566944 0.0548957 0.0395549 0.00139764
9 0.0495609 0.198199 0.0966016 0.0871656 0.00139111
7 0.509456 0.550187 0.0640166 0.0477366 0.00138259
2 0.275081 0.560127 0.0842674 0.0553847 0.00134739
26 0.60757 0.598355 0.0390394 0.166885 0.00132811
2 0.73207 0.53348 0.0349528 0.0291392 0.00132334
0 0.0603371 0.482536 0.0367528 0.0687477 0.00131235
5 0.75208 0.46412 0.218441 0.227771 0.00120556
2 0.502491 0.552573 0.0506576 0.0408422 0.00117728
13 0.932607 0.6019 0.122565 0.0606331 0.00115779
2 0.27746 0.543902 0.172438 0.091326 0.00115383
28 0.414162 0.743828 0.130546 0.0584263 0.0011116
7 0.223592 0.523637 0.0589625 0.060977 0.00109199
28 0.782432 0.698924 0.0284484 0.0557816 0.00106966
28 0.398531 0.730883 0.0978724 0.0294324 0.00106737
2 0.984565 0.529764 0.0246251 0.0590665 0.00105807
28 0.724395 0.89424 0.239533 0.104869 0.00105762
7 0.697237 0.503024 0.107569 0.107599 0.00103289
28 0.73783 0.770164 0.126842 0.216616 0.00103211
26 0.616407 0.868456 0.0449713 0.0909536 0.00102177
2 0.977634 0.56864 0.0312587 0.0595667 0.00102001
28 0.70713 0.794501 0.0676656 0.174535 0.00101238
