0 0.522447 0.597275 0.572749 0.778416 0.898606
40 0.562385 0.391779 0.395628 0.632486 0.877413
44 0.563739 0.389131 0.399427 0.628227 0.00569198
75 0.5679 0.391976 0.407122 0.627586 0.00490731
40 0.641867 0.549428 0.175101 0.309809 0.00346223
3 0.563739 0.389131 0.399427 0.628227 0.00333914
38 0.563739 0.389131 0.399427 0.628227 0.00304338
40 0.478454 0.258067 0.22207 0.354896 0.00247541
23 0.5679 0.391976 0.407122 0.627586 0.00237858
14 0.5679 0.391976 0.407122 0.627586 0.00232145
0 0.271456 0.898502 0.0573473 0.194325 0.00212312
0 0.731357 0.546188 0.155744 0.194877 0.00210881
0 0.717409 0.573507 0.183651 0.254274 0.00175986
42 0.563739 0.389131 0.399427 0.628227 0.00156695
61 0.5679 0.391976 0.407122 0.627586 0.00127941
40 0.522731 0.332083 0.31039 0.498998 0.00119421
39 0.558165 0.390023 0.383293 0.629067 0.00117362
