45 0.499862 0.509428 0.994146 0.952262 0.950503
51 0.62816 0.837993 0.139141 0.205737 0.845454
44 0.268861 0.0818958 0.531844 0.159009 0.839912
51 0.852052 0.667694 0.0948006 0.175158 0.754438
51 0.420903 0.191085 0.110809 0.139721 0.627956
51 0.760469 0.69276 0.125994 0.177916 0.586872
51 0.372834 0.497911 0.130643 0.176366 0.583871
51 0.636333 0.155642 0.0975365 0.110686 0.319762
51 0.671044 0.570911 0.0963587 0.145554 0.285931
51 0.787156 0.535025 0.116732 0.17673 0.284472
51 0.258583 0.536194 0.101809 0.176815 0.258295
60 0.475924 0.500976 0.948033 0.959694 0.241112
50 0.523691 0.301987 0.1824 0.203825 0.19113
42 0.268575 0.081271 0.532135 0.159612 0.186095
44 0.836231 0.101752 0.32598 0.202732 0.172008
44 0.0787916 0.307641 0.15711 0.304666 0.108875
51 0.393222 0.368246 0.0656227 0.104101 0.0972972
50 0.484498 0.239644 0.0589403 0.0794181 0.0882529
50 0.568093 0.316562 0.0956762 0.168847 0.0851064
50 0.523508 0.260859 0.187043 0.285235 0.0763156
50 0.500455 0.534727 0.137451 0.180824 0.0730735
50 0.690551 0.39156 0.0910913 0.11559 0.0686459
44 0.835801 0.153132 0.32827 0.30286 0.0686347
42 0.835899 0.101454 0.32705 0.201795 0.0600766
42 0.0782285 0.307619 0.156126 0.301329 0.0568816
51 0.897817 0.439767 0.0269236 0.0783055 0.0533722
50 0.779068 0.369327 0.0643448 0.10696 0.0523005
45 0.835956 0.102007 0.326887 0.20266 0.0458573
50 0.481497 0.267679 0.10812 0.136614 0.04503
50 0.870304 0.487746 0.0716743 0.0924863 0.0443594
51 0.414202 0.763228 0.080458 0.118945 0.0419922
50 0.707542 0.391706 0.0581411 0.114652 0.0414876
50 0.66689 0.474547 0.0476748 0.0507706 0.0408646
51 0.827161 0.436438 0.105899 0.0560112 0.039469
50 0.478067 0.168851 0.0480228 0.0839626 0.0376297
50 0.527375 0.317373 0.0952822 0.173674 0.0372928
44 0.27116 0.229143 0.54232 0.451502 0.0372461
50 0.483649 0.203243 0.0610928 0.152846 0.0324058
42 0.835801 0.153132 0.32827 0.30286 0.0294754
45 0.835675 0.153526 0.328409 0.302392 0.0288102
60 0.505112 0.145953 0.985711 0.291905 0.0250272
50 0.513554 0.269486 0.121409 0.138161 0.0242097
60 0.451536 0.287031 0.899891 0.55692 0.0232312
50 0.589516 0.338111 0.0524148 0.124401 0.023088
60 0.122954 0.570749 0.245211 0.833412 0.021155
50 0.591614 0.306344 0.0458132 0.0596094 0.0202884
50 0.531986 0.518875 0.0786953 0.111533 0.0201333
50 0.594675 0.339548 0.171427 0.185274 0.0199771
50 0.565995 0.319942 0.23124 0.216788 0.0187
50 0.557183 0.603943 0.251661 0.310611 0.0183055
44 0.0854876 0.23598 0.170975 0.451653 0.0174058
50 0.663265 0.378856 0.0390666 0.061446 0.0171835
50 0.644798 0.674977 0.0868301 0.0955343 0.0170036
45 0.268861 0.0818958 0.531844 0.159009 0.016585
50 0.618302 0.621851 0.132171 0.19451 0.0161332
50 0.483159 0.290537 0.11401 0.108006 0.0159914
51 0.497809 0.876351 0.106084 0.126056 0.0156381
50 0.457462 0.49226 0.0560931 0.0969161 0.0155577
50 0.587575 0.359535 0.0518895 0.082935 0.0152384
50 0.568417 0.35115 0.0897188 0.102859 0.0151882
50 0.519863 0.253873 0.139465 0.262353 0.0150759
60 0.126466 0.825042 0.25272 0.330559 0.0150254
50 0.473547 0.287873 0.0943424 0.0876343 0.0150082
44 0.150344 0.236361 0.300689 0.446027 0.0138971
50 0.484984 0.173478 0.0584085 0.0959618 0.0137114
50 0.609839 0.358562 0.170892 0.161435 0.013231
51 0.814609 0.60168 0.173555 0.309233 0.0130241
50 0.474575 0.536638 0.0900316 0.185866 0.0123325
50 0.523589 0.290374 0.10252 0.134157 0.0122784
50 0.668577 0.390247 0.134042 0.115374 0.0122579
51 0.516953 0.796627 0.116501 0.0662537 0.0122484
50 0.631118 0.345155 0.210716 0.208027 0.0122312
50 0.366281 0.359671 0.0392469 0.0753301 0.0122198
50 0.713297 0.48726 0.0509584 0.0911921 0.0118916
45 0.138474 0.12565 0.276947 0.250105 0.0118354
50 0.612729 0.339142 0.103032 0.128959 0.0113118
50 0.690086 0.372769 0.0917164 0.0795793 0.0113054
44 0.082566 0.569328 0.164667 0.827804 0.0112392
44 0.13944 0.134447 0.27888 0.268893 0.0106834
42 0.27116 0.229143 0.54232 0.451502 0.0104703
50 0.393373 0.368393 0.0645689 0.102607 0.0104471
50 0.549267 0.31719 0.0527266 0.16651 0.0104292
50 0.475745 0.156198 0.0440535 0.0605842 0.0102273
50 0.556531 0.240371 0.0559219 0.0689502 0.0101574
50 0.515275 0.204785 0.126659 0.161047 0.00993884
51 0.638112 0.316917 0.0514315 0.104902 0.00958177
50 0.449129 0.275298 0.0465537 0.061513 0.00945339
50 0.459697 0.524058 0.0612985 0.159865 0.00925457
50 0.497873 0.268095 0.0846841 0.128917 0.00924975
50 0.669288 0.208485 0.0374578 0.0342559 0.00920925
45 0.143703 0.0399515 0.277171 0.0766331 0.00903738
50 0.542195 0.299761 0.064037 0.141832 0.00889373
50 0.517433 0.241984 0.127476 0.0900573 0.00873441
50 0.458021 0.41611 0.0310188 0.0583106 0.00852451
50 0.543665 0.703863 0.0949107 0.152664 0.00829265
50 0.596847 0.628935 0.174778 0.221665 0.00824118
43 0.835748 0.102561 0.327086 0.203362 0.00813809
50 0.45665 0.282006 0.0614573 0.0749159 0.0079076
45 0.109908 0.570477 0.219439 0.830718 0.00781083
50 0.484416 0.311938 0.11709 0.14672 0.00757748
50 0.508637 0.306824 0.0719213 0.0835355 0.00734654
51 0.841417 0.468601 0.133957 0.125462 0.00733244
50 0.520027 0.330068 0.0997231 0.136315 0.00732958
51 0.742418 0.556661 0.0353804 0.102484 0.00731409
50 0.508406 0.30096 0.063949 0.0648 0.00726774
51 0.801818 0.677464 0.209492 0.2098 0.00720695
51 0.478291 0.714315 0.0395521 0.080048 0.00718421
50 0.549932 0.289795 0.0483027 0.119062 0.00700769
50 0.489829 0.585697 0.0700996 0.0824459 0.00692484
60 0.502383 0.0968311 0.986276 0.165805 0.00687537
50 0.618899 0.359614 0.117096 0.15852 0.00682914
43 0.269226 0.0818634 0.531298 0.158526 0.00677082
51 0.323887 0.36979 0.0522387 0.115252 0.00654143
50 0.581191 0.632656 0.200694 0.283955 0.00647971
51 0.602551 0.498134 0.079941 0.116004 0.00621104
50 0.569999 0.272818 0.0939376 0.130572 0.00611362
44 0.0451123 0.128488 0.0902245 0.248968 0.00603729
51 0.895559 0.583065 0.0569111 0.0917338 0.00593376
50 0.55818 0.271083 0.0650127 0.126261 0.00564808
50 0.708819 0.360333 0.0544067 0.0522886 0.00557664
50 0.642853 0.395638 0.0767449 0.0936027 0.00556433
42 0.0854876 0.23598 0.170975 0.451653 0.00544289
51 0.232488 0.714746 0.161238 0.183146 0.00543088
50 0.777794 0.384269 0.0576952 0.0720801 0.00543007
50 0.481136 0.230142 0.0923905 0.212473 0.00534067
50 0.535057 0.162113 0.0953196 0.117147 0.00521964
50 0.689889 0.486462 0.0938997 0.0818128 0.00519839
44 0.0609015 0.190368 0.121803 0.119808 0.00509259
50 0.571383 0.345974 0.295181 0.27578 0.00489327
50 0.624373 0.419049 0.0293786 0.0461612 0.00477743
51 0.322346 0.340665 0.129294 0.174681 0.00471228
50 0.700482 0.415069 0.0385954 0.0647541 0.00464109
50 0.636586 0.31764 0.0520086 0.106391 0.00462219
60 0.899105 0.877458 0.20179 0.222715 0.00462151
50 0.456631 0.457312 0.0539211 0.145767 0.00460252
51 0.838371 0.437315 0.134272 0.0662644 0.00444373
50 0.496429 0.295176 0.137713 0.18703 0.00441453
44 0.077425 0.131444 0.154018 0.246523 0.00440061
44 0.0454731 0.19915 0.0909462 0.105097 0.00427243
51 0.737863 0.554447 0.0244245 0.104103 0.00422105
50 0.646296 0.378386 0.072193 0.0643695 0.0041765
50 0.622452 0.381702 0.11404 0.0926613 0.00416663
50 0.452559 0.375757 0.0578703 0.136914 0.0041334
50 0.495057 0.317792 0.0984674 0.121539 0.00410348
51 0.322596 0.523632 0.23969 0.237547 0.00396794
60 0.138474 0.12565 0.276947 0.250105 0.00393492
50 0.518429 0.165693 0.126534 0.121852 0.00385669
50 0.464103 0.391251 0.0422422 0.103558 0.00352979
44 0.107742 0.498141 0.215406 0.965012 0.00351098
42 0.13944 0.134447 0.27888 0.268893 0.00350866
60 0.838317 0.153793 0.323365 0.307586 0.00342345
43 0.835801 0.153132 0.32827 0.30286 0.0034135
60 0.492768 0.819478 0.977756 0.338459 0.00340709
51 0.319409 0.314881 0.117882 0.12329 0.00336877
51 0.783019 0.61259 0.175281 0.334307 0.00335795
51 0.47151 0.866696 0.0527058 0.104141 0.00335571
50 0.811963 0.369958 0.132105 0.109974 0.00335002
50 0.692252 0.46681 0.0929317 0.133653 0.00334644
69 0.471163 0.485595 0.938247 0.961291 0.00331435
50 0.603113 0.599244 0.129718 0.153445 0.00327462
50 0.522107 0.54181 0.101742 0.158773 0.00322884
51 0.333453 0.352262 0.0277595 0.0806875 0.00320506
50 0.632697 0.40569 0.0636636 0.0744089 0.00317007
51 0.195325 0.556684 0.0353581 0.0995394 0.00310105
44 0.0790436 0.419383 0.157613 0.527346 0.0030832
42 0.121216 0.241136 0.242433 0.433506 0.00306612
50 0.556001 0.228131 0.055657 0.0548321 0.00306261
50 0.471773 0.256171 0.0900045 0.109511 0.00304317
50 0.580983 0.673123 0.175648 0.211412 0.00302586
51 0.714947 0.625033 0.239816 0.325157 0.00300384
51 0.50876 0.852842 0.127027 0.174418 0.00298262
51 0.568673 0.415694 0.0763539 0.0375019 0.00296888
51 0.382154 0.313129 0.0364786 0.0472488 0.00292677
51 0.87606 0.572252 0.0969107 0.115844 0.00291628
50 0.53768 0.18683 0.103543 0.156567 0.00289339
51 0.687978 0.767502 0.27838 0.329606 0.00286683
50 0.740626 0.377716 0.143012 0.126124 0.00286654
44 0.270693 0.14728 0.541385 0.294559 0.0028041
40 0.268861 0.0818958 0.531844 0.159009 0.00280121
50 0.609196 0.576222 0.116711 0.105039 0.00277865
50 0.848044 0.39945 0.0597109 0.0342174 0.00276062
51 0.670761 0.21001 0.0363143 0.0330299 0.00272799
50 0.684183 0.405176 0.106026 0.140564 0.00265023
45 0.451536 0.287031 0.899891 0.55692 0.0026454
51 0.718384 0.804112 0.12763 0.140663 0.00262779
51 0.317671 0.329028 0.0972071 0.151369 0.00258595
51 0.382311 0.448512 0.151221 0.271468 0.00255486
50 0.466004 0.382746 0.0540508 0.112291 0.00253043
50 0.548699 0.519336 0.0631792 0.110504 0.00247023
51 0.345496 0.285634 0.0462284 0.0620842 0.0024533
51 0.293177 0.336795 0.0626903 0.0517996 0.00244188
50 0.599668 0.357289 0.233282 0.198575 0.00243717
41 0.143703 0.0399515 0.277171 0.0766331 0.00242934
50 0.567559 0.522825 0.0946652 0.11897 0.00238052
44 0.192579 0.49522 0.384637 0.97066 0.00235814
51 0.305749 0.339488 0.0684999 0.0564577 0.0023115
50 0.782591 0.389512 0.0487555 0.0600023 0.00230366
60 0.838099 0.48952 0.323788 0.97904 0.00228858
44 0.945648 0.131127 0.108501 0.0859698 0.00221694
51 0.2865 0.386995 0.0517091 0.0789967 0.00221547
50 0.557319 0.19299 0.0655972 0.138335 0.0021823
44 0.898438 0.0778304 0.202262 0.151338 0.00217211
50 0.673511 0.369247 0.0594803 0.0767456 0.00216508
51 0.37357 0.320199 0.0568221 0.0718547 0.00213727
50 0.43002 0.380358 0.041106 0.113921 0.00212997
53 0.502508 0.508777 0.990044 0.947489 0.00212628
51 0.346996 0.335004 0.111353 0.168573 0.00207394
50 0.695898 0.364794 0.0798708 0.063328 0.00207305
43 0.0782052 0.309821 0.155666 0.306956 0.00206378
51 0.484468 0.202692 0.0662361 0.156414 0.00204903
45 0.375652 0.231582 0.750992 0.442791 0.00201675
50 0.594324 0.28997 0.0452547 0.0724024 0.00201532
51 0.402692 0.269047 0.0497444 0.030639 0.0020119
50 0.427089 0.371131 0.0330755 0.0890271 0.00200993
50 0.544396 0.36694 0.0440995 0.0716301 0.00196806
50 0.6549 0.405225 0.166068 0.144355 0.00196576
50 0.368881 0.346771 0.0398163 0.0601504 0.00194773
42 0.082566 0.569328 0.164667 0.827804 0.00193307
45 0.0776048 0.531582 0.154953 0.758129 0.00193143
50 0.507216 0.514893 0.119776 0.12136 0.00192302
50 0.494127 0.495877 0.150043 0.260764 0.00192055
45 0.232988 0.22219 0.465976 0.433766 0.00191957
50 0.559542 0.407343 0.272897 0.432297 0.00191817
50 0.556745 0.16906 0.0615817 0.102394 0.00191119
51 0.386833 0.306978 0.0887394 0.0915104 0.00187731
60 0.501991 0.202014 0.983066 0.34473 0.00187328
50 0.622718 0.650633 0.10837 0.135652 0.00187233
50 0.445152 0.350139 0.0388036 0.0755373 0.00185165
60 0.938287 0.0742501 0.122815 0.147634 0.00185066
50 0.372627 0.336927 0.055747 0.107709 0.00184646
51 0.711964 0.816992 0.0857418 0.116552 0.00184107
50 0.285196 0.388527 0.0521882 0.0805982 0.00179985
50 0.840676 0.469727 0.133091 0.130666 0.00178385
51 0.420226 0.276407 0.149321 0.314107 0.00177592
51 0.765519 0.427709 0.031856 0.0364547 0.00176939
50 0.636159 0.155674 0.0965197 0.112008 0.00176096
60 0.629163 0.105101 0.738233 0.210201 0.00175613
45 0.226536 0.0369673 0.11224 0.0737547 0.0017418
44 0.0502463 0.15803 0.100493 0.187609 0.00173554
50 0.47616 0.579961 0.0634819 0.0979229 0.00172085
50 0.444335 0.359713 0.0439486 0.0972903 0.00171745
60 0.631333 0.487425 0.736578 0.97485 0.00171492
44 0.0790112 0.168916 0.158022 0.162716 0.00170028
51 0.332192 0.345783 0.0541519 0.156392 0.00167418
60 0.723818 0.134305 0.548606 0.26861 0.00167328
44 0.146566 0.391797 0.293133 0.783594 0.00167009
69 0.451536 0.287031 0.899891 0.55692 0.00163296
50 0.2319 0.714145 0.163565 0.182224 0.00162756
56 0.138474 0.12565 0.276947 0.250105 0.00161079
50 0.472794 0.147236 0.0464409 0.0537607 0.00159913
51 0.399397 0.288825 0.239224 0.343534 0.00157452
50 0.439738 0.384279 0.0599577 0.125502 0.00155717
50 0.732888 0.400355 0.171827 0.170475 0.00154671
50 0.552505 0.549281 0.0393106 0.053059 0.00153679
51 0.346726 0.312287 0.0562017 0.119058 0.00152326
50 0.582965 0.603288 0.146045 0.173004 0.00146341
51 0.252354 0.71649 0.118409 0.172189 0.00145727
51 0.58186 0.148017 0.0266545 0.0777492 0.00144818
50 0.669948 0.213623 0.0412435 0.0442109 0.00144812
50 0.420393 0.1918 0.112429 0.139967 0.00144362
51 0.326076 0.566145 0.253339 0.341805 0.00143728
51 0.849326 0.700347 0.0743275 0.1061 0.00142527
50 0.578664 0.558532 0.076322 0.0759967 0.00142387
50 0.596632 0.299795 0.050528 0.0735146 0.00141281
50 0.268575 0.081271 0.532135 0.159612 0.00140852
60 0.738502 0.0893618 0.515911 0.178724 0.00140512
50 0.613945 0.392018 0.256469 0.188478 0.00139934
44 0.216037 0.0375953 0.133987 0.0748542 0.00139669
51 0.417082 0.370984 0.108173 0.115684 0.001385
76 0.836049 0.102433 0.326294 0.204062 0.00137171
50 0.579742 0.57306 0.123744 0.109179 0.00135913
50 0.561819 0.225256 0.0637732 0.0746874 0.00135407
50 0.627843 0.68944 0.107413 0.142393 0.00134376
76 0.268861 0.0818958 0.531844 0.159009 0.00133589
40 0.109908 0.570477 0.219439 0.830718 0.00133556
42 0.0790436 0.419383 0.157613 0.527346 0.00131837
50 0.45956 0.5377 0.0803555 0.191124 0.00131738
50 0.553939 0.154573 0.071345 0.105712 0.00131708
50 0.50216 0.593069 0.0936296 0.101159 0.00130999
50 0.597036 0.378158 0.109461 0.121994 0.00130865
51 0.891422 0.441202 0.03867 0.0796851 0.00130162
51 0.324531 0.468487 0.236021 0.308111 0.00127563
50 0.463587 0.34037 0.0628382 0.107416 0.00124696
50 0.653698 0.360723 0.075614 0.095519 0.00123829
50 0.457727 0.313664 0.0633663 0.131804 0.0012171
51 0.857408 0.440281 0.108052 0.0821356 0.00121367
50 0.480228 0.321943 0.0686659 0.140379 0.00119993
50 0.639041 0.740853 0.0459557 0.049925 0.00119892
51 0.597732 0.182567 0.177727 0.177192 0.00119558
43 0.27116 0.229143 0.54232 0.451502 0.00118318
45 0.182541 0.037693 0.196367 0.075386 0.00118151
60 0.192579 0.49522 0.384637 0.97066 0.00117996
50 0.380479 0.707727 0.0844576 0.103551 0.00116578
50 0.523128 0.361219 0.0619178 0.0695088 0.00114825
42 0.107742 0.498141 0.215406 0.965012 0.00114611
43 0.13944 0.134447 0.27888 0.268893 0.00113967
50 0.732741 0.432808 0.185949 0.202251 0.00113764
50 0.422734 0.37525 0.101388 0.129803 0.00113219
50 0.477668 0.590831 0.0443698 0.0821162 0.00113031
50 0.669734 0.394963 0.0727526 0.100509 0.00113001
