41 0.522858 0.551025 0.75324 0.849549 0.956759
79 0.539008 0.264582 0.19999 0.33708 0.903014
79 0.412225 0.340421 0.15758 0.178908 0.783421
79 0.251441 0.274271 0.208726 0.279523 0.426173
79 0.282022 0.351037 0.268466 0.430321 0.310514
79 0.416261 0.454257 0.167558 0.408206 0.0396009
41 0.475245 0.825309 0.449798 0.289307 0.031812
79 0.301982 0.410715 0.30704 0.552689 0.0279892
75 0.524071 0.549661 0.754802 0.852996 0.0203228
79 0.439924 0.478165 0.2171 0.459518 0.0176404
39 0.524071 0.549661 0.754802 0.852996 0.0132098
60 0.498883 0.674514 0.997766 0.628468 0.008553
79 0.538256 0.193256 0.198716 0.192488 0.00769451
40 0.524726 0.551096 0.754557 0.848273 0.00597346
79 0.467625 0.212449 0.0567053 0.129364 0.00552896
79 0.362772 0.476675 0.190582 0.463601 0.00524902
79 0.391219 0.398813 0.196729 0.301373 0.00473461
79 0.323711 0.443128 0.227129 0.555473 0.0046663
71 0.831003 0.894279 0.335307 0.196026 0.00385791
79 0.35385 0.465722 0.162092 0.116284 0.00322768
79 0.834925 0.8681 0.326708 0.143906 0.00318035
71 0.496553 0.677715 0.993105 0.623562 0.00289404
71 0.860914 0.929528 0.276349 0.132982 0.00274765
79 0.371465 0.285009 0.446596 0.29888 0.00254753
45 0.475781 0.829068 0.451717 0.286551 0.0025411
45 0.524071 0.549661 0.754802 0.852996 0.00252455
71 0.691132 0.893926 0.617736 0.19758 0.00233468
79 0.247458 0.238537 0.193835 0.20682 0.00150135
79 0.524071 0.549661 0.754802 0.852996 0.00122607
71 0.840229 0.868212 0.316931 0.145414 0.00117162
79 0.496834 0.61197 0.1187 0.167552 0.00116512
61 0.524071 0.549661 0.754802 0.852996 0.00114894
41 0.525892 0.554354 0.447088 0.293111 0.00114796
