15 0.508261 0.526621 0.431829 0.502495 0.141568
14 0.504376 0.529515 0.422956 0.512781 0.00554931
20 0.510399 0.529288 0.436536 0.508292 0.00341991
13 0.492967 0.598523 0.981101 0.802954 0.00258541
21 0.510648 0.530195 0.438896 0.51145 0.00258413
22 0.510399 0.529288 0.436536 0.508292 0.00239927
16 0.510648 0.530195 0.438896 0.51145 0.00210717
60 0.479526 0.503255 0.948331 0.993491 0.00201744
23 0.504376 0.529515 0.422956 0.512781 0.00150082
14 0.40179 0.520443 0.0296709 0.0500256 0.00144956
57 0.472827 0.497501 0.935615 0.995003 0.00105435
