25 0.479788 0.49584 0.959576 0.991679 0.0116486
25 0.808373 0.71992 0.360964 0.53948 0.0091061
74 0.8064 0.728426 0.364734 0.529799 0.00807744
25 0.996074 0.420634 0.00785211 0.841268 0.00593325
25 0.999624 0.377973 0.000752075 0.755946 0.00317323
25 0.997695 0.510769 0.00460992 0.902503 0.00267485
14 0.802831 0.720097 0.364593 0.537404 0.00202343
17 0.78623 0.728061 0.401002 0.528678 0.00147396
73 0.9984 0.396814 0.0031994 0.78831 0.00141126
0 0.997695 0.510769 0.00460992 0.902503 0.00123066
25 0.998963 0.604706 0.00207452 0.790588 0.00121021
35 0.541341 0.333513 0.0975742 0.0666224 0.0011414
0 0.996074 0.420634 0.00785211 0.841268 0.00102881
25 0.7272 0.727314 0.508104 0.531472 0.00101155
