0 0.381369 0.532335 0.350031 0.629665 0.0150432
0 0.466448 0.451003 0.153247 0.414118 0.0118925
25 0.543652 0.487124 0.859126 0.974248 0.00785726
25 0.801916 0.69172 0.368471 0.601886 0.00606397
60 0.543652 0.487124 0.859126 0.974248 0.00545239
0 0.421036 0.604723 0.416998 0.757681 0.00413299
34 0.353183 0.620524 0.106108 0.4299 0.0040718
25 0.227493 0.508637 0.0571792 0.213846 0.00394949
26 0.794916 0.540431 0.140083 0.289346 0.00385392
25 0.794436 0.538746 0.141521 0.283454 0.00364876
0 0.298262 0.301211 0.108613 0.19399 0.0035263
0 0.472437 0.519954 0.157944 0.306889 0.00337112
13 0.362873 0.674671 0.651234 0.645999 0.00317061
17 0.415317 0.67789 0.434024 0.6178 0.00266746
25 0.591156 0.678349 0.788145 0.629677 0.00263226
14 0.852541 0.690541 0.266663 0.600025 0.00261924
25 0.362873 0.674671 0.651234 0.645999 0.00239879
25 0.852977 0.704476 0.27912 0.577259 0.00215769
0 0.584333 0.494121 0.776746 0.988241 0.00215554
25 0.373404 0.789736 0.615213 0.407498 0.00215343
13 0.334948 0.771268 0.618202 0.442921 0.00214085
17 0.801916 0.69172 0.368471 0.601886 0.00211212
0 0.490922 0.320612 0.0831245 0.153077 0.0021098
79 0.954614 0.942046 0.0907711 0.114392 0.00174031
25 0.394678 0.679248 0.469105 0.623199 0.00165352
25 0.374413 0.497525 0.748001 0.99505 0.00164029
25 0.741971 0.664914 0.438823 0.53753 0.00160912
13 0.417216 0.680491 0.444477 0.620869 0.00156736
73 0.7954 0.539088 0.139586 0.28775 0.0015274
25 1 0.388033 0 0.710351 0.00152704
74 0.336675 0.790605 0.591758 0.405801 0.00151464
0 0.295544 0.487615 0.115154 0.564514 0.00141808
25 0.817508 0.840429 0.353302 0.307182 0.00140759
60 0.338669 0.495175 0.676787 0.990349 0.00136739
18 0.415317 0.67789 0.434024 0.6178 0.00136393
0 0.801916 0.69172 0.368471 0.601886 0.00129655
0 0.586631 0.672298 0.779567 0.616616 0.00129136
65 0.794279 0.538973 0.141541 0.285245 0.00124747
46 0.297387 0.300789 0.107312 0.192172 0.00123414
75 0.470629 0.508913 0.157456 0.229621 0.00119796
77 0.382553 0.523157 0.332635 0.62181 0.00117779
0 0.794916 0.540431 0.140083 0.289346 0.00117236
26 0.228393 0.507046 0.0603238 0.214985 0.00117177
15 0.854809 0.691527 0.262097 0.595812 0.00117016
23 0.855077 0.693677 0.264775 0.597052 0.00115651
67 0.794916 0.540431 0.140083 0.289346 0.00112805
25 0.873437 0.849029 0.20692 0.294145 0.00111872
23 0.413415 0.583489 0.404522 0.717226 0.00110674
0 0.852977 0.704476 0.27912 0.577259 0.00106499
20 0.382124 0.530965 0.344413 0.634108 0.00105765
60 0.586631 0.672298 0.779567 0.616616 0.00104123
18 0.382553 0.523157 0.332635 0.62181 0.00103351
46 0.470814 0.445432 0.156334 0.402458 0.00103071
25 0.918744 0.853235 0.151478 0.2886 0.00103036
0 0.494591 0.44682 0.105341 0.401455 0.00102878
25 0.382553 0.532419 0.341584 0.644276 0.00102681
76 0.95234 0.940991 0.0948038 0.117181 0.00102383
44 0.352515 0.688517 0.101765 0.291286 0.00100181
