11 0.480884 0.540133 0.075425 0.0588545 0.914504
6 0.726663 0.516732 0.545071 0.953363 0.885442
0 0.921876 0.12291 0.1031 0.124315 0.222881
5 0.733489 0.511069 0.53281 0.969572 0.120224
0 0.895628 0.33786 0.081621 0.171496 0.112833
0 0.935763 0.125376 0.0706269 0.118277 0.0624152
7 0.732343 0.513208 0.531947 0.960636 0.0619183
0 0.91316 0.236848 0.121626 0.350141 0.0599073
0 0.955852 0.922909 0.0879761 0.15127 0.0216758
56 0.68129 0.637251 0.0518397 0.0878101 0.00994822
0 0.900685 0.277531 0.0929871 0.292528 0.00958142
0 0.901267 0.318293 0.0696129 0.133577 0.00551432
13 0.68154 0.636626 0.0511965 0.0871656 0.00482625
9 0.448705 0.0636598 0.036477 0.0451378 0.00413427
0 0.935746 0.943564 0.0426335 0.0951767 0.00338212
0 0.972324 0.924598 0.0540731 0.142464 0.00302887
1 0.68154 0.636626 0.0511965 0.0871656 0.00299808
0 0.902152 0.296934 0.06953 0.0995776 0.00274894
0 0.890104 0.248692 0.168732 0.37709 0.00266454
2 0.736438 0.51343 0.527124 0.960603 0.00237533
2 0.68154 0.636626 0.0511965 0.0871656 0.00236228
0 0.95342 0.940408 0.0798291 0.116445 0.0023419
37 0.68154 0.636626 0.0511965 0.0871656 0.00214589
0 0.86183 0.612463 0.0486003 0.0336401 0.00203732
8 0.68154 0.636626 0.0511965 0.0871656 0.00181845
29 0.480884 0.540133 0.075425 0.0588545 0.00168499
9 0.429362 0.0432513 0.0755051 0.0858593 0.00167501
8 0.732343 0.513208 0.531947 0.960636 0.00160179
0 0.934272 0.193392 0.0431016 0.198978 0.00149366
0 0.862082 0.606572 0.051017 0.0471537 0.00136495
0 0.908774 0.276028 0.0598913 0.0495009 0.00132409
0 0.688622 0.356882 0.0138526 0.0185952 0.00124034
2 0.913181 0.255952 0.1159 0.38203 0.00119224
0 0.904937 0.282938 0.0650398 0.0654778 0.00114721
31 0.68129 0.637251 0.0518397 0.0878101 0.00112167
30 0.68129 0.637251 0.0518397 0.0878101 0.0010432
2 0.897282 0.337941 0.0834803 0.171303 0.00103667
11 0.482113 0.511367 0.0335786 0.0118662 0.00103441
