6 0.366322 0.531751 0.73039 0.518946 0.823701
58 0.669263 0.6667 0.0962093 0.161916 0.742892
58 0.750331 0.637511 0.0772183 0.124786 0.331434
58 0.772314 0.635983 0.124409 0.127329 0.133031
58 0.799006 0.625112 0.0440456 0.090937 0.0893728
58 0.35094 0.806006 0.0573208 0.123049 0.0571438
58 0.806713 0.624981 0.0529385 0.0986382 0.0449095
58 0.677759 0.659054 0.0633131 0.144902 0.0297603
58 0.348262 0.819913 0.0512113 0.0947137 0.0247227
0 0.723455 0.51437 0.0131481 0.0388589 0.0226435
58 0.644723 0.668746 0.0469888 0.141055 0.0220247
58 0.792422 0.628979 0.0535723 0.107907 0.0148599
58 0.762165 0.633045 0.0524277 0.119129 0.0146404
58 0.80644 0.622697 0.0370895 0.0905797 0.0144174
58 0.817939 0.623708 0.0516695 0.0954306 0.0122318
58 0.6494 0.654306 0.0564103 0.127952 0.0118517
10 0.904242 0.573832 0.150187 0.580642 0.0112227
58 0.668739 0.71453 0.0568315 0.0661601 0.0110027
58 0.780674 0.638042 0.0254723 0.109871 0.0107334
58 0.666884 0.725141 0.0560768 0.0466623 0.00960973
58 0.776161 0.63337 0.0557915 0.11804 0.00940329
58 0.905258 0.573146 0.148071 0.577646 0.00848305
58 0.671526 0.688149 0.065202 0.119489 0.00834295
58 0.800434 0.622932 0.0752777 0.101063 0.0077343
58 0.666809 0.717469 0.0399575 0.0592987 0.00751409
58 0.72692 0.627757 0.0319575 0.0432556 0.00691068
58 0.690243 0.642283 0.0512722 0.112445 0.00665846
58 0.642059 0.639483 0.0411883 0.0856827 0.00662827
6 0.90608 0.575417 0.156279 0.599663 0.00658929
58 0.54804 0.784786 0.148592 0.0954844 0.00649837
58 0.665085 0.83214 0.166274 0.161653 0.00607705
58 0.727944 0.63714 0.0346517 0.064248 0.00601709
58 0.332826 0.802571 0.114838 0.131994 0.00546044
0 0.743272 0.513629 0.0113358 0.0344021 0.00504974
58 0.810508 0.63231 0.0347359 0.0797091 0.00502962
58 0.546036 0.811807 0.161196 0.150705 0.00469515
58 0.660008 0.678077 0.0554412 0.136954 0.00446796
58 0.757286 0.649598 0.0481163 0.0997217 0.00444689
58 0.465696 0.810022 0.0415751 0.116896 0.00442883
58 0.731507 0.647145 0.0423368 0.0853147 0.00439113
58 0.461698 0.789008 0.0284575 0.0717209 0.00438446
58 0.432012 0.801862 0.0401009 0.0668213 0.00437415
58 0.5135 0.779554 0.0805517 0.0840583 0.00424066
58 0.593109 0.783418 0.0410269 0.0705248 0.00421372
58 0.429592 0.814414 0.0337433 0.0346179 0.00411791
58 0.522153 0.817926 0.217926 0.166182 0.00381872
58 0.589596 0.776534 0.0314594 0.0605988 0.00381517
58 0.427887 0.818887 0.0430139 0.0434812 0.00379223
58 0.554422 0.778906 0.0932702 0.0870847 0.00372899
58 0.534922 0.779495 0.0930965 0.0868083 0.00361544
58 0.636485 0.637278 0.0302132 0.0706088 0.00346148
58 0.730646 0.806974 0.0403274 0.0492922 0.00341731
58 0.635398 0.826098 0.127851 0.161882 0.00340202
58 0.72628 0.626092 0.0340192 0.0595446 0.00337455
58 0.777 0.622248 0.0240265 0.0988449 0.00325635
58 0.585548 0.823629 0.235103 0.176522 0.00322053
58 0.597132 0.80407 0.0523703 0.0949282 0.0029107
58 0.593532 0.792818 0.0563415 0.0884644 0.00267932
6 0.371311 0.658521 0.737599 0.257019 0.00258255
58 0.343685 0.796352 0.0421878 0.110054 0.00257212
58 0.442655 0.807922 0.0738426 0.109865 0.00256217
58 0.828252 0.625559 0.0373501 0.0948377 0.00253224
58 0.748287 0.65523 0.0567533 0.0883123 0.00238791
58 0.355348 0.801053 0.0786464 0.13186 0.00238591
58 0.801143 0.639696 0.0469273 0.0909384 0.00231704
58 0.746165 0.62254 0.0527241 0.0924459 0.00224143
58 0.597973 0.779293 0.0549541 0.075231 0.00214231
58 0.427789 0.829592 0.0469218 0.0676275 0.00195354
58 0.645401 0.814268 0.0862569 0.121672 0.00193039
58 0.477165 0.877718 0.0633615 0.15427 0.00187644
58 0.702442 0.63657 0.0331256 0.0823799 0.00181174
58 0.578424 0.778506 0.0603604 0.0861132 0.0017871
58 0.703913 0.843953 0.0641307 0.0901711 0.00177377
49 0.342167 0.754882 0.0351089 0.0268862 0.0017719
58 0.599646 0.819063 0.0524641 0.10955 0.00173369
58 0.779388 0.658261 0.0231041 0.0757362 0.00167149
58 0.605166 0.804956 0.0345519 0.0783435 0.00166661
58 0.44382 0.796816 0.0560045 0.0816535 0.00161585
58 0.599195 0.789054 0.0467201 0.0587718 0.00161445
58 0.708463 0.628014 0.0334228 0.0743679 0.00160867
58 0.692895 0.608863 0.0241131 0.0459129 0.00160849
6 0.783124 0.53445 0.120008 0.137486 0.00158954
58 0.706986 0.610983 0.0315016 0.0479284 0.00156617
58 0.369944 0.806617 0.0699511 0.0844017 0.00148532
58 0.681929 0.672857 0.0572556 0.0825803 0.00147927
51 0.258441 0.754141 0.08058 0.0431028 0.00142926
49 0.258441 0.754141 0.08058 0.0431028 0.0014267
58 0.475649 0.811016 0.556734 0.172805 0.00140625
58 0.477316 0.816725 0.0648592 0.107757 0.00137547
58 0.452613 0.827828 0.0991892 0.148568 0.00137162
58 0.474376 0.839069 0.0533646 0.0871684 0.00134879
58 0.474684 0.846969 0.11248 0.191043 0.00126323
0 0.88641 0.507426 0.0214218 0.0570835 0.00125653
0 0.805693 0.513485 0.0135162 0.0416734 0.00124693
58 0.366457 0.803097 0.120676 0.125732 0.00117552
58 0.608283 0.790489 0.0221104 0.0483665 0.00116277
0 0.634082 0.481419 0.0193254 0.0351172 0.00114626
58 0.48471 0.859213 0.0784624 0.131041 0.00113907
58 0.463182 0.846465 0.0286255 0.0383286 0.00110298
75 0.666809 0.717469 0.0399575 0.0592987 0.00107068
58 0.678381 0.644887 0.0441229 0.113764 0.00104836
0 0.891211 0.38794 0.024189 0.0349196 0.00104389
58 0.661219 0.811794 0.0607139 0.0934191 0.00102991
6 0.402954 0.424101 0.801801 0.323427 0.00101748
58 0.612183 0.80582 0.0311316 0.0847193 0.00101221
58 0.47262 0.791147 0.0549913 0.0802706 0.00100315
