45 0.77534 0.609672 0.229097 0.232404 0.928512
45 0.692127 0.846756 0.254852 0.293142 0.888093
45 0.901973 0.799674 0.196054 0.286748 0.881352
45 0.532529 0.187008 0.200656 0.129537 0.868314
60 0.512749 0.547867 0.974503 0.904265 0.863245
44 0.889291 0.660388 0.116767 0.27624 0.853015
45 0.499799 0.503972 0.268804 0.192145 0.786679
44 0.417828 0.133968 0.11302 0.0912956 0.784668
45 0.626671 0.39421 0.216883 0.14929 0.764652
44 0.885641 0.492697 0.154987 0.0882193 0.725674
44 0.550264 0.466853 0.318781 0.109639 0.712117
45 0.652519 0.302204 0.239397 0.128262 0.706357
51 0.299462 0.787835 0.0567374 0.0824562 0.704112
45 0.14217 0.287868 0.179233 0.116206 0.692153
44 0.750285 0.284796 0.0728039 0.0618265 0.658934
45 0.13761 0.485944 0.274162 0.197292 0.642226
45 0.254044 0.22837 0.149844 0.0946437 0.60151
51 0.688611 0.874994 0.0869251 0.065768 0.558871
51 0.632143 0.840546 0.0391348 0.115464 0.553439
45 0.0567264 0.379476 0.113453 0.154993 0.550213
51 0.731762 0.829946 0.0657701 0.148402 0.445419
44 0.3864 0.907862 0.160217 0.181775 0.441563
45 0.635837 0.162437 0.147926 0.123858 0.43555
51 0.622257 0.894094 0.0552286 0.0588506 0.430704
45 0.367753 0.187013 0.138221 0.0724965 0.423551
51 0.639067 0.859718 0.054581 0.152416 0.419633
43 0.885714 0.49252 0.153656 0.0890372 0.411294
51 0.69589 0.808637 0.0162302 0.0548622 0.407566
44 0.808489 0.891912 0.210969 0.210846 0.380107
51 0.956487 0.798774 0.0402048 0.0194191 0.352879
51 0.606611 0.850073 0.0468006 0.0401983 0.340929
42 0.386304 0.909162 0.160922 0.178488 0.264031
50 0.281925 0.589653 0.0342344 0.0640372 0.222716
51 0.472741 0.749897 0.0385506 0.0395875 0.211237
45 0.336232 0.343841 0.39341 0.254925 0.181711
50 0.415823 0.734446 0.0478184 0.0545792 0.174993
45 0.741 0.235892 0.125403 0.0778575 0.171011
50 0.164246 0.715988 0.04445 0.0696314 0.166843
45 0.883528 0.352834 0.220934 0.149351 0.149519
51 0.717588 0.80205 0.0366551 0.0927512 0.148992
50 0.2135 0.73573 0.0632871 0.0597944 0.147088
50 0.466642 0.851894 0.0539348 0.0586343 0.145817
45 0.806476 0.44516 0.162476 0.12333 0.13199
50 0.363014 0.694118 0.0482775 0.058092 0.129146
45 0.0422842 0.758757 0.083902 0.280052 0.122431
51 0.656936 0.902398 0.0222801 0.0652842 0.113352
51 0.421293 0.816755 0.0229467 0.0884435 0.111225
72 0.94395 0.197446 0.111948 0.391632 0.109589
50 0.165502 0.703417 0.0431115 0.0443799 0.108012
50 0.504751 0.820724 0.0596924 0.050206 0.102368
50 0.319144 0.620811 0.0468562 0.0375909 0.0990909
42 0.813672 0.890244 0.200517 0.214318 0.0978706
51 0.695546 0.93927 0.0281404 0.0198474 0.0976148
50 0.361716 0.835891 0.0289199 0.0504374 0.0967746
50 0.481256 0.696668 0.0454978 0.0864182 0.092516
51 0.606416 0.840656 0.0469776 0.0598559 0.0909849
44 0.881198 0.56723 0.0571419 0.0852783 0.0905811
50 0.532172 0.728026 0.0818665 0.0682205 0.0838816
45 0.337708 0.731783 0.566988 0.50988 0.0812947
50 0.322761 0.678242 0.0485283 0.09695 0.0767097
50 0.263432 0.685055 0.0392946 0.0371366 0.0752974
50 0.297613 0.523868 0.0406927 0.0590287 0.0750773
50 0.165325 0.635968 0.0370654 0.0344289 0.0737282
50 0.120153 0.674236 0.0346257 0.0344332 0.0700421
51 0.631706 0.856524 0.0796328 0.155769 0.0693718
51 0.911497 0.802322 0.0192745 0.0302457 0.0666721
43 0.556588 0.469082 0.331374 0.108491 0.06333
50 0.200637 0.568647 0.0537514 0.0707303 0.0631356
50 0.629348 0.769965 0.0329206 0.0332048 0.0605268
50 0.411481 0.630347 0.0696953 0.0453 0.0570778
45 0.923693 0.513591 0.149644 0.153935 0.0570073
50 0.295882 0.891654 0.0519452 0.0683245 0.0563088
51 0.735741 0.848191 0.0617794 0.105574 0.0540342
50 0.282594 0.706309 0.0795711 0.0806597 0.0530816
50 0.211398 0.646467 0.0616742 0.0720685 0.0529505
51 0.37252 0.885337 0.0365725 0.0496243 0.0508888
51 0.689909 0.808119 0.0246487 0.0549492 0.0508668
50 0.457401 0.8018 0.0498182 0.0516492 0.0503942
53 0.342967 0.732653 0.559074 0.509732 0.0499961
50 0.321864 0.60758 0.0522977 0.0636503 0.0495051
51 0.745094 0.868778 0.0387833 0.0621951 0.0487348
45 0.843083 0.454607 0.236663 0.144577 0.0484373
50 0.325681 0.555987 0.0277262 0.0496498 0.048218
50 0.464109 0.646984 0.0282482 0.0497777 0.0457307
51 0.697101 0.813445 0.0254373 0.0642845 0.0453021
50 0.465687 0.633043 0.031972 0.0594153 0.0452715
51 0.425842 0.819653 0.0319113 0.082856 0.0451559
44 0.842767 0.940476 0.142204 0.112679 0.044865
50 0.437306 0.641096 0.0836675 0.0650124 0.0448163
50 0.312059 0.68085 0.0723618 0.0912542 0.0429404
50 0.113177 0.654176 0.0631436 0.0704521 0.0427716
51 0.251083 0.605138 0.0339811 0.0615199 0.0411355
50 0.490446 0.83176 0.0875475 0.0749207 0.0409589
50 0.470343 0.829639 0.0719806 0.104563 0.0402059
50 0.455561 0.638488 0.0533857 0.0674505 0.0387532
44 0.91322 0.607545 0.0750027 0.168551 0.0384439
44 0.570569 0.443268 0.262159 0.0495997 0.0379566
50 0.199008 0.577713 0.0509617 0.0516473 0.0376322
50 0.105063 0.653537 0.0454848 0.0665347 0.0364554
51 0.740888 0.834187 0.13198 0.1593 0.0350448
50 0.212679 0.758016 0.0736176 0.113912 0.0347058
50 0.208909 0.563194 0.0701613 0.0820038 0.0333523
50 0.628736 0.775303 0.0354941 0.0450277 0.0332951
43 0.84004 0.940091 0.148649 0.111987 0.0331863
50 0.267503 0.639405 0.0293532 0.02575 0.0328421
50 0.524582 0.72463 0.0575406 0.058739 0.0317709
45 0.861524 0.497844 0.273589 0.180476 0.031706
50 0.401932 0.636884 0.0956056 0.0611766 0.0311468
50 0.332889 0.588313 0.0724081 0.100327 0.0302569
50 0.31449 0.59831 0.0691109 0.0814106 0.0302286
50 0.32479 0.657819 0.0453228 0.0557363 0.0295748
50 0.34831 0.581713 0.047491 0.0453911 0.0295319
50 0.527761 0.739563 0.0926208 0.0890457 0.0288096
50 0.27676 0.873411 0.0855459 0.103588 0.0287407
50 0.347047 0.577709 0.0381314 0.035459 0.0281503
51 0.69331 0.806502 0.0266212 0.0636851 0.0279283
50 0.40012 0.835851 0.0256857 0.0594184 0.0273273
52 0.758745 0.445216 0.046129 0.0438211 0.0266194
50 0.451304 0.787843 0.0721697 0.0822994 0.0264849
50 0.483753 0.833563 0.106601 0.089119 0.0264389
50 0.154671 0.725133 0.0176854 0.0523554 0.0261396
55 0.0544881 0.358285 0.107806 0.107776 0.0258427
50 0.670863 0.78343 0.0490128 0.0594236 0.0257094
50 0.521524 0.717115 0.0504223 0.0429408 0.0255957
50 0.324189 0.591894 0.057078 0.0670631 0.0250256
50 0.289738 0.723496 0.0597171 0.0505231 0.0250005
50 0.29511 0.686551 0.100286 0.105683 0.0247988
50 0.397582 0.850938 0.0469308 0.0889516 0.0247867
50 0.326145 0.565093 0.0337472 0.0663704 0.0237562
50 0.272981 0.635648 0.0414797 0.0326403 0.0236003
51 0.79966 0.873976 0.20186 0.238633 0.0233912
50 0.366344 0.706904 0.0476633 0.0379793 0.0233364
44 0.759705 0.271133 0.0794671 0.0518744 0.0226046
50 0.393959 0.837709 0.0369481 0.0642387 0.0225834
50 0.316904 0.64221 0.142147 0.200159 0.0223845
50 0.318457 0.592157 0.0452419 0.0424573 0.0222251
50 0.275484 0.61757 0.0467812 0.0691544 0.0219472
50 0.421219 0.817819 0.0229906 0.0878816 0.0214819
50 0.396059 0.625253 0.091278 0.0420413 0.0213586
50 0.427872 0.59292 0.0507814 0.0506201 0.0211339
50 0.404439 0.884132 0.0350902 0.0417501 0.0200468
51 0.664496 0.858889 0.105984 0.15448 0.0198229
50 0.118917 0.680872 0.0377615 0.0504186 0.0194737
50 0.442928 0.649389 0.0676992 0.0500107 0.0191083
50 0.318594 0.574232 0.111975 0.14304 0.0190192
45 0.255075 0.2139 0.144774 0.0626526 0.0189657
50 0.672736 0.792969 0.0547267 0.0800392 0.0185977
50 0.404344 0.735457 0.0747372 0.0596202 0.0184827
50 0.380243 0.835652 0.064031 0.069647 0.018428
44 0.497962 0.467412 0.2141 0.108873 0.0184173
41 0.901041 0.796927 0.196838 0.289791 0.0181678
50 0.295604 0.603743 0.0794014 0.0936776 0.0178025
45 0.550577 0.46741 0.324549 0.108895 0.0177643
50 0.43349 0.640075 0.0658973 0.0495717 0.0176482
50 0.0987201 0.655252 0.0334806 0.0688459 0.0175468
50 0.424407 0.633029 0.0584697 0.0458572 0.0174485
50 0.192057 0.57898 0.0368916 0.0479925 0.0172866
50 0.390059 0.830379 0.0426431 0.0773332 0.0169136
50 0.25515 0.554901 0.0358252 0.0491114 0.0167856
60 0.506989 0.28766 0.986023 0.376443 0.0166042
45 0.560732 0.573758 0.138822 0.142198 0.0165185
50 0.287412 0.682758 0.0551923 0.0659419 0.0164656
50 0.169635 0.696892 0.0461886 0.0609146 0.0164004
50 0.462173 0.805788 0.0638916 0.0574754 0.0162966
50 0.34154 0.566083 0.0585649 0.0609856 0.016152
50 0.388969 0.638159 0.084094 0.0662389 0.0160653
50 0.166077 0.622219 0.0407733 0.0646294 0.016033
50 0.315718 0.625787 0.0442556 0.0417777 0.0160314
51 0.686086 0.81012 0.0332787 0.0534396 0.0159463
50 0.321232 0.641813 0.0514515 0.0631603 0.0156835
50 0.21314 0.721985 0.0504415 0.0684362 0.0156818
50 0.356454 0.607459 0.253077 0.256469 0.0156006
60 0.155506 0.860473 0.309224 0.260488 0.0148118
50 0.265678 0.697155 0.0443963 0.0621234 0.0147736
51 0.630582 0.89579 0.0736832 0.0735308 0.0146997
44 0.894467 0.575648 0.029607 0.0705942 0.0143065
50 0.460201 0.823663 0.0563314 0.0953835 0.014135
42 0.842767 0.940476 0.142204 0.112679 0.0141306
51 0.651789 0.89603 0.0326191 0.0765166 0.0140693
72 0.167797 0.153235 0.332611 0.302496 0.0140676
50 0.315205 0.70474 0.0322248 0.0468791 0.0139995
50 0.258164 0.852867 0.0464242 0.0676072 0.0138418
44 0.843573 0.48537 0.239274 0.117712 0.0134644
51 0.66891 0.811827 0.0179548 0.028376 0.0134289
50 0.629598 0.788661 0.0378744 0.0665652 0.013386
50 0.447178 0.773612 0.070027 0.0364596 0.0133762
51 0.165217 0.60218 0.0327516 0.0360435 0.0133472
45 0.763157 0.246866 0.175115 0.100053 0.0133186
44 0.658965 0.337974 0.192286 0.0722768 0.0132683
50 0.413482 0.611822 0.0732279 0.0620814 0.0131817
50 0.411063 0.882664 0.0461396 0.0413066 0.0130098
50 0.293143 0.671956 0.0323151 0.0448622 0.0127446
50 0.349489 0.599415 0.0525978 0.0721804 0.0127262
50 0.518403 0.746594 0.0733064 0.089143 0.0126947
43 0.570569 0.443268 0.262159 0.0495997 0.0126501
50 0.752779 0.838495 0.0497383 0.0798209 0.0125572
50 0.360212 0.827983 0.0285471 0.060112 0.0124986
50 0.480939 0.709963 0.0434808 0.0620918 0.0124333
50 0.356933 0.591629 0.0403841 0.0472216 0.0123646
50 0.329626 0.620234 0.163374 0.225249 0.012333
50 0.679527 0.772723 0.0320243 0.0390004 0.0121
42 0.556588 0.469082 0.331374 0.108491 0.0120735
51 0.701152 0.879616 0.0622606 0.0555916 0.0119702
50 0.41655 0.822978 0.0336251 0.085347 0.011938
50 0.21609 0.79647 0.0690334 0.0766935 0.0119354
50 0.345062 0.535137 0.0525534 0.0357947 0.0118847
50 0.39306 0.850903 0.0359116 0.0435974 0.0118484
50 0.229448 0.741242 0.0941725 0.0742531 0.0117971
45 0.546176 0.617084 0.0860901 0.0543983 0.0114558
50 0.443232 0.670832 0.125014 0.141987 0.0114007
50 0.2036 0.80665 0.029437 0.0460991 0.0112997
44 0.0199594 0.74571 0.0399187 0.175916 0.011295
50 0.127333 0.647521 0.0907839 0.0785904 0.0112523
50 0.213088 0.676426 0.0524645 0.0659927 0.0112228
50 0.222678 0.629314 0.0389226 0.0397541 0.011067
44 0.840517 0.526531 0.254728 0.161449 0.010981
44 0.88055 0.553696 0.0584484 0.0552063 0.0108749
44 0.767708 0.286806 0.105642 0.0516183 0.0108458
50 0.251862 0.814495 0.153861 0.234147 0.0107824
44 0.0200981 0.717214 0.0401962 0.119832 0.0107249
50 0.392169 0.563401 0.0288115 0.0360442 0.0106685
50 0.528288 0.678696 0.0458389 0.0359433 0.0104873
45 0.488013 0.11681 0.0827364 0.0327378 0.010486
45 0.576478 0.461911 0.437876 0.307068 0.0103684
50 0.451693 0.657097 0.0494752 0.0526019 0.010289
50 0.216494 0.704497 0.0301791 0.033046 0.0102829
50 0.430326 0.656643 0.0401598 0.0323308 0.0101662
50 0.603694 0.827787 0.0399446 0.0762397 0.0101575
50 0.285652 0.882719 0.0615422 0.079999 0.0101456
50 0.286445 0.541751 0.0221339 0.027036 0.0100041
50 0.203133 0.802352 0.0372239 0.0567916 0.00991502
42 0.750068 0.285053 0.0733246 0.0620885 0.00985932
50 0.260649 0.757314 0.0468925 0.0506994 0.00985491
50 0.611194 0.789279 0.0518067 0.0703931 0.00982413
50 0.205892 0.626521 0.036645 0.0342303 0.00979427
50 0.270003 0.863552 0.0599928 0.0932112 0.00978982
50 0.271026 0.681786 0.0536736 0.0465851 0.00963405
51 0.67922 0.864498 0.066993 0.040892 0.00942767
50 0.302524 0.880285 0.0619539 0.105072 0.00932696
50 0.25331 0.561558 0.032018 0.0511247 0.00926945
44 0.896891 0.569604 0.0345875 0.0918137 0.00909674
44 0.893016 0.567891 0.0722706 0.0883673 0.00908947
45 0.492923 0.54956 0.278028 0.18901 0.00899589
50 0.235014 0.768859 0.1119 0.129294 0.00892377
50 0.681463 0.792676 0.0413658 0.0804034 0.00884265
50 0.372208 0.636951 0.0517713 0.0621366 0.0087949
50 0.339118 0.606118 0.0259989 0.0248834 0.00875229
43 0.808489 0.891912 0.210969 0.210846 0.00871184
50 0.259067 0.607992 0.0413814 0.076226 0.00871167
50 0.261567 0.748784 0.0498975 0.054435 0.00870594
51 0.382422 0.808301 0.021215 0.0381994 0.00865629
50 0.472875 0.75039 0.0378443 0.0408408 0.00863957
50 0.367191 0.775247 0.0655664 0.0687663 0.00863016
50 0.387699 0.562684 0.0386574 0.040108 0.00856766
50 0.506782 0.793724 0.0813195 0.106342 0.00853518
50 0.277053 0.85768 0.0931545 0.136577 0.00849783
50 0.198979 0.624466 0.0350428 0.0301605 0.00838906
50 0.423789 0.593507 0.0361485 0.045016 0.00838608
50 0.500364 0.781721 0.14603 0.175872 0.00837788
50 0.392219 0.718923 0.117374 0.113036 0.0083462
50 0.137424 0.63712 0.102927 0.0974241 0.00822565
50 0.365292 0.623662 0.0303486 0.0349024 0.00815216
50 0.522861 0.678115 0.0331093 0.0335553 0.00811169
50 0.73934 0.924145 0.0574888 0.0500004 0.00804168
50 0.461459 0.656811 0.0337603 0.0493829 0.00804061
50 0.426003 0.658446 0.0279093 0.0257339 0.00803044
51 0.700885 0.858207 0.0482175 0.0350881 0.00801
50 0.477751 0.670706 0.0508261 0.0538704 0.00797155
50 0.182816 0.632669 0.0780483 0.0741254 0.00795424
43 0.38574 0.908171 0.163287 0.179192 0.00793657
50 0.486559 0.667473 0.0332996 0.0384262 0.00780818
50 0.556035 0.726743 0.0332782 0.0366933 0.00778964
50 0.744173 0.829413 0.0519655 0.0759888 0.00777417
52 0.0201634 0.71736 0.0395299 0.120068 0.00775835
50 0.21678 0.806636 0.0607705 0.0608014 0.0077185
50 0.441823 0.592948 0.0275409 0.0442365 0.00770858
50 0.482854 0.846013 0.0958666 0.0770411 0.00770125
60 0.495183 0.21345 0.967728 0.230431 0.00760004
53 0.0552977 0.357199 0.109702 0.108312 0.00759047
42 0.889165 0.660649 0.118118 0.278091 0.00756368
50 0.132685 0.632844 0.0317905 0.0319785 0.00754467
50 0.216105 0.765053 0.0701579 0.0701796 0.00740963
50 0.421646 0.826422 0.0290914 0.0793124 0.00737354
50 0.358127 0.60261 0.0448054 0.0746226 0.00735804
50 0.17953 0.686291 0.0696493 0.0772847 0.00728866
51 0.660743 0.861953 0.180229 0.214299 0.00724149
50 0.287745 0.551605 0.0256551 0.0401733 0.0072239
50 0.207062 0.807337 0.03985 0.049985 0.00717267
50 0.521764 0.75176 0.0653707 0.0542989 0.00716594
50 0.156928 0.718683 0.0384323 0.0643944 0.00714731
50 0.596797 0.788962 0.024182 0.0654788 0.00714523
50 0.211265 0.782559 0.0725906 0.0931609 0.00708216
50 0.598377 0.795318 0.0304043 0.0776372 0.00706935
50 0.261801 0.773207 0.0495959 0.072981 0.00701657
44 0.76851 0.264889 0.0870087 0.09701 0.00700241
50 0.252313 0.851465 0.0376205 0.0611237 0.00698167
50 0.361576 0.633886 0.0313124 0.0560254 0.00697249
50 0.370344 0.764654 0.0592443 0.0810293 0.00696829
44 0.402009 0.936799 0.11962 0.126401 0.00694287
50 0.202434 0.662906 0.0476246 0.0452754 0.00691232
