59 0.49463 0.5 0.989261 1 0.104226
72 0.724448 0.5 0.551104 1 0.0372219
72 0.589702 0.5 0.820596 1 0.0250597
57 0.49463 0.5 0.989261 1 0.0198108
46 0.637945 0.0957444 0.0760236 0.119546 0.0108027
77 0.476941 0.5 0.953882 1 0.00929368
0 0.219734 0.817885 0.0416327 0.0930478 0.00922313
46 0.220976 0.784961 0.0469597 0.158605 0.00744227
46 0.653825 0.523149 0.0875244 0.110907 0.00642994
0 0.49463 0.5 0.989261 1 0.00631681
0 0.220426 0.800576 0.0453521 0.129275 0.00614506
46 0.404158 0.270354 0.070853 0.100162 0.00549373
75 0.476941 0.5 0.953882 1 0.00543636
39 0.403308 0.270907 0.0695299 0.0994342 0.00524884
46 0.652517 0.0961172 0.0597832 0.117862 0.00502041
46 0.653889 0.533816 0.0735867 0.082918 0.0043529
55 0.476941 0.5 0.953882 1 0.00428504
46 0.798351 0.639676 0.0883116 0.138127 0.004271
0 0.334649 0.144813 0.0603618 0.289626 0.00418484
46 0.642855 0.533861 0.0710928 0.0725535 0.0039365
59 0.724448 0.5 0.551104 1 0.00390288
46 0.633097 0.527215 0.0539241 0.08317 0.00383291
46 0.662844 0.524139 0.0665611 0.128713 0.0037396
46 0.966389 0.615623 0.0587244 0.123023 0.00370833
46 0.607196 0.503651 0.0479439 0.0557074 0.00362909
46 0.67473 0.095602 0.0838812 0.117933 0.003521
60 0.496825 0.5 0.99365 1 0.00329489
59 0.469912 0.673168 0.939824 0.653663 0.00328663
46 0.00681804 0.91343 0.0136361 0.17314 0.00321656
46 0.975732 0.618376 0.0440186 0.114137 0.00317499
46 0.635647 0.111289 0.0855869 0.0882189 0.00302437
46 0.61105 0.487915 0.0568474 0.0765174 0.00291249
46 0.210686 0.781301 0.0272189 0.160721 0.00290674
46 0 0.90475 0 0.190501 0.00290215
0 0.728856 0.5 0.542287 1 0.00284547
0 0.332103 0.149683 0.0712235 0.177351 0.00264573
46 0.643658 0.521329 0.0788015 0.0968064 0.0026111
61 0.5 0.5 1 1 0.00255731
46 0.327724 0.186301 0.0620908 0.0569195 0.00244144
46 0.788776 0.649863 0.0760225 0.119464 0.00240678
39 0.233957 0.572107 0.0280282 0.0944916 0.00239688
59 0.741128 0.642569 0.517745 0.714862 0.00234562
46 0.660324 0.54662 0.0601148 0.100138 0.00234437
39 0.510502 0.376258 0.068918 0.104674 0.00234386
39 0.652517 0.0961172 0.0597832 0.117862 0.00232354
15 0.476941 0.5 0.953882 1 0.00227004
39 0.49891 0.378439 0.0420655 0.108775 0.00223711
0 0.230994 0.827449 0.0222955 0.0750717 0.00223061
46 0.601402 0.504971 0.0440502 0.0655033 0.00218171
0 0.220183 0.772026 0.0477048 0.186377 0.00214434
46 0.774164 0.0967603 0.0973202 0.0902163 0.00211611
46 0.974389 0.606168 0.0512226 0.136453 0.00208673
46 0.514135 0.375637 0.0757084 0.109253 0.00204
39 0.233041 0.593687 0.026577 0.0424405 0.00202644
72 0.79799 0.589782 0.40402 0.632608 0.00198647
0 0.663656 0.437902 0.0604792 0.220409 0.00195861
59 0.629741 0.651686 0.740519 0.696628 0.00195426
46 0.975708 0.629174 0.0378239 0.0868182 0.00192821
46 0.22898 0.786281 0.0338878 0.156204 0.00187948
46 0.622525 0.489937 0.0813776 0.0833642 0.00186592
46 0.615553 0.47221 0.070785 0.0839027 0.00184965
46 0.229477 0.796749 0.0268444 0.134586 0.00183472
46 0.607301 0.515991 0.0547873 0.0731008 0.00179446
0 0.49891 0.378439 0.0420655 0.108775 0.00177675
46 0.617796 0.508491 0.0571816 0.0660366 0.00175896
46 0.973905 0.487697 0.05219 0.171957 0.0017485
46 0.80176 0.650905 0.0475599 0.100429 0.00172296
39 0.637945 0.0957444 0.0760236 0.119546 0.00166252
46 0.974192 0.517721 0.0516164 0.108278 0.00165224
65 0.40461 0.270546 0.0707167 0.100441 0.00164628
46 0.603648 0.477433 0.0525209 0.0989889 0.00163054
46 0.630588 0.475187 0.100694 0.109284 0.00161162
0 0.2352 0.589393 0.0269794 0.0734617 0.00161064
46 0.664235 0.0929114 0.0494731 0.116807 0.00160745
39 0.219021 0.817098 0.0373117 0.0964982 0.0015991
0 0.554777 0.0245328 0.463051 0.0490657 0.0015766
39 0.738245 0.0886737 0.0320074 0.104176 0.00152272
4 0.5 0.5 1 1 0.00151762
44 0.209993 0.817278 0.0219252 0.0912837 0.00150993
46 0.637083 0.543584 0.051104 0.0698148 0.00149742
46 0.771152 0.639881 0.0501243 0.0695633 0.00148362
46 0.209817 0.800535 0.0241333 0.121681 0.00145257
41 0.233041 0.593687 0.026577 0.0424405 0.00144231
46 0.220366 0.806428 0.0417826 0.113049 0.00142846
46 0.966259 0.630237 0.0602488 0.0877253 0.00142768
46 0.696294 0.101487 0.0508633 0.102203 0.00142521
0 0.623551 0.0240801 0.332775 0.0481602 0.00142226
46 0.739912 0.0914471 0.0304297 0.100826 0.00139394
46 0.617348 0.441266 0.0906042 0.101267 0.00138935
46 0.967938 0.635267 0.0495838 0.072965 0.00137332
46 0.652167 0.490251 0.101056 0.162644 0.00137302
46 0.658634 0.499237 0.0686117 0.147445 0.00135368
46 0.32758 0.214509 0.0667986 0.10721 0.00135267
72 0.85227 0.533606 0.295461 0.501612 0.00134921
55 0.404158 0.270354 0.070853 0.100162 0.00133488
39 0.327176 0.122364 0.0619863 0.191446 0.00133169
0 0.63923 0.413643 0.0701328 0.174713 0.00133002
46 0.977807 0.572509 0.0443869 0.0944382 0.00132957
46 0.233203 0.817796 0.0175535 0.0884102 0.00132668
46 0.987561 0.400838 0.0248785 0.183257 0.00131169
0 0.511632 0.375112 0.0710583 0.105564 0.00129747
46 0.579906 0.483623 0.0441759 0.0739827 0.00129241
0 0.362046 0.0360323 0.590653 0.0720646 0.00128961
46 0.580326 0.468991 0.0471134 0.0813182 0.00128958
72 0.749649 0.640704 0.500702 0.718592 0.00127798
46 0.987974 0.616371 0.0240515 0.123342 0.00127548
50 0.642855 0.533861 0.0710928 0.0725535 0.00127178
39 0.328094 0.152721 0.064596 0.133593 0.00126728
46 0.794477 0.394473 0.0431139 0.104824 0.00126046
0 0.264489 0.0874946 0.0675764 0.174989 0.00125369
46 0.595492 0.517087 0.0322266 0.0642408 0.00122228
0 0.340374 0.109569 0.0946974 0.219137 0.00121555
46 0.67236 0.374446 0.057982 0.0832702 0.00121522
46 0 0.93682 0 0.12636 0.00121522
34 0.209993 0.817278 0.0219252 0.0912837 0.00120464
39 0.731444 0.0883911 0.0403926 0.10613 0.00120124
27 0.476941 0.5 0.953882 1 0.00118074
39 0.700144 0.0968942 0.0528887 0.117599 0.00117972
46 0.730793 0.0907882 0.0426342 0.109731 0.00117779
46 0.721299 0.0918658 0.0623041 0.107367 0.00116968
46 0.603349 0.465565 0.0882748 0.111406 0.00114307
39 0.220373 0.78532 0.0448195 0.158041 0.00114116
46 0.792551 0.667347 0.0722709 0.0972321 0.00113094
46 0.623488 0.105434 0.111331 0.105792 0.00112218
60 0.728856 0.5 0.542287 1 0.00110328
0 0.376988 0.108329 0.258879 0.21317 0.00110245
46 0.628469 0.455489 0.0959749 0.0923898 0.0010983
41 0.514135 0.375637 0.0757084 0.109253 0.00109214
46 0.533557 0.113113 0.060953 0.119561 0.00108996
46 0.894678 0.627853 0.0701397 0.121579 0.00108242
46 0.803275 0.412897 0.0613986 0.134112 0.00107959
46 0.969214 0.578081 0.0490109 0.139898 0.00107735
41 0.402151 0.27186 0.0680508 0.09966 0.00107625
46 0.671538 0.539424 0.0457115 0.0785264 0.00107217
33 0.486043 0.5 0.972085 1 0.00107187
46 0.945309 0.424378 0.0699497 0.170258 0.00105897
0 0.384782 0.0960142 0.189042 0.192028 0.00105703
59 0.470992 0.307447 0.941985 0.614894 0.00105345
46 0.89278 0.441039 0.0434589 0.139495 0.00105232
39 0.327056 0.171729 0.0629791 0.0927567 0.00105149
46 0.936218 0.404031 0.0525639 0.201631 0.0010508
59 0.855844 0.779709 0.288311 0.440581 0.00101906
46 0.592456 0.447163 0.0966501 0.0968817 0.00101626
0 0.238494 0.530192 0.0471696 0.117621 0.00101539
46 0.967057 0.588027 0.0658867 0.18024 0.00100997
