39 0.502999 0.395174 0.0690811 0.126862 0.00701034
72 0.815278 0.508929 0.367326 0.982143 0.0042499
0 0.999842 0.684874 0.000316786 0.630253 0.00308016
0 0.664316 0.122191 0.0400303 0.235004 0.0030745
72 0.415581 0.500989 0.763219 0.998022 0.00273603
0 0.617515 0.122179 0.0708303 0.241483 0.00259304
0 0.412578 0.11656 0.0566752 0.23312 0.00234306
0 0.399651 0.122907 0.0480891 0.245815 0.00202903
75 0.427159 0.5 0.784555 1 0.00201258
0 0 0.898303 0 0.203394 0.0020068
0 0.540379 0.112563 0.0477762 0.204145 0.00186899
0 0.362479 0.0984371 0.0384761 0.185637 0.00182417
0 0.00065881 0.82289 0.00131762 0.354221 0.001798
0 0 0.843854 0 0.248851 0.00176752
0 0.292434 0.101598 0.0487039 0.191748 0.00175235
0 0.737755 0.116793 0.0388886 0.210396 0.00170037
0 0.386839 0.799057 0.0383477 0.200575 0.00166386
0 0.634553 0.140406 0.0492328 0.234136 0.00162938
0 0.383757 0.759426 0.0382642 0.224374 0.00162402
0 0.356369 0.760019 0.0506342 0.194648 0.00160891
0 0.718261 0.12498 0.0674165 0.249959 0.00156337
69 0.512313 0.556269 0.120607 0.143636 0.00152341
72 0.689805 0.501887 0.620391 0.996226 0.00143942
0 0.487116 0.128796 0.0589876 0.238009 0.00143147
0 0.262353 0.75685 0.0621184 0.140122 0.00139725
0 0.39687 0.15913 0.0423241 0.305152 0.00135395
0 0.338562 0.0963833 0.055774 0.170899 0.0013518
0 0.702807 0.135046 0.0810163 0.251127 0.00134912
60 0.427159 0.5 0.784555 1 0.00134727
68 0.512313 0.556269 0.120607 0.143636 0.00133809
0 0.445257 0.115224 0.0422174 0.230449 0.00133502
0 0 0.947008 0 0.105984 0.00128636
0 0.502999 0.395174 0.0690811 0.126862 0.0012821
0 0.328808 0.096672 0.0516996 0.172167 0.0012773
0 0.518967 0.766158 0.0527868 0.238226 0.00125846
0 0.438417 0.769923 0.0636723 0.285224 0.00114155
0 0.732518 0.135735 0.0475413 0.215353 0.00110981
62 0.415581 0.500989 0.763219 0.998022 0.00108734
72 0.897876 0.586193 0.183931 0.827613 0.0010584
