0 0.394789 0.849691 0.0240892 0.15788 0.0177205
0 0.358522 0.596561 0.121995 0.13462 0.0134019
72 0.728507 0.498694 0.542987 0.997387 0.00900492
0 0.360643 0.854441 0.103513 0.183793 0.00624523
0 0.569703 0.851819 0.0246356 0.181157 0.00611514
0 0.721946 0.5 0.556109 1 0.00411698
0 0.554958 0.501297 0.0429543 0.12671 0.00404075
0 0.357505 0.732588 0.117289 0.404732 0.00394222
0 0.384392 0.843911 0.0483331 0.157662 0.00382775
0 0.357769 0.839965 0.0765039 0.173852 0.0037438
0 0.529478 0.812823 0.0881301 0.254512 0.00354135
0 0.413637 0.625899 0.0288593 0.0767505 0.00339562
0 0.751187 0.829332 0.0610444 0.199354 0.00309706
0 0.556971 0.471736 0.047102 0.147679 0.00282526
0 0.462362 0.367128 0.059592 0.235858 0.00276625
0 0 0.869778 0 0.227708 0.00263697
0 0 0.923494 0 0.153012 0.0025776
0 0.539962 0.5 0.920076 1 0.00253928
0 0 0.822424 0 0.212428 0.00232944
72 0.392234 0.5 0.784468 1 0.00230342
4 0.495146 0.498338 0.990291 0.996677 0.00225616
0 0.395303 0.904688 0.0188875 0.0531255 0.00215858
0 0 0.959874 0 0.0802518 0.00214925
0 0.761214 0.59488 0.0693548 0.229474 0.00212225
0 0.538388 0.606279 0.0768943 0.362459 0.00210801
0 0.762439 0.552501 0.0524698 0.131397 0.00209448
72 0.613623 0.5 0.772754 1 0.00203755
0 0 0.771503 0 0.205145 0.00200465
0 0.409474 0.606582 0.0396032 0.129705 0.00195834
0 0.548439 0.45425 0.0613483 0.187695 0.00195757
0 0.566558 0.816557 0.0221544 0.23573 0.00192311
0 0.766322 0.700303 0.0644939 0.382603 0.00186744
0 0 0.901998 0 0.196003 0.00182968
0 0.496229 0.122272 0.0591293 0.222796 0.00179654
0 0.570607 0.0826746 0.0783831 0.165349 0.00178435
0 0 0.628769 0 0.204166 0.00178316
6 0.495146 0.498338 0.990291 0.996677 0.00177822
0 0.547755 0.481746 0.0530184 0.192092 0.00176463
0 0.542801 0.434429 0.0691425 0.167841 0.00174937
0 0.394887 0.888739 0.0202735 0.0845834 0.00174838
0 0 0.725653 0 0.17233 0.00172594
0 0.785235 0.660259 0.0293306 0.262167 0.00172013
59 0.424916 0.5 0.849833 1 0.00171134
0 0.52185 0.842533 0.0951433 0.314935 0.0016982
0 0.00037671 0.72744 0.000753421 0.54512 0.00168079
0 0.785471 0.637713 0.0412867 0.248535 0.00167596
0 0 0.984008 0 0.031984 0.00165725
0 0.771361 0.722515 0.0546556 0.282549 0.00159499
0 0.74893 0.722016 0.108566 0.508044 0.00157148
0 0 0.683775 0 0.186632 0.00155196
0 0.406534 0.738091 0.043573 0.349064 0.0015085
0 0.759374 0.827748 0.0781745 0.226485 0.00149527
0 0.336273 0.909001 0.0242939 0.0471583 0.00146112
60 0.667471 0.498039 0.665058 0.996079 0.00143644
0 0 0.575212 0 0.206204 0.00129384
0 0.598931 0.439596 0.0533318 0.166289 0.00124884
0 0.759234 0.641463 0.0808057 0.309327 0.00123492
0 0.419965 0.144821 0.0296533 0.240979 0.00122049
0 0.536296 0.608295 0.0785419 0.227856 0.00121373
0 0.418739 0.627526 0.0198595 0.0763676 0.00120986
59 0.673855 0.5 0.652289 1 0.0011566
0 0.514603 0.830895 0.0972149 0.217289 0.00114822
0 0.334227 0.916362 0.0182047 0.0362068 0.00113484
0 0.744804 0.475969 0.0801649 0.483791 0.00110331
0 0.797351 0.875535 0.0375158 0.0911009 0.00107121
0 0.392827 0.5 0.785653 1 0.0010491
0 0.522777 0.449377 0.108567 0.188744 0.00101054
0 0.351112 0.88628 0.0974863 0.227439 0.00100368
0 0.590222 0.827546 0.0653035 0.340021 0.00100052
