59 0.417272 0.5 0.834544 1 0.00809544
0 0.562888 0.644703 0.0654575 0.260343 0.00451258
0 0.724593 0.628318 0.0498828 0.314985 0.00369513
59 0.484502 0.5 0.969003 1 0.00358
0 0.476459 0.5 0.952918 1 0.00290734
0 0.728762 0.56123 0.0429237 0.435623 0.002823
0 0.358048 0.600191 0.0726945 0.398739 0.00230336
0 0.363084 0.55217 0.0705589 0.322455 0.00224856
0 0.555529 0.662024 0.0605684 0.304297 0.0019964
59 0.51321 0.5 0.973579 1 0.00195682
75 0.478704 0.5 0.957407 1 0.00190082
57 0.469319 0.5 0.929532 1 0.00180021
0 0.730293 0.691239 0.0394724 0.20483 0.00160506
0 0.567748 0.742523 0.0901295 0.514954 0.00159448
0 0.725404 0.724597 0.0482809 0.486444 0.00150973
0 0.36508 0.491373 0.0952664 0.201565 0.00146011
0 0.345314 0.588896 0.0750437 0.392776 0.00144225
0 0.791712 0.162017 0.0474739 0.280021 0.00141472
0 0.570189 0.791304 0.0852354 0.361701 0.00141338
0 0.664353 0.591699 0.110336 0.352125 0.00141093
57 0.478704 0.5 0.957407 1 0.00137877
60 0.432336 0.5 0.864672 1 0.0013676
0 0.688837 0.619808 0.138016 0.334235 0.00131154
0 0.589876 0.331003 0.0311907 0.303239 0.00128338
77 0.469319 0.5 0.929532 1 0.00126383
0 0.810059 0.165037 0.0446909 0.274905 0.00126255
0 0.792863 0.533308 0.0832981 0.535234 0.00125611
0 0.371227 0.308952 0.0579783 0.23192 0.00121135
0 0.461253 0.750627 0.0812223 0.498745 0.00117797
0 0.884047 0.393319 0.047823 0.208898 0.0011692
0 0.768929 0.156876 0.0494447 0.298067 0.00112653
0 0 0.765766 0 0.30621 0.00111705
0 1 0.593627 0 0.812746 0.00110221
75 0.465275 0.5 0.921272 1 0.00109518
0 0.549017 0.332065 0.0649648 0.319018 0.00100175
