60 0.500372 0.46383 0.999255 0.92766 0.0751538
60 0 0.5 0 1 0.0374731
60 1 0.666546 0 0.666909 0.011657
60 0.327808 0.506393 0.636698 0.987213 0.00967792
0 0 0.496842 0 0.993684 0.00799203
0 1 0.69295 0 0.6141 0.00561449
0 0.798222 0.5 0.403555 1 0.00459337
0 0.716949 0.507751 0.566102 0.984497 0.00226852
60 0.683479 0.629193 0.633042 0.734889 0.00225329
60 0.53794 0.659199 0.90495 0.679879 0.00213543
60 0.553667 0.530239 0.836365 0.939522 0.00200713
13 1 0.636329 0 0.727342 0.00200483
60 1 0.41354 0 0.82708 0.00169513
0 1 0.496562 0 0.993125 0.00164777
60 0.791239 0.5 0.417522 1 0.00156397
20 1 0.478382 0 0.956764 0.00155333
58 0.798222 0.5 0.403555 1 0.00143811
0 0.854559 0.484123 0.290882 0.968246 0.00140503
60 0 0.652932 0 0.694137 0.00140494
60 0.349173 0.679535 0.455052 0.640931 0.00139603
60 0.86843 0.440911 0.263141 0.881822 0.00139168
60 0.163633 0.5 0.327265 1 0.00137967
53 0.645815 0.495354 0.708371 0.948087 0.00111094
60 0.724377 0.524236 0.551245 0.951527 0.00110769
0 0.884592 0.60072 0.228058 0.797093 0.00103214
