60 0.499545 0.678091 0.999089 0.643817 0.00444743
60 0.511862 0.813019 0.97059 0.341981 0.00328812
72 0.977631 0.49986 0.0447386 0.999719 0.00237396
13 1 0.690387 0 0.619225 0.00199598
25 0.963928 0.518233 0.0721443 0.930248 0.00194925
13 0.00103163 0.679701 0.00206327 0.640598 0.00178766
7 0.5 0.5 1 1 0.00176042
56 1 0.690387 0 0.619225 0.00159657
25 0.977631 0.49986 0.0447386 0.999719 0.00147748
60 0.506955 0.996103 0.976463 0.00779445 0.00145948
60 0.717863 0.815847 0.555774 0.335331 0.00126186
56 0.00103163 0.679701 0.00206327 0.640598 0.00124192
72 0.963928 0.518233 0.0721443 0.930248 0.00122616
20 1 0.690387 0 0.619225 0.00103673
