2 0.431295 0.672596 0.0276859 0.0151616 0.00960329
8 0.770229 0.539113 0.0494276 0.0204665 0.00691918
8 0.431295 0.672596 0.0276859 0.0151616 0.00584719
13 0.770229 0.539113 0.0494276 0.0204665 0.00386849
2 0.436775 0.672963 0.0187544 0.0147652 0.00336313
13 0.66018 0.698956 0.0302219 0.0259926 0.00318554
2 0.770229 0.539113 0.0494276 0.0204665 0.0029597
2 0.266076 0.658336 0.0220562 0.0150045 0.00295222
8 0.436775 0.672963 0.0187544 0.0147652 0.00258413
13 0.658243 0.692448 0.026399 0.038888 0.00207594
0 0.666739 0.695327 0.0196369 0.0330561 0.00185537
1 0.661567 0.696599 0.0295204 0.0308245 0.00176257
1 0.666739 0.695327 0.0196369 0.0330561 0.00171673
8 0.661567 0.696599 0.0295204 0.0308245 0.0016906
13 0.666739 0.695327 0.0196369 0.0330561 0.00160682
8 0.768983 0.536661 0.0535379 0.0271907 0.0014191
30 0.119662 0.80544 0.154289 0.0191645 0.0013645
0 0.655191 0.689588 0.0211132 0.044854 0.00136214
13 0.770415 0.536757 0.0532579 0.0277969 0.00135666
37 0.104887 0.761292 0.187841 0.0859296 0.00131789
30 0.212069 0.765778 0.227635 0.0532951 0.00130031
0 0.436775 0.672963 0.0187544 0.0147652 0.0012103
1 0.658243 0.692448 0.026399 0.038888 0.00117823
73 0.770282 0.539651 0.0505926 0.0217911 0.00111488
2 0.661567 0.696599 0.0295204 0.0308245 0.00107589
7 0.431295 0.672596 0.0276859 0.0151616 0.00105229
8 0.666739 0.695327 0.0196369 0.0330561 0.00104582
0 0.00516631 0.475704 0.00890483 0.0354132 0.00103185
