54 0.842294 0.529173 0.191642 0.239462 0.928184
54 0.629752 0.818457 0.260262 0.254197 0.919744
54 0.84805 0.791515 0.209035 0.302337 0.901158
54 0.675547 0.406285 0.144232 0.403569 0.86995
54 0.831167 0.31675 0.1913 0.215076 0.853315
54 0.390103 0.840751 0.252739 0.19252 0.852291
54 0.389657 0.404879 0.214405 0.21415 0.832553
54 0.177045 0.794645 0.247368 0.256549 0.817238
54 0.548738 0.516017 0.146174 0.382754 0.81498
54 0.378303 0.182054 0.198299 0.188138 0.798942
54 0.196793 0.202361 0.171123 0.14137 0.794067
54 0.408626 0.664203 0.224822 0.204468 0.786276
54 0.177494 0.306759 0.19465 0.177278 0.757801
54 0.150894 0.551274 0.187254 0.157215 0.711589
54 0.381723 0.558487 0.229732 0.227113 0.698519
54 0.178136 0.649981 0.238226 0.165898 0.660164
54 0.186707 0.432377 0.184727 0.190624 0.576832
54 0.397202 0.296373 0.212662 0.118847 0.534323
54 0.183491 0.370416 0.189489 0.309901 0.421621
54 0.384314 0.319408 0.232612 0.16617 0.352717
54 0.68239 0.606907 0.127543 0.185692 0.329309
54 0.390656 0.609924 0.245945 0.323165 0.317387
54 0.523158 0.272265 0.0974982 0.124155 0.299107
60 0.455139 0.504655 0.903778 0.966848 0.104931
54 0.177395 0.738534 0.241794 0.337711 0.0547664
54 0.55204 0.370002 0.119104 0.104554 0.0448564
54 0.389414 0.276676 0.178505 0.0838137 0.0352708
60 0.611013 0.498431 0.771134 0.918847 0.0210448
60 0.502542 0.100114 0.962587 0.153234 0.0205794
54 0.683051 0.555591 0.132762 0.28989 0.0185152
54 0.192785 0.181677 0.171549 0.100964 0.0169209
54 0.620222 0.456472 0.278022 0.5 0.015478
54 0.365719 0.271153 0.132663 0.0717181 0.0151851
60 0.503831 0.151025 0.965121 0.228012 0.0141982
55 0.847649 0.791392 0.209503 0.30183 0.0139764
54 0.536247 0.377269 0.101167 0.0752549 0.0134644
55 0.842294 0.529173 0.191642 0.239462 0.0131656
55 0.630248 0.819082 0.258222 0.254794 0.0131254
60 0.0267858 0.315294 0.0521842 0.297421 0.0126024
54 0.43493 0.283447 0.280836 0.146237 0.0124137
54 0.437713 0.730057 0.109366 0.0529401 0.0119635
60 0.419407 0.0972912 0.829357 0.188076 0.0110261
60 0.510181 0.075368 0.974533 0.128491 0.0108782
54 0.287401 0.269904 0.0450382 0.0823797 0.0102735
54 0.333054 0.330997 0.133098 0.13895 0.0102356
60 0.507662 0.193476 0.977347 0.326968 0.00990289
54 0.789388 0.154279 0.0660961 0.0989449 0.0095045
60 0.570124 0.0560391 0.855014 0.101172 0.00917301
54 0.552495 0.353657 0.125467 0.0750667 0.00868338
45 0.564736 0.505301 0.868058 0.936787 0.00817326
54 0.662453 0.500342 0.172624 0.401435 0.00740442
55 0.390103 0.840751 0.252739 0.19252 0.00707778
55 0.548738 0.516017 0.146174 0.382754 0.00669649
54 0.37465 0.263314 0.155717 0.0560338 0.00602877
54 0.551309 0.336885 0.106035 0.0416659 0.00591454
54 0.37297 0.221277 0.075517 0.0544511 0.00587872
54 0.314268 0.339564 0.0939797 0.111882 0.00572714
54 0.173871 0.603767 0.236965 0.267735 0.00572449
54 0.185916 0.249783 0.149454 0.0741065 0.00556019
55 0.676046 0.406299 0.143927 0.400004 0.00537497
54 0.151932 0.588042 0.187964 0.233216 0.00532654
56 0.951678 0.0557789 0.0955679 0.106985 0.00529066
48 0.522028 0.26966 0.10029 0.123749 0.00527355
54 0.297519 0.342957 0.0598454 0.0999708 0.00526583
55 0.177625 0.794891 0.248126 0.254512 0.00502113
55 0.390656 0.609924 0.245945 0.323165 0.00471789
41 0.951678 0.0557789 0.0955679 0.106985 0.0042221
55 0.385328 0.313539 0.232787 0.160492 0.00418797
55 0.408626 0.664203 0.224822 0.204468 0.00380468
54 0.182991 0.240148 0.14112 0.0534119 0.00369966
54 0.218123 0.212674 0.13072 0.132717 0.00355458
60 0.0465087 0.0975736 0.092269 0.187198 0.00341508
54 0.839432 0.150198 0.168426 0.123821 0.00325093
54 0.396778 0.727371 0.165158 0.0554668 0.00294569
55 0.182623 0.371426 0.194209 0.315039 0.00280744
54 0.82542 0.647528 0.235947 0.173873 0.00278908
54 0.31301 0.268376 0.097974 0.085675 0.00277847
60 0.744664 0.0548418 0.508085 0.0974505 0.00271267
54 0.184537 0.194678 0.148314 0.0939903 0.00266385
54 0.149886 0.195862 0.0766039 0.0896469 0.00253457
54 0.407251 0.439474 0.161125 0.0801187 0.00253293
54 0.107798 0.862143 0.107129 0.109237 0.00251263
0 0.501593 0.0266793 0.430701 0.0491179 0.00250468
54 0.189768 0.231096 0.139223 0.0379499 0.00244319
55 0.564736 0.505301 0.868058 0.936787 0.00235975
60 0.165312 0.0981093 0.326264 0.186347 0.00235307
56 0.0462454 0.0973183 0.0924908 0.186751 0.00224498
54 0.150672 0.525864 0.175854 0.107058 0.00219145
55 0.151574 0.553249 0.189152 0.16159 0.00217474
54 0.585103 0.545683 0.174864 0.318999 0.00216362
55 0.387924 0.405446 0.217314 0.214838 0.00215769
60 0.0461807 0.0683988 0.0902584 0.127513 0.00215662
45 0.951678 0.0557789 0.0955679 0.106985 0.00214472
0 0.421625 0.0269851 0.332426 0.04752 0.00211751
60 0.254875 0.111067 0.503945 0.201442 0.00210518
54 0.401085 0.455608 0.17019 0.0826454 0.00209764
54 0.389063 0.372307 0.243064 0.286673 0.00207999
54 0.630803 0.502309 0.73735 0.927629 0.00201753
54 0.552447 0.422903 0.124144 0.209996 0.00200531
54 0.372261 0.978836 0.105336 0.0423271 0.00199357
45 0.628966 0.817715 0.258616 0.256506 0.00198492
55 0.522028 0.26966 0.10029 0.123749 0.00197449
48 0.177625 0.794891 0.248126 0.254512 0.00192109
55 0.188308 0.432875 0.184181 0.191512 0.00190628
54 0.389388 0.517678 0.209096 0.132442 0.00189525
54 0.297498 0.453571 0.0364084 0.119765 0.00187322
54 0.669596 0.256827 0.131852 0.0987359 0.00186247
60 0.241127 0.0391381 0.313079 0.0747409 0.00185397
54 0.770567 0.44536 0.374131 0.520774 0.0018256
48 0.390656 0.609924 0.245945 0.323165 0.00177711
52 0.630248 0.819082 0.258222 0.254794 0.00177118
48 0.548738 0.516017 0.146174 0.382754 0.00176468
53 0.564736 0.505301 0.868058 0.936787 0.00175247
48 0.629979 0.818286 0.259592 0.254942 0.00172719
54 0.387686 0.301748 0.234938 0.247841 0.00172606
60 0.975558 0.230228 0.0482216 0.266238 0.00171798
52 0.522028 0.26966 0.10029 0.123749 0.00171521
54 0.360664 0.256421 0.193857 0.119126 0.00171191
55 0.379394 0.181114 0.195851 0.185813 0.00170594
55 0.387219 0.559231 0.237609 0.227012 0.00169489
47 0.842294 0.529173 0.191642 0.239462 0.00167495
60 0.951678 0.0557789 0.0955679 0.106985 0.00166398
43 0.0460504 0.0565289 0.0898592 0.101177 0.00163713
54 0.375115 0.24438 0.0829454 0.0360904 0.00161201
60 0.134963 0.168393 0.267608 0.322364 0.001609
54 0.739665 0.420925 0.269176 0.431775 0.00160235
54 0.408225 0.291903 0.168534 0.101517 0.00158963
45 0.842294 0.529173 0.191642 0.239462 0.00158215
54 0.34971 0.319944 0.167153 0.13452 0.00155985
48 0.390103 0.840751 0.252739 0.19252 0.00155094
54 0.840791 0.669625 0.228016 0.141836 0.0014998
54 0.22828 0.451715 0.104363 0.154518 0.0014554
54 0.545968 0.588332 0.100091 0.218913 0.00145066
54 0.370803 0.2325 0.0807071 0.0526236 0.00145057
54 0.391877 0.733759 0.250466 0.395059 0.00144854
48 0.181494 0.36929 0.199703 0.309333 0.00142795
54 0.39 0.251649 0.116125 0.0373737 0.00142035
56 0.0456262 0.0650591 0.0901399 0.121126 0.00140968
54 0.197399 0.209795 0.170629 0.0948475 0.00140876
48 0.847649 0.791392 0.209503 0.30183 0.00140435
54 0.308948 0.451777 0.0593034 0.123509 0.00137094
52 0.181759 0.370717 0.195122 0.310618 0.00136849
53 0.385328 0.313539 0.232787 0.160492 0.00135675
45 0.403204 0.475655 0.80339 0.906963 0.0013026
54 0.392547 0.527199 0.733199 0.780711 0.00129575
55 0.178136 0.649981 0.238226 0.165898 0.00125757
54 0.780706 0.614559 0.0670252 0.0957942 0.0012475
54 0.324883 0.170151 0.0914146 0.164204 0.00119239
48 0.676046 0.406299 0.143927 0.400004 0.00118837
54 0.726449 0.606228 0.0542016 0.129426 0.00117883
54 0.53721 0.334125 0.0838985 0.0452137 0.00117755
54 0.181698 0.438934 0.176722 0.129131 0.00115815
54 0.20568 0.235157 0.168059 0.193923 0.00115359
54 0.405217 0.4094 0.175779 0.115955 0.00113702
48 0.842294 0.529173 0.191642 0.239462 0.00113657
54 0.551277 0.464178 0.138046 0.288764 0.00112626
54 0.274389 0.576684 0.0289489 0.101407 0.00112182
47 0.177476 0.65099 0.235296 0.167389 0.00107923
54 0.378705 0.173658 0.169158 0.152751 0.00106156
47 0.630248 0.819082 0.258222 0.254794 0.00105321
54 0.446578 0.303704 0.122392 0.107189 0.00104728
52 0.847649 0.791392 0.209503 0.30183 0.00103807
32 0.842294 0.529173 0.191642 0.239462 0.0010255
48 0.385328 0.313539 0.232787 0.160492 0.00101769
52 0.548738 0.516017 0.146174 0.382754 0.00101593
0 0.66934 0.0287456 0.334027 0.0514889 0.00101516
55 0.397202 0.296373 0.212662 0.118847 0.00100815
54 0.482905 0.309244 0.0463337 0.0922411 0.00100267
