0 0.710806 0.328034 0.159516 0.174589 0.376383
63 0.681504 0.398702 0.589323 0.59444 0.305672
68 0.599621 0.434311 0.745367 0.688984 0.133156
63 0.602629 0.441249 0.751098 0.700058 0.103352
62 0.662012 0.396488 0.636611 0.606629 0.0865439
62 0.685834 0.317012 0.320168 0.239961 0.0659736
0 0.764373 0.329441 0.0648998 0.146869 0.0312113
0 0.680997 0.32595 0.094745 0.175633 0.029174
67 0.68539 0.31729 0.325147 0.218135 0.0289738
67 0.67961 0.395648 0.587057 0.594611 0.027514
0 0.755247 0.353527 0.071665 0.125982 0.0218838
0 0.687046 0.297225 0.0788868 0.107183 0.021616
68 0.681504 0.398702 0.589323 0.59444 0.0195656
67 0.600048 0.440267 0.747566 0.692651 0.0180367
41 0.44039 0.051756 0.0965262 0.103512 0.0167478
0 0.761283 0.330789 0.0553392 0.06835 0.0157887
62 0.602557 0.45451 0.754138 0.735417 0.0133363
68 0.602224 0.54953 0.745678 0.45083 0.0132917
62 0.511555 0.544977 0.775488 0.852764 0.0127572
73 0.681504 0.398702 0.589323 0.59444 0.012194
0 0.68997 0.365782 0.116499 0.0914555 0.00922439
73 0.0192089 0.353294 0.0371045 0.0692987 0.00887081
74 0.683997 0.31805 0.324265 0.22999 0.00834718
68 0.329626 0.560195 0.201941 0.430125 0.0074684
67 0.316296 0.232349 0.159124 0.245555 0.00670028
63 0.66212 0.321048 0.540674 0.387801 0.00651088
62 0.66212 0.321048 0.540674 0.387801 0.00603753
62 0.602224 0.54953 0.745678 0.45083 0.00588146
62 0.718486 0.331073 0.173818 0.181909 0.00587904
68 0.511555 0.544977 0.775488 0.852764 0.00583816
28 0.684584 0.400513 0.596632 0.600035 0.00579038
0 0.729073 0.331756 0.227982 0.197663 0.00569409
0 0.770065 0.334587 0.0753216 0.179921 0.00541109
0 0.699909 0.321752 0.102369 0.159918 0.00513786
67 0.323665 0.479937 0.184571 0.760713 0.00507191
0 0.761602 0.31849 0.0585317 0.0980106 0.00505194
67 0.66212 0.321048 0.540674 0.387801 0.00479987
57 0.566863 0.09831 0.815301 0.194899 0.00476098
63 0.681489 0.317562 0.323577 0.234174 0.00472
16 0.713578 0.328781 0.164886 0.173664 0.00461641
62 0.316296 0.232349 0.159124 0.245555 0.00431028
0 0.706822 0.34758 0.143607 0.118175 0.00429794
56 0.297839 0.0988059 0.285335 0.197243 0.00428823
67 0.317303 0.559581 0.177168 0.42218 0.0042837
66 0.817521 0.964907 0.359748 0.0629936 0.0042389
65 0.0193922 0.353368 0.0361859 0.0685438 0.00420955
73 0.718486 0.331073 0.173818 0.181909 0.00420314
15 0.710959 0.329045 0.159849 0.177176 0.00417188
72 0.602629 0.441249 0.751098 0.700058 0.00397751
66 0.32187 0.971082 0.422004 0.0546229 0.00379494
65 0.68539 0.31729 0.325147 0.218135 0.00367099
69 0.684584 0.400513 0.596632 0.600035 0.00364426
67 0.562372 0.328165 0.078557 0.204617 0.00353363
62 0.334676 0.563767 0.211459 0.424323 0.00330651
70 0.600048 0.440267 0.747566 0.692651 0.00328046
0 0.719809 0.369679 0.141513 0.0934083 0.00316674
73 0.314224 0.549115 0.167395 0.416566 0.0030371
0 0.728375 0.353532 0.126401 0.125116 0.00284249
73 0.0200703 0.368148 0.038914 0.0980329 0.00276014
68 0.332182 0.449643 0.206224 0.670689 0.00275555
69 0.546435 0.554414 0.883362 0.831315 0.00273177
58 0.957668 0.0525517 0.0830719 0.103372 0.00270677
9 0.316466 0.233457 0.159014 0.24817 0.00268084
66 0.867912 0.968178 0.258896 0.0578243 0.00267196
63 0.511555 0.544977 0.775488 0.852764 0.00259206
0 0.661116 0.324326 0.278407 0.205263 0.0025692
41 0.0191801 0.353451 0.0368692 0.0698849 0.00246337
62 0.449214 0.523916 0.443287 0.50534 0.0023655
63 0.718486 0.331073 0.173818 0.181909 0.00221276
41 0.714844 0.329614 0.16639 0.176377 0.00217912
0 0.552876 0.0988881 0.799108 0.197776 0.00217485
68 0.681489 0.317562 0.323577 0.234174 0.00213647
73 0.602629 0.441249 0.751098 0.700058 0.0021196
67 0.366981 0.332517 0.047123 0.0530427 0.00207675
0 0.0658263 0.806704 0.115467 0.164353 0.002
65 0.566926 0.328745 0.088462 0.203732 0.00191307
73 0.68539 0.31729 0.325147 0.218135 0.00190249
72 0.681504 0.398702 0.589323 0.59444 0.00187328
69 0.602224 0.54953 0.745678 0.45083 0.00186577
68 0.449214 0.523916 0.443287 0.50534 0.00186142
63 0.329626 0.560195 0.201941 0.430125 0.00184461
60 0.511555 0.544977 0.775488 0.852764 0.00183633
69 0.503204 0.834935 0.935698 0.268098 0.00179097
14 0.713578 0.328781 0.164886 0.173664 0.00172511
69 0.584873 0.451178 0.78583 0.709573 0.00171584
64 0.0199599 0.354517 0.0380362 0.0714217 0.00170362
28 0.602629 0.441249 0.751098 0.700058 0.0016658
0 0.675997 0.348129 0.0919258 0.128217 0.00164983
70 0.681504 0.398702 0.589323 0.59444 0.00164777
9 0.684687 0.317101 0.324334 0.233253 0.00163814
45 0.0195424 0.353491 0.0374287 0.0692647 0.00161865
41 0.210636 0.246458 0.0595712 0.210499 0.00158256
68 0.66212 0.321048 0.540674 0.387801 0.00156868
0 0.703403 0.295862 0.100704 0.100966 0.00156623
56 0.984514 0.473758 0.0295172 0.440744 0.00155303
57 0.304229 0.969951 0.392752 0.0562513 0.00155222
77 0.682481 0.298509 0.0899229 0.110314 0.00146815
41 0.366981 0.332517 0.047123 0.0530427 0.00144193
66 0.715913 0.958032 0.564109 0.0689617 0.0014354
64 0.316466 0.233457 0.159014 0.24817 0.0014264
56 0.982948 0.433739 0.0330465 0.626577 0.0014261
47 0.761383 0.330268 0.0546898 0.0689531 0.00140125
41 0.362753 0.0991002 0.163102 0.0506834 0.00138944
66 0.296357 0.978197 0.370687 0.0436051 0.00138846
44 0.367363 0.096616 0.160736 0.0489967 0.00137424
66 0.682537 0.318866 0.324085 0.208032 0.00136182
74 0.730915 0.332934 0.218479 0.195538 0.00134552
66 0.684584 0.400513 0.596632 0.600035 0.00134367
65 0.681504 0.398702 0.589323 0.59444 0.00134233
67 0.0191801 0.353451 0.0368692 0.0698849 0.00132763
66 0.774278 0.958388 0.442614 0.0602386 0.00132191
63 0.316296 0.232349 0.159124 0.245555 0.00131845
0 0.300775 0.102239 0.288149 0.194426 0.00130692
68 0.503204 0.834935 0.935698 0.268098 0.00130323
67 0.524549 0.552526 0.588747 0.445368 0.00123936
56 0.752899 0.96689 0.494202 0.0633893 0.00121436
28 0.316388 0.228705 0.159531 0.242705 0.00121373
0 0.885981 0.0580412 0.226929 0.109419 0.00119358
64 0.762083 0.328035 0.0565426 0.0706622 0.00119081
56 0.562276 0.0969786 0.81589 0.193927 0.00118715
74 0.566926 0.328745 0.088462 0.203732 0.00117376
56 0.304229 0.969951 0.392752 0.0562513 0.00117242
0 0.647192 0.352908 0.0623123 0.124247 0.00116545
75 0.44297 0.0521126 0.102775 0.102478 0.00116521
66 0.0195424 0.353491 0.0374287 0.0692647 0.00115478
0 0.0200703 0.368148 0.038914 0.0980329 0.0011515
64 0.304229 0.969951 0.392752 0.0562513 0.00113341
0 0.0631541 0.776435 0.0677636 0.0833463 0.00111982
67 0.718486 0.331073 0.173818 0.181909 0.00111568
56 0.982237 0.336439 0.0332252 0.467662 0.00108996
42 0.367363 0.096616 0.160736 0.0489967 0.00108129
0 0.0701185 0.845709 0.137117 0.29225 0.00106743
0 0.0624507 0.809116 0.070789 0.150808 0.001066
45 0.367363 0.096616 0.160736 0.0489967 0.00106135
57 0.574451 0.212169 0.809414 0.335304 0.00105205
64 0.35926 0.102359 0.168668 0.0592014 0.00105199
