2 0.588069 0.686564 0.0618843 0.0799721 0.814336
2 0.910902 0.739098 0.136534 0.170858 0.667015
7 0.91133 0.737499 0.135704 0.170729 0.173428
58 0.330902 0.716139 0.0313335 0.0755931 0.0699534
58 0.318692 0.717982 0.0238616 0.0730528 0.0553168
2 0.931486 0.692797 0.0850445 0.0745661 0.0462125
9 0.708062 0.282122 0.0141085 0.0240363 0.0376197
9 0.553383 0.515364 0.0156307 0.0469089 0.0324181
2 0.935451 0.700066 0.0554844 0.0634717 0.0321842
58 0.320918 0.718569 0.0350274 0.0752842 0.0313698
1 0.385781 0.688092 0.0224396 0.0380351 0.0265736
0 0.318692 0.717982 0.0238616 0.0730528 0.0264876
2 0.948783 0.692033 0.0521519 0.0682063 0.0218007
0 0.330055 0.718901 0.0252444 0.0744506 0.0209429
2 0.42436 0.658933 0.0213783 0.028352 0.0209129
9 0.134161 0.298166 0.0805082 0.0987397 0.0194486
7 0.588375 0.68637 0.061194 0.0787316 0.0168656
58 0.327838 0.71677 0.0441184 0.0780269 0.0159138
9 0.597277 0.320324 0.0199669 0.0234135 0.0144908
9 0.117344 0.295604 0.113854 0.103767 0.013677
2 0.933022 0.705406 0.0283321 0.0398554 0.0132986
0 0.333834 0.714768 0.0290519 0.074343 0.0131718
0 0.341371 0.72084 0.0148487 0.0642386 0.0121185
9 0.459442 0.621869 0.0112019 0.0279673 0.0112749
2 0.387874 0.687098 0.0225008 0.0356099 0.0108078
2 0.931565 0.71315 0.0893362 0.114689 0.0101726
1 0.438872 0.659635 0.0319349 0.0273306 0.0100937
58 0.989871 0.738862 0.019043 0.0560243 0.009523
2 0.438872 0.659635 0.0319349 0.0273306 0.00924999
58 0.341371 0.72084 0.0148487 0.0642386 0.00893739
9 0.557818 0.338618 0.0165087 0.0170344 0.00883827
2 0.959211 0.681353 0.0317703 0.0542551 0.0082224
58 0.697049 0.632008 0.0208643 0.0416103 0.00784719
2 0.938424 0.70819 0.0347572 0.0459971 0.00766325
58 0.38479 0.685996 0.0242425 0.0376541 0.00748721
1 0.375316 0.69132 0.0299047 0.0399237 0.00748509
1 0.426534 0.657781 0.0208732 0.0296441 0.00737649
2 0.426931 0.655785 0.0215424 0.0330645 0.00730145
2 0.921857 0.700305 0.0618679 0.0608102 0.00722796
2 0.85701 0.763923 0.0287651 0.0861922 0.00710449
2 0.916921 0.714631 0.0340317 0.0290281 0.00703079
9 0.55774 0.321909 0.0164725 0.0499455 0.0067918
58 0.387877 0.689077 0.0210897 0.0343313 0.00638613
2 0.812892 0.680217 0.0213827 0.0309062 0.00630313
1 0.812892 0.680217 0.0213827 0.0309062 0.006172
10 0.330055 0.718901 0.0252444 0.0744506 0.00594208
1 0.815486 0.68308 0.0274471 0.0386534 0.00584489
0 0.833797 0.693295 0.0168911 0.0227745 0.00583538
2 0.96165 0.691572 0.0272339 0.0583013 0.00567535
58 0.313804 0.718745 0.0184715 0.0755784 0.00565743
58 0.331341 0.725271 0.0381371 0.084246 0.00557631
9 0.75162 0.583049 0.0145596 0.0234905 0.00548986
3 0.385781 0.688092 0.0224396 0.0380351 0.00545767
9 0.838584 0.463754 0.0478786 0.0583297 0.0051457
1 0.374512 0.686813 0.0215596 0.0355153 0.00504464
0 0.766671 0.663303 0.0109928 0.0431917 0.00493151
9 0.708503 0.297565 0.0165261 0.060192 0.00488424
0 0.32796 0.716402 0.0433407 0.0787765 0.00475284
9 0.445963 0.603457 0.0151377 0.0455355 0.00466073
9 0.84372 0.457532 0.0356125 0.0498058 0.00463754
0 0.38479 0.685996 0.0242425 0.0376541 0.00460529
0 0.679055 0.619346 0.0130561 0.0760993 0.00452545
0 0.387877 0.689077 0.0210897 0.0343313 0.0044733
0 0.843001 0.693949 0.0140862 0.0256445 0.00445333
10 0.341371 0.72084 0.0148487 0.0642386 0.004448
9 0.303451 0.523629 0.0261695 0.0701826 0.00437036
9 0.72241 0.269398 0.0122393 0.0387242 0.00425524
58 0.375316 0.69132 0.0299047 0.0399237 0.00422499
13 0.182069 0.942904 0.109464 0.108398 0.00421065
9 0.843523 0.447465 0.0184662 0.02827 0.00401828
2 0.374512 0.686813 0.0215596 0.0355153 0.00383037
1 0.377648 0.697274 0.0409406 0.0537401 0.0037668
58 0.29749 0.714873 0.0647223 0.0868835 0.00371891
10 0.319678 0.718767 0.0220198 0.0748987 0.00369447
58 0.288166 0.716876 0.0447622 0.0889245 0.00366059
9 0.699499 0.543481 0.0175267 0.0357978 0.00354975
9 0.446081 0.589751 0.0165134 0.0232235 0.00353909
13 0.438872 0.659635 0.0319349 0.0273306 0.00353321
0 0.677361 0.598685 0.0123308 0.0332998 0.00348839
74 0.224606 0.427884 0.05164 0.12654 0.00338161
9 0.530813 0.320425 0.00925426 0.0274888 0.00336182
9 0.0576976 0.674897 0.012584 0.0548562 0.00327823
0 0.811345 0.678513 0.0225899 0.0298549 0.00326255
58 0.679055 0.619346 0.0130561 0.0760993 0.00322005
1 0.4564 0.661834 0.0140846 0.0301193 0.00311622
1 0.989871 0.738862 0.019043 0.0560243 0.00307816
0 0.763575 0.66678 0.00905323 0.0366317 0.00307465
9 0.494461 0.284909 0.0175013 0.0203259 0.00304425
74 0.192068 0.541625 0.0285274 0.0441644 0.00303403
7 0.931486 0.692797 0.0850445 0.0745661 0.00292486
13 0.328244 0.770518 0.0522693 0.0276571 0.00291628
9 0.824427 0.266264 0.0193041 0.0395997 0.00290608
7 0.910858 0.693634 0.142183 0.257781 0.00289041
9 0.488852 0.518293 0.0138779 0.0391805 0.00288829
7 0.931565 0.71315 0.0893362 0.114689 0.002868
74 0.65813 0.523056 0.0367857 0.0502807 0.00282708
5 0.9114 0.739348 0.13707 0.167441 0.00277898
58 0.426534 0.657781 0.0208732 0.0296441 0.00277734
58 0.69745 0.639715 0.0193344 0.0385794 0.00272152
1 0.833797 0.693295 0.0168911 0.0227745 0.00266263
0 0.680371 0.626976 0.0126165 0.0607976 0.00263661
9 0.43145 0.496202 0.0284267 0.0681052 0.00259528
58 0.808262 0.658322 0.0199762 0.0536944 0.00258288
9 0.709542 0.288861 0.01695 0.0410632 0.00255206
58 0.438872 0.659635 0.0319349 0.0273306 0.00250822
2 0.961723 0.674068 0.0281363 0.0389762 0.00248536
9 0.677361 0.598685 0.0123308 0.0332998 0.00246325
1 0.330902 0.716139 0.0313335 0.0755931 0.00242478
9 0.444744 0.565875 0.0206453 0.0361572 0.00241902
9 0.459708 0.609385 0.0130768 0.0471712 0.00241899
0 0.808262 0.658322 0.0199762 0.0536944 0.00241888
1 0.811565 0.683168 0.0305859 0.0427905 0.00240341
13 0.426534 0.657781 0.0208732 0.0296441 0.00237536
0 0.457849 0.643578 0.0127326 0.0511673 0.00231349
0 0.811075 0.675333 0.0180416 0.035768 0.00230354
1 0.830101 0.688932 0.0294441 0.0322071 0.00226122
13 0.334166 0.745828 0.0471792 0.06144 0.00225279
13 0.331341 0.725271 0.0381371 0.084246 0.00224867
2 0.7166 0.654008 0.0209679 0.0250887 0.00223908
0 0.388182 0.68293 0.0177883 0.0393697 0.00222659
0 0.374512 0.686813 0.0215596 0.0355153 0.00222105
1 0.843001 0.693949 0.0140862 0.0256445 0.00219646
58 0.347727 0.716114 0.0281441 0.0734246 0.0021461
9 0.776673 0.516239 0.0220043 0.0279209 0.0021244
74 0.223663 0.44651 0.0499433 0.0886366 0.00206733
13 0.812892 0.680217 0.0213827 0.0309062 0.00206229
0 0.4564 0.661834 0.0140846 0.0301193 0.00206077
9 0.75576 0.216694 0.0155039 0.0286414 0.00204992
58 0.334166 0.745828 0.0471792 0.06144 0.00204155
1 0.320918 0.718569 0.0350274 0.0752842 0.00203583
0 0.313804 0.718745 0.0184715 0.0755784 0.00200522
58 0.310547 0.722839 0.0951022 0.0995471 0.00200289
2 0.695568 0.661604 0.0250511 0.0170776 0.00197646
0 0.931391 0.707247 0.0299812 0.043686 0.00197458
13 0.387877 0.689077 0.0210897 0.0343313 0.00197142
0 0.69745 0.639715 0.0193344 0.0385794 0.00197101
2 0.708587 0.659852 0.0248905 0.0188634 0.001957
58 0.374512 0.686813 0.0215596 0.0355153 0.0019567
58 0.514932 0.659094 0.0190392 0.0192904 0.00195366
2 0.436754 0.660482 0.0413288 0.0307883 0.00194424
0 0.844338 0.690521 0.014539 0.0325236 0.00193134
1 0.318692 0.717982 0.0238616 0.0730528 0.00188521
9 0.397486 0.599777 0.0145243 0.0289069 0.00186509
9 0.717033 0.281116 0.0186654 0.0293733 0.00181857
0 0.320918 0.718569 0.0350274 0.0752842 0.00178269
1 0.440117 0.6662 0.0474819 0.0432569 0.00177988
13 0.726045 0.658807 0.0411499 0.029207 0.00177503
9 0.32135 0.441793 0.0169417 0.0540943 0.00177041
0 0.828165 0.61881 0.0120617 0.0232222 0.00176403
9 0.552534 0.51441 0.0211435 0.0534198 0.0017477
58 0.281497 0.791631 0.0360793 0.0507108 0.00174737
13 0.38479 0.685996 0.0242425 0.0376541 0.00174499
2 0.988971 0.738529 0.0208139 0.0563133 0.00173849
74 0.303451 0.523629 0.0261695 0.0701826 0.00172716
1 0.457276 0.668899 0.015469 0.046463 0.00171933
2 0.375316 0.69132 0.0299047 0.0399237 0.00171873
0 0.385544 0.678548 0.0227957 0.050319 0.00171709
2 0.328244 0.770518 0.0522693 0.0276571 0.00170812
0 0.457276 0.668899 0.015469 0.046463 0.00170746
0 0.412444 0.666659 0.00860844 0.015406 0.00168124
2 0.717662 0.649447 0.0159378 0.0230447 0.00164554
58 0.50701 0.658331 0.0227764 0.0228037 0.0016416
9 0.488105 0.519488 0.0104464 0.0340996 0.00161129
2 0.916591 0.705844 0.0440529 0.0495262 0.00160265
9 0.596975 0.316818 0.0220412 0.0315665 0.00158182
9 0.663413 0.286011 0.0165224 0.0292523 0.00155523
2 0.843001 0.693949 0.0140862 0.0256445 0.00155517
58 0.986692 0.585593 0.024062 0.133685 0.00155368
9 0.661393 0.328862 0.0127216 0.0228715 0.00155351
9 0.839217 0.474446 0.047551 0.0353576 0.00154585
58 0.377648 0.697274 0.0409406 0.0537401 0.00153109
9 0.492043 0.385168 0.0222071 0.0462657 0.00152925
9 0.930709 0.606422 0.0195566 0.0292074 0.00151962
9 0.55789 0.514356 0.0181531 0.0492527 0.00151291
26 0.318692 0.717982 0.0238616 0.0730528 0.00150362
13 0.440117 0.6662 0.0474819 0.0432569 0.00149778
2 0.4564 0.661834 0.0140846 0.0301193 0.00149494
2 0.283866 0.791093 0.0435912 0.0546495 0.00148609
9 0.845626 0.446844 0.031596 0.0333466 0.00148565
0 0.985837 0.633139 0.0260658 0.226742 0.0014804
58 0.688932 0.61364 0.0350559 0.0750386 0.00147665
58 0.697108 0.6353 0.0243311 0.0521292 0.00146875
9 0.22652 0.4223 0.0591467 0.140476 0.00145581
9 0.919139 0.603513 0.0088089 0.0324347 0.00144881
74 0.494461 0.284909 0.0175013 0.0203259 0.00144076
13 0.338276 0.771443 0.0297693 0.0232705 0.00143549
0 0.676139 0.593087 0.0138456 0.0370001 0.00142559
10 0.335456 0.715809 0.0251945 0.0749056 0.00142401
2 0.43964 0.653331 0.0250084 0.0322574 0.00141239
58 0.812892 0.680217 0.0213827 0.0309062 0.00140926
58 0.385544 0.678548 0.0227957 0.050319 0.00140876
10 0.327826 0.72476 0.0458446 0.086267 0.00140029
9 0.49385 0.435045 0.00941715 0.0198066 0.00139883
9 0.532679 0.477033 0.00948181 0.0163569 0.00139874
58 0.352243 0.72941 0.0171757 0.0452235 0.00138342
0 0.875146 0.673168 0.0384148 0.111031 0.00137833
0 0.42436 0.658933 0.0213783 0.028352 0.00133944
13 0.815486 0.68308 0.0274471 0.0386534 0.00131556
9 0.859122 0.394675 0.0134331 0.0210436 0.00129321
58 0.810528 0.666734 0.0235069 0.0476406 0.00128335
2 0.810528 0.666734 0.0235069 0.0476406 0.00125355
74 0.66633 0.526783 0.0213726 0.0434792 0.00125208
7 0.935451 0.700066 0.0554844 0.0634717 0.0012494
2 0.815486 0.68308 0.0274471 0.0386534 0.00124735
11 0.459442 0.621869 0.0112019 0.0279673 0.00123823
13 0.375316 0.69132 0.0299047 0.0399237 0.0012157
9 0.153069 0.370643 0.208595 0.252277 0.00120488
58 0.588316 0.685701 0.0617152 0.0791759 0.00119644
9 0.676139 0.593087 0.0138456 0.0370001 0.00119489
0 0.986219 0.600554 0.0249935 0.164899 0.00118861
58 0.676139 0.593087 0.0138456 0.0370001 0.00118473
9 0.58842 0.319076 0.0436728 0.0375378 0.0011808
1 0.799423 0.683158 0.028389 0.0452215 0.00117984
0 0.331341 0.725271 0.0381371 0.084246 0.00116459
13 0.4564 0.661834 0.0140846 0.0301193 0.00115851
2 0.962952 0.708328 0.043074 0.0962297 0.00114977
58 0.677361 0.598685 0.0123308 0.0332998 0.00114784
2 0.338276 0.771443 0.0297693 0.0232705 0.00114593
2 0.50701 0.658331 0.0227764 0.0228037 0.00114298
58 0.388182 0.68293 0.0177883 0.0393697 0.00113413
2 0.910858 0.693634 0.142183 0.257781 0.00109747
0 0.810528 0.666734 0.0235069 0.0476406 0.00109327
11 0.43145 0.496202 0.0284267 0.0681052 0.00109145
9 0.446115 0.616389 0.0168291 0.0740602 0.00108305
9 0.649317 0.327935 0.0227074 0.0279272 0.00107878
58 0.328244 0.770518 0.0522693 0.0276571 0.00107348
58 0.229704 0.795216 0.0253266 0.0700198 0.00104874
13 0.7166 0.654008 0.0209679 0.0250887 0.0010443
13 0.330055 0.718901 0.0252444 0.0744506 0.0010331
9 0.676471 0.31859 0.0193394 0.0206305 0.00102758
58 0.221195 0.828273 0.0420421 0.0758298 0.00102726
1 0.43964 0.653331 0.0250084 0.0322574 0.00102702
74 0.491347 0.383492 0.0236934 0.0488936 0.00102586
13 0.74533 0.660939 0.0130209 0.0245021 0.00102115
1 0.8503 0.691965 0.0237785 0.0330558 0.00102028
2 0.833797 0.693295 0.0168911 0.0227745 0.00101689
58 0.674963 0.598355 0.0156645 0.0394584 0.0010092
0 0.874186 0.664346 0.027603 0.096015 0.00100344
58 0.4564 0.661834 0.0140846 0.0301193 0.0010027
