60 0.131658 1 0.263316 0 0.00543749
60 0.198451 1 0.346668 0 0.00430319
60 0.396114 1 0.298522 0 0.00421324
60 0.614083 1 0.340349 0 0.00395387
60 0.25898 1 0.332162 0 0.00384524
60 0.468913 1 0.312374 0 0.00348127
60 0.814419 1 0.371162 0 0.00345996
60 0.69467 1 0.362917 0 0.00345117
60 0.334519 1 0.304923 0 0.00337085
60 0.880032 1 0.239935 0 0.0032241
60 0.544602 1 0.307749 0 0.00301334
60 0.07899 1 0.15798 0 0.00290176
60 0.933553 1 0.132894 0 0.0013839
0 0.993433 0.029007 0.0131332 0.058014 0.00134236
39 0.915788 0.876012 0.168424 0.247977 0.0013147
14 0.928507 0.787437 0.142986 0.425125 0.00119996
0 0.947653 0.0346449 0.104694 0.0692898 0.001122
