0 0.00611202 0.038024 0.012224 0.0760481 0.00308302
60 0.5 0.484789 1 0.969577 0.00254601
0 0.00292969 0.0264359 0.00585938 0.0528718 0.00252146
0 0.00410104 0.0571176 0.00820207 0.114235 0.00218314
0 0.999969 0.0858085 6.26564e-05 0.171617 0.00200972
0 0.00282624 0.0775478 0.00565248 0.155096 0.00192317
0 0.949914 0.0914404 0.100171 0.182881 0.00191724
0 0.00307012 0.102086 0.00614024 0.139671 0.00164708
0 0.0154024 0.192533 0.0308048 0.163827 0.00162607
0 0.0098706 0.215591 0.0197412 0.139606 0.00159842
0 0.974558 0.0873393 0.0508837 0.174679 0.0015949
0 0.0129005 0.0414461 0.0258009 0.0828922 0.00148615
14 0.5 0.484789 1 0.969577 0.00148115
14 0.0547736 0.220137 0.109547 0.440275 0.00127769
0 0.00256876 0.12457 0.00513753 0.124662 0.00125787
14 0.161785 0.276815 0.323569 0.55363 0.00116473
14 0.0695309 0.253856 0.139062 0.507713 0.00107771
40 0.99635 0.957635 0.00729923 0.0847309 0.00107217
0 0.00398631 0.250386 0.00797262 0.0935802 0.00107199
56 0.5 0.484789 1 0.969577 0.0010249
