0 0.585257 0.365973 0.467217 0.562908 0.887085
0 0.194518 0.400855 0.373894 0.697521 0.877563
0 0.910989 0.421393 0.178023 0.52527 0.831172
60 0.528161 0.803993 0.943678 0.375582 0.825134
41 0.244302 0.759441 0.103268 0.0840023 0.81148
43 0.65448 0.623281 0.0948052 0.112686 0.620026
55 0.663988 0.766784 0.578311 0.184338 0.599798
56 0.399098 0.649105 0.385142 0.10458 0.538969
45 0.782667 0.659055 0.169 0.0596835 0.508129
43 0.662318 0.635288 0.115643 0.129103 0.391057
56 0.117371 0.951458 0.170465 0.0959982 0.353393
43 0.639506 0.627659 0.0604838 0.102338 0.111938
56 0.17194 0.950503 0.307196 0.0948692 0.100515
43 0.63799 0.637278 0.0483743 0.0805114 0.099839
43 0.630495 0.637932 0.0389897 0.0792021 0.096682
56 0.416794 0.287628 0.119037 0.0909421 0.090665
55 0.613641 0.75635 0.443849 0.160093 0.0834925
39 0.846342 0.312241 0.0725555 0.123863 0.0757219
0 0.46487 0.206421 0.0927527 0.0892415 0.0620721
43 0.662933 0.638133 0.0906055 0.114415 0.0596681
56 0.440084 0.636243 0.474784 0.127465 0.0474041
42 0.651409 0.620752 0.0906437 0.10908 0.0392559
43 0.616212 0.609874 0.0489211 0.0847155 0.0384092
55 0.527087 0.800728 0.944077 0.382894 0.033805
43 0.598451 0.607392 0.0402691 0.0697683 0.0308162
0 0.461229 0.248097 0.112064 0.174237 0.0306047
62 0.411144 0.283625 0.111672 0.0798796 0.0286252
46 0.360092 0.230764 0.0453259 0.0352671 0.0269369
43 0.654906 0.635425 0.0558436 0.0935896 0.0262531
55 0.442773 0.702116 0.436133 0.139922 0.0245904
60 0.60036 0.670519 0.796041 0.098456 0.0222975
43 0.677648 0.63684 0.0932394 0.140124 0.0202028
39 0.931029 0.166336 0.0370821 0.0428203 0.0195871
43 0.601569 0.605605 0.0562559 0.0796206 0.0182468
43 0.636907 0.606142 0.0541468 0.0758186 0.0181164
44 0.65166 0.622966 0.0938037 0.105522 0.0167735
49 0.361049 0.23138 0.0451835 0.0335187 0.0165698
56 0.0519363 0.609976 0.10099 0.236913 0.0156755
43 0.628463 0.626591 0.0582284 0.100136 0.0155251
43 0.716878 0.592397 0.0557807 0.0999367 0.0149555
0 0.357426 0.228827 0.0518216 0.0401901 0.0144997
42 0.658565 0.633582 0.108113 0.128979 0.0144233
43 0.702667 0.664395 0.0586166 0.0756071 0.0141449
46 0.453209 0.205938 0.0718586 0.086592 0.0141218
60 0.450626 0.709551 0.446228 0.144391 0.0140753
56 0.0514421 0.538313 0.0994993 0.352914 0.0135035
56 0.37585 0.541498 0.0528564 0.158382 0.0135027
41 0.783829 0.659251 0.163656 0.0573384 0.0134474
69 0.0514545 0.613222 0.100692 0.233348 0.0128545
56 0.435473 0.298984 0.15222 0.108871 0.0126183
43 0.64293 0.612083 0.0645274 0.0964114 0.0125504
62 0.431099 0.289466 0.149039 0.0872547 0.0119069
43 0.709397 0.595228 0.0407195 0.0929099 0.0117714
43 0.617595 0.594539 0.0640696 0.116877 0.0117602
56 0.790672 0.503989 0.138003 0.255808 0.0110186
56 0.718264 0.586745 0.0574394 0.108572 0.0108017
46 0.444378 0.185013 0.0529914 0.0444037 0.010611
60 0.846227 0.677895 0.304813 0.10143 0.01041
0 0.452568 0.228631 0.0648244 0.0481976 0.0102519
42 0.639506 0.627659 0.0604838 0.102338 0.00993723
43 0.620862 0.619985 0.0516968 0.091145 0.00983769
49 0.452286 0.233378 0.0531037 0.0366432 0.00954854
55 0.834108 0.750694 0.0941899 0.046838 0.00866356
56 0.0721489 0.599195 0.0576637 0.196623 0.00865522
45 0.243477 0.760546 0.105655 0.0846424 0.00859678
43 0.641428 0.61672 0.111998 0.111458 0.00845501
42 0.630495 0.637932 0.0389897 0.0792021 0.00844637
42 0.63799 0.637278 0.0483743 0.0805114 0.00824779
56 0.36628 0.538414 0.0444084 0.168217 0.00757626
74 0.713853 0.120732 0.0641097 0.0476117 0.00746205
56 0.195268 0.90343 0.239578 0.190602 0.00740206
72 0.431099 0.289466 0.149039 0.0872547 0.00733039
39 0.857569 0.302441 0.058452 0.107086 0.00730953
44 0.662318 0.635288 0.115643 0.129103 0.00724256
43 0.632213 0.593821 0.0438855 0.0704746 0.00707957
68 0.431099 0.289466 0.149039 0.0872547 0.00704885
56 0.495599 0.623408 0.601482 0.147792 0.00685319
56 0.168446 0.872994 0.191682 0.248781 0.00675562
39 0.45519 0.206891 0.075187 0.0894143 0.00643849
47 0.361049 0.23138 0.0451835 0.0335187 0.00608546
43 0.692907 0.653711 0.0590295 0.0928343 0.00606862
45 0.793541 0.65039 0.134683 0.0409421 0.00596932
43 0.629678 0.602511 0.137895 0.136411 0.00594532
56 0.749269 0.512633 0.123769 0.252002 0.00584775
56 0.735439 0.534745 0.0906199 0.208546 0.00584322
68 0.411144 0.283625 0.111672 0.0798796 0.00580502
75 0.931029 0.166336 0.0370821 0.0428203 0.00574625
0 0.438644 0.246989 0.153647 0.169958 0.00567633
56 0.727245 0.502161 0.221345 0.265076 0.00557315
0 0.410181 0.238626 0.20112 0.151598 0.00553074
56 0.845716 0.311749 0.0734414 0.124333 0.00536412
41 0.245281 0.7454 0.105279 0.0557301 0.00535303
43 0.622378 0.636362 0.0437729 0.0808732 0.00533551
60 0.547507 0.686207 0.899057 0.135016 0.00525311
41 0.447801 0.187761 0.0600646 0.0500704 0.00522444
39 0.244184 0.760583 0.104831 0.085375 0.00514832
0 0.741613 0.312377 0.189691 0.141255 0.00505215
0 0.492304 0.210785 0.0519918 0.0810963 0.0049915
43 0.724685 0.586887 0.0561471 0.102199 0.00494525
56 0.400168 0.574147 0.60172 0.27093 0.00492322
0 0.479407 0.208382 0.078962 0.0853729 0.00485513
56 0.425203 0.312218 0.160916 0.140335 0.00468886
56 0.737953 0.581858 0.0351668 0.10709 0.00461093
60 0.782796 0.208149 0.314281 0.0746664 0.0045813
56 0.428503 0.424141 0.164086 0.364257 0.00454319
54 0.361049 0.23138 0.0451835 0.0335187 0.00451171
56 0.188863 0.865324 0.333087 0.260824 0.00450629
60 0.776291 0.274895 0.307251 0.210805 0.00448045
46 0.451045 0.233194 0.0541587 0.0361153 0.00422657
56 0.0553041 0.708654 0.105429 0.431509 0.00420818
43 0.594746 0.577779 0.116835 0.167457 0.00416419
56 0.0680043 0.559814 0.0586129 0.131576 0.00413579
62 0.0514545 0.613222 0.100692 0.233348 0.00403702
43 0.70053 0.596893 0.0247481 0.0910067 0.00398988
45 0.796816 0.68616 0.196834 0.11709 0.00396919
60 0.635443 0.438245 0.729114 0.427637 0.00396892
63 0.429249 0.286453 0.144012 0.0846453 0.00396705
43 0.735611 0.582985 0.0386383 0.10939 0.00395709
42 0.654906 0.635425 0.0558436 0.0935896 0.00387999
27 0.294903 0.261894 0.0154437 0.0498359 0.00387672
39 0.582028 0.376075 0.0331044 0.0386545 0.00383416
53 0.460131 0.207557 0.085839 0.0909564 0.00379577
43 0.595415 0.590655 0.0904655 0.117573 0.00375468
39 0.387975 0.471159 0.0331569 0.0749994 0.00372174
60 0.413248 0.646635 0.414952 0.10917 0.00369424
46 0.495837 0.231539 0.0472264 0.0364242 0.00368905
56 0.331078 0.542052 0.631306 0.345842 0.00365743
57 0.635443 0.438245 0.729114 0.427637 0.00362164
56 0.379344 0.521357 0.0547232 0.166022 0.00359631
13 0.107363 0.949915 0.187071 0.0952889 0.00359073
44 0.630495 0.637932 0.0389897 0.0792021 0.00355476
43 0.677882 0.658879 0.0849718 0.0888239 0.00354782
0 0.433696 0.29011 0.153695 0.0899858 0.00354114
56 0.106439 0.867051 0.207966 0.259873 0.00352818
0 0.847066 0.311512 0.0729957 0.131152 0.00349644
39 0.359292 0.22966 0.0462635 0.034972 0.00348938
43 0.677584 0.601127 0.0407251 0.123485 0.00346577
76 0.656275 0.627344 0.0973882 0.120814 0.00344777
27 0.285884 0.262984 0.0270573 0.0449266 0.00344649
13 0.635443 0.438245 0.729114 0.427637 0.00343946
0 0.388618 0.390166 0.777235 0.616778 0.00342044
42 0.658089 0.635085 0.0886169 0.105694 0.00328252
0 0.546119 0.206306 0.267423 0.103079 0.00328094
39 0.00881096 0.352773 0.016923 0.0845719 0.00322384
56 0.765044 0.320105 0.22196 0.159169 0.00321051
27 0.292803 0.253651 0.0175796 0.0628282 0.00320727
43 0.701132 0.627858 0.0361362 0.130978 0.00319499
44 0.632815 0.626116 0.0469334 0.099773 0.00317395
0 0.451045 0.233194 0.0541587 0.0361153 0.0031248
45 0.361049 0.23138 0.0451835 0.0335187 0.00307572
72 0.430974 0.250828 0.174924 0.170623 0.00300148
42 0.702667 0.664395 0.0586166 0.0756071 0.00297773
44 0.658089 0.635085 0.0886169 0.105694 0.00296521
42 0.673639 0.643282 0.102711 0.12849 0.00294366
56 0.0924235 0.531054 0.17893 0.345718 0.00294033
39 0.442943 0.185401 0.0482684 0.0455496 0.00293526
0 0.407201 0.205571 0.206022 0.0921865 0.00292554
26 0.845926 0.313186 0.0727005 0.125176 0.00292152
43 0.63997 0.586295 0.0542358 0.0943701 0.00288948
56 0.573353 0.44858 0.473418 0.500595 0.00287756
0 0.467769 0.177134 0.100089 0.153794 0.00287706
72 0.0518793 0.605452 0.100459 0.245875 0.00287536
39 0.849075 0.294317 0.0585415 0.0896686 0.00285566
44 0.63799 0.637278 0.0483743 0.0805114 0.00284097
56 0.424879 0.693586 0.427904 0.126882 0.00282604
56 0.793276 0.442943 0.140955 0.38235 0.00278208
41 0.846342 0.312241 0.0725555 0.123863 0.002745
44 0.453209 0.205938 0.0718586 0.086592 0.00267294
42 0.628463 0.626591 0.0582284 0.100136 0.00265601
39 0.874869 0.278159 0.0262139 0.0637347 0.00264496
0 0.924615 0.26291 0.150769 0.212492 0.00264192
60 0.879097 0.680617 0.238172 0.0840548 0.00262463
44 0.702667 0.664395 0.0586166 0.0756071 0.00262377
60 0.819097 0.668827 0.251755 0.0852738 0.00258303
56 0.077856 0.575128 0.0465185 0.120526 0.00256047
57 0.430449 0.28887 0.150523 0.0869141 0.00249967
44 0.601569 0.605605 0.0562559 0.0796206 0.00248122
42 0.616212 0.609874 0.0489211 0.0847155 0.00247845
0 0.495868 0.220356 0.0463812 0.0615209 0.00244808
69 0.0553041 0.708654 0.105429 0.431509 0.0024474
56 0.809615 0.400097 0.14506 0.31314 0.00244701
60 0.849264 0.735762 0.29843 0.122528 0.00244549
45 0.713853 0.120732 0.0641097 0.0476117 0.00243759
26 0.492989 0.513231 0.291535 0.220348 0.00243035
40 0.45519 0.206891 0.075187 0.0894143 0.00242093
56 0.0774807 0.551552 0.0416183 0.0812962 0.00241622
40 0.244145 0.76057 0.105573 0.0851389 0.0023728
39 0.714764 0.12023 0.065576 0.0487053 0.00237107
43 0.606282 0.579646 0.190288 0.176741 0.00237057
41 0.266965 0.747336 0.0619853 0.0568077 0.00236687
55 0.569133 0.743569 0.369558 0.13532 0.00234747
39 0.00832007 0.341351 0.0161873 0.0569962 0.00232479
39 0.856484 0.120295 0.0526513 0.0415047 0.00232282
45 0.838323 0.688274 0.27229 0.120121 0.00230643
56 0.822507 0.413458 0.0489434 0.0626044 0.00229594
53 0.451465 0.233425 0.0547014 0.036297 0.00229526
41 0.361049 0.23138 0.0451835 0.0335187 0.00228232
69 0.431099 0.289466 0.149039 0.0872547 0.00225762
0 0.357696 0.246965 0.0559855 0.0742261 0.0022572
0 0.665541 0.429727 0.617765 0.429277 0.00223786
44 0.616212 0.609874 0.0489211 0.0847155 0.00222957
43 0.664931 0.659593 0.0671244 0.0798268 0.00222778
42 0.828426 0.751406 0.0801224 0.0439034 0.00221443
43 0.656609 0.599926 0.100345 0.115799 0.00221437
45 0.664618 0.637093 0.118557 0.124579 0.00216714
46 0.452568 0.228631 0.0648244 0.0481976 0.00214508
39 0.0129299 0.42377 0.0250497 0.108821 0.00214341
0 0.753385 0.295632 0.239022 0.171197 0.00213766
27 0.29351 0.268929 0.0195122 0.0407794 0.00213674
55 0.624375 0.736072 0.369773 0.158272 0.00209704
56 0.745675 0.338956 0.184415 0.195666 0.00204548
13 0.17194 0.950503 0.307196 0.0948692 0.00202176
56 0.387254 0.496961 0.0393719 0.120956 0.00199112
56 0.528991 0.796323 0.934969 0.393424 0.00198781
26 0.374577 0.534415 0.0572264 0.169626 0.00198191
41 0.453209 0.205938 0.0718586 0.086592 0.00197086
0 0.745675 0.338956 0.184415 0.195666 0.00196555
13 0.621339 0.373642 0.747481 0.324777 0.00196302
0 0.807136 0.404683 0.380432 0.47593 0.00195017
73 0.411144 0.283625 0.111672 0.0798796 0.00191286
0 0.937308 0.236668 0.125383 0.160206 0.00188479
39 0.00912292 0.36352 0.0182458 0.124937 0.00186449
46 0.470062 0.212217 0.0972214 0.0808051 0.00186425
68 0.0520812 0.610616 0.100867 0.237774 0.00186142
44 0.654906 0.635425 0.0558436 0.0935896 0.00184634
44 0.598451 0.607392 0.0402691 0.0697683 0.00184429
0 0.931225 0.168439 0.0361472 0.0381098 0.00182936
27 0.282108 0.252358 0.0326044 0.064367 0.0018222
13 0.530413 0.802106 0.938979 0.37909 0.00181469
58 0.0199128 0.261299 0.0370395 0.152643 0.0018087
55 0.785599 0.658226 0.157129 0.056418 0.00179413
46 0.71425 0.120493 0.0632902 0.04679 0.00178033
26 0.497633 0.458447 0.303987 0.330193 0.00177464
39 0.71181 0.165683 0.0657586 0.0442632 0.00176844
56 0.827051 0.435602 0.0556613 0.105759 0.00175756
72 0.411144 0.283625 0.111672 0.0798796 0.00175357
0 0.723032 0.255388 0.381808 0.248737 0.00175062
0 0.729986 0.272202 0.199336 0.226192 0.00174892
69 0.0455818 0.535061 0.0898681 0.358338 0.00172362
72 0.0455818 0.535061 0.0898681 0.358338 0.00171557
48 0.833459 0.751911 0.0938568 0.0534906 0.00170735
43 0.719784 0.622571 0.043467 0.0358505 0.00170481
56 0.11128 0.599344 0.16468 0.240458 0.00169957
27 0.285661 0.269362 0.0300877 0.0404505 0.0016959
47 0.452286 0.233378 0.0531037 0.0366432 0.00169566
49 0.35426 0.229857 0.0571785 0.0395621 0.00169483
56 0.380582 0.642607 0.341929 0.0698511 0.00168765
56 0.0893439 0.609796 0.101092 0.240244 0.00167745
60 0.621339 0.373642 0.747481 0.324777 0.00167745
53 0.359488 0.229847 0.048502 0.0381478 0.00165892
0 0.542782 0.23707 0.325064 0.171658 0.00165424
39 0.0245073 0.448476 0.0490147 0.128748 0.00165159
60 0.759319 0.312735 0.217468 0.141893 0.00165156
43 0.525245 0.583735 0.139529 0.015315 0.00164318
75 0.847027 0.312802 0.0733798 0.122346 0.00164133
55 0.537644 0.710527 0.315177 0.103691 0.00163707
41 0.714393 0.120451 0.0640907 0.0479685 0.00162387
44 0.692907 0.653711 0.0590295 0.0928343 0.00162068
56 0.766414 0.412338 0.220894 0.350882 0.00162068
56 0.693786 0.488577 0.278724 0.276176 0.0016087
27 0.259876 0.251859 0.0792709 0.0679309 0.00160545
56 0.490426 0.530816 0.286265 0.184949 0.00160456
77 0.359902 0.229545 0.046206 0.0373615 0.00159982
13 0.413248 0.646635 0.414952 0.10917 0.00159556
60 0.548441 0.9028 0.897923 0.172357 0.00159496
44 0.677648 0.63684 0.0932394 0.140124 0.00157177
56 0.328051 0.543764 0.0557215 0.165235 0.00156504
48 0.361049 0.23138 0.0451835 0.0335187 0.00155473
56 0.382736 0.51739 0.0476467 0.132617 0.00154665
39 0.452568 0.228631 0.0648244 0.0481976 0.00154662
56 0.729556 0.561876 0.0724282 0.153214 0.00152126
56 0.080341 0.619104 0.0521574 0.217449 0.00151742
27 0.270843 0.253075 0.0577362 0.0652374 0.0015083
43 0.620673 0.570661 0.0695843 0.125807 0.00150675
59 0.635443 0.438245 0.729114 0.427637 0.00150004
56 0.470194 0.555526 0.300855 0.222961 0.0014998
26 0.661652 0.634727 0.11318 0.130871 0.00149772
55 0.488295 0.714852 0.328001 0.166142 0.0014886
45 0.819097 0.668827 0.251755 0.0852738 0.00148708
57 0.759319 0.312735 0.217468 0.141893 0.00146446
60 0.845527 0.651279 0.295435 0.0682011 0.00146222
56 0.559226 0.673563 0.863113 0.168217 0.00145516
72 0.846432 0.314267 0.0731348 0.120018 0.00145128
0 0.486725 0.203548 0.0507412 0.0706558 0.00144112
41 0.243704 0.779158 0.109083 0.122568 0.00141212
45 0.245281 0.7454 0.105279 0.0557301 0.0013887
26 0.099579 0.509627 0.180337 0.291792 0.00138128
74 0.856921 0.121238 0.0527875 0.0410515 0.00137907
45 0.775752 0.695556 0.219386 0.138596 0.00137621
26 0.117999 0.951208 0.171085 0.0952435 0.00136244
43 0.546676 0.581745 0.301305 0.0167015 0.00135261
43 0.677806 0.596709 0.0557666 0.108921 0.00135222
56 0.388401 0.528217 0.0758891 0.143629 0.00133955
0 0.557018 0.177592 0.277939 0.149231 0.00131428
56 0.196832 0.450521 0.371666 0.584569 0.00130463
56 0.438861 0.252049 0.149481 0.157879 0.00129887
75 0.714764 0.12023 0.065576 0.0487053 0.00129658
75 0.867008 0.141509 0.0857242 0.0902982 0.0012854
60 0.420782 0.288485 0.123999 0.0896123 0.00128293
58 0.0183087 0.244161 0.0364296 0.113277 0.00127846
