3 0.46128 0.642138 0.85469 0.533054 0.938722
0 0.497656 0.441753 0.559729 0.64002 0.767051
0 0.611263 0.444115 0.305405 0.610141 0.11611
0 0.605299 0.281155 0.192243 0.269986 0.0904496
0 0.469869 0.285806 0.447906 0.336574 0.0373758
1 0.455329 0.639068 0.854972 0.535334 0.0150324
0 0.553295 0.289791 0.290631 0.297128 0.0122828
26 0.620723 0.49001 0.225216 0.103448 0.010893
1 0.273876 0.750277 0.293784 0.303108 0.00904688
0 0.486122 0.473193 0.876479 0.698304 0.00612614
0 0.506133 0.270375 0.273745 0.299295 0.0048525
24 0.412105 0.335789 0.337438 0.235863 0.00424358
1 0.689983 0.513077 0.348353 0.30108 0.00349879
0 0.670418 0.539018 0.349633 0.351091 0.00302133
0 0.413602 0.268846 0.327511 0.319018 0.00259334
1 0.737559 0.50571 0.254495 0.272949 0.00237238
26 0.663179 0.523539 0.329869 0.327996 0.00233644
26 0.632524 0.491556 0.285002 0.14357 0.00206277
0 0.495302 0.226861 0.242953 0.218501 0.00202182
3 0.638283 0.560762 0.42872 0.392351 0.00196147
0 0.617837 0.34171 0.216272 0.395952 0.00195014
0 0.406181 0.411377 0.396823 0.58266 0.00192177
3 0.689983 0.513077 0.348353 0.30108 0.00181389
0 0.406971 0.329111 0.320262 0.236309 0.00178537
0 0.360325 0.293729 0.577695 0.332266 0.00166404
3 0.737559 0.50571 0.254495 0.272949 0.00156745
24 0.495873 0.183305 0.238698 0.133496 0.00153288
0 0.636956 0.562818 0.265346 0.354516 0.00150046
24 0.801541 0.763135 0.17794 0.214555 0.0013527
0 0.607269 0.2384 0.180569 0.179248 0.00125322
1 0.285873 0.717901 0.341976 0.237977 0.00124282
26 0.643595 0.561821 0.283509 0.289223 0.00124148
1 0.724294 0.708339 0.32932 0.320854 0.00115937
0 0.639708 0.246524 0.120165 0.199828 0.00112572
26 0.431185 0.348181 0.379908 0.246696 0.0011161
26 0.562036 0.490891 0.46446 0.162012 0.00104794
67 0.496542 0.250176 0.084159 0.0475005 0.00100875
24 0.413602 0.268846 0.327511 0.319018 0.00100809
