51 0.628341 0.838875 0.139373 0.204562 0.826538
51 0.789838 0.536306 0.112201 0.176464 0.701976
45 0.499155 0.50105 0.981294 0.972917 0.664417
51 0.76007 0.693529 0.124231 0.17359 0.520052
51 0.850952 0.667312 0.0960403 0.174394 0.443104
51 0.260401 0.533108 0.101432 0.173345 0.432223
44 0.249918 0.0885202 0.494487 0.169172 0.374296
51 0.669952 0.569635 0.0971272 0.142203 0.299281
51 0.371006 0.498517 0.127349 0.178744 0.253706
50 0.666061 0.478423 0.051729 0.0564423 0.216503
60 0.501141 0.497436 0.997719 0.983904 0.16858
44 0.233374 0.1442 0.465824 0.267626 0.154142
50 0.4853 0.241895 0.057278 0.0896358 0.150392
44 0.195487 0.0896952 0.38458 0.148401 0.140623
50 0.5018 0.301963 0.144422 0.194365 0.139603
50 0.708454 0.38927 0.0566735 0.113382 0.122129
51 0.422236 0.193086 0.113507 0.142858 0.114545
44 0.880029 0.0891848 0.239941 0.17174 0.112169
44 0.079703 0.294928 0.158086 0.295289 0.112012
51 0.896739 0.440535 0.0303608 0.0787005 0.100309
51 0.373707 0.453142 0.133452 0.267092 0.0934985
50 0.5314 0.315608 0.101462 0.169751 0.0818182
44 0.369154 0.114931 0.7327 0.225325 0.0813128
51 0.826815 0.436253 0.107166 0.0616156 0.0794128
50 0.708503 0.359997 0.0550585 0.0554729 0.0769443
50 0.878469 0.487178 0.0557184 0.0940208 0.0744344
44 0.23973 0.220715 0.476778 0.423593 0.0725447
50 0.645994 0.37759 0.0739985 0.0596505 0.0711354
50 0.579869 0.319201 0.193492 0.183053 0.0698142
50 0.690049 0.488061 0.102226 0.0908799 0.0685664
50 0.528314 0.325972 0.0922041 0.126715 0.0601465
50 0.528403 0.519028 0.0838379 0.114741 0.0576383
51 0.390639 0.371091 0.0599544 0.0960112 0.0515629
44 0.173573 0.0526645 0.329687 0.0999139 0.0500037
44 0.199832 0.0644407 0.392881 0.120833 0.0497405
51 0.422518 0.76072 0.0826681 0.126442 0.0483049
44 0.144267 0.0392901 0.27261 0.0717511 0.0461107
50 0.603964 0.328158 0.156113 0.168113 0.044639
50 0.549929 0.297445 0.245904 0.226854 0.0441594
50 0.714839 0.488135 0.0520147 0.0912219 0.0431633
50 0.589986 0.338312 0.0575939 0.123597 0.0425683
50 0.603972 0.501897 0.075536 0.116441 0.040982
50 0.594352 0.305378 0.0477044 0.0615325 0.0394887
50 0.497769 0.250656 0.0824356 0.104761 0.0390677
51 0.341171 0.287405 0.0390487 0.0623927 0.0372722
44 0.842981 0.150256 0.312411 0.290733 0.0356021
50 0.451279 0.275655 0.0479908 0.0649357 0.0345712
50 0.545334 0.316302 0.0673538 0.172299 0.0342961
42 0.249918 0.0885202 0.494487 0.169172 0.0330941
44 0.899451 0.0645752 0.199868 0.123112 0.0330514
44 0.857567 0.108952 0.284545 0.212012 0.0330347
43 0.857567 0.108952 0.284545 0.212012 0.0326514
50 0.662849 0.376852 0.0402985 0.0592535 0.0322067
50 0.493552 0.263623 0.0978725 0.136954 0.0321188
50 0.638047 0.370943 0.0883039 0.0721541 0.0311874
50 0.527828 0.294701 0.0895046 0.113222 0.0305783
50 0.622188 0.360073 0.119963 0.100761 0.0278057
51 0.393049 0.313605 0.0722226 0.0554599 0.0276944
51 0.411861 0.76609 0.0657278 0.112555 0.0276164
43 0.885765 0.0829022 0.227541 0.160107 0.0275385
44 0.0703089 0.259785 0.13893 0.224935 0.0274245
43 0.257225 0.0978844 0.508806 0.191165 0.0249642
51 0.596281 0.202714 0.0417251 0.0455626 0.0249201
51 0.604857 0.500997 0.0755549 0.116871 0.0246159
51 0.391441 0.311314 0.0869906 0.0681397 0.0245238
51 0.400679 0.270863 0.0557883 0.0357072 0.0243317
50 0.518847 0.303511 0.0638002 0.0657691 0.0243038
50 0.548518 0.316595 0.138852 0.180015 0.0240701
43 0.195487 0.0896952 0.38458 0.148401 0.0239078
50 0.587261 0.364484 0.0514076 0.0747698 0.0228211
51 0.398148 0.368106 0.0781292 0.107542 0.0227576
51 0.636788 0.31395 0.0536219 0.106483 0.0220737
50 0.506598 0.539079 0.126681 0.161982 0.0220674
50 0.63942 0.671894 0.101491 0.112094 0.0199592
51 0.375389 0.322741 0.0557288 0.0784755 0.0191402
44 0.104432 0.238597 0.206582 0.402825 0.0184779
51 0.34078 0.300751 0.0394935 0.0867232 0.0182252
51 0.90423 0.464815 0.0405243 0.129158 0.0178982
47 0.790365 0.536893 0.111457 0.176903 0.0176342
44 0.163655 0.212435 0.32731 0.383986 0.0175912
50 0.606672 0.365112 0.15293 0.131623 0.017457
50 0.467067 0.257258 0.0816954 0.09964 0.0171416
51 0.349317 0.289366 0.0529829 0.0651125 0.0170999
50 0.700224 0.393302 0.0421959 0.118406 0.0166677
51 0.316163 0.385568 0.0707966 0.129605 0.0165171
51 0.39937 0.280521 0.0646547 0.0557198 0.0161745
51 0.289672 0.337906 0.0643374 0.0603956 0.0159436
51 0.315043 0.351796 0.102565 0.190311 0.0158508
50 0.779361 0.386071 0.0637482 0.0820318 0.0157439
43 0.847534 0.148228 0.304025 0.286376 0.0155104
50 0.527207 0.53698 0.088856 0.17124 0.0154343
50 0.569673 0.3249 0.0910038 0.153647 0.0153353
51 0.392309 0.339085 0.0916464 0.152479 0.0151562
50 0.516843 0.603559 0.0544837 0.0321045 0.0150823
51 0.379115 0.311368 0.109776 0.119081 0.0147978
50 0.585914 0.350933 0.0538348 0.10213 0.0146842
50 0.535269 0.299281 0.0768475 0.139802 0.014485
50 0.458047 0.282378 0.0642584 0.07509 0.0144706
51 0.365086 0.30758 0.0722899 0.0919228 0.0144704
51 0.635966 0.153091 0.0996021 0.116127 0.0140345
51 0.643435 0.554474 0.151581 0.173597 0.0140339
47 0.850662 0.667442 0.0964466 0.174022 0.0140327
51 0.399178 0.450061 0.0948368 0.271095 0.0140038
47 0.260417 0.532945 0.10072 0.171323 0.0140023
50 0.48938 0.210595 0.0822344 0.162144 0.0139218
51 0.390086 0.290482 0.0847277 0.0775413 0.0138884
42 0.885765 0.0829022 0.227541 0.160107 0.0137626
51 0.328245 0.374126 0.0462044 0.122372 0.0136382
50 0.481696 0.165421 0.052903 0.0818299 0.0131337
43 0.369154 0.114931 0.7327 0.225325 0.0129699
42 0.369154 0.114931 0.7327 0.225325 0.0128729
50 0.63533 0.683287 0.118017 0.141784 0.0127954
50 0.492015 0.300879 0.0997882 0.0644541 0.012773
51 0.287069 0.387427 0.0560527 0.0796141 0.0126643
50 0.588607 0.610481 0.222513 0.314294 0.0123862
50 0.550729 0.300341 0.0452198 0.137865 0.0118746
44 0.101131 0.187013 0.201111 0.149415 0.0118675
50 0.450436 0.376072 0.0520971 0.142395 0.0118619
44 0.0703116 0.199762 0.138845 0.122541 0.0118435
51 0.322099 0.366171 0.0533963 0.103855 0.0117708
50 0.841692 0.471684 0.128954 0.130366 0.0116171
44 0.106992 0.283633 0.213983 0.282724 0.011542
42 0.195487 0.0896952 0.38458 0.148401 0.0115325
51 0.604953 0.206511 0.0600353 0.0524952 0.011394
51 0.198748 0.564754 0.027228 0.093098 0.011338
51 0.285227 0.341165 0.0564878 0.0361139 0.0112732
50 0.623122 0.338462 0.116949 0.140512 0.0112674
50 0.475688 0.24462 0.0748844 0.0959493 0.0109631
51 0.335518 0.350345 0.05985 0.185695 0.0109317
50 0.556348 0.235526 0.0557127 0.0704459 0.0109291
42 0.079703 0.294928 0.158086 0.295289 0.0108678
50 0.683932 0.500712 0.0978113 0.103324 0.0108365
51 0.362686 0.479625 0.107033 0.140192 0.0108153
50 0.5096 0.588035 0.0723619 0.0670264 0.0107285
50 0.875931 0.471372 0.0645544 0.126985 0.0106221
51 0.250416 0.721678 0.120128 0.175822 0.0104541
50 0.641014 0.378588 0.0625242 0.0473333 0.0104258
50 0.511641 0.257496 0.132802 0.262001 0.0102513
50 0.686018 0.428706 0.108107 0.19265 0.010134
51 0.478579 0.712265 0.0407309 0.0790643 0.0101219
50 0.536553 0.348813 0.0644132 0.112026 0.0101114
51 0.716537 0.856483 0.0710834 0.10111 0.0100266
50 0.777343 0.596561 0.0338287 0.0563469 0.00996077
51 0.449311 0.196179 0.0589924 0.112781 0.00993735
51 0.611148 0.0887073 0.0488276 0.0469833 0.00992987
50 0.671197 0.569684 0.0962997 0.142926 0.00989714
51 0.618972 0.230892 0.0933794 0.095046 0.0098924
51 0.498809 0.875694 0.116064 0.134872 0.00977057
50 0.632429 0.656425 0.100642 0.0805211 0.0097481
45 0.224672 0.0937333 0.443042 0.167355 0.0096876
51 0.60849 0.217088 0.0673273 0.0733758 0.00966278
69 0.504574 0.499242 0.990851 0.988696 0.00923854
51 0.363374 0.345121 0.150251 0.190201 0.00921947
51 0.259859 0.498649 0.0906751 0.101893 0.00917825
50 0.682747 0.399911 0.109724 0.135819 0.00912395
50 0.448291 0.349699 0.0412294 0.0849072 0.00899896
44 0.0184724 0.223535 0.0355709 0.0434668 0.00898829
50 0.551425 0.255225 0.0431604 0.0606883 0.00897285
51 0.31384 0.394295 0.0754954 0.0950389 0.00897262
51 0.798525 0.607073 0.207388 0.332169 0.00886977
50 0.447282 0.367841 0.0415173 0.118078 0.00881994
51 0.636857 0.178882 0.0903495 0.0706691 0.00871131
47 0.372989 0.497465 0.131495 0.178852 0.00871029
50 0.492929 0.179046 0.0760444 0.108746 0.00863528
50 0.407221 0.878835 0.0649734 0.0813432 0.00853446
51 0.519602 0.799582 0.131142 0.068101 0.00827494
50 0.851721 0.667482 0.0941204 0.174254 0.00818998
51 0.41057 0.32004 0.0470327 0.0524964 0.00806752
50 0.475471 0.155392 0.0408131 0.0611953 0.00793064
50 0.698454 0.414898 0.036561 0.066304 0.00785631
51 0.411539 0.145868 0.0506056 0.0487658 0.00775647
42 0.857567 0.108952 0.284545 0.212012 0.00768816
50 0.729834 0.389961 0.102452 0.122669 0.00767162
51 0.710307 0.829732 0.0820267 0.132866 0.00758556
60 0.128801 0.827074 0.256191 0.319451 0.00751251
51 0.505369 0.401787 0.04668 0.0593859 0.00749469
50 0.871521 0.530765 0.1033 0.233655 0.00738117
50 0.540796 0.517283 0.0567347 0.105391 0.00732502
47 0.373707 0.453142 0.133452 0.267092 0.00730845
51 0.19598 0.558833 0.0345969 0.106962 0.00726846
60 0.372874 0.829614 0.741779 0.321973 0.00714469
50 0.540109 0.621092 0.233624 0.339779 0.00712758
51 0.716712 0.826885 0.0707414 0.105691 0.00712627
44 0.13614 0.0921193 0.267848 0.134708 0.00698397
51 0.359451 0.311665 0.0372933 0.0846802 0.00692394
50 0.638911 0.656309 0.120552 0.173431 0.0068669
51 0.510418 0.854035 0.141637 0.175456 0.00680134
51 0.399936 0.414694 0.0814609 0.208923 0.00660816
44 0.279377 0.117093 0.505057 0.233266 0.00654918
51 0.727817 0.686857 0.0598434 0.133142 0.00641432
50 0.789838 0.536306 0.112201 0.176464 0.00638208
50 0.569938 0.412279 0.0848037 0.0491855 0.00634739
51 0.33014 0.322899 0.0668132 0.130232 0.00628677
51 0.38937 0.276326 0.0853207 0.0507542 0.00620347
42 0.233374 0.1442 0.465824 0.267626 0.00613636
44 0.018486 0.242102 0.0353916 0.0872753 0.00612995
50 0.636897 0.387748 0.21098 0.13299 0.00611803
50 0.637979 0.391395 0.074697 0.0738022 0.00610512
50 0.500889 0.578661 0.0874107 0.0874899 0.00605467
51 0.389792 0.307497 0.0965337 0.0995511 0.0060415
51 0.569817 0.412659 0.0805405 0.0420189 0.00602558
50 0.550672 0.267821 0.040452 0.0755714 0.00592908
42 0.899451 0.0645752 0.199868 0.123112 0.00590262
51 0.632302 0.289156 0.0905456 0.159071 0.0058828
50 0.630704 0.446989 0.232803 0.242851 0.00588217
50 0.643434 0.401779 0.0775044 0.10233 0.00579703
42 0.23973 0.220715 0.476778 0.423593 0.00576797
50 0.379947 0.449824 0.149188 0.279736 0.00568086
50 0.498483 0.518223 0.14533 0.205718 0.00549939
60 0.509539 0.0889125 0.980921 0.17237 0.00535125
51 0.504896 0.798254 0.0890438 0.0703571 0.00530964
51 0.331819 0.375604 0.0931129 0.146664 0.00526401
51 0.747745 0.682519 0.0990343 0.151369 0.0052121
50 0.580384 0.390807 0.101387 0.0954604 0.00515145
50 0.522123 0.337875 0.0701911 0.113783 0.00512543
51 0.642238 0.288627 0.0678184 0.148025 0.00510418
51 0.358386 0.688812 0.0378654 0.0596185 0.00501201
50 0.832137 0.526272 0.172743 0.246623 0.0049859
51 0.365618 0.317077 0.0444857 0.0787773 0.00496817
51 0.631875 0.25493 0.11237 0.0932826 0.00493836
43 0.229475 0.126121 0.458951 0.248758 0.00493133
50 0.493927 0.326227 0.102677 0.112028 0.00490215
50 0.595015 0.270704 0.0485781 0.0379944 0.00486195
50 0.64151 0.626721 0.159597 0.265616 0.00481564
51 0.852203 0.547931 0.0369137 0.0769959 0.00471124
51 0.344659 0.319001 0.0670341 0.121686 0.00466424
50 0.660178 0.466085 0.0634979 0.0744554 0.0046528
51 0.367616 0.35616 0.0422966 0.0771749 0.00465232
51 0.493594 0.453511 0.0447279 0.0461103 0.00463629
50 0.635976 0.155828 0.0932604 0.109321 0.00461164
51 0.299887 0.327967 0.0401842 0.0456711 0.00454423
50 0.408484 0.398232 0.0971089 0.173448 0.00451514
50 0.531853 0.365733 0.0475378 0.0763077 0.00450701
51 0.424501 0.180423 0.0959356 0.116411 0.00445473
51 0.891953 0.585576 0.063666 0.100369 0.00443172
50 0.563002 0.543239 0.165195 0.186577 0.00443089
51 0.216267 0.583195 0.0181016 0.0805539 0.00441307
50 0.391351 0.686385 0.0648233 0.0813942 0.00440586
50 0.517492 0.596876 0.0568998 0.0446643 0.00437337
50 0.402189 0.367509 0.0813264 0.106453 0.00436014
50 0.642208 0.551508 0.1548 0.214864 0.00435826
50 0.422492 0.194976 0.113016 0.141978 0.00434956
51 0.903353 0.448751 0.0401812 0.0929987 0.00432172
50 0.381583 0.660703 0.0843699 0.144095 0.00431368
51 0.907675 0.486007 0.0372557 0.0928074 0.00426486
51 0.744941 0.336456 0.0405897 0.0655947 0.00425225
50 0.782341 0.370552 0.0708493 0.115037 0.00424561
50 0.439961 0.386705 0.0565955 0.150492 0.00424418
51 0.339105 0.357291 0.101109 0.18661 0.00419942
50 0.603179 0.638919 0.189742 0.248735 0.00416812
51 0.361721 0.421749 0.172504 0.322804 0.00416204
60 0.521257 0.151949 0.956818 0.299191 0.00408763
44 0.805121 0.085366 0.38528 0.165454 0.00406018
51 0.415328 0.21323 0.0979583 0.0928556 0.00404286
51 0.466136 0.860063 0.044092 0.0815871 0.00401425
50 0.497996 0.46564 0.14954 0.310571 0.00400579
51 0.512657 0.197453 0.0419197 0.0752877 0.00399292
47 0.760539 0.692996 0.124652 0.173997 0.0039475
50 0.624875 0.415884 0.03321 0.041001 0.00394058
51 0.195614 0.540208 0.0358181 0.0750267 0.00393888
50 0.399178 0.450061 0.0948368 0.271095 0.00392202
51 0.203151 0.662524 0.105503 0.0764759 0.00389585
50 0.601677 0.385987 0.139598 0.131566 0.00389576
51 0.840314 0.453743 0.126003 0.0984873 0.00389111
50 0.441458 0.357428 0.0378351 0.0885929 0.00388485
50 0.58718 0.419709 0.111069 0.0582433 0.00385609
50 0.451679 0.28974 0.0434642 0.0492627 0.00384086
51 0.408017 0.340147 0.0464672 0.0541609 0.00383636
51 0.453251 0.183269 0.049225 0.0993485 0.00381932
51 0.318366 0.334674 0.053392 0.0479344 0.00380906
50 0.553992 0.345334 0.0747913 0.122035 0.00379136
51 0.509613 0.182292 0.0476415 0.100975 0.00370428
50 0.541046 0.251177 0.0542185 0.0565938 0.00364682
51 0.763977 0.42735 0.0319452 0.041531 0.00360745
51 0.642287 0.332662 0.0694931 0.147081 0.0035902
51 0.744769 0.630339 0.0836292 0.0539236 0.00355244
50 0.683443 0.393775 0.0861986 0.114795 0.00351498
42 0.842981 0.150256 0.312411 0.290733 0.00351396
50 0.45987 0.382141 0.0569265 0.117364 0.00351107
43 0.199832 0.0644407 0.392881 0.120833 0.00350797
43 0.805121 0.085366 0.38528 0.165454 0.00343943
51 0.75416 0.549922 0.0512348 0.105763 0.00343177
45 0.250472 0.217264 0.500945 0.414965 0.00341043
50 0.453661 0.386248 0.0386126 0.109618 0.00340986
51 0.469067 0.873632 0.051124 0.114097 0.00340456
42 0.144267 0.0392901 0.27261 0.0717511 0.00338194
44 0.744907 0.0945403 0.50841 0.182609 0.00338
50 0.55027 0.519719 0.0415925 0.100332 0.00337237
44 0.59365 0.0379449 0.284478 0.0758897 0.00337207
44 0.307857 0.0782914 0.42791 0.154375 0.00335899
50 0.545346 0.705057 0.0943847 0.142709 0.0033333
0 0.906559 0.0586403 0.185115 0.115556 0.00331032
51 0.210664 0.573831 0.0237654 0.096164 0.0032886
52 0.628936 0.838838 0.13866 0.204343 0.00327557
50 0.767606 0.396717 0.0472233 0.0925005 0.0032542
51 0.634005 0.238289 0.11222 0.0622763 0.00325328
51 0.641193 0.272295 0.138466 0.178708 0.00323746
51 0.400343 0.21216 0.0673153 0.0885374 0.0031985
50 0.483453 0.289244 0.110817 0.0874114 0.00319099
51 0.595015 0.270704 0.0485781 0.0379944 0.00318623
