0 0.148644 0.667138 0.196496 0.444097 0.679113
0 0.699829 0.317726 0.0887158 0.1535 0.262638
0 0.547354 0.264 0.18081 0.202361 0.136183
0 0.705626 0.267116 0.133505 0.242994 0.10461
0 0.542717 0.305075 0.184228 0.280799 0.0973824
0 0.590609 0.322378 0.0416957 0.100903 0.0921285
0 0.143876 0.625748 0.196512 0.305172 0.0918354
0 0.556236 0.182391 0.0276955 0.0559915 0.0680221
0 0.707511 0.198869 0.133627 0.102282 0.0664568
0 0.693433 0.305003 0.112418 0.157899 0.0542354
14 0.706217 0.198622 0.131944 0.103114 0.0429763
0 0.166399 0.664388 0.16519 0.320763 0.0410924
0 0.547801 0.190899 0.0448224 0.0724085 0.0378029
0 0.148893 0.532087 0.0922638 0.173122 0.0340871
0 0.528206 0.334864 0.211574 0.351062 0.0335709
0 0.666422 0.313161 0.160298 0.146448 0.0327952
0 0.59707 0.268323 0.287666 0.236418 0.0324293
0 0.590316 0.314039 0.0362866 0.0807844 0.0267917
13 0.491647 0.690791 0.897133 0.406628 0.0251132
0 0.563492 0.204438 0.145709 0.0948292 0.0247544
0 0.541828 0.196625 0.0555099 0.0842591 0.0236549
1 0.509578 0.702121 0.956592 0.444352 0.0199078
0 0.149721 0.59776 0.122876 0.300449 0.0191779
0 0.596374 0.332803 0.32289 0.330368 0.0163128
29 0.700203 0.588034 0.108018 0.0694603 0.0160725
0 0.134627 0.751179 0.120834 0.278342 0.0158237
2 0.494121 0.570343 0.201749 0.135602 0.015807
29 0.692315 0.573598 0.130593 0.0984863 0.0144621
56 0.111128 0.422293 0.107406 0.154133 0.0139773
0 0.523455 0.417753 0.211453 0.504211 0.0134778
0 0.510952 0.32082 0.137811 0.296929 0.013205
0 0.551726 0.221391 0.0551014 0.13308 0.0130018
13 0.500728 0.717246 0.972081 0.540531 0.0125424
0 0.521402 0.255952 0.160426 0.207194 0.0122114
22 0.894317 0.59124 0.20269 0.153485 0.0119822
0 0.164215 0.536441 0.122175 0.186813 0.0119218
0 0.452737 0.181549 0.0402721 0.0649143 0.0109861
0 0.140465 0.712045 0.146141 0.360082 0.0108945
36 0.143056 0.886133 0.113632 0.0768237 0.0107349
1 0.0484647 0.68602 0.0969293 0.15995 0.0107195
0 0.137782 0.798017 0.112931 0.177417 0.00988019
2 0.501564 0.507684 0.201002 0.274108 0.00938246
36 0.11054 0.915295 0.185016 0.152084 0.00924721
0 0.537349 0.191068 0.0496052 0.0667189 0.00916657
0 0.536485 0.200702 0.19978 0.340571 0.00915128
3 0.501088 0.717799 0.997824 0.483027 0.00907469
0 0.817932 0.247853 0.358113 0.297795 0.00878134
0 0.43375 0.576199 0.0763155 0.209123 0.00873804
0 0.501665 0.21509 0.131512 0.136841 0.00858995
2 0.52024 0.590399 0.142737 0.136921 0.008329
0 0.526596 0.227922 0.0902734 0.142588 0.00813484
38 0.453788 0.542812 0.125497 0.17863 0.00809216
38 0.886572 0.594465 0.208999 0.156175 0.00802881
0 0.170759 0.587364 0.137235 0.287399 0.00755745
38 0.441327 0.54908 0.0905221 0.160903 0.00750875
0 0.458083 0.55526 0.107698 0.220204 0.00745571
2 0.244691 0.640622 0.309732 0.279247 0.00741091
36 0.0671227 0.977313 0.0960932 0.0453745 0.00724503
0 0.561465 0.323734 0.0290123 0.107412 0.00722209
0 0.509364 0.117563 0.151264 0.23226 0.00711441
0 0.0986839 0.700108 0.103832 0.140917 0.00704336
56 0.18171 0.43001 0.241354 0.173832 0.00697479
56 0.24506 0.436 0.209703 0.15748 0.00694337
0 0.557095 0.295544 0.0338705 0.198378 0.00675508
1 0.719405 0.576577 0.56119 0.365322 0.00668103
0 0.556697 0.315668 0.0360268 0.126185 0.00637391
0 0.103605 0.649933 0.120101 0.252996 0.0063082
56 0.164372 0.698986 0.166838 0.369693 0.00629956
0 0.481898 0.183293 0.086853 0.0712702 0.00629276
0 0.112761 0.423298 0.105349 0.15576 0.00616887
1 0.0682381 0.679419 0.136476 0.178206 0.00606608
17 0.14739 0.66875 0.194099 0.452003 0.00604793
0 0.162441 0.774604 0.159346 0.233589 0.00601116
56 0.146711 0.65478 0.206217 0.299825 0.00599116
0 0.537094 0.352917 0.158536 0.196025 0.00596476
29 0.711326 0.600823 0.0860157 0.0472142 0.00590897
0 0.594468 0.330936 0.0497923 0.124621 0.00588647
1 0.886219 0.454902 0.227563 0.165653 0.00585011
2 0.606084 0.588067 0.253161 0.213153 0.00582632
2 0.480946 0.556735 0.16638 0.150116 0.00581056
0 0.496109 0.383171 0.106474 0.187693 0.00576469
0 0.505411 0.141355 0.130861 0.200766 0.00566927
13 0.238115 0.675988 0.372089 0.412502 0.0054808
2 0.885777 0.450637 0.227314 0.151243 0.0053969
2 0.466018 0.508281 0.124596 0.251143 0.00525841
0 0.230998 0.605202 0.252668 0.327951 0.00495028
2 0.501023 0.493145 0.15211 0.262627 0.00494263
1 0.942053 0.446691 0.114897 0.121297 0.00491324
26 0.680207 0.546499 0.179274 0.155983 0.00488657
0 0.496106 0.353663 0.115022 0.231536 0.00486708
13 0.757289 0.579167 0.47565 0.309798 0.00485477
0 0.575193 0.473744 0.0563168 0.143834 0.00482386
1 0.886027 0.528603 0.227945 0.276441 0.00479633
2 0.494148 0.58133 0.197272 0.229343 0.00466704
35 0.942683 0.589554 0.0935989 0.148052 0.00463441
0 0.470132 0.563996 0.148242 0.238448 0.00439903
38 0.626616 0.614301 0.236734 0.221735 0.00438008
36 0.109172 0.869581 0.180824 0.102116 0.00434506
2 0.941542 0.441757 0.114642 0.116681 0.00414672
2 0.62803 0.551336 0.265765 0.259016 0.00413966
2 0.539743 0.510702 0.131938 0.283317 0.00404719
23 0.111128 0.422293 0.107406 0.154133 0.00399458
2 0.533668 0.555241 0.127073 0.183838 0.0038968
1 0.632409 0.608279 0.260638 0.216521 0.00388667
0 0.701911 0.351327 0.131484 0.234412 0.00387368
36 0.0603675 0.970806 0.111226 0.056505 0.00385603
0 0.138298 0.773194 0.0895451 0.19318 0.00385433
0 0.421782 0.417076 0.413561 0.518765 0.00382039
1 0.941015 0.53661 0.11797 0.257447 0.00381839
0 0.540296 0.133779 0.199913 0.242188 0.00380683
38 0.463297 0.492428 0.0810358 0.0571585 0.00373164
1 0.768679 0.542772 0.462642 0.31339 0.00373045
45 0.680207 0.546499 0.179274 0.155983 0.00369379
0 0.558616 0.533282 0.10876 0.259705 0.00367433
1 0.664837 0.602224 0.196131 0.191932 0.00359774
38 0.88508 0.637157 0.22984 0.249742 0.00353655
38 0.438023 0.558219 0.0811855 0.075866 0.00351831
1 0.746331 0.520213 0.320033 0.302019 0.00349069
45 0.67761 0.568825 0.165062 0.120274 0.00341144
14 0.707444 0.266589 0.137707 0.244025 0.00340703
13 0.24506 0.436 0.209703 0.15748 0.00333989
0 0.654722 0.334774 0.184508 0.174841 0.00332665
1 0.52284 0.585257 0.95432 0.829487 0.00329036
22 0.940493 0.591682 0.11447 0.152311 0.00327349
2 0.182883 0.42652 0.240132 0.173895 0.00326803
2 0.746331 0.520213 0.320033 0.302019 0.00322852
0 0.552552 0.185225 0.0333547 0.066243 0.00322673
38 0.462451 0.548652 0.142402 0.111038 0.00322157
2 0.53129 0.4996 0.202534 0.310906 0.0031808
36 0.137011 0.878839 0.110135 0.0582013 0.00315407
0 0.585952 0.531995 0.0970118 0.266633 0.00314933
0 0.647573 0.438376 0.440579 0.561808 0.00313851
2 0.304088 0.645517 0.196425 0.24204 0.00312167
0 0.574398 0.489197 0.0676979 0.170916 0.00310016
2 0.266305 0.753312 0.309243 0.142652 0.00306708
0 0.485806 0.11439 0.100972 0.214139 0.00305858
1 0.940493 0.591682 0.11447 0.152311 0.00303259
38 0.667121 0.645155 0.101136 0.0920624 0.00300825
0 0.197608 0.476006 0.191412 0.125638 0.00296974
1 0.772205 0.568295 0.285004 0.217786 0.00294724
0 0.566298 0.238568 0.0518035 0.154179 0.00294578
36 0.165195 0.794544 0.166257 0.241507 0.00293362
17 0.545844 0.268272 0.182894 0.211615 0.00292182
56 0.0865285 0.447096 0.173057 0.201559 0.00290978
0 0.582353 0.190147 0.106922 0.0644639 0.00288323
2 0.517071 0.616261 0.154931 0.148284 0.00284657
38 0.945223 0.596499 0.102825 0.146351 0.00283468
76 0.112663 0.421568 0.106022 0.152625 0.00279945
0 0.588272 0.365369 0.216414 0.198048 0.00277564
0 0.0970919 0.749227 0.193214 0.249638 0.0027048
36 0.106158 0.882142 0.19402 0.225144 0.0026913
2 0.907768 0.439549 0.184037 0.127668 0.00267684
22 0.885777 0.450637 0.227314 0.151243 0.00267649
0 0.568373 0.211918 0.0797901 0.0999765 0.00266621
38 0.861334 0.591949 0.229887 0.179635 0.00266355
13 0.695364 0.566397 0.334532 0.267982 0.00263983
1 0.90734 0.446271 0.18532 0.128471 0.00262499
1 0.0448017 0.702842 0.0869198 0.124413 0.0025993
26 0.693268 0.53035 0.21581 0.196714 0.00258711
38 0.742486 0.489553 0.30666 0.224776 0.00257024
24 0.141148 0.571362 0.0740719 0.0963453 0.00256634
0 0.559777 0.251456 0.0338013 0.165361 0.00255927
0 0.593863 0.460441 0.105406 0.159974 0.00254303
26 0.70586 0.199291 0.133567 0.106802 0.0025425
0 0.518185 0.375585 0.147219 0.212541 0.00253683
2 0.554788 0.44326 0.223481 0.167806 0.00253573
56 0.252685 0.00229958 0.505371 0.00459916 0.00253329
0 0.167531 0.483852 0.0504868 0.0760323 0.00251848
36 0.112663 0.421568 0.106022 0.152625 0.00251105
44 0.113084 0.423805 0.10558 0.152492 0.00249773
1 0.838511 0.570598 0.190662 0.209895 0.00249401
0 0.702263 0.512732 0.233278 0.238905 0.00248882
2 0.840912 0.447536 0.236921 0.160471 0.00248322
1 0.865019 0.553675 0.228041 0.243293 0.00246823
13 0.182883 0.42652 0.240132 0.173895 0.00245464
38 0.664837 0.602224 0.196131 0.191932 0.00245047
2 0.632409 0.608279 0.260638 0.216521 0.00243431
2 0.573341 0.414643 0.237332 0.146306 0.00241694
0 0.131254 0.565556 0.129739 0.259961 0.00241005
1 0.704143 0.578394 0.241458 0.208477 0.00240991
2 0.589993 0.422412 0.225803 0.117211 0.00240615
20 0.111128 0.422293 0.107406 0.154133 0.00239697
14 0.699829 0.317726 0.0887158 0.1535 0.00238419
38 0.480946 0.556735 0.16638 0.150116 0.00238365
38 0.528774 0.604384 0.124934 0.132646 0.00237769
3 0.501383 0.583891 0.997234 0.832218 0.00237375
38 0.436133 0.573591 0.0791444 0.147963 0.00233287
42 0.112663 0.421568 0.106022 0.152625 0.00233105
56 0.404338 0.00598194 0.802704 0.0119639 0.00231296
1 0.940142 0.479587 0.119715 0.182109 0.00230771
45 0.880921 0.7123 0.0850635 0.0783407 0.0022988
0 0.130455 0.794366 0.0713484 0.160019 0.00229746
2 0.614548 0.415489 0.207464 0.0976248 0.00229442
22 0.494148 0.58133 0.197272 0.229343 0.00228941
0 0.549197 0.18603 0.180603 0.122438 0.00228873
36 0.137661 0.821064 0.11358 0.135082 0.00227296
38 0.735853 0.453265 0.274922 0.154844 0.00227025
2 0.519907 0.436497 0.172771 0.164965 0.00226942
0 0.997414 0.557812 0.0051723 0.541823 0.00226739
38 0.494522 0.582807 0.200031 0.217808 0.00226432
0 0.454062 0.590261 0.121622 0.238024 0.00225809
2 0.904838 0.395414 0.188276 0.0469001 0.00223771
1 0.824169 0.593785 0.199351 0.183607 0.00221834
1 0.554276 0.607195 0.891447 0.311408 0.00220817
3 0.0484647 0.68602 0.0969293 0.15995 0.0022077
1 0.62803 0.551336 0.265765 0.259016 0.00219491
14 0.890095 0.73262 0.104365 0.116559 0.00219154
0 0.665435 0.533228 0.195107 0.203019 0.00217995
1 0.754718 0.606794 0.48293 0.286562 0.00217825
1 0.695364 0.566397 0.334532 0.267982 0.00217324
1 0.884148 0.571568 0.210395 0.181159 0.00217089
29 0.691037 0.562768 0.126636 0.0568718 0.00213519
24 0.508748 0.286696 0.106917 0.142775 0.00212508
22 0.890798 0.636069 0.214196 0.25585 0.0021219
0 0.145541 0.822277 0.0998456 0.135781 0.00211918
1 0.910884 0.58976 0.169423 0.153434 0.00210661
2 0.854149 0.389815 0.274946 0.0413965 0.00210541
22 0.914932 0.529513 0.170136 0.272713 0.00210282
58 0.941015 0.53661 0.11797 0.257447 0.00209546
0 0.530804 0.260853 0.10059 0.182582 0.00208515
2 0.351455 0.582602 0.341818 0.216651 0.00208005
2 0.484902 0.445071 0.120509 0.149698 0.00206882
0 0.647924 0.347071 0.212523 0.217646 0.00205925
0 0.549172 0.316967 0.0453496 0.141467 0.00205851
43 0.112663 0.421568 0.106022 0.152625 0.00205207
1 0.494522 0.582807 0.200031 0.217808 0.00204197
26 0.67761 0.568825 0.165062 0.120274 0.00202245
29 0.182608 0.712821 0.132926 0.0502559 0.00197616
0 0.17302 0.424602 0.227206 0.166286 0.00197458
1 0.735853 0.453265 0.274922 0.154844 0.00196618
2 0.148975 0.182284 0.268793 0.234939 0.0019567
38 0.673602 0.488909 0.156449 0.101059 0.0018959
36 0.260249 0.441467 0.179166 0.144811 0.00189257
36 0.158138 0.847817 0.127492 0.151949 0.00188714
0 0.541669 0.316881 0.0667502 0.149829 0.00187597
0 0.727669 0.201306 0.0901821 0.108613 0.00186881
1 0.573341 0.414643 0.237332 0.146306 0.00186202
20 0.545844 0.268272 0.182894 0.211615 0.00185558
2 0.296369 0.676482 0.247057 0.295259 0.00181967
46 0.689743 0.573435 0.138253 0.10747 0.00180283
2 0.743762 0.466753 0.309857 0.176694 0.00179955
1 0.475839 0.48487 0.102216 0.0797034 0.00179273
1 0.886507 0.521659 0.226035 0.172235 0.00179186
38 0.627051 0.65686 0.227069 0.148216 0.00179014
1 0.861334 0.591949 0.229887 0.179635 0.00176972
2 0.367031 0.528641 0.354674 0.298907 0.00176361
2 0.764445 0.401068 0.157428 0.0644292 0.00176048
0 0.0460689 0.671141 0.0921377 0.178959 0.00175327
0 0.48771 0.4179 0.11962 0.164183 0.00175169
0 0.129672 0.431215 0.13232 0.177957 0.00174209
38 0.488034 0.560177 0.121953 0.0829112 0.00173926
38 0.494121 0.570343 0.201749 0.135602 0.00173491
0 0.237023 0.640575 0.321005 0.327997 0.00172478
29 0.694354 0.557312 0.108909 0.07258 0.00172117
0 0.0846355 0.426585 0.169271 0.15497 0.0017105
56 0.176268 0.655753 0.145731 0.305691 0.00170836
38 0.511298 0.564273 0.103372 0.0915922 0.00170559
13 0.112192 0.422422 0.104276 0.152558 0.00170118
36 0.0653684 0.950556 0.101594 0.0969399 0.00169408
1 0.710323 0.516736 0.249976 0.271882 0.00169042
0 0.149087 0.795255 0.0853265 0.149245 0.00168806
3 0.0682381 0.679419 0.136476 0.178206 0.00168765
2 0.243412 0.600379 0.30306 0.199303 0.00167498
1 0.82707 0.461631 0.120069 0.140266 0.00166652
2 0.893346 0.523721 0.213309 0.275734 0.00166366
1 0.88508 0.637157 0.22984 0.249742 0.001661
1 0.606084 0.588067 0.253161 0.213153 0.00165889
1 0.945959 0.462394 0.108082 0.101279 0.00165778
26 0.706403 0.559691 0.226343 0.251091 0.00165594
29 0.69438 0.528169 0.0953068 0.0454694 0.0016405
0 0.468588 0.302601 0.932904 0.605203 0.00163636
2 0.886572 0.594465 0.208999 0.156175 0.00161558
46 0.69438 0.528169 0.0953068 0.0454694 0.0016019
1 0.627051 0.65686 0.227069 0.148216 0.0015952
23 0.545925 0.269991 0.181972 0.21536 0.0015913
0 0.506277 0.36238 0.0806326 0.189477 0.00158447
0 0.527554 0.193097 0.0446365 0.0566832 0.00158414
38 0.485186 0.566319 0.0490516 0.0767019 0.00157398
29 0.0670007 0.978239 0.0958238 0.0435221 0.00157398
1 0.47806 0.454491 0.102606 0.134707 0.00157335
0 0 0.639328 0 0.456246 0.00157076
38 0.720282 0.529097 0.274442 0.299429 0.0015555
58 0.914932 0.529513 0.170136 0.272713 0.00155386
45 0.693268 0.53035 0.21581 0.196714 0.00155213
2 0.526873 0.615614 0.130846 0.122199 0.00154543
0 0.460272 0.186591 0.0396606 0.0644024 0.00153637
38 0.904944 0.709397 0.190111 0.096845 0.00153622
14 0.448883 0.181605 0.0345656 0.0651411 0.00153509
38 0.455167 0.492277 0.0579008 0.0528202 0.00153235
1 0.880188 0.488745 0.218699 0.208033 0.00153211
0 0.745871 0.196749 0.0617734 0.0994725 0.00150806
1 0.480946 0.556735 0.16638 0.150116 0.00150299
36 0.140609 0.863193 0.101811 0.0622536 0.00149944
13 0.146711 0.65478 0.206217 0.299825 0.00149199
2 0.834954 0.406277 0.250058 0.0771475 0.00149137
29 0.603536 0.662592 0.0608881 0.107905 0.00148267
36 0.133691 0.88834 0.0917635 0.0440051 0.00148141
13 0.496726 0.515266 0.902539 0.900619 0.0014784
2 0.313473 0.761057 0.216324 0.125001 0.00147593
1 0.845536 0.516757 0.183943 0.270397 0.00147426
