56 0.412872 0.38041 0.825743 0.760821 0.460728
56 0.494869 0.472279 0.989738 0.944557 0.115667
57 0.469102 0.482252 0.938204 0.964504 0.0177663
60 0.418627 0.618788 0.837255 0.762424 0.0156565
56 0.704445 0.545638 0.191948 0.514417 0.0153935
13 0.412416 0.382663 0.824832 0.765327 0.0144148
60 0.495776 0.451197 0.991552 0.902395 0.0119399
56 0.103643 0.519245 0.205483 0.173833 0.0101403
13 0.522148 0.481032 0.955705 0.962064 0.00773388
59 0.426694 0.462994 0.853388 0.925987 0.00733641
14 0.222607 0.438332 0.0984538 0.0976264 0.00652906
56 0.127362 0.531289 0.239853 0.231577 0.00607845
57 0.412416 0.382663 0.824832 0.765327 0.00526169
16 0.222607 0.438332 0.0984538 0.0976264 0.00389427
56 0.349254 0.569983 0.28449 0.205923 0.00362933
56 0.525291 0.503148 0.884745 0.523173 0.00328976
56 0.655698 0.453 0.688604 0.906 0.00322029
56 0.32712 0.538893 0.435388 0.313543 0.00309873
71 0.700192 0.546299 0.184945 0.507717 0.00307339
56 0.151956 0.532108 0.240533 0.28919 0.00298509
56 0.265629 0.00558254 0.503028 0.0111651 0.00296459
56 0.138203 0.500423 0.27132 0.220064 0.00243565
56 0.466981 0.557267 0.742444 0.43643 0.00239062
60 0.496568 0.0180424 0.900396 0.0360848 0.00238213
0 0.200158 0.532516 0.144707 0.291445 0.00230813
13 0.707412 0.546076 0.19912 0.53315 0.00230524
14 0.222254 0.470108 0.102795 0.16087 0.0022912
56 0.090331 0.540929 0.180662 0.146373 0.00219834
61 0.702765 0.55245 0.189842 0.49729 0.00216949
8 0.469102 0.482252 0.938204 0.964504 0.00215238
56 0.176799 0.348126 0.353598 0.696251 0.00212342
13 0.530023 0.54908 0.846614 0.453889 0.00207862
56 0.108377 0.552068 0.210178 0.18938 0.00203329
60 0.533909 0.903965 0.932181 0.192069 0.00202811
61 0.524787 0.488045 0.950425 0.976089 0.00195748
56 0.435519 0.0164173 0.821653 0.0328346 0.00189772
56 0.5324 0.539783 0.790571 0.341439 0.00177759
71 0.426694 0.462994 0.853388 0.925987 0.00176567
13 0.418627 0.618788 0.837255 0.762424 0.00176051
56 0.448593 0.00146167 0.653835 0.00292333 0.00175458
56 0.350911 0.550844 0.238184 0.171101 0.0017252
1 0.426694 0.462994 0.853388 0.925987 0.00172287
0 0.220971 0.468624 0.1048 0.158701 0.00169182
16 0.704928 0.542699 0.189464 0.53189 0.00164804
56 0.631543 0.534993 0.328386 0.507862 0.00163758
19 0.138203 0.500423 0.27132 0.220064 0.00161788
16 0.145517 0.498654 0.255747 0.21852 0.00160515
13 0.731982 0.548824 0.536036 0.568998 0.00154078
60 0.245843 0.336846 0.491687 0.673692 0.00152799
60 0.838517 0.48208 0.322966 0.96416 0.00150132
0 0.223254 0.436668 0.098122 0.0946251 0.00148621
56 0.59536 0.000714889 0.66137 0.00142978 0.00144115
60 0.442012 0.793372 0.884025 0.413257 0.00142428
16 0.220971 0.468624 0.1048 0.158701 0.00140369
15 0.222607 0.438332 0.0984538 0.0976264 0.00140119
0 0.709493 0.547915 0.201235 0.536342 0.00134766
56 0.384615 0.563883 0.214279 0.185647 0.00132155
56 0.325709 0.00189606 0.651419 0.00379213 0.0012778
56 0.141635 0.473614 0.28327 0.399674 0.00127545
56 0.193038 0.526398 0.158934 0.28333 0.00127468
19 0.111745 0.518833 0.222787 0.170437 0.00124624
56 0.839662 0.439836 0.320675 0.879672 0.00123009
57 0.66646 0.552351 0.66708 0.57385 0.00122276
56 0.696223 0.000123552 0.607554 0.000247104 0.00121978
56 0.245843 0.336846 0.491687 0.673692 0.00121874
56 0.522476 0.0224193 0.938733 0.0448386 0.00120783
26 0.681933 0.607914 0.151068 0.373045 0.00120273
56 0.66646 0.552351 0.66708 0.57385 0.00117534
19 0.222607 0.438332 0.0984538 0.0976264 0.00114217
45 0.426694 0.462994 0.853388 0.925987 0.00104764
0 0 0.737458 0 0.525083 0.00103986
