0 0.833596 0.838827 0.0749126 0.166976 0.430933
60 0.503114 0.870246 0.993771 0.259508 0.0284989
14 0.788363 0.534414 0.0826026 0.130316 0.0128217
60 0.388595 0.515946 0.77719 0.954108 0.0102274
8 0.440357 0.516657 0.880713 0.966685 0.0091252
55 0.143903 0.153392 0.27924 0.205322 0.00896814
14 0.761943 0.583712 0.0211445 0.0330231 0.00820509
60 0.503295 0.711204 0.99341 0.577592 0.00674611
59 0.388595 0.515946 0.77719 0.954108 0.00633693
14 0.798789 0.494899 0.0568207 0.0614621 0.00587514
0 0.798987 0.495349 0.0558781 0.0627706 0.00575197
59 0.491618 0.404788 0.983236 0.749625 0.00556266
14 0.833339 0.83983 0.0773956 0.16768 0.00543764
60 0.502444 0.653492 0.97807 0.405701 0.00521681
55 0.459778 0.448665 0.919555 0.829337 0.00493351
0 0.491618 0.404788 0.983236 0.749625 0.00415528
0 0.839545 0.807471 0.0604156 0.10342 0.00370166
0 0.852754 0.840125 0.121652 0.1799 0.00369033
16 0.833596 0.838827 0.0749126 0.166976 0.00297642
36 0.83908 0.922145 0.0917759 0.0340309 0.00297591
57 0.370106 0.51994 0.740213 0.960119 0.00294411
0 0.836248 0.827829 0.0612816 0.13295 0.00275031
56 0.394152 0.366987 0.26104 0.263311 0.00272822
0 0.828536 0.839167 0.0562813 0.152951 0.00249538
4 0.799202 0.495827 0.0554336 0.0637674 0.00244293
13 0.503114 0.870246 0.993771 0.259508 0.00238326
13 0.388814 0.515371 0.777627 0.969257 0.00235465
57 0.491618 0.404788 0.983236 0.749625 0.00232583
0 0.788363 0.534414 0.0826026 0.130316 0.00223559
36 0.828619 0.912722 0.073299 0.0386579 0.00217873
25 0.440933 0.278431 0.881865 0.457685 0.00214213
36 0.818649 0.910181 0.059548 0.0408468 0.00207278
24 0.839545 0.807471 0.0604156 0.10342 0.0020608
62 0.420255 0.518832 0.840509 0.960258 0.00198105
25 0.148196 0.155551 0.277417 0.212927 0.00191259
69 0.370106 0.51994 0.740213 0.960119 0.00184891
60 0.341948 0.799872 0.683896 0.400255 0.00178024
36 0.820392 0.916104 0.0537764 0.0334152 0.00170943
45 0.549983 0.7226 0.900034 0.554799 0.00170621
60 0.5432 0.533851 0.9136 0.652688 0.00170389
56 0.428427 0.377096 0.209924 0.247213 0.00170383
60 0.568009 0.838955 0.849324 0.251741 0.00161988
53 0.439952 0.498935 0.879904 0.924481 0.00148875
59 0.462397 0.269826 0.924794 0.44572 0.00148615
56 0.49206 0.464068 0.98412 0.866455 0.00145
60 0.491618 0.404788 0.983236 0.749625 0.0013707
36 0.842394 0.930622 0.0954643 0.0343421 0.00137061
25 0.491618 0.404788 0.983236 0.749625 0.00136331
48 0.459778 0.448665 0.919555 0.829337 0.00132355
4 0.420255 0.518832 0.840509 0.960258 0.00128233
60 0.698204 0.453453 0.603593 0.497174 0.00124604
36 0.773046 0.583232 0.0434654 0.031413 0.00124535
0 0.843521 0.787211 0.0453571 0.0639174 0.00122029
16 0.800413 0.495461 0.0602211 0.0563965 0.0011895
36 0.838532 0.834642 0.0697231 0.163243 0.00117555
56 0.369515 0.473757 0.127897 0.0680771 0.00116864
24 0.831667 0.806581 0.0467747 0.097215 0.00110966
13 0.491618 0.404788 0.983236 0.749625 0.00109354
4 0.788363 0.534414 0.0826026 0.130316 0.00107825
56 0.428528 0.558412 0.317483 0.264895 0.00106922
45 0.370106 0.51994 0.740213 0.960119 0.00106573
71 0.388595 0.515946 0.77719 0.954108 0.00103602
56 0.653298 0 0.63284 0 0.00103498
36 0.828317 0.87481 0.0730328 0.114394 0.00103432
8 0.491618 0.404788 0.983236 0.749625 0.00102481
24 0.826505 0.801277 0.0347925 0.0900215 0.00101596
45 0.476012 0.582918 0.430006 0.286261 0.00100374
