0 0.171515 0.627663 0.34303 0.454562 0.939929
62 0.5 0.440356 1 0.880713 0.037952
59 0.5 0.425544 1 0.851088 0.0183905
0 0.173572 0.513253 0.347145 0.230822 0.0162793
63 0.5 0.441567 1 0.883133 0.00918224
0 0.0798321 0.670972 0.159664 0.347154 0.00866449
56 0.434989 0.00843311 0.844747 0.0168662 0.00560859
0 0.141625 0.674658 0.28325 0.344053 0.00544226
36 0.160202 0.745865 0.238017 0.251208 0.00527903
4 0.5 0.477026 1 0.954053 0.0049091
38 0.2367 0.658966 0.0939361 0.0696106 0.004861
60 0.5 0.441391 1 0.882782 0.00462794
36 0.239055 0.659928 0.0865371 0.0714867 0.00405002
68 0.5 0.441567 1 0.883133 0.00382081
69 0.5 0.425544 1 0.851088 0.00363752
5 0.5 0.441391 1 0.882782 0.00237989
13 0.5 0.425544 1 0.851088 0.0020414
14 0.173572 0.513253 0.347145 0.230822 0.00201523
74 0.5 0.441567 1 0.883133 0.00179312
16 0.173572 0.513253 0.347145 0.230822 0.00177658
0 0.5 0.425544 1 0.851088 0.00173301
56 0.5 0.425544 1 0.851088 0.00169876
57 0.5 0.425544 1 0.851088 0.00168487
17 0.171298 0.632693 0.342595 0.466732 0.00147715
6 0.5 0.425544 1 0.851088 0.00140619
0 0.145564 0.548108 0.291128 0.195352 0.00139841
36 0.14579 0.688425 0.27668 0.259968 0.0013243
36 0.160256 0.649261 0.243485 0.0928385 0.00108254
0 0.184818 0.469747 0.321333 0.140053 0.00104102
