53 0.497079 0.534876 0.98991 0.911906 0.942834
60 0.490512 0.501336 0.981023 0.997328 0.277863
43 0.855391 0.92933 0.170963 0.136374 0.275337
50 0.160238 0.554949 0.193953 0.126173 0.183967
50 0.575828 0.783914 0.0877136 0.37113 0.0765822
50 0.179574 0.386386 0.143007 0.0964612 0.0562697
50 0.862129 0.398952 0.204979 0.216612 0.0197059
60 0.46956 0.153888 0.932995 0.298177 0.0143692
43 0.832782 0.845785 0.220157 0.302026 0.0112681
60 0.799124 0.136526 0.401752 0.270317 0.0109994
43 0.797419 0.877372 0.292209 0.236087 0.00944838
48 0.489323 0.533272 0.97525 0.912859 0.00739428
50 0.572964 0.763733 0.077774 0.266536 0.00676113
50 0.83478 0.214131 0.0740856 0.122269 0.00675228
50 0.287477 0.179555 0.063118 0.103681 0.00674847
60 0.107557 0.197461 0.210769 0.252787 0.00557187
56 0.115007 0.143504 0.227764 0.283326 0.00505567
60 0.885258 0.866646 0.228011 0.260442 0.0044148
50 0.790067 0.315154 0.381314 0.389627 0.00425982
50 0.521042 0.537978 0.125109 0.13358 0.00378156
60 0.162621 0.122076 0.31536 0.237061 0.00371459
60 0.0540225 0.910676 0.10681 0.162451 0.00353491
56 0.166754 0.148538 0.331314 0.29107 0.00341529
60 0.165844 0.0562192 0.320955 0.110127 0.00337884
60 0.108524 0.164189 0.201029 0.18104 0.00323862
60 0.606966 0.141538 0.783681 0.275321 0.00321814
50 0.87074 0.498264 0.0911661 0.0997108 0.00319657
56 0.0256433 0.150956 0.050414 0.295454 0.00304571
51 0.576202 0.786823 0.0840965 0.373429 0.0028733
44 0.85684 0.930341 0.169608 0.137734 0.00272411
50 0.404853 0.56718 0.157815 0.253121 0.00248301
50 0.932872 0.514012 0.055146 0.0623983 0.0024184
50 0.82502 0.615468 0.292988 0.425925 0.00236672
50 0.283218 0.194923 0.0542258 0.0712545 0.00235888
42 0.85571 0.929394 0.170228 0.13592 0.00223872
53 0.400277 0.71063 0.792194 0.554044 0.00223863
50 0.285997 0.647012 0.172002 0.251599 0.00220844
60 0.171473 0.173849 0.337459 0.296527 0.00216517
60 0.507379 0.110826 0.962033 0.215556 0.00209507
50 0.555535 0.653492 0.104653 0.147602 0.00201082
50 0.77403 0.520368 0.190804 0.242749 0.00198486
50 0.581514 0.716204 0.0809467 0.232891 0.00192869
50 0.295871 0.192151 0.0802383 0.103557 0.00190198
50 0.876732 0.424193 0.240153 0.293558 0.00183085
50 0.239711 0.412717 0.310214 0.19643 0.00174415
43 0.843901 0.879331 0.195673 0.23455 0.00167632
56 0.109035 0.167283 0.20503 0.186266 0.00161925
50 0.389658 0.599983 0.197711 0.332692 0.0016008
50 0.263419 0.437291 0.418732 0.379801 0.00159204
56 0.160735 0.0527482 0.310999 0.103048 0.00158635
45 0.489323 0.533272 0.97525 0.912859 0.00146407
60 0.136705 0.506192 0.273351 0.965438 0.00134188
50 0.236955 0.389904 0.333904 0.263023 0.00133583
50 0.266823 0.594987 0.133552 0.166341 0.00123519
50 0.133931 0.455172 0.169156 0.133806 0.00121716
50 0.527291 0.746864 0.189074 0.460574 0.00121656
0 0.521265 0.144217 0.955717 0.282966 0.00117415
50 0.872044 0.331323 0.22618 0.353286 0.00114667
50 0.423004 0.68107 0.384124 0.487847 0.00112683
50 0.489323 0.533272 0.97525 0.912859 0.00107303
50 0.249802 0.545003 0.389717 0.146458 0.0010609
50 0.137075 0.418297 0.228036 0.180277 0.00105497
53 0.523419 0.800777 0.593687 0.373799 0.00103271
50 0.305714 0.181853 0.102966 0.128146 0.00103095
50 0.336073 0.611927 0.297932 0.359639 0.00101942
