71 0.291082 0.614129 0.215505 0.0481543 0.725036
45 0.291448 0.614265 0.215627 0.0481926 0.26669
71 0.291607 0.580435 0.218171 0.117971 0.063106
41 0.111369 0.887992 0.0495408 0.0478704 0.0467163
73 0.455552 0.614138 0.119619 0.0273373 0.0313724
41 0.160961 0.880307 0.0500813 0.0476788 0.0219768
71 0.293668 0.601293 0.208319 0.0223658 0.0173837
72 0.592578 0.462592 0.306627 0.911537 0.009193
73 0.456283 0.624285 0.118208 0.0177776 0.00825649
45 0.273208 0.860449 0.161706 0.0626633 0.0061985
72 0.600066 0.617658 0.290728 0.600069 0.00452045
73 0.106539 0.648649 0.161101 0.0275331 0.00398159
71 0.265599 0.654567 0.530042 0.128498 0.0038718
73 0.452423 0.626608 0.108838 0.013757 0.00295436
75 0.413008 0.33394 0.0496146 0.0645905 0.00258955
73 0.105203 0.643015 0.159731 0.0355195 0.00248346
61 0.291082 0.614129 0.215505 0.0481543 0.00240019
45 0.160889 0.880402 0.0499304 0.0476387 0.00238067
39 0.413015 0.333844 0.0490707 0.0642917 0.00237378
75 0.374345 0.292607 0.0488341 0.0694316 0.00208771
72 0.650517 0.753362 0.184016 0.319264 0.00184554
71 0.366894 0.637754 0.453373 0.0978308 0.00157562
73 0.105752 0.654948 0.168884 0.0341112 0.00155458
39 0.161056 0.88064 0.0498608 0.0480186 0.0015536
53 0.6393 0.519745 0.0609099 0.0693445 0.00150219
39 0.111417 0.887726 0.05029 0.0481003 0.0015021
39 0.374825 0.292596 0.0492493 0.0695928 0.00130415
61 0.291899 0.579094 0.216035 0.118928 0.001252
41 0.0196924 0.610654 0.0392924 0.0733556 0.00123405
73 0.113691 0.62939 0.11363 0.0274333 0.001149
32 0.233843 0.310819 0.0451627 0.0371453 0.00110421
71 0.291786 0.601137 0.216185 0.0746801 0.00106165
72 0.608465 0.750539 0.262101 0.320695 0.00105357
65 0.455437 0.618261 0.12172 0.0224873 0.00102186
73 0.44955 0.618514 0.10826 0.018487 0.00101289
72 0.860932 0.45673 0.278136 0.894842 0.00101095
