0 0.505889 0.624003 0.168742 0.496214 0.917598
0 0.649758 0.763458 0.208499 0.464991 0.901585
0 0.745854 0.710303 0.118529 0.511854 0.868617
0 0.0313006 0.778291 0.0623965 0.427863 0.843258
34 0.0508819 0.914888 0.0507397 0.149961 0.547038
35 0.720623 0.775073 0.0512507 0.0671045 0.172997
35 0.570621 0.559741 0.0282127 0.0479356 0.16688
35 0.597073 0.809649 0.0317969 0.0919762 0.0973757
34 0.0553599 0.926877 0.041537 0.121529 0.0712222
34 0.71109 0.884216 0.0238752 0.145862 0.055711
35 0.72224 0.788999 0.0460665 0.0776212 0.0554797
35 0.758103 0.602708 0.0389336 0.0855311 0.0476413
0 0.735574 0.851993 0.0861288 0.233104 0.039835
35 0.75934 0.612183 0.0377493 0.0625364 0.0391062
32 0.57023 0.559644 0.0277558 0.047423 0.0367579
0 0.720692 0.848586 0.0597593 0.237765 0.0367051
35 0.718406 0.761266 0.0632306 0.0966609 0.0337397
35 0.71762 0.762727 0.0589924 0.07115 0.0336419
34 0.574137 0.714282 0.0581503 0.0934842 0.0317684
35 0.572173 0.704507 0.0593132 0.0873108 0.0228701
35 0.711479 0.752954 0.0510693 0.0861552 0.0226927
34 0.568414 0.69857 0.0642759 0.0972766 0.0185954
35 0.576289 0.722873 0.0566875 0.100194 0.0163415
34 0.788772 0.710188 0.0840158 0.0484248 0.0159967
35 0.724579 0.775656 0.0679061 0.074143 0.0158798
35 0.768651 0.851654 0.0425673 0.0894959 0.0142672
35 0.583309 0.732914 0.0425581 0.0893946 0.0140916
35 0.718581 0.784558 0.0566187 0.102172 0.0139775
34 0.718081 0.878929 0.0370455 0.156739 0.0138829
34 0.720437 0.847121 0.0600178 0.240868 0.0126131
35 0.756316 0.584381 0.0282644 0.0609117 0.0122292
0 0.746428 0.636796 0.114432 0.365611 0.0118372
34 0.571818 0.69848 0.0652502 0.132273 0.0115792
34 0.0330623 0.800734 0.0641255 0.389455 0.0110372
34 0.803919 0.711711 0.0605089 0.0490583 0.0101705
35 0.778699 0.578703 0.0484388 0.0898965 0.00986284
34 0.549392 0.672196 0.0604918 0.104439 0.00955462
34 0.710045 0.852519 0.030872 0.231 0.00912666
35 0.702597 0.749968 0.0365583 0.0783412 0.00903094
34 0.559085 0.688744 0.0892193 0.143559 0.00848487
35 0.594611 0.775021 0.0312593 0.156341 0.00811499
34 0.72306 0.89303 0.0511973 0.149714 0.00784871
32 0.910989 0.367435 0.0447311 0.0553291 0.00694588
35 0.786678 0.580318 0.0321028 0.0735068 0.00685102
35 0.750587 0.611137 0.0240086 0.0664552 0.00684807
35 0.789137 0.587365 0.0271416 0.0602448 0.00600657
35 0.774955 0.592304 0.0471473 0.0969837 0.00596505
0 0.011498 0.863575 0.0220396 0.269403 0.00571245
35 0.752479 0.625788 0.0297272 0.045274 0.00559461
35 0.769468 0.875153 0.0455547 0.137188 0.0053007
35 0.562929 0.795925 0.0308621 0.0313917 0.00529549
34 0.558928 0.690459 0.0764244 0.111993 0.00524443
35 0.561324 0.696834 0.0772299 0.10197 0.00515145
35 0.758842 0.578116 0.0326437 0.0887792 0.0048753
32 0.541749 0.499514 0.0203583 0.0431791 0.00478524
35 0.756008 0.562034 0.0313267 0.0495508 0.00470373
35 0.491858 0.608398 0.024898 0.030131 0.00453979
0 0.660069 0.834246 0.179869 0.238699 0.00441664
0 0.771101 0.882356 0.0497902 0.153273 0.0042325
0 0.0161607 0.85772 0.03163 0.284559 0.00407833
34 0.818048 0.720322 0.0882874 0.0627719 0.00396821
32 0.491858 0.608398 0.024898 0.030131 0.00396392
35 0.571192 0.707531 0.0665482 0.115619 0.00378734
38 0.568414 0.69857 0.0642759 0.0972766 0.0037176
34 0.0363341 0.852601 0.0337583 0.0730812 0.00361654
35 0.602262 0.812456 0.0425198 0.100789 0.00355035
34 0.582353 0.715884 0.084529 0.13208 0.00354645
0 0.0140598 0.891511 0.0264487 0.214436 0.00349969
38 0.769383 0.85084 0.0426029 0.0837502 0.00348783
38 0.571818 0.69848 0.0652502 0.132273 0.00328308
35 0.71584 0.795095 0.0685411 0.164255 0.00299805
35 0.0390025 0.849586 0.0279783 0.0553192 0.00295091
34 0.0302571 0.837286 0.0405997 0.0883191 0.00293243
34 0.564118 0.667463 0.0771 0.182507 0.00291225
38 0.560323 0.689541 0.0787523 0.118813 0.00282726
35 0.764208 0.606796 0.0550728 0.0761056 0.00276297
34 0.0337956 0.851112 0.0241767 0.066655 0.00265303
0 0.0201731 0.875805 0.0382925 0.241902 0.00262401
34 0.53657 0.665209 0.0440747 0.126176 0.00247648
0 0.746794 0.566054 0.114285 0.221306 0.0024704
35 0.541619 0.499021 0.0213791 0.0451185 0.00241393
34 0.543117 0.679261 0.0470951 0.126579 0.00235477
32 0.832018 0.47548 0.0486778 0.0501116 0.00225207
35 0.753514 0.656177 0.0517757 0.0525553 0.00218615
34 0.0443007 0.894003 0.0569501 0.186631 0.00215077
34 0.715242 0.756617 0.0601436 0.0731313 0.00214142
34 0.0241594 0.840416 0.0441178 0.123492 0.00213391
34 0.0244886 0.875402 0.0466998 0.244431 0.00213009
34 0.580449 0.725361 0.0485998 0.0848025 0.00204033
35 0.582353 0.715884 0.084529 0.13208 0.0020273
35 0.759026 0.791514 0.0359519 0.051608 0.00197732
0 0.0221273 0.846168 0.0433899 0.307664 0.00191581
35 0.730555 0.766602 0.0886442 0.092027 0.00187838
34 0.0390025 0.849586 0.0279783 0.0553192 0.00183448
35 0.723897 0.86502 0.0469614 0.166469 0.00182763
34 0.71584 0.795095 0.0685411 0.164255 0.00180337
35 0.724262 0.813193 0.0504258 0.0719694 0.001789
35 0.0386537 0.83644 0.0323382 0.0546168 0.00177631
35 0.570485 0.54451 0.0312769 0.079157 0.00176752
35 0.0302571 0.837286 0.0405997 0.0883191 0.00172785
34 0.665754 0.838529 0.167485 0.246471 0.00170857
35 0.723498 0.850232 0.0523124 0.230237 0.00167158
0 0.0242467 0.791513 0.0483572 0.271541 0.00165981
38 0.0509136 0.91582 0.051435 0.149334 0.00149512
35 0.0336914 0.847036 0.0274136 0.074411 0.00148213
38 0.564118 0.667463 0.0771 0.182507 0.00144991
0 0.645337 0.748298 0.193794 0.248338 0.00143635
34 0.723581 0.87761 0.0448818 0.0966914 0.00142652
34 0.705232 0.882149 0.0355938 0.146116 0.00142619
35 0.757275 0.779557 0.0392443 0.0703336 0.00141233
26 0.596727 0.80992 0.0315792 0.0935214 0.00140056
35 0.761561 0.800592 0.0525528 0.0561539 0.00137645
35 0.765951 0.818893 0.0497977 0.10899 0.00137153
0 0.725124 0.759945 0.0783253 0.411635 0.00136599
35 0.491476 0.603119 0.0247582 0.0314713 0.00136355
0 0.564394 0.680163 0.485356 0.48692 0.00132474
34 0.518371 0.661255 0.0853641 0.12617 0.00131413
0 0.754003 0.731486 0.0577023 0.227198 0.0012266
34 0.701153 0.863117 0.0496554 0.19404 0.00120911
34 0.723897 0.86502 0.0469614 0.166469 0.00118768
34 0.794432 0.721606 0.142252 0.0732168 0.00114045
35 0.782641 0.60898 0.0398012 0.0579338 0.00113666
0 0.593613 0.8366 0.0533648 0.307068 0.00112996
34 0.778358 0.704558 0.0871653 0.042023 0.00112361
32 0.491476 0.603119 0.0247582 0.0314713 0.00112116
29 0.541619 0.499021 0.0213791 0.0451185 0.00112113
38 0.769468 0.875153 0.0455547 0.137188 0.00108048
0 0.617288 0.749528 0.14763 0.233771 0.00107998
35 0.723581 0.87761 0.0448818 0.0966914 0.00107312
35 0.764622 0.560221 0.0258652 0.0540845 0.00105309
0 0.692019 0.596201 0.020812 0.0510541 0.00104472
32 0.721632 0.778206 0.049231 0.0733098 0.00103742
35 0.459731 0.572084 0.0205352 0.0239956 0.00103265
34 0.0386537 0.83644 0.0323382 0.0546168 0.00100651
