45 0.513609 0.532786 0.971504 0.91016 0.884696
51 0.180373 0.675082 0.171516 0.233727 0.837177
45 0.279029 0.0751634 0.268586 0.149608 0.785251
41 0.707519 0.0674928 0.190624 0.134621 0.730558
51 0.508118 0.424692 0.474244 0.515004 0.711855
41 0.960176 0.153003 0.0796471 0.302803 0.709218
60 0.483985 0.502667 0.967789 0.994665 0.632534
51 0.400122 0.63634 0.259641 0.0986763 0.293503
51 0.399003 0.60542 0.259334 0.157148 0.217669
41 0.279868 0.0741827 0.266644 0.148365 0.165027
51 0.357286 0.493838 0.167562 0.242397 0.132214
51 0.554037 0.33161 0.138595 0.16382 0.117853
51 0.182418 0.473695 0.0884292 0.0361299 0.0992644
51 0.549586 0.526959 0.0785894 0.250409 0.0860206
41 0.93419 0.201816 0.131429 0.397434 0.081589
51 0.400908 0.537339 0.266093 0.326396 0.0815321
51 0.380521 0.474234 0.184579 0.273415 0.0761804
51 0.471619 0.20943 0.0295506 0.0896262 0.0713073
51 0.36783 0.35645 0.11194 0.0824392 0.0621903
51 0.647934 0.454333 0.190118 0.11621 0.0563736
51 0.310606 0.848564 0.0747296 0.0603818 0.0553782
51 0.335961 0.612339 0.137883 0.0598015 0.0513797
51 0.350109 0.356265 0.0752049 0.0798911 0.0433121
51 0.566773 0.352369 0.0844925 0.126631 0.0418524
51 0.44087 0.494528 0.0861616 0.27378 0.0382013
51 0.574118 0.362796 0.069169 0.105783 0.0355315
51 0.534155 0.799505 0.021954 0.0314069 0.0355181
51 0.478459 0.40153 0.0556483 0.0462139 0.0343743
51 0.53823 0.492838 0.100083 0.308958 0.0338906
60 0.075852 0.488446 0.149391 0.967093 0.0323582
51 0.399279 0.457602 0.192636 0.34601 0.0315261
51 0.427693 0.486757 0.0973843 0.298586 0.0306556
51 0.467804 0.654615 0.124692 0.0615685 0.0289768
51 0.527886 0.38355 0.066924 0.171014 0.0288949
60 0.507633 0.173895 0.984734 0.34263 0.0286369
51 0.606521 0.475354 0.244277 0.344991 0.0266132
51 0.445163 0.470485 0.109048 0.337203 0.0265815
51 0.455299 0.5236 0.146937 0.311424 0.0264501
51 0.471253 0.241596 0.0305782 0.156485 0.0253679
51 0.412408 0.491361 0.0943693 0.281087 0.0228191
51 0.555652 0.348876 0.105463 0.144616 0.0213569
51 0.136025 0.634651 0.0872141 0.150982 0.0213366
51 0.488004 0.291415 0.285602 0.246203 0.0213138
51 0.307069 0.844555 0.0667088 0.0452515 0.0210268
51 0.54138 0.481843 0.067681 0.215937 0.020461
51 0.5623 0.494314 0.0462138 0.243166 0.0202001
51 0.442194 0.330426 0.0999622 0.0858924 0.0199225
51 0.519271 0.420249 0.0535339 0.199618 0.0192742
51 0.280025 0.647365 0.0479094 0.081104 0.0192653
51 0.404626 0.265363 0.123941 0.0895743 0.0185084
51 0.423392 0.509379 0.0538618 0.244946 0.0178033
51 0.27379 0.875951 0.160456 0.140341 0.017029
51 0.428526 0.272132 0.0975892 0.0803701 0.0169944
51 0.530649 0.401964 0.0561916 0.177846 0.0163185
51 0.207501 0.733161 0.110987 0.116752 0.0160442
51 0.435093 0.481237 0.0450584 0.285932 0.0160351
51 0.55695 0.529428 0.0606356 0.205167 0.0156341
51 0.565622 0.504533 0.0389661 0.180349 0.0155702
51 0.511359 0.388983 0.0744005 0.153511 0.0152982
43 0.017468 0.834598 0.0345469 0.309113 0.0152583
51 0.537699 0.305855 0.113435 0.115428 0.0149109
51 0.455927 0.209404 0.0609202 0.0899413 0.0147924
51 0.52912 0.452078 0.0529396 0.170774 0.0141564
51 0.419857 0.537789 0.0548716 0.196239 0.0141415
51 0.526193 0.296701 0.092631 0.0960982 0.0139692
51 0.497763 0.402629 0.100213 0.17523 0.0136482
42 0.0170074 0.837023 0.0328865 0.311451 0.0132954
51 0.472281 0.409344 0.0718591 0.0757741 0.0129875
51 0.449789 0.24675 0.0729273 0.141018 0.0129547
51 0.601065 0.337945 0.0687999 0.0708265 0.0128607
51 0.437132 0.47822 0.0353172 0.250188 0.012809
50 0.273394 0.29783 0.130997 0.14198 0.0127251
51 0.825919 0.723139 0.0383459 0.0398565 0.0121625
51 0.824716 0.715253 0.0451427 0.0567303 0.0120911
51 0.521052 0.351111 0.0674332 0.110719 0.0118017
51 0.435929 0.321608 0.085701 0.0677062 0.0117971
60 0.934316 0.834248 0.131369 0.321258 0.0117725
51 0.311932 0.874564 0.0838066 0.129957 0.0117219
51 0.536069 0.262027 0.0209888 0.0343621 0.0117078
51 0.494638 0.395372 0.322785 0.465557 0.0116147
51 0.433618 0.257065 0.101514 0.113213 0.010644
44 0.0171152 0.837155 0.033454 0.31193 0.0105906
51 0.520221 0.252095 0.0158086 0.037582 0.0105524
51 0.536403 0.413415 0.0416475 0.175083 0.0101089
51 0.51412 0.335328 0.060692 0.0968141 0.00980502
51 0.414082 0.242347 0.147638 0.155613 0.00977197
51 0.535057 0.456713 0.0588332 0.214548 0.00953546
51 0.545002 0.433144 0.048086 0.182058 0.00949305
60 0.521572 0.103179 0.956857 0.203174 0.00943866
51 0.515801 0.377401 0.0579908 0.144013 0.00922954
51 0.643684 0.454763 0.155989 0.0958578 0.00912493
41 0.525765 0.0381661 0.183631 0.0751033 0.00909182
51 0.479906 0.465514 0.230725 0.371171 0.00863159
51 0.429845 0.282355 0.0698221 0.0577688 0.00861731
51 0.622452 0.432801 0.156192 0.0709537 0.00835559
51 0.564186 0.340466 0.139474 0.126378 0.00804013
60 0.0760853 0.326012 0.149537 0.64767 0.00800639
51 0.462421 0.251019 0.0350864 0.136325 0.00796497
51 0.1756 0.471566 0.0759129 0.0295425 0.00793099
51 0.510899 0.332609 0.0647749 0.132346 0.00788221
51 0.614684 0.487333 0.107727 0.0949502 0.00785571
51 0.465486 0.447001 0.0878274 0.155992 0.00782901
51 0.625584 0.442882 0.155937 0.0982306 0.00772834
51 0.334974 0.544769 0.0847413 0.139417 0.00772706
51 0.367131 0.34168 0.11402 0.120397 0.00753617
50 0.727091 0.855675 0.207459 0.228367 0.00744355
51 0.58314 0.367005 0.0530944 0.100578 0.00738865
51 0.555847 0.466602 0.049707 0.267872 0.00738823
51 0.235695 0.787309 0.240551 0.321995 0.00734407
51 0.361374 0.36915 0.0949172 0.105114 0.00722584
51 0.54692 0.463312 0.0481453 0.190434 0.00716883
51 0.604985 0.421633 0.258802 0.306759 0.0070551
40 0.169419 0.132819 0.144523 0.190398 0.00704938
51 0.725375 0.531653 0.0287714 0.0394807 0.00695628
51 0.434282 0.31357 0.0734985 0.0584131 0.00682363
51 0.559884 0.562727 0.0550715 0.189428 0.00675282
51 0.442973 0.454418 0.0359389 0.191337 0.00654826
51 0.722695 0.541184 0.0362807 0.0618179 0.00643256
60 0.0872341 0.865868 0.169206 0.259238 0.00635675
41 0.0903562 0.0216635 0.0538437 0.0420792 0.00633782
51 0.527385 0.465314 0.127214 0.371152 0.0063259
51 0.459753 0.646968 0.11553 0.0601316 0.00630891
51 0.31146 0.863352 0.0819722 0.0918521 0.00616279
51 0.593247 0.487862 0.0765868 0.101655 0.00608805
51 0.469754 0.328784 0.0401512 0.0820601 0.00604251
51 0.419764 0.280935 0.086408 0.0803619 0.00595701
41 0.172696 0.128001 0.151523 0.198628 0.00595236
51 0.404744 0.431929 0.0791902 0.14787 0.00590929
51 0.160676 0.64036 0.133978 0.163209 0.0058974
50 0.183104 0.442579 0.0773603 0.0893787 0.0057798
51 0.491886 0.292799 0.0298936 0.0762382 0.0057753
50 0.277556 0.331013 0.26262 0.217632 0.00571921
51 0.814155 0.71383 0.0685638 0.0630389 0.00560859
51 0.435666 0.310796 0.0911699 0.0910122 0.00556341
51 0.414072 0.416724 0.0836622 0.137688 0.00555021
50 0.25212 0.32126 0.0890778 0.0982614 0.00542799
51 0.360686 0.509918 0.103847 0.160506 0.00523832
51 0.47509 0.360086 0.0344324 0.0551167 0.00523412
51 0.554159 0.362371 0.142443 0.229243 0.00513992
51 0.720465 0.548506 0.0413974 0.0773997 0.00513244
60 0.212258 0.496205 0.42145 0.981661 0.00508276
51 0.348782 0.52386 0.0936394 0.14167 0.00506297
50 0.261505 0.317468 0.143416 0.181482 0.0050419
51 0.326789 0.557599 0.109798 0.14612 0.0050019
51 0.389281 0.40712 0.159333 0.226123 0.00498432
51 0.479099 0.661831 0.102728 0.0385072 0.00497401
51 0.452736 0.33944 0.0754008 0.105318 0.00495517
51 0.468103 0.344903 0.0466043 0.0963489 0.00487533
41 0.869091 0.106736 0.14333 0.209716 0.00486788
51 0.273372 0.846425 0.161037 0.193916 0.00482884
39 0.707824 0.0679344 0.190266 0.134801 0.00481981
51 0.485843 0.33002 0.293818 0.212588 0.00473455
51 0.469444 0.250418 0.0753915 0.152677 0.00453964
51 0.474315 0.320304 0.0301016 0.0609797 0.0044975
51 0.43604 0.259317 0.196832 0.1916 0.00447837
51 0.378947 0.240875 0.0754324 0.044746 0.00446802
51 0.457711 0.373367 0.0961706 0.185944 0.00446415
51 0.645617 0.484606 0.169022 0.0900649 0.00440797
60 0.11021 0.845304 0.216153 0.295634 0.00438061
51 0.628342 0.457541 0.150007 0.0776947 0.00429198
51 0.269801 0.787065 0.169408 0.316366 0.00424156
51 0.528804 0.255618 0.0345558 0.0497904 0.00421315
51 0.43961 0.353052 0.0976245 0.126188 0.00413424
51 0.476244 0.308654 0.0261405 0.0469438 0.00409144
51 0.471587 0.311924 0.0317106 0.0561207 0.00409141
51 0.580049 0.496936 0.0486873 0.0951816 0.0040794
51 0.422092 0.318352 0.0907519 0.0709971 0.00404733
51 0.194572 0.699106 0.141393 0.184147 0.00403228
51 0.568325 0.430772 0.097595 0.182978 0.00399017
51 0.164902 0.606353 0.122697 0.297924 0.00385261
51 0.398401 0.535676 0.0993435 0.189742 0.00383618
51 0.495426 0.28295 0.063899 0.093325 0.00381812
51 0.495167 0.458532 0.0939594 0.117142 0.00375777
51 0.514614 0.287721 0.0697623 0.0960641 0.00371343
51 0.342671 0.388598 0.272239 0.207052 0.00368819
50 0.270083 0.278537 0.122882 0.108646 0.00364932
51 0.456925 0.352196 0.0640847 0.116884 0.00363991
51 0.354541 0.533404 0.171013 0.204737 0.00360772
50 0.226226 0.33701 0.126287 0.149541 0.00357687
51 0.479374 0.21196 0.0497356 0.101009 0.00354791
51 0.570217 0.528827 0.0329772 0.111796 0.00351745
50 0.257224 0.308194 0.0974384 0.128686 0.0035125
51 0.485195 0.374874 0.0655112 0.106397 0.0034945
51 0.474349 0.361607 0.0380674 0.0762202 0.00348791
51 0.526952 0.452191 0.327344 0.362628 0.0034872
51 0.482836 0.277802 0.0389623 0.0983628 0.00340483
51 0.292283 0.64727 0.0623506 0.0793519 0.00337079
43 0.014731 0.811352 0.0289176 0.236501 0.00336275
51 0.579625 0.4861 0.0804434 0.210232 0.00331423
51 0.36977 0.23683 0.0572737 0.038424 0.00331303
39 0.960693 0.154084 0.0786135 0.3049 0.0033032
51 0.569731 0.507503 0.0329291 0.0919849 0.00329125
51 0.517068 0.458945 0.0534997 0.100516 0.00329
51 0.505421 0.24776 0.0412807 0.0419294 0.00328821
51 0.556095 0.402966 0.082556 0.138414 0.00327933
51 0.441716 0.300083 0.0978795 0.128565 0.00321177
50 0.240423 0.34189 0.196148 0.245984 0.00319111
51 0.387283 0.334451 0.0582773 0.0324481 0.00318077
51 0.580944 0.411047 0.0704986 0.0555161 0.00313598
50 0.18655 0.437119 0.0568613 0.0653849 0.00313163
51 0.422953 0.407486 0.0939051 0.163975 0.00312436
51 0.499634 0.357246 0.0348942 0.0752731 0.00302881
39 0.935176 0.205087 0.129403 0.402437 0.00299802
51 0.392722 0.334691 0.162942 0.133499 0.00299278
51 0.444953 0.230754 0.0368665 0.0417645 0.0029296
51 0.187431 0.468495 0.0955605 0.0415445 0.00290802
60 0.650412 0.501334 0.69731 0.997331 0.00290257
50 0.207939 0.442577 0.0621429 0.0719954 0.00289854
51 0.431511 0.422931 0.0941091 0.203433 0.00288826
51 0.417488 0.292247 0.0727978 0.0504539 0.00279742
51 0.487747 0.414254 0.0787918 0.0734381 0.00279242
51 0.306207 0.622867 0.104709 0.13654 0.00278559
51 0.566696 0.552439 0.0422144 0.180264 0.0027729
45 0.443346 0.242963 0.850252 0.315933 0.00275296
51 0.596906 0.421685 0.104564 0.0741421 0.00273901
51 0.532602 0.316341 0.093405 0.103108 0.0027369
51 0.484867 0.242189 0.0599031 0.15788 0.00269529
51 0.4173 0.560686 0.0437511 0.149914 0.00266755
41 0.433265 0.0479787 0.108008 0.0935524 0.00261724
51 0.356487 0.592769 0.164451 0.115937 0.00260499
51 0.12783 0.623635 0.0689346 0.128353 0.00259712
51 0.433194 0.618935 0.14545 0.118776 0.00256258
51 0.577506 0.337856 0.101329 0.087657 0.00248536
51 0.414692 0.276027 0.152174 0.119997 0.00247926
43 0.0244391 0.836525 0.0479179 0.319301 0.0024502
51 0.421468 0.462096 0.0770313 0.211974 0.00244114
51 0.451425 0.227248 0.0476078 0.0478143 0.00241813
51 0.396582 0.685806 0.274994 0.21404 0.00239927
51 0.608058 0.526053 0.275676 0.258599 0.00238168
50 0.203355 0.440053 0.0434463 0.0661658 0.00236723
42 0.799962 0.0919639 0.0474195 0.0528304 0.00233737
51 0.341819 0.533465 0.0815766 0.113388 0.00228971
43 0.0178575 0.70132 0.0346202 0.545339 0.00225291
51 0.460208 0.445452 0.0888308 0.200347 0.00222054
51 0.583049 0.391436 0.0675947 0.061791 0.00220597
51 0.440178 0.391975 0.0908903 0.179642 0.00219893
50 0.272473 0.872869 0.161373 0.142491 0.00215784
44 0.0162644 0.811634 0.031319 0.230939 0.00215077
51 0.797065 0.718962 0.104344 0.070295 0.00212291
44 0.0244391 0.836525 0.0479179 0.319301 0.00212282
51 0.608132 0.409289 0.275257 0.206558 0.00211731
51 0.44992 0.430685 0.228529 0.39184 0.00211129
41 0.578874 0.0325942 0.296045 0.0643944 0.00210759
51 0.345145 0.365817 0.0676499 0.0796051 0.00209907
45 0.172696 0.128001 0.151523 0.198628 0.00201869
51 0.182033 0.492196 0.0887998 0.0715886 0.00200385
51 0.537201 0.273534 0.0294622 0.0560248 0.00200021
42 0.0244391 0.836525 0.0479179 0.319301 0.00198689
51 0.374268 0.600092 0.142638 0.139611 0.00197959
51 0.391342 0.326754 0.138619 0.0607637 0.00196856
51 0.387541 0.249012 0.0932218 0.0610798 0.00195792
51 0.793826 0.742893 0.0903921 0.100848 0.00194174
44 0.0178575 0.70132 0.0346202 0.545339 0.00194168
51 0.558952 0.379989 0.0465368 0.0580997 0.00193113
51 0.588878 0.497615 0.0607599 0.102164 0.00192991
41 0.968276 0.0656316 0.0625134 0.127619 0.00191763
51 0.477657 0.460457 0.0604385 0.121414 0.00190121
60 0.147841 0.274003 0.292758 0.544414 0.00188529
51 0.37137 0.495032 0.10556 0.181147 0.00188285
50 0.297211 0.306806 0.192847 0.162589 0.00187603
51 0.180374 0.479857 0.0840858 0.0417025 0.00186741
50 0.24246 0.323916 0.062944 0.0877076 0.0018594
51 0.319955 0.379995 0.21926 0.177941 0.00184146
51 0.401337 0.332572 0.120509 0.0465869 0.00182226
51 0.456636 0.522494 0.284353 0.281138 0.00182095
41 0.890788 0.201787 0.215447 0.397409 0.0018093
51 0.519955 0.476043 0.0668388 0.140247 0.0017994
40 0.934929 0.208519 0.129806 0.407097 0.00179121
40 0.191294 0.116527 0.189112 0.222413 0.00178358
40 0.433265 0.0479787 0.108008 0.0935524 0.00177187
51 0.492103 0.516623 0.206063 0.278175 0.00175771
42 0.014731 0.811352 0.0289176 0.236501 0.00175768
40 0.0903562 0.0216635 0.0538437 0.0420792 0.00174603
69 0.510936 0.535688 0.972194 0.915367 0.00172576
51 0.292822 0.88212 0.114271 0.124702 0.00171888
51 0.34774 0.441421 0.288314 0.325193 0.00171039
51 0.139186 0.661346 0.0910503 0.204331 0.00170568
51 0.431289 0.441112 0.323697 0.486062 0.00167763
51 0.478513 0.648995 0.212164 0.0876961 0.00167453
50 0.778457 0.673214 0.261955 0.369632 0.00166944
51 0.487096 0.228364 0.121268 0.0761063 0.00166905
40 0.960632 0.153053 0.0783657 0.304327 0.00166625
60 0.301646 0.189156 0.60206 0.372262 0.00166577
51 0.166488 0.59825 0.154729 0.240197 0.00164399
60 0.5 0.313587 1 0.620025 0.00162706
51 0.599834 0.498221 0.0760119 0.105977 0.00162262
51 0.600428 0.462805 0.101992 0.0916737 0.00159287
50 0.714163 0.42127 0.102733 0.154856 0.00158188
51 0.587739 0.474296 0.0903376 0.163636 0.00157934
42 0.0178575 0.70132 0.0346202 0.545339 0.00157398
50 0.188875 0.358608 0.0853868 0.139616 0.001564
50 0.187065 0.38445 0.0792487 0.132399 0.00153321
50 0.187999 0.447188 0.101654 0.0793108 0.00151712
51 0.81027 0.737266 0.0945009 0.113439 0.00151336
44 0.799962 0.0919639 0.0474195 0.0528304 0.00150916
51 0.414292 0.578507 0.0426016 0.114101 0.00148693
60 0.808597 0.210707 0.379498 0.415656 0.00144905
51 0.431449 0.498866 0.0608569 0.250515 0.0014489
51 0.27771 0.471281 0.0526381 0.0419475 0.00144517
51 0.280548 0.476543 0.0591199 0.0537533 0.00142273
