0 0.806474 0.565693 0.0884864 0.440173 0.834271
0 0.577215 0.557722 0.0934333 0.467715 0.82207
0 0.265445 0.716897 0.121587 0.409627 0.768106
25 0.413133 0.346864 0.225127 0.159107 0.767131
25 0.692262 0.210564 0.0619834 0.199352 0.714662
56 0.473821 0.783193 0.293541 0.310478 0.657493
0 0.371419 0.933608 0.176843 0.12977 0.596627
25 0.179293 0.397656 0.356992 0.343487 0.591839
25 0.624627 0.34093 0.0792507 0.0564228 0.572901
25 0.51384 0.2951 0.125783 0.0540036 0.555732
25 0.778779 0.271792 0.0944199 0.0415698 0.516221
0 0.865918 0.368899 0.0250685 0.0886205 0.479753
56 0.127995 0.701801 0.21853 0.286495 0.459622
26 0.476825 0.839749 0.0824302 0.185934 0.450943
0 0.864557 0.463282 0.0600391 0.125171 0.443263
25 0.0639246 0.448894 0.126725 0.260849 0.441148
56 0.144876 0.904498 0.287039 0.185913 0.424187
0 0.933172 0.508725 0.0729092 0.0995779 0.408835
56 0.402411 0.737801 0.165913 0.203246 0.385397
56 0.0544054 0.869132 0.108265 0.173514 0.375462
26 0.197383 0.950109 0.0828739 0.0813754 0.357241
25 0.346873 0.38517 0.287527 0.230808 0.311773
25 0.557213 0.353989 0.131868 0.0902255 0.286134
25 0.385871 0.387861 0.210098 0.21691 0.284917
25 0.778752 0.296357 0.0961105 0.0940196 0.252178
56 0.706404 0.442152 0.122684 0.276292 0.229984
56 0.394015 0.608541 0.101457 0.0701582 0.22946
56 0.404074 0.547952 0.144164 0.110814 0.229433
56 0.184097 0.917822 0.204119 0.157409 0.211814
25 0.486561 0.356493 0.100392 0.108585 0.208056
25 0.636029 0.33955 0.100219 0.06293 0.206549
56 0.535022 0.781637 0.419098 0.314526 0.201368
25 0.530745 0.342108 0.181262 0.110739 0.193659
56 0.108976 0.964534 0.216046 0.0694171 0.182259
56 0.640633 0.864076 0.263039 0.158586 0.181555
0 0.924773 0.505352 0.0561863 0.0904289 0.167036
25 0.512675 0.352652 0.146581 0.103327 0.164121
0 0.981592 0.497675 0.0368153 0.12512 0.148629
0 0.958022 0.405288 0.0166302 0.0680178 0.145026
56 0.401692 0.657198 0.118897 0.083774 0.144849
56 0.403857 0.581634 0.141015 0.119503 0.144151
25 0.184234 0.544768 0.365154 0.634734 0.143219
0 0.289569 0.714641 0.181867 0.405925 0.136807
0 0.382558 0.537398 0.102402 0.095635 0.133171
56 0.177337 0.889152 0.193651 0.10635 0.128545
56 0.410171 0.581515 0.121415 0.0490614 0.125946
0 0.980452 0.397725 0.0188286 0.0795628 0.125705
56 0.416448 0.566857 0.119637 0.0704229 0.124369
0 0.875245 0.474662 0.0383389 0.106286 0.123789
56 0.398238 0.588106 0.108419 0.0510889 0.121477
56 0.395302 0.632346 0.120004 0.127293 0.118808
56 0.394223 0.601672 0.123535 0.0880033 0.110016
0 0.65357 0.595121 0.141048 0.0590341 0.105713
0 0.373573 0.527541 0.0846076 0.0776385 0.104888
25 0.650516 0.336694 0.0787431 0.0682304 0.101077
56 0.40224 0.642633 0.107924 0.0607416 0.0987186
56 0.156471 0.713284 0.169424 0.268379 0.0959699
0 0.858345 0.471513 0.0478209 0.104404 0.0944403
0 0.917208 0.503697 0.0426777 0.0859192 0.0944168
39 0.54512 0.905105 0.0174015 0.045164 0.0939844
0 0.872756 0.458746 0.0443523 0.125966 0.09375
56 0.454075 0.561054 0.0513378 0.0753667 0.088266
56 0.401356 0.672152 0.13907 0.0760721 0.0881203
56 0.441757 0.5623 0.0767484 0.0750968 0.0850775
56 0.141263 0.961126 0.280272 0.0767628 0.0826899
25 0.778751 0.341507 0.0958717 0.185972 0.0809602
39 0.545187 0.91314 0.0191422 0.0609963 0.0786221
56 0.397752 0.68084 0.154185 0.288177 0.0757367
0 0.965024 0.406323 0.0177525 0.0745604 0.0680294
56 0.576532 0.833193 0.393648 0.222433 0.0660144
25 0.503849 0.301883 0.145821 0.0666396 0.0659588
56 0.397802 0.66044 0.121659 0.059823 0.0640601
56 0.522397 0.834593 0.196355 0.209015 0.062575
25 0.571209 0.361254 0.0903173 0.0911596 0.0620994
0 0.98387 0.469076 0.0315453 0.0696334 0.0598751
0 0.968127 0.50706 0.0578171 0.107172 0.0586751
0 0.201003 0.621811 0.0871916 0.182767 0.0585334
0 0.492669 0.467916 0.0444164 0.0932944 0.0580377
56 0.397244 0.64066 0.144135 0.166521 0.0573466
0 0.873175 0.430849 0.0380463 0.0747223 0.0570867
56 0.113781 0.658819 0.184557 0.210853 0.0570379
0 0.868717 0.52052 0.0753969 0.0802469 0.0568908
25 0.469628 0.36485 0.112431 0.123261 0.056816
56 0.490727 0.556553 0.120294 0.0826822 0.0558967
56 0.498124 0.554242 0.0993774 0.0675009 0.0546166
56 0.399055 0.630938 0.10816 0.0696024 0.0545341
0 0.983948 0.428402 0.0303116 0.135181 0.0541046
24 0.19658 0.950479 0.0823164 0.082262 0.0529417
26 0.584597 0.549088 0.0236654 0.0572904 0.0511896
0 0.491062 0.479534 0.0517131 0.117677 0.0497739
56 0.140499 0.660085 0.150476 0.194238 0.0487205
56 0.937667 0.532494 0.044228 0.0581892 0.0483366
0 0.397374 0.547158 0.131407 0.110955 0.0475599
56 0.405817 0.686863 0.146792 0.0802531 0.044252
25 0.424357 0.382536 0.230451 0.211662 0.0442247
0 0.0871084 0.118887 0.0294263 0.0783964 0.0426197
56 0.677465 0.44328 0.174728 0.278179 0.0418107
56 0.138139 0.875402 0.276135 0.171067 0.0417684
0 0.501951 0.472896 0.0602415 0.10771 0.0413781
56 0.422505 0.550234 0.11221 0.096911 0.0412982
0 0.963302 0.404309 0.0261566 0.0843215 0.0394976
56 0.507601 0.53663 0.0763433 0.0655772 0.039203
56 0.187434 0.857526 0.201139 0.131725 0.0388722
56 0.750113 0.461121 0.0267096 0.105577 0.038792
56 0.223268 0.854193 0.122502 0.135752 0.0370601
0 0.881418 0.460019 0.0308939 0.128855 0.036292
0 0.508321 0.460989 0.0437559 0.0938822 0.0357073
56 0.508459 0.558951 0.0769484 0.0416294 0.0350271
56 0.360441 0.742701 0.0941569 0.182038 0.0344779
56 0.415464 0.592821 0.123649 0.0730041 0.0343955
0 0.215517 0.628762 0.0615145 0.167196 0.0342452
0 0.870656 0.393123 0.0345774 0.101225 0.0340675
8 0.692253 0.210503 0.061455 0.199414 0.033992
0 0.872618 0.368979 0.0382019 0.0876152 0.0337677
25 0.64448 0.323508 0.0902787 0.0484245 0.0331385
0 0.609827 0.422673 0.0320761 0.0857495 0.0319169
56 0.627291 0.481537 0.0641232 0.0587224 0.0316077
0 0.860922 0.508239 0.060223 0.10202 0.0312635
56 0.411476 0.710906 0.138197 0.086758 0.031196
26 0.77175 0.513116 0.0365574 0.0843585 0.0308678
26 0.0649091 0.822258 0.0771857 0.0936963 0.0306703
0 0.946832 0.51558 0.0589994 0.0855388 0.0294248
56 0.387811 0.597735 0.0984623 0.05946 0.0289987
25 0.620674 0.364905 0.0472418 0.0938756 0.0287834
25 0.254484 0.384405 0.463972 0.270654 0.0284437
39 0.514973 0.887381 0.0209308 0.0748414 0.0279187
56 0.409875 0.692705 0.130356 0.0629826 0.0275451
25 0.74115 0.302355 0.0438619 0.0277554 0.0273765
0 0.864457 0.489034 0.0613251 0.0982004 0.027045
0 0.974539 0.473489 0.0496521 0.0748589 0.0268741
25 0.381758 0.315968 0.148393 0.100857 0.0268384
25 0.611059 0.350056 0.0565849 0.0696195 0.0265937
0 0.973785 0.487729 0.0500681 0.130171 0.0265411
56 0.942069 0.5262 0.0474258 0.0673557 0.0256867
26 0.219063 0.952961 0.124835 0.0880561 0.0256686
56 0.0762413 0.963519 0.151986 0.0722345 0.0256056
0 0.381891 0.952054 0.141162 0.0951597 0.0254277
25 0.697465 0.339272 0.0751731 0.457744 0.0252209
26 0.0765241 0.82212 0.0523718 0.0937547 0.0251876
56 0.508335 0.528256 0.068858 0.0520318 0.0251521
56 0.381507 0.575447 0.0970223 0.0883696 0.025131
0 0.510701 0.468906 0.0593067 0.115654 0.0250228
56 0.752257 0.449858 0.0276317 0.0882286 0.0248088
56 0.48097 0.830762 0.281938 0.220131 0.0245079
56 0.167165 0.745694 0.156327 0.200681 0.0243512
0 0.968257 0.429042 0.0365532 0.129691 0.0243037
25 0.704028 0.443137 0.126081 0.280419 0.0242098
0 0.960439 0.412993 0.0228285 0.0841011 0.0239749
56 0.644916 0.495681 0.113914 0.16981 0.02379
56 0.685717 0.881353 0.175102 0.120488 0.0234033
25 0.336371 0.524312 0.307069 0.510356 0.0233715
0 0.984311 0.455059 0.0302353 0.0634257 0.0230044
32 0.897903 0.909183 0.0482662 0.106895 0.0229336
0 0.946355 0.511323 0.0967369 0.105584 0.0228219
56 0.335891 0.671956 0.283037 0.343981 0.0227246
56 0.209258 0.717407 0.239787 0.280515 0.0221455
14 0.930765 0.741575 0.0184368 0.0200081 0.0219838
0 0.502971 0.489442 0.0775724 0.130465 0.0216508
0 0.942069 0.5262 0.0474258 0.0673557 0.021644
56 0.401779 0.617839 0.0875777 0.0592248 0.0214748
8 0.153002 0.137515 0.299588 0.264236 0.0214065
56 0.67237 0.52557 0.0568069 0.111785 0.0213391
0 0.0837784 0.133493 0.032071 0.109644 0.0211743
56 0.411996 0.739483 0.150002 0.139154 0.0211697
25 0.253883 0.583693 0.464978 0.639897 0.0210506
0 0.985398 0.523695 0.0289581 0.0768254 0.0207109
56 0.0696352 0.657033 0.112835 0.210611 0.0206849
25 0.498212 0.354931 0.0924639 0.0948799 0.0206383
56 0.389404 0.544189 0.106424 0.098675 0.0205316
39 0.878593 0.925706 0.0113907 0.0644182 0.0204211
56 0.334995 0.717409 0.291263 0.243244 0.0203158
0 0.900793 0.51235 0.13963 0.105701 0.0197401
56 0.410329 0.540913 0.112496 0.0763458 0.0195787
56 0.554818 0.837583 0.129893 0.205067 0.0193602
25 0.712687 0.327662 0.063726 0.0472847 0.0188903
56 0.925611 0.512654 0.0724951 0.09816 0.0188488
56 0.456709 0.531245 0.0511613 0.0800808 0.0186348
56 0.873581 0.483412 0.0419193 0.0955791 0.0185445
0 0.866108 0.422701 0.0399769 0.0757676 0.0184514
25 0.411086 0.420335 0.203094 0.293516 0.0182594
0 0.386635 0.935738 0.127091 0.126815 0.0179238
56 0.758875 0.440747 0.0362949 0.104185 0.0178486
56 0.500975 0.495824 0.0863783 0.128034 0.0177187
56 0.489697 0.539953 0.0983247 0.0757471 0.0174342
0 0.515101 0.453434 0.0324473 0.0850506 0.0173706
25 0.709678 0.211695 0.0970134 0.202627 0.0172364
0 0.879956 0.434383 0.0337528 0.0786123 0.0172211
25 0.541046 0.368924 0.175065 0.137499 0.0170659
0 0.606668 0.403127 0.0235804 0.043275 0.0169274
0 0.403022 0.524358 0.055724 0.0774429 0.0168914
56 0.984326 0.526718 0.0311218 0.0699075 0.0167876
56 0.696405 0.476093 0.0940917 0.149118 0.0165669
56 0.213413 0.784653 0.227086 0.256851 0.0163242
56 0.469161 0.518236 0.0738544 0.0876398 0.0162969
25 0.685148 0.337745 0.126901 0.0804116 0.0161341
56 0.416472 0.577675 0.126367 0.0698087 0.0160667
56 0.437954 0.531963 0.0862996 0.0875864 0.0148876
0 0.391048 0.499693 0.0213643 0.0386665 0.0147842
26 0.0526153 0.819189 0.105231 0.101741 0.0146023
56 0.0527705 0.812061 0.105541 0.133143 0.0145878
56 0.488346 0.526284 0.0477575 0.0601048 0.0144484
56 0.869369 0.525114 0.0785654 0.0697506 0.0143012
0 0.863784 0.44892 0.0501837 0.0986678 0.0141357
56 0.418596 0.786621 0.192361 0.269256 0.0140943
25 0.495326 0.400599 0.119551 0.19506 0.0140018
24 0.476825 0.839749 0.0824302 0.185934 0.0139307
56 0.672123 0.487854 0.0565138 0.183465 0.0137247
56 0.686659 0.536319 0.0837338 0.0987234 0.0136669
25 0.597383 0.379324 0.107582 0.126143 0.013632
56 0.426489 0.526865 0.090745 0.0905839 0.0135749
25 0.644635 0.34701 0.120468 0.0899838 0.0135192
25 0.585398 0.399405 0.12456 0.178598 0.0133514
56 0.722092 0.418622 0.0966773 0.227749 0.0132682
0 0.612269 0.408035 0.0426941 0.110935 0.0132251
0 0.332662 0.941956 0.0990817 0.116088 0.0131541
56 0.709822 0.519808 0.0305383 0.0619488 0.0127373
56 0.765665 0.475735 0.0510502 0.154322 0.0125366
56 0.0241129 0.624802 0.0352037 0.154113 0.0123715
56 0.170067 0.77728 0.186237 0.221006 0.0122965
56 0.829019 0.928496 0.0676506 0.070607 0.0121363
0 0.396551 0.513017 0.036554 0.0617205 0.0120309
26 0.225598 0.813313 0.0947654 0.0652287 0.0119758
26 0.210164 0.837384 0.0646139 0.0932381 0.0119686
56 0.972026 0.528122 0.0523685 0.0666858 0.0118804
56 0.47678 0.519092 0.115343 0.119378 0.0118777
39 0.880766 0.926017 0.010791 0.0653442 0.0116961
56 0.676695 0.515894 0.0464453 0.0579964 0.0116045
56 0.509163 0.500289 0.0698774 0.0970149 0.0115507
56 0.360071 0.778752 0.260377 0.275907 0.0113989
56 0.765613 0.446234 0.0346094 0.0882714 0.0112829
26 0.568532 0.531866 0.0560768 0.098264 0.0110286
56 0.745396 0.46612 0.0379772 0.114621 0.0109558
24 0.695675 0.571046 0.0348362 0.0345999 0.0109413
56 0.373163 0.555835 0.0859046 0.0997227 0.0108417
56 0.747876 0.424784 0.0641792 0.161986 0.0107882
56 0.053858 0.635471 0.0923701 0.169691 0.010731
26 0.784248 0.534967 0.0604538 0.135147 0.0107102
1 0.022863 0.627948 0.0300463 0.148192 0.0106217
0 0.406232 0.513745 0.0597702 0.074316 0.0105875
26 0.439415 0.836756 0.211921 0.195726 0.0105337
25 0.702873 0.344643 0.125486 0.470984 0.0105246
56 0.946832 0.51558 0.0589994 0.0855388 0.0103044
56 0.0582081 0.682675 0.106686 0.254972 0.0102829
0 0.956141 0.504017 0.045945 0.107626 0.0102257
56 0.502114 0.568131 0.0905342 0.0583187 0.0102117
0 0.489906 0.430151 0.0605059 0.20293 0.00998476
0 0.967657 0.523297 0.0626074 0.07363 0.00996923
0 0.212747 0.248328 0.0199105 0.0492247 0.00979537
25 0.5502 0.40104 0.166288 0.191412 0.00957453
56 0.511356 0.55082 0.0737246 0.0416458 0.00952366
56 0.408267 0.693738 0.152519 0.169245 0.00946853
56 0.173231 0.738902 0.131886 0.151171 0.00936463
0 0.745971 0.470667 0.0308771 0.114823 0.00933561
56 0.219362 0.954081 0.138014 0.0896611 0.00929254
56 0.488494 0.495222 0.0567315 0.121511 0.00927287
0 0.740476 0.469914 0.0299499 0.111419 0.00924799
0 0.582651 0.680174 0.0854546 0.226083 0.00922447
56 0.607015 0.479869 0.0405307 0.0643802 0.00921479
25 0.291561 0.379102 0.215449 0.231884 0.00920409
56 0.240994 0.824084 0.190452 0.18997 0.00918782
56 0.424656 0.606834 0.18046 0.180632 0.00917649
32 0.898319 0.878885 0.0458347 0.0472565 0.00917029
0 0.617234 0.418087 0.0483519 0.092339 0.00907776
0 0.151437 0.627008 0.187674 0.197129 0.00897878
26 0.204138 0.820836 0.0509628 0.0560125 0.0089075
56 0.440173 0.752682 0.235 0.228906 0.00887465
56 0.330031 0.732406 0.443987 0.401407 0.00880373
8 0.240648 0.244369 0.476028 0.477515 0.00877768
26 0.0478544 0.865105 0.0944638 0.166358 0.0086861
56 0.458663 0.510465 0.0572021 0.0932376 0.00852811
56 0.989776 0.526302 0.0203114 0.0735028 0.00833237
56 0.765116 0.412637 0.0409255 0.161071 0.00832859
56 0.0322472 0.852585 0.0641019 0.140758 0.00831878
56 0.171607 0.63914 0.325519 0.49494 0.0082638
56 0.864239 0.482279 0.0606873 0.100856 0.00825936
26 0.577638 0.490392 0.0576611 0.176267 0.00819671
56 0.0611308 0.65619 0.0778283 0.208504 0.00817993
26 0.243299 0.811544 0.133368 0.0890301 0.0081518
56 0.42439 0.75954 0.123469 0.114415 0.00806591
0 0.0815098 0.135211 0.0221628 0.104569 0.00801256
26 0.24047 0.836657 0.130076 0.0948482 0.00799078
0 0.202867 0.681604 0.0872497 0.293671 0.00798118
56 0.143837 0.716418 0.135655 0.146701 0.00790232
25 0.739624 0.296844 0.0480012 0.0426487 0.00776497
0 0.0770296 0.134104 0.0446242 0.101362 0.00775424
56 0.223964 0.735596 0.21077 0.373573 0.00774869
56 0.247082 0.954779 0.0879224 0.0869266 0.00770655
0 0.971125 0.396273 0.0331099 0.0830644 0.00766471
25 0.504615 0.377494 0.0980276 0.147181 0.00764593
0 0.96653 0.477914 0.0390678 0.0729402 0.00757498
56 0.717001 0.391716 0.0988141 0.167838 0.00746742
39 0.184047 0.810859 0.0128867 0.0642745 0.00742233
39 0.891741 0.921192 0.0214323 0.0764 0.0074105
8 0.202058 0.151628 0.393063 0.292057 0.00739914
39 0.584063 0.548894 0.0247643 0.0582773 0.00731963
56 0.61426 0.484154 0.0847734 0.0687217 0.00725397
25 0.589359 0.367538 0.0811277 0.101528 0.00725138
56 0.442713 0.510792 0.0757351 0.09477 0.00713474
56 0.723807 0.479122 0.0566402 0.133587 0.0071007
56 0.401087 0.700952 0.161458 0.102642 0.00704622
