0 0.195801 0.399902 0.382501 0.722079 0.121415
0 0.306018 0.40595 0.612012 0.719847 0.0752527
0 0.597444 0.371328 0.460054 0.572537 0.0385127
0 0.36389 0.61008 0.711604 0.779376 0.0352974
0 0.911993 0.511208 0.176015 0.328857 0.0276704
0 0.251943 0.17693 0.174162 0.242979 0.0172071
0 0.529382 0.338863 0.330339 0.510287 0.016294
0 0.551847 0.18689 0.214473 0.198965 0.0134043
46 0.714273 0.120638 0.0674506 0.047837 0.0097633
0 0.305869 0.586951 0.611739 0.328394 0.00864708
26 0.710259 0.169006 0.0637977 0.0371439 0.00858721
0 0.997843 0.542617 0.00431486 0.914765 0.00851202
26 0.858369 0.122028 0.0630807 0.0400774 0.00837222
26 0.15811 0.896235 0.185103 0.196125 0.00810307
26 0.127684 0.904009 0.237762 0.189785 0.00767294
0 0.77538 0.302726 0.244705 0.124986 0.00627381
0 0.00973237 0.756726 0.0194647 0.486548 0.0058873
0 0.500403 0.593127 0.998815 0.813745 0.00547904
0 0.0938676 0.54054 0.186093 0.351318 0.00536349
46 0.858599 0.121658 0.060432 0.0413611 0.00495496
46 0.232192 0.391932 0.275434 0.232354 0.00488034
46 0.557674 0.184754 0.204679 0.197892 0.00463209
26 0.461202 0.526298 0.215775 0.112295 0.004574
1 0.579475 0.441421 0.274617 0.10331 0.00456271
0 0.757723 0.50599 0.205764 0.284409 0.00454989
0 0.476087 0.363726 0.387005 0.555966 0.00450331
0 0.515727 0.726677 0.967217 0.544271 0.00440073
46 0.316952 0.378037 0.133087 0.318075 0.00416154
0 0.430917 0.278613 0.163223 0.110988 0.0040237
27 0.238789 0.874607 0.360323 0.250786 0.00387704
0 0.501343 0.525522 0.282397 0.140377 0.00383636
0 0.241468 0.876168 0.356698 0.246623 0.00382006
32 0.363171 0.23295 0.0454652 0.0314849 0.00350398
26 0.852295 0.16807 0.0597021 0.035162 0.00320613
26 0.474234 0.545457 0.22203 0.0723507 0.00320575
59 0.0468144 0.906941 0.0936289 0.186119 0.00318187
0 0.998245 0.729968 0.00350967 0.540064 0.00283685
25 0.197784 0.449447 0.379219 0.793641 0.00277075
46 0.221986 0.42365 0.238613 0.169286 0.00275278
0 0.0024042 0.866732 0.0048084 0.266537 0.00265032
0 0.0481843 0.868671 0.0963686 0.262658 0.00264138
0 0.885181 0.313655 0.166595 0.128971 0.00260708
59 0.504134 0.731298 0.949902 0.534842 0.00253329
1 0.562598 0.46051 0.310734 0.145136 0.00251395
46 0.252093 0.171968 0.17133 0.23355 0.00247288
59 0.5 0.56089 1 0.878219 0.002455
0 0.917128 0.464081 0.165744 0.232862 0.00242159
26 0.12552 0.951505 0.188888 0.0969902 0.00242135
0 0.593798 0.440342 0.453564 0.387452 0.00241911
46 0.56009 0.154293 0.200026 0.147122 0.00241461
0 0.10111 0.910686 0.201911 0.178629 0.00240597
46 0.209796 0.375056 0.201622 0.273837 0.00240058
0 0.677681 0.547969 0.644638 0.904063 0.00235328
59 0.997005 0.37242 0.00599025 0.744839 0.00233176
60 0.996898 0.557272 0.00620387 0.885456 0.00232804
38 0.482638 0.545197 0.245783 0.074507 0.00231674
0 0.425292 0.378221 0.850583 0.635109 0.00230545
59 0.107743 0.951293 0.215486 0.0974136 0.00223556
0 0.106672 0.730478 0.213344 0.539044 0.00222933
0 0.487175 0.559155 0.312784 0.205343 0.00220847
26 0.434892 0.28667 0.1542 0.0757915 0.00218102
24 0.430527 0.283036 0.150604 0.0721457 0.0021458
37 0.706114 0.50981 0.130447 0.115981 0.00212598
24 0.169213 0.899001 0.208019 0.199426 0.00211957
24 0.127684 0.904009 0.237762 0.189785 0.00210989
26 0.759078 0.309427 0.119232 0.11829 0.00210056
74 0.470323 0.503404 0.172736 0.0868115 0.00208721
0 0.543491 0.560005 0.321986 0.204534 0.00204429
59 0.103126 0.925204 0.206252 0.149592 0.00203213
26 0.174442 0.938217 0.286682 0.123567 0.00202936
59 0.0147455 0.902623 0.0294909 0.194753 0.00196242
24 0.180025 0.924601 0.13484 0.137386 0.00189874
0 0.655852 0.374009 0.679995 0.597225 0.00188717
0 0.694933 0.762175 0.596771 0.282705 0.00184569
0 0.429936 0.251588 0.167222 0.163786 0.00180107
26 0.580779 0.436019 0.27041 0.0939098 0.00173751
0 0.222752 0.473874 0.300814 0.364554 0.00173733
0 0.304413 0.706545 0.509734 0.582526 0.00169507
26 0.153531 0.670929 0.142863 0.107721 0.00169241
26 0.866138 0.167278 0.0853697 0.0380792 0.00166771
0 0.214196 0.378894 0.223391 0.257957 0.00166512
26 0.0491063 0.864611 0.0982126 0.104363 0.00164419
60 0.5 0.56089 1 0.878219 0.00164068
46 0.287053 0.389159 0.19008 0.341878 0.00162366
46 0.331927 0.414302 0.0837817 0.220141 0.00160429
0 0.644399 0.192438 0.553681 0.227927 0.00157586
38 0.467825 0.534986 0.195903 0.0899336 0.00157073
26 0.750458 0.163822 0.144219 0.0462997 0.00156
26 0.498419 0.521071 0.260226 0.127338 0.00154442
24 0.468181 0.523658 0.218035 0.116073 0.00153193
24 0.482638 0.545197 0.245783 0.074507 0.0015026
59 0.106142 0.949213 0.186762 0.101573 0.00149155
37 0.581849 0.436921 0.269368 0.0952318 0.00148687
59 0.997843 0.542617 0.00431486 0.914765 0.00147897
0 0.22096 0.614128 0.290868 0.267303 0.00146049
60 0.201062 0.997496 0.402124 0.00500889 0.00145644
26 0.245663 0.882168 0.334905 0.235664 0.00144053
46 0.175911 0.271961 0.322413 0.262452 0.00142559
26 0.180025 0.924601 0.13484 0.137386 0.00142318
26 0.6877 0.174126 0.110176 0.0554625 0.00140253
26 0.362768 0.23272 0.0479601 0.033466 0.00139427
0 0.181872 0.631828 0.363744 0.516929 0.00139293
0 0.0481641 0.910149 0.0963283 0.179702 0.00135407
0 0.507135 0.852238 0.977883 0.295524 0.00132871
24 0.174442 0.938217 0.286682 0.123567 0.00132132
0 0.0147455 0.902623 0.0294909 0.194753 0.0013113
55 0.496773 0.691768 0.99151 0.614598 0.00130299
0 0.270252 0.331261 0.483106 0.561136 0.00130069
56 0.103072 0.950531 0.190881 0.0989372 0.00127792
24 0.857809 0.12221 0.0617817 0.0407923 0.00127387
0 0.918722 0.430484 0.162556 0.166869 0.00126794
0 0.696336 0.597756 0.607328 0.641755 0.00125906
26 0.582129 0.470159 0.242247 0.0749304 0.00125521
74 0.465849 0.523052 0.180964 0.0922626 0.00124717
0 0.215762 0.527849 0.299428 0.261566 0.00124645
24 0.467825 0.534986 0.195903 0.0899336 0.00124249
0 0.770332 0.527884 0.178168 0.219443 0.0012396
0 0.0815686 0.512277 0.160596 0.284799 0.00120157
0 0.01579 0.662778 0.0315799 0.674444 0.00119722
26 0.626638 0.590586 0.126899 0.153625 0.00119001
0 0.997005 0.37242 0.00599025 0.744839 0.00112563
0 0.216177 0.566442 0.296092 0.176695 0.0011242
0 0.0393729 0.147466 0.0787458 0.276874 0.00112268
0 0.049207 0.610984 0.0984139 0.242902 0.00109816
38 0.669213 0.631866 0.110529 0.116567 0.00108758
37 0.469127 0.545243 0.196766 0.0732632 0.00108492
26 0.331127 0.554251 0.110909 0.184834 0.00108263
0 0.177939 0.611222 0.355878 0.777557 0.00106743
26 0.164028 0.9081 0.151936 0.159178 0.00106192
0 0.892683 0.397231 0.203641 0.304135 0.00106063
26 0.713171 0.120738 0.0666508 0.046506 0.00105834
46 0.831117 0.712172 0.337766 0.17419 0.0010435
46 0.716188 0.509861 0.112039 0.111851 0.00103927
0 0.52153 0.916622 0.952198 0.166755 0.00103569
46 0.49915 0.519356 0.260755 0.13077 0.00102541
26 0.670943 0.682712 0.150834 0.271875 0.0010193
26 0.60431 0.463118 0.292515 0.0692215 0.00101274
26 0.458948 0.57323 0.210446 0.0983298 0.00100818
46 0.127225 0.278553 0.21808 0.254414 0.00100741
