54 0.516289 0.409902 0.967422 0.819804 0.00619692
60 0.511857 0.408407 0.976286 0.816814 0.00481257
15 0.236794 0.411261 0.463251 0.800178 0.00425851
50 0.478125 0.29735 0.481349 0.441174 0.00401664
55 0.516289 0.409902 0.967422 0.819804 0.00361797
18 0.236794 0.411261 0.463251 0.800178 0.00352681
53 0.516289 0.409902 0.967422 0.819804 0.00336483
50 0.394487 0.266445 0.647121 0.525551 0.00332463
0 0.236814 0.41043 0.466382 0.82086 0.00293955
18 0.52044 0.409342 0.959121 0.818685 0.00283188
54 0.426006 0.272965 0.587079 0.474341 0.00281674
50 0.235334 0.488196 0.462324 0.630078 0.00271389
18 0.740977 0.399894 0.518045 0.796011 0.00242096
50 0.41477 0.391614 0.615007 0.713969 0.00235054
16 0.236794 0.411261 0.463251 0.800178 0.00229546
54 0.372439 0.354726 0.744879 0.678926 0.00224376
18 0.381535 0.429116 0.763071 0.84601 0.00191656
45 0.505238 0.411065 0.989523 0.82213 0.00181407
54 0.740977 0.399894 0.518045 0.796011 0.00172904
48 0.516289 0.409902 0.967422 0.819804 0.00169775
21 0.234613 0.414646 0.460474 0.78713 0.00160834
55 0.381535 0.429116 0.763071 0.84601 0.00155649
18 0.378798 0.316217 0.699548 0.605131 0.00141463
50 0.381535 0.429116 0.763071 0.84601 0.0014039
55 0.236068 0.416362 0.464341 0.799349 0.00139478
60 0.934037 0.363893 0.131926 0.727785 0.001329
56 0.505238 0.411065 0.989523 0.82213 0.00126159
54 0.236068 0.416362 0.464341 0.799349 0.00126067
50 0.511857 0.408407 0.976286 0.816814 0.00124374
54 0.486616 0.329851 0.461057 0.38208 0.00120306
55 0.740977 0.399894 0.518045 0.796011 0.00116125
46 0.236794 0.411261 0.463251 0.800178 0.00114349
58 0.522254 0.411496 0.955493 0.822992 0.00112465
77 0.234613 0.414646 0.460474 0.78713 0.00112358
58 0.36363 0.419997 0.715437 0.800236 0.00104907
15 0.234375 0.576218 0.468749 0.51634 0.00101292
