60 0.998609 0.536328 0.00278101 0.927345 0.0220364
0 0.186227 0.508992 0.322549 0.220116 0.00456709
56 0.998653 0.518333 0.00269473 0.963335 0.00260988
45 0.998653 0.518333 0.00269473 0.963335 0.00245798
0 0.998653 0.518333 0.00269473 0.963335 0.00202769
25 0.998799 0.500845 0.00240188 0.99831 0.00177678
0 0.18313 0.54943 0.33345 0.304437 0.00160813
59 0.998653 0.518333 0.00269473 0.963335 0.00159511
14 0.183698 0.509985 0.323973 0.214964 0.0012992
57 0.998653 0.518333 0.00269473 0.963335 0.00117677
0 0.172247 0.627272 0.344493 0.45402 0.00117597
20 0.998653 0.518333 0.00269473 0.963335 0.00104219
