44 0.266829 0.0807493 0.528098 0.158101 0.868477
51 0.628103 0.840526 0.139078 0.202387 0.866757
45 0.500405 0.503702 0.991857 0.966388 0.778592
51 0.788791 0.535192 0.111109 0.177366 0.585118
51 0.421453 0.191802 0.11163 0.139403 0.553365
51 0.373238 0.497419 0.134336 0.177289 0.539332
50 0.499565 0.535465 0.141976 0.186205 0.394275
51 0.852734 0.667957 0.0948153 0.17683 0.350188
51 0.760678 0.692161 0.125956 0.174686 0.289656
51 0.671569 0.571104 0.0959778 0.147109 0.264033
60 0.521608 0.49045 0.956495 0.975185 0.238657
51 0.260203 0.53311 0.10193 0.171601 0.228937
50 0.522151 0.306372 0.186967 0.193582 0.177782
51 0.636077 0.15565 0.0929237 0.112853 0.16634
51 0.83139 0.435723 0.108605 0.0628076 0.134046
51 0.798892 0.681137 0.202568 0.192969 0.13266
51 0.398461 0.370913 0.0747826 0.109516 0.109799
50 0.553616 0.609645 0.252509 0.334694 0.106401
50 0.485395 0.238372 0.0560104 0.0786894 0.105328
50 0.492036 0.181439 0.0781549 0.111753 0.104129
50 0.546413 0.315319 0.146569 0.175071 0.0806271
50 0.665316 0.475496 0.0480024 0.0531124 0.0804826
44 0.0845932 0.302564 0.168137 0.300851 0.0778842
50 0.779093 0.367214 0.0675402 0.108566 0.077861
50 0.497749 0.289778 0.143176 0.199016 0.075143
44 0.267749 0.231684 0.534936 0.461193 0.0742673
50 0.523276 0.306318 0.0994976 0.156493 0.0720412
50 0.49056 0.204406 0.0714937 0.155893 0.0717252
50 0.585906 0.662845 0.186767 0.228196 0.0699166
44 0.884209 0.079481 0.23147 0.155084 0.0672536
50 0.707083 0.393059 0.057537 0.116753 0.0624967
51 0.636517 0.315932 0.052371 0.103401 0.0612268
50 0.524416 0.265931 0.186878 0.278634 0.0580178
50 0.486844 0.267739 0.123977 0.133701 0.057609
50 0.54002 0.703294 0.0979635 0.149149 0.0574566
42 0.26616 0.0832224 0.529121 0.149547 0.0484731
51 0.897629 0.440438 0.0282606 0.0804948 0.0446175
51 0.419316 0.762982 0.0873953 0.11823 0.0427816
50 0.570344 0.316702 0.0968194 0.173376 0.0408319
50 0.445785 0.609544 0.303113 0.340597 0.0402258
50 0.628677 0.634383 0.102182 0.160175 0.0392405
50 0.528519 0.516458 0.0856965 0.112397 0.0389353
50 0.589103 0.33877 0.0588711 0.1246 0.0374659
44 0.835305 0.097796 0.32891 0.192481 0.0370038
50 0.486084 0.172595 0.0671997 0.0919639 0.0310505
50 0.482866 0.29418 0.117682 0.0909431 0.029038
50 0.872392 0.487838 0.0671165 0.0907588 0.0277934
50 0.371433 0.656302 0.164979 0.17299 0.0270073
51 0.568763 0.415877 0.077036 0.0358535 0.0262272
50 0.503708 0.610298 0.182213 0.329154 0.0260816
51 0.820076 0.598057 0.188814 0.325423 0.0255547
50 0.618121 0.341389 0.119118 0.12933 0.0253158
50 0.573462 0.316215 0.160905 0.177683 0.0249685
60 0.421648 0.319825 0.843296 0.63965 0.0246871
50 0.515691 0.232961 0.128814 0.214001 0.0237105
60 0.126162 0.822872 0.25179 0.330872 0.0229979
42 0.0834659 0.302134 0.165844 0.298633 0.0229154
50 0.482027 0.317212 0.117506 0.141088 0.0227336
50 0.478647 0.166702 0.0524864 0.080976 0.0223072
50 0.469866 0.388737 0.0505989 0.106501 0.021459
44 0.137768 0.0901679 0.27086 0.135529 0.0206737
50 0.603436 0.496686 0.078114 0.11757 0.0205436
51 0.341561 0.287894 0.0394577 0.0613976 0.0198242
44 0.162987 0.224967 0.325495 0.445024 0.0196777
50 0.521306 0.539649 0.103239 0.159426 0.0187865
51 0.894426 0.58196 0.0586946 0.0984269 0.0186755
50 0.708746 0.365697 0.0548165 0.0646175 0.0185688
51 0.324858 0.509811 0.236987 0.225283 0.0182041
51 0.375045 0.447541 0.141942 0.273435 0.0180522
50 0.51625 0.270563 0.109859 0.13711 0.0179648
44 0.835902 0.151235 0.326014 0.298135 0.0176454
50 0.647183 0.379814 0.0709431 0.0620048 0.0160322
60 0.482148 0.826717 0.956105 0.328369 0.0159896
50 0.458375 0.489983 0.0567835 0.0978088 0.0157533
50 0.631574 0.668289 0.0951241 0.103715 0.0151364
51 0.316068 0.344084 0.116463 0.167768 0.0145732
50 0.472436 0.536457 0.0945785 0.188524 0.0140088
50 0.4717 0.256932 0.0910335 0.114333 0.0139711
50 0.528587 0.284405 0.0890112 0.1097 0.0137554
51 0.645784 0.281427 0.143484 0.173121 0.0136178
50 0.660701 0.379722 0.0443688 0.0619162 0.0134624
50 0.461949 0.376161 0.0652184 0.133848 0.0130883
60 0.126418 0.493416 0.251669 0.986833 0.0125181
50 0.527721 0.693916 0.128149 0.165095 0.0119644
42 0.884209 0.079481 0.23147 0.155084 0.0117821
51 0.87987 0.579928 0.0898418 0.0992715 0.0115399
50 0.628988 0.690159 0.108892 0.152184 0.011463
51 0.799924 0.632993 0.20892 0.333869 0.0114334
50 0.534034 0.317987 0.0796349 0.172852 0.0113742
50 0.452563 0.279101 0.0512952 0.0622971 0.0113724
50 0.463346 0.28827 0.0778506 0.0802258 0.0112561
51 0.291139 0.339822 0.0655736 0.0457872 0.0111786
50 0.497954 0.507248 0.136902 0.14197 0.010906
50 0.664007 0.374213 0.0373548 0.0503828 0.0108656
42 0.268625 0.231136 0.536158 0.461016 0.0105647
44 0.370439 0.0813452 0.729755 0.16269 0.0103441
50 0.567091 0.331309 0.229304 0.221119 0.00981128
50 0.612422 0.352467 0.133727 0.170067 0.00964737
51 0.603125 0.496816 0.0805693 0.118835 0.00942445
51 0.738236 0.327575 0.0536194 0.0879555 0.00938556
50 0.549221 0.2825 0.0430731 0.103366 0.00921527
50 0.391706 0.369345 0.0701219 0.0984841 0.00917456
50 0.459063 0.405754 0.0307461 0.0728108 0.00916663
50 0.513914 0.197755 0.123313 0.152394 0.00915709
50 0.685382 0.39459 0.100688 0.121953 0.00900006
50 0.517323 0.33516 0.0973429 0.142345 0.00893939
50 0.366447 0.363031 0.0405378 0.0661837 0.00891837
51 0.895354 0.457152 0.0312248 0.110083 0.00889692
60 0.517597 0.168069 0.960798 0.322239 0.00886539
50 0.692446 0.486599 0.0959417 0.0895992 0.00881004
51 0.215287 0.587285 0.0151831 0.0807091 0.00875092
51 0.582061 0.146842 0.0326885 0.0768981 0.00873807
50 0.556778 0.233234 0.0558211 0.0588508 0.0086253
50 0.500981 0.491605 0.142149 0.263757 0.00819349
45 0.134674 0.185644 0.268564 0.356189 0.00786904
50 0.495894 0.331537 0.14649 0.218027 0.00786304
60 0.365986 0.22677 0.731973 0.450419 0.00778666
60 0.891857 0.879394 0.216286 0.219633 0.00776848
44 0.129079 0.300222 0.258122 0.303347 0.00767797
50 0.55519 0.317918 0.0804472 0.170359 0.00758159
51 0.478353 0.714962 0.0393744 0.0815156 0.00746888
51 0.624932 0.284657 0.106772 0.17008 0.00730112
50 0.713869 0.486285 0.0501678 0.0897337 0.00724909
50 0.678308 0.476249 0.0756954 0.0608793 0.00723234
50 0.440781 0.376461 0.063924 0.136635 0.00716674
50 0.473242 0.155315 0.040805 0.0598387 0.00701243
50 0.490173 0.233549 0.129853 0.217937 0.00683472
50 0.547868 0.310093 0.0515402 0.156731 0.00674722
51 0.497747 0.878924 0.107504 0.124943 0.00648659
50 0.624843 0.418545 0.030405 0.0461901 0.00632009
51 0.508031 0.409065 0.0571413 0.0727644 0.00611678
51 0.405725 0.218233 0.0788231 0.0845617 0.00608742
51 0.347497 0.317969 0.0521252 0.124314 0.00590777
51 0.874258 0.488057 0.0618887 0.090167 0.00588709
50 0.505291 0.44516 0.150774 0.318036 0.00586513
50 0.506899 0.300963 0.0609888 0.065908 0.00583464
50 0.63547 0.155054 0.0911584 0.11197 0.0057897
51 0.60901 0.0905583 0.0467461 0.0482424 0.00578561
50 0.5673 0.347679 0.0990231 0.117481 0.0057444
50 0.593612 0.305292 0.0487881 0.0587549 0.00566098
50 0.550303 0.268178 0.0378544 0.074932 0.0055556
60 0.836796 0.14946 0.326119 0.295912 0.00548255
44 0.19439 0.0852766 0.387155 0.148214 0.00542501
50 0.364182 0.650025 0.123049 0.15526 0.00538349
69 0.836796 0.14946 0.326119 0.295912 0.00533691
50 0.459836 0.523946 0.0646753 0.163481 0.00532255
50 0.476983 0.270578 0.134877 0.196341 0.00518724
50 0.684189 0.384929 0.0931068 0.0853471 0.00518125
50 0.504639 0.305785 0.0779531 0.0764538 0.00516838
50 0.643014 0.412919 0.18315 0.16559 0.00515851
50 0.815832 0.369173 0.138469 0.116803 0.00512421
60 0.371526 0.49497 0.738365 0.986776 0.00504965
42 0.835305 0.097796 0.32891 0.192481 0.00502792
51 0.626396 0.236417 0.10368 0.0854501 0.00502786
43 0.26616 0.0832224 0.529121 0.149547 0.00500706
51 0.221565 0.585699 0.0309811 0.0886354 0.00487384
51 0.285412 0.387163 0.0480864 0.0791309 0.00481373
51 0.663671 0.275871 0.108664 0.140936 0.00481009
45 0.266393 0.0817631 0.5245 0.158685 0.00468618
50 0.494183 0.336682 0.111678 0.143467 0.00467852
50 0.564589 0.296666 0.0778435 0.148889 0.00464302
50 0.523781 0.396827 0.193216 0.361192 0.00463107
50 0.458154 0.460191 0.0547828 0.163873 0.00462517
50 0.55984 0.333443 0.0992548 0.141233 0.00461251
50 0.65749 0.458204 0.0689267 0.0923 0.00461113
50 0.67533 0.412223 0.121027 0.161502 0.00454602
50 0.478059 0.338733 0.0893188 0.167553 0.00453398
44 0.134674 0.185644 0.268564 0.356189 0.00450379
51 0.678043 0.331774 0.0468702 0.0472636 0.00449598
51 0.305703 0.371036 0.0971781 0.120574 0.00446355
51 0.351055 0.334216 0.0648816 0.153321 0.00441933
51 0.739265 0.608746 0.218241 0.335236 0.00439239
51 0.830774 0.607195 0.261054 0.386285 0.00434834
45 0.835725 0.146616 0.328336 0.291429 0.004327
45 0.278324 0.225783 0.556589 0.44954 0.00428391
51 0.373767 0.331249 0.0575588 0.111795 0.00425884
50 0.631147 0.738327 0.0649138 0.0528024 0.00421518
51 0.607045 0.121115 0.0501818 0.10934 0.00421375
51 0.513326 0.797244 0.105137 0.0649649 0.00413638
50 0.456022 0.412442 0.0327765 0.0637474 0.00412124
42 0.162987 0.224967 0.325495 0.445024 0.00402665
51 0.838653 0.443045 0.125964 0.0775191 0.00399199
50 0.38819 0.592049 0.186176 0.29518 0.00398549
50 0.466968 0.497489 0.0758577 0.110661 0.00386795
51 0.600257 0.130619 0.0622585 0.1288 0.00386465
51 0.338547 0.328596 0.0409795 0.139102 0.00383779
51 0.320138 0.353552 0.0695909 0.154717 0.00382492
51 0.842152 0.467049 0.133911 0.126045 0.00381044
51 0.543333 0.158057 0.0891346 0.108727 0.00377667
51 0.891915 0.442566 0.0398701 0.0850738 0.00372466
50 0.861654 0.488043 0.0666019 0.0792116 0.00370336
51 0.610028 0.225339 0.0694768 0.085792 0.0036054
51 0.499163 0.412932 0.0760523 0.087662 0.00359124
50 0.646072 0.367484 0.18246 0.191601 0.00358438
69 0.495069 0.506656 0.988778 0.960054 0.00352299
51 0.903757 0.463064 0.0424019 0.127054 0.00348368
50 0.376593 0.363583 0.0590272 0.102628 0.00347471
50 0.421172 0.191194 0.111128 0.139511 0.00343391
50 0.408663 0.879701 0.0604882 0.0810727 0.00340638
51 0.309669 0.315916 0.0994513 0.117416 0.0033541
50 0.700948 0.416104 0.0442643 0.0799785 0.00335127
51 0.616942 0.239169 0.085811 0.108794 0.0033378
42 0.835591 0.147192 0.32808 0.292442 0.00332904
50 0.486789 0.388141 0.0851856 0.126388 0.00328955
51 0.629166 0.13701 0.0893787 0.140591 0.00328428
51 0.336585 0.293081 0.0436378 0.0730179 0.0032759
50 0.569762 0.416044 0.0769058 0.0387592 0.00326532
50 0.588548 0.415406 0.105886 0.0552834 0.0032616
50 0.643639 0.40404 0.0802237 0.0905305 0.00324941
51 0.615055 0.225991 0.201129 0.291923 0.00324687
50 0.383329 0.651647 0.10532 0.150361 0.00321662
44 0.0421694 0.197465 0.0834102 0.109858 0.00320908
50 0.625797 0.578448 0.169066 0.287512 0.00317472
51 0.586911 0.146174 0.0499972 0.0908522 0.00315678
51 0.61511 0.310346 0.0940265 0.118913 0.00314629
43 0.0832281 0.301916 0.165499 0.302659 0.00314134
50 0.285456 0.389344 0.0495863 0.0827885 0.00313392
51 0.291918 0.374516 0.0659554 0.105223 0.00313056
51 0.419382 0.213621 0.106693 0.0968301 0.00310212
51 0.356045 0.42077 0.209804 0.329336 0.00301033
41 0.266393 0.0817631 0.5245 0.158685 0.00299215
51 0.637413 0.253431 0.123738 0.0942984 0.00299165
60 0.837206 0.489245 0.325491 0.966086 0.00296023
51 0.644023 0.348378 0.0709181 0.115241 0.00293639
51 0.568449 0.154971 0.0594295 0.0984816 0.00291634
43 0.889477 0.0759285 0.218604 0.147885 0.00290918
45 0.717677 0.508762 0.563363 0.938028 0.00288847
51 0.179764 0.478776 0.0892157 0.119134 0.00278044
51 0.325996 0.315388 0.0671432 0.11455 0.00278026
51 0.234419 0.720214 0.161431 0.19205 0.00276604
50 0.42812 0.374996 0.0348149 0.0920344 0.00274405
51 0.574153 0.150959 0.0449793 0.0892003 0.00271037
50 0.55276 0.716638 0.104795 0.124003 0.00270623
50 0.782824 0.386648 0.074193 0.0885091 0.00270146
51 0.850156 0.548991 0.0371199 0.076462 0.00267765
50 0.686793 0.446952 0.0977574 0.126715 0.00266382
44 0.0387517 0.175644 0.0770118 0.158985 0.00265092
51 0.514654 0.179301 0.112544 0.121103 0.00264761
50 0.624832 0.370613 0.106308 0.0695977 0.00262931
51 0.229821 0.587938 0.0474543 0.0910646 0.00261876
50 0.403561 0.372813 0.0828665 0.114201 0.00259727
50 0.605508 0.629131 0.147355 0.183943 0.00258723
50 0.474795 0.577409 0.0633645 0.0965234 0.00256073
51 0.376429 0.316055 0.0593895 0.0772595 0.00252625
50 0.799952 0.81086 0.0616489 0.0743626 0.00252348
51 0.828506 0.431152 0.0990957 0.0464506 0.00248381
50 0.520288 0.363248 0.0769778 0.0886375 0.00248063
50 0.555086 0.267589 0.056221 0.114471 0.00245214
51 0.499001 0.193603 0.0757766 0.122483 0.00244915
50 0.480696 0.559224 0.0832329 0.135591 0.00240961
43 0.835305 0.097796 0.32891 0.192481 0.00240698
43 0.835725 0.146616 0.328336 0.291429 0.00240624
51 0.496136 0.42123 0.0875977 0.110177 0.00238672
50 0.421564 0.374316 0.122299 0.124269 0.0023554
51 0.618262 0.342822 0.121196 0.142583 0.00234041
51 0.576326 0.159356 0.216418 0.150434 0.00231954
50 0.463279 0.567416 0.0794196 0.124616 0.00230816
51 0.389951 0.217793 0.0476868 0.078642 0.00224045
50 0.631197 0.405991 0.0659574 0.0733683 0.00223523
50 0.52934 0.366429 0.0485952 0.0741923 0.00222147
50 0.491772 0.405412 0.093752 0.134842 0.00219306
50 0.547424 0.51703 0.0489716 0.105181 0.00216469
51 0.409273 0.770668 0.0740236 0.103477 0.002161
51 0.737727 0.551901 0.0241919 0.110949 0.00215584
50 0.458733 0.305227 0.207129 0.260883 0.00214267
60 0.493052 0.122204 0.953731 0.240399 0.00208524
50 0.634022 0.419048 0.219736 0.247666 0.00205597
51 0.360436 0.302716 0.0696234 0.0895641 0.0020546
50 0.762225 0.350726 0.101683 0.14685 0.00205195
50 0.449242 0.35531 0.0490549 0.118963 0.00198293
50 0.537467 0.240729 0.0967516 0.0987135 0.00197342
51 0.421622 0.274667 0.186862 0.307047 0.00196117
51 0.390306 0.37519 0.0577259 0.086248 0.00192231
51 0.492445 0.393553 0.0840385 0.108556 0.00191492
51 0.387092 0.304772 0.0963338 0.0868102 0.00191334
51 0.632716 0.178832 0.0726068 0.0661715 0.00191203
50 0.446013 0.318479 0.0688259 0.145188 0.00191146
51 0.571707 0.420469 0.0839394 0.0477752 0.0018996
50 0.535938 0.348466 0.0659799 0.112305 0.00188798
50 0.444379 0.348652 0.0365347 0.080473 0.00186536
50 0.596066 0.295323 0.0498699 0.0825914 0.00184906
50 0.668263 0.209541 0.0387305 0.0366595 0.00184
50 0.609596 0.408726 0.0819822 0.070452 0.00183722
51 0.363782 0.333197 0.0689232 0.143071 0.00182661
51 0.196819 0.555304 0.0361522 0.104887 0.00181162
51 0.710049 0.360044 0.0522484 0.0520982 0.00179738
50 0.860158 0.480787 0.0812805 0.0910163 0.00179732
51 0.285405 0.348426 0.0549891 0.037955 0.00179371
44 0.108536 0.233977 0.215444 0.437697 0.00178024
50 0.594137 0.473247 0.138996 0.157 0.00173101
52 0.789379 0.535679 0.109732 0.179125 0.00172567
50 0.555117 0.175473 0.0683984 0.100744 0.00171366
50 0.537123 0.36873 0.0483989 0.0709406 0.00170243
51 0.82994 0.544245 0.180348 0.284683 0.00169027
50 0.461272 0.316126 0.0731968 0.128072 0.00168929
51 0.628688 0.187532 0.0943218 0.0631989 0.00166273
51 0.527497 0.186221 0.114837 0.140908 0.00165045
51 0.600185 0.217635 0.0504375 0.065502 0.00164407
50 0.636215 0.316007 0.0523266 0.103512 0.00163496
51 0.40001 0.351659 0.0900908 0.135583 0.00163093
