29 0.645067 0.541812 0.554927 0.480573 0.987679
16 0.481911 0.494615 0.963822 0.936175 0.939826
16 0.486832 0.350709 0.973664 0.639959 0.00941011
29 0.47824 0.486547 0.955294 0.942154 0.0066911
20 0.47824 0.486547 0.955294 0.942154 0.00634286
21 0.480829 0.490259 0.961658 0.92854 0.00412989
18 0.480829 0.490259 0.961658 0.92854 0.00409028
16 0.695929 0.501035 0.575616 0.928356 0.00370282
45 0.645658 0.541305 0.554586 0.476983 0.00341019
16 0.645658 0.541305 0.554586 0.476983 0.00274894
0 0.47824 0.486547 0.955294 0.942154 0.00257248
77 0.480829 0.490259 0.961658 0.92854 0.00199991
14 0.480829 0.490259 0.961658 0.92854 0.00175613
32 0.645499 0.539908 0.555316 0.477738 0.00149643
10 0.47824 0.486547 0.955294 0.942154 0.00128105
19 0.480829 0.490259 0.961658 0.92854 0.0010787
16 0.647071 0.587991 0.550691 0.736233 0.00100434
