0 0.848508 0.737623 0.0416222 0.225989 0.84135
0 0.343723 0.181004 0.0362298 0.146928 0.827154
0 0.946897 0.813885 0.0453274 0.219859 0.819867
0 0.594987 0.178862 0.0306521 0.132327 0.811886
0 0.906819 0.822372 0.0431301 0.177791 0.804327
0 0.129449 0.469443 0.0385549 0.234369 0.800276
0 0.444467 0.171939 0.0412025 0.164127 0.776304
0 0.432161 0.0938184 0.0273001 0.113174 0.72065
35 0.89248 0.876159 0.0150743 0.0393677 0.550305
34 0.84448 0.594787 0.00627117 0.0926852 0.463185
0 0.869219 0.166695 0.0203819 0.11087 0.105612
0 0.928844 0.219411 0.0195217 0.12416 0.0992005
0 0.842012 0.139385 0.0154305 0.108407 0.0923424
0 0.857608 0.154609 0.0141739 0.10292 0.084489
13 0.9717 0.261329 0.0562452 0.12171 0.06645
0 0.883655 0.173691 0.0175797 0.115164 0.058237
0 0.912993 0.195917 0.0236574 0.132505 0.0561284
0 0.896287 0.183469 0.0171402 0.111663 0.0507088
35 0.892491 0.866712 0.0156157 0.0581547 0.0506594
0 0.745404 0.0749936 0.0132431 0.0643739 0.0459838
0 0.953867 0.0640567 0.01752 0.0573294 0.0349577
0 0.917142 0.0449139 0.0170788 0.046246 0.0254903
0 0.97031 0.0728887 0.0203499 0.0629447 0.0237043
0 0.922724 0.209251 0.0306076 0.129055 0.0230469
0 0.796351 0.105924 0.0148987 0.0985677 0.0222029
0 0.956661 0.0615476 0.0171408 0.0593529 0.021307
34 0.431577 0.0954597 0.034647 0.118601 0.0187912
0 0.940084 0.0624902 0.0148643 0.0487079 0.0183212
0 0.74188 0.063011 0.0202522 0.08573 0.0169977
0 0.878308 0.168374 0.02127 0.120737 0.0156829
0 0.948393 0.244656 0.0166515 0.0945967 0.014141
32 0.0444604 0.550105 0.0105704 0.0238895 0.0138567
0 0.952652 0.247682 0.0252323 0.0951087 0.0127798
0 0.968083 0.0625966 0.019331 0.0745331 0.0122345
0 0.835352 0.132842 0.0207664 0.0987244 0.0113203
0 0.903501 0.0328064 0.013567 0.0477002 0.0112215
13 0.958914 0.248815 0.0379604 0.0982862 0.0110899
0 0.84615 0.145967 0.0225552 0.108015 0.0108863
0 0.890592 0.0278498 0.0130205 0.0395942 0.00921461
0 0.914337 0.0362245 0.0144253 0.0579091 0.00912592
0 0.885183 0.0260319 0.013237 0.0389711 0.00869831
0 0.99432 0.304831 0.0110039 0.0481035 0.00856739
0 0.982415 0.0968639 0.0152271 0.0453208 0.0083088
13 0.980319 0.269919 0.0390779 0.113957 0.00823632
0 0.98539 0.0961701 0.0132727 0.0443143 0.00714463
0 0.439656 0.116819 0.0290047 0.0726673 0.00660437
0 0.815152 0.121088 0.0181942 0.100478 0.00657463
0 0.935465 0.225389 0.0323059 0.127642 0.00654292
34 0.846992 0.595418 0.00957642 0.0939065 0.00652254
0 0.801048 0.107595 0.0236088 0.106323 0.0062702
34 0.851472 0.624114 0.0214838 0.100308 0.00611177
0 0.99502 0.0994368 0.00996065 0.0442095 0.00599247
0 0.740237 0.0700958 0.0135237 0.0740684 0.0056895
34 0.841258 0.59841 0.0127598 0.100348 0.00562465
0 0.992324 0.0708648 0.0153521 0.0892067 0.00554302
0 0.991397 0.0536563 0.0172066 0.0769506 0.00536546
0 0.716279 0.0638721 0.0197618 0.0567693 0.00517207
35 0.584412 0.128762 0.0100262 0.0343284 0.0051032
34 0.843719 0.653175 0.0182739 0.0572319 0.00476846
0 0.934757 0.0489066 0.016843 0.0480241 0.00474858
0 0.841125 0.118711 0.0157837 0.0907338 0.00465408
13 0.96728 0.238306 0.0627071 0.14057 0.00428042
56 0.800876 0.110366 0.0230179 0.100844 0.00406605
13 0.757032 0.0936301 0.0372248 0.077031 0.00404871
34 0.856771 0.598726 0.032449 0.112274 0.00396848
35 0.879797 0.841519 0.0287998 0.0320726 0.00387642
0 0.719998 0.060804 0.0258583 0.0593053 0.00361753
0 0.727654 0.0648276 0.0193489 0.064813 0.00359276
13 0.756479 0.10316 0.0252535 0.041749 0.00357178
0 0.96495 0.0709126 0.0131569 0.0630843 0.00353104
56 0.796351 0.105924 0.0148987 0.0985677 0.00352597
0 0.96079 0.247291 0.0427593 0.101953 0.00332233
34 0.409555 0.14788 0.0176964 0.0228795 0.00326824
35 0.907758 0.750875 0.0201252 0.0369246 0.00320393
0 0.89229 0.171579 0.0244482 0.130865 0.00295871
35 0.890493 0.87609 0.020575 0.0364556 0.00277025
0 0.893544 0.884278 0.0179495 0.0546444 0.00253969
13 0.764811 0.112133 0.0211576 0.0534123 0.00253278
35 0.889795 0.848307 0.0207823 0.033207 0.00252002
32 0.89248 0.876159 0.0150743 0.0393677 0.00245178
56 0.784634 0.108654 0.0226391 0.0873791 0.00244939
34 0.134486 0.399589 0.0263666 0.0948645 0.00243118
56 0.815276 0.125224 0.0179022 0.0956161 0.00242838
35 0.439656 0.116819 0.0290047 0.0726673 0.0021928
0 0.752756 0.0826618 0.0257372 0.0757576 0.00215822
0 0.976643 0.0457368 0.0176083 0.0678144 0.00208566
0 0.919493 0.0296375 0.0207121 0.0576929 0.00197506
0 0.838562 0.139845 0.025251 0.110236 0.00196311
0 0.857564 0.0110696 0.0193541 0.0221391 0.00194621
0 0.890945 0.0229649 0.015383 0.045556 0.00191543
0 0.936909 0.060009 0.0176437 0.0504904 0.00187555
56 0.780764 0.04159 0.0147099 0.0517123 0.00183511
56 0.727654 0.0648276 0.0193489 0.064813 0.00183177
35 0.432277 0.0931345 0.0284883 0.111256 0.00182292
0 0.903221 0.0246751 0.0140774 0.0481301 0.00175941
0 0.833152 0.0112631 0.0216898 0.0225262 0.00174046
13 0.951777 0.226207 0.0964451 0.192816 0.00173822
0 0.898048 0.876669 0.0166979 0.0634295 0.00160956
0 0.962116 0.0504404 0.0165592 0.0770093 0.00159669
34 0.120137 0.562858 0.0222364 0.0451817 0.00154513
35 0.882307 0.81223 0.0163586 0.0448116 0.00150695
0 0.839732 0.0118114 0.0156015 0.0236227 0.00150269
35 0.120137 0.562858 0.0222364 0.0451817 0.00148109
13 0.962374 0.262331 0.0752522 0.134761 0.00145692
34 0.431856 0.171709 0.0323635 0.105718 0.00145385
13 0.765016 0.0923934 0.0278053 0.0786081 0.00144133
0 0.784704 0.105707 0.0237434 0.0881346 0.001425
0 0.873384 0.0161257 0.0181845 0.0322513 0.00140291
0 0.739905 0.0295344 0.0211677 0.0590689 0.00139827
0 0.584412 0.128762 0.0100262 0.0343284 0.00137901
34 0.850254 0.596476 0.0170372 0.0983257 0.00132588
34 0.404198 0.143011 0.0400167 0.0462101 0.00129613
0 0.815232 0.120766 0.0226408 0.116787 0.00127047
56 0.745404 0.0749936 0.0132431 0.0643739 0.0012666
24 0.89248 0.876159 0.0150743 0.0393677 0.00124106
0 0.937503 0.0434102 0.0174397 0.0735237 0.00123885
0 0.98935 0.0476126 0.0196865 0.0893765 0.0012252
35 0.881369 0.785686 0.0130604 0.0416792 0.00121659
0 0.711595 0.0581468 0.0273438 0.0540612 0.00121203
0 0.958918 0.234497 0.0517015 0.125888 0.00119123
34 0.584412 0.128762 0.0100262 0.0343284 0.00116196
0 0.925858 0.816538 0.089686 0.217346 0.00116155
0 0.973336 0.0879698 0.0209394 0.0657645 0.00114793
0 0.973594 0.264886 0.052314 0.118408 0.00112012
13 0.727654 0.0648276 0.0193489 0.064813 0.00109905
34 0.838054 0.601335 0.0194836 0.0962222 0.00106755
13 0.722596 0.0703411 0.0475967 0.0733754 0.00100303
13 0.952652 0.247682 0.0252323 0.0951087 0.00100148
