54 0.841808 0.529716 0.193025 0.241046 0.925094
54 0.831759 0.316617 0.191586 0.212501 0.922915
54 0.849361 0.79171 0.207845 0.302692 0.908548
54 0.632378 0.818367 0.262178 0.255574 0.907547
54 0.389232 0.406094 0.218875 0.216116 0.884816
54 0.680548 0.452628 0.14449 0.49087 0.881358
54 0.385375 0.561505 0.241445 0.213781 0.867143
54 0.185639 0.433999 0.186576 0.19423 0.810336
54 0.390031 0.840923 0.255707 0.192332 0.76426
54 0.408327 0.668581 0.226438 0.212353 0.736944
54 0.176037 0.30537 0.199104 0.178411 0.653581
54 0.153034 0.551492 0.191476 0.158839 0.63694
54 0.176753 0.793681 0.246479 0.255482 0.527983
54 0.177847 0.648753 0.234745 0.161116 0.483945
54 0.549077 0.514008 0.137794 0.385901 0.35025
54 0.197096 0.202984 0.170618 0.14227 0.30001
54 0.377474 0.181181 0.199229 0.185259 0.175877
60 0.5026 0.509527 0.986701 0.940754 0.142762
54 0.383252 0.311983 0.229942 0.156703 0.111136
54 0.377818 0.238272 0.21686 0.304044 0.0313862
54 0.522994 0.273589 0.0969688 0.125913 0.0247799
45 0.500217 0.505152 0.987311 0.935334 0.0190819
60 0.521043 0.114419 0.949368 0.153628 0.00781688
55 0.679629 0.453896 0.147895 0.490218 0.00491524
54 0.504762 0.508876 0.987929 0.936642 0.0048134
60 0.521294 0.167358 0.950378 0.253618 0.00470638
41 0.951325 0.0558903 0.0970095 0.11077 0.00458688
52 0.679629 0.453896 0.147895 0.490218 0.00412259
60 0.0252498 0.327537 0.0502821 0.322348 0.00325426
54 0.444011 0.504959 0.347012 0.41112 0.00308448
55 0.841808 0.529716 0.193025 0.241046 0.00269583
54 0.431536 0.491563 0.840214 0.70585 0.00269216
54 0.185598 0.362202 0.142981 0.0529718 0.00253654
55 0.186018 0.434239 0.186873 0.193741 0.00252867
60 0.586447 0.178194 0.825595 0.327427 0.00223014
60 0.440669 0.104992 0.861461 0.199544 0.00195625
55 0.831759 0.316617 0.191586 0.212501 0.00176415
55 0.153034 0.551492 0.191476 0.158839 0.00175884
55 0.631695 0.818361 0.26299 0.254736 0.00157994
55 0.849972 0.791461 0.206449 0.30231 0.00151718
43 0.0437715 0.056078 0.0865691 0.107043 0.00142574
55 0.178309 0.648663 0.234337 0.161938 0.00128958
54 0.287923 0.271971 0.0440629 0.076848 0.00126821
69 0.5026 0.509527 0.986701 0.940754 0.00117102
55 0.177394 0.793353 0.24578 0.254768 0.00116125
48 0.679629 0.453896 0.147895 0.490218 0.0011566
55 0.389445 0.406093 0.219701 0.216839 0.00110149
52 0.377818 0.238272 0.21686 0.304044 0.0010576
56 0.950956 0.0558195 0.0968349 0.110568 0.00100181
