79 0.214285 0.335505 0.254504 0.167947 0.835783
71 0.600049 0.84772 0.510124 0.288423 0.623651
79 0.412104 0.412625 0.269381 0.140696 0.518413
71 0.503844 0.586719 0.970475 0.803709 0.421511
71 0.204563 0.134289 0.407579 0.256963 0.11831
0 0.220202 0.706367 0.29524 0.573085 0.0445338
46 0.0533181 0.449008 0.104993 0.275508 0.0387021
0 0.0534787 0.449582 0.105315 0.277253 0.0312122
16 0.220348 0.706486 0.297058 0.573955 0.0216388
39 0.853327 0.359524 0.148118 0.480335 0.0166965
71 0.548211 0.127871 0.345395 0.251344 0.0139923
71 0.423474 0.496714 0.846948 0.984546 0.0139106
15 0.220348 0.706486 0.297058 0.573955 0.0124896
76 0.412139 0.412278 0.270761 0.139661 0.0121912
71 0.271489 0.451556 0.526255 0.258876 0.0108375
71 0.54861 0.21016 0.34212 0.410891 0.00950536
52 0.0537621 0.448944 0.104766 0.27485 0.00835124
79 0.261364 0.452146 0.499707 0.269344 0.00818393
71 0.384501 0.150611 0.767586 0.290817 0.00817823
14 0.0533931 0.450056 0.105495 0.2775 0.00752732
39 0.966078 0.253451 0.067845 0.501053 0.00740027
71 0.671403 0.827761 0.653322 0.32383 0.00568727
76 0.214243 0.334556 0.254457 0.171705 0.00559139
79 0.447274 0.408708 0.198419 0.124699 0.00517231
71 0.378636 0.223316 0.757272 0.441112 0.00504604
18 0.220467 0.70675 0.293867 0.576861 0.00349671
79 0.129496 0.377521 0.0877412 0.0825314 0.00336987
14 0.220467 0.70675 0.293867 0.576861 0.00335741
79 0.133325 0.362708 0.0984063 0.111823 0.00326654
44 0.214243 0.334556 0.254457 0.171705 0.00278166
48 0.0537621 0.448944 0.104766 0.27485 0.00267848
17 0.220341 0.70544 0.29427 0.576841 0.0026781
79 0.176752 0.408473 0.344971 0.325656 0.00266507
61 0.966049 0.257522 0.0679026 0.499453 0.00265315
39 0.214243 0.334556 0.254457 0.171705 0.00263339
15 0.0533931 0.450056 0.105495 0.2775 0.00262564
79 0.239094 0.303531 0.20683 0.109401 0.00244924
25 0.21259 0.334951 0.258887 0.170769 0.00240502
77 0.220244 0.706087 0.295497 0.575448 0.00238565
55 0.0536355 0.450203 0.104984 0.27539 0.00222868
77 0.0534828 0.450367 0.105525 0.27644 0.00213689
61 0.423474 0.496714 0.846948 0.984546 0.00209925
44 0.409501 0.411472 0.273147 0.140848 0.00208202
25 0.412786 0.41196 0.268495 0.134284 0.00206685
61 0.203312 0.134075 0.40653 0.255401 0.00205904
39 0.0533181 0.449008 0.104993 0.275508 0.00205088
65 0.214243 0.334556 0.254457 0.171705 0.00203985
73 0.213948 0.33543 0.25438 0.169878 0.002031
78 0.214243 0.334556 0.254457 0.171705 0.00201651
33 0.213948 0.33543 0.25438 0.169878 0.001917
27 0.211648 0.33405 0.252919 0.171979 0.00184804
25 0.0533931 0.450056 0.105495 0.2775 0.00180411
79 0.272247 0.481869 0.49543 0.131236 0.00179473
41 0.853617 0.358635 0.146442 0.478262 0.00167236
79 0.271036 0.508404 0.0593671 0.076334 0.0016295
0 0.970467 0.25277 0.0590651 0.500455 0.00156295
71 0.85286 0.358184 0.148494 0.478883 0.00150952
75 0.213948 0.33543 0.25438 0.169878 0.00148365
19 0.220467 0.70675 0.293867 0.576861 0.00143817
21 0.220467 0.70675 0.293867 0.576861 0.0013513
27 0.412139 0.412278 0.270761 0.139661 0.00127387
39 0.409501 0.411472 0.273147 0.140848 0.00125489
16 0.0533931 0.450056 0.105495 0.2775 0.00124958
79 0.341178 0.458298 0.130885 0.0648228 0.00124574
42 0.213948 0.33543 0.25438 0.169878 0.00122976
79 0.363877 0.450796 0.170176 0.0709017 0.00122213
79 0.362123 0.432232 0.15983 0.0778906 0.00119823
71 0.660752 0.242998 0.626705 0.465816 0.0011909
71 0.965215 0.261777 0.0695702 0.50734 0.00118819
71 0.305327 0.290394 0.610653 0.569661 0.00116405
71 0.600706 0.762797 0.651998 0.444425 0.00114354
41 0.214243 0.334556 0.254457 0.171705 0.00112614
23 0.220467 0.70675 0.293867 0.576861 0.00109896
51 0.0534828 0.450367 0.105525 0.27644 0.0010902
79 0.14134 0.394095 0.28268 0.1662 0.00108516
65 0.40874 0.411978 0.27604 0.143867 0.0010615
79 0.224807 0.370375 0.288797 0.118635 0.00104949
41 0.500196 0.307483 0.254291 0.213952 0.00103447
78 0.409501 0.411472 0.273147 0.140848 0.00100207
