33 0.696969 0.468673 0.0204988 0.0339645 0.67301
33 0.686259 0.206034 0.0245546 0.0351414 0.671216
0 0.393922 0.770412 0.0132729 0.0467619 0.618289
33 0.130252 0.806903 0.0660917 0.0350556 0.504567
0 0.371175 0.765375 0.0189028 0.0537042 0.367132
0 0.344563 0.771493 0.0153692 0.0488686 0.255702
0 0.34147 0.770611 0.0110083 0.0490171 0.244141
0 0.612446 0.772084 0.0135988 0.0300634 0.199114
33 0.443857 0.594473 0.0148673 0.0136588 0.193865
33 0.612738 0.663554 0.0271754 0.0277699 0.177733
0 0.180448 0.76632 0.0152582 0.0482526 0.174548
0 0.537879 0.756631 0.0118212 0.0361809 0.16269
0 0.630004 0.775777 0.0133203 0.0279584 0.15669
33 0.459743 0.494686 0.0162312 0.0151699 0.145791
0 0.639935 0.775662 0.0171262 0.0289777 0.139811
0 0.433774 0.776573 0.0114609 0.0284689 0.132809
0 0.190668 0.757822 0.0113697 0.0379777 0.132799
0 0.349567 0.767089 0.0143906 0.0502348 0.130574
0 0.881084 0.757518 0.0114422 0.0300202 0.115298
0 0.352604 0.761134 0.0149796 0.0591262 0.104332
0 0.129932 0.765325 0.015197 0.0222877 0.103413
0 0.478174 0.761163 0.0111155 0.0416986 0.103164
33 0.469841 0.495635 0.0360171 0.0190184 0.0942183
0 0.188221 0.767705 0.0114816 0.04842 0.0935967
0 0.614595 0.77303 0.0135862 0.0291149 0.0905124
0 0.881545 0.771839 0.0144085 0.0589095 0.0901633
0 0.379089 0.768784 0.0105678 0.0452579 0.0882848
0 0.218125 0.758546 0.0138089 0.0243265 0.0867977
0 0.579059 0.765252 0.0188998 0.0440155 0.0818088
0 0.853524 0.758105 0.0148376 0.036009 0.080947
0 0.883752 0.791381 0.0136658 0.0248541 0.0782096
0 0.191432 0.764972 0.0143705 0.0505144 0.0725606
0 0.086556 0.781251 0.0195735 0.0356244 0.0721082
0 0.378259 0.767797 0.0156113 0.0477101 0.0707706
0 0.206101 0.761854 0.00833521 0.0322468 0.0696648
0 0.579836 0.771987 0.0195522 0.0340399 0.0683198
0 0.53261 0.75741 0.0139608 0.035535 0.0663894
0 0.845516 0.778858 0.0187088 0.0427891 0.0625307
2 0.0157668 0.769116 0.0263606 0.0116961 0.062364
0 0.920048 0.762932 0.00986176 0.0223563 0.059912
0 0.415654 0.775383 0.0124769 0.0371403 0.059427
0 0.846443 0.757278 0.0162651 0.0373632 0.0582579
0 0.854965 0.771515 0.0208908 0.0563777 0.0568903
0 0.818672 0.755336 0.0108643 0.0415832 0.0568336
0 0.0799365 0.729591 0.0142838 0.0288882 0.0544742
0 0.172915 0.765083 0.0184888 0.0459033 0.0534445
0 0.633722 0.777922 0.0206818 0.0286638 0.0528568
2 0.0870526 0.780847 0.0207991 0.0367939 0.0526789
0 0.328452 0.759617 0.00889874 0.0348361 0.052064
0 0.580887 0.776732 0.0179844 0.0269051 0.0443518
0 0.460953 0.775783 0.0146311 0.0201929 0.0440902
0 0.847852 0.784995 0.0240217 0.0355684 0.0417184
0 0.368178 0.760409 0.0157593 0.0560354 0.0410376
0 0.168079 0.774854 0.0133675 0.0263228 0.0385258
0 0.87147 0.770852 0.0132454 0.0266128 0.0373342
0 0.53992 0.764507 0.0149343 0.0431885 0.0355414
0 0.381248 0.769165 0.0104391 0.0491079 0.0353561
0 0.329677 0.76233 0.00829573 0.0364426 0.0329185
2 0.706954 0.773155 0.0215176 0.0115071 0.0303292
0 0.217342 0.763098 0.023011 0.0327069 0.0283654
33 0.130319 0.79453 0.0678401 0.0585212 0.0272609
33 0.612704 0.657379 0.0280953 0.0407634 0.027034
0 0.527374 0.762094 0.0148027 0.0384827 0.0257663
0 0.418733 0.770793 0.0172905 0.0287319 0.0257089
0 0.818046 0.762136 0.0118309 0.0427968 0.0239538
0 0.353427 0.748965 0.0163651 0.0406471 0.0238234
0 0.875265 0.764052 0.0207771 0.0377049 0.0237838
0 0.645003 0.72234 0.011545 0.0257749 0.022861
0 0.21127 0.771144 0.0113041 0.0332382 0.0227842
0 0.192157 0.781454 0.0121015 0.0194547 0.0225291
33 0.865107 0.789892 0.0560513 0.0292482 0.0212831
33 0.864091 0.783334 0.0543823 0.0426368 0.0212609
2 0.940239 0.762724 0.0523705 0.0246652 0.0210647
2 0.457329 0.775015 0.0218768 0.0223004 0.0207168
2 0.731316 0.773614 0.0161376 0.0169557 0.0202265
0 0.523872 0.759134 0.014996 0.0366992 0.0199504
0 0.46417 0.774156 0.0148077 0.0230286 0.019352
0 0.864106 0.789286 0.0544357 0.0284087 0.0191164
2 0.941262 0.767747 0.0265221 0.0130839 0.0182635
0 0.457329 0.775015 0.0218768 0.0223004 0.0177502
0 0.61028 0.768392 0.0161714 0.0365971 0.0175671
24 0.086556 0.781251 0.0195735 0.0356244 0.0168295
0 0.199034 0.76367 0.0116955 0.0373057 0.0165204
1 0.192157 0.781454 0.0121015 0.0194547 0.0164955
0 0.576779 0.769458 0.0196516 0.0368704 0.016378
0 0.301017 0.762884 0.0107286 0.0226773 0.0151754
0 0.156568 0.730785 0.00677917 0.0258475 0.0149463
33 0.0871381 0.781027 0.0206681 0.0380819 0.014873
0 0.5541 0.723231 0.00995779 0.0287738 0.0147965
33 0.283718 0.576965 0.0145223 0.0198863 0.0146061
33 0.666384 0.831449 0.0155703 0.013922 0.0145996
0 0.523952 0.767981 0.0164206 0.0281723 0.0137312
0 0.928396 0.761925 0.0269962 0.0232438 0.0136046
0 0.2125 0.755926 0.0103934 0.0319894 0.0133603
0 0.442791 0.77445 0.0119848 0.023085 0.0133277
0 0.1306 0.807146 0.0667472 0.0337858 0.0129458
3 0.086556 0.781251 0.0195735 0.0356244 0.0127558
33 0.649704 0.831276 0.0502754 0.015281 0.0122935
0 0.3228 0.759299 0.0154955 0.0292883 0.0120041
1 0.180742 0.767781 0.0145374 0.0469576 0.0114087
0 0.320762 0.763199 0.0105795 0.0278514 0.0112461
0 0.172529 0.777411 0.0229688 0.0278399 0.0110851
3 0.580887 0.776732 0.0179844 0.0269051 0.0110739
0 0.745047 0.740378 0.009622 0.0259428 0.0109085
0 0.705629 0.719507 0.0147574 0.0263578 0.0105941
0 0.227383 0.770057 0.0138305 0.0200232 0.0105589
1 0.864106 0.789286 0.0544357 0.0284087 0.0102468
3 0.864091 0.783334 0.0543823 0.0426368 0.0101704
1 0.580887 0.776732 0.0179844 0.0269051 0.00991479
2 0.460953 0.775783 0.0146311 0.0201929 0.00977486
3 0.130376 0.807921 0.0659397 0.032159 0.00968531
2 0.445721 0.734446 0.012414 0.0161924 0.00937933
56 0.0871381 0.781027 0.0206681 0.0380819 0.0091961
0 0.831982 0.756157 0.00974369 0.0225144 0.00891256
0 0.225185 0.762536 0.0179673 0.0311667 0.00885427
0 0.369557 0.740307 0.0139236 0.0220856 0.00879523
3 0.579836 0.771987 0.0195522 0.0340399 0.00844032
33 0.167418 0.77138 0.0156415 0.0360241 0.00823009
33 0.704552 0.468075 0.0348383 0.0359626 0.00812966
2 0.774849 0.77263 0.0547615 0.0131588 0.00796777
8 0.129588 0.807876 0.0650977 0.0343791 0.00783575
1 0.130376 0.807921 0.0659397 0.032159 0.00771677
0 0.431875 0.765512 0.010612 0.0352465 0.00769818
33 0.443782 0.591847 0.0146235 0.0168692 0.00768194
2 0.0368103 0.767463 0.0173355 0.0111843 0.00765657
8 0.0157668 0.769116 0.0263606 0.0116961 0.00745949
2 0.928396 0.761925 0.0269962 0.0232438 0.00736958
33 0.450787 0.6024 0.0207542 0.0197737 0.00733608
33 0.445721 0.734446 0.012414 0.0161924 0.00722483
0 0.354469 0.765617 0.0189448 0.0576089 0.00718167
7 0.087289 0.780691 0.0195323 0.0364078 0.00709146
0 0.167418 0.77138 0.0156415 0.0360241 0.00702557
1 0.21127 0.771144 0.0113041 0.0332382 0.0070042
2 0.0165885 0.769757 0.0318149 0.0144174 0.00699222
33 0.692034 0.46879 0.0298546 0.0350135 0.00696626
0 0.351166 0.761935 0.0227168 0.0653411 0.00687537
1 0.457329 0.775015 0.0218768 0.0223004 0.00666344
1 0.168079 0.774854 0.0133675 0.0263228 0.00659943
2 0.950533 0.765857 0.0718882 0.0219394 0.00626284
0 0.863325 0.784915 0.0544418 0.0403719 0.00607842
0 0.123399 0.769197 0.0282949 0.0156281 0.00591046
24 0.130376 0.807921 0.0659397 0.032159 0.00582805
1 0.227383 0.770057 0.0138305 0.0200232 0.00570995
1 0.217342 0.763098 0.023011 0.0327069 0.00563627
1 0.864091 0.783334 0.0543823 0.0426368 0.00562158
0 0.615854 0.776251 0.0126131 0.0318281 0.0055944
0 0.450331 0.771481 0.0202412 0.0354834 0.00550148
33 0.457675 0.648263 0.00984764 0.088271 0.00545159
33 0.283918 0.572606 0.0146513 0.0230813 0.0053266
1 0.847852 0.784995 0.0240217 0.0355684 0.00531483
1 0.205862 0.76699 0.00898776 0.0425205 0.00514007
0 0.606647 0.721434 0.0137365 0.0230706 0.00512439
3 0.87147 0.770852 0.0132454 0.0266128 0.00501606
25 0.129588 0.807876 0.0650977 0.0343791 0.00499934
3 0.864106 0.789286 0.0544357 0.0284087 0.00499171
0 0.20179 0.779376 0.0153335 0.0237966 0.00497466
3 0.457329 0.775015 0.0218768 0.0223004 0.0049732
33 0.470579 0.499286 0.0381271 0.0258033 0.004899
2 0.787823 0.773394 0.0271667 0.0132426 0.00489154
33 0.731316 0.773614 0.0161376 0.0169557 0.00481686
33 0.847852 0.784995 0.0240217 0.0355684 0.00473058
7 0.888314 0.717954 0.0532808 0.0423286 0.00466761
2 0.704019 0.773183 0.0333954 0.0117515 0.00465089
0 0.745046 0.743187 0.0112906 0.0333379 0.00463089
0 0.578916 0.763328 0.0237797 0.051892 0.00455743
56 0.192157 0.781454 0.0121015 0.0194547 0.00451663
1 0.460953 0.775783 0.0146311 0.0201929 0.00433826
1 0.20179 0.779376 0.0153335 0.0237966 0.00429231
0 0.818417 0.748574 0.0119877 0.0383672 0.00428858
7 0.445721 0.734446 0.012414 0.0161924 0.00426969
9 0.445721 0.734446 0.012414 0.0161924 0.00422341
1 0.46417 0.774156 0.0148077 0.0230286 0.00422284
0 0.400358 0.770904 0.0204571 0.0431718 0.00418827
33 0.618207 0.66342 0.0386911 0.0303188 0.00418475
4 0.459743 0.494686 0.0162312 0.0151699 0.00413418
25 0.445721 0.734446 0.012414 0.0161924 0.00404683
56 0.87147 0.770852 0.0132454 0.0266128 0.0040167
14 0.459743 0.494686 0.0162312 0.0151699 0.00388202
3 0.192157 0.781454 0.0121015 0.0194547 0.00384182
3 0.205862 0.76699 0.00898776 0.0425205 0.00384048
3 0.180742 0.767781 0.0145374 0.0469576 0.00378567
2 0.865107 0.789892 0.0560513 0.0292482 0.00373137
3 0.853524 0.758105 0.0148376 0.036009 0.00370452
33 0.862803 0.769716 0.0533623 0.0562128 0.00366533
0 0.731316 0.773614 0.0161376 0.0169557 0.00366229
0 0.303744 0.758507 0.0123329 0.0239007 0.00365445
2 0.759822 0.772355 0.0818796 0.0158369 0.0036296
1 0.87147 0.770852 0.0132454 0.0266128 0.00362101
1 0.086556 0.781251 0.0195735 0.0356244 0.00355798
3 0.854965 0.771515 0.0208908 0.0563777 0.00354791
19 0.130154 0.807254 0.0659838 0.0349344 0.00352323
33 0.787823 0.773394 0.0271667 0.0132426 0.00351557
3 0.217342 0.763098 0.023011 0.0327069 0.00345641
5 0.888314 0.717954 0.0532808 0.0423286 0.00342083
0 0.420929 0.765501 0.0215063 0.0313621 0.00341675
8 0.94216 0.760818 0.0568607 0.025444 0.00339332
5 0.914247 0.718591 0.110219 0.0482854 0.00338915
3 0.21127 0.771144 0.0113041 0.0332382 0.00338382
2 0.418733 0.770793 0.0172905 0.0287319 0.00334996
3 0.168079 0.774854 0.0133675 0.0263228 0.00333714
2 0.716665 0.773899 0.0470124 0.0167804 0.00330865
2 0.0623355 0.729669 0.0549093 0.0302275 0.00329933
2 0.0981781 0.774727 0.0415756 0.0231591 0.00328699
0 0.472696 0.757479 0.0208072 0.0327548 0.00326312
56 0.865107 0.789892 0.0560513 0.0292482 0.00319853
1 0.188221 0.767705 0.0114816 0.04842 0.00316778
3 0.638797 0.778355 0.0204773 0.0295072 0.00314978
56 0.180742 0.767781 0.0145374 0.0469576 0.00311986
33 0.883752 0.791381 0.0136658 0.0248541 0.00308704
56 0.460953 0.775783 0.0146311 0.0201929 0.00308564
1 0.579836 0.771987 0.0195522 0.0340399 0.00302434
2 0.168079 0.774854 0.0133675 0.0263228 0.00301212
2 0.304756 0.767147 0.0160939 0.0152462 0.00300506
1 0.0799365 0.729591 0.0142838 0.0288882 0.00299448
2 0.3228 0.759299 0.0154955 0.0292883 0.00299007
0 0.817949 0.774931 0.0150383 0.0235416 0.00291738
0 0.81844 0.752619 0.017067 0.0392191 0.00291407
33 0.465456 0.49894 0.0302979 0.0243186 0.00291279
1 0.172529 0.777411 0.0229688 0.0278399 0.00290313
3 0.847852 0.784995 0.0240217 0.0355684 0.00289601
8 0.941262 0.767747 0.0265221 0.0130839 0.00289372
33 0.609678 0.699142 0.0188532 0.0109227 0.00288329
24 0.580887 0.776732 0.0179844 0.0269051 0.00284883
56 0.191432 0.764972 0.0143705 0.0505144 0.00280967
7 0.0157668 0.769116 0.0263606 0.0116961 0.00277048
2 0.453724 0.734412 0.0283648 0.0197239 0.00273526
33 0.620024 0.669384 0.0415928 0.0327676 0.00272557
7 0.0709024 0.730144 0.0758117 0.0346343 0.00271219
2 0.46417 0.774156 0.0148077 0.0230286 0.00268146
1 0.633722 0.777922 0.0206818 0.0286638 0.00267175
0 0.544797 0.777397 0.013273 0.0374291 0.00266671
56 0.130773 0.804052 0.0682093 0.0391444 0.00266585
3 0.579059 0.765252 0.0188998 0.0440155 0.00265652
56 0.205862 0.76699 0.00898776 0.0425205 0.0026463
0 0.482284 0.766697 0.0169254 0.0371941 0.00264177
3 0.227383 0.770057 0.0138305 0.0200232 0.00263956
33 0.418733 0.770793 0.0172905 0.0287319 0.00261787
0 0.269614 0.737969 0.0101069 0.0211866 0.00261083
3 0.633722 0.777922 0.0206818 0.0286638 0.00259683
3 0.845516 0.778858 0.0187088 0.0427891 0.00259408
5 0.0709024 0.730144 0.0758117 0.0346343 0.00258023
8 0.865107 0.789892 0.0560513 0.0292482 0.00257143
56 0.168079 0.774854 0.0133675 0.0263228 0.002561
2 0.552379 0.772198 0.0219084 0.0168865 0.00254825
2 0.227383 0.770057 0.0138305 0.0200232 0.00252968
33 0.637643 0.775725 0.01989 0.0303355 0.00250927
1 0.637643 0.775725 0.01989 0.0303355 0.00247175
26 0.087289 0.780691 0.0195323 0.0364078 0.00246003
1 0.883752 0.791381 0.0136658 0.0248541 0.00245661
3 0.881084 0.757518 0.0114422 0.0300202 0.00242305
1 0.191432 0.764972 0.0143705 0.0505144 0.00242263
2 0.442791 0.77445 0.0119848 0.023085 0.00239515
3 0.218125 0.758546 0.0138089 0.0243265 0.00239304
13 0.304756 0.767147 0.0160939 0.0152462 0.00237337
2 0.123399 0.769197 0.0282949 0.0156281 0.0023548
0 0.604295 0.770246 0.0235918 0.0331884 0.00234875
0 0.644041 0.770639 0.0196571 0.0310886 0.00233161
0 0.168207 0.736757 0.0117636 0.0199459 0.00230715
0 0.850417 0.75366 0.0231823 0.0479785 0.00227517
0 0.449255 0.777816 0.0373114 0.0276615 0.00226894
14 0.686259 0.206034 0.0245546 0.0351414 0.00226408
56 0.580887 0.776732 0.0179844 0.0269051 0.00221863
33 0.457329 0.775015 0.0218768 0.0223004 0.00221509
2 0.707315 0.775773 0.0247334 0.0150065 0.0022144
3 0.188221 0.767705 0.0114816 0.04842 0.00218785
0 0.408645 0.772467 0.0234596 0.0410981 0.0021784
3 0.630004 0.775777 0.0133203 0.0279584 0.00212824
0 0.610867 0.77476 0.017309 0.0320928 0.00210282
28 0.087289 0.780691 0.0195323 0.0364078 0.00209662
3 0.875265 0.764052 0.0207771 0.0377049 0.00208983
0 0.885474 0.787967 0.0238617 0.0297793 0.00208095
56 0.21127 0.771144 0.0113041 0.0332382 0.00206208
8 0.445721 0.734446 0.012414 0.0161924 0.00205362
8 0.950533 0.765857 0.0718882 0.0219394 0.00205129
33 0.460953 0.775783 0.0146311 0.0201929 0.00204992
33 0.606647 0.721434 0.0137365 0.0230706 0.00204039
1 0.845516 0.778858 0.0187088 0.0427891 0.0020192
33 0.433858 0.780713 0.0111151 0.0248211 0.00199443
7 0.457329 0.775015 0.0218768 0.0223004 0.00198552
56 0.883752 0.791381 0.0136658 0.0248541 0.0019809
8 0.864091 0.783334 0.0543823 0.0426368 0.00196478
7 0.914247 0.718591 0.110219 0.0482854 0.00195193
1 0.433858 0.780713 0.0111151 0.0248211 0.00193423
0 0.681749 0.738868 0.00960503 0.0228073 0.00193286
33 0.865421 0.79901 0.0586346 0.0355333 0.00192744
2 0.0799365 0.729591 0.0142838 0.0288882 0.001926
5 0.061768 0.728925 0.0536736 0.0306533 0.00190726
7 0.940239 0.762724 0.0523705 0.0246652 0.00189865
33 0.369557 0.740307 0.0139236 0.0220856 0.00189316
33 0.950879 0.76393 0.0760405 0.0261373 0.00187081
56 0.46417 0.774156 0.0148077 0.0230286 0.00186732
14 0.696984 0.468553 0.0206647 0.0348443 0.00186202
0 0.445721 0.734446 0.012414 0.0161924 0.00185773
2 0.579836 0.771987 0.0195522 0.0340399 0.00185668
7 0.061768 0.728925 0.0536736 0.0306533 0.00185251
2 0.620879 0.72219 0.0432621 0.0266031 0.00184619
33 0.677343 0.206945 0.0431947 0.0394664 0.00180978
13 0.94216 0.760818 0.0568607 0.025444 0.00177428
0 0.941262 0.767747 0.0265221 0.0130839 0.00176284
2 0.457244 0.714712 0.0323068 0.0162768 0.00175229
