33 0.697292 0.468957 0.0209127 0.0337619 0.669783
33 0.688204 0.207485 0.0194982 0.0332611 0.61864
33 0.130684 0.810717 0.0668831 0.0384194 0.570498
33 0.612265 0.661732 0.0238081 0.0264798 0.47451
0 0.393242 0.769878 0.0147408 0.0468033 0.349405
0 0.883725 0.786164 0.0149323 0.0392736 0.334775
0 0.34464 0.768263 0.0167459 0.0587837 0.332755
0 0.847147 0.777546 0.0221992 0.0650869 0.307192
0 0.882356 0.776201 0.0165909 0.0593407 0.301666
33 0.447996 0.59655 0.0207409 0.0217271 0.295756
0 0.631347 0.775195 0.0122537 0.033093 0.274404
0 0.612811 0.777311 0.0088068 0.0262078 0.267986
33 0.461417 0.493643 0.0156525 0.0143816 0.263157
0 0.370375 0.763647 0.0184247 0.0560204 0.221793
0 0.637457 0.776465 0.0167336 0.0346463 0.215206
0 0.88187 0.771822 0.0108768 0.0540834 0.18234
0 0.391175 0.770642 0.0135774 0.0433176 0.17448
0 0.0866404 0.780239 0.0184337 0.0367754 0.169316
0 0.436192 0.776363 0.0116493 0.0225241 0.169241
0 0.6082 0.774962 0.00886631 0.0242081 0.159368
0 0.639562 0.774977 0.0133614 0.0320577 0.157029
0 0.61652 0.776039 0.00948963 0.0256584 0.137627
33 0.445944 0.593958 0.0174191 0.023101 0.137476
0 0.180514 0.76327 0.0137818 0.0441498 0.133765
0 0.167306 0.772389 0.0139061 0.0287146 0.131086
0 0.187277 0.767396 0.0103004 0.0417087 0.130504
0 0.221987 0.762422 0.017049 0.0326475 0.125356
33 0.46303 0.493991 0.0198099 0.0162476 0.114872
0 0.20829 0.767687 0.0090796 0.0342477 0.108856
0 0.640899 0.778914 0.0140373 0.0303407 0.108228
0 0.190298 0.760051 0.0105339 0.0439934 0.102194
0 0.131868 0.768019 0.0144347 0.0189728 0.0969801
0 0.851959 0.770801 0.0195568 0.063646 0.0909266
0 0.580281 0.774696 0.021487 0.0284629 0.088005
0 0.533742 0.758349 0.0141879 0.0343551 0.0841319
0 0.366779 0.764483 0.0154328 0.0530726 0.0829707
0 0.351745 0.76041 0.014267 0.0483254 0.0761329
0 0.53577 0.759988 0.0150026 0.0342466 0.0724565
0 0.477576 0.756686 0.0111492 0.0307052 0.063513
0 0.370204 0.750607 0.015857 0.0404864 0.0633664
0 0.538008 0.758988 0.0120183 0.0374896 0.0628351
2 0.937156 0.769557 0.0318417 0.0148515 0.0618136
0 0.921183 0.765788 0.0086525 0.0188333 0.0591068
0 0.418034 0.772009 0.0128687 0.0300108 0.0561876
33 0.469033 0.495262 0.0335988 0.0203575 0.0490566
0 0.413651 0.772499 0.0106996 0.0323232 0.0487147
0 0.212044 0.767085 0.0128922 0.0349396 0.0467639
0 0.374352 0.767101 0.0175916 0.0490517 0.0458249
0 0.305783 0.769689 0.0108006 0.0190783 0.0447033
0 0.868232 0.781567 0.0183773 0.0460214 0.0409836
0 0.46679 0.772782 0.0139803 0.0286968 0.0400217
0 0.600014 0.766536 0.0409403 0.0320209 0.039559
0 0.461983 0.773888 0.0137733 0.0252942 0.0394151
0 0.435021 0.774127 0.0118588 0.0263521 0.0390592
0 0.441537 0.775423 0.0137907 0.0219106 0.0388284
33 0.612318 0.65673 0.0252975 0.0359322 0.0386318
0 0.869211 0.777946 0.013563 0.0506201 0.0376992
2 0.456574 0.775314 0.0148729 0.0209525 0.0372387
0 0.226317 0.766651 0.014528 0.0242241 0.0372057
0 0.225297 0.763058 0.017452 0.0316269 0.0362318
0 0.377296 0.769327 0.0122998 0.0450947 0.0361428
0 0.577152 0.768645 0.0202883 0.0378794 0.0352584
0 0.194335 0.768546 0.0134572 0.0423444 0.0344476
0 0.47714 0.765092 0.0118734 0.042934 0.0341454
0 0.619596 0.778167 0.00947418 0.0275733 0.0337166
0 0.353579 0.76543 0.0143084 0.0567553 0.0327621
2 0.933808 0.766724 0.0361059 0.0185848 0.0298443
0 0.356765 0.744543 0.0134741 0.0300829 0.0296972
0 0.171731 0.766994 0.018817 0.0387241 0.0292024
0 0.353444 0.761961 0.0324555 0.0388449 0.0289296
2 0.732052 0.772841 0.0128382 0.0163959 0.0281874
0 0.163171 0.772978 0.00799067 0.029606 0.0262919
0 0.327604 0.757593 0.0117106 0.0321476 0.0261942
33 0.448724 0.596006 0.0235768 0.0283481 0.0260713
0 0.522693 0.769689 0.0134382 0.0172105 0.0257009
0 0.85451 0.771253 0.0365093 0.0572915 0.0237998
33 0.703916 0.470087 0.0343004 0.0365216 0.0234995
2 0.122422 0.768912 0.0286734 0.0194577 0.0234044
2 0.441537 0.775423 0.0137907 0.0219106 0.0233415
0 0.538071 0.763938 0.0138947 0.0252278 0.0228699
0 0.433765 0.78056 0.0103299 0.0232932 0.0227906
2 0.131868 0.768019 0.0144347 0.0189728 0.0219192
33 0.617031 0.661044 0.0349781 0.0289662 0.0212007
0 0.887592 0.78539 0.0146603 0.0397125 0.0206482
0 0.0811789 0.728149 0.0149903 0.0282179 0.0205597
14 0.687853 0.208163 0.0200556 0.0332228 0.0198263
0 0.419229 0.775545 0.0147815 0.0391395 0.0196997
0 0.456574 0.775314 0.0148729 0.0209525 0.0195468
0 0.853496 0.775145 0.0258659 0.0649868 0.0194569
0 0.182314 0.769329 0.0116521 0.043142 0.0180542
2 0.0867544 0.780495 0.0192421 0.0377982 0.0176793
0 0.20232 0.779226 0.0134282 0.023587 0.0175608
33 0.692424 0.46896 0.0316959 0.0374717 0.0175512
0 0.524707 0.758792 0.0167097 0.0353391 0.0172239
0 0.732052 0.772841 0.0128382 0.0163959 0.01695
2 0.0186738 0.77014 0.03428 0.0169708 0.0158111
0 0.34844 0.767059 0.0228153 0.0565947 0.015736
2 0.305783 0.769689 0.0108006 0.0190783 0.0155645
25 0.130636 0.812215 0.0669403 0.0373096 0.0153089
0 0.450889 0.765462 0.0330303 0.0324687 0.0146829
33 0.706259 0.449865 0.0409621 0.0708882 0.0144231
2 0.226317 0.766651 0.014528 0.0242241 0.014165
0 0.348191 0.759185 0.0154505 0.05473 0.0133157
2 0.0239534 0.768471 0.0384805 0.0154289 0.0131832
2 0.946513 0.770809 0.0451427 0.0159663 0.0131505
0 0.130848 0.81104 0.0671815 0.0372631 0.0129222
0 0.870989 0.774577 0.0195675 0.0558848 0.0125868
0 0.580287 0.779739 0.0200184 0.0241197 0.0119582
2 0.418034 0.772009 0.0128687 0.0300108 0.0119264
33 0.462591 0.49209 0.0175087 0.024636 0.0108743
0 0.304989 0.762285 0.0121019 0.0287373 0.01066
2 0.921183 0.765788 0.0086525 0.0188333 0.0103696
0 0.195971 0.780051 0.0107115 0.0217961 0.00983027
4 0.687853 0.208163 0.0200556 0.0332228 0.00970092
0 0.578363 0.774056 0.0224816 0.0375805 0.00904453
0 0.128537 0.765046 0.0246389 0.0285374 0.00862515
33 0.450889 0.765462 0.0330303 0.0324687 0.00860515
33 0.61027 0.700653 0.0220528 0.0150205 0.00859234
0 0.320222 0.765579 0.0171369 0.023532 0.00824583
0 0.706237 0.721519 0.0124887 0.0266313 0.00791067
2 0.490521 0.772807 0.0187142 0.0190802 0.00783759
14 0.461417 0.493643 0.0156525 0.0143816 0.0078125
33 0.449753 0.608041 0.0247444 0.0462994 0.00759771
2 0.580211 0.772856 0.0190304 0.0307449 0.00758386
13 0.933808 0.766724 0.0361059 0.0185848 0.00735998
0 0.122422 0.768912 0.0286734 0.0194577 0.00735146
2 0.461983 0.773888 0.0137733 0.0252942 0.00732073
0 0.644342 0.720568 0.0121572 0.0240921 0.00730029
2 0.300466 0.769906 0.0230847 0.0167656 0.00725937
2 0.522693 0.769689 0.0134382 0.0172105 0.00711066
2 0.132805 0.767993 0.0360892 0.0208717 0.00691089
0 0.41906 0.769321 0.0159685 0.0371959 0.00688329
2 0.456656 0.762545 0.0540833 0.037086 0.00665203
0 0.33045 0.76127 0.0128142 0.0345488 0.0066171
0 0.322433 0.760639 0.0163787 0.0300738 0.00661412
33 0.200072 0.766204 0.0328552 0.0370355 0.00660592
0 0.300466 0.769906 0.0230847 0.0167656 0.00589722
33 0.0857369 0.779516 0.0187564 0.0399817 0.0058957
0 0.408634 0.775597 0.0139783 0.0346179 0.00584969
8 0.130636 0.812215 0.0669403 0.0373096 0.00580806
2 0.283842 0.766613 0.0176544 0.0178012 0.00580323
0 0.294215 0.758595 0.00921221 0.0245534 0.00578737
0 0.607756 0.777539 0.0123078 0.0259867 0.00572902
2 0.766067 0.773197 0.0321341 0.0133291 0.00538671
33 0.61386 0.700297 0.0279898 0.0217767 0.00537685
2 0.322433 0.760639 0.0163787 0.0300738 0.0052211
13 0.490521 0.772807 0.0187142 0.0190802 0.0051018
33 0.464778 0.498365 0.0238005 0.0256577 0.00503239
0 0.469071 0.7628 0.0253654 0.0406277 0.00480503
2 0.130848 0.81104 0.0671815 0.0372631 0.00477493
2 0.320222 0.765579 0.0171369 0.023532 0.00474378
33 0.62511 0.659989 0.0521431 0.0303174 0.00459588
2 0.722766 0.773429 0.0345777 0.0169544 0.00458059
56 0.456574 0.775314 0.0148729 0.0209525 0.00450397
2 0.524707 0.758792 0.0167097 0.0353391 0.00437683
7 0.456656 0.762545 0.0540833 0.037086 0.00429344
2 0.70713 0.773971 0.0189521 0.0140061 0.00413829
13 0.267285 0.767433 0.0322976 0.0193731 0.00408617
2 0.491507 0.7569 0.0188782 0.022433 0.00388575
33 0.668483 0.465767 0.0819126 0.0462575 0.00388458
0 0.0855897 0.761447 0.0189776 0.0597486 0.00388214
2 0.964373 0.768989 0.0284138 0.0138046 0.00385869
33 0.454456 0.599486 0.0342004 0.0288594 0.00384194
9 0.706237 0.721519 0.0124887 0.0266313 0.00382578
33 0.353444 0.761961 0.0324555 0.0388449 0.00361213
13 0.456574 0.775314 0.0148729 0.0209525 0.00354597
56 0.461983 0.773888 0.0137733 0.0252942 0.00351509
0 0.200072 0.766204 0.0328552 0.0370355 0.00349897
33 0.85451 0.771253 0.0365093 0.0572915 0.00349104
2 0.101043 0.774908 0.0301459 0.0266592 0.00334692
56 0.436192 0.776363 0.0116493 0.0225241 0.00334212
13 0.283842 0.766613 0.0176544 0.0178012 0.00329679
13 0.937156 0.769557 0.0318417 0.0148515 0.00326833
33 0.454601 0.670881 0.0404134 0.175424 0.00323597
0 0.628785 0.767433 0.0586485 0.0348906 0.00319865
2 0.538071 0.763938 0.0138947 0.0252278 0.00318116
13 0.300466 0.769906 0.0230847 0.0167656 0.00317091
0 0.440652 0.778006 0.0217467 0.0255797 0.00316435
2 0.553258 0.772025 0.0278786 0.0185677 0.00316319
2 0.436192 0.776363 0.0116493 0.0225241 0.00311914
2 0.505706 0.770087 0.0476017 0.0179778 0.00308904
2 0.167306 0.772389 0.0139061 0.0287146 0.0030278
25 0.612265 0.661732 0.0238081 0.0264798 0.00302228
2 0.469071 0.7628 0.0253654 0.0406277 0.00298992
2 0.775672 0.772762 0.051808 0.0138471 0.00294372
2 0.164174 0.770669 0.0195346 0.0258517 0.00292823
56 0.441537 0.775423 0.0137907 0.0219106 0.00289652
56 0.344356 0.768409 0.0174486 0.0585858 0.00287697
0 0.398357 0.764915 0.0260174 0.0378983 0.00285789
7 0.456574 0.775314 0.0148729 0.0209525 0.00285143
0 0.921723 0.762256 0.0156626 0.0272814 0.0028221
33 0.450029 0.642032 0.0235704 0.119477 0.00280848
33 0.685319 0.468395 0.0455603 0.037887 0.00271621
33 0.468251 0.498784 0.0319084 0.0285267 0.00270244
56 0.418034 0.772009 0.0128687 0.0300108 0.00266117
2 0.267285 0.767433 0.0322976 0.0193731 0.00265646
0 0.818499 0.769474 0.011941 0.0253091 0.00262886
33 0.721943 0.449255 0.0733282 0.0729523 0.00262138
2 0.741527 0.772406 0.0316645 0.0169659 0.00257447
33 0.606577 0.718476 0.017124 0.0286383 0.00256786
33 0.69574 0.461126 0.0245918 0.0528564 0.00255415
13 0.946513 0.770809 0.0451427 0.0159663 0.00254747
24 0.131844 0.809478 0.0699436 0.0337397 0.00250396
56 0.226317 0.766651 0.014528 0.0242241 0.00248697
2 0.932353 0.761621 0.0577597 0.0281406 0.00246677
2 0.507258 0.755187 0.0574276 0.0296639 0.0024389
56 0.393188 0.770273 0.0141923 0.0470524 0.00237587
37 0.13048 0.812515 0.0669134 0.0373561 0.00234407
0 0.594319 0.775059 0.0266447 0.0236043 0.00230029
2 0.921723 0.762256 0.0156626 0.0272814 0.00229028
13 0.936847 0.762009 0.0492685 0.0295258 0.00228092
56 0.580211 0.772856 0.0190304 0.0307449 0.00224626
13 0.320222 0.765579 0.0171369 0.023532 0.0022361
0 0.440807 0.76746 0.0276459 0.0383033 0.00223181
29 0.13048 0.812515 0.0669134 0.0373561 0.00222304
5 0.456656 0.762545 0.0540833 0.037086 0.00221181
0 0.39629 0.769353 0.0276239 0.0458502 0.00218797
14 0.46303 0.493991 0.0198099 0.0162476 0.00218681
0 0.815383 0.776608 0.012237 0.0207366 0.00218421
13 0.258686 0.767352 0.0387274 0.0183227 0.00217578
0 0.285254 0.76026 0.0160685 0.0229412 0.00217324
56 0.371107 0.764845 0.0197927 0.0550921 0.00216419
2 0.46679 0.772782 0.0139803 0.0286968 0.00215173
13 0.226317 0.766651 0.014528 0.0242241 0.00215146
8 0.937156 0.769557 0.0318417 0.0148515 0.0021348
0 0.321531 0.761133 0.070598 0.0373769 0.00211856
2 0.0350382 0.768163 0.0566926 0.0135803 0.00211808
0 0.164174 0.770669 0.0195346 0.0258517 0.00210923
33 0.599716 0.716904 0.0255398 0.0297635 0.0020839
0 0.408546 0.775744 0.0191326 0.0383747 0.00204417
56 0.46679 0.772782 0.0139803 0.0286968 0.0020307
7 0.441537 0.775423 0.0137907 0.0219106 0.00202876
0 0.667232 0.829841 0.0137833 0.0126333 0.00202739
2 0.225297 0.763058 0.017452 0.0316269 0.00199988
5 0.060626 0.728435 0.0495054 0.0271569 0.00199315
2 0.391175 0.770642 0.0135774 0.0433176 0.00193691
56 0.522693 0.769689 0.0134382 0.0172105 0.00191313
2 0.241189 0.767243 0.0342611 0.0189352 0.00189969
2 0.353444 0.761961 0.0324555 0.0388449 0.00189695
13 0.770979 0.773166 0.040196 0.0137234 0.00187737
3 0.0863514 0.780881 0.0186213 0.0348303 0.00185576
33 0.163171 0.772978 0.00799067 0.029606 0.00184849
33 0.884413 0.782608 0.0145811 0.0486074 0.00182921
2 0.786406 0.772466 0.0312374 0.0134235 0.00181735
13 0.305783 0.769689 0.0108006 0.0190783 0.00181061
33 0.344356 0.768409 0.0174486 0.0585858 0.00180346
33 0.692944 0.208458 0.0310484 0.0352551 0.00179455
33 0.701635 0.208576 0.0471819 0.0390115 0.00177848
0 0.132805 0.767993 0.0360892 0.0208717 0.00177079
2 0.577152 0.768645 0.0202883 0.0378794 0.00176495
56 0.305783 0.769689 0.0108006 0.0190783 0.00176302
56 0.130848 0.81104 0.0671815 0.0372631 0.00176123
13 0.456656 0.762545 0.0540833 0.037086 0.00175023
2 0.580287 0.779739 0.0200184 0.0241197 0.00172096
2 0.258686 0.767352 0.0387274 0.0183227 0.00168818
33 0.847706 0.772998 0.0194954 0.0673811 0.00168341
56 0.377617 0.76937 0.0138254 0.0466645 0.00168228
33 0.226317 0.766651 0.014528 0.0242241 0.00168151
2 0.452988 0.778043 0.0288269 0.0247435 0.00168112
0 0.309881 0.770198 0.0141644 0.0287334 0.00167772
2 0.975577 0.768553 0.0281042 0.0124229 0.00167105
13 0.505706 0.770087 0.0476017 0.0179778 0.00166288
2 0.533742 0.758349 0.0141879 0.0343551 0.00166136
2 0.538017 0.759245 0.0133873 0.0306254 0.00165454
2 0.450889 0.765462 0.0330303 0.0324687 0.00164548
13 0.441537 0.775423 0.0137907 0.0219106 0.0016427
0 0.558939 0.765973 0.0475147 0.0323763 0.00162366
56 0.320222 0.765579 0.0171369 0.023532 0.00158986
0 0.172441 0.76325 0.0269661 0.0493426 0.0015898
56 0.538071 0.763938 0.0138947 0.0252278 0.0015837
56 0.469071 0.7628 0.0253654 0.0406277 0.00156659
33 0.131868 0.768019 0.0144347 0.0189728 0.00156504
0 0.192056 0.754184 0.00904236 0.0441626 0.00155783
33 0.644342 0.720568 0.0121572 0.0240921 0.00154749
33 0.418034 0.772009 0.0128687 0.0300108 0.0015398
33 0.851959 0.770801 0.0195568 0.063646 0.00153947
13 0.461983 0.773888 0.0137733 0.0252942 0.00153276
33 0.398357 0.764915 0.0260174 0.0378983 0.00152573
0 0.819147 0.759851 0.0127541 0.0326885 0.00151488
2 0.133007 0.764546 0.0862432 0.0314605 0.00150865
33 0.10574 0.767506 0.11917 0.055803 0.00150484
0 0.10668 0.795174 0.0306435 0.0250763 0.00149581
2 0.435021 0.774127 0.0118588 0.0263521 0.00149101
2 0.265038 0.760629 0.038415 0.0224163 0.00147006
10 0.0863514 0.780881 0.0186213 0.0348303 0.00145942
9 0.0866404 0.780239 0.0184337 0.0367754 0.00144401
8 0.732052 0.772841 0.0128382 0.0163959 0.00144255
33 0.10668 0.795174 0.0306435 0.0250763 0.00142837
56 0.0867544 0.780495 0.0192421 0.0377982 0.00142628
13 0.452988 0.778043 0.0288269 0.0247435 0.00142401
33 0.136206 0.76817 0.0736977 0.0444467 0.0014199
0 0.310616 0.757422 0.0137877 0.0410061 0.0014177
2 0.594319 0.775059 0.0266447 0.0236043 0.00141382
33 0.598502 0.70801 0.0296817 0.0291444 0.00141343
13 0.491507 0.7569 0.0188782 0.022433 0.00141174
2 0.0208776 0.678864 0.0374629 0.0179258 0.00141004
2 0.440652 0.778006 0.0217467 0.0255797 0.00140849
7 0.0866234 0.780309 0.0188104 0.0372998 0.00135797
56 0.408634 0.775597 0.0139783 0.0346179 0.00135246
33 0.71312 0.468939 0.0541143 0.0438522 0.00134471
