74 0.390985 0.186698 0.310665 0.232955 0.791202
2 0.246652 0.723072 0.277681 0.219022 0.529966
11 0.27904 0.423007 0.0784413 0.140465 0.514181
2 0.195589 0.586779 0.177683 0.0651884 0.2578
7 0.194514 0.586943 0.174993 0.0651659 0.182702
74 0.423834 0.202438 0.388757 0.294279 0.124334
2 0.238092 0.599075 0.263392 0.0900513 0.123975
7 0.238092 0.599075 0.263392 0.0900513 0.0974948
2 0.332427 0.617034 0.0805169 0.0544332 0.0767845
58 0.321201 0.843559 0.100157 0.154427 0.0593922
2 0.243477 0.65459 0.264716 0.0978958 0.0483879
7 0.283594 0.722627 0.353084 0.225701 0.0306763
2 0.373392 0.751904 0.204235 0.155363 0.0282603
12 0.27967 0.423367 0.0775476 0.143536 0.0272175
0 0.849625 0.619991 0.036167 0.0387366 0.0264027
11 0.293994 0.417066 0.0489799 0.124775 0.0219325
0 0.853922 0.620051 0.0208522 0.038154 0.0206142
2 0.191578 0.72428 0.169359 0.206158 0.0173755
58 0.342788 0.832609 0.139829 0.17733 0.0165625
13 0.888957 0.68823 0.108706 0.0184464 0.0163434
2 0.329118 0.621345 0.0964366 0.0694084 0.0155768
0 0.243217 0.659433 0.0580542 0.0679726 0.0140206
2 0.918129 0.613423 0.0380027 0.0342336 0.0134316
2 0.229828 0.573016 0.0500721 0.025986 0.0133038
2 0.276908 0.657154 0.204465 0.0892927 0.0126454
2 0.322697 0.611355 0.103958 0.0585545 0.0124442
7 0.331385 0.612496 0.0834604 0.0453803 0.0101855
58 0.921112 0.613575 0.046152 0.0340763 0.00955436
11 0.263868 0.418529 0.0492608 0.127223 0.00928319
2 0.266943 0.634844 0.219747 0.0910134 0.00790539
5 0.193342 0.585593 0.170586 0.0636549 0.00749329
0 0.249059 0.647853 0.0364413 0.0410137 0.00675264
58 0.369423 0.829918 0.194726 0.185432 0.00647327
0 0.157169 0.659231 0.0955097 0.0693993 0.00642985
2 0.928988 0.613828 0.0590804 0.0366436 0.00612465
1 0.849933 0.620127 0.0334221 0.0388039 0.00603083
74 0.346075 0.514373 0.0671617 0.0652365 0.00598431
2 0.18882 0.621994 0.169223 0.0394199 0.00597501
13 0.805398 0.626637 0.0594346 0.024379 0.00595281
58 0.925957 0.617248 0.0572909 0.0433351 0.0056583
13 0.84166 0.622192 0.0484887 0.036023 0.00539222
58 0.325175 0.865557 0.085924 0.109758 0.00487998
2 0.24177 0.694357 0.270527 0.154758 0.00482047
58 0.849933 0.620127 0.0334221 0.0388039 0.00479415
2 0.183466 0.572098 0.144888 0.034431 0.00447148
5 0.239815 0.599732 0.264882 0.0885551 0.00431246
13 0.930145 0.620279 0.0491231 0.0360781 0.00416943
13 0.864628 0.622621 0.0592374 0.0373924 0.00404009
13 0.921112 0.613575 0.046152 0.0340763 0.00397342
2 0.203246 0.658869 0.192441 0.0850216 0.0038569
58 0.853922 0.620051 0.0208522 0.038154 0.003831
0 0.170378 0.663475 0.127103 0.079629 0.00374004
2 0.286589 0.693094 0.381344 0.234644 0.00372165
0 0.255084 0.663147 0.069957 0.0734322 0.00369647
2 0.649968 0.666405 0.0284941 0.0149912 0.00368518
2 0.361438 0.73575 0.225573 0.206041 0.00364846
2 0.17802 0.662713 0.141344 0.0768941 0.0032416
0 0.918972 0.612986 0.0370425 0.0326134 0.00321883
0 0.767173 0.57391 0.0228935 0.0349868 0.00316903
13 0.849933 0.620127 0.0334221 0.0388039 0.00299728
2 0.296057 0.720951 0.262712 0.215933 0.00295156
2 0.455143 0.637304 0.0541915 0.0498889 0.00282419
56 0.849933 0.620127 0.0334221 0.0388039 0.00279281
0 0.258794 0.645702 0.0520049 0.0427168 0.00279033
2 0.455457 0.626429 0.0544923 0.0292029 0.00272021
2 0.865443 0.612791 0.0588483 0.0359025 0.0026966
7 0.322697 0.611355 0.103958 0.0585545 0.00267288
2 0.844657 0.619789 0.0405551 0.040345 0.00264016
7 0.329118 0.621345 0.0964366 0.0694084 0.00255793
0 0.220851 0.660922 0.103338 0.0745077 0.00243127
2 0.278095 0.705433 0.209268 0.18251 0.00231805
9 0.938145 0.571865 0.0160553 0.0194025 0.00219315
2 0.477164 0.604875 0.0227198 0.0142797 0.00211859
2 0.652538 0.64299 0.0333038 0.0644806 0.00209245
0 0.760946 0.596047 0.0150951 0.0214322 0.00207067
11 0.139794 0.431675 0.0227905 0.0672624 0.00200069
58 0.652752 0.642307 0.03509 0.064753 0.00200039
58 0.373431 0.791126 0.208383 0.2477 0.00199035
2 0.187632 0.675129 0.161926 0.104111 0.00197199
2 0.650536 0.655597 0.0289881 0.0369986 0.00193825
14 0.821014 0.706243 0.0198443 0.00917378 0.00192773
1 0.924302 0.613203 0.051608 0.0345865 0.00192463
1 0.84166 0.622192 0.0484887 0.036023 0.00188807
0 0.919672 0.607291 0.0347666 0.0326883 0.00183061
9 0.139794 0.431675 0.0227905 0.0672624 0.00182253
12 0.263868 0.418529 0.0492608 0.127223 0.0018107
58 0.319916 0.878616 0.0906845 0.0839211 0.00180513
10 0.853922 0.620051 0.0208522 0.038154 0.00179106
2 0.896445 0.611639 0.0758759 0.0358987 0.00178906
58 0.336032 0.847091 0.0746131 0.151065 0.00176585
2 0.883368 0.616067 0.120539 0.0396614 0.00176191
13 0.652155 0.643612 0.0324782 0.0604055 0.00175354
13 0.804836 0.620859 0.0491503 0.0188486 0.0016996
12 0.884258 0.550785 0.0400753 0.064636 0.00169575
1 0.853922 0.620051 0.0208522 0.038154 0.00169197
0 0.866076 0.617348 0.0373988 0.0323349 0.00165629
2 0.194622 0.630875 0.182211 0.0550045 0.00159958
13 0.925258 0.633201 0.057641 0.0682946 0.0015932
0 0.147915 0.657212 0.0690356 0.0574121 0.00158596
2 0.866076 0.617348 0.0373988 0.0323349 0.00157335
2 0.333864 0.634583 0.0755838 0.0269134 0.00157154
0 0.254663 0.639902 0.0945971 0.0572529 0.00154492
0 0.978443 0.594074 0.0222005 0.019434 0.00149485
12 0.883543 0.537026 0.0382429 0.0351046 0.00145385
12 0.332934 0.61265 0.0791473 0.0448345 0.0014337
0 0.990175 0.592245 0.0167712 0.0219412 0.00139028
13 0.79834 0.621166 0.0479384 0.0121389 0.00137728
56 0.84166 0.622192 0.0484887 0.036023 0.00135317
0 0.984967 0.591594 0.0215691 0.0241808 0.00132635
2 0.252339 0.57295 0.0685495 0.0312292 0.0013175
10 0.849933 0.620127 0.0334221 0.0388039 0.00131413
13 0.0953913 0.916292 0.189853 0.163581 0.00129032
13 0.866076 0.617348 0.0373988 0.0323349 0.00127038
2 0.298 0.662207 0.164039 0.0710169 0.00124797
13 0.784917 0.626315 0.0901019 0.0219735 0.00124002
0 0.268346 0.681478 0.0258302 0.0341684 0.00123936
2 0.15695 0.660653 0.101025 0.0728674 0.00121886
13 0.928988 0.613828 0.0590804 0.0366436 0.00121081
2 0.285627 0.618269 0.182204 0.0603297 0.00121015
2 0.14059 0.570075 0.0655478 0.0288538 0.00120592
2 0.386079 0.632617 0.190039 0.0929491 0.00119799
2 0.853922 0.620051 0.0208522 0.038154 0.00119689
70 0.390792 0.185799 0.308192 0.230243 0.001196
2 0.337361 0.663239 0.0827281 0.066136 0.00119561
2 0.407881 0.720438 0.137171 0.0917213 0.00119343
2 0.804836 0.620859 0.0491503 0.0188486 0.00118899
2 0.459348 0.601817 0.0585064 0.0270287 0.00118488
3 0.849625 0.619991 0.036167 0.0387366 0.00117838
58 0.650536 0.655597 0.0289881 0.0369986 0.00115255
12 0.293994 0.417066 0.0489799 0.124775 0.00113401
13 0.650536 0.655597 0.0289881 0.0369986 0.00109169
0 0.65575 0.640361 0.031631 0.063403 0.00107992
8 0.890443 0.688382 0.108026 0.0170476 0.00107911
2 0.915572 0.608939 0.0401703 0.0364126 0.00107437
9 0.815298 0.576749 0.0170703 0.0267674 0.00107208
10 0.921112 0.613575 0.046152 0.0340763 0.00107107
2 0.978443 0.594074 0.0222005 0.019434 0.00106037
13 0.884821 0.622017 0.0992343 0.0444359 0.00104618
2 0.446702 0.701948 0.422385 0.252127 0.00104502
7 0.183466 0.572098 0.144888 0.034431 0.00102964
0 0.92064 0.618038 0.0465506 0.0434765 0.00102898
9 0.139902 0.443403 0.0230324 0.0530718 0.00102767
13 0.888828 0.623926 0.131387 0.0490431 0.00101602
2 0.381138 0.717228 0.194315 0.0868927 0.00100031
