0 0.473631 0.584561 0.684512 0.337909 0.935201
36 0.552371 0.739713 0.372445 0.0812461 0.785255
0 0.906728 0.089235 0.180339 0.177085 0.762077
0 0.439555 0.0439369 0.0492315 0.0387572 0.759254
0 0.215562 0.0810498 0.0590637 0.0433322 0.733572
0 0.373375 0.0492668 0.0450524 0.0450588 0.59769
0 0.0222379 0.10129 0.0444758 0.0749295 0.460992
0 0.779579 0.00611914 0.02175 0.0122383 0.128879
0 0.514028 0.04274 0.0160312 0.0103999 0.103776
0 0.4239 0.0170323 0.021285 0.0233893 0.0857409
0 0.432795 0.0147972 0.0328844 0.0234 0.0843074
0 0.436349 0.013467 0.0188085 0.0217577 0.0832767
0 0.514952 0.0422104 0.019653 0.0133032 0.0666913
36 0.954249 0.182186 0.0864487 0.0307796 0.0626771
0 0.427008 0.0164314 0.0306987 0.0253963 0.0569623
36 0.0215825 0.116646 0.0426313 0.0448162 0.0565244
36 0.954523 0.176187 0.0871622 0.0340506 0.053198
0 0.834475 0.0275798 0.046577 0.0536828 0.052314
0 0.788951 0.00625302 0.0417609 0.012506 0.0514303
36 0.0214956 0.103892 0.0429912 0.0678546 0.0436605
0 0.793604 0.00811973 0.0479831 0.015583 0.0294005
36 0.830883 0.0281815 0.0428432 0.0549202 0.0281475
36 0.947244 0.185261 0.103659 0.0302672 0.0269623
0 0.670285 0.017251 0.0239921 0.0148889 0.026733
0 0.243344 0.0469398 0.0344593 0.0150169 0.0256242
0 0.141241 0.063028 0.0483544 0.0161606 0.0242545
0 0.669095 0.0185711 0.0259327 0.00950583 0.023671
0 0.315655 0.0364478 0.0310234 0.0147283 0.0215808
0 0.372013 0.0296782 0.0399826 0.0245704 0.018742
2 0.243668 0.0458745 0.0326448 0.0147889 0.0185719
0 0.327437 0.0364083 0.0301291 0.0158441 0.0183318
0 0.479215 0.0112885 0.0327902 0.0149428 0.0173938
0 0.323078 0.0354858 0.0333598 0.0129009 0.0171224
0 0.473691 0.0126236 0.0400321 0.0131861 0.0170139
32 0.514028 0.04274 0.0160312 0.0103999 0.0162854
36 0.953978 0.165286 0.0893052 0.0264503 0.0161715
36 0.978917 0.136856 0.0409782 0.0665636 0.0156547
36 0.0227386 0.123926 0.0445386 0.0344099 0.0156319
0 0.4394 0.0316711 0.0484649 0.0563717 0.012741
0 0.249531 0.0452806 0.0458735 0.0149339 0.0121658
0 0.390321 0.0429424 0.0364188 0.0426442 0.00983053
0 0.121766 0.0631227 0.0470491 0.0174891 0.00907481
0 0.485588 0.00973874 0.0341579 0.013524 0.00773051
0 0.312123 0.0376318 0.0319932 0.0157926 0.00764462
0 0.450711 0.01293 0.0317501 0.0191639 0.00743905
0 0.149317 0.0609698 0.0323146 0.01465 0.00718001
0 0.0422364 0.076715 0.0277005 0.0147304 0.00714236
0 0.439347 0.064158 0.0532427 0.0848906 0.00705263
0 0.23375 0.0634239 0.0383269 0.0484702 0.00698301
0 0.170748 0.0585879 0.0259285 0.0150072 0.00690332
0 0.249599 0.0431821 0.036726 0.0181998 0.00667346
2 0.323078 0.0354858 0.0333598 0.0129009 0.00666884
0 0.373774 0.0584407 0.0528111 0.0622039 0.00642049
0 0.405757 0.0479184 0.108006 0.0452798 0.00633502
0 0.899744 0.0548029 0.129606 0.109606 0.00618511
0 0.87103 0.0303262 0.120407 0.0600168 0.00618136
36 0.930578 0.188576 0.110325 0.0271089 0.00580865
36 0.907233 0.192594 0.0763397 0.0282662 0.00580028
36 0.981614 0.160083 0.0351002 0.024113 0.00576809
0 0.215834 0.0736317 0.0505019 0.0533978 0.00543833
36 0.827087 0.0352973 0.044941 0.0487012 0.00533903
24 0.514028 0.04274 0.0160312 0.0103999 0.00529909
36 0.919239 0.190781 0.0751287 0.0291736 0.00504589
36 0.862115 0.0303908 0.104993 0.0595325 0.00493774
0 0.0215825 0.116646 0.0426313 0.0448162 0.00489357
24 0.895742 0.0354214 0.126936 0.0698347 0.00480193
36 0.888239 0.0346971 0.137097 0.0689743 0.00444901
0 0.791017 0.0100984 0.0580537 0.0201968 0.00426793
36 0.907871 0.197064 0.0991054 0.0430927 0.00418797
2 0.668271 0.0186153 0.0254372 0.00951062 0.00418448
0 0.0477051 0.0771857 0.0347314 0.014211 0.00406015
36 0.90674 0.10716 0.049918 0.0162846 0.00404689
36 0.953813 0.137303 0.0888689 0.071396 0.00388274
36 0.978367 0.109667 0.0431514 0.127663 0.00386289
24 0.21474 0.0811205 0.0588483 0.0440009 0.00384915
0 0.30346 0.0393915 0.0407972 0.0181556 0.00381207
56 0.514028 0.04274 0.0160312 0.0103999 0.00368625
36 0.494769 0.722631 0.254629 0.0600599 0.00365612
36 0.932099 0.190842 0.127528 0.0391543 0.00362012
0 0.288803 0.041517 0.0251235 0.0123596 0.00359982
0 0.215578 0.0488558 0.0317555 0.0143439 0.00359884
0 0.19378 0.0555191 0.0314356 0.0138346 0.00347269
2 0.485588 0.00973874 0.0341579 0.013524 0.00338909
36 0.0222138 0.130352 0.0440275 0.0355678 0.00330284
0 0.869741 0.0157193 0.0868342 0.0313663 0.0032469
0 0.657373 0.0205391 0.0531017 0.0116847 0.00324184
0 0.504993 0.0451108 0.0423442 0.0141358 0.0032272
0 0.774149 0.00866262 0.0696049 0.0163756 0.00322193
0 0.935175 0.112905 0.0756743 0.135366 0.00314742
35 0.514028 0.04274 0.0160312 0.0103999 0.00313234
2 0.524131 0.00521879 0.036511 0.00965193 0.00305718
56 0.323078 0.0354858 0.0333598 0.0129009 0.00304982
36 0.943738 0.193838 0.107323 0.0526711 0.00300425
67 0.514028 0.04274 0.0160312 0.0103999 0.0029408
0 0.517918 0.0434253 0.0291724 0.0146545 0.00280824
13 0.320714 0.0368219 0.0363662 0.0159061 0.00275922
24 0.439785 0.044123 0.0493617 0.0389133 0.00274023
36 0.635926 0.736937 0.210137 0.0596422 0.00272819
0 0.511519 0.00684676 0.0318725 0.0128621 0.00270155
36 0.935175 0.112905 0.0756743 0.135366 0.00263786
36 0.890239 0.0537995 0.138401 0.107599 0.0025706
36 0.961722 0.0946804 0.0519925 0.142937 0.00244534
36 0.955756 0.111966 0.0848886 0.134134 0.00241745
0 0.895742 0.0354214 0.126936 0.0698347 0.00239161
0 0.805088 0.0162644 0.0493637 0.0318358 0.00229251
2 0.511519 0.00684676 0.0318725 0.0128621 0.00227368
0 0.412239 0.0231494 0.0434832 0.0168572 0.00226268
0 0.944017 0.0895456 0.108574 0.1745 0.00226232
2 0.514028 0.04274 0.0160312 0.0103999 0.00223836
2 0.249531 0.0452806 0.0458735 0.0149339 0.00223094
2 0.473691 0.0126236 0.0400321 0.0131861 0.00218022
36 0.485645 0.72843 0.175827 0.0605267 0.00215369
36 0.90854 0.0841028 0.0530711 0.0563111 0.00207564
13 0.552264 0.738711 0.377278 0.0911104 0.00206754
0 0.343839 0.0434913 0.063846 0.0299291 0.00202
0 0.513236 0.0481434 0.024515 0.0231661 0.00197941
36 0.926155 0.193796 0.147645 0.048289 0.00197423
0 0.479684 0.0119459 0.0448427 0.0168488 0.00187546
0 0.524131 0.00521879 0.036511 0.00965193 0.0018639
32 0.668271 0.0186153 0.0254372 0.00951062 0.00184622
24 0.906236 0.0484586 0.115864 0.0969172 0.00184181
13 0.524131 0.00521879 0.036511 0.00965193 0.00182074
36 0.875823 0.200386 0.142436 0.0444079 0.00180757
0 0.0863248 0.0698495 0.0221739 0.0164038 0.00180429
31 0.552264 0.738711 0.377278 0.0911104 0.00180334
14 0.514028 0.04274 0.0160312 0.0103999 0.00177482
25 0.243668 0.0458745 0.0326448 0.0147889 0.00177372
14 0.668271 0.0186153 0.0254372 0.00951062 0.00176096
56 0.243668 0.0458745 0.0326448 0.0147889 0.00175449
2 0.479215 0.0112885 0.0327902 0.0149428 0.00174174
13 0.137029 0.0623944 0.0605353 0.0172642 0.00173014
2 0.788951 0.00625302 0.0417609 0.012506 0.00171793
14 0.779579 0.00611914 0.02175 0.0122383 0.00168142
36 0.935813 0.117912 0.112446 0.116609 0.00168088
33 0.243668 0.0458745 0.0326448 0.0147889 0.00166598
13 0.511519 0.00684676 0.0318725 0.0128621 0.00164682
33 0.476769 0.0127772 0.0334756 0.0151372 0.0016306
0 0.0445452 0.0755153 0.0316006 0.0188586 0.0016295
36 0.924613 0.0883412 0.0865125 0.0784054 0.00161815
0 0.153131 0.0625043 0.0863212 0.0224181 0.00158596
24 0.930935 0.0328067 0.0597134 0.0650465 0.00155574
0 0.926734 0.0122172 0.0342609 0.0239965 0.00152466
24 0.479215 0.0112885 0.0327902 0.0149428 0.00150284
56 0.669095 0.0185711 0.0259327 0.00950583 0.00150102
36 0.927301 0.112527 0.0911821 0.0253837 0.00147381
13 0.473691 0.0126236 0.0400321 0.0131861 0.00145847
26 0.514028 0.04274 0.0160312 0.0103999 0.00145626
9 0.514028 0.04274 0.0160312 0.0103999 0.00142935
13 0.243668 0.0458745 0.0326448 0.0147889 0.00142634
35 0.669095 0.0185711 0.0259327 0.00950583 0.00140789
36 0.972425 0.0910727 0.0551503 0.166975 0.00140607
36 0.830328 0.0449802 0.0443704 0.060966 0.00140476
36 0.794326 0.00643142 0.0453293 0.0125818 0.00137949
36 0.525569 0.731643 0.240033 0.0685993 0.00135997
36 0.906643 0.056257 0.0981291 0.108551 0.00135413
13 0.485588 0.00973874 0.0341579 0.013524 0.00133124
13 0.32775 0.0350554 0.0413139 0.0134261 0.0013063
29 0.243668 0.0458745 0.0326448 0.0147889 0.00129268
26 0.930935 0.0328067 0.0597134 0.0650465 0.00125882
13 0.479684 0.0119459 0.0448427 0.0168488 0.00125769
56 0.476769 0.0127772 0.0334756 0.0151372 0.0012463
13 0.539182 0.00507733 0.041169 0.00916103 0.00124508
36 0.862689 0.0431976 0.110487 0.0822873 0.00122365
0 0.0976139 0.0652012 0.0394181 0.020065 0.00118995
0 0.364714 0.0512199 0.0545131 0.0460041 0.00118738
0 0.85146 0.0311276 0.0860573 0.0613214 0.00117967
0 0.194765 0.0511557 0.0363761 0.02002 0.00115961
0 0.430994 0.0179544 0.0636439 0.0292348 0.00112736
0 0.928642 0.0175368 0.0419261 0.0345447 0.00111881
36 0.957758 0.0788853 0.0482478 0.138796 0.00110579
41 0.514028 0.04274 0.0160312 0.0103999 0.00110552
0 0.932101 0.0235793 0.0485308 0.0462208 0.00110546
32 0.243668 0.0458745 0.0326448 0.0147889 0.00109833
2 0.779579 0.00611914 0.02175 0.0122383 0.00109762
2 0.126007 0.0643397 0.041956 0.0171499 0.00109583
36 0.885179 0.0570455 0.0960808 0.104337 0.00108516
2 0.657373 0.0205391 0.0531017 0.0116847 0.00108442
26 0.895742 0.0354214 0.126936 0.0698347 0.00107291
36 0.571074 0.765667 0.33072 0.127732 0.00106722
67 0.779579 0.00611914 0.02175 0.0122383 0.00106573
24 0.669095 0.0185711 0.0259327 0.00950583 0.00105861
24 0.779579 0.00611914 0.02175 0.0122383 0.00105524
36 0.534686 0.726096 0.332387 0.0690762 0.00105354
13 0.479215 0.0112885 0.0327902 0.0149428 0.00104839
0 0.295796 0.036188 0.0460191 0.0238246 0.00103828
14 0.485588 0.00973874 0.0341579 0.013524 0.00101176
