0 0.814609 0.739527 0.209216 0.511277 0.942522
0 0.232189 0.426895 0.0680267 0.319564 0.824767
38 0.349307 0.247571 0.103534 0.107784 0.374525
35 0.349998 0.247321 0.105065 0.108128 0.284553
2 0.904283 0.439923 0.0567112 0.032195 0.134563
38 0.253664 0.270019 0.0552077 0.0296374 0.0864003
2 0.910842 0.442566 0.0711056 0.0377508 0.0707679
2 0.689924 0.437826 0.0294071 0.0290423 0.0576755
2 0.920349 0.454296 0.0991142 0.0589058 0.0560686
2 0.875738 0.453912 0.110878 0.0572578 0.0489205
2 0.764612 0.433645 0.0973875 0.0949675 0.0436224
2 0.962383 0.458234 0.0720512 0.0533483 0.0417477
2 0.902589 0.449433 0.0582664 0.0501993 0.0410032
32 0.349247 0.247618 0.103617 0.107937 0.03295
2 0.672696 0.43268 0.0639382 0.0563062 0.0287715
2 0.54884 0.444108 0.0711237 0.056513 0.0254575
2 0.833296 0.436933 0.0222719 0.022744 0.0242738
38 0.248195 0.278773 0.079478 0.0403653 0.0221285
2 0.662955 0.426612 0.0432674 0.0473404 0.0204912
2 0.9381 0.455335 0.0604275 0.0561375 0.0187305
38 0.229339 0.298028 0.0590879 0.0617327 0.0180592
2 0.982784 0.340963 0.0325844 0.0587 0.0155348
38 0.23904 0.296189 0.0808049 0.0669564 0.0145291
29 0.349247 0.247618 0.103617 0.107937 0.0134583
2 0.835422 0.435202 0.0290012 0.0263009 0.0132726
38 0.243092 0.287615 0.0753032 0.0641336 0.0132469
2 0.660006 0.41488 0.0381861 0.0411481 0.0132107
2 0.545658 0.442276 0.06171 0.0414839 0.0131152
2 0.659471 0.431302 0.0392712 0.0655355 0.0126936
38 0.268292 0.269106 0.0940031 0.0334762 0.0126887
38 0.24296 0.273811 0.0718267 0.029095 0.0119929
2 0.830475 0.445666 0.214655 0.077985 0.0118214
38 0.306796 0.271588 0.197308 0.0557484 0.0109539
2 0.825453 0.43682 0.0381012 0.0270195 0.0101657
38 0.305108 0.249466 0.199701 0.103891 0.0101526
2 0.983674 0.466357 0.0291065 0.0359844 0.00972819
2 0.670832 0.422872 0.0618399 0.0500313 0.00967681
2 0.856642 0.437619 0.273033 0.0959691 0.00929928
2 0.672828 0.444453 0.0601828 0.0499999 0.00853565
2 0.862549 0.423027 0.0791023 0.053016 0.00796759
2 0.950964 0.45826 0.0489622 0.0522912 0.00789067
0 0.772977 0.434212 0.0749944 0.0972788 0.00759065
74 0.350151 0.246891 0.104593 0.107399 0.00728181
2 0.67251 0.404896 0.0639828 0.123876 0.00721183
2 0.808761 0.36283 0.0852411 0.0678743 0.00695884
2 0.656527 0.441636 0.0491588 0.0575916 0.00663307
2 0.854407 0.453504 0.197543 0.0672793 0.00599697
2 0.790369 0.360278 0.0293629 0.0264665 0.00591555
2 0.691794 0.447869 0.0335884 0.0550614 0.00566593
2 0.557187 0.429625 0.0222771 0.0311522 0.00550038
2 0.820347 0.432011 0.0493248 0.0338828 0.0054912
2 0.553851 0.434234 0.0680507 0.0460091 0.0054208
2 0.819611 0.350563 0.0593685 0.0372855 0.00535154
2 0.783597 0.394349 0.0423094 0.0348977 0.00531891
2 0.859782 0.438606 0.077906 0.0339073 0.00528041
32 0.387627 0.218383 0.0278548 0.0394914 0.00527006
7 0.852765 0.435777 0.281376 0.097779 0.0050143
2 0.943097 0.447126 0.0728073 0.0751025 0.00486094
38 0.333755 0.245663 0.0726603 0.105244 0.00483167
2 0.54087 0.446694 0.056859 0.0407782 0.0047738
38 0.387627 0.218383 0.0278548 0.0394914 0.00475475
2 0.810398 0.351726 0.0810921 0.0436394 0.00469649
2 0.803712 0.38256 0.0781456 0.0372167 0.00468633
2 0.72808 0.418881 0.175219 0.12077 0.00440118
2 0.66281 0.445222 0.0403223 0.0474196 0.00433266
7 0.90355 0.437571 0.0562683 0.0310341 0.00415617
2 0.791995 0.436707 0.1033 0.093911 0.00412276
2 0.735037 0.434193 0.161365 0.0946772 0.00411725
7 0.928606 0.452963 0.115751 0.0596756 0.00388029
38 0.71874 0.91478 0.0144449 0.164283 0.00387022
2 0.775165 0.414668 0.0620634 0.0673281 0.00367758
2 0.907621 0.455664 0.18273 0.0644984 0.00356942
2 0.846207 0.404367 0.302403 0.161554 0.00350225
38 0.381677 0.246153 0.0425203 0.0984877 0.00350088
2 0.564009 0.435229 0.107851 0.0777929 0.00345623
2 0.786962 0.381447 0.0472496 0.0517923 0.00331065
2 0.785515 0.407555 0.185838 0.149936 0.00330842
2 0.77764 0.39784 0.0522762 0.0348899 0.00330606
2 0.744996 0.401058 0.203716 0.149722 0.00327182
36 0.349765 0.247283 0.104358 0.106454 0.0032655
2 0.814879 0.429648 0.211021 0.105886 0.0032388
2 0.814529 0.372707 0.113466 0.0787324 0.00323322
2 0.685521 0.42843 0.0403127 0.0528088 0.00319743
2 0.854254 0.452153 0.109685 0.0544113 0.00307587
2 0.960333 0.442043 0.0784801 0.0883017 0.00300491
2 0.82038 0.395494 0.15483 0.127759 0.00296757
5 0.856642 0.437619 0.273033 0.0959691 0.00288415
5 0.843806 0.396984 0.308785 0.173061 0.00279173
2 0.780441 0.400764 0.0474812 0.0267609 0.00276831
2 0.916945 0.445519 0.149741 0.0746562 0.00275055
38 0.266952 0.274626 0.158564 0.0787643 0.00274184
2 0.917707 0.428188 0.0898129 0.0709226 0.00268698
35 0.377492 0.247452 0.0511593 0.10346 0.00268555
2 0.849725 0.393407 0.203383 0.12222 0.00267461
7 0.830475 0.445666 0.214655 0.077985 0.00252736
7 0.672364 0.40148 0.0640173 0.1261 0.00251624
2 0.907771 0.428347 0.0715023 0.0599325 0.00248089
38 0.905708 0.894577 0.016544 0.206086 0.00246033
2 0.799026 0.391016 0.0829418 0.0430951 0.00240302
2 0.831269 0.35399 0.0634243 0.0383453 0.00239697
2 0.561905 0.418877 0.109226 0.105189 0.00236851
2 0.738275 0.441458 0.0391911 0.0815322 0.00234693
2 0.73553 0.448228 0.0342246 0.0659294 0.0023253
29 0.254051 0.268826 0.0551647 0.0279732 0.00229794
7 0.877521 0.451912 0.11451 0.0631598 0.00217095
2 0.831703 0.421473 0.0362019 0.0552322 0.00212985
7 0.843806 0.396984 0.308785 0.173061 0.00207272
27 0.349998 0.247321 0.105065 0.108128 0.00203541
2 0.981698 0.347376 0.0366041 0.0749189 0.00195903
0 0.983674 0.466357 0.0291065 0.0359844 0.00192472
33 0.349998 0.247321 0.105065 0.108128 0.00191343
2 0.538568 0.450608 0.0737677 0.0438297 0.00190702
74 0.15593 0.0814085 0.0265276 0.037021 0.00187451
7 0.863347 0.407098 0.233401 0.131461 0.00178659
7 0.961106 0.45561 0.0749943 0.058574 0.0017634
7 0.910767 0.450455 0.0703629 0.0536129 0.00174904
0 0.791995 0.436707 0.1033 0.093911 0.00173429
26 0.349247 0.247618 0.103617 0.107937 0.00173119
7 0.910842 0.442566 0.0711056 0.0377508 0.00171652
0 0.717098 0.916346 0.0164333 0.164948 0.00171161
0 0.352459 0.398199 0.0330928 0.206258 0.00169095
2 0.928714 0.37923 0.0741016 0.021802 0.00166202
14 0.349998 0.247321 0.105065 0.108128 0.001645
2 0.934726 0.437632 0.0802 0.102471 0.0016219
7 0.764612 0.433645 0.0973875 0.0949675 0.00161842
7 0.673026 0.425698 0.0639573 0.0760733 0.00156012
2 0.933977 0.441136 0.12721 0.0863709 0.00150368
2 0.844384 0.398212 0.0939781 0.0995895 0.00149786
2 0.882104 0.418112 0.227137 0.120931 0.00149205
38 0.905431 0.82467 0.0161682 0.0745186 0.00148767
7 0.72808 0.418881 0.175219 0.12077 0.00140941
2 0.971268 0.396086 0.0574651 0.174939 0.00139794
0 0.312357 0.421139 0.0226688 0.124638 0.0013845
38 0.279264 0.273262 0.120345 0.0410905 0.00136822
24 0.349657 0.247162 0.104384 0.10696 0.00135431
7 0.916945 0.445519 0.149741 0.0746562 0.00132069
38 0.245435 0.492471 0.0327977 0.170034 0.00131798
2 0.788925 0.364811 0.0283274 0.0355778 0.00128418
38 0.263582 0.286683 0.0997216 0.0657406 0.00127053
2 0.825869 0.378254 0.343614 0.212837 0.00126433
0 0.30677 0.425026 0.0298528 0.140139 0.00124809
2 0.759464 0.375298 0.202612 0.103272 0.00123319
29 0.22928 0.298976 0.0509415 0.0526264 0.00119975
2 0.564075 0.420666 0.101371 0.0736459 0.00117627
2 0.956982 0.396342 0.085655 0.176403 0.00117496
38 0.251906 0.470573 0.0203626 0.108958 0.00114626
35 0.333755 0.245663 0.0726603 0.105244 0.00114104
7 0.82038 0.395494 0.15483 0.127759 0.00113392
2 0.722812 0.449467 0.0566628 0.0627565 0.00112438
38 0.222552 0.308437 0.0443348 0.0751486 0.00112331
2 0.819613 0.39955 0.123326 0.0785515 0.00111446
2 0.810009 0.452751 0.119454 0.060264 0.001113
25 0.983834 0.340738 0.0323328 0.0590749 0.00111032
0 0.833296 0.436933 0.0222719 0.022744 0.00110731
38 0.242322 0.252271 0.104858 0.191683 0.00109598
32 0.343841 0.524432 0.00873842 0.00830154 0.00106376
13 0.962493 0.458634 0.0722576 0.0524225 0.00105441
7 0.738449 0.399256 0.195689 0.141156 0.00105071
2 0.981382 0.371298 0.0363939 0.120213 0.00104931
38 0.391064 0.200229 0.0418745 0.0326056 0.00102949
13 0.916054 0.454226 0.0820549 0.0601087 0.00102949
34 0.349247 0.247618 0.103617 0.107937 0.00102806
38 0.232909 0.306527 0.0595464 0.0734067 0.00102606
2 0.607434 0.415705 0.200694 0.111973 0.00100711
