53 0.497687 0.531998 0.991215 0.916436 0.922411
60 0.478275 0.500369 0.956103 0.989131 0.325416
50 0.180608 0.384379 0.142742 0.0999111 0.278084
43 0.856032 0.930177 0.175349 0.136892 0.241137
50 0.159825 0.554767 0.194564 0.127467 0.182288
50 0.575752 0.786418 0.0848782 0.37297 0.0918937
50 0.783488 0.543327 0.210085 0.286795 0.0471446
60 0.510847 0.137633 0.974585 0.274166 0.0355832
53 0.843089 0.644382 0.313669 0.46945 0.0350371
43 0.859859 0.892673 0.181811 0.203332 0.0337939
56 0.0244276 0.154584 0.0474693 0.307095 0.0319859
50 0.852482 0.371392 0.183429 0.161543 0.027499
53 0.436177 0.803161 0.740601 0.383706 0.0232324
50 0.867141 0.394782 0.210834 0.217727 0.020477
60 0.761816 0.141191 0.475572 0.277361 0.0157486
50 0.931831 0.509403 0.0578285 0.0683451 0.0125944
50 0.791152 0.48469 0.119807 0.116895 0.0125012
50 0.182158 0.547537 0.15166 0.11499 0.012358
50 0.29198 0.18049 0.0685395 0.115836 0.0120422
50 0.278869 0.64621 0.155686 0.270714 0.0117008
60 0.188642 0.15752 0.373448 0.308897 0.0115082
50 0.411795 0.547951 0.134703 0.208076 0.0109681
53 0.439868 0.684148 0.773364 0.607537 0.0105838
50 0.923749 0.505295 0.0753307 0.0770546 0.0100267
44 0.856162 0.929622 0.174426 0.13556 0.00974134
60 0.106758 0.186612 0.209686 0.239411 0.00968924
50 0.872681 0.355575 0.225829 0.327441 0.00874311
43 0.884016 0.860865 0.231967 0.267139 0.00844818
50 0.657686 0.611096 0.149408 0.307677 0.00804561
50 0.833769 0.212511 0.0719978 0.121811 0.0079942
42 0.85561 0.930803 0.175701 0.137156 0.00797093
50 0.775767 0.503576 0.191835 0.208417 0.00773928
50 0.253944 0.414205 0.310869 0.207537 0.00748882
50 0.687202 0.312751 0.167448 0.145474 0.00632837
41 0.0241939 0.159867 0.0468558 0.317198 0.00610399
50 0.249635 0.479571 0.333667 0.314317 0.00597319
60 0.111512 0.136898 0.214838 0.263472 0.00588438
50 0.155807 0.418873 0.200531 0.19597 0.00558284
50 0.601367 0.568217 0.233994 0.380941 0.00546917
60 0.148486 0.155513 0.272813 0.18447 0.00520486
50 0.340932 0.176554 0.164049 0.139573 0.00501639
50 0.683085 0.663468 0.106145 0.215912 0.00495356
50 0.678287 0.642788 0.115889 0.285122 0.00478739
50 0.569979 0.470371 0.118332 0.170855 0.00468916
50 0.569435 0.420697 0.0798567 0.0640886 0.00463241
50 0.870084 0.498741 0.0941593 0.103143 0.00456566
50 0.867274 0.300868 0.214507 0.317615 0.00436851
50 0.556814 0.646268 0.110502 0.161054 0.00435752
50 0.652637 0.564818 0.153457 0.212576 0.00417021
60 0.884853 0.859658 0.228293 0.263854 0.00415078
50 0.127177 0.442126 0.153521 0.112698 0.00414908
60 0.514725 0.349182 0.970551 0.589042 0.00414824
50 0.767721 0.467481 0.172365 0.134191 0.00403079
56 0.154494 0.0521924 0.281327 0.101992 0.00393531
50 0.786993 0.285681 0.38149 0.337663 0.00380403
0 0.775017 0.14293 0.449573 0.28162 0.00364268
50 0.6022 0.466228 0.172668 0.186917 0.00360945
50 0.15601 0.476987 0.199219 0.288869 0.00355169
50 0.52694 0.590233 0.143565 0.2647 0.00354671
42 0.859859 0.892673 0.181811 0.203332 0.0034571
50 0.56685 0.445579 0.0928308 0.11435 0.00340933
60 0.494225 0.200445 0.981756 0.39362 0.00334623
60 0.184391 0.139622 0.344172 0.219472 0.00331223
50 0.517729 0.571004 0.124557 0.200613 0.00321394
50 0.553567 0.781715 0.132863 0.38487 0.0031437
53 0.41585 0.871181 0.778044 0.243604 0.00309339
50 0.361055 0.1835 0.119569 0.13045 0.00307769
50 0.3078 0.654938 0.225932 0.29017 0.00305533
50 0.628494 0.534281 0.202904 0.285084 0.00299692
50 0.252624 0.334249 0.311692 0.369202 0.00299177
50 0.556294 0.473461 0.0878082 0.14147 0.00292817
56 0.183804 0.157941 0.36476 0.310131 0.00269136
50 0.158417 0.526707 0.204474 0.186455 0.00263816
50 0.548506 0.565488 0.190813 0.349568 0.00262684
50 0.211961 0.611386 0.31264 0.25905 0.0024204
56 0.114099 0.140977 0.225031 0.281955 0.00239033
50 0.686232 0.623437 0.0955933 0.150195 0.00236285
50 0.185169 0.264658 0.106355 0.103287 0.00233907
60 0.159102 0.497121 0.316583 0.975501 0.00233832
53 0.858358 0.721024 0.281457 0.314373 0.00228369
60 0.189687 0.0528446 0.345768 0.103649 0.00225204
50 0.542893 0.741741 0.157731 0.365364 0.00224143
43 0.826527 0.833857 0.251075 0.322767 0.00211611
53 0.576793 0.82561 0.459744 0.329771 0.0020929
50 0.627658 0.478437 0.114287 0.114681 0.00200829
50 0.193913 0.588676 0.303662 0.201385 0.00193509
50 0.549892 0.446193 0.0774658 0.116853 0.00191316
50 0.256234 0.599143 0.110032 0.104988 0.00190035
50 0.553214 0.680685 0.122925 0.317937 0.00185746
50 0.720429 0.580043 0.346907 0.362856 0.00183177
50 0.350743 0.437954 0.0598602 0.0792355 0.00182894
50 0.659399 0.538859 0.267048 0.343571 0.0018248
50 0.650469 0.529408 0.113401 0.14158 0.00182077
50 0.544927 0.653162 0.0847997 0.141429 0.00180292
50 0.175085 0.263512 0.0799321 0.095048 0.00180161
50 0.197549 0.28097 0.105361 0.127717 0.00178817
50 0.582832 0.703563 0.0745718 0.198694 0.0017581
53 0.564851 0.872502 0.488985 0.240322 0.00170732
39 0.0241939 0.159867 0.0468558 0.317198 0.00170729
50 0.337002 0.616984 0.30202 0.380921 0.00170675
50 0.938985 0.515961 0.066843 0.0620384 0.00168362
50 0.288069 0.207334 0.0671074 0.0947641 0.00165385
50 0.532261 0.648773 0.15451 0.370591 0.00164139
42 0.0246823 0.159073 0.0477399 0.316663 0.00163478
50 0.852372 0.347404 0.169244 0.117472 0.00159034
53 0.843294 0.544845 0.312276 0.659998 0.00159028
50 0.950127 0.512754 0.0997458 0.0818003 0.00158605
53 0.277816 0.736102 0.530342 0.502551 0.00157899
50 0.460279 0.546927 0.25119 0.227418 0.00156397
42 0.883769 0.860172 0.232343 0.264939 0.00154325
50 0.366853 0.181989 0.217073 0.158121 0.0015249
60 0.81051 0.112906 0.378431 0.224657 0.00151899
50 0.312157 0.182163 0.111916 0.129311 0.00150013
50 0.517864 0.54105 0.119479 0.142028 0.00146914
50 0.532811 0.495521 0.15197 0.208328 0.00146461
50 0.828873 0.423671 0.304755 0.278285 0.00145897
50 0.558558 0.537526 0.110987 0.294439 0.00144008
50 0.816806 0.519243 0.268741 0.236139 0.00142801
50 0.297862 0.401686 0.174478 0.231422 0.00142336
60 0.499833 0.848823 0.938616 0.289322 0.00142324
50 0.62357 0.626136 0.233104 0.373321 0.00141224
60 0.0245856 0.157523 0.0473748 0.314694 0.00139248
50 0.808946 0.592545 0.157808 0.195072 0.00136346
50 0.901074 0.501617 0.158919 0.107339 0.00135803
50 0.277453 0.422871 0.201282 0.182253 0.00135684
0 0.523193 0.138919 0.951244 0.275718 0.00134546
44 0.859859 0.892673 0.181811 0.203332 0.00134483
50 0.726603 0.339211 0.0995799 0.156795 0.00133952
60 0.657531 0.500718 0.684912 0.998565 0.00131658
50 0.584464 0.676115 0.190224 0.467156 0.00130391
50 0.461996 0.211918 0.371175 0.270934 0.00129586
50 0.276232 0.585938 0.131848 0.137345 0.00126648
50 0.590516 0.75916 0.128026 0.329347 0.00126106
53 0.761102 0.664509 0.468509 0.568849 0.00124571
53 0.557701 0.268026 0.858794 0.386024 0.00121778
50 0.788899 0.349355 0.355593 0.20609 0.00119445
50 0.630919 0.677902 0.0576649 0.0961941 0.00119421
50 0.429783 0.519136 0.0928806 0.124353 0.00117892
50 0.607906 0.479789 0.0704182 0.109666 0.0011723
60 0.168082 0.103146 0.311257 0.205489 0.00116923
53 0.610883 0.783259 0.386592 0.411624 0.00116867
50 0.187525 0.274591 0.0862439 0.104727 0.00115955
50 0.875824 0.505831 0.0706287 0.0864534 0.00115836
50 0.777981 0.470193 0.113082 0.106568 0.00110546
50 0.285691 0.208385 0.0594964 0.0519308 0.00110462
50 0.428119 0.546396 0.097151 0.182637 0.00110459
50 0.134033 0.642447 0.262744 0.314976 0.0010879
50 0.820444 0.349601 0.121861 0.118823 0.00107932
50 0.293731 0.214442 0.0776848 0.151811 0.00107664
50 0.4216 0.569599 0.111164 0.159873 0.00106734
0 0.602115 0.50255 0.795769 0.989268 0.00104401
50 0.351573 0.660691 0.260681 0.284272 0.00103763
53 0.591415 0.681547 0.811095 0.604845 0.00103295
50 0.412754 0.253535 0.313243 0.33499 0.00103053
