14 0.819558 0.560493 0.211568 0.350534 0.93341
14 0.135136 0.178192 0.170294 0.287842 0.927304
14 0.523133 0.40883 0.155635 0.299554 0.918558
14 0.291726 0.377984 0.156896 0.336991 0.91695
14 0.487885 0.696671 0.177664 0.30436 0.901115
14 0.291287 0.609423 0.190447 0.281072 0.780674
14 0.267398 0.80888 0.157435 0.352894 0.72763
14 0.854948 0.811437 0.159305 0.283956 0.667958
14 0.292818 0.784487 0.104756 0.268628 0.169484
14 0.339437 0.610623 0.0994801 0.267833 0.0758645
47 0.8548 0.810526 0.160164 0.281037 0.0623069
14 0.235851 0.809272 0.0943274 0.339356 0.0568945
14 0.586161 0.75939 0.0314209 0.0685956 0.0248053
14 0.586196 0.793854 0.0344384 0.143721 0.0203938
47 0.293577 0.605153 0.192513 0.268508 0.0200748
14 0.511268 0.880842 0.0989291 0.219559 0.0193892
47 0.575028 0.540542 0.049328 0.0402408 0.0193535
14 0.499561 0.62769 0.142081 0.168262 0.0153283
14 0.585761 0.820238 0.0473424 0.193868 0.0080691
14 0.317521 0.603756 0.147344 0.263471 0.00766507
47 0.224947 0.576469 0.05585 0.107509 0.00764945
47 0.572578 0.536623 0.0605711 0.0472537 0.00744802
47 0.236144 0.77121 0.0929219 0.266383 0.00672975
47 0.236273 0.573879 0.0814471 0.114014 0.00509161
14 0.260153 0.777772 0.140293 0.273939 0.00508115
14 0.575869 0.821883 0.0700431 0.198456 0.00492582
47 0.26114 0.573414 0.127969 0.119165 0.00459105
47 0.21914 0.582502 0.0453402 0.0939037 0.00404942
14 0.487129 0.757843 0.188668 0.420495 0.00314677
14 0.39668 0.817143 0.0504358 0.108434 0.00215474
14 0.426361 0.402381 0.42858 0.373855 0.00214821
47 0.278171 0.587032 0.0928786 0.165301 0.00208899
47 0.134958 0.177323 0.17008 0.286135 0.00195435
21 0.487885 0.696671 0.177664 0.30436 0.00185865
14 0.591633 0.804581 0.0564981 0.179709 0.00179324
14 0.531694 0.627668 0.0771504 0.167184 0.00172791
21 0.291369 0.609863 0.191082 0.277087 0.00166804
47 0.871561 0.651787 0.0927851 0.126123 0.00151923
14 0.405795 0.831188 0.0699064 0.134818 0.00148901
14 0.411427 0.60888 0.242131 0.271414 0.00146344
14 0.585925 0.829411 0.0980952 0.214242 0.00143182
47 0.900776 0.707166 0.0460777 0.060108 0.00140303
21 0.854948 0.811437 0.159305 0.283956 0.00136879
14 0.808015 0.775515 0.25562 0.372656 0.00136802
14 0.388889 0.799697 0.0353261 0.0691213 0.00133821
14 0.809251 0.769827 0.253768 0.256283 0.00130367
47 0.549999 0.522423 0.107101 0.077447 0.00123182
47 0.894885 0.721548 0.0295028 0.0308561 0.00122109
14 0.236496 0.734557 0.0929264 0.202416 0.00121596
14 0.221178 0.246726 0.34799 0.432083 0.00115025
14 0.593466 0.764152 0.0477303 0.0929973 0.00113553
14 0.420176 0.868699 0.100712 0.212279 0.00113532
14 0.38868 0.788109 0.0310803 0.051535 0.00110877
19 0.854948 0.811437 0.159305 0.283956 0.00109455
14 0.424612 0.727251 0.319887 0.400083 0.00107467
47 0.845056 0.770514 0.145612 0.155004 0.00106892
47 0.487885 0.696671 0.177664 0.30436 0.00106186
14 0.599168 0.819355 0.0619768 0.202166 0.00105089
47 0.579222 0.529844 0.0648683 0.0638955 0.0010452
14 0.831514 0.675229 0.199341 0.556498 0.00103629
21 0.267482 0.807953 0.155632 0.348766 0.00103462
