0 0.806475 0.565694 0.0884831 0.440172 0.834305
0 0.577215 0.55772 0.0934332 0.46771 0.822062
0 0.26544 0.716897 0.121596 0.409627 0.768114
25 0.413133 0.346865 0.225128 0.159106 0.767186
25 0.692262 0.210564 0.0619844 0.199352 0.714525
56 0.473822 0.783207 0.293545 0.310455 0.657465
0 0.371428 0.933609 0.176863 0.129768 0.596663
25 0.179291 0.397656 0.356989 0.34349 0.592022
25 0.624628 0.34093 0.0792511 0.0564239 0.572797
25 0.513839 0.2951 0.125784 0.0540031 0.555674
25 0.77878 0.271792 0.0944197 0.0415691 0.516212
0 0.865918 0.368897 0.0250685 0.0886173 0.479784
56 0.127992 0.7018 0.218532 0.286497 0.459503
26 0.476825 0.839748 0.0824301 0.18593 0.451186
0 0.864556 0.463285 0.0600395 0.125163 0.443354
25 0.063925 0.448896 0.126726 0.260851 0.441239
56 0.144877 0.904459 0.287041 0.185991 0.424275
0 0.933174 0.508724 0.0729157 0.0995764 0.408786
56 0.402411 0.737808 0.165915 0.203241 0.385426
56 0.0544053 0.869133 0.108266 0.173512 0.375516
26 0.197382 0.95011 0.0828738 0.0813749 0.357219
25 0.346881 0.385167 0.287501 0.2308 0.311871
25 0.557213 0.353988 0.131871 0.0902277 0.286194
25 0.385875 0.387861 0.210095 0.216904 0.285074
25 0.778753 0.296354 0.0961113 0.0940129 0.252132
56 0.706405 0.442152 0.122684 0.27629 0.229942
56 0.394014 0.608542 0.101454 0.0701538 0.229382
56 0.404072 0.54795 0.144163 0.110811 0.229376
56 0.184096 0.917822 0.204113 0.157404 0.211787
25 0.48656 0.356494 0.100393 0.108589 0.208082
25 0.636031 0.339548 0.100222 0.0629313 0.206484
56 0.535017 0.781643 0.419086 0.314513 0.201396
25 0.530747 0.342119 0.181267 0.110719 0.193615
56 0.108962 0.964536 0.21602 0.0694137 0.182275
56 0.640633 0.86408 0.263039 0.158574 0.181542
0 0.924775 0.505352 0.0561913 0.0904286 0.166927
25 0.512639 0.352653 0.146519 0.103328 0.164195
0 0.981591 0.497675 0.0368173 0.12512 0.148581
0 0.958023 0.405287 0.0166327 0.0680182 0.144942
56 0.401693 0.657199 0.118895 0.0837748 0.144895
56 0.403858 0.581667 0.141011 0.119444 0.144094
25 0.184219 0.544751 0.365124 0.634704 0.143238
0 0.289575 0.714646 0.181856 0.405923 0.13682
0 0.382555 0.537395 0.102397 0.09563 0.133176
56 0.177336 0.889149 0.193643 0.10634 0.128569
56 0.410173 0.581518 0.121411 0.049056 0.125933
0 0.980452 0.397726 0.0188316 0.0795703 0.125631
56 0.41645 0.566863 0.119631 0.0704123 0.124368
0 0.875229 0.474661 0.0383728 0.106292 0.123798
56 0.398238 0.588109 0.108419 0.0510781 0.121429
56 0.395305 0.632361 0.120008 0.127296 0.11881
56 0.394228 0.601703 0.123538 0.0879479 0.109966
0 0.653569 0.595121 0.141047 0.0590333 0.10592
0 0.373575 0.52754 0.0846107 0.077638 0.104842
25 0.650514 0.336693 0.078749 0.0682303 0.101056
56 0.402239 0.64263 0.10792 0.0607334 0.0987362
56 0.15647 0.713286 0.169425 0.268379 0.0960981
0 0.858348 0.47151 0.0478279 0.104412 0.0944207
0 0.917208 0.503695 0.04268 0.0859151 0.0943751
39 0.545121 0.905108 0.0174021 0.0451689 0.094077
0 0.872757 0.458743 0.0443508 0.125961 0.0937051
56 0.454074 0.561054 0.0513384 0.0753667 0.0881995
56 0.401355 0.672152 0.139064 0.0760655 0.0881515
56 0.441754 0.562301 0.0767536 0.075096 0.0850121
56 0.141264 0.961128 0.280278 0.0767595 0.0826697
25 0.778751 0.341487 0.0958721 0.185932 0.0809145
39 0.545187 0.913139 0.019142 0.0609968 0.0786871
56 0.397753 0.68086 0.15418 0.288069 0.0757233
0 0.965021 0.406323 0.0177586 0.0745635 0.0679817
56 0.576472 0.83319 0.393769 0.222438 0.06602
25 0.503838 0.301898 0.145836 0.0666724 0.0659874
56 0.397801 0.660446 0.121648 0.059811 0.0640868
56 0.522398 0.834593 0.196357 0.209017 0.0625717
25 0.571205 0.361256 0.0903242 0.0911667 0.0620815
0 0.983869 0.469079 0.0315481 0.0696407 0.0598949
0 0.968073 0.507063 0.0579153 0.107169 0.0586737
0 0.201002 0.62181 0.0871915 0.182768 0.0585312
0 0.492668 0.467915 0.0444218 0.093296 0.057988
56 0.397249 0.640676 0.144131 0.166458 0.05734
0 0.873176 0.430846 0.0380451 0.0747159 0.0571065
56 0.11378 0.658822 0.184555 0.210865 0.0570326
0 0.868715 0.520514 0.0753916 0.0802551 0.0568576
25 0.469624 0.364851 0.112438 0.123263 0.0568179
56 0.490727 0.556551 0.120293 0.0826879 0.0558721
56 0.49812 0.554238 0.099385 0.0675153 0.0546079
56 0.399054 0.630939 0.108155 0.0695989 0.0545648
0 0.983948 0.428407 0.0303146 0.135207 0.0541267
24 0.196579 0.950479 0.0823177 0.0822598 0.0529188
26 0.584598 0.549088 0.0236656 0.0572909 0.0511987
0 0.491061 0.479543 0.0517239 0.117698 0.049736
56 0.140502 0.660092 0.150479 0.194252 0.0487421
56 0.937668 0.532493 0.0442287 0.0581893 0.0483363
0 0.397383 0.547156 0.131426 0.110953 0.0475873
56 0.405815 0.686865 0.146786 0.0802434 0.044271
25 0.424356 0.382529 0.230454 0.211646 0.0441943
0 0.0871092 0.118883 0.0294251 0.0783952 0.0426978
56 0.677463 0.443277 0.174729 0.278185 0.0418653
56 0.138132 0.875406 0.27612 0.171086 0.0418025
0 0.501959 0.472909 0.0602689 0.107742 0.0413474
56 0.422498 0.550228 0.112222 0.0969217 0.0412651
0 0.963303 0.40431 0.0261623 0.0843298 0.0394904
56 0.5076 0.536631 0.0763447 0.0655803 0.0391828
56 0.187434 0.857529 0.201133 0.131718 0.0388547
56 0.750114 0.461122 0.0267118 0.10558 0.0387892
56 0.223268 0.854192 0.1225 0.135753 0.0370455
0 0.881416 0.460017 0.0308962 0.128854 0.0362779
0 0.508324 0.460982 0.0437671 0.0938894 0.0356762
56 0.508458 0.558949 0.0769484 0.0416308 0.0350244
56 0.360439 0.742703 0.0941579 0.182032 0.0345314
56 0.415467 0.592819 0.123644 0.0729987 0.0344025
0 0.215514 0.628762 0.0615209 0.1672 0.0342301
0 0.870657 0.393128 0.0345791 0.101251 0.0340966
8 0.692254 0.210503 0.0614561 0.199415 0.0339829
0 0.872618 0.368978 0.038201 0.087613 0.0337862
25 0.64448 0.323505 0.0902785 0.0484208 0.0331383
0 0.609829 0.422674 0.0320816 0.0857482 0.0319085
56 0.62729 0.481535 0.0641273 0.058726 0.0316083
0 0.860922 0.508236 0.0602238 0.102026 0.0312341
56 0.411475 0.710907 0.138196 0.0867568 0.0312219
26 0.77175 0.513116 0.0365567 0.0843573 0.0308775
26 0.0648919 0.822257 0.0772208 0.0936981 0.0306745
0 0.946829 0.515572 0.0590078 0.0855554 0.0294382
56 0.387813 0.597742 0.0984534 0.0594352 0.0290021
25 0.620673 0.3649 0.0472533 0.0938858 0.0287678
25 0.254549 0.384416 0.46384 0.270569 0.0283774
39 0.514973 0.887381 0.0209305 0.0748414 0.0279476
56 0.409875 0.692705 0.130354 0.0629777 0.0275716
25 0.74115 0.302356 0.043862 0.0277551 0.0273385
0 0.86446 0.48902 0.0613312 0.0982132 0.0270311
0 0.974539 0.473489 0.0496532 0.0748596 0.0268746
25 0.381758 0.315968 0.148396 0.100858 0.0268513
25 0.611059 0.350056 0.0565866 0.0696181 0.026586
0 0.973785 0.487703 0.0500698 0.130214 0.0265392
56 0.942069 0.526202 0.0474297 0.0673517 0.0256816
26 0.219066 0.952961 0.12484 0.0880542 0.0256659
56 0.0762363 0.963521 0.151976 0.072229 0.0256188
0 0.38189 0.952056 0.141161 0.0951575 0.0254492
25 0.697477 0.339278 0.0752009 0.457753 0.0252185
26 0.0765236 0.82212 0.052372 0.0937566 0.0251923
56 0.508334 0.528255 0.0688591 0.052033 0.0251398
56 0.381509 0.575456 0.0970187 0.0883476 0.0251263
0 0.510701 0.468909 0.0593186 0.115664 0.0250153
56 0.752257 0.44986 0.0276323 0.0882314 0.024812
56 0.480979 0.830764 0.281926 0.220131 0.024539
56 0.167161 0.74565 0.156335 0.200774 0.0243383
0 0.968263 0.429056 0.0365715 0.129728 0.0243053
25 0.704019 0.443136 0.126093 0.280415 0.0241742
0 0.96044 0.412993 0.0228306 0.0841019 0.0239751
56 0.644916 0.495686 0.11392 0.169801 0.0237757
56 0.685719 0.881353 0.175096 0.120488 0.0234095
25 0.336385 0.524119 0.307034 0.509965 0.0233724
0 0.98431 0.455059 0.0302364 0.0634418 0.0230111
32 0.897903 0.909183 0.0482672 0.106894 0.0229408
0 0.946355 0.511324 0.0967392 0.105583 0.0228293
56 0.335892 0.671956 0.283035 0.343984 0.0227042
56 0.209255 0.71739 0.239804 0.280558 0.022139
14 0.930764 0.741575 0.0184364 0.0200077 0.0219789
0 0.502972 0.489441 0.0775801 0.130465 0.0216519
0 0.942069 0.526202 0.0474297 0.0673517 0.0216363
56 0.401781 0.617838 0.0875738 0.0592235 0.02148
8 0.152985 0.137523 0.299549 0.264238 0.0214496
56 0.672369 0.525566 0.0568127 0.111793 0.021315
0 0.0837792 0.133491 0.0320744 0.109646 0.0212021
56 0.411991 0.739488 0.150007 0.13916 0.0211931
25 0.253942 0.583679 0.464853 0.639837 0.0210031
0 0.985399 0.523693 0.028956 0.0768285 0.0206912
56 0.0696265 0.65704 0.11282 0.210627 0.0206897
25 0.49821 0.354931 0.0924704 0.0948812 0.0206391
56 0.389401 0.544187 0.106421 0.0986673 0.020513
39 0.878593 0.925707 0.0113918 0.0644187 0.0204521
56 0.334994 0.717454 0.291247 0.243146 0.0202961
0 0.900795 0.51235 0.139634 0.105702 0.0197424
56 0.410318 0.540917 0.11251 0.0763558 0.0195596
56 0.554818 0.837581 0.129894 0.205072 0.0193651
25 0.712686 0.327661 0.0637279 0.0472844 0.0188873
56 0.92561 0.512656 0.0724991 0.0981564 0.0188487
56 0.45671 0.531235 0.0511654 0.0800973 0.0186101
56 0.873567 0.483412 0.0419468 0.0955803 0.0185477
0 0.86611 0.422703 0.0399837 0.0757678 0.0184524
25 0.411076 0.420364 0.203093 0.29356 0.0182225
0 0.386637 0.935739 0.127084 0.126815 0.0179232
56 0.758877 0.440773 0.036298 0.104131 0.017849
56 0.500975 0.495812 0.0863816 0.128055 0.017716
56 0.489706 0.539962 0.0983603 0.0757701 0.0174256
0 0.515102 0.453431 0.0324521 0.0850568 0.0173576
25 0.709678 0.211696 0.0970123 0.202628 0.0172527
0 0.879954 0.434375 0.0337543 0.0785983 0.0172309
25 0.541052 0.368944 0.175059 0.137495 0.0170568
0 0.606668 0.403127 0.023581 0.0432721 0.0169234
0 0.403016 0.524357 0.0557367 0.0774449 0.0168841
56 0.984326 0.526717 0.0311207 0.0699068 0.0167733
56 0.696405 0.476092 0.0940907 0.149119 0.0165769
56 0.213415 0.784647 0.227081 0.256874 0.0163096
56 0.469164 0.518234 0.0738596 0.0876393 0.0162808
25 0.685145 0.337744 0.126908 0.0804093 0.0161411
56 0.416472 0.577679 0.126365 0.0698031 0.0160695
56 0.437958 0.531956 0.0862938 0.0876006 0.0148696
0 0.391047 0.499695 0.021365 0.0386697 0.0147704
26 0.0526158 0.819189 0.105232 0.101744 0.0146198
56 0.0527664 0.811998 0.105533 0.132979 0.0145763
56 0.488353 0.526281 0.0477842 0.0601136 0.0144383
56 0.869369 0.525114 0.078566 0.0697496 0.0142919
0 0.863786 0.448924 0.050189 0.0986627 0.0141256
56 0.418591 0.786611 0.19235 0.269248 0.0140997
25 0.495309 0.400589 0.11952 0.195041 0.0140049
24 0.476825 0.839748 0.0824301 0.18593 0.0139556
56 0.672122 0.48785 0.0565161 0.183476 0.0137082
56 0.686658 0.536318 0.0837456 0.0987239 0.0136521
25 0.597339 0.379302 0.107663 0.126104 0.0136364
56 0.426485 0.526864 0.0907364 0.0905836 0.0135587
25 0.64464 0.347003 0.120481 0.0899724 0.0135271
25 0.585391 0.399384 0.124568 0.17856 0.0133581
56 0.722081 0.418627 0.0966978 0.227763 0.0132733
0 0.612269 0.408013 0.0426967 0.110981 0.0132191
0 0.332661 0.941954 0.0990805 0.116092 0.0131616
56 0.709823 0.519807 0.0305399 0.06195 0.0127176
56 0.765664 0.475737 0.0510538 0.154312 0.0125416
56 0.0241143 0.624802 0.0352056 0.154112 0.0123759
56 0.170063 0.777254 0.186225 0.220993 0.0122975
56 0.829016 0.928496 0.067643 0.0706071 0.0121486
0 0.39656 0.513023 0.0365738 0.0617298 0.0120274
26 0.22559 0.813315 0.0947487 0.0652244 0.0119874
26 0.21016 0.837385 0.0646075 0.0932423 0.0119843
56 0.972024 0.52812 0.0523735 0.0666882 0.0118747
56 0.476787 0.519074 0.115339 0.119403 0.0118734
39 0.880765 0.926017 0.0107906 0.0653444 0.0117149
56 0.676691 0.515899 0.0464549 0.0580058 0.0115916
56 0.509162 0.500273 0.0698799 0.0970476 0.0115456
56 0.360077 0.778749 0.260357 0.275884 0.0113134
56 0.765615 0.446233 0.0346125 0.0882708 0.0112841
26 0.568533 0.531897 0.0560769 0.0982007 0.0110259
56 0.745397 0.466118 0.0379799 0.114621 0.0109588
24 0.695675 0.571046 0.0348365 0.0345995 0.0109495
56 0.373164 0.555831 0.0859119 0.0997338 0.0108337
56 0.747857 0.424781 0.0642249 0.161994 0.0107848
56 0.053855 0.63549 0.0923641 0.16973 0.0107346
26 0.784248 0.534966 0.0604538 0.135144 0.0107065
1 0.0228636 0.627948 0.0300463 0.14819 0.0106165
0 0.406231 0.513745 0.0597738 0.0743154 0.0105858
25 0.702861 0.344641 0.125514 0.470981 0.0105315
26 0.4394 0.836751 0.211983 0.195728 0.0105242
56 0.946829 0.515572 0.0590078 0.0855554 0.0102994
56 0.0582021 0.682644 0.106681 0.254914 0.0102966
0 0.956129 0.504023 0.0459721 0.107615 0.0102242
56 0.50211 0.568129 0.0905424 0.0583239 0.0102114
0 0.489906 0.430068 0.0605291 0.203126 0.00997373
0 0.967651 0.523295 0.0626234 0.0736334 0.00996593
0 0.212747 0.248328 0.0199117 0.0492251 0.00980639
25 0.5502 0.401034 0.166293 0.191402 0.00957644
56 0.511355 0.550818 0.0737251 0.0416487 0.00952342
56 0.408266 0.693732 0.152517 0.169218 0.00947765
56 0.17323 0.738901 0.131887 0.151174 0.00936756
0 0.745972 0.470667 0.0308815 0.114831 0.00932419
56 0.219362 0.95408 0.138015 0.0896631 0.00929502
56 0.488495 0.49521 0.0567469 0.121537 0.00926718
0 0.740475 0.469913 0.0299524 0.111418 0.00923836
0 0.582652 0.680171 0.0854538 0.226086 0.00922149
56 0.607014 0.479868 0.0405285 0.0643809 0.00922009
25 0.291553 0.379111 0.215453 0.231899 0.00920793
56 0.240988 0.824095 0.190455 0.189955 0.00918072
32 0.898319 0.878883 0.0458355 0.0472535 0.00918055
56 0.424652 0.606839 0.180453 0.180626 0.00917509
0 0.617234 0.418092 0.0483519 0.092333 0.00908098
0 0.151434 0.627012 0.187678 0.197125 0.00898886
26 0.204142 0.820841 0.050972 0.0560298 0.00891852
56 0.440085 0.752678 0.234821 0.228872 0.00889322
56 0.330141 0.73242 0.444224 0.401387 0.00879762
8 0.240638 0.244328 0.476005 0.477422 0.00878266
26 0.0478543 0.865107 0.0944645 0.16636 0.00869992
56 0.458665 0.510467 0.0572126 0.0932441 0.00852191
56 0.989778 0.526301 0.0203079 0.0735026 0.00832543
56 0.765118 0.412634 0.0409298 0.161076 0.0083231
56 0.032251 0.852585 0.0641097 0.140759 0.00831583
56 0.86424 0.482267 0.0606899 0.10088 0.00825858
56 0.171599 0.639196 0.325494 0.494853 0.00825703
26 0.577638 0.490406 0.0576675 0.176237 0.00819647
56 0.0611318 0.656189 0.0778282 0.208499 0.0081825
26 0.243299 0.811553 0.133368 0.0890181 0.00816014
56 0.424387 0.759542 0.123472 0.114413 0.00807443
0 0.0815105 0.13521 0.0221645 0.104569 0.00802231
26 0.240469 0.836657 0.130077 0.0948461 0.00799796
0 0.202846 0.681643 0.0872978 0.293763 0.00797614
56 0.143834 0.716415 0.13565 0.146737 0.0079076
0 0.0770271 0.134101 0.0446248 0.101363 0.00775957
25 0.739619 0.296844 0.0480115 0.0426487 0.00775784
56 0.223973 0.735583 0.21074 0.373608 0.00773987
56 0.24709 0.954779 0.087907 0.0869278 0.00771436
0 0.971127 0.396276 0.0331162 0.083073 0.00767338
25 0.504612 0.377489 0.0980336 0.147172 0.00765213
0 0.966533 0.47791 0.0390741 0.0729289 0.00757003
56 0.717001 0.391716 0.0988085 0.167853 0.00747016
39 0.184046 0.81086 0.0128854 0.0642727 0.00742128
39 0.891741 0.92121 0.0214294 0.0763633 0.00741696
8 0.202049 0.151613 0.393032 0.292014 0.00740901
39 0.584064 0.548893 0.0247635 0.058277 0.00732118
56 0.614278 0.484152 0.0847385 0.0687061 0.00725806
25 0.589357 0.367539 0.0811325 0.101532 0.0072462
56 0.442715 0.510791 0.0757285 0.0947718 0.00712743
56 0.723811 0.479118 0.0566494 0.133597 0.00709823
56 0.401082 0.700958 0.161451 0.102649 0.00705153
