0 0.505889 0.624001 0.168743 0.496214 0.917603
0 0.64976 0.763458 0.208503 0.464992 0.901591
0 0.745854 0.7103 0.118528 0.51185 0.868609
0 0.0313003 0.77829 0.0623967 0.427863 0.84329
34 0.0508824 0.914892 0.0507379 0.14995 0.547267
35 0.720623 0.775076 0.0512442 0.0670924 0.17283
35 0.570621 0.559741 0.0282123 0.0479362 0.166772
35 0.597073 0.809649 0.0317969 0.0919755 0.0971946
34 0.0553604 0.926879 0.0415357 0.121526 0.0713659
34 0.71109 0.884215 0.0238747 0.145864 0.0557047
35 0.722239 0.789008 0.0460627 0.0776029 0.055375
35 0.758102 0.602715 0.0389289 0.0855164 0.0475386
0 0.735551 0.851995 0.0860831 0.233104 0.03991
35 0.759342 0.612189 0.0377439 0.0625214 0.0390075
0 0.720692 0.848591 0.0597584 0.237756 0.036794
32 0.57023 0.559644 0.0277556 0.0474237 0.0367874
35 0.718406 0.761265 0.0632296 0.0966551 0.0336941
35 0.717617 0.762734 0.0589836 0.0711248 0.0335897
34 0.574136 0.714279 0.0581485 0.0934781 0.0317778
35 0.572171 0.704505 0.059309 0.0873067 0.0228554
35 0.711468 0.752953 0.0510477 0.0861469 0.0226881
34 0.568414 0.698574 0.0642689 0.0972644 0.0185971
35 0.576287 0.722876 0.0566914 0.100202 0.0163311
34 0.788806 0.71019 0.0839439 0.0484192 0.0160357
35 0.724582 0.775654 0.0679113 0.0741358 0.0158395
35 0.768651 0.851651 0.0425661 0.0894871 0.0142284
35 0.58331 0.732913 0.0425547 0.0893921 0.0140901
35 0.718581 0.784565 0.0566189 0.102187 0.0139439
34 0.718078 0.878924 0.0370404 0.156747 0.0138864
34 0.720438 0.847128 0.0600169 0.240858 0.0126013
35 0.756313 0.584324 0.0282547 0.0607984 0.0122137
0 0.746428 0.63679 0.11443 0.365601 0.0118275
34 0.571824 0.698475 0.0652369 0.132296 0.0115361
34 0.0330606 0.800756 0.0641217 0.389408 0.0110357
34 0.803919 0.711709 0.0604991 0.0490484 0.0101918
35 0.778712 0.5787 0.0484129 0.0898903 0.00984126
34 0.549392 0.672204 0.060495 0.10444 0.00954568
34 0.710049 0.852536 0.0308733 0.230962 0.00913182
35 0.702597 0.749969 0.0365582 0.0783399 0.00903422
34 0.559086 0.68874 0.0892164 0.143567 0.00844604
35 0.59461 0.775019 0.0312599 0.15634 0.00810584
34 0.723062 0.893032 0.0511957 0.14971 0.00784755
32 0.910989 0.367435 0.0447304 0.0553298 0.00695077
35 0.750581 0.611139 0.0239965 0.0664471 0.00683826
35 0.786678 0.580319 0.0321013 0.0735036 0.00683427
35 0.789138 0.587372 0.0271374 0.0602292 0.00599635
35 0.774972 0.5923 0.0471216 0.0969713 0.005954
0 0.0114979 0.863584 0.0220399 0.269382 0.00570959
35 0.752476 0.625792 0.0297227 0.0452669 0.005593
35 0.562928 0.795926 0.0308628 0.0313932 0.00528979
35 0.769469 0.875209 0.0455578 0.137305 0.00528613
34 0.558928 0.690464 0.0764228 0.111983 0.00524268
35 0.561326 0.696837 0.0772232 0.101956 0.00514525
35 0.758843 0.578109 0.0326365 0.0887666 0.00487205
32 0.541749 0.499513 0.0203581 0.0431792 0.00478816
35 0.756007 0.562035 0.031326 0.0495492 0.00470278
35 0.491857 0.608399 0.0248991 0.0301287 0.00454265
0 0.660077 0.834253 0.179852 0.238703 0.00442135
0 0.771102 0.882355 0.0497889 0.153273 0.00422856
0 0.0161607 0.857743 0.0316303 0.284514 0.00407696
34 0.818044 0.72032 0.0882751 0.0627609 0.00397614
32 0.491857 0.608399 0.0248991 0.0301287 0.00396547
35 0.571202 0.707542 0.0665298 0.115614 0.00378069
38 0.568414 0.698574 0.0642689 0.0972644 0.00371516
34 0.0363366 0.852606 0.033763 0.0730881 0.0036152
35 0.602262 0.812456 0.0425198 0.100789 0.00354278
34 0.582413 0.715902 0.0846317 0.132094 0.00353375
0 0.0140594 0.891515 0.0264484 0.214429 0.00349763
38 0.769383 0.850838 0.0426007 0.0837396 0.00347745
38 0.571824 0.698475 0.0652369 0.132296 0.00327271
35 0.715839 0.795094 0.0685387 0.164262 0.00299498
35 0.0390024 0.849587 0.027977 0.0553141 0.00295034
34 0.0302557 0.837286 0.0406 0.0883171 0.00293204
34 0.56412 0.667362 0.0770923 0.182716 0.00289655
38 0.560322 0.689544 0.0787491 0.118806 0.00282523
35 0.764209 0.606802 0.0550825 0.0760913 0.0027566
34 0.0337958 0.851115 0.0241758 0.0666501 0.00265214
0 0.0201744 0.875817 0.0382943 0.241877 0.00262401
34 0.536568 0.665204 0.044076 0.126217 0.00247347
0 0.746795 0.566056 0.114283 0.22131 0.0024724
35 0.541619 0.49902 0.021379 0.0451182 0.00241336
34 0.543117 0.679267 0.0470945 0.126611 0.00234932
32 0.832019 0.47548 0.0486767 0.0501105 0.00225589
35 0.753516 0.656178 0.0517698 0.0525513 0.00218633
34 0.0443044 0.894013 0.0569403 0.186611 0.00215036
34 0.715236 0.756617 0.0601322 0.0731269 0.00214016
34 0.0241584 0.840448 0.0441203 0.123534 0.00213253
34 0.0244883 0.875416 0.0466994 0.244407 0.00212923
34 0.580448 0.725361 0.0486012 0.0848061 0.00204024
35 0.582413 0.715902 0.0846317 0.132094 0.0020225
35 0.759025 0.791518 0.0359558 0.0516024 0.00197431
0 0.0221269 0.846187 0.0433897 0.307626 0.00191501
35 0.730555 0.766598 0.088642 0.0920122 0.00187367
34 0.0390024 0.849587 0.027977 0.0553141 0.00183451
35 0.723898 0.864995 0.0469633 0.166545 0.00182429
34 0.715839 0.795094 0.0685387 0.164262 0.00180146
35 0.724263 0.813208 0.0504236 0.071932 0.00178653
35 0.0386532 0.836438 0.032339 0.0546182 0.00177586
35 0.570486 0.544511 0.0312777 0.0791552 0.00176623
35 0.0302557 0.837286 0.0406 0.0883171 0.00172785
34 0.665761 0.838535 0.167472 0.24646 0.00170833
35 0.723498 0.850238 0.0523108 0.230233 0.00166821
0 0.0242461 0.791511 0.0483566 0.27147 0.00165841
38 0.0509152 0.915825 0.051431 0.149326 0.00149488
35 0.033691 0.847042 0.0274136 0.0744016 0.00148243
38 0.56412 0.667362 0.0770923 0.182716 0.00144327
0 0.645336 0.748304 0.193787 0.248382 0.00143734
34 0.723581 0.877622 0.0448832 0.0967183 0.00142735
34 0.705232 0.882154 0.0355946 0.146108 0.00142559
35 0.75727 0.779558 0.0392563 0.0703326 0.00140935
26 0.596727 0.809919 0.0315786 0.0935237 0.00139883
35 0.761553 0.800594 0.0525707 0.0561456 0.00137505
0 0.725132 0.759932 0.078343 0.411658 0.00136983
35 0.76595 0.818866 0.0498001 0.10892 0.00136885
35 0.491473 0.60312 0.0247636 0.0314756 0.00136456
0 0.564403 0.680152 0.48535 0.486905 0.00132489
34 0.518345 0.661256 0.0854204 0.126167 0.00131246
0 0.754002 0.731485 0.0577049 0.227193 0.00122759
34 0.701155 0.863124 0.0496494 0.194022 0.00120914
34 0.723898 0.864995 0.0469633 0.166545 0.00118923
34 0.794473 0.721602 0.142102 0.0731967 0.00114381
35 0.782646 0.60898 0.039789 0.0579285 0.00113437
0 0.593614 0.836551 0.0533699 0.307171 0.00113082
34 0.778369 0.704561 0.0871529 0.0420254 0.00112423
29 0.541619 0.49902 0.021379 0.0451182 0.00112197
32 0.491473 0.60312 0.0247636 0.0314756 0.00112119
0 0.617306 0.749535 0.147666 0.233764 0.00108021
38 0.769469 0.875209 0.0455578 0.137305 0.00107744
35 0.723581 0.877622 0.0448832 0.0967183 0.00107032
35 0.764624 0.560211 0.0258616 0.0540639 0.00105318
0 0.692018 0.5962 0.0208115 0.0510536 0.00104582
32 0.721631 0.778201 0.0492245 0.0732745 0.00103745
35 0.45973 0.572082 0.0205372 0.0239965 0.00103274
34 0.0386532 0.836438 0.032339 0.0546182 0.00100648
