71 0.290295 0.61242 0.214918 0.0462313 0.791406
41 0.110922 0.887876 0.0496488 0.047983 0.188775
39 0.412224 0.33393 0.0478295 0.064419 0.147872
41 0.160679 0.881235 0.0510761 0.0489937 0.145381
72 0.865346 0.490425 0.269308 0.965484 0.0716066
73 0.45516 0.615205 0.122756 0.0213827 0.0264238
39 0.376084 0.291705 0.0494957 0.0707591 0.0250459
71 0.292792 0.602416 0.197589 0.0243957 0.0174773
45 0.290295 0.61242 0.214918 0.0462313 0.0142021
75 0.235423 0.310037 0.0483776 0.0407496 0.00737685
75 0.413339 0.333494 0.0486911 0.0639061 0.00677022
39 0.439529 0.561877 0.0224132 0.0579088 0.00674394
41 0.280686 0.351828 0.0445004 0.0361094 0.00606087
71 0.221353 0.904535 0.442706 0.145476 0.00591677
41 0.0422612 0.60514 0.0379893 0.062865 0.00569469
41 0.61445 0.712276 0.0627884 0.0429023 0.00567913
73 0.10765 0.650058 0.160615 0.0274277 0.00457779
71 0.454789 0.615142 0.122253 0.0234313 0.00455469
45 0.269877 0.859945 0.16377 0.0626152 0.00452781
45 0.61322 0.706635 0.0699288 0.0531578 0.00452316
73 0.61445 0.712276 0.0627884 0.0429023 0.00414026
41 0.0532204 0.621862 0.0575184 0.0482173 0.00401396
41 0.0689683 0.623245 0.0273902 0.0345026 0.00399166
73 0.455155 0.620978 0.12607 0.0259406 0.00361344
41 0.0321081 0.604243 0.02604 0.0640375 0.00360695
39 0.61445 0.712276 0.0627884 0.0429023 0.0031029
73 0.602146 0.715518 0.0822121 0.0421848 0.00299266
39 0.110992 0.887803 0.0498288 0.048116 0.00287461
41 0.0545171 0.604867 0.0523806 0.0639268 0.00276631
39 0.438777 0.554143 0.0211445 0.0407981 0.00261545
39 0.45264 0.358173 0.0400442 0.0962064 0.00258788
45 0.111148 0.887777 0.0503634 0.0479599 0.00255358
45 0.280948 0.351832 0.0453193 0.0366471 0.0024797
41 0.0261885 0.608483 0.0280223 0.0744429 0.00244862
39 0.0348282 0.609788 0.0320488 0.0729643 0.00237581
39 0.445378 0.568475 0.0358747 0.0738922 0.00230598
41 0.0731053 0.626696 0.0337062 0.0323422 0.00228065
41 0.0375622 0.608615 0.0356135 0.0721737 0.00221819
71 0.289241 0.577345 0.223405 0.118042 0.00220492
41 0.063426 0.608137 0.0402087 0.0598059 0.0021905
41 0.0475683 0.609011 0.0541874 0.0708889 0.00214329
73 0.457479 0.611052 0.110881 0.0226672 0.00202602
71 0.279696 0.655008 0.527866 0.134891 0.00201705
41 0.543032 0.604175 0.0244394 0.0290817 0.00195977
41 0.110148 0.62685 0.1175 0.0319194 0.00193173
39 0.160905 0.88121 0.0502495 0.0488716 0.00184041
45 0.16042 0.881479 0.0514396 0.0486254 0.00180426
39 0.0694174 0.624601 0.0275633 0.0344702 0.00178114
73 0.102945 0.642317 0.163983 0.0469086 0.00172091
73 0.124614 0.628981 0.0856098 0.027121 0.00171265
73 0.453236 0.597806 0.0751922 0.0251282 0.00169751
39 0.382515 0.312434 0.0669161 0.110497 0.00168088
39 0.549841 0.576365 0.0390992 0.0856617 0.00164431
41 0.545442 0.600925 0.0274733 0.0331802 0.00162408
75 0.3762 0.291909 0.0495948 0.0718169 0.0016163
73 0.451665 0.620535 0.116032 0.0188707 0.00161237
45 0.0985673 0.632549 0.145049 0.0413021 0.00160119
45 0.112567 0.629299 0.116562 0.0290633 0.001555
71 0.0481905 0.924341 0.0955716 0.0482758 0.00154227
73 0.639874 0.519627 0.0635975 0.0682049 0.00149062
73 0.103573 0.655797 0.170593 0.038553 0.00148362
39 0.0532204 0.621862 0.0575184 0.0482173 0.00147986
41 0.0201905 0.610227 0.0365337 0.0762087 0.00146729
41 0.413059 0.333465 0.0481455 0.0635776 0.00146222
71 0.312318 0.620974 0.476371 0.0903387 0.00144434
26 0.60374 0.711468 0.0881817 0.0592525 0.00144348
71 0.29539 0.636949 0.569874 0.10367 0.00142276
43 0.451665 0.620535 0.116032 0.0188707 0.00139815
40 0.413059 0.333465 0.0481455 0.0635776 0.00133127
45 0.45516 0.615205 0.122756 0.0213827 0.0013195
40 0.0439496 0.603137 0.0423855 0.0635082 0.00131875
46 0.124812 0.628965 0.0830279 0.0246448 0.00131369
29 0.290295 0.61242 0.214918 0.0462313 0.00128883
73 0.603943 0.70848 0.0881631 0.0568497 0.00128776
0 0.709469 0.520438 0.0620814 0.166104 0.00127617
73 0.27032 0.85978 0.164396 0.0633004 0.00125679
39 0.543032 0.604175 0.0244394 0.0290817 0.00123543
46 0.104928 0.648835 0.163177 0.0232234 0.00121915
45 0.125014 0.628377 0.0824813 0.0286731 0.00119829
71 0.271331 0.648397 0.294616 0.122333 0.00116467
40 0.0321081 0.604243 0.02604 0.0640375 0.00114244
73 0.667905 0.718391 0.0332923 0.0237973 0.00113067
0 0.666688 0.516081 0.147577 0.176023 0.00112647
52 0.63964 0.519513 0.0632575 0.0690056 0.00111723
41 0.6142 0.705622 0.0695741 0.0522696 0.00110433
71 0.289614 0.678922 0.577498 0.196095 0.00108451
41 0.0704816 0.621125 0.0402991 0.0371864 0.00106767
73 0.112567 0.629299 0.116562 0.0290633 0.00104377
0 0.528345 0.402805 0.064677 0.0791567 0.00101921
