33 0.696969 0.468673 0.0204994 0.0339649 0.673004
33 0.686259 0.206034 0.0245554 0.0351418 0.671222
0 0.393922 0.770412 0.013273 0.0467629 0.618306
33 0.130252 0.806904 0.0660914 0.0350544 0.504547
0 0.371175 0.765375 0.0189037 0.0537052 0.367157
0 0.344563 0.771493 0.0153701 0.0488696 0.255667
0 0.34147 0.77061 0.0110088 0.0490186 0.244106
0 0.612446 0.772083 0.0136003 0.0300651 0.199135
33 0.443857 0.594474 0.0148676 0.0136593 0.193963
33 0.612738 0.663553 0.0271759 0.027772 0.177881
0 0.180448 0.766319 0.0152592 0.0482531 0.174503
0 0.537879 0.756633 0.0118229 0.0361833 0.162701
0 0.630005 0.775777 0.0133224 0.0279595 0.15669
33 0.459743 0.494686 0.0162311 0.0151697 0.14586
0 0.639935 0.775662 0.017128 0.0289794 0.139838
0 0.433774 0.776573 0.0114614 0.028472 0.132829
0 0.190668 0.75782 0.0113702 0.0379734 0.13278
0 0.349567 0.767089 0.014391 0.0502376 0.130509
0 0.881084 0.757518 0.0114426 0.0300205 0.115324
0 0.352604 0.761133 0.0149802 0.0591277 0.104308
0 0.129932 0.765325 0.0152001 0.022289 0.103374
0 0.478173 0.761165 0.0111158 0.0416996 0.103201
33 0.469841 0.495635 0.0360158 0.0190173 0.0942737
0 0.188221 0.767704 0.0114832 0.0484218 0.0935568
0 0.614594 0.773029 0.0135886 0.0291159 0.0905146
0 0.881544 0.77184 0.0144096 0.0589115 0.090173
0 0.379084 0.768783 0.0105754 0.0452606 0.088291
0 0.218125 0.758546 0.0138112 0.0243271 0.0867959
0 0.57906 0.765252 0.0189017 0.0440186 0.0818771
0 0.853524 0.758104 0.014839 0.0360092 0.0809473
0 0.883752 0.791381 0.0136662 0.024853 0.0781734
0 0.191431 0.764972 0.0143721 0.0505149 0.0725574
0 0.0865573 0.781251 0.0195759 0.0356254 0.0721208
0 0.37825 0.767796 0.0156218 0.0477132 0.0707828
0 0.206101 0.761853 0.00833564 0.0322444 0.0696487
0 0.579836 0.771981 0.0195544 0.0340533 0.0683711
0 0.532609 0.757411 0.0139618 0.0355371 0.0663867
0 0.845517 0.778856 0.018713 0.0428002 0.0625488
2 0.0157673 0.769117 0.0263609 0.0116954 0.062367
0 0.920049 0.762932 0.00986252 0.0223574 0.059955
0 0.415653 0.775384 0.0124753 0.037142 0.0594209
0 0.846443 0.757278 0.0162659 0.0373646 0.0582612
0 0.854964 0.771519 0.0209011 0.0563859 0.0569019
0 0.818671 0.755337 0.0108646 0.0415878 0.0568308
0 0.0799366 0.72959 0.0142834 0.0288904 0.0544713
0 0.172916 0.765082 0.0184929 0.0459056 0.0534645
0 0.633726 0.777922 0.0206884 0.0286646 0.0528941
2 0.0870527 0.780847 0.020799 0.0367942 0.052659
0 0.328452 0.759617 0.00889902 0.034836 0.0520614
0 0.580884 0.776726 0.0179911 0.0269176 0.0443659
0 0.460952 0.775783 0.0146336 0.0201921 0.0440531
0 0.847851 0.784994 0.0240191 0.0355701 0.041721
0 0.36818 0.760413 0.0157626 0.0560445 0.0410406
0 0.16808 0.774853 0.0133699 0.0263273 0.0385263
0 0.87147 0.770852 0.0132462 0.0266133 0.0373264
0 0.539919 0.764506 0.0149361 0.0431998 0.0355466
0 0.381246 0.769164 0.0104431 0.0491118 0.0353541
0 0.329676 0.762329 0.00829582 0.036443 0.0329106
2 0.706954 0.773155 0.0215199 0.0115071 0.030319
0 0.217343 0.763098 0.0230131 0.0327077 0.0283751
33 0.13032 0.794526 0.0678403 0.058525 0.0272294
33 0.612704 0.657379 0.0280958 0.0407618 0.0270507
0 0.527374 0.762091 0.0148049 0.0384902 0.0257764
0 0.418732 0.770796 0.0172907 0.0287343 0.0257027
0 0.818046 0.762136 0.0118313 0.0427988 0.0239561
0 0.353427 0.748966 0.0163664 0.0406488 0.0238294
0 0.875265 0.764051 0.0207777 0.0377045 0.0237901
0 0.645003 0.72234 0.0115463 0.0257759 0.0228761
0 0.211271 0.771142 0.0113059 0.0332411 0.022778
0 0.192157 0.781454 0.0121037 0.019455 0.022504
33 0.865106 0.789892 0.0560474 0.0292464 0.0212643
33 0.86409 0.783331 0.0543806 0.0426419 0.0212205
2 0.940235 0.762724 0.0523628 0.024665 0.02106
2 0.457329 0.775015 0.0218795 0.0223006 0.0207271
2 0.731316 0.773615 0.0161374 0.0169547 0.0202216
0 0.523873 0.759135 0.0149963 0.0367024 0.019964
0 0.464169 0.774156 0.0148102 0.0230284 0.0193491
0 0.864103 0.789286 0.0544279 0.0284076 0.0191346
2 0.941269 0.767748 0.0265066 0.0130812 0.0182661
0 0.457329 0.775015 0.0218795 0.0223006 0.0177453
0 0.610281 0.768393 0.0161727 0.0365973 0.0175765
24 0.0865573 0.781251 0.0195759 0.0356254 0.0168405
0 0.199034 0.763669 0.0116967 0.0373056 0.0165157
1 0.192157 0.781454 0.0121037 0.019455 0.0164937
0 0.576784 0.769453 0.0196604 0.0368841 0.0163822
0 0.301017 0.762884 0.0107292 0.022678 0.015179
0 0.156568 0.730784 0.00677943 0.0258495 0.0149464
33 0.087138 0.781028 0.0206678 0.0380832 0.0148665
0 0.5541 0.723231 0.00995903 0.0287758 0.0148069
33 0.283718 0.576965 0.0145232 0.0198861 0.0146128
33 0.666383 0.831449 0.0155731 0.0139223 0.0145845
0 0.523952 0.767976 0.0164204 0.0281848 0.0137436
0 0.928379 0.761926 0.0269625 0.0232447 0.0136254
0 0.212501 0.755927 0.0103948 0.0319913 0.0133624
0 0.442791 0.77445 0.0119852 0.0230854 0.0133254
0 0.130601 0.807147 0.066747 0.0337847 0.012948
3 0.0865573 0.781251 0.0195759 0.0356254 0.012751
33 0.649704 0.831276 0.0502755 0.0152815 0.0122802
0 0.322801 0.759299 0.0154977 0.0292897 0.0120001
1 0.180741 0.767781 0.0145427 0.0469567 0.0114086
0 0.320763 0.763198 0.0105818 0.027854 0.0112379
0 0.172533 0.77741 0.0229782 0.0278414 0.0110847
3 0.580884 0.776726 0.0179911 0.0269176 0.0110744
0 0.745047 0.740378 0.00962191 0.0259411 0.0109136
0 0.705629 0.719508 0.0147579 0.0263591 0.0106056
0 0.227383 0.770057 0.0138308 0.0200232 0.0105569
1 0.864103 0.789286 0.0544279 0.0284076 0.0102464
3 0.86409 0.783331 0.0543806 0.0426419 0.0101797
1 0.580884 0.776726 0.0179911 0.0269176 0.00992498
2 0.460952 0.775783 0.0146336 0.0201921 0.00977471
3 0.130377 0.807921 0.0659393 0.0321584 0.00968623
2 0.445722 0.734447 0.0124146 0.0161926 0.0093869
56 0.087138 0.781028 0.0206678 0.0380832 0.0091987
0 0.831982 0.756157 0.00974312 0.0225137 0.00891137
0 0.225183 0.762535 0.01797 0.0311683 0.00885847
0 0.369558 0.740307 0.0139246 0.0220859 0.00880083
3 0.579836 0.771981 0.0195544 0.0340533 0.0084365
33 0.167427 0.771372 0.0156602 0.0360417 0.00822777
33 0.704552 0.468075 0.0348385 0.0359628 0.00812992
2 0.774848 0.77263 0.0547684 0.0131585 0.00796458
8 0.129588 0.807877 0.0650963 0.0343776 0.0078342
1 0.130377 0.807921 0.0659393 0.0321584 0.00771451
0 0.431876 0.765516 0.0106129 0.0352535 0.00770399
33 0.443783 0.591847 0.014624 0.0168697 0.007682
2 0.0368107 0.767463 0.0173364 0.0111834 0.00766188
8 0.0157673 0.769117 0.0263609 0.0116954 0.00745907
2 0.928379 0.761926 0.0269625 0.0232447 0.00736269
33 0.450784 0.602399 0.0207593 0.0197745 0.00733805
33 0.445722 0.734447 0.0124146 0.0161926 0.00722241
0 0.354469 0.765617 0.0189484 0.0576109 0.0071817
7 0.0872889 0.780691 0.0195322 0.036408 0.0070872
0 0.167427 0.771372 0.0156602 0.0360417 0.0070267
1 0.211271 0.771142 0.0113059 0.0332411 0.00700787
2 0.016589 0.769757 0.0318161 0.0144174 0.00699428
33 0.692035 0.468789 0.0298552 0.0350138 0.00696686
0 0.351166 0.761935 0.0227179 0.0653416 0.00687999
1 0.457329 0.775015 0.0218795 0.0223006 0.00666788
1 0.16808 0.774853 0.0133699 0.0263273 0.0065974
2 0.950534 0.765858 0.0718868 0.0219361 0.00626105
0 0.863325 0.784913 0.0544407 0.0403762 0.00608724
0 0.123401 0.769195 0.0282962 0.015633 0.00591457
24 0.130377 0.807921 0.0659393 0.0321584 0.00583014
1 0.227383 0.770057 0.0138308 0.0200232 0.00570554
1 0.86409 0.783331 0.0543806 0.0426419 0.0056358
1 0.217343 0.763098 0.0230131 0.0327077 0.00563261
0 0.615853 0.776251 0.0126154 0.0318293 0.00559503
0 0.450331 0.771482 0.0202404 0.0354885 0.00550419
33 0.457675 0.648262 0.00984783 0.0882705 0.00544947
33 0.283918 0.572606 0.0146523 0.0230817 0.00532782
1 0.847851 0.784994 0.0240191 0.0355701 0.00531554
1 0.205862 0.76699 0.00898919 0.0425207 0.00513858
0 0.606648 0.721435 0.0137381 0.0230713 0.00512213
3 0.87147 0.770852 0.0132462 0.0266133 0.00501609
25 0.129588 0.807877 0.0650963 0.0343776 0.00500044
3 0.864103 0.789286 0.0544279 0.0284076 0.0049904
3 0.457329 0.775015 0.0218795 0.0223006 0.00497195
0 0.201787 0.779377 0.0153411 0.0237949 0.00497052
33 0.470578 0.499286 0.0381254 0.0258029 0.00489894
2 0.787823 0.773394 0.0271673 0.0132419 0.00489157
33 0.731316 0.773615 0.0161374 0.0169547 0.00481686
33 0.847851 0.784994 0.0240191 0.0355701 0.00472635
7 0.888314 0.717953 0.0532812 0.0423287 0.00467217
2 0.704021 0.773183 0.0333982 0.0117517 0.00464788
0 0.745046 0.743186 0.0112902 0.0333352 0.00463161
0 0.578916 0.763329 0.0237772 0.0518914 0.00456768
56 0.192157 0.781454 0.0121037 0.019455 0.00452018
1 0.460952 0.775783 0.0146336 0.0201921 0.00434285
0 0.818417 0.748574 0.0119881 0.0383673 0.00429112
1 0.201787 0.779377 0.0153411 0.0237949 0.00429037
7 0.445722 0.734447 0.0124146 0.0161926 0.0042699
1 0.464169 0.774156 0.0148102 0.0230284 0.00422463
9 0.445722 0.734447 0.0124146 0.0161926 0.00422055
0 0.400357 0.770905 0.0204619 0.0431747 0.00418824
33 0.618207 0.663418 0.0386908 0.0303211 0.0041863
4 0.459743 0.494686 0.0162311 0.0151697 0.00413421
25 0.445722 0.734447 0.0124146 0.0161926 0.00405088
56 0.87147 0.770852 0.0132462 0.0266133 0.00401849
14 0.459743 0.494686 0.0162311 0.0151697 0.00388083
3 0.192157 0.781454 0.0121037 0.019455 0.00384101
3 0.205862 0.76699 0.00898919 0.0425207 0.00383931
3 0.180741 0.767781 0.0145427 0.0469567 0.00378564
2 0.865106 0.789892 0.0560474 0.0292464 0.00373161
3 0.853524 0.758104 0.014839 0.0360092 0.00370431
0 0.731316 0.773615 0.0161374 0.0169547 0.00366318
0 0.303742 0.758507 0.0123346 0.0239001 0.00365582
33 0.862795 0.769719 0.0533472 0.0562179 0.00365406
2 0.759824 0.772356 0.0818848 0.0158368 0.00362787
1 0.87147 0.770852 0.0132462 0.0266133 0.00362274
1 0.0865573 0.781251 0.0195759 0.0356254 0.00355524
3 0.854964 0.771519 0.0209011 0.0563859 0.00354767
19 0.130155 0.807254 0.0659835 0.0349335 0.00351796
33 0.787823 0.773394 0.0271673 0.0132419 0.00351405
3 0.217343 0.763098 0.0230131 0.0327077 0.00345463
5 0.888314 0.717953 0.0532812 0.0423287 0.00342381
0 0.420929 0.765504 0.0215083 0.0313675 0.00341761
8 0.942153 0.760818 0.0568459 0.025442 0.00339472
5 0.914243 0.718588 0.110202 0.0482765 0.00339442
3 0.211271 0.771142 0.0113059 0.0332411 0.0033848
2 0.418732 0.770796 0.0172907 0.0287343 0.00335136
3 0.16808 0.774853 0.0133699 0.0263273 0.00333747
2 0.716663 0.7739 0.0470177 0.0167804 0.00330842
2 0.0623356 0.729668 0.0549102 0.0302288 0.0033004
2 0.0981767 0.774729 0.041574 0.0231666 0.00328532
0 0.472697 0.757483 0.0208061 0.0327599 0.00326678
56 0.865106 0.789892 0.0560474 0.0292464 0.00320345
1 0.188221 0.767704 0.0114832 0.0484218 0.00316998
3 0.638796 0.778354 0.0204811 0.0295099 0.00314879
56 0.180741 0.767781 0.0145427 0.0469567 0.00312307
56 0.460952 0.775783 0.0146336 0.0201921 0.00308996
33 0.883752 0.791381 0.0136662 0.024853 0.00308508
1 0.579836 0.771981 0.0195544 0.0340533 0.00302324
2 0.16808 0.774853 0.0133699 0.0263273 0.003012
2 0.304755 0.767147 0.0160974 0.0152448 0.00300547
1 0.0799366 0.72959 0.0142834 0.0288904 0.00299311
2 0.322801 0.759299 0.0154977 0.0292897 0.00299019
0 0.81795 0.774928 0.0150406 0.0235476 0.00291753
0 0.81844 0.752619 0.0170673 0.0392184 0.00291678
33 0.465455 0.49894 0.0302941 0.0243184 0.00291324
1 0.172533 0.77741 0.0229782 0.0278414 0.00290388
3 0.847851 0.784994 0.0240191 0.0355701 0.00289539
8 0.941269 0.767748 0.0265066 0.0130812 0.00289485
33 0.609681 0.699143 0.0188601 0.0109276 0.00288388
24 0.580884 0.776726 0.0179911 0.0269176 0.00285098
56 0.191431 0.764972 0.0143721 0.0505149 0.00281128
7 0.0157673 0.769117 0.0263609 0.0116954 0.00276986
2 0.453724 0.734412 0.0283648 0.0197241 0.0027388
33 0.620025 0.669383 0.0415958 0.0327709 0.00272644
7 0.0708906 0.730143 0.0757872 0.0346343 0.00271183
2 0.464169 0.774156 0.0148102 0.0230284 0.00268146
0 0.544796 0.777395 0.0132756 0.0374359 0.00267032
1 0.633726 0.777922 0.0206884 0.0286646 0.00266984
56 0.130773 0.804052 0.0682092 0.0391448 0.00266662
3 0.57906 0.765252 0.0189017 0.0440186 0.00265691
56 0.205862 0.76699 0.00898919 0.0425207 0.00264862
0 0.482283 0.766694 0.01693 0.0372012 0.00264031
3 0.227383 0.770057 0.0138308 0.0200232 0.00263739
33 0.418732 0.770796 0.0172907 0.0287343 0.002615
0 0.269614 0.737969 0.0101071 0.0211866 0.00261199
3 0.633726 0.777922 0.0206884 0.0286646 0.0025959
3 0.845517 0.778856 0.018713 0.0428002 0.0025942
5 0.0708906 0.730143 0.0757872 0.0346343 0.00257793
8 0.865106 0.789892 0.0560474 0.0292464 0.00257099
56 0.16808 0.774853 0.0133699 0.0263273 0.00256303
2 0.552378 0.772199 0.0219098 0.0168882 0.00254571
2 0.227383 0.770057 0.0138308 0.0200232 0.00252992
33 0.637643 0.775724 0.0198933 0.0303388 0.00250503
1 0.637643 0.775724 0.0198933 0.0303388 0.00247368
26 0.0872889 0.780691 0.0195322 0.036408 0.00246152
1 0.883752 0.791381 0.0136662 0.024853 0.00245857
3 0.881084 0.757518 0.0114426 0.0300205 0.00242352
1 0.191431 0.764972 0.0143721 0.0505149 0.00242218
2 0.442791 0.77445 0.0119852 0.0230854 0.00239521
3 0.218125 0.758546 0.0138112 0.0243271 0.00239268
13 0.304755 0.767147 0.0160974 0.0152448 0.00237611
2 0.123401 0.769195 0.0282962 0.015633 0.00235367
0 0.604294 0.770245 0.0235872 0.0331919 0.00235164
0 0.64404 0.770639 0.019656 0.0310928 0.002334
0 0.168205 0.736757 0.0117662 0.0199465 0.00230774
0 0.850417 0.75366 0.0231833 0.0479805 0.00227681
0 0.449252 0.777816 0.0373159 0.0276623 0.00226924
14 0.686259 0.206034 0.0245554 0.0351418 0.00226316
56 0.580884 0.776726 0.0179911 0.0269176 0.00222102
2 0.707316 0.775773 0.0247371 0.0150059 0.00221354
33 0.457329 0.775015 0.0218795 0.0223006 0.00221342
3 0.188221 0.767704 0.0114832 0.0484218 0.00218904
0 0.408645 0.772467 0.0234732 0.0411009 0.00217754
3 0.630005 0.775777 0.0133224 0.0279595 0.00212666
0 0.610869 0.774759 0.0173118 0.0320947 0.00210312
28 0.0872889 0.780691 0.0195322 0.036408 0.00209773
3 0.875265 0.764051 0.0207777 0.0377045 0.00208995
0 0.885476 0.787967 0.0238579 0.0297809 0.00208107
56 0.211271 0.771142 0.0113059 0.0332411 0.0020633
8 0.445722 0.734447 0.0124146 0.0161926 0.00205478
8 0.950534 0.765858 0.0718868 0.0219361 0.00205049
33 0.460952 0.775783 0.0146336 0.0201921 0.00204805
33 0.606648 0.721435 0.0137381 0.0230713 0.00204003
1 0.845517 0.778856 0.018713 0.0428002 0.0020189
33 0.433858 0.780712 0.0111158 0.0248232 0.001993
7 0.457329 0.775015 0.0218795 0.0223006 0.00198507
56 0.883752 0.791381 0.0136662 0.024853 0.00198272
8 0.86409 0.783331 0.0543806 0.0426419 0.00196269
7 0.914243 0.718588 0.110202 0.0482765 0.00195441
1 0.433858 0.780712 0.0111158 0.0248232 0.00193492
0 0.681749 0.738868 0.00960445 0.022807 0.00193483
2 0.0799366 0.72959 0.0142834 0.0288904 0.00192609
33 0.865418 0.799006 0.0586292 0.0355424 0.00192496
5 0.061768 0.728925 0.0536727 0.0306526 0.00190735
7 0.940235 0.762724 0.0523628 0.024665 0.00189716
33 0.369558 0.740307 0.0139246 0.0220859 0.00189149
56 0.464169 0.774156 0.0148102 0.0230284 0.00186968
33 0.950877 0.763928 0.0760387 0.026135 0.00186837
14 0.696984 0.468553 0.0206656 0.0348459 0.00186282
0 0.445722 0.734447 0.0124146 0.0161926 0.00185996
2 0.579836 0.771981 0.0195544 0.0340533 0.00185555
7 0.061768 0.728925 0.0536727 0.0306526 0.00185308
2 0.62088 0.72219 0.0432688 0.0266033 0.00184852
33 0.677343 0.206945 0.0431953 0.0394672 0.00180912
13 0.942153 0.760818 0.0568459 0.025442 0.00177699
0 0.941269 0.767748 0.0265066 0.0130812 0.00176376
2 0.457244 0.714712 0.0323083 0.0162768 0.0017547
